53 52 0.93443700
53 50 0.02977950
53 51 0.00975075
53 53 0.00466337
134 133 0.75066200
134 134 0.24777500
5 4 0.00398798
5 3 0.04465030
5 5 0.88249400
5 2 0.00072297
121 120 0.50360900
49 48 0.94290600
49 47 0.00124056
49 46 0.03189320
49 49 0.00123318
118 117 0.99963500
52 49 0.00594363
52 51 0.93532900
52 52 0.00384400
52 50 0.00380075
147 146 0.53324000
147 147 0.00340452
127 127 0.00075835
127 126 0.61163000
35 33 0.27346700
35 34 0.47266900
35 35 0.00924795
35 32 0.22403900
62 59 0.00312963
62 60 0.00619110
62 61 0.96947500
7 6 0.01359000
7 7 0.11380300
7 9 0.00055381
7 4 0.01700990
7 5 0.07347290
27 25 0.73305100
27 24 0.26208100
25 22 0.00299003
25 23 0.00695233
17 17 0.00085730
17 15 0.01052000
17 14 0.98131400
17 16 0.00189517
41 38 0.08551920
41 40 0.80089200
41 39 0.09131930
140 139 0.46305300
140 140 0.25370700
137 137 0.00301973
137 136 0.00900612
95 94 0.97950600
138 138 0.26224800
138 137 0.01833670
105 104 0.97905100
112 111 0.46583800
33 30 0.27394400
33 32 0.27189800
33 31 0.42683700
33 33 0.00435946
131 131 0.01536990
131 130 0.14521900
96 95 0.97959300
152 151 0.99779800
111 110 0.99135100
30 27 0.06763970
30 29 0.00492938
30 28 0.09761340
15 15 0.00103858
15 12 0.54843200
15 14 0.00192745
15 13 0.00362397
48 47 0.83690400
48 46 0.00113404
48 45 0.03206610
143 143 0.24736300
143 142 0.48073100
8 6 0.09018170
8 7 0.05167570
8 8 0.01725820
8 10 0.00061264
8 5 0.03816600
108 107 0.79115800
114 113 0.30355100
57 55 0.01827980
57 56 0.94596700
57 54 0.01202580
57 57 0.00297441
58 58 0.00246066
58 57 0.94549400
58 56 0.01898140
58 55 0.01074870
115 114 0.50351800
13 12 0.00301196
13 11 0.00090354
13 13 0.00498902
13 10 0.59639200
6 6 0.75680400
6 5 0.00509352
6 4 0.07625270
6 3 0.00277285
59 56 0.00941846
59 59 0.00175922
59 57 0.02073790
59 58 0.94689700
37 33 0.00069265
37 34 0.17652800
37 35 0.27200600
37 36 0.51588100
37 37 0.01391290
145 145 0.06181280
145 144 0.75350400
93 92 0.97977300
1 1 0.99160000
40 38 0.09808340
40 39 0.76080400
40 40 0.00193407
40 37 0.11724100
102 101 0.97934700
119 118 0.99959200
51 50 0.89562600
51 48 0.03390260
51 51 0.00295663
51 49 0.00284220
97 96 0.97979000
135 134 0.27232500
135 135 0.00307304
91 90 0.97974600
4 2 0.01087080
4 3 0.00134979
4 4 0.90200900
79 78 0.93707900
29 26 0.00362074
29 27 0.00691169
132 131 0.00896420
132 132 0.00225176
78 77 0.98179300
83 82 0.97951100
34 33 0.40563800
34 34 0.00582105
34 31 0.21656600
34 32 0.28589700
76 75 0.98178900
104 104 0.00064967
104 103 0.97880200
18 15 0.54937100
18 17 0.00211936
18 16 0.00054168
70 69 0.93689900
82 81 0.97962000
47 44 0.03284600
47 46 0.82889300
47 45 0.00135699
88 87 0.97976500
109 108 0.73799900
85 84 0.97950800
129 128 0.61755500
129 129 0.01672230
94 93 0.97957000
63 62 0.97791400
63 60 0.00073158
63 61 0.00097986
139 139 0.00318455
139 138 0.70279600
149 148 0.61131100
24 22 0.00857288
24 21 0.00347781
120 119 0.99950500
36 32 0.00060911
36 33 0.18299700
36 34 0.28141800
36 35 0.50293200
36 36 0.01216240
50 47 0.03176770
50 49 0.94143100
50 48 0.00182061
50 50 0.00212719
90 89 0.97966300
2 2 0.98597900
2 1 0.00295835
20 18 0.02957070
20 17 0.68752300
31 31 0.00067167
31 28 0.14187300
31 30 0.01471900
31 29 0.11403300
10 12 0.00062955
10 7 0.81660700
10 8 0.00204782
10 10 0.00944027
10 9 0.00601051
99 98 0.97979300
14 13 0.00244692
14 14 0.00431312
14 12 0.00223064
14 11 0.98379500
68 67 0.97961500
32 29 0.05926980
32 30 0.55349300
32 31 0.14493100
32 32 0.00328219
22 19 0.20518100
22 20 0.50012800
144 143 0.72551700
144 144 0.24173800
19 16 0.44353000
19 17 0.00278600
150 149 0.60758200
146 145 0.93367700
146 146 0.02400520
39 35 0.00057961
39 38 0.64429400
39 39 0.00355777
39 37 0.17850100
39 36 0.14358400
43 40 0.06114760
43 41 0.00240681
43 42 0.84775800
110 109 0.62364900
55 52 0.02140810
55 54 0.94218200
55 55 0.00349988
55 53 0.01215620
60 60 0.00101994
60 59 0.95364600
60 58 0.01600230
60 57 0.00816415
92 91 0.97979600
84 83 0.97951500
100 99 0.97978400
153 152 0.99984000
21 18 0.60530500
21 19 0.35059400
89 88 0.97975600
23 20 0.26582900
23 21 0.01482570
154 153 0.99996700
56 54 0.01752790
56 53 0.01330370
56 55 0.94517300
56 56 0.00324865
141 140 0.33021600
141 141 0.11626300
81 80 0.97953900
66 65 0.97951500
65 64 0.97945000
46 44 0.00104248
46 43 0.03663440
46 45 0.94246700
64 63 0.97903900
12 12 0.00578025
12 11 0.00479194
12 14 0.00067906
12 10 0.00057630
12 9 0.58937800
151 150 0.71998600
3 2 0.00218156
3 1 0.00494729
3 3 0.95089100
73 72 0.98006500
16 15 0.00189505
16 14 0.00917154
16 13 0.98242000
16 16 0.00090557
44 43 0.92446000
44 41 0.05550950
44 42 0.00084147
72 72 0.00140576
72 71 0.97995500
130 130 0.06855310
130 129 0.14757000
148 147 0.99512400
136 136 0.00293872
136 135 0.00700633
77 76 0.98183200
74 73 0.98142000
61 59 0.01123490
61 60 0.96188000
61 61 0.00093481
61 58 0.00561587
86 85 0.97966100
113 112 0.83258200
128 127 0.65302900
128 128 0.00756942
117 116 0.99968200
45 42 0.05284650
45 44 0.92707800
45 43 0.00076075
155 154 0.99998400
67 66 0.97963100
54 51 0.02502390
54 53 0.93737300
54 54 0.00374024
54 52 0.01224420
122 121 0.69188200
75 74 0.98174600
126 125 0.98001000
142 142 0.09097340
142 141 0.69971800
11 11 0.00783235
11 13 0.00067343
11 9 0.00083778
11 8 0.67333200
11 10 0.00439109
87 86 0.97975000
69 68 0.91102900
107 106 0.95481600
42 41 0.79575900
42 39 0.03615580
42 40 0.01348640
71 70 0.98042200
71 71 0.00128255
103 102 0.97894600
103 103 0.00054656
116 115 0.69208900
26 23 0.00410537
26 24 0.27108500
28 25 0.10050600
28 26 0.24096000
38 37 0.53046500
38 36 0.26380800
38 38 0.01273800
38 35 0.17098100
38 34 0.00075924
98 97 0.97980600
125 124 0.77332400
124 123 0.66280600
106 105 0.97979400
133 132 0.26128200
133 133 0.08073380
123 122 0.14011500
101 100 0.97972700
9 8 0.02699670
9 9 0.01064370
9 7 0.01654820
9 6 0.13829300
9 11 0.00062147
80 79 0.91104300
