74 95 74 95 0.00293013
117 129 116 130 0.01857323
117 129 118 128 0.03059052
117 129 117 129 0.45380232
111 134 111 134 0.02835098
111 134 112 133 0.00575120
111 136 111 136 0.01732063
111 117 111 117 0.00104829
23 30 23 30 0.22858660
23 29 23 29 0.05303399
16 37 12 39 0.00110600
16 37 16 37 0.22066932
16 37 17 36 0.00150181
16 37 17 37 0.01309253
16 97 14 98 0.00327705
16 97 18 95 0.00084757
16 97 17 96 0.00605319
16 97 15 98 0.00118035
16 97 16 97 0.02512126
68 94 68 94 0.02382690
57 73 57 73 0.14659966
57 73 55 72 0.00074732
57 108 57 108 0.06617800
57 109 57 109 0.13645967
57 112 57 112 0.00407530
62 66 62 66 0.00353253
62 104 62 104 0.01296823
62 95 62 95 0.00060910
62 101 62 101 0.21630039
102 109 102 109 0.00123466
112 133 111 134 0.00372891
112 133 112 133 0.08270975
112 135 112 135 0.02092020
52 112 52 112 0.00645332
52 134 52 134 0.04466711
54 109 54 109 0.00972744
54 112 54 112 0.11780700
54 108 54 108 0.00176916
54 132 54 132 0.00559707
92 100 92 100 0.00064345
12 39 15 40 0.00219913
12 39 12 39 0.06358948
12 39 16 37 0.00087556
12 38 12 38 0.00476937
12 100 12 100 0.01880607
12 100 14 99 0.00336460
12 100 11 101 0.00206671
12 42 12 42 0.03284793
118 128 117 129 0.02170227
118 128 118 128 0.49729992
118 128 119 127 0.03076932
93 99 93 99 0.00566640
22 31 22 31 0.23262214
79 86 78 87 0.02432738
79 86 79 87 0.00127466
4 107 4 107 0.00245539
4 107 5 106 0.00071386
4 48 4 48 0.26958263
4 48 6 46 0.00448775
4 48 2 50 0.00270301
4 48 7 44 0.00144165
4 48 1 51 0.00121484
78 87 77 88 0.02887606
78 87 78 87 0.30128892
5 47 5 47 0.29444636
5 47 2 50 0.00092555
5 47 8 45 0.00824592
5 47 8 43 0.00226454
5 47 9 44 0.00066698
5 47 3 49 0.00402155
5 46 5 46 0.00565202
5 46 2 50 0.00060791
5 106 4 107 0.00060423
5 106 5 106 0.00714578
110 118 110 118 0.05198250
66 98 66 98 0.04894281
66 99 66 99 0.08399162
66 96 66 96 0.04253440
121 125 121 125 0.05973254
121 125 120 125 0.00187786
55 106 55 106 0.08319477
55 107 55 107 0.00142698
55 75 53 74 0.00499604
55 75 55 75 0.08863586
55 75 55 72 0.04518590
55 111 55 111 0.15678967
55 110 55 110 0.02269887
55 114 55 114 0.00673063
116 130 117 129 0.02675521
116 130 116 130 0.46394468
116 130 115 131 0.01880222
7 44 7 44 0.01815304
7 44 4 48 0.00235442
7 104 8 103 0.00085611
7 104 7 104 0.00145056
109 135 109 135 0.00535997
109 135 108 135 0.00097705
113 132 113 132 0.03019838
18 35 17 37 0.00096748
18 35 18 35 0.22227232
18 95 18 95 0.01966906
17 36 17 36 0.23534171
17 36 17 37 0.01030781
17 36 16 37 0.00174080
17 37 16 37 0.01124280
17 37 17 37 0.07622995
17 37 17 36 0.00758553
17 37 18 35 0.00065423
17 96 17 96 0.00902040
17 96 16 97 0.00203309
11 42 11 42 0.20389972
11 101 10 102 0.00129780
11 101 11 101 0.00841439
11 101 12 100 0.00353192
58 71 58 71 0.06469895
58 71 58 72 0.00110336
58 71 56 71 0.00120805
58 111 58 111 0.00520670
58 72 58 72 0.00783289
58 72 58 71 0.01842715
58 107 58 107 0.13949300
58 106 58 106 0.05170233
94 98 94 98 0.01516536
94 110 94 110 0.00752530
21 32 21 32 0.38857391
56 74 54 73 0.00341280
56 74 56 71 0.00800676
56 74 56 74 0.02199435
56 107 56 107 0.00355416
56 106 56 106 0.00185915
56 113 56 113 0.00776747
56 105 56 105 0.00137498
56 110 56 110 0.16155433
6 46 10 43 0.00065607
6 46 3 49 0.00083387
6 46 9 42 0.00152842
6 46 9 44 0.00456033
6 46 6 46 0.29272307
6 46 4 48 0.00479990
6 46 5 47 0.00052927
6 45 6 45 0.00820344
6 45 3 49 0.00190157
2 50 4 48 0.00251315
2 50 2 50 0.26620683
2 50 5 47 0.00067156
75 94 75 94 0.00313271
69 100 69 100 0.00422517
69 94 69 94 0.01596571
80 87 89 96 0.00051618
80 87 80 87 0.01374796
8 43 8 43 0.00428661
8 43 5 47 0.00370916
8 103 8 103 0.01295464
8 103 7 104 0.00073750
8 103 10 102 0.00755227
8 45 8 45 0.18826748
8 45 5 47 0.00906817
8 45 4 48 0.00052785
65 101 65 101 0.00386215
65 100 65 100 0.02493755
20 33 20 33 0.26200957
73 92 73 92 0.31539416
73 96 73 96 0.00164880
19 94 19 94 0.00970862
19 34 19 34 0.38196956
10 43 6 46 0.00092601
10 43 13 41 0.00094890
10 43 10 43 0.23924570
10 102 8 103 0.00733416
10 102 11 101 0.00262220
10 102 10 102 0.00733951
10 41 13 41 0.00067811
10 41 10 41 0.00800166
81 86 81 86 0.05382437
81 86 90 95 0.00116637
114 132 114 132 0.27730276
114 132 115 131 0.02174692
70 96 70 96 0.06486380
70 99 70 99 0.01803080
61 105 61 105 0.01767607
61 102 61 102 0.17068433
61 68 61 68 0.18715399
120 125 121 125 0.00250870
120 125 120 125 0.07549894
63 100 63 100 0.09781287
63 101 63 101 0.04241241
77 88 77 88 0.22648813
77 88 76 89 0.01655030
77 92 77 92 0.00178289
24 28 24 28 0.14390854
15 98 13 99 0.00099689
15 98 15 98 0.00092580
15 98 14 98 0.00091246
15 98 16 97 0.00206433
15 40 15 40 0.01974477
53 111 53 111 0.00725727
53 133 53 133 0.04050267
119 127 119 127 0.28795167
119 127 118 128 0.02074472
59 70 60 69 0.00116722
59 70 59 70 0.14623507
59 104 59 104 0.25700286
59 108 59 108 0.00411700
14 40 14 40 0.06246522
14 99 12 100 0.00238531
14 99 14 99 0.00088856
14 99 15 98 0.00051442
14 99 13 99 0.00076625
14 98 14 98 0.00169617
14 98 16 97 0.00330449
14 41 14 41 0.01367489
60 106 60 106 0.03091347
60 105 60 105 0.00314448
60 69 61 68 0.00097882
60 69 60 69 0.10945163
60 103 60 103 0.21288422
9 42 6 46 0.00250154
9 42 9 42 0.00441133
9 44 9 44 0.23495944
9 44 6 46 0.00502023
9 44 5 47 0.00094118
107 136 107 136 0.00263294
71 95 71 95 0.03542038
71 94 71 95 0.00140973
71 94 71 94 0.25008568
71 93 71 93 0.00890893
3 49 3 49 0.22349941
3 49 1 51 0.00800255
3 49 5 47 0.00374993
3 49 6 46 0.00059579
3 49 6 45 0.00116022
3 108 4 107 0.00053109
1 51 4 48 0.00090238
1 51 3 49 0.00746572
1 51 1 51 0.31777343
64 100 64 100 0.16001498
108 135 108 135 0.00082844
76 89 76 89 0.29093913
76 93 76 93 0.00280275
72 94 72 94 0.00854995
72 93 72 94 0.01310923
72 93 72 93 0.36880493
103 108 103 108 0.00984622
115 131 116 130 0.02863292
115 131 114 132 0.01393673
115 131 115 131 0.34156318
13 99 15 98 0.00124784
13 99 13 99 0.00182603
13 40 13 40 0.10662439
13 41 10 43 0.00106630
13 41 13 41 0.06936803
