90 132 90 132 0.04715435
17 96 18 97 0.00143790
17 96 17 97 0.06738733
17 96 19 96 0.04984340
17 96 20 95 0.00183611
11 101 11 102 0.07321300
11 101 14 100 0.00425113
11 101 12 101 0.01748007
18 95 20 95 0.11881998
18 95 19 96 0.00186500
18 95 18 97 0.04943062
18 95 21 94 0.00172339
58 71 58 72 0.00590361
58 71 58 71 0.21210732
58 72 58 71 0.00229487
58 72 58 72 0.08507307
94 110 94 110 0.11059733
31 85 31 86 0.02095251
31 85 33 83 0.00172112
31 85 32 85 0.00084060
31 85 29 87 0.02747590
113 132 113 131 0.00614277
116 130 116 129 0.15157629
116 130 114 131 0.04120246
116 130 115 130 0.33852349
116 130 113 131 0.00136012
7 104 9 104 0.03245160
7 104 7 104 0.00567337
7 104 8 104 0.00321430
7 104 10 103 0.00434077
109 135 110 134 0.00223066
109 135 109 135 0.04093254
55 72 56 74 0.00515877
55 72 55 75 0.00976186
55 72 55 74 0.02882078
55 76 55 76 0.03014990
55 76 55 77 0.00093942
55 75 55 76 0.00068841
55 75 55 74 0.00221106
55 75 55 75 0.24631541
121 125 120 125 0.04857730
4 107 6 107 0.03864667
4 107 4 108 0.01925737
4 107 4 106 0.00292772
4 107 5 107 0.00578490
4 107 7 106 0.00420473
5 106 5 107 0.03678467
5 106 7 106 0.06451967
33 83 35 82 0.00106915
33 83 33 83 0.11696428
79 87 79 87 0.00923738
92 100 91 98 0.00086257
92 112 92 112 0.02477924
54 73 57 73 0.00057997
54 73 56 74 0.00099196
54 73 55 75 0.00107804
54 77 54 78 0.00063349
12 100 14 100 0.09392200
12 100 15 99 0.00422353
12 100 12 101 0.06153800
35 81 33 83 0.01391639
35 81 35 81 0.16401921
35 81 35 82 0.02710969
35 80 35 81 0.00233188
35 43 35 43 0.00979313
93 111 93 111 0.03669618
118 128 118 127 0.14550801
118 128 117 128 0.34344199
118 128 115 130 0.00234379
118 128 116 129 0.06377311
88 134 88 134 0.02497319
88 112 88 112 0.00053584
112 133 111 133 0.15408967
32 84 32 85 0.02794383
32 84 32 84 0.29034261
32 84 30 86 0.01961301
32 84 31 86 0.00066481
102 109 102 109 0.02490898
57 73 57 73 0.31813261
40 53 40 53 0.03379200
40 53 40 51 0.00334013
62 66 62 66 0.02974958
41 51 41 49 0.00053380
41 51 41 51 0.09871153
43 49 42 48 0.00099510
43 49 43 49 0.29717007
34 82 34 83 0.00461751
16 97 18 97 0.11229509
16 97 17 97 0.01808453
16 97 19 96 0.00410647
16 97 16 98 0.06933500
42 50 40 49 0.00116329
42 50 41 49 0.00164417
42 50 42 50 0.10280327
74 83 74 83 0.00091331
117 129 117 128 0.09301016
117 129 115 130 0.06265833
117 129 114 131 0.00208839
117 129 116 129 0.32535472
111 134 111 134 0.01139771
111 134 111 133 0.01559519
111 134 110 134 0.07467530
103 108 103 108 0.07869628
115 131 113 131 0.00183417
115 131 114 131 0.32330142
115 131 115 130 0.07257398
13 99 16 98 0.00175200
13 99 14 99 0.00527700
13 99 15 99 0.03486167
3 108 3 109 0.00484093
3 108 5 107 0.00056565
3 108 4 108 0.00947780
3 108 6 107 0.00409187
108 135 109 135 0.01434048
107 136 108 136 0.04175228
84 109 83 107 0.00083953
89 133 89 133 0.10855283
30 86 28 88 0.04081788
30 86 29 87 0.00078857
30 86 32 85 0.00073583
30 86 32 84 0.00148685
30 86 31 86 0.00104447
30 86 30 86 0.30542880
30 86 30 87 0.02006692
14 98 15 98 0.00324347
14 98 17 97 0.00197254
14 98 14 99 0.00850677
14 98 16 98 0.03263680
14 99 15 99 0.00642130
14 99 14 99 0.00109516
14 99 14 100 0.02290420
14 99 16 99 0.01212830
60 69 60 69 0.16473561
119 127 119 125 0.00132439
119 127 119 127 0.02119209
119 127 118 127 0.27914259
119 127 116 129 0.00200853
53 76 53 77 0.00145950
53 76 53 76 0.01715430
53 76 54 78 0.00056454
53 76 52 78 0.00079854
53 74 56 74 0.00056938
53 74 55 75 0.00109174
53 74 55 74 0.00318661
91 101 91 98 0.00310932
59 70 59 70 0.23210715
15 98 16 98 0.00839507
15 98 18 97 0.00231378
15 98 15 99 0.02506587
15 98 15 98 0.00123228
61 68 61 68 0.31092361
120 125 120 125 0.03252780
120 125 119 125 0.04011207
29 87 29 87 0.25170851
29 87 28 88 0.00059838
29 87 27 89 0.02971057
29 87 31 86 0.00206780
28 88 26 90 0.01168172
28 88 28 88 0.14467135
28 88 30 86 0.00409270
28 88 30 87 0.00143237
10 102 11 102 0.01267337
10 102 10 103 0.07067333
81 86 81 86 0.01933489
39 54 39 54 0.02121053
39 78 39 80 0.00978602
39 78 39 79 0.01967381
114 132 111 133 0.00085037
114 132 114 131 0.04950100
87 135 87 135 0.00397845
97 108 97 107 0.00053809
19 94 19 96 0.04496334
19 94 20 95 0.00191609
19 94 21 94 0.08763500
19 94 22 93 0.00193412
80 87 80 87 0.00088798
8 103 10 103 0.07473700
8 103 8 104 0.06224333
8 103 11 102 0.00146984
36 42 36 42 0.01061490
56 74 56 74 0.14456805
56 75 56 75 0.00342313
56 71 58 71 0.00142548
56 71 57 73 0.00136030
56 71 56 74 0.00224154
6 105 9 104 0.00429833
6 105 7 106 0.00059163
6 105 6 105 0.00589667
