112 128 114 129 0.00942980
112 128 112 131 0.03071157
112 128 113 130 0.04605033
102 109 106 113 0.00423588
131 135 132 136 0.00645719
101 110 105 114 0.01559553
23 40 23 39 0.02979790
117 123 118 125 0.09966533
117 123 117 126 0.01091820
117 124 118 125 0.02177743
117 124 117 127 0.01267920
117 124 117 126 0.00139794
117 124 117 124 0.01433757
117 122 118 125 0.00248555
117 122 117 124 0.00095411
117 126 117 126 0.00309600
111 133 111 132 0.00184075
90 118 94 122 0.00077025
58 67 56 65 0.00085149
58 67 58 67 0.25876480
11 51 9 46 0.00055581
99 112 103 116 0.00829357
21 42 17 37 0.00082760
27 36 27 35 0.04016128
27 36 26 36 0.00381924
27 36 22 31 0.00088497
113 127 114 129 0.04549767
113 127 115 128 0.00903237
113 127 113 130 0.03111840
113 131 113 130 0.00630653
113 131 112 131 0.01105483
116 123 117 124 0.00087225
116 123 118 125 0.09197033
116 124 117 127 0.00167695
116 124 117 126 0.02955120
116 124 118 125 0.00813123
116 128 115 128 0.01176633
7 131 7 134 0.00580193
7 133 7 134 0.19486900
4 14 3 13 0.00083845
4 134 4 135 0.22872667
4 133 4 135 0.01608250
4 137 4 137 0.05162036
4 130 4 130 0.01002559
4 130 3 131 0.00203550
78 89 78 89 0.04787467
78 88 83 92 0.00092688
78 88 79 88 0.00145736
78 87 83 92 0.00734930
78 87 75 84 0.12943012
78 87 76 83 0.01709505
5 13 4 12 0.00235234
5 18 4 17 0.00142688
5 136 4 137 0.01490236
5 136 5 136 0.01291073
5 129 4 130 0.00163242
79 87 83 92 0.00198966
79 86 84 91 0.00624702
79 86 76 83 0.11300781
79 86 76 82 0.00109124
92 116 96 120 0.00141879
26 37 25 37 0.00799953
26 37 26 36 0.07632780
26 37 21 32 0.00088566
93 115 97 119 0.00190001
118 126 117 126 0.00511480
118 126 118 125 0.00116656
118 122 118 125 0.02471747
118 123 118 125 0.00169136
118 124 117 124 0.00378363
130 136 131 137 0.00265026
130 135 132 136 0.00128436
70 95 74 100 0.00064190
70 96 75 100 0.00054640
81 86 78 82 0.00056291
10 129 10 131 0.20318367
10 129 9 132 0.01816930
114 130 114 129 0.00098640
114 130 113 130 0.01198920
114 127 115 128 0.01743683
114 127 114 129 0.00172993
20 43 16 38 0.00084643
19 44 15 39 0.00081267
73 92 71 89 0.13003335
73 92 77 97 0.00363146
73 92 70 87 0.00077708
80 86 84 91 0.00081251
8 131 8 133 0.18676267
8 131 7 134 0.00886657
8 130 8 133 0.00976277
8 133 7 134 0.02433603
8 133 8 133 0.03601427
6 135 5 136 0.02163237
6 12 5 11 0.00460317
56 69 61 74 0.00059894
56 69 56 69 0.25097911
2 13 2 13 0.01142057
115 125 117 127 0.09509267
115 125 117 126 0.00854137
115 125 115 128 0.01105140
72 93 70 90 0.16504741
72 93 77 97 0.00234848
76 89 74 85 0.02475032
76 89 73 85 0.00387662
76 89 81 94 0.00569265
1 14 1 14 0.00573867
1 137 1 138 0.22782167
3 15 2 14 0.00169146
3 131 3 131 0.00421581
3 131 2 132 0.00115957
71 94 69 91 0.04461342
71 94 68 89 0.00082758
71 94 75 99 0.00251937
25 38 20 33 0.00082613
25 38 25 37 0.03726033
25 38 24 38 0.00546157
86 122 90 125 0.00105342
14 49 12 44 0.00062601
60 65 65 70 0.00057193
60 65 58 63 0.00068443
9 53 7 48 0.00077002
9 132 9 132 0.00362110
9 132 8 133 0.02040620
9 130 8 133 0.01362783
9 130 9 132 0.12323767
119 125 118 125 0.00162206
100 111 104 115 0.00479827
59 66 59 66 0.04882104
59 66 57 64 0.00300594
77 90 81 94 0.00147591
24 39 19 34 0.00069853
24 39 24 38 0.07979600
24 39 23 39 0.01053587
