20 20 0.99110100
20 22 0.00209775
20 19 0.00126634
20 21 0.00348271
121 121 0.98506200
5 5 0.99244300
60 60 0.99619300
37 37 0.88954100
37 36 0.00335151
37 38 0.09823200
91 91 0.98440500
22 24 0.00074750
22 22 0.97413200
22 23 0.01995070
22 21 0.00170843
77 77 0.67468200
57 57 0.99621700
44 44 0.99799200
26 26 0.86355800
26 25 0.00613514
26 27 0.06878530
47 48 0.00149065
47 47 0.99677500
126 126 0.99816900
111 111 0.99101600
55 56 0.00073236
55 55 0.99504800
80 80 0.99416500
120 120 0.98378000
146 146 0.99915900
23 23 0.95614200
23 22 0.00215063
23 25 0.00083624
23 24 0.01411950
12 11 0.00097132
12 13 0.00220766
12 12 0.98743000
12 14 0.00604778
154 154 0.99836000
154 153 0.00055009
61 61 0.99614700
100 101 0.00097345
100 100 0.98308200
21 21 0.98265800
21 23 0.00208839
21 22 0.01186380
21 20 0.00125495
78 78 0.99429400
133 134 0.00182683
133 133 0.65071600
3 3 0.92780000
123 123 0.64025200
135 135 0.99618200
135 136 0.00079905
115 115 0.99141200
81 81 0.99426700
107 107 0.99207900
150 150 0.99794900
134 134 0.99523400
134 135 0.00136814
39 39 0.94444400
39 40 0.00896673
2 2 0.42114300
109 109 0.99069700
59 59 0.99619600
116 116 0.98100800
97 96 0.00071619
97 98 0.00163073
97 97 0.98270700
4 4 0.71494200
131 132 0.00342657
131 131 0.99158200
49 49 0.99305200
49 50 0.00487013
42 42 0.99763200
42 43 0.00055244
130 131 0.00208619
130 130 0.99075000
105 105 0.64289700
113 113 0.99140600
72 72 0.98582000
28 27 0.00288773
28 29 0.09397000
28 28 0.83734500
17 18 0.00061410
17 16 0.00193517
17 17 0.98938600
17 19 0.00355874
143 143 0.99913200
68 68 0.98510100
64 64 0.41950400
86 86 0.67421300
119 119 0.98254300
8 9 0.00070971
8 10 0.00176422
8 7 0.00055197
8 8 0.98971900
103 103 0.24216500
67 67 0.57141400
76 76 0.86077200
132 132 0.99376100
132 133 0.00182276
94 95 0.00063553
94 93 0.00070794
94 94 0.98375700
45 45 0.99815400
74 74 0.59067300
101 101 0.08985330
90 90 0.98463100
93 93 0.98369500
93 94 0.00057642
93 92 0.00070726
69 69 0.98511000
63 63 0.92715500
50 50 0.98973500
50 51 0.00732894
18 19 0.00120125
18 17 0.00206519
18 18 0.98936600
18 20 0.00283601
122 122 0.64195600
14 16 0.00657320
14 13 0.00135681
14 15 0.00139710
14 14 0.98706000
33 32 0.00540790
33 34 0.10907400
33 33 0.83312000
151 151 0.99759200
151 152 0.00050592
41 42 0.00071662
41 41 0.99652600
85 85 0.99403300
58 58 0.99617400
144 144 0.99910800
98 98 0.98254700
98 99 0.00206340
145 145 0.99906600
153 152 0.00051886
153 153 0.99755900
88 88 0.99014800
54 54 0.99447300
54 55 0.00123733
82 82 0.99424400
147 147 0.73160100
106 106 0.64596300
99 99 0.98299100
99 100 0.00199636
124 124 0.70273800
43 43 0.99780700
40 41 0.00182623
40 40 0.98933900
140 140 0.74046200
114 114 0.99141100
96 95 0.00067476
96 97 0.00113590
96 96 0.98328500
128 128 0.99128700
84 84 0.99417000
71 71 0.98585900
102 102 0.99122500
53 53 0.99055400
53 54 0.00173302
70 70 0.98548500
95 94 0.00079122
95 96 0.00111816
95 95 0.98316500
148 148 0.74039500
129 130 0.00070505
129 129 0.99086600
149 149 0.99808900
118 118 0.98196500
34 33 0.00555111
34 35 0.11893300
34 34 0.84248100
62 62 0.71796900
56 56 0.99563800
29 28 0.00385447
29 30 0.09670480
29 29 0.83415300
89 89 0.58961300
36 36 0.88199600
36 35 0.00410244
36 37 0.10490900
79 79 0.99428600
46 46 0.99796000
30 31 0.10187900
30 30 0.77219100
30 29 0.00350091
31 32 0.10673900
31 31 0.83479500
31 30 0.00447395
110 110 0.99085200
32 33 0.06772670
32 31 0.00474986
32 32 0.66632100
92 92 0.98389300
92 91 0.00065086
9 8 0.00063341
9 10 0.00072419
9 11 0.00229148
9 9 0.98843200
7 9 0.00125266
7 8 0.00054957
7 7 0.99046100
117 117 0.94897400
51 52 0.00710131
51 51 0.98932500
48 48 0.99620200
48 49 0.00213716
66 66 0.99081900
137 137 0.99695800
1 1 0.99973700
24 24 0.66193300
24 23 0.00053629
24 25 0.00466960
13 13 0.98692600
13 15 0.00688922
13 14 0.00181100
13 12 0.00097219
112 112 0.99130600
15 14 0.00167966
15 15 0.98809900
15 17 0.00629014
15 16 0.00120383
16 17 0.00057988
16 18 0.00592133
16 16 0.98840400
16 15 0.00173262
35 35 0.86732800
35 34 0.01144980
35 36 0.11218800
6 8 0.00075848
6 6 0.99159000
108 108 0.99203500
10 10 0.98827200
10 12 0.00278561
10 9 0.00123625
10 11 0.00085244
11 12 0.00211544
11 10 0.00127608
11 13 0.00610339
11 11 0.98719700
127 127 0.09738570
104 104 0.73840500
75 75 0.99120800
83 83 0.99411300
25 25 0.86925300
25 24 0.00124938
25 26 0.06451000
142 142 0.99917400
27 26 0.00739005
27 28 0.07315690
27 27 0.85908700
38 38 0.89823300
38 37 0.00179716
38 39 0.05363570
73 73 0.98571600
65 65 0.99473400
136 137 0.00075081
136 136 0.99673600
125 125 0.23856600
87 87 0.86005200
19 18 0.00174839
19 20 0.00183098
19 19 0.99163500
19 21 0.00241203
152 152 0.99744700
152 153 0.00051114
138 138 0.99807100
139 139 0.99816800
141 141 0.73165000
52 53 0.00555766
52 52 0.92127200
