27 53 27 56 0.02257213
27 53 29 54 0.00056706
27 53 28 55 0.00071156
27 53 28 54 0.03710022
46 152 45 152 0.00093963
26 54 26 55 0.01633729
26 54 26 57 0.05124753
26 54 27 56 0.00057719
109 127 109 127 0.02406105
109 126 109 126 0.32019299
109 125 109 125 0.01540938
36 43 37 46 0.00403219
100 129 100 129 0.12869148
102 127 102 127 0.04139916
29 51 29 54 0.01884727
29 51 30 52 0.04645021
29 51 30 53 0.00084722
70 155 73 155 0.00951600
111 124 111 124 0.40260173
111 125 111 125 0.00653779
95 113 95 112 0.00610497
95 113 92 113 0.00062548
97 111 96 111 0.00089866
97 111 97 110 0.00682533
30 50 31 51 0.05583144
30 50 30 53 0.05242314
30 50 30 52 0.00082606
131 136 131 136 0.04296507
25 55 25 56 0.00412381
113 122 113 122 0.37200277
110 126 110 126 0.00342425
110 125 110 125 0.26744223
110 124 110 124 0.00239882
72 90 75 92 0.01291887
72 86 75 86 0.00097747
74 147 74 147 0.01728287
74 84 74 84 0.11583790
62 72 65 75 0.00723543
98 131 98 131 0.03393696
98 110 98 109 0.00281665
112 123 112 123 0.25240114
71 91 74 93 0.00880983
71 154 74 154 0.01537810
71 87 74 87 0.00112300
24 56 24 59 0.00655017
67 158 71 158 0.00074972
107 127 107 127 0.07406619
92 117 89 117 0.00117483
31 49 31 51 0.00109934
31 49 30 52 0.00054450
31 49 32 50 0.01082104
31 49 32 51 0.00101316
78 143 78 143 0.05986300
115 120 115 120 0.11806870
96 112 95 112 0.00110839
96 112 93 112 0.00158346
96 112 96 111 0.00662259
99 130 99 130 0.04837663
75 146 75 146 0.01107543
75 83 78 86 0.03766262
75 83 75 83 0.10965407
77 144 77 144 0.06112100
77 81 77 82 0.00334468
77 81 80 84 0.02002658
69 156 72 156 0.00854613
76 82 79 85 0.06000241
73 89 76 91 0.03844889
19 26 19 27 0.02704373
33 47 33 50 0.04745540
114 120 114 120 0.03525137
66 159 70 159 0.00079801
32 48 32 50 0.00121185
32 48 32 51 0.05570049
32 48 33 51 0.00186089
32 48 33 50 0.00196435
32 48 31 51 0.00052101
130 137 130 137 0.05408400
129 139 129 138 0.00052459
37 42 38 45 0.00114253
38 45 38 48 0.00915532
38 45 38 45 0.01035224
38 45 39 47 0.00404279
101 107 101 106 0.00067459
101 128 101 128 0.04906090
65 160 69 160 0.00077544
