70 78 70 78 0.06837063
71 77 71 77 0.01968530
143 148 143 148 0.05537433
2 71 2 71 0.02387537
2 152 5 152 0.00059996
6 66 5 66 0.01053691
6 66 6 65 0.00147972
109 121 109 121 0.33058863
112 118 112 118 0.18021699
110 120 110 120 0.24157630
7 65 6 65 0.00887692
7 65 7 64 0.00145798
89 94 89 94 0.05563224
88 95 88 95 0.03713112
4 69 4 69 0.10076200
4 150 4 150 0.02275128
105 125 105 125 0.29812805
106 124 106 124 0.13751767
104 126 104 126 0.25416951
113 117 113 117 0.22532470
9 63 8 63 0.01553252
108 122 108 122 0.23403080
111 119 111 119 0.24868189
142 149 142 149 0.05202567
8 64 8 63 0.00142455
8 64 7 64 0.00622273
5 68 4 68 0.00074066
5 69 4 69 0.00188337
5 149 5 149 0.01457417
3 70 3 70 0.03037237
3 151 3 151 0.03795534
