34 47 26 39 0.68797200
34 48 26 39 0.00092837
56 65 47 56 0.01453230
56 65 56 65 0.00123634
49 66 49 66 0.00061147
66 71 58 63 0.04605320
66 73 59 66 0.00108576
73 116 65 112 0.02966420
73 117 65 112 0.00108646
73 112 65 108 0.00896839
73 114 65 108 0.00169116
30 53 22 44 0.01125880
26 54 18 46 0.79000800
78 110 71 104 0.00493187
78 110 70 108 0.00369905
78 110 70 104 0.11175400
78 110 69 105 0.00051068
78 110 69 106 0.00493523
32 50 24 42 0.70939000
32 50 24 41 0.00485841
32 51 24 42 0.00075614
32 51 24 43 0.00869209
32 49 24 41 0.21605100
76 112 67 108 0.00639916
76 112 68 108 0.70812800
76 112 69 106 0.00384542
76 114 68 108 0.00317123
35 46 27 38 0.98602100
89 100 81 94 0.91898800
89 100 80 95 0.00162878
28 52 20 44 0.40059200
28 54 20 45 0.00384618
28 54 20 46 0.16411000
28 55 20 46 0.00837224
9 17 1 9 0.00092687
50 65 50 65 0.00293699
118 125 114 125 0.00107925
118 125 114 122 0.00334566
118 126 114 122 0.21709200
118 126 113 126 0.00056293
118 126 113 123 0.01385380
118 126 112 124 0.00081672
118 126 118 126 0.01074750
118 122 114 122 0.41719600
118 122 116 120 0.00084193
118 122 116 122 0.00099541
118 122 115 121 0.00388601
2 152 1 152 0.00995394
136 148 136 148 0.60482600
60 71 52 63 0.79320000
71 117 63 113 0.01961890
71 112 63 110 0.00099694
71 114 63 109 0.00054645
71 114 63 110 0.03577190
71 116 63 116 0.00439030
71 116 63 111 0.00564923
6 128 3 128 0.02217220
6 128 5 126 0.00221944
6 128 6 125 0.07250080
6 128 7 124 0.00068920
6 72 5 63 0.00103896
6 72 4 64 0.02311360
79 108 71 104 0.36749500
79 109 71 104 0.37585300
79 109 72 103 0.00634773
135 149 135 149 0.70416900
4 130 5 126 0.00103640
4 130 4 127 0.06158000
4 130 4 130 0.14616100
4 130 3 128 0.00322757
4 130 2 129 0.00065982
4 128 3 128 0.00833300
4 128 4 127 0.00129724
4 128 4 124 0.00133581
4 127 4 127 0.02792120
4 124 4 124 0.00066836
4 118 4 118 0.00054718
4 129 4 127 0.00487847
4 129 2 129 0.01384440
4 74 2 66 0.00096753
116 128 112 124 0.05834670
116 128 112 127 0.00059820
116 128 111 125 0.01559070
116 124 114 122 0.00086477
116 124 113 123 0.00333975
116 124 112 124 0.33488900
37 44 29 36 0.98623600
84 105 75 100 0.00277413
84 105 76 99 0.96919800
8 18 3 10 0.00093829
8 123 5 123 0.00314504
119 125 119 125 0.04096290
119 125 114 125 0.00123086
119 125 114 122 0.02198180
119 125 115 121 0.12934500
74 114 66 110 0.79683500
74 114 66 111 0.00233107
74 114 66 109 0.05576450
74 114 67 108 0.00257667
74 116 66 110 0.00265200
74 116 66 111 0.00218082
85 104 77 98 0.98062800
85 104 76 99 0.00278096
5 123 5 123 0.00173353
5 129 2 129 0.05768930
5 129 6 125 0.00132397
5 129 3 128 0.00057677
5 129 4 127 0.00205322
5 129 5 129 0.54074300
5 129 5 126 0.12662300
5 73 3 65 0.00823683
5 128 5 126 0.00620879
5 128 3 128 0.00720080
5 127 5 123 0.00159631
5 127 5 126 0.00173003
5 127 4 127 0.00415530
138 145 138 145 0.00848344
138 146 138 146 0.59991500
61 70 53 62 0.85561100
7 124 4 124 0.00071800
7 124 7 124 0.00591737
7 71 5 63 0.01054110
7 127 4 127 0.02585610
7 127 7 124 0.00483606
7 127 6 125 0.00081678
114 124 112 124 0.00059858
114 130 110 126 0.00528765
114 127 108 127 0.00067913
10 16 2 8 0.00174333
77 111 69 105 0.05432540
77 111 69 109 0.00200691
77 111 69 106 0.11359700
77 111 69 107 0.32644300
113 125 111 125 0.00145972
51 64 51 64 0.00294055
70 75 61 66 0.00524082
130 153 130 153 0.01868930
86 103 77 98 0.00279690
86 103 78 97 0.59836600
25 55 17 47 0.46669200
24 56 16 48 0.95122200
24 57 16 48 0.00331239
3 115 3 111 0.00137741
3 128 3 128 0.01845650
3 132 3 132 0.03861060
3 132 3 128 0.00105183
3 132 3 131 0.00096231
3 130 3 128 0.00313270
3 131 2 129 0.00349322
3 131 3 128 0.06584550
3 131 3 131 0.29214300
3 131 4 127 0.00054467
3 129 3 128 0.00132315
3 129 2 129 0.01308750
3 151 3 151 0.04862290
92 97 83 92 0.00077748
92 97 85 91 0.00565249
92 97 84 91 0.96147700
139 145 139 145 0.65653900
31 51 23 42 0.00609261
31 51 23 43 0.80436700
31 52 23 43 0.00234226
31 50 23 42 0.14298100
133 153 131 153 0.00141661
133 153 130 153 0.00051186
133 152 131 152 0.00445859
133 152 132 152 0.00711518
91 98 83 92 0.59283800
91 98 82 93 0.00135448
91 97 84 91 0.00077284
91 97 85 91 0.00733344
117 123 115 123 0.00266715
117 123 115 121 0.00093654
117 123 114 122 0.00396973
117 123 113 123 0.64857100
117 127 111 125 0.00081711
117 127 113 126 0.00103949
117 127 113 123 0.19625600
117 127 112 127 0.00074556
117 127 112 124 0.01351190
117 127 117 127 0.00847576
120 124 120 124 0.01305400
120 124 115 121 0.02024200
120 124 116 121 0.00160692
120 124 116 120 0.23211800
120 124 114 122 0.00062002
1 152 1 152 0.58870700
57 64 48 55 0.01603950
80 108 73 102 0.00879122
80 108 72 103 0.26420300
80 108 71 104 0.00305644
80 109 72 103 0.07935480
80 107 72 103 0.10841000
55 66 46 57 0.00826511
64 73 56 65 0.02017520
64 75 55 66 0.00062049
88 101 80 95 0.97290600
36 45 28 37 0.98480900
137 147 137 147 0.60502800
115 125 112 124 0.00274353
115 125 111 125 0.55339300
115 125 110 125 0.00300909
115 126 110 126 0.00165623
29 54 21 45 0.01181530
29 52 21 44 0.55503000
87 102 78 97 0.00274116
33 49 25 41 0.42397600
