112 127 112 127 0.00789200
112 124 113 125 0.03299070
112 124 114 124 0.00566255
20 44 22 48 0.00164004
20 46 24 49 0.00162560
20 45 23 48 0.33365900
20 45 22 48 0.00051598
22 44 27 46 0.01785020
22 44 26 47 0.05396150
13 53 16 54 0.00148534
13 51 16 54 0.93285000
13 51 15 54 0.00165533
13 51 15 55 0.00146808
13 51 17 53 0.02013930
137 147 137 147 0.60506700
115 121 117 121 0.00433466
115 121 116 122 0.03636030
115 123 115 123 0.28539500
29 36 33 39 0.00136691
29 36 32 39 0.67731500
29 36 31 40 0.00075477
29 36 34 38 0.01057910
29 37 32 40 0.12640000
29 35 33 39 0.00879692
29 35 32 38 0.05350700
62 112 64 112 0.00120288
62 112 62 112 0.11574800
27 38 31 42 0.01848700
27 38 32 40 0.00978180
27 38 30 41 0.39391300
27 37 32 39 0.00062188
27 40 29 44 0.00139444
27 40 30 43 0.54976500
14 50 16 54 0.00165464
14 50 18 52 0.02841500
14 50 17 53 0.68079500
63 110 63 110 0.04510770
63 110 63 111 0.00109777
63 110 66 110 0.00262615
63 111 63 111 0.14971000
63 109 66 109 0.01248240
75 100 75 100 0.87938500
65 108 67 108 0.00075386
110 126 112 126 0.00386264
80 95 80 95 0.97498700
1 152 2 152 0.00352710
1 152 4 152 0.03066690
1 152 3 152 0.00168077
18 46 21 49 0.95751200
18 46 22 48 0.02124940
18 46 20 50 0.00162026
64 108 67 108 0.00943095
64 112 64 112 0.05684390
67 108 67 108 0.57132800
17 47 21 49 0.01974550
17 47 19 51 0.00172785
17 47 20 50 0.96094000
130 153 131 153 0.00352032
25 41 30 43 0.01281430
25 41 29 44 0.03256580
25 42 28 45 0.52235600
25 42 27 46 0.00149419
25 42 29 44 0.00062758
25 39 30 41 0.00466766
140 145 140 145 0.03135290
139 145 139 145 0.63823200
3 151 6 151 0.00152151
3 151 3 151 0.00062091
3 128 3 128 0.06294540
3 128 5 129 0.00676460
3 128 6 128 0.70297500
3 62 6 62 0.00439949
3 62 3 65 0.00092494
3 65 6 65 0.00109070
3 65 3 65 0.01048010
24 43 26 47 0.00152013
24 43 27 46 0.89390000
24 41 28 45 0.00053234
24 41 29 43 0.00117232
24 42 28 45 0.02543090
24 42 27 46 0.00089714
24 42 29 44 0.01649170
31 36 34 39 0.02553160
31 35 34 38 0.18609300
19 45 22 48 0.58605200
19 45 23 48 0.00328259
19 45 21 49 0.00172505
19 46 23 48 0.00269741
113 123 115 123 0.00453394
113 123 113 125 0.00053087
113 123 114 124 0.03609240
77 98 77 98 0.98971200
111 125 112 126 0.02380960
111 125 113 125 0.00465724
131 153 131 153 0.83718100
131 152 131 152 0.09916580
72 103 72 103 0.93254000
12 54 15 54 0.00134465
12 54 15 55 0.00539063
12 54 12 57 0.00157975
12 52 15 55 0.82468100
12 52 15 54 0.02304900
12 52 16 54 0.02312520
12 52 14 55 0.00398041
108 130 108 130 0.00054049
23 43 26 47 0.00095913
23 43 27 46 0.04761850
23 43 28 45 0.01095190
74 101 74 101 0.70957300
8 58 8 60 0.00140398
8 58 8 61 0.03467240
8 58 9 60 0.00056858
8 58 10 59 0.00135851
8 58 11 58 0.27139200
8 58 11 61 0.04609130
8 59 11 62 0.00803453
8 59 11 61 0.00050106
8 59 10 59 0.00149033
8 59 8 62 0.00067968
8 55 11 58 0.29298800
8 60 8 60 0.00283829
8 60 9 60 0.00069209
84 91 84 91 0.60504600
4 61 7 61 0.01423520
4 61 7 64 0.00069808
4 61 4 64 0.00319454
4 59 7 62 0.00107006
4 62 4 65 0.00065854
4 62 7 62 0.00817450
4 130 4 130 0.00502736
4 58 7 61 0.00115535
4 127 6 128 0.00679620
4 127 7 127 0.48447700
4 127 4 127 0.02276780
4 64 4 64 0.02397610
4 64 7 64 0.00242676
116 120 117 121 0.02509010
116 122 116 122 0.53937000
114 122 115 123 0.03628320
114 122 116 122 0.00386353
114 122 114 124 0.00053391
7 61 7 61 0.00329318
7 61 10 63 0.01099380
7 61 8 61 0.00051763
7 60 9 60 0.00220083
7 60 10 63 0.15050200
7 59 7 61 0.00109463
7 59 7 62 0.02064650
7 59 10 59 0.54805000
7 59 9 60 0.00136257
7 58 7 61 0.00393163
7 58 10 59 0.00735125
61 112 64 112 0.00989371
61 112 62 112 0.00066210
138 146 138 146 0.60081600
138 145 138 145 0.00702670
5 129 5 129 0.00302511
5 63 8 65 0.00065380
5 63 5 63 0.03082670
5 126 8 126 0.82753100
5 126 7 127 0.00699341
71 104 71 104 0.60329400
6 125 8 126 0.00351533
82 93 82 93 0.99156000
135 149 135 149 0.69822000
15 49 19 51 0.02842220
15 49 18 52 0.68480900
15 49 17 53 0.00172099
21 45 26 47 0.01770110
76 99 76 99 0.70957300
11 56 14 58 0.00261795
11 56 13 59 0.00076297
11 53 15 55 0.01798370
11 53 12 56 0.01139000
11 53 14 55 0.06552770
26 39 30 43 0.02104960
26 39 30 41 0.00051308
26 41 28 45 0.00081942
26 41 29 44 0.92684300
26 41 30 43 0.00052925
78 97 78 97 0.60506800
69 106 69 106 0.58943300
69 105 70 105 0.00070188
2 129 4 130 0.00630234
2 129 5 129 0.48959900
2 63 5 63 0.00300259
136 148 136 148 0.60505600
83 92 83 92 0.98054200
9 57 9 60 0.01755220
9 57 11 58 0.00090514
9 57 12 60 0.02322080
9 57 12 57 0.14466400
9 57 10 59 0.00069374
9 54 12 56 0.01663760
9 54 12 57 0.33732600
9 58 11 58 0.00057098
9 59 10 59 0.00077581
9 55 11 58 0.00157229
9 55 12 56 0.00370725
9 55 12 57 0.02378990
28 36 33 38 0.00066119
28 36 32 40 0.02026970
28 36 31 39 0.00278716
28 37 33 39 0.01081510
28 37 30 41 0.00052981
28 37 31 40 0.73028000
28 37 32 40 0.00243040
28 37 32 39 0.00088424
28 39 30 43 0.00073188
28 39 31 42 0.16451900
16 48 19 51 0.95006200
16 48 18 52 0.00172335
16 48 20 50 0.02807970
73 102 73 102 0.70957200
30 34 33 37 0.64262400
30 34 34 38 0.02270450
66 107 68 107 0.00161761
66 110 66 110 0.03247250
66 109 66 110 0.00181765
66 109 66 109 0.61657400
109 129 109 129 0.00193092
