84 91 84 91 0.60501300
134 150 134 150 0.94841600
85 89 85 89 0.04771350
138 146 138 146 0.73751100
71 104 71 104 0.37128300
68 108 68 108 0.50327200
135 149 135 149 0.48166600
82 93 82 93 0.99155800
69 107 69 107 0.16153800
78 97 78 97 0.60507200
76 99 76 99 0.70819700
83 92 83 92 0.98054100
136 148 136 148 0.37128700
73 102 73 102 0.48166800
137 147 137 147 0.37128500
75 100 75 100 0.59547400
63 113 63 113 0.17247300
63 111 63 111 0.06456090
80 95 80 95 0.57026200
80 96 80 96 0.03706970
64 112 64 112 0.17155800
139 145 139 145 0.42062300
77 98 77 98 0.70957300
72 103 72 103 0.84289300
