133 133 0.39345601
18 17 0.00568379
18 18 0.92177044
29 28 0.00119000
29 29 0.91659690
1 1 0.65702719
1 2 0.00158346
94 94 0.86438578
79 79 0.66645707
79 78 0.00114224
146 146 0.46738241
21 21 0.65430675
21 20 0.00356645
15 14 0.01615372
15 15 0.68712741
15 13 0.00096356
137 137 0.82830118
108 109 0.00272920
108 107 0.00835137
108 108 0.53394318
108 110 0.00063053
149 149 0.33945702
8 8 0.50196175
8 7 0.06085686
8 9 0.00599027
99 99 0.50086480
11 11 0.65640827
11 10 0.00233609
11 12 0.00322931
125 125 0.62000893
100 100 0.48982177
150 150 0.23616176
22 22 0.75656488
22 21 0.00089757
85 84 0.00090668
85 85 0.86027129
67 66 0.00069927
67 67 0.89073414
55 55 0.88779515
97 97 0.70915509
117 117 0.99929824
148 148 0.40553625
60 61 0.00087219
60 59 0.00088590
60 60 0.92322147
32 32 0.93206188
101 101 0.55102668
151 151 0.32477371
123 123 0.44774018
40 40 0.86153908
83 84 0.00111614
83 82 0.00360662
83 83 0.75956721
70 70 0.97821669
13 13 0.57474822
13 12 0.09706511
110 110 0.64684073
110 109 0.00689329
110 111 0.00199088
89 89 0.46436962
81 82 0.00134654
81 81 0.64586413
81 80 0.00323611
78 77 0.00067929
78 78 0.66719625
88 88 0.39248022
28 28 0.85015546
10 10 0.73530725
10 11 0.00432306
10 9 0.08536983
47 47 0.75555565
109 110 0.00238623
109 108 0.00847398
109 111 0.00059940
109 109 0.59814806
77 77 0.84870982
77 76 0.00080709
5 5 0.53782717
5 4 0.04217847
5 6 0.00478188
112 113 0.00110756
112 111 0.00178854
112 112 0.54289187
34 34 0.69874510
34 35 0.00055169
71 71 0.94273997
73 73 0.82925195
128 128 0.62010002
131 131 0.99832362
41 41 0.97034382
38 38 0.93706939
120 120 0.83020481
82 83 0.00196074
82 81 0.00284940
82 82 0.80323668
93 93 0.28373471
54 54 0.77418480
19 18 0.00501698
19 19 0.96433203
72 72 0.86783309
65 64 0.00052268
65 65 0.80651825
143 143 0.70244873
46 46 0.81174460
156 156 0.93734011
130 130 0.99837985
95 95 0.61790572
14 14 0.63911851
14 12 0.00091743
14 13 0.02618460
36 36 0.69752794
105 104 0.00158113
105 106 0.00119732
105 105 0.99470190
98 98 0.69007170
75 75 0.92924778
59 59 0.87055349
39 39 0.78531607
25 25 0.71603284
7 7 0.55405659
7 6 0.01254459
7 8 0.00696590
3 4 0.02684066
3 3 0.61070603
3 2 0.01371197
50 50 0.98752074
139 139 0.82734346
145 145 0.40205225
6 7 0.00513055
6 6 0.64338633
6 5 0.01450215
157 157 0.72195357
115 115 0.91257382
135 135 0.51874209
102 102 0.33233495
122 122 0.61783163
160 160 0.99991933
27 27 0.80830643
69 69 0.97827447
61 60 0.00184966
61 62 0.00203260
61 61 0.85032211
23 23 0.73195225
30 30 0.51554119
52 52 0.76582361
127 127 0.50143259
106 106 0.60148475
106 108 0.00055509
106 105 0.00345474
106 107 0.00189873
159 159 0.60631850
74 74 0.86186708
76 76 0.85875260
42 42 0.71996940
144 144 0.84907150
142 142 0.40292538
91 91 0.46522080
45 45 0.91473006
63 62 0.00255014
63 63 0.92710209
56 56 0.78282286
58 58 0.61310570
119 119 0.87333897
20 19 0.00429340
20 20 0.95832957
104 105 0.00057430
104 104 0.99758788
104 103 0.00062338
33 33 0.62851007
49 49 0.99270573
53 53 0.72736052
43 43 0.78980741
153 153 0.72206497
92 92 0.47141859
96 96 0.80535908
116 116 0.99925940
129 129 0.60908292
80 79 0.00155028
80 81 0.00137178
80 80 0.76942182
57 57 0.75251491
113 113 0.65450511
113 114 0.00082730
113 112 0.00130850
134 134 0.55656776
90 90 0.46474200
111 110 0.00513027
111 111 0.60233669
111 112 0.00118432
37 37 0.81235615
132 132 0.50978431
152 152 0.41928750
136 136 0.56174324
138 138 0.78476881
62 62 0.72667223
62 63 0.00161586
62 61 0.00282206
31 31 0.70012661
147 147 0.45400145
124 124 0.60998376
114 113 0.00080508
114 114 0.87659574
118 118 0.90028944
35 35 0.75595860
84 84 0.80665094
84 85 0.00059734
84 83 0.00090804
12 12 0.51983504
12 13 0.00054179
12 11 0.05093856
121 121 0.83365889
107 106 0.00613038
107 108 0.00249372
107 109 0.00059513
107 107 0.64530409
44 44 0.81417034
140 140 0.82565215
158 158 0.67137361
16 16 0.74449173
16 14 0.00093028
16 15 0.01108592
86 86 0.46330822
126 126 0.56539333
68 68 0.91995760
51 51 0.98238849
66 66 0.81321064
66 65 0.00058623
87 87 0.46264547
2 1 0.00160867
2 2 0.54996652
2 3 0.01178202
154 154 0.71913632
155 155 0.71168347
103 103 0.51012368
24 24 0.62828846
17 16 0.00628394
17 17 0.69017507
64 64 0.89503524
64 63 0.00082339
9 8 0.01196451
9 9 0.87475402
9 10 0.00503296
4 3 0.04230097
4 5 0.00278481
4 4 0.57895220
141 141 0.59957719
26 26 0.86931748
48 48 0.78265625
