126 126 0.70494058
68 67 0.00078079
68 68 0.72727161
68 70 0.15775442
66 65 0.00126824
66 68 0.00085643
66 66 0.77949130
51 52 0.00092688
51 51 0.96436957
51 53 0.00148775
87 89 0.01286346
87 87 0.61213558
2 2 0.53964238
2 1 0.00084646
154 154 0.74845711
155 155 0.77211071
103 103 0.56801175
24 24 0.69484397
64 64 0.78116186
64 63 0.00212678
64 66 0.02222406
17 16 0.00623568
17 17 0.82793898
4 5 0.01524906
4 3 0.02638464
4 4 0.69616573
9 10 0.07549886
9 9 0.73375982
9 8 0.16503483
48 48 0.84614508
141 141 0.54294826
26 26 0.87523075
152 152 0.45382299
136 136 0.52726327
138 138 0.65940557
62 61 0.00427760
62 64 0.00411343
62 63 0.00186942
62 62 0.70218429
31 31 0.79946645
147 147 0.63802387
118 118 0.89192240
124 124 0.74654774
114 114 0.86380624
35 35 0.84548359
84 83 0.00130691
84 86 0.00990623
84 84 0.79028147
107 107 0.77256414
107 109 0.00058610
107 106 0.00459496
107 108 0.00150180
12 11 0.06032217
12 13 0.00264926
12 12 0.30773295
121 121 0.82120150
140 140 0.66466148
44 44 0.86221148
158 158 0.55302572
86 86 0.60573590
86 88 0.01462480
16 14 0.00092510
16 16 0.84875313
16 15 0.01100782
20 20 0.97294055
20 19 0.00425171
119 119 0.85261115
33 33 0.72579845
104 104 0.93133258
49 49 0.97382952
53 55 0.00335756
53 53 0.81301609
43 43 0.84664904
153 153 0.63956258
92 92 0.64168200
96 96 0.97989737
116 116 0.98443211
80 80 0.71306263
80 82 0.00589324
80 79 0.00105730
129 129 0.74219105
113 113 0.73524163
113 112 0.00070538
57 59 0.00109939
57 57 0.74541893
37 37 0.87129133
134 134 0.56464142
111 110 0.00434429
111 111 0.74089050
90 90 0.62740730
90 92 0.00064540
132 132 0.54552556
69 71 0.15912564
69 69 0.80185005
27 27 0.80385409
23 23 0.84334023
61 60 0.00246321
61 63 0.10793721
61 62 0.00221959
61 61 0.76609795
30 30 0.67309373
106 105 0.00163172
106 107 0.00115164
106 106 0.74064475
106 108 0.00054689
127 127 0.62346537
52 54 0.00123898
52 53 0.00063999
52 52 0.83496748
159 159 0.75853454
76 76 0.69244418
76 78 0.00587565
74 76 0.01189145
74 74 0.75208500
42 42 0.81294779
142 142 0.34886375
144 144 0.71099401
45 45 0.89799912
91 91 0.63258950
63 65 0.08886091
63 63 0.80023828
63 62 0.00432124
56 56 0.76553013
56 58 0.01605234
58 60 0.00264692
58 58 0.70337180
95 95 0.80133005
14 14 0.69077014
14 13 0.02592890
14 12 0.00083400
36 36 0.81379033
105 105 0.92982986
105 104 0.00055083
105 106 0.00075416
98 98 0.76052564
75 77 0.00108150
75 75 0.80519317
25 25 0.76046049
59 60 0.00145698
59 59 0.79719542
59 61 0.04603124
39 39 0.84218180
7 6 0.12537045
7 8 0.02870820
7 7 0.26039914
50 50 0.96911800
50 52 0.00119280
50 51 0.00158314
3 4 0.00512159
3 3 0.58676552
3 2 0.00924909
139 139 0.72686637
145 145 0.65361914
157 157 0.66749534
6 5 0.10109779
6 7 0.06047825
6 6 0.30145823
135 135 0.45743695
115 115 0.93698352
102 102 0.50492651
160 160 0.99410765
122 122 0.74492963
10 9 0.06813523
10 10 0.73810255
10 11 0.01489264
47 47 0.82818960
109 111 0.00058870
109 109 0.73748616
109 110 0.00129823
109 108 0.00697954
5 6 0.03080937
5 4 0.00553465
5 5 0.67389157
77 77 0.67881536
77 76 0.00167428
77 79 0.11973498
34 34 0.82759797
112 112 0.67817816
112 111 0.00138016
128 128 0.71535308
73 73 0.76110043
73 75 0.00109885
71 73 0.15868225
71 71 0.76913154
131 131 0.94233244
41 41 0.94584557
38 38 0.94433193
93 93 0.44467899
54 56 0.01038933
54 54 0.82734874
82 84 0.02706670
82 82 0.76731179
82 81 0.00081368
82 85 0.00149433
120 120 0.77781233
19 18 0.00497364
19 19 0.94817818
65 64 0.00108424
65 65 0.73764890
65 67 0.01188748
72 74 0.00104890
72 72 0.76110339
156 156 0.94698537
143 143 0.50078167
46 46 0.86219379
130 130 0.96308003
67 66 0.00143926
67 67 0.80301118
67 69 0.00102195
55 55 0.86048129
55 57 0.02690171
97 97 0.74980226
117 117 0.98438224
60 59 0.00112952
60 61 0.00175858
60 62 0.00169742
60 60 0.79316947
148 148 0.49790882
151 151 0.35159890
101 101 0.63203700
32 32 0.92192200
123 123 0.63363395
40 40 0.86847039
13 13 0.63741099
13 12 0.08429205
70 72 0.15895767
70 70 0.80197438
83 86 0.00064649
83 84 0.00131388
83 82 0.00178946
83 83 0.71305229
83 85 0.11917192
89 89 0.62523318
89 91 0.00208951
110 110 0.77371350
110 109 0.00576671
110 111 0.00092732
81 84 0.00064760
81 80 0.00097308
81 83 0.00427062
81 81 0.56559361
78 80 0.00193953
78 77 0.00140837
78 78 0.64826353
88 88 0.54500756
88 90 0.00490305
28 28 0.81403351
133 133 0.49216505
29 29 0.84380338
29 28 0.00065084
18 17 0.00563581
18 18 0.90566683
1 1 0.54837659
94 94 0.84877856
79 79 0.60128407
79 78 0.00130964
79 81 0.04157726
21 21 0.83026330
21 20 0.00353201
146 146 0.66936375
137 137 0.75387559
15 15 0.79671969
15 13 0.00096502
15 14 0.01581036
108 109 0.00161905
108 107 0.00682749
108 108 0.68089795
108 110 0.00061995
149 149 0.36739342
99 99 0.56793377
8 8 0.63919999
8 9 0.00560755
8 7 0.00658209
125 125 0.74695199
11 10 0.00770097
11 11 0.50310665
11 12 0.00835258
100 100 0.55868450
150 150 0.28224566
22 21 0.00088887
22 22 0.85325992
85 87 0.05514376
85 85 0.74183337
85 84 0.00074408
