35 91 35 91 0.00572859
35 93 35 93 0.63425550
8 108 8 108 0.18359600
8 117 8 116 0.01864273
24 103 24 103 0.11442481
24 102 24 102 0.09696463
24 101 24 101 0.06276053
24 28 24 28 0.11792968
21 106 21 106 0.04025053
10 106 10 106 0.08292267
10 115 10 115 0.06610467
10 115 10 114 0.00461667
132 141 133 143 0.00054469
132 141 135 141 0.00322710
132 141 134 142 0.07733467
12 113 12 113 0.04209393
12 105 12 105 0.01778927
47 83 47 83 0.50028509
30 99 30 99 0.57090308
39 91 39 91 0.01045021
39 89 39 89 0.43399015
39 88 39 88 0.09495439
49 79 50 79 0.00347673
49 79 49 79 0.03224654
11 114 11 114 0.03690627
11 104 11 104 0.00956607
123 152 124 153 0.00080251
123 152 123 152 0.16608200
123 152 125 152 0.06150400
122 153 124 153 0.06880636
122 153 122 153 0.37769867
122 154 122 153 0.00053312
122 154 123 155 0.00080057
122 154 121 154 0.09744333
50 79 51 79 0.38039722
50 79 50 79 0.08928477
50 78 51 78 0.00476381
50 78 50 79 0.00059260
131 142 134 142 0.00344576
131 142 130 140 0.00053311
131 142 133 143 0.07728467
128 146 130 146 0.06284727
128 146 130 147 0.00456251
128 146 128 146 0.30151888
3 113 3 113 0.19125867
3 118 3 117 0.02019287
48 82 48 82 0.53485807
48 80 48 80 0.02709107
48 81 48 81 0.04713709
37 90 37 90 0.06569949
63 68 63 68 0.00561165
63 71 63 71 0.50996380
127 148 126 148 0.00481967
127 147 128 148 0.00067133
127 147 130 147 0.00154275
127 147 127 147 0.37523364
40 90 40 90 0.01285879
20 105 20 105 0.07380267
4 112 4 112 0.23147667
65 69 65 69 0.43852284
6 110 6 110 0.18574333
125 150 124 150 0.03931400
125 150 126 151 0.00079591
33 95 33 95 0.35641883
33 96 33 96 0.21338082
7 109 7 109 0.44656267
55 74 56 74 0.49172891
55 74 55 75 0.04154304
129 144 132 144 0.00232725
129 144 131 145 0.03698207
129 145 132 145 0.00082810
129 145 131 145 0.03430560
129 145 129 145 0.34599685
124 151 123 151 0.02771720
124 151 126 151 0.06073820
45 84 45 84 0.34115249
54 75 54 76 0.02997175
54 75 55 75 0.60533402
38 90 38 90 0.50055518
14 105 14 105 0.08250933
14 110 14 110 0.02421413
134 139 136 140 0.07341267
134 139 135 141 0.00054374
64 70 64 70 0.74720149
29 100 29 100 0.78437460
62 68 62 68 0.00643455
62 72 63 72 0.00077865
62 72 62 72 0.50589085
62 69 62 69 0.00073585
19 106 19 106 0.12376667
121 155 123 155 0.06128093
121 155 122 156 0.00079775
121 155 121 154 0.00086643
121 155 120 155 0.03625553
13 106 13 106 0.11871933
13 112 13 112 0.04925640
133 140 135 141 0.07733533
133 140 136 140 0.00322666
133 140 132 138 0.00053512
32 97 32 97 0.41481779
32 96 32 96 0.07522888
36 92 36 92 0.51670451
34 92 34 92 0.00159635
34 94 34 94 0.52286402
18 24 18 24 0.01889313
18 107 18 107 0.09236133
117 158 116 158 0.01081540
43 85 43 85 0.60514297
61 69 62 69 0.00095854
61 69 61 69 0.00315113
130 143 133 143 0.00210291
130 143 129 141 0.00050142
130 143 132 144 0.07447867
130 143 131 145 0.00050913
53 76 54 76 0.83677774
53 76 53 77 0.04023712
15 109 15 109 0.02808793
15 104 15 104 0.08916267
44 85 44 85 0.11399043
41 87 41 87 0.43388706
41 88 41 88 0.06714084
9 116 9 115 0.01105687
9 107 9 107 0.21667333
56 73 56 74 0.02273591
56 73 57 73 0.71843446
23 105 23 105 0.02071020
22 105 22 105 0.16248733
31 98 31 98 0.58517180
120 156 120 155 0.00076191
120 156 122 156 0.05869369
120 156 121 157 0.00075767
5 111 5 111 0.23326133
5 118 5 118 0.03184140
5 119 5 119 0.02372440
5 119 5 118 0.00564058
52 77 52 78 0.03997421
52 77 53 77 0.49166438
51 78 51 78 0.03237973
51 78 51 79 0.01826255
51 78 52 78 0.49171737
51 79 51 79 0.03243692
16 103 16 103 0.10692533
42 87 42 87 0.03229181
42 86 42 86 0.48265100
