155 155 0.99686700
49 49 0.98850800
85 85 0.85430200
147 147 0.40570100
122 122 0.85309500
148 148 0.98042100
51 51 0.97211700
159 159 0.82009800
75 75 0.18375700
136 137 0.00072276
136 136 0.94072300
19 19 0.99928700
106 106 0.20055700
97 97 0.31331400
103 103 0.99980100
48 48 0.98852200
95 95 0.35545400
128 128 0.98243000
89 89 0.51573200
152 152 0.63812400
15 15 0.72741800
10 10 0.05480400
150 150 0.96985400
72 72 0.98518500
151 151 0.05246090
56 56 0.90877800
83 83 0.87189400
88 88 0.67615700
23 23 0.85015500
132 132 0.97698500
25 25 0.91872200
3 3 0.06198180
18 18 0.93681300
20 20 0.34332100
13 13 0.74532800
33 32 0.00075107
33 33 0.98456700
82 82 0.33334400
38 38 0.95481400
38 39 0.00130135
38 37 0.03176760
126 126 0.65867700
5 5 0.99808900
34 33 0.00345974
34 34 0.95600500
34 35 0.00128127
79 79 0.89461700
111 111 0.31231400
109 109 0.42021300
101 101 0.40189300
135 136 0.00068428
135 135 0.94795800
65 65 0.60800500
96 96 0.31275800
94 94 0.41409100
93 93 0.98294300
113 113 0.35445400
115 115 0.98205000
66 66 0.32428800
2 2 0.39999200
157 157 0.99720300
157 156 0.00067527
36 37 0.00154045
36 35 0.03451440
36 36 0.95140500
29 30 0.00257782
29 29 0.98734200
62 62 0.29423800
17 17 0.21401500
52 52 0.93012700
92 92 0.30981600
53 53 0.98077500
87 87 0.71723200
58 58 0.22204400
110 110 0.35694800
28 28 0.98721500
28 29 0.00396000
28 27 0.00078367
127 127 0.07296310
77 77 0.81520600
153 153 0.09277340
61 61 0.32079600
9 9 0.35026800
26 27 0.00345034
26 26 0.99258900
43 42 0.00135103
43 43 0.98712200
117 117 0.35040800
108 108 0.85132600
118 118 0.32778700
37 36 0.03338420
37 38 0.00154432
37 37 0.95341800
124 124 0.99156500
121 121 0.68854200
12 12 0.44192000
8 8 0.99277000
4 4 0.35645800
7 7 0.99297700
76 76 0.06106640
142 142 0.96321600
142 143 0.01276410
73 73 0.97071700
138 139 0.02030580
138 138 0.95081000
140 140 0.96163800
140 141 0.01840460
98 98 0.35794500
47 47 0.98850100
71 71 0.99269800
64 64 0.81747800
14 14 0.99718700
24 24 0.88635100
31 31 0.98747500
133 134 0.00169648
133 133 0.40423100
134 134 0.53967000
134 135 0.01114010
35 34 0.03114110
35 36 0.00192586
35 35 0.95174300
90 90 0.31732000
112 112 0.31175800
100 100 0.99975000
32 32 0.98739600
119 119 0.96925200
42 42 0.98584800
42 41 0.00264378
59 59 0.78847100
30 30 0.98743900
30 31 0.00069046
46 46 0.98835400
145 144 0.00106366
145 145 0.93893100
145 146 0.00326747
102 102 0.37009700
149 149 0.54753700
45 45 0.98776900
45 44 0.00061732
55 55 0.98420000
50 50 0.98480200
120 120 0.69348700
154 154 0.99722100
143 144 0.00248697
143 143 0.96748200
70 70 0.99261000
11 11 0.32318700
6 6 0.99592600
67 67 0.41264300
80 80 0.61465200
86 86 0.91222600
146 146 0.54406000
146 147 0.00074274
21 21 0.82680500
74 74 0.79710700
84 84 0.89926900
54 54 0.98283300
114 114 0.41308000
158 158 0.59570300
27 28 0.00571346
27 27 0.98849300
81 81 0.75160700
1 1 0.45202900
44 43 0.00100573
44 44 0.98733800
123 123 0.87701400
22 22 0.99834200
116 116 0.31012200
39 40 0.00078665
39 38 0.03034250
39 39 0.95629500
141 142 0.01743650
141 141 0.96249900
129 130 0.00071487
129 129 0.96370600
130 131 0.00086688
130 130 0.83483000
78 78 0.96892100
107 107 0.71705100
105 105 0.99971900
57 57 0.81631000
63 63 0.72273700
144 144 0.93876700
144 143 0.00075763
144 145 0.00386510
104 104 0.99978000
125 125 0.09408660
60 60 0.97848400
91 91 0.36006300
41 40 0.01590720
41 41 0.97247600
69 69 0.99417400
40 39 0.02909520
40 40 0.95850300
156 155 0.00070760
156 156 0.99715600
99 99 0.42120600
16 16 0.11703400
68 68 0.19200400
131 131 0.67124200
139 139 0.96079400
139 140 0.01936090
137 138 0.03077440
137 137 0.94035100
