2 2 0.32855713
109 109 0.93718067
28 27 0.26258281
28 28 0.58723116
137 137 0.94632274
138 138 0.77181353
41 41 0.75071068
123 123 0.93685350
149 150 0.00054180
149 149 0.79197075
149 148 0.04215404
133 133 0.78130331
148 148 0.84791152
148 147 0.04135440
148 149 0.00051781
79 80 0.00069875
79 78 0.00062914
79 79 0.85941317
82 82 0.88901999
61 61 0.80266276
152 151 0.01104289
152 152 0.78417939
147 146 0.03750536
147 147 0.88767358
147 148 0.00057455
83 83 0.82949382
121 121 0.90024216
99 99 0.85349730
63 63 0.84685170
22 22 0.62142873
22 21 0.03592488
111 111 0.96559412
89 89 0.73881430
29 30 0.00073866
29 29 0.57997792
29 28 0.27575666
19 18 0.03793664
19 19 0.66544083
88 88 0.62915024
38 38 0.89512138
38 36 0.00101611
38 37 0.00585571
153 152 0.00158026
153 153 0.78829493
13 13 0.62878052
73 74 0.00093392
73 73 0.86396160
32 32 0.56930963
32 33 0.00118143
32 31 0.28198965
27 27 0.58343468
27 26 0.25163695
100 100 0.90214780
127 126 0.00058239
127 127 0.95805610
118 118 0.93547706
56 56 0.86162391
74 75 0.00125202
74 74 0.87444158
120 120 0.86997414
34 33 0.29147758
34 35 0.00226514
34 34 0.31165767
6 6 0.61792732
18 18 0.47849867
18 17 0.02829229
47 47 0.75030522
65 65 0.80959969
90 90 0.83390238
124 124 0.91280868
70 70 0.86087230
157 157 0.69918130
8 8 0.55778730
101 101 0.96027495
156 156 0.89543974
12 12 0.72439789
21 21 0.57834638
21 20 0.00575595
54 54 0.73045828
116 116 0.96637269
159 159 0.67572319
119 119 0.90890562
91 91 0.87024282
136 136 0.86563977
46 46 0.84223493
48 48 0.44757721
94 94 0.88154515
66 66 0.87394033
105 105 0.93093370
10 10 0.81345343
98 98 0.75729585
50 50 0.72947837
160 160 0.92956918
68 68 0.96985047
87 87 0.85224190
128 127 0.00056802
128 128 0.97581457
81 81 0.89703959
3 3 0.50335417
104 105 0.00054854
104 104 0.86620191
58 58 0.82265951
143 143 0.90207339
143 144 0.00120315
143 142 0.00253114
134 134 0.86316056
102 102 0.84789947
85 85 0.87456214
57 57 0.86010422
146 146 0.88655985
146 147 0.00103961
146 145 0.02477938
96 96 0.82865799
35 35 0.63530046
35 36 0.00220806
35 34 0.24624058
103 103 0.85676157
145 144 0.02306269
145 145 0.89993626
145 146 0.00086188
154 154 0.82091249
107 107 0.93883318
69 69 0.83081292
31 32 0.00234369
31 30 0.29129666
31 31 0.57657809
23 23 0.50207641
23 22 0.05471310
75 74 0.00066056
75 76 0.00151019
75 75 0.83045314
53 53 0.75215143
60 60 0.74457053
36 34 0.00101676
36 37 0.00173400
36 36 0.65476529
36 35 0.25289236
151 150 0.02351138
151 151 0.91733045
95 95 0.82875548
158 158 0.36089620
140 140 0.80888131
122 122 0.93019239
72 72 0.97106747
4 4 0.78840765
112 112 0.96557597
20 19 0.02926458
20 20 0.59791169
26 25 0.26211371
26 26 0.59343011
93 93 0.88922502
77 78 0.00196940
77 77 0.94777770
77 76 0.00097533
40 40 0.77333473
139 139 0.78164334
59 59 0.90471289
1 1 0.69364801
43 43 0.83461763
86 86 0.88949954
110 110 0.96622431
14 13 0.00050484
14 14 0.64107363
62 62 0.69921370
33 33 0.27304890
33 32 0.26206386
33 34 0.00120017
114 114 0.92387988
132 132 0.71579398
115 115 0.93725281
106 106 0.94186665
129 129 0.97299512
49 49 0.79804176
39 38 0.00086558
39 39 0.83599541
25 24 0.13327415
25 25 0.31573868
71 71 0.87803893
42 42 0.46045114
78 78 0.68127977
78 77 0.00085953
78 79 0.00080026
7 7 0.66328159
5 5 0.65387184
97 97 0.82945003
150 149 0.03836651
150 150 0.93166280
55 55 0.74824786
24 24 0.44013206
24 23 0.06082587
144 145 0.00089082
144 144 0.90787939
144 143 0.02143134
16 15 0.00707555
16 16 0.92421365
155 155 0.93191897
84 84 0.87859878
130 130 0.97310624
17 16 0.01807379
17 17 0.81966963
37 36 0.04002810
37 38 0.00116938
37 35 0.00255949
37 37 0.85227522
52 52 0.93149321
131 131 0.93833763
67 67 0.94537840
44 44 0.86457053
141 141 0.88472945
126 126 0.81947558
125 125 0.89604563
45 45 0.78532757
142 141 0.00059554
142 143 0.00084464
142 142 0.88156297
92 92 0.96048041
11 11 0.66428324
64 64 0.83267221
108 108 0.93901516
51 51 0.83913058
135 135 0.82798768
80 79 0.00052022
80 80 0.86941919
76 77 0.00189469
76 75 0.00105598
76 76 0.81173036
117 117 0.95630090
113 113 0.96611230
15 15 0.76974757
30 30 0.57227520
30 31 0.00148178
30 29 0.28238893
9 9 0.78383031
