94 94 0.88168577
66 66 0.75651437
48 48 0.37446416
46 46 0.75076022
91 91 0.66989625
136 136 0.77136552
119 119 0.87678083
116 116 0.79634828
159 159 0.64878034
54 54 0.81955703
21 21 0.70459347
21 20 0.00294187
12 12 0.66169595
156 156 0.83873548
101 101 0.76593432
8 8 0.73730491
23 22 0.03520673
23 23 0.55247069
31 30 0.21000479
31 31 0.56942355
31 32 0.00050552
69 69 0.79086660
107 107 0.71440061
154 154 0.72197214
145 146 0.00066993
145 145 0.72640703
145 144 0.02812030
103 103 0.66053197
35 34 0.13707279
35 36 0.00066418
35 35 0.77375716
96 96 0.86183236
146 146 0.70412922
146 147 0.00081416
146 145 0.02976993
85 85 0.75010421
57 57 0.86877451
134 134 0.97111834
102 102 0.65806595
58 58 0.77901832
104 104 0.72026921
143 144 0.00088620
143 142 0.00271530
143 143 0.71730762
68 68 0.74807260
87 87 0.76720384
81 81 0.69923837
128 128 0.99242596
3 3 0.52956859
160 160 0.90898319
50 50 0.57590260
10 10 0.73747241
105 105 0.75877723
98 98 0.56836813
99 99 0.88802652
63 63 0.67255236
121 121 0.88497032
83 83 0.68962943
147 147 0.62549979
147 146 0.04364131
82 82 0.71191142
61 61 0.74987071
152 152 0.67969823
152 151 0.01639022
79 79 0.91958477
148 148 0.61846566
148 147 0.04762076
133 133 0.76553994
149 148 0.04730783
149 149 0.56145804
123 123 0.84296940
41 41 0.67562090
137 137 0.87213771
138 138 0.70336253
28 27 0.18464132
28 28 0.69317454
2 2 0.42166311
109 109 0.75959990
157 157 0.74767415
70 70 0.96871332
90 90 0.66677677
65 65 0.62815662
124 124 0.81263238
47 47 0.77556937
18 17 0.00969602
18 18 0.52547274
120 120 0.99296780
34 34 0.33329787
34 32 0.00055935
34 35 0.00091415
34 33 0.18943440
6 6 0.64059621
118 118 0.87595741
74 74 0.83001084
56 56 0.80328425
27 27 0.63004637
27 26 0.18291480
100 100 0.89165508
127 127 0.98378641
153 152 0.00233151
153 153 0.65273837
32 32 0.56107914
32 31 0.21051511
13 13 0.59027267
73 73 0.98318623
88 88 0.60565288
19 18 0.01959732
19 19 0.65971887
38 36 0.00058664
38 38 0.77079031
38 37 0.00390369
29 28 0.19587885
29 29 0.57737420
22 21 0.02219801
22 22 0.69901156
111 111 0.75933221
89 89 0.63478842
142 142 0.71026100
142 143 0.00062176
142 141 0.00050122
45 45 0.77370396
92 92 0.72570977
11 11 0.69223228
125 125 0.99338029
126 126 0.99294751
141 141 0.81267853
44 44 0.89858988
67 67 0.77922024
131 131 0.92420288
37 35 0.00267172
37 36 0.02609639
37 37 0.86790428
52 52 0.77766287
17 16 0.01213063
17 17 0.73114544
84 84 0.90397813
130 130 0.84153762
155 155 0.75628777
16 16 0.86489589
16 15 0.00458415
144 143 0.02662874
144 145 0.00073577
144 144 0.74833440
24 24 0.30005527
24 23 0.04380916
150 149 0.04564897
150 150 0.69318214
55 55 0.74008308
97 97 0.76784891
30 30 0.57292064
30 29 0.20841813
15 15 0.67626099
9 9 0.80149680
117 117 0.87618445
113 113 0.89371648
76 76 0.65352316
135 135 0.73418430
80 80 0.90551427
51 51 0.66246018
108 108 0.74628713
64 64 0.60052110
40 40 0.73723317
139 139 0.86475690
77 77 0.98520954
93 93 0.65916085
26 25 0.15533570
26 26 0.64753457
20 19 0.01503079
20 20 0.72134671
112 112 0.79384703
4 4 0.88205960
72 72 0.86884715
140 140 0.68472860
122 122 0.84284151
95 95 0.77120984
158 158 0.47886720
151 151 0.75121907
151 150 0.03105079
36 36 0.78751402
36 35 0.16590412
36 34 0.00091256
60 60 0.73500498
75 75 0.65630094
53 53 0.59984148
5 5 0.70639682
42 42 0.34515653
7 7 0.70813181
78 78 0.77979367
71 71 0.88709989
25 25 0.27686329
25 24 0.06980348
39 39 0.86600444
39 38 0.00058962
49 49 0.70728284
106 106 0.77268198
129 129 0.81134165
33 33 0.25058420
33 32 0.20779612
114 114 0.77086050
132 132 0.82531580
115 115 0.97937244
110 110 0.79436095
62 62 0.74865374
14 14 0.50305916
86 86 0.99333141
43 43 0.71451279
1 1 0.67581159
59 59 0.72449387
