89 104 89 106 0.00137250
89 113 86 109 0.00218709
89 113 86 110 0.00153088
89 113 85 110 0.16239600
89 113 85 112 0.00100319
89 113 85 111 0.00862355
89 113 84 112 0.00134822
133 146 133 145 0.00058587
9 141 10 141 0.02256160
135 144 135 144 0.15787000
135 143 135 143 0.08941860
15 137 14 137 0.01435900
15 131 15 131 0.11655400
15 129 17 129 0.00073019
15 117 12 114 0.00226699
3 147 3 147 0.97428300
38 117 34 117 0.02330670
61 68 58 65 0.00091093
61 68 58 68 0.01639720
61 68 59 65 0.00142662
61 68 59 68 0.01190090
61 68 61 67 0.00136774
61 68 60 68 0.04681770
61 65 58 65 0.00229409
61 65 60 65 0.00942400
61 65 60 64 0.01172330
61 65 59 65 0.00493190
61 65 59 64 0.00197746
52 75 49 75 0.40535000
52 75 52 72 0.00174627
52 75 51 73 0.11850200
56 71 53 71 0.57037700
56 71 55 69 0.11694000
56 71 54 70 0.26258800
84 115 84 114 0.00324760
84 115 84 112 0.00379616
84 115 82 114 0.00417326
84 115 82 112 0.00956382
84 115 82 113 0.00287084
35 120 33 118 0.00436360
14 136 14 137 0.00383006
14 38 12 36 0.01051580
14 38 14 34 0.00074637
14 38 13 35 0.00114937
14 130 11 128 0.00058608
14 130 16 130 0.00372075
50 76 48 76 0.00756685
50 77 47 77 0.55221400
50 77 49 75 0.11699300
50 77 48 76 0.28482800
97 105 94 101 0.00121695
97 105 93 102 0.13112500
97 105 93 101 0.00116959
97 105 92 103 0.00366510
97 104 94 101 0.01937250
97 104 93 102 0.00281802
97 104 93 101 0.02351880
125 133 125 133 0.29417600
20 27 20 28 0.00156952
20 30 20 28 0.80291200
20 30 19 29 0.00266026
20 24 22 26 0.00417009
23 33 19 29 0.00152774
23 28 22 26 0.37802000
23 28 21 26 0.01422670
23 32 20 28 0.05047490
23 32 19 29 0.00120030
87 115 84 112 0.00368737
62 67 60 64 0.00245162
62 67 60 65 0.02011980
62 67 61 67 0.02128240
62 67 61 66 0.00123588
62 67 59 64 0.00192342
62 67 59 65 0.00089091
62 66 61 66 0.00796690
62 66 60 64 0.02322010
62 66 60 65 0.01221610
62 66 59 65 0.00090962
62 66 62 66 0.01757760
62 69 60 68 0.00858430
62 69 62 69 0.00098833
64 69 64 69 0.00216519
64 69 63 68 0.04797200
43 88 42 84 0.05962900
43 83 43 81 0.00118364
43 89 42 84 0.00053500
96 106 91 104 0.00342141
96 106 93 102 0.00185769
96 106 92 103 0.13102900
96 105 92 103 0.00168086
96 105 93 102 0.01672680
11 139 12 139 0.01848160
11 139 11 140 0.00442916
11 139 10 139 0.02785880
48 78 48 76 0.00628368
48 78 46 78 0.70585500
48 78 47 77 0.00451737
48 79 47 77 0.07123640
48 79 45 79 0.04079790
48 79 46 78 0.05867640
48 79 48 76 0.00100399
54 73 52 72 0.29884000
54 73 53 71 0.11876300
54 73 51 73 0.57044400
54 73 54 70 0.00163715
16 37 14 34 0.00202023
16 37 15 33 0.02468570
16 37 13 35 0.10192800
16 130 16 130 0.61747700
59 65 58 65 0.11406800
59 65 58 62 0.00105522
59 65 58 64 0.11204400
59 65 57 63 0.10744400
59 65 59 65 0.08525140
59 63 57 63 0.05814290
59 63 58 62 0.08128420
112 119 112 119 0.06882260
112 119 112 118 0.00076715
60 68 58 65 0.00105090
60 68 58 68 0.01419510
60 68 59 68 0.03684120
60 68 57 66 0.00160759
60 68 57 67 0.00129343
60 68 60 68 0.03024250
60 65 58 65 0.00264106
60 65 58 64 0.00363672
60 65 60 65 0.00408932
60 65 59 64 0.01037100
60 65 59 65 0.00840169
60 64 59 64 0.07124880
60 64 57 63 0.00294991
60 64 60 64 0.06319460
60 64 58 64 0.00859354
60 64 58 62 0.04661930
17 36 15 33 0.00175843
17 36 16 32 0.01343330
17 36 14 34 0.04868090
17 33 16 32 0.00107499
17 33 17 31 0.62288200
137 142 136 142 0.00057710
94 101 94 101 0.78618200
94 108 89 106 0.00383131
94 108 91 104 0.00267032
94 108 90 105 0.14553700
12 138 12 139 0.00422116
12 138 13 138 0.00723846
12 138 11 138 0.00975039
44 83 43 83 0.00109904
44 83 43 81 0.07970580
44 83 42 82 0.04663290
44 83 44 80 0.00891614
45 82 43 81 0.05663360
45 82 42 82 0.01211020
45 82 45 79 0.00449204
45 82 44 80 0.10062200
45 82 44 82 0.00206999
57 70 57 67 0.00060425
57 70 55 67 0.00129507
57 70 55 69 0.23264000
57 70 54 70 0.55515200
57 70 56 67 0.00115581
57 70 56 69 0.00816878
57 69 56 67 0.00718947
57 69 56 69 0.00098559
57 69 55 67 0.00459030
57 69 55 69 0.00262055
57 67 55 66 0.01163610
57 67 55 67 0.00743726
57 67 56 66 0.00733687
57 67 56 67 0.00605035
57 67 57 67 0.00053185
93 100 93 102 0.00212504
93 109 88 107 0.00376695
93 109 89 106 0.10647700
93 109 90 105 0.00267416
53 74 53 71 0.00172822
53 74 52 72 0.07170840
53 74 51 73 0.26357800
82 117 82 114 0.00404963
82 117 82 116 0.00443050
82 117 81 117 0.00148623
82 117 81 115 0.00094238
136 143 136 143 0.50196400
136 143 136 142 0.00078751
136 143 135 143 0.00058943
95 107 92 103 0.00113047
95 107 90 105 0.00381579
95 107 91 104 0.16883200
95 106 92 103 0.00173040
95 106 91 104 0.00088662
115 126 114 126 0.00261555
51 76 49 75 0.29266400
51 76 51 73 0.00161328
51 76 48 76 0.56329500
42 89 42 84 0.00058185
132 146 132 146 0.08170350
36 119 34 117 0.00615184
90 112 87 108 0.00135318
90 112 87 109 0.00071432
90 112 85 110 0.00117504
90 112 85 111 0.00062964
90 112 86 109 0.13822600
90 112 86 110 0.00259249
90 103 90 105 0.00164232
119 124 118 124 0.00409541
119 124 119 124 0.08179520
119 124 117 124 0.00347726
19 31 19 29 0.80186800
19 31 18 30 0.00333545
19 34 17 31 0.00143865
19 34 16 32 0.10191600
19 34 18 30 0.02845220
19 26 21 27 0.00079018
19 25 21 27 0.00490013
19 28 19 29 0.00144217
58 67 57 66 0.03385030
58 67 57 67 0.01824220
58 67 55 67 0.03542480
58 67 56 66 0.02725490
58 67 56 67 0.00734165
58 69 55 69 0.28774200
58 69 55 67 0.00081928
58 69 56 66 0.00152111
58 69 56 69 0.01620610
58 69 56 67 0.03622330
58 69 58 68 0.00239799
58 69 57 67 0.06763530
58 69 57 66 0.00112733
58 69 57 69 0.02800490
58 66 57 63 0.00086330
58 66 57 66 0.05830810
58 66 56 66 0.02563420
58 66 55 66 0.04027640
24 32 20 28 0.00073671
24 31 20 28 0.00058532
24 31 21 27 0.11791400
47 81 45 79 0.00085914
47 81 43 81 0.00258176
47 83 45 79 0.00059973
47 83 43 83 0.00092964
47 79 47 77 0.00992006
47 79 46 78 0.00924185
47 79 45 79 0.76108200
138 145 138 145 0.01160200
134 145 134 145 0.16993100
134 144 134 144 0.16217800
98 103 94 101 0.00213209
98 103 94 100 0.03206520
98 103 93 101 0.00053663
99 103 94 101 0.00102562
10 140 9 140 0.00952127
10 140 11 140 0.00930471
10 140 10 141 0.00439940
7 143 7 143 0.07946550
22 29 20 28 0.00053418
22 29 21 27 0.28729500
110 118 112 118 0.00302089
83 116 81 115 0.00539732
83 116 82 113 0.00407108
83 116 82 116 0.00430426
83 116 82 114 0.00287757
121 126 119 124 0.00330947
121 126 120 125 0.00087702
25 30 21 27 0.00105887
25 30 21 26 0.00180084
25 30 22 26 0.09795800
130 149 130 149 0.00520635
88 105 88 107 0.00366532
46 84 42 84 0.00162230
46 80 45 79 0.00876035
46 80 44 80 0.51636100
46 80 46 78 0.00737971
18 32 18 30 0.81513800
18 32 17 31 0.00264097
18 28 20 28 0.00108566
18 35 16 32 0.00095187
18 35 15 33 0.08918520
18 35 17 31 0.02477640
91 111 86 109 0.00311727
91 111 88 107 0.00260086
91 111 87 108 0.17230400
91 111 87 109 0.00274805
91 104 91 104 0.33185300
4 146 4 146 0.39136100
37 118 33 118 0.00545240
116 123 113 120 0.00218825
124 135 124 135 0.05779280
92 103 92 103 0.78404900
92 101 92 103 0.00216156
55 72 55 69 0.00170621
55 72 54 70 0.10473300
55 72 53 71 0.29870500
55 72 52 72 0.57139100
2 148 2 148 0.47879700
