1 12 1 12 0.02710900
1 68 1 68 0.01346203
1 8 1 8 0.02331185
1 35 1 35 0.00054764
1 38 1 38 0.01031890
139 151 139 151 0.12524256
52 60 52 60 0.15042861
140 150 140 150 0.16946230
142 148 142 148 0.12783733
75 128 75 128 0.10669500
11 42 11 42 0.00158603
11 63 11 63 0.00058115
11 27 11 27 0.00528070
11 44 11 44 0.00602163
47 68 47 68 0.01319343
47 56 47 56 0.00093441
14 41 14 41 0.00565300
14 137 14 137 0.07106433
14 23 14 23 0.00852854
50 62 50 62 0.18443380
50 67 50 67 0.00221792
21 37 21 37 0.00972663
21 130 21 130 0.00785967
21 34 21 34 0.12750352
4 34 4 34 0.02408558
4 47 4 47 0.00485037
25 32 25 32 0.00731265
55 63 55 63 0.02040200
55 66 55 66 0.00118882
43 71 43 71 0.00522727
43 61 43 61 0.00099420
43 64 43 64 0.00223509
36 46 37 48 0.00086782
36 46 38 47 0.00114050
19 132 19 132 0.07207533
6 22 6 22 0.02237452
6 45 6 45 0.00598790
6 49 6 49 0.00139184
46 68 46 68 0.01340837
46 69 46 69 0.00825350
70 133 70 133 0.03603167
10 28 10 28 0.01603130
10 45 10 45 0.01083287
48 65 48 65 0.02904997
48 64 48 64 0.20464967
48 67 48 67 0.00679353
48 55 48 55 0.00166478
12 62 12 62 0.00251908
12 25 12 25 0.00234644
12 41 12 41 0.00172416
5 46 5 46 0.00422070
5 34 4 34 0.00064265
57 69 59 69 0.00633225
53 62 53 62 0.00094609
53 61 53 61 0.00193934
53 59 53 59 0.17529881
53 65 53 65 0.00683017
40 44 40 44 0.05000009
40 63 40 63 0.00081316
68 72 68 72 0.00671615
54 64 54 64 0.21809717
54 67 54 67 0.00081458
54 59 54 59 0.01399787
54 61 54 61 0.00213324
54 60 54 60 0.00382983
34 68 34 68 0.01977693
34 50 34 50 0.00066449
41 66 41 66 0.00243319
41 63 41 63 0.00176568
31 38 31 38 0.00107628
20 38 20 38 0.00896747
20 131 20 131 0.01654823
20 35 20 35 0.09588300
74 129 74 129 0.11619733
3 36 3 35 0.00056518
3 36 2 36 0.00102061
3 10 3 10 0.10317233
3 66 3 66 0.02860893
3 48 3 48 0.00445533
51 61 51 61 0.18600972
35 46 36 48 0.00145092
35 46 37 48 0.00081749
35 49 35 49 0.00162719
35 151 35 151 0.00119091
35 67 35 67 0.02680340
16 135 16 135 0.11665767
16 21 16 21 0.01812114
18 133 18 133 0.20423633
59 66 59 66 0.00091288
7 14 7 14 0.00871380
7 44 7 44 0.00148794
7 21 7 21 0.00922162
7 32 7 32 0.06659777
7 48 7 48 0.00271948
29 41 29 41 0.00098622
56 65 56 65 0.00294851
56 62 56 62 0.02891436
8 47 8 47 0.00639313
8 20 8 20 0.00163975
8 31 8 31 0.03974516
66 74 66 74 0.00257041
66 137 66 137 0.00338910
17 134 17 134 0.11850833
38 47 38 47 0.05470057
38 67 38 67 0.04547400
38 46 38 46 0.02156891
45 69 45 69 0.02246847
64 143 64 143 0.00119038
67 73 67 73 0.00334992
42 62 42 62 0.00145947
42 65 42 65 0.00903383
30 40 30 40 0.00249097
33 48 34 50 0.00842036
33 48 36 48 0.00146216
33 48 35 49 0.01098762
37 48 37 48 0.01508796
37 68 37 68 0.05505000
37 44 39 46 0.00583707
37 44 39 45 0.00591314
37 44 38 46 0.00275443
37 149 37 149 0.00116088
32 49 34 50 0.00684302
32 37 32 37 0.00523287
71 132 71 132 0.08496800
72 131 72 131 0.07972667
23 29 23 29 0.00547537
23 32 23 32 0.15518493
2 67 2 67 0.01446607
2 11 2 11 0.03057663
2 7 2 7 0.03733866
73 130 73 130 0.08440233
44 60 44 60 0.00059553
44 70 44 70 0.00748567
39 46 39 46 0.04997906
39 45 39 45 0.19429770
22 35 22 35 0.00885763
22 30 22 30 0.01269090
49 54 49 54 0.00369330
49 66 49 66 0.00307213
49 68 49 68 0.00193773
49 58 49 58 0.00054183
49 63 49 63 0.16216856
24 34 24 34 0.00580487
24 31 24 31 0.23084442
28 42 28 42 0.00079745
