77 88 78 88 0.00183773
53 111 53 111 0.05613900
59 104 59 104 0.68431600
60 103 60 103 0.58701800
71 94 71 94 0.86974200
64 100 64 100 0.38311900
76 89 76 89 0.62374800
72 93 72 93 0.70540100
103 108 103 108 0.00375668
56 107 56 107 0.08036730
56 105 56 105 0.05167420
80 87 80 87 0.00387471
65 100 65 100 0.08491750
65 101 65 101 0.01068450
73 92 73 92 0.60346700
81 86 81 86 0.05727040
70 96 70 96 0.16269700
63 101 63 101 0.32366800
63 100 63 100 0.18818500
54 108 54 108 0.04934460
54 109 54 109 0.22520400
79 86 79 86 0.86525200
79 86 80 86 0.00163953
78 87 78 87 0.63385400
78 87 78 88 0.00056319
78 87 79 87 0.00111500
110 118 110 118 0.54730500
55 106 55 106 0.70895800
66 98 66 98 0.22393300
66 99 66 99 0.24098300
66 96 66 96 0.07801060
109 135 109 135 0.06793700
111 117 111 117 0.07596540
62 101 62 101 0.38451800
102 109 102 109 0.00266869
52 112 52 112 0.04800900
