52 52 0.34536300
112 112 0.68334000
5 5 0.86886300
74 74 0.11696500
28 28 0.58271300
105 105 0.33374400
123 123 0.95540800
124 124 0.95541800
2 2 0.99983700
115 115 0.95539100
151 151 0.74382600
95 95 0.43395400
138 138 0.84490700
139 139 0.48576400
39 39 0.39471800
16 16 0.78559000
134 134 0.44894800
20 20 0.96520100
67 67 0.62341900
102 102 0.99906600
80 80 0.99770000
147 147 0.78812900
35 35 0.99637100
63 63 0.98547900
10 10 0.96823100
107 107 0.96388600
66 66 0.59951300
55 55 0.39484300
71 71 0.25235100
121 121 0.95539100
114 114 0.93770100
132 132 0.82287700
61 61 0.45519200
45 45 0.44536700
122 122 0.95534100
54 54 0.12522500
141 141 0.67006600
133 133 0.51942500
120 120 0.95537300
136 136 0.82976800
130 130 0.62925800
109 109 0.85683800
149 149 0.96679800
15 15 0.62505800
17 17 0.96512600
110 110 0.88877700
111 111 0.66213700
137 137 0.85980500
11 11 0.87628000
125 125 0.95541900
26 26 0.77474800
93 93 0.96717100
53 53 0.99995300
117 117 0.95526800
146 146 0.96668000
43 43 0.99294900
81 81 0.99777200
88 88 0.93300500
145 145 0.52303600
144 144 0.50055100
59 59 0.26268100
34 34 0.45563100
152 152 0.95669600
91 91 0.79710100
30 30 0.89550400
126 126 0.95540200
27 27 0.31867100
76 76 0.99979400
154 154 0.87288600
65 65 0.98552600
72 72 0.99690100
38 38 0.27970000
135 135 0.49355600
18 18 0.96519700
127 127 0.87662100
89 89 0.51694500
4 4 0.83595400
148 148 0.81918700
6 6 0.76769600
36 36 0.26269100
44 44 0.33834700
32 32 0.98567900
21 21 0.81716700
33 33 0.44727600
85 85 0.25071200
57 57 0.38005500
119 119 0.95524700
40 40 0.39484200
94 94 0.93853600
41 41 0.12321000
103 103 0.35346600
140 140 0.61865200
104 104 0.44769000
58 58 0.89801900
78 78 0.11696400
83 83 0.99625700
70 70 0.25142300
87 87 0.90430100
129 129 0.66221500
37 37 0.99821200
42 42 0.99294900
29 29 0.60926700
153 153 0.88022500
69 69 0.44966100
23 23 0.92705300
118 118 0.95529800
49 49 0.99296900
31 31 0.98576000
100 100 0.99909600
98 98 0.35346900
48 48 0.99295500
8 8 0.86296800
113 113 0.48090400
86 86 0.61426500
60 60 0.99602300
96 96 0.33374400
131 131 0.50295600
25 25 0.92872500
7 7 0.80705100
79 79 0.99780300
116 116 0.95535700
22 22 0.91676700
56 56 0.39471900
46 46 0.39372800
47 47 0.99289700
128 128 0.95539700
19 19 0.96520400
143 143 0.62652400
14 14 0.60410600
13 13 0.65809700
150 150 0.69617100
92 92 0.96718500
97 97 0.44769000
50 50 0.39875000
106 106 0.43395200
75 75 0.99979100
62 62 0.44693400
24 24 0.95534200
142 142 0.79829500
101 101 0.99899400
1 1 0.88289200
73 73 0.47064500
90 90 0.62501700
68 68 0.45179900
64 64 0.98548900
82 82 0.46994200
99 99 0.99910700
9 9 0.82401900
12 12 0.71182200
108 108 0.91036800
77 77 0.99980600
84 84 0.25163900
3 3 0.95223400
51 51 0.45238600
