26 26 0.99865100
125 125 0.99902800
93 93 0.99808800
53 53 0.99993900
111 111 0.99967100
137 137 0.99994700
11 12 0.06240570
11 11 0.93074800
17 18 0.04782360
17 17 0.93212700
15 15 0.92620400
15 16 0.05411680
110 110 0.99955500
144 144 0.51484000
59 59 0.99965800
81 81 0.84639100
88 88 0.95602900
145 145 0.51472500
43 43 0.99988500
117 117 0.99931600
146 146 0.99937600
76 76 0.98997400
154 154 0.99983200
126 126 0.91589300
27 27 0.99966000
152 152 0.02958470
91 91 0.99108400
30 30 0.99936100
34 34 0.99995300
148 148 0.99901800
4 5 0.02552540
4 3 0.00162256
4 4 0.95817500
38 38 0.99998300
135 135 0.44191000
127 127 0.59461200
18 18 0.93557000
18 19 0.02768490
89 89 0.10864200
65 65 0.99979800
72 72 0.98998000
124 124 0.99906300
28 28 0.99973300
123 123 0.99930400
105 105 0.87435600
5 6 0.02847410
5 4 0.00072819
5 5 0.95520600
112 112 0.99967100
74 74 0.98985000
52 52 0.99997900
16 16 0.92948400
16 17 0.05079650
20 21 0.00394313
20 20 0.95938900
134 134 0.40512200
138 138 0.99996000
139 139 0.44191500
39 39 0.99996200
95 95 0.95625900
2 3 0.00110989
2 2 0.98439700
115 115 0.99968300
151 151 0.99948600
107 107 0.78955300
35 35 0.99997800
63 63 0.99980000
10 11 0.04459430
10 10 0.94839400
102 102 0.99918700
80 80 0.78823300
147 147 0.51111300
67 67 0.99971500
130 130 0.51484600
109 109 0.95620400
149 149 0.99895400
61 61 0.99978600
141 141 0.40984800
54 54 0.99994400
122 122 0.03901050
45 45 0.99998100
133 133 0.43553900
136 136 0.99994400
120 120 0.02982870
121 121 0.99963100
114 114 0.99971400
132 132 0.99996300
71 71 0.64138100
55 55 0.99976100
66 66 0.99975300
22 22 0.93254000
22 23 0.00078967
56 56 0.99945400
46 46 0.99996700
116 116 0.99938600
131 131 0.03168030
25 25 0.99780900
25 26 0.00103951
79 79 0.98972700
7 7 0.95581800
7 8 0.02849280
96 96 0.99778000
50 50 0.99998800
106 106 0.76437100
14 15 0.00817401
14 14 0.92400200
13 14 0.05477100
13 13 0.92688000
150 150 0.03884010
92 92 0.99797900
97 97 0.99775300
47 47 0.99989700
19 19 0.95580700
19 20 0.02416470
128 128 0.99943200
143 143 0.03167590
68 68 0.99966600
64 64 0.99980600
82 82 0.30655000
142 142 0.99985600
1 2 0.00100648
1 1 0.99227400
101 101 0.99887700
73 73 0.98998800
90 90 0.99103400
62 62 0.99976900
24 24 0.99707700
24 25 0.00178255
75 75 0.98995600
51 51 0.99999000
77 77 0.99000400
84 84 0.95427600
3 2 0.00102402
3 4 0.00396337
3 3 0.95129700
9 10 0.00906791
9 9 0.94979800
108 108 0.99954800
12 12 0.92716500
12 13 0.07193940
99 100 0.00050520
99 99 0.99796900
57 57 0.99953500
32 32 0.99943000
21 22 0.00189474
21 21 0.97975600
33 33 0.99974800
85 85 0.93514200
44 44 0.99997200
6 7 0.02848970
6 6 0.95574100
36 36 0.99998600
104 104 0.99949000
103 103 0.99948300
140 140 0.43077500
40 40 0.99995000
94 94 0.86683700
41 41 0.99988000
119 119 0.99956500
118 118 0.99958700
31 31 0.99929000
49 49 0.99998500
69 69 0.99652000
23 23 0.97866400
23 24 0.00244934
70 70 0.69183800
87 87 0.99197000
129 129 0.51473200
37 37 0.99998400
153 153 0.99964200
42 42 0.99977600
29 29 0.99969500
58 58 0.99961100
78 78 0.98985400
83 83 0.98211100
60 60 0.99972900
8 9 0.03178140
8 8 0.95307100
113 113 0.99962800
86 86 0.96375200
48 48 0.99997100
100 100 0.99885500
98 99 0.00061914
98 98 0.99794200
