145 145 0.50394000
88 90 0.00460705
88 88 0.90558300
88 89 0.00055398
88 91 0.00158621
81 81 0.75069200
81 83 0.00202197
144 144 0.50637700
59 59 0.95998000
117 118 0.00948940
117 120 0.00110592
117 117 0.80805800
117 119 0.00183769
146 146 0.97460900
43 43 0.96448700
11 10 0.08824220
11 11 0.87965700
111 112 0.00078513
111 114 0.00393885
111 111 0.76288300
111 113 0.00175328
137 137 0.99130500
93 93 0.76605600
93 95 0.03701790
93 94 0.00459359
93 96 0.00206764
53 53 0.95490600
125 126 0.00386645
125 125 0.96543400
125 124 0.00073665
26 25 0.00392180
26 26 0.98492200
110 113 0.01964050
110 110 0.76339000
110 111 0.00051314
110 112 0.00572697
17 16 0.09044010
17 17 0.89273000
15 14 0.02960790
15 15 0.84273100
4 5 0.00065796
4 4 0.87112900
4 3 0.02557320
148 148 0.94308100
72 72 0.89130700
65 65 0.96009600
18 17 0.08558690
18 18 0.89828200
127 127 0.61953900
127 128 0.00243116
89 91 0.03311980
89 89 0.18546200
89 92 0.02574850
89 90 0.00173856
135 135 0.43517200
38 38 0.96458200
126 127 0.00259767
126 125 0.00053031
126 126 0.89700200
27 26 0.00086432
27 27 0.98810400
154 154 0.97473100
76 76 0.82315900
76 78 0.00249170
34 34 0.86598300
30 30 0.98787300
152 152 0.99957000
91 91 0.82762300
91 94 0.02739940
91 93 0.08736240
91 92 0.00152003
138 138 0.99131800
139 139 0.43517700
39 39 0.96456200
20 20 0.93639300
20 19 0.04762590
134 134 0.39025400
16 15 0.09580910
16 16 0.88833300
151 151 0.93919100
115 118 0.06860660
115 117 0.00356015
115 115 0.62097700
115 116 0.00350182
2 3 0.00195912
2 2 0.89584000
2 1 0.03756490
95 95 0.70098300
95 97 0.10115600
95 98 0.00585886
95 96 0.00109152
123 123 0.96181800
123 124 0.01210270
105 105 0.56668600
105 107 0.00655879
105 108 0.10568500
28 28 0.98853500
124 123 0.00104059
124 124 0.83146800
124 125 0.02497530
52 52 0.92123600
5 4 0.09171380
5 5 0.87093200
112 112 0.76283100
112 115 0.00459466
74 74 0.73082000
133 133 0.29947400
120 121 0.00776149
120 120 0.75348700
120 123 0.00174978
136 136 0.99130300
61 61 0.96009000
141 141 0.56846000
122 125 0.00170143
122 122 0.05799810
122 123 0.01245680
45 45 0.81297500
54 54 0.95490700
109 111 0.00563111
109 109 0.74184000
109 112 0.21285100
130 130 0.50578300
149 149 0.97428600
55 55 0.95456000
71 71 0.55894900
71 72 0.00054239
66 66 0.96004100
114 116 0.00091479
114 117 0.11744800
114 114 0.45641800
132 132 0.99243200
121 123 0.00109607
121 122 0.00824009
121 124 0.00188419
121 121 0.75308000
63 63 0.96010100
10 10 0.88028000
10 9 0.00472934
35 35 0.83122300
107 109 0.01189140
107 107 0.48759000
107 110 0.17269300
107 111 0.00058484
67 67 0.95999200
147 147 0.52515300
80 82 0.00069348
80 80 0.56796700
80 81 0.00230680
102 102 0.73522900
102 105 0.16333000
50 50 0.93054000
106 109 0.14389800
106 108 0.00956861
106 106 0.50147500
106 110 0.00059192
128 128 0.97206300
128 129 0.00125486
19 18 0.05326120
19 19 0.93069900
143 143 0.03121180
47 47 0.19499900
13 13 0.87968300
13 12 0.11584400
150 150 0.28335000
92 94 0.11824900
92 92 0.79357900
92 95 0.02815470
92 93 0.00393024
97 97 0.73135100
97 99 0.01784590
97 100 0.21133200
14 14 0.87596000
14 13 0.07516710
116 118 0.00264497
116 119 0.06173100
116 116 0.76274300
116 117 0.02746290
22 21 0.01197660
22 22 0.90051300
56 56 0.95341700
46 46 0.78795300
96 98 0.07892830
96 96 0.73427500
96 99 0.02090930
96 97 0.00076915
25 24 0.00695608
25 25 0.98877500
131 131 0.03118380
79 81 0.00053871
79 79 0.84218100
7 6 0.09019150
7 7 0.87271000
3 3 0.87626000
3 4 0.00249983
3 2 0.00749625
84 84 0.90845000
84 86 0.00123345
84 85 0.00159065
84 87 0.00075979
77 79 0.00806079
77 77 0.94397000
51 51 0.93532300
99 102 0.09402960
99 101 0.00091809
99 99 0.73130600
99 98 0.00061974
12 11 0.09510140
12 12 0.87769700
108 112 0.00057466
108 108 0.45306400
108 111 0.08130380
108 110 0.01327580
9 9 0.87358300
9 8 0.02399160
90 91 0.00121385
90 93 0.02686650
90 92 0.08299990
90 90 0.83290200
73 73 0.81337400
142 142 0.69885400
101 101 0.73486700
101 104 0.08577470
1 1 0.88257800
82 82 0.28134900
82 84 0.00364548
68 68 0.95989600
64 64 0.96010500
75 75 0.82177100
62 62 0.96007200
24 23 0.00992100
24 25 0.00060625
24 24 0.98614900
140 140 0.43109500
103 106 0.16157400
103 103 0.73555100
103 105 0.00055039
104 106 0.00200820
104 104 0.73559700
104 107 0.16096500
119 121 0.00075285
119 119 0.88592000
119 122 0.00152824
119 120 0.00775234
41 41 0.96448000
40 40 0.96455000
94 94 0.58819700
94 97 0.00161032
94 96 0.00355426
85 88 0.00115714
85 85 0.89041600
85 86 0.00062802
85 87 0.00053560
33 33 0.84572000
21 21 0.92863200
21 20 0.01522260
32 32 0.20850800
57 57 0.81631400
6 6 0.87222300
6 5 0.09107180
36 36 0.97113100
44 44 0.77225800
113 113 0.75517000
113 116 0.18829400
86 86 0.91800200
86 87 0.00104732
86 89 0.00134477
8 8 0.87352700
8 7 0.08939390
60 60 0.96004200
98 100 0.00266165
98 101 0.09650620
98 98 0.73124800
100 99 0.00051098
100 103 0.00320924
100 100 0.73481800
48 48 0.97461100
23 23 0.94253400
23 22 0.00907555
69 69 0.81356200
31 31 0.98786500
49 49 0.97461400
118 120 0.00095432
118 119 0.01285050
118 118 0.87632500
118 121 0.00162221
58 58 0.95994900
78 78 0.82978200
83 83 0.93816100
83 84 0.00085138
83 85 0.00167243
37 37 0.96458300
29 29 0.98858300
153 153 0.96907400
42 42 0.96438200
70 70 0.58420000
87 87 0.94443500
87 89 0.00098348
87 90 0.00153872
87 88 0.00137487
129 130 0.00064280
129 129 0.50271200
