76 85 76 85 0.01491041
84 93 84 93 0.00166903
116 139 116 139 0.28183430
116 138 116 138 0.01815697
120 136 120 136 0.05576435
120 137 120 137 0.22916345
104 147 104 150 0.00104901
104 147 107 147 0.00054259
104 150 104 150 0.23249032
125 131 125 131 0.47234955
30 77 30 77 0.25964431
25 82 25 82 0.01271282
25 80 25 80 0.15761937
103 151 103 151 0.23011005
114 141 114 141 0.05508598
5 13 5 13 0.23428215
77 84 77 84 0.13629659
42 62 42 62 0.09803055
42 64 42 64 0.04532453
18 99 18 99 0.09169355
18 99 19 98 0.00052123
18 93 18 93 0.01556349
18 89 18 89 0.18292350
18 85 18 85 0.00091574
18 88 18 88 0.00360568
18 86 18 86 0.01341193
24 81 24 81 0.23208462
24 86 24 86 0.00407613
24 85 24 85 0.01124757
99 152 99 152 0.04280267
16 95 16 95 0.00124158
28 80 28 80 0.02062144
28 82 28 82 0.00505979
4 14 4 14 0.28249624
4 17 3 15 0.00521250
123 133 123 133 0.26872729
44 64 44 64 0.14043412
44 62 44 62 0.09790033
39 66 39 66 0.10790907
39 66 39 67 0.00071853
39 67 39 67 0.06113926
2 16 2 16 0.22735925
14 18 14 18 0.00118089
112 142 112 142 0.30944101
21 84 21 84 0.04257033
21 87 21 87 0.04933218
48 60 48 60 0.22875614
23 84 23 84 0.04577867
23 87 23 87 0.01684342
37 69 37 69 0.18874893
37 68 37 69 0.00172019
37 68 38 68 0.00165410
43 61 43 61 0.02371412
43 65 43 65 0.02994292
43 62 43 62 0.01540955
43 64 43 64 0.02541028
113 141 113 141 0.20122964
19 85 19 85 0.04189036
19 88 19 88 0.09804674
19 92 19 92 0.03300737
19 98 19 98 0.03947641
19 98 18 99 0.00142214
124 132 124 132 0.26694839
100 154 100 154 0.06707600
40 66 40 66 0.06486100
40 65 40 65 0.10852469
40 64 40 64 0.02043520
34 73 34 73 0.34744612
110 144 110 144 0.23794996
29 79 29 79 0.01039773
29 78 29 78 0.26668833
22 86 22 86 0.04300100
22 82 22 82 0.05884095
46 62 46 62 0.14632717
46 61 46 61 0.01469130
47 61 47 61 0.25543354
107 144 107 147 0.00083566
1 85 1 85 0.00059421
1 17 1 17 0.33416584
27 78 27 78 0.03593233
27 79 27 79 0.04674292
106 145 106 148 0.00055818
106 148 106 148 0.20609652
35 72 35 72 0.50380428
33 74 33 74 0.31886975
3 18 2 16 0.00202127
26 79 26 79 0.13169533
26 84 26 84 0.01192829
45 61 45 61 0.02928180
45 62 45 62 0.01859073
17 100 18 99 0.00056907
6 15 5 13 0.03239370
6 15 6 12 0.00052496
6 12 6 12 0.26788858
6 11 6 11 0.01678936
115 140 115 140 0.15623265
31 76 31 76 0.29406145
49 59 49 59 0.40758790
119 137 119 138 0.00053338
119 137 120 137 0.00067460
32 75 32 75 0.38088957
38 67 39 67 0.00054123
38 67 38 68 0.00238117
38 67 38 67 0.17513573
122 134 122 134 0.43665120
105 146 105 149 0.00053483
105 149 105 149 0.23341684
36 71 36 71 0.31868738
36 69 36 71 0.00187268
111 143 111 143 0.43366594
102 152 102 152 0.15465714
121 136 121 136 0.05882422
121 135 121 135 0.15361428
51 57 51 57 0.22959130
52 56 52 56 0.26897287
75 86 75 85 0.00131394
75 86 75 86 0.01121190
75 86 74 86 0.00148361
