102 102 0.86603048
49 49 0.38086918
35 35 0.42929600
16 16 0.57451863
157 157 0.59209367
58 58 0.73127745
94 94 0.91347449
147 147 0.83631300
36 36 0.69514646
145 145 0.97913654
119 119 0.65055249
13 13 0.62147577
154 154 0.58624296
26 26 0.63999834
87 87 0.65769396
127 127 0.65348939
99 99 0.39275246
122 122 0.55602575
52 52 0.52502601
61 61 0.82012465
66 66 0.97391504
32 32 0.92928355
138 138 0.60566987
75 75 0.38097662
24 24 0.46518431
152 152 0.27103749
77 77 0.26627517
3 3 0.76123624
139 139 0.60568105
143 143 0.99917934
27 27 0.80615654
11 11 0.81984609
104 104 0.19129527
19 19 0.69102371
60 60 0.95363500
63 63 0.99281273
103 103 0.57872953
108 108 0.92379729
133 133 0.55472181
142 142 0.78731200
71 71 0.34444954
113 113 0.28400464
65 65 0.66356222
153 153 0.58814277
67 67 0.86014310
43 42 0.00066033
43 44 0.00057712
43 43 0.81494030
131 131 0.66470205
38 38 0.94648170
69 69 0.32048649
90 90 0.82177190
29 29 0.49602804
117 117 0.77678957
80 80 0.23901050
79 79 0.44527166
91 91 0.65047412
64 64 0.75006621
70 70 0.31852911
85 85 0.56640027
45 45 0.65029248
150 150 0.61802361
97 97 0.55577254
111 111 0.60835953
95 95 0.45067616
144 144 0.99915301
31 31 0.81299163
141 141 0.96166980
107 107 0.93062762
121 121 0.57592325
23 23 0.48302706
98 98 0.31722407
42 42 0.76350635
42 43 0.00061894
86 86 0.70196933
89 89 0.69698788
14 14 0.81406489
84 84 0.50028247
135 135 0.96905052
83 83 0.72883802
8 8 0.75188449
125 125 0.87005367
88 88 0.70680816
39 39 0.94627632
39 40 0.00058160
48 48 0.32988273
160 160 0.74095633
134 134 0.65227168
151 151 0.60085196
21 21 0.50862519
106 106 0.93103361
149 149 0.56642400
132 132 0.49686688
62 62 0.86063320
96 96 0.66837037
123 123 0.80330788
18 18 0.51135830
40 40 0.87883156
40 41 0.00085825
20 20 0.66254480
81 81 0.53325918
12 12 0.59696534
9 9 0.76221098
28 28 0.76828670
33 33 0.59820101
73 73 0.42687052
4 4 0.76881088
51 51 0.42687657
34 34 0.74537640
54 54 0.33289541
158 158 0.67225068
47 47 0.26354683
155 155 0.54234565
137 137 0.53398497
6 6 0.72781007
93 93 0.62330708
76 76 0.33029267
56 56 0.92590648
72 72 0.52504094
41 41 0.17262333
118 118 0.63980822
118 117 0.00068601
105 105 0.40563489
2 2 0.60648120
82 82 0.94034181
156 156 0.63454030
55 55 0.34681667
37 37 0.80477438
57 57 0.76856584
100 100 0.31358423
92 92 0.50846100
136 136 0.65633164
148 148 0.94987567
129 129 0.64892029
53 53 0.34442062
101 101 0.31307652
44 44 0.57585519
130 130 0.56977926
140 140 0.27652222
78 78 0.98837532
59 59 0.96584002
120 120 0.53853175
68 68 0.83857656
30 30 0.71894651
74 74 0.52487527
124 124 0.82978359
112 112 0.83964386
10 10 0.76141815
109 109 0.40499336
25 25 0.57693861
5 5 0.85528730
159 159 0.60867767
115 115 0.57734757
1 1 0.84339900
110 110 0.20172766
7 7 0.78526761
17 17 0.69340771
146 146 0.99920134
22 22 0.56502717
114 114 0.44597127
46 46 0.68478558
15 15 0.28952789
126 126 0.76966510
116 116 0.82511341
128 128 0.59810150
50 50 0.52491152
