128 145 128 145 0.04402799
3 10 3 9 0.02820249
3 10 2 10 0.00060349
4 9 3 9 0.00117388
148 153 148 153 0.04622772
72 83 72 83 0.04447255
135 139 134 139 0.00235429
127 147 127 147 0.09430134
127 147 126 147 0.00163808
1 12 1 11 0.00618005
126 147 126 147 0.06669659
82 89 82 89 0.32350980
134 140 133 140 0.00273406
2 11 2 10 0.04433259
2 11 1 11 0.00083691
21 27 20 26 0.00276386
133 141 132 141 0.00230048
133 141 133 141 0.19898715
130 144 129 144 0.00229461
71 84 71 84 0.03067477
132 142 132 142 0.47077807
129 144 129 144 0.02419493
129 145 128 145 0.00440630
129 145 129 145 0.13398081
70 85 70 85 0.02908856
147 154 147 154 0.03850340
