72 89 71 89 0.04815567
72 89 72 88 0.00051342
38 57 38 57 0.32968803
135 139 135 139 0.35118458
108 114 108 114 0.04261977
127 147 127 147 0.25378011
148 153 148 153 0.00244046
34 61 34 61 0.16535222
75 102 75 99 0.00353548
75 85 74 84 0.00099422
75 85 74 85 0.01707087
75 84 74 84 0.02588880
1 151 1 151 0.00094183
1 106 1 106 0.01553807
1 148 1 148 0.00156260
1 108 1 108 0.01315850
1 9 1 9 0.02297253
27 68 27 67 0.02354450
27 68 27 68 0.10964638
27 110 27 110 0.00560017
126 147 126 147 0.01827475
126 149 125 149 0.00054088
73 104 73 101 0.00220303
73 104 72 104 0.00166712
73 88 72 88 0.04143600
76 101 76 98 0.00360165
76 83 76 83 0.03565333
76 83 75 83 0.01057143
76 84 75 83 0.00056388
82 95 82 93 0.00351697
82 97 80 94 0.00204379
19 109 19 109 0.01867570
128 146 128 146 0.20093377
14 22 15 22 0.00461669
13 23 14 23 0.00298014
106 114 106 114 0.02594277
81 94 81 94 0.01507577
81 98 79 95 0.00148276
15 21 16 21 0.00111513
110 114 110 114 0.03476633
79 97 79 95 0.00198469
7 13 7 13 0.02016441
25 69 25 69 0.00904985
25 112 24 112 0.00063082
25 112 25 112 0.02700899
131 143 131 143 0.53705629
46 50 46 50 0.29066927
26 111 26 111 0.03009629
26 69 26 68 0.02836117
26 69 26 69 0.19230902
71 108 71 105 0.00052004
71 106 70 106 0.00854053
71 84 71 84 0.14921298
71 105 71 105 0.02161917
122 150 122 150 0.54991596
120 152 120 152 0.42764375
133 141 133 141 0.32796287
133 142 132 142 0.00089931
130 144 130 144 0.27132761
109 115 109 115 0.03873733
78 98 78 96 0.00227503
83 96 81 93 0.00153301
83 91 83 91 0.01720234
129 145 129 145 0.26977806
70 107 69 107 0.04034333
70 85 70 85 0.14007430
70 106 70 106 0.02097060
29 66 29 65 0.01175137
29 66 29 66 0.11640464
147 154 147 154 0.00207904
80 96 80 94 0.00767451
80 99 78 96 0.00137462
23 69 23 68 0.00952557
2 8 2 8 0.21705467
40 55 40 55 0.27041184
41 54 41 54 0.42872507
41 50 41 50 0.00823258
95 106 95 106 0.07436385
39 56 39 56 0.44212524
134 140 134 140 0.35753241
20 108 20 108 0.01426243
36 59 36 59 0.23840569
6 12 7 13 0.00051256
44 52 44 52 0.23081165
74 86 74 85 0.00061433
74 86 73 85 0.00076812
74 86 73 86 0.04612900
74 103 74 100 0.00483873
28 67 28 67 0.12149639
28 67 28 66 0.01295087
28 67 27 67 0.00067032
28 109 28 109 0.00373797
105 115 105 115 0.04367651
57 69 57 69 0.00199138
