43 53 43 53 0.34961550
128 146 128 146 0.13036374
128 146 127 146 0.00258772
25 112 25 112 0.12069984
25 112 26 112 0.00105962
25 111 25 111 0.01558079
25 111 26 111 0.00596060
25 69 26 69 0.00060436
25 69 25 69 0.00313762
46 50 46 50 0.24440079
26 69 27 69 0.00250236
26 69 26 69 0.06322380
26 111 27 111 0.00058623
26 111 26 111 0.15798369
26 110 27 110 0.00754969
26 110 26 110 0.07276195
26 68 27 68 0.00118765
26 68 26 69 0.00625015
26 68 26 68 0.02643140
22 114 23 114 0.01314848
38 61 38 61 0.00458760
38 57 38 57 0.32770380
135 139 134 139 0.00241806
127 146 127 146 0.02899907
127 147 127 147 0.12834933
127 147 126 147 0.00238691
72 83 72 83 0.15527306
148 153 148 153 0.03579651
24 112 25 112 0.00688133
24 112 24 112 0.01845592
24 113 24 113 0.12283300
34 61 34 61 0.15100685
34 63 34 63 0.05654007
68 92 68 91 0.00140403
1 148 1 148 0.02082291
27 67 27 67 0.00887080
27 67 27 68 0.00881212
27 67 28 67 0.00234735
27 110 28 110 0.00178900
27 110 27 110 0.10787605
27 68 27 68 0.09566786
27 68 28 68 0.00628440
27 109 28 109 0.00325976
27 109 27 109 0.00737350
126 147 126 147 0.04984484
40 55 40 55 0.27028234
41 54 41 54 0.43404656
95 106 95 106 0.10217327
20 116 21 116 0.01702717
134 140 133 140 0.00286027
39 56 39 56 0.44152212
39 60 39 60 0.00101843
44 50 44 50 0.02501213
44 52 44 52 0.24180698
36 59 36 59 0.23690527
28 67 28 67 0.08279000
28 67 29 67 0.00253871
28 66 29 66 0.00205601
28 66 28 67 0.00369833
28 66 28 66 0.01595757
28 109 28 109 0.06487920
32 65 32 65 0.31370767
33 64 33 64 0.08772235
132 142 132 142 0.47075517
71 84 71 84 0.13616872
130 144 129 144 0.00240356
45 49 45 49 0.12907033
86 91 86 91 0.03552100
133 141 133 141 0.19930524
133 141 132 141 0.00241819
129 145 128 145 0.00467013
129 145 129 145 0.14801280
70 85 70 85 0.13280392
29 66 30 66 0.00223185
29 66 29 66 0.07808045
29 65 29 66 0.00258928
147 154 147 154 0.02656607
31 66 31 66 0.05764821
31 67 31 67 0.01980069
23 113 24 113 0.01470232
