115 154 115 154 0.01408457
2 46 2 46 0.30965600
16 21 16 21 0.06140882
16 46 16 46 0.03821382
20 41 20 41 0.14554927
134 140 134 140 0.44340483
5 43 5 43 0.11815433
74 97 74 97 0.12089102
74 100 74 100 0.01441719
6 42 6 42 0.11255833
52 152 52 152 0.00484110
52 118 52 118 0.16437925
124 149 124 149 0.01708624
57 113 57 113 0.04364190
57 67 57 67 0.01651035
21 40 21 40 0.03450193
21 27 21 27 0.00529967
85 92 85 92 0.02031640
105 120 105 120 0.00158819
123 149 123 149 0.21919311
121 151 121 151 0.20817308
121 148 121 148 0.00189665
132 142 132 142 0.40209140
55 114 55 114 0.08940316
71 100 71 100 0.11579926
71 105 71 105 0.01701965
71 84 71 84 0.01113969
130 144 130 144 0.35211174
122 150 122 150 0.47534715
8 40 8 40 0.15923000
54 116 54 116 0.11892145
54 151 54 151 0.00060933
133 141 133 141 0.46456244
120 152 120 152 0.37330687
120 149 120 149 0.00170540
70 101 70 101 0.10781299
70 106 71 106 0.00065027
70 106 70 106 0.01748011
70 85 70 85 0.01038823
129 145 129 145 0.35535829
147 154 147 154 0.00280713
80 94 80 94 0.06406346
58 112 58 112 0.03699848
58 66 58 66 0.02015430
58 67 58 67 0.02053704
78 96 78 96 0.02797868
78 93 78 93 0.07239251
78 94 78 94 0.03128975
83 92 83 92 0.05095711
83 91 83 91 0.03074219
69 107 70 107 0.00423795
63 69 63 69 0.04103516
23 38 23 38 0.13364277
10 38 10 38 0.08188833
14 48 14 48 0.01747225
14 23 14 23 0.15698667
97 114 97 114 0.00181048
19 42 19 42 0.04838134
117 152 117 152 0.00762047
81 93 81 93 0.05628781
81 94 81 94 0.01393667
50 151 50 151 0.00373527
50 154 50 154 0.03462661
106 119 106 119 0.00351777
131 143 131 143 0.63081788
79 92 79 92 0.05671239
79 95 79 95 0.03169137
96 115 96 115 0.00140239
15 47 15 47 0.01070480
15 22 15 22 0.06200555
22 27 22 27 0.00556427
22 39 22 39 0.03782688
125 149 125 149 0.02077141
53 117 53 117 0.16289858
116 153 116 153 0.01141618
11 37 11 37 0.08189300
9 39 9 39 0.08024400
135 139 135 139 0.42355577
18 44 18 44 0.02722613
127 147 127 147 0.24556364
12 36 12 36 0.05943900
12 50 12 50 0.00079083
72 83 72 83 0.01936014
72 99 72 99 0.15422911
72 102 72 102 0.02934883
51 153 51 153 0.01898947
51 119 51 119 0.11133484
148 153 148 153 0.00447175
77 95 77 95 0.13843567
62 70 62 70 0.01912803
75 99 75 99 0.02041108
75 96 75 96 0.12910608
76 98 76 98 0.02549098
76 96 76 96 0.03119542
82 93 82 93 0.02790447
1 47 1 47 0.10609900
126 147 126 147 0.04002296
73 101 73 101 0.01497299
73 98 73 98 0.13855545
