111 143 111 143 0.70957300
22 50 22 50 0.27812200
22 55 22 55 0.00706554
59 97 59 97 0.44678500
29 43 29 43 0.60165000
1 12 1 12 0.06584130
1 154 1 154 0.01291890
1 8 1 8 0.01337290
1 19 1 19 0.00137975
1 159 1 159 0.13588600
19 153 19 153 0.00873529
19 51 19 51 0.43582200
19 58 19 58 0.00199221
19 54 19 54 0.01516100
110 144 110 144 0.60507300
153 159 153 159 0.00205486
73 81 73 81 0.01795890
32 40 32 40 0.59696100
14 57 14 57 0.20233200
14 21 14 21 0.00635825
14 156 14 156 0.19843400
14 151 14 151 0.00652689
13 22 13 22 0.00239616
13 152 13 152 0.01501380
13 58 13 58 0.11302500
13 57 13 57 0.03268280
13 157 13 157 0.24693900
62 93 62 93 0.17573600
62 92 62 92 0.05884870
33 38 33 38 0.47656700
114 140 114 140 0.70681700
27 45 27 45 0.46886300
100 155 100 155 0.03082820
106 148 106 148 0.66667400
118 136 118 136 0.70819500
56 100 56 100 0.06995620
56 99 56 99 0.11396300
56 101 56 101 0.04884730
6 13 6 13 0.00300723
6 14 6 14 0.00970782
6 20 6 20 0.00211725
6 159 6 159 0.01386170
18 154 18 154 0.01268430
18 52 18 52 0.38589100
18 59 18 59 0.00138764
18 55 18 55 0.01004510
65 91 65 91 0.69846000
124 129 124 129 0.68853300
25 46 25 46 0.14234100
71 85 71 85 0.41582400
7 12 7 12 0.00672313
7 13 7 13 0.01560070
7 19 7 19 0.00243867
5 21 5 21 0.00225960
5 15 5 15 0.00819147
5 11 5 11 0.02131980
5 160 5 160 0.02327740
75 82 75 82 0.67190400
2 18 2 18 0.00223028
2 11 2 11 0.19090600
2 6 2 6 0.01011100
2 153 2 153 0.01041080
53 101 53 101 0.08837160
53 99 53 99 0.01134770
109 145 109 145 0.66670400
28 44 28 44 0.48646200
60 94 60 94 0.08924570
60 98 60 98 0.02755250
123 130 123 130 0.59225800
122 131 122 131 0.18155700
122 132 122 132 0.72644000
72 83 72 83 0.09736880
72 85 72 85 0.22497900
61 93 61 93 0.03074830
61 96 61 96 0.34186000
112 142 112 142 0.60507300
4 14 4 14 0.00220472
4 13 4 13 0.00219945
4 12 4 12 0.00747546
20 57 20 57 0.00316484
20 26 20 26 0.00334730
20 51 20 51 0.12771700
20 152 20 152 0.00710052
26 46 26 46 0.64426000
26 45 26 45 0.19004700
121 133 121 133 0.65320200
63 92 63 92 0.02755330
63 93 63 93 0.42314700
99 155 99 155 0.01358310
99 154 99 154 0.00577131
99 159 99 159 0.01051240
105 149 105 149 0.70667500
10 155 10 155 0.01174300
10 53 10 53 0.00368382
98 157 98 157 0.02420490
98 156 98 156 0.04188960
98 160 98 160 0.00840138
98 158 98 158 0.06175040
64 92 64 92 0.59679100
68 88 68 88 0.69846000
3 17 3 17 0.00321536
3 152 3 152 0.00703638
3 10 3 10 0.65517900
108 146 108 146 0.70957300
51 59 51 59 0.00101202
51 103 51 103 0.00638460
58 98 58 98 0.27932800
104 151 104 151 0.04351790
104 150 104 150 0.62410500
104 152 104 152 0.06202530
102 154 102 154 0.34723600
57 98 57 98 0.12564200
103 153 103 153 0.20447300
103 152 103 152 0.08436170
103 151 103 151 0.41427700
107 147 107 147 0.70957300
69 87 69 87 0.59225500
76 81 76 81 0.56730200
117 137 117 137 0.70819600
113 141 113 141 0.60507300
31 41 31 41 0.60013800
23 54 23 54 0.00598455
23 49 23 49 0.19556100
23 48 23 48 0.36113700
15 56 15 56 0.24546900
15 55 15 55 0.04051900
15 155 15 155 0.06346370
15 20 15 20 0.01141050
30 42 30 42 0.60164800
8 18 8 18 0.00234613
8 60 8 60 0.00075986
55 97 55 97 0.01586690
55 101 55 101 0.05932810
55 102 55 102 0.00769991
55 99 55 99 0.00982206
55 100 55 100 0.07287080
101 155 101 155 0.58350200
24 53 24 53 0.00154755
24 47 24 47 0.69755500
16 56 16 56 0.02038190
16 55 16 55 0.29035200
12 158 12 158 0.57884100
12 60 12 60 0.01091590
12 51 12 51 0.00204983
12 58 12 58 0.01649590
12 153 12 153 0.00655135
21 56 21 56 0.00500930
21 50 21 50 0.19504900
17 53 17 53 0.42788000
17 155 17 155 0.02194690
17 55 17 55 0.02025170
54 103 54 103 0.00568883
54 104 54 104 0.00071413
54 98 54 98 0.02190660
52 60 52 60 0.00057234
52 102 52 102 0.02394090
67 89 67 89 0.59225800
116 138 116 138 0.68668100
116 139 116 139 0.02466050
119 135 119 135 0.70263500
11 159 11 159 0.13855100
11 61 11 61 0.00409183
11 59 11 59 0.00775258
11 52 11 52 0.00169631
11 154 11 154 0.00415245
66 90 66 90 0.59225800
