3 156 3 156 0.03974660
3 157 3 157 0.30199000
3 15 3 15 0.00152416
3 17 3 17 0.00604180
3 9 3 9 0.03900870
3 152 3 152 0.09785570
81 88 81 88 0.09333740
10 19 10 19 0.04378650
10 155 10 155 0.10513800
9 155 9 155 0.00706637
9 20 9 20 0.00886719
15 20 15 20 0.05160510
15 155 15 155 0.04324040
80 89 80 89 0.86196300
21 33 21 33 0.00117464
12 158 12 158 0.06717940
12 152 12 152 0.01031340
12 153 12 153 0.03151480
12 22 12 22 0.00961401
97 103 97 103 0.04737370
8 18 8 18 0.52630500
48 56 47 56 0.00390899
11 159 11 159 0.01867550
11 23 11 23 0.00729289
11 154 11 154 0.03020260
94 101 94 101 0.34627000
46 58 46 58 0.07191790
46 58 45 58 0.00115695
52 60 52 60 0.05407500
27 33 27 33 0.33384500
13 157 13 157 0.04250110
13 21 13 21 0.01128340
13 22 13 22 0.02147340
13 151 13 151 0.01090230
13 152 13 152 0.03206790
14 151 14 151 0.03208180
14 156 14 156 0.04537470
14 21 14 21 0.03722810
153 159 153 159 0.00186982
1 8 1 8 0.00481336
1 154 1 154 0.01165280
1 19 1 19 0.00134314
1 159 1 159 0.32550300
19 153 19 153 0.03124480
22 32 22 32 0.00157823
78 91 78 91 0.45154100
7 13 7 13 0.03913840
7 19 7 19 0.19281500
5 160 5 160 0.00252862
5 15 5 15 0.01490690
5 156 5 156 0.05223850
5 21 5 21 0.15056200
5 22 5 22 0.06675870
25 35 25 35 0.33978600
124 129 124 129 0.37417700
124 133 124 133 0.10639200
49 55 48 55 0.00279510
18 43 18 43 0.06901730
47 57 46 57 0.00140118
47 57 47 57 0.08160910
6 159 6 159 0.00142893
6 20 6 20 0.16599900
6 154 6 154 0.01961110
6 14 6 14 0.02283740
6 155 6 155 0.02171960
95 100 95 100 0.11556000
123 130 123 130 0.24763800
123 134 123 134 0.14330700
2 18 2 18 0.00731028
2 158 2 158 0.81637200
2 10 2 10 0.07133750
2 153 2 153 0.03038050
60 154 60 154 0.08545900
40 47 40 47 0.14129900
26 34 26 34 0.95087100
121 136 121 136 0.19884000
4 14 4 14 0.00353926
4 155 4 155 0.04875790
4 39 4 39 0.04293250
4 23 4 23 0.08874070
20 152 20 152 0.04746780
79 90 79 90 0.08730890
122 135 122 135 0.21303200
61 153 61 153 0.09445690
