46 46 0.28893400
34 34 0.41494300
36 36 0.83636400
12 12 0.48387100
152 152 0.29190100
147 147 0.28893400
130 130 0.34658900
121 121 0.38979700
126 126 0.37366200
73 73 0.28066800
52 52 0.28245800
71 71 0.29042400
109 109 0.21164400
93 93 0.29042300
138 138 0.35566600
139 139 0.39197900
22 22 0.60791200
1 1 0.82409000
64 64 0.62775400
128 128 0.32982400
59 59 0.39492200
43 43 0.41432600
56 56 0.29039700
136 136 0.32184100
20 20 0.48222400
7 7 0.49113800
134 134 0.96913800
105 105 0.39492100
154 154 0.39060900
117 117 0.16793900
114 114 0.31996200
79 79 0.34389900
19 19 0.37603300
135 135 0.96872400
69 69 0.39492100
95 95 0.39492100
37 37 0.66040000
143 143 0.40540000
149 149 0.16006600
153 153 0.39499900
27 27 0.51792400
106 106 0.29041900
78 78 0.47337100
9 9 0.55921700
70 70 0.29042400
132 132 0.98775600
3 3 0.43062100
11 11 0.80771500
54 54 0.99967700
103 103 0.40958200
57 57 0.39490900
122 122 0.28893500
107 107 0.39490900
42 42 0.29307900
24 24 0.61976600
112 112 0.38422100
156 156 0.89251200
91 91 0.34987300
33 33 0.72653300
23 23 0.49374400
77 77 0.99996500
60 60 0.74654000
158 158 0.90531000
39 39 0.31307400
82 82 0.97736200
16 16 0.94479800
50 50 0.36315400
108 108 0.29040700
111 111 0.96971400
87 87 0.97862700
75 75 0.20845100
94 94 0.29042300
86 86 0.44310300
18 18 0.94931900
40 40 0.39050500
84 84 0.15714600
101 101 0.44939600
29 29 0.98843700
124 124 0.39475100
148 148 0.38979500
68 68 0.12131600
104 104 0.99998600
81 81 0.97737400
76 76 0.99996500
74 74 0.82573200
131 131 0.31496400
159 159 0.42802600
96 96 0.12132100
102 102 0.93022100
21 21 0.34535200
141 141 0.98681600
83 83 0.97736300
110 110 0.89793100
115 115 0.94509800
151 151 0.38675500
66 66 0.99993300
61 61 0.74989300
80 80 0.15175800
51 51 0.35343500
67 67 0.30433800
8 8 0.56033100
30 30 0.73449200
44 44 0.94691900
41 41 0.39501400
89 89 0.09953430
48 48 0.33879400
85 85 0.34034600
99 99 0.26758200
150 150 0.98601500
137 137 0.28096600
55 55 0.50303500
58 58 0.29042000
157 157 0.48578500
123 123 0.28999200
92 92 0.12131900
140 140 0.64538000
53 53 0.70830500
5 5 0.45674800
160 160 0.43577200
145 145 0.39475400
100 100 0.44222000
146 146 0.28999100
2 2 0.75943200
38 38 0.89716700
90 90 0.93076900
97 97 0.30433500
47 47 0.11469600
116 116 0.37569000
133 133 0.96960900
6 6 0.95433500
14 14 0.40128500
72 72 0.12132500
65 65 0.51884000
26 26 0.49834000
31 31 0.80052500
15 15 0.90465700
63 63 0.49338500
13 13 0.48214100
25 25 0.47650000
45 45 0.14543800
32 32 0.56303200
35 35 0.51016200
49 49 0.95510900
120 120 0.12029500
144 144 0.34793000
113 113 0.34269400
98 98 0.99993000
142 142 0.41427600
28 28 0.71499400
119 119 0.13073900
10 10 0.48880300
155 155 0.34385400
88 88 0.93461200
62 62 0.36250100
127 127 0.25831400
125 125 0.32589000
118 118 0.29664700
4 4 0.47015000
129 129 0.28748800
17 17 0.94927700
