114 114 0.56478491
114 116 0.00052457
114 108 0.00069665
114 113 0.00179278
114 110 0.01352342
114 106 0.01988159
114 115 0.00249089
114 107 0.03122454
14 14 0.72331099
10 10 0.90575476
18 16 0.00277777
18 17 0.00176369
18 18 0.70161113
28 29 0.00101973
28 21 0.00105051
28 23 0.00073312
28 22 0.13619152
28 28 0.56231280
28 26 0.05529691
28 27 0.00180856
24 25 0.00069916
24 23 0.00229310
24 24 0.61697800
24 22 0.07104260
24 19 0.00254280
113 114 0.00117084
113 105 0.05155533
113 112 0.00403535
113 113 0.63830765
113 106 0.04023241
113 109 0.00057264
98 91 0.13644616
98 98 0.67462765
143 142 0.00102722
143 141 0.00060906
143 145 0.01333422
143 144 0.00722138
143 143 0.46526173
26 24 0.01580308
26 21 0.00057978
26 25 0.00185824
26 26 0.56254673
26 20 0.01916523
26 27 0.00062327
61 62 0.01835759
61 52 0.03462193
61 53 0.09889877
61 61 0.67761531
61 54 0.00993517
122 123 0.00281458
122 117 0.00077811
122 116 0.00431965
122 125 0.00545196
122 119 0.01756277
122 114 0.00198723
122 122 0.52098674
122 115 0.00947204
122 124 0.01774119
119 113 0.00143224
119 115 0.00250942
119 118 0.00138602
119 111 0.07913631
119 121 0.00658026
119 122 0.00102095
119 119 0.72744944
119 114 0.00051675
119 120 0.02256221
119 112 0.03281555
119 116 0.00123850
58 49 0.01286152
58 59 0.02398304
58 50 0.00294602
58 58 0.72153297
58 57 0.00583430
58 56 0.00834515
86 79 0.13953992
86 86 0.71287745
134 129 0.03935486
134 131 0.05005654
134 136 0.15410676
134 133 0.00791170
134 134 0.64381462
134 135 0.04089769
134 132 0.00134531
134 130 0.00407045
101 101 0.36308555
101 94 0.00939559
104 104 0.80448160
104 103 0.00084653
104 97 0.01246583
67 67 0.73021753
67 60 0.03872300
67 68 0.00061937
65 58 0.00151057
65 56 0.00239912
65 66 0.00269599
65 65 0.57245109
44 45 0.02311558
44 36 0.02191982
44 44 0.61225380
44 43 0.00330778
44 42 0.19323110
44 41 0.00248608
34 28 0.00226577
34 34 0.62282706
34 32 0.00224009
6 6 0.64636221
19 19 0.69945016
19 14 0.00473231
19 17 0.00214568
19 18 0.00207963
45 44 0.00385844
45 43 0.19145907
45 45 0.60181078
45 42 0.00280969
45 37 0.05576723
45 46 0.03442000
36 36 0.62289238
36 34 0.00254932
36 30 0.00123844
128 120 0.00208860
128 125 0.00164386
128 127 0.00118230
128 130 0.00132102
128 123 0.00345145
128 129 0.03214914
128 128 0.44430191
50 47 0.00158448
50 50 0.58504337
50 51 0.05516566
50 49 0.00532922
50 48 0.18657850
50 42 0.04210421
85 85 0.62907201
85 78 0.12457184
95 88 0.01630922
95 94 0.00058530
95 95 0.82696821
105 105 0.48257934
105 98 0.01217112
56 48 0.00278721
56 56 0.61983656
56 57 0.04065971
56 55 0.04812949
56 54 0.10957864
56 47 0.01230917
116 119 0.00107115
116 112 0.01684894
116 116 0.37489018
116 117 0.00193836
116 108 0.03602181
116 110 0.00068946
116 109 0.02813799
116 118 0.00067923
31 25 0.00392705
31 29 0.21365633
31 24 0.00133841
31 31 0.52349824
117 117 0.25006131
117 119 0.00127232
117 120 0.00121368
117 111 0.00084240
117 118 0.00278297
117 109 0.00167318
117 113 0.01251799
117 110 0.03182086
57 55 0.03701609
57 49 0.00230684
57 56 0.03912369
57 57 0.63355378
57 58 0.02684094
138 140 0.01898795
138 136 0.00097665
138 133 0.00396028
138 139 0.02493900
138 138 0.58556728
138 135 0.00125253
59 57 0.00102414
59 60 0.02150411
59 58 0.00217042
59 50 0.00240091
59 51 0.00150309
59 59 0.70530245
92 92 0.80543628
92 85 0.09873153
109 109 0.68163441
109 110 0.00101603
109 102 0.07639245
109 108 0.00103188
109 101 0.00073335
43 35 0.09610670
43 40 0.00053593
43 41 0.18769233
43 42 0.00410894
43 43 0.61988510
43 44 0.01344538
148 149 0.06810648
148 148 0.56905612
148 147 0.01253276
148 150 0.00084332
21 21 0.65807532
21 19 0.00897760
21 16 0.08158622
21 20 0.00833055
94 93 0.00062952
94 87 0.02301270
94 94 0.80449454
102 102 0.45056290
102 95 0.02521114
83 83 0.71047320
83 76 0.00126918
23 23 0.61704561
23 24 0.00072187
23 22 0.00435062
23 18 0.00574182
23 21 0.01084747
87 87 0.72297919
87 80 0.13844836
123 124 0.02268216
123 118 0.00259651
123 115 0.00384159
123 125 0.01826006
123 120 0.01113465
123 117 0.00051147
123 123 0.55351649
123 116 0.00886148
17 17 0.74492302
17 16 0.00096308
8 8 0.77342890
103 96 0.01099596
103 103 0.75281959
129 124 0.02023765
129 126 0.02914464
129 129 0.51252978
129 128 0.00258128
129 121 0.01106124
129 122 0.00069230
129 131 0.01582070
129 130 0.06228716
129 132 0.00704487
100 93 0.14156648
100 100 0.64912668
72 63 0.00206565
72 72 0.78449519
72 65 0.10914776
96 96 0.69131019
96 89 0.00402751
40 34 0.02680907
40 33 0.00377354
40 32 0.01848100
40 38 0.05505315
40 40 0.62393750
125 125 0.50603504
125 119 0.00560645
125 120 0.00959159
125 117 0.03903260
125 127 0.07881085
125 126 0.08282300
125 118 0.00176387
125 122 0.00085133
125 128 0.00774002
42 40 0.08718208
42 39 0.00070830
42 35 0.00067600
42 42 0.63047843
42 41 0.00290710
42 43 0.00219175
42 34 0.06895470
135 130 0.01050311
135 132 0.04499896
135 135 0.69457840
135 134 0.00164318
135 136 0.03563045
135 131 0.00079326
135 137 0.12657244
13 13 0.67908064
88 81 0.05660258
88 88 0.73556921
70 70 0.77866836
70 61 0.00151809
70 63 0.10852541
73 66 0.11376191
73 63 0.00394234
73 64 0.01668715
73 65 0.00051892
73 73 0.80593078
107 107 0.70106274
107 100 0.03503288
54 52 0.16853207
54 46 0.10954233
54 53 0.02892051
54 45 0.02159402
54 55 0.07374285
54 54 0.56149424
64 64 0.66728389
64 55 0.00488333
64 65 0.01489501
64 57 0.00222419
76 67 0.00139963
76 69 0.12400034
76 66 0.00068110
76 76 0.71476095
90 89 0.00055825
90 90 0.75014861
90 83 0.01870232
78 71 0.05657379
78 78 0.82447308
75 65 0.00071926
75 68 0.01767184
75 66 0.01357320
75 75 0.77015105
9 9 0.87129333
110 109 0.00323433
110 103 0.03958230
110 110 0.81055662
110 102 0.00099690
110 105 0.00081791
51 49 0.18780702
51 50 0.00698821
51 43 0.01874263
51 51 0.56727837
51 52 0.06847103
60 60 0.70849292
60 52 0.00247392
60 61 0.02117436
60 51 0.00488263
60 59 0.00104978
12 12 0.72676400
4 4 0.77890762
32 32 0.62307387
32 26 0.13236519
32 25 0.00066316
32 30 0.21362727
33 31 0.21369304
33 33 0.62295162
33 27 0.00188638
131 128 0.00439252
131 131 0.59387680
131 126 0.08851581
131 124 0.00064728
131 130 0.01111866
131 132 0.09150882
131 127 0.00367465
131 123 0.00255435
131 134 0.00253949
131 133 0.09846870
131 125 0.00057636
39 39 0.62271939
39 37 0.07729227
39 31 0.01097940
39 32 0.00059411
39 33 0.06797109
80 73 0.14314532
80 80 0.77861448
142 143 0.00157623
142 140 0.00463423
142 144 0.04337163
142 141 0.00121248
142 142 0.55865715
11 11 0.77729012
2 2 0.85747237
144 143 0.00232818
144 145 0.00266813
144 144 0.59760253
144 142 0.00475208
144 146 0.00547384
93 93 0.77811093
93 86 0.08878183
49 50 0.04369035
49 47 0.18541669
49 49 0.59757103
49 46 0.00294663
49 48 0.00532357
49 41 0.05657294
106 106 0.76440882
106 99 0.14021388
136 138 0.08300361
136 135 0.00060702
136 133 0.03726429
136 136 0.69883853
136 131 0.00688669
136 137 0.06602764
77 77 0.70244064
77 68 0.00050699
77 70 0.04334570
77 69 0.00057321
62 54 0.03619918
62 55 0.07258406
62 62 0.66061047
62 63 0.01805755
62 53 0.03462748
127 127 0.50363565
127 130 0.00434222
127 119 0.02542215
127 122 0.01958845
127 128 0.01851593
127 129 0.00171248
127 126 0.00086499
127 124 0.00657592
63 56 0.08574693
63 63 0.81742358
63 55 0.02301739
63 54 0.03467568
63 64 0.01648861
81 81 0.82364867
81 74 0.00970698
7 7 0.86396906
37 37 0.62274710
37 31 0.00114672
37 30 0.00219857
37 35 0.01561148
91 90 0.00159212
91 84 0.11859280
91 91 0.79990702
118 117 0.00078784
118 112 0.00147046
118 114 0.00770517
118 119 0.00592264
118 120 0.00427222
118 121 0.00187973
118 118 0.68637977
118 111 0.03541431
118 110 0.06891571
27 27 0.46885015
27 26 0.00168154
27 25 0.00258375
27 21 0.00592357
27 28 0.00098423
15 15 0.74775902
5 5 0.78130847
41 40 0.00195281
41 35 0.00677512
41 39 0.16182003
41 41 0.62654321
41 33 0.07108916
41 34 0.00321594
30 29 0.00085481
30 28 0.21365561
30 30 0.54847948
30 24 0.00362670
30 23 0.00357449
38 36 0.05417356
38 32 0.03291645
38 31 0.00056099
38 38 0.62277483
132 131 0.01244813
132 128 0.00131995
132 129 0.00688062
132 126 0.00051032
132 124 0.00058302
132 132 0.60541816
132 127 0.00803018
132 134 0.00144983
132 133 0.00817586
130 127 0.00746556
130 130 0.51598816
130 132 0.09393853
130 123 0.00054825
130 133 0.00361681
130 125 0.02029120
130 131 0.02259394
130 122 0.00442194
130 126 0.00084186
130 129 0.00407437
53 45 0.07738180
53 54 0.07520223
53 51 0.17268504
53 52 0.02818662
53 53 0.55779830
124 119 0.00298260
124 125 0.04053520
124 127 0.00725915
124 116 0.04111153
124 117 0.00054605
124 124 0.64409817
124 126 0.00235174
124 121 0.00072058
29 29 0.55461103
29 23 0.13464304
29 28 0.00122885
29 22 0.00277666
29 30 0.00093318
29 27 0.00223500
112 111 0.00666381
112 107 0.00105937
112 106 0.00211408
112 113 0.00083988
112 108 0.00756968
112 104 0.02544904
112 112 0.64226693
112 105 0.07021241
68 68 0.83110974
68 61 0.07223654
68 59 0.02751275
66 67 0.00092972
66 59 0.00293142
66 66 0.73185493
66 57 0.01285734
46 46 0.60033112
46 38 0.00970848
46 45 0.00671334
46 47 0.03706562
46 44 0.18771646
46 43 0.00301264
108 101 0.07915443
108 108 0.76904520
108 109 0.00071149
108 100 0.00057708
74 65 0.01269028
74 74 0.56643227
74 67 0.08754842
74 64 0.00126122
147 146 0.00938664
147 148 0.07862846
147 149 0.00669594
147 147 0.52172901
115 115 0.63449166
115 107 0.03831814
115 118 0.00086109
115 111 0.00078590
115 109 0.00065389
115 116 0.00239832
115 117 0.00055184
115 108 0.02820674
151 152 0.00601710
151 151 0.79056875
25 20 0.00313869
25 26 0.00058261
25 19 0.00289498
25 24 0.00200010
25 23 0.05283392
25 25 0.61697734
145 146 0.08730841
145 145 0.61305843
145 144 0.00061316
145 147 0.04431698
145 143 0.00137132
1 1 0.92466566
84 84 0.76032941
84 77 0.09564259
126 120 0.00424649
126 119 0.00238923
126 127 0.11680180
126 123 0.01735418
126 126 0.61538294
126 129 0.00757576
126 128 0.09222106
126 118 0.05522812
126 121 0.04008648
140 140 0.61788737
140 137 0.00279027
140 138 0.01565785
140 139 0.00120994
140 141 0.07650731
140 135 0.00051883
140 142 0.06457085
55 56 0.05706356
55 53 0.16013665
55 46 0.00105629
55 54 0.03151233
55 55 0.56901144
55 47 0.10879556
3 3 0.80684110
152 152 0.86929073
152 151 0.00090291
52 53 0.07493276
52 52 0.55715237
52 43 0.00162388
52 51 0.01339067
52 44 0.11141784
52 50 0.18565070
146 147 0.02788887
146 148 0.01625154
146 146 0.67349410
146 145 0.00054611
22 23 0.00074737
22 17 0.00302222
22 22 0.62176014
22 21 0.00676997
22 20 0.04073111
97 97 0.80698259
97 90 0.00968031
35 35 0.62273572
35 29 0.07872370
35 33 0.05527894
133 134 0.00268305
133 133 0.51051090
133 130 0.00290803
133 132 0.01265076
133 135 0.04290144
133 129 0.00291079
133 128 0.03067195
48 48 0.59734380
48 46 0.18604398
48 40 0.04176787
48 47 0.00688406
48 45 0.00323125
48 49 0.04136783
99 92 0.14106000
99 100 0.00057555
99 99 0.82217922
82 75 0.05577892
82 82 0.68286798
79 79 0.81389090
79 72 0.04177984
150 150 0.78741978
150 149 0.00260796
150 151 0.01213252
137 137 0.70222560
137 132 0.00308077
137 139 0.09040513
137 138 0.09888437
137 134 0.03613244
111 103 0.00401364
111 106 0.00120368
111 110 0.00717762
111 111 0.70615934
111 107 0.00086469
111 104 0.07510146
111 112 0.00061593
47 45 0.18684261
47 47 0.60052962
47 44 0.00313492
47 39 0.14311514
47 46 0.00664517
47 48 0.03765427
121 114 0.01280712
121 117 0.00199369
121 123 0.01198762
121 116 0.00078589
121 113 0.05751379
121 124 0.00534474
121 118 0.01251166
121 122 0.00302765
121 121 0.64850073
121 115 0.00285483
120 117 0.00481355
120 123 0.00431725
120 112 0.07754902
120 116 0.00472608
120 120 0.72308457
120 119 0.00067506
120 114 0.00269389
120 122 0.00608257
120 121 0.02220360
120 113 0.02005975
71 61 0.00093175
71 64 0.10879947
71 62 0.02226699
71 71 0.77463533
141 143 0.00110685
141 142 0.07822842
141 139 0.00267962
141 141 0.55217447
139 137 0.00938308
139 140 0.01550267
139 136 0.00228178
139 134 0.00216404
139 139 0.68332721
139 138 0.00072777
139 141 0.01017785
69 60 0.01189968
69 62 0.00273397
69 69 0.83103830
20 20 0.54940039
20 16 0.00183858
20 19 0.00118998
20 18 0.00193415
20 15 0.00242438
149 150 0.00395600
149 149 0.56595473
149 148 0.00695550
149 151 0.00255275
89 82 0.01269490
89 89 0.68227583
16 16 0.75640381
