6 6 0.78872105
6 3 0.00077951
6 5 0.00202494
98 98 0.61592828
98 100 0.00395306
153 154 0.00072631
153 153 0.58323382
92 94 0.00120959
92 92 0.67001873
78 78 0.65525750
56 56 0.86427042
56 55 0.00077771
14 11 0.01881678
14 14 0.85195727
13 10 0.01054662
13 13 0.83005638
111 112 0.01602289
111 113 0.00417773
111 110 0.00957621
111 116 0.03170189
111 111 0.49241598
104 104 0.89437209
104 107 0.01667634
55 55 0.80178481
1 1 0.65090574
103 106 0.00333194
103 105 0.00059396
103 103 0.86074272
148 150 0.00081085
148 148 0.51100064
70 71 0.00068849
70 70 0.71004549
108 113 0.00168030
108 112 0.00065045
108 108 0.44413565
108 111 0.00158519
26 23 0.00087495
26 26 0.77431613
26 24 0.00191195
26 25 0.00060399
24 21 0.01374343
24 22 0.00214961
24 24 0.91144711
24 23 0.00401148
44 44 0.75584105
119 119 0.26043629
119 121 0.01511465
119 122 0.00313699
119 124 0.13700124
119 120 0.01278283
32 32 0.84871849
158 159 0.00531209
158 158 0.84127541
73 73 0.77065904
54 54 0.71733391
114 116 0.01598373
114 115 0.09354091
114 114 0.45878909
114 113 0.01717758
114 119 0.03556723
114 117 0.02220410
126 125 0.00152239
126 128 0.02531443
126 130 0.01086853
126 126 0.12634777
126 131 0.03317960
126 129 0.00075404
126 127 0.21366456
131 135 0.00352441
131 133 0.01414468
131 132 0.18927356
131 134 0.00128915
131 131 0.51156925
131 136 0.00100845
136 136 0.15636454
136 137 0.00308341
136 138 0.03594508
60 60 0.76347250
60 59 0.00077756
88 88 0.60060725
88 90 0.00165281
88 89 0.00053914
53 53 0.62176595
72 72 0.74994414
72 73 0.00056410
67 67 0.51057379
3 2 0.00123100
3 3 0.71668230
31 31 0.91811987
81 81 0.74791294
115 120 0.05660423
115 116 0.09697163
115 115 0.37072191
115 118 0.00059291
115 114 0.01617187
115 117 0.01476275
66 66 0.52613724
30 30 0.60157073
42 42 0.75509711
43 43 0.67580493
135 135 0.40680879
135 137 0.04295100
135 136 0.07196787
157 158 0.02452030
157 157 0.72756303
68 68 0.76566709
19 19 0.83328919
19 16 0.02752751
46 46 0.69681909
82 82 0.90682877
139 140 0.02568483
139 141 0.00111082
139 139 0.48160037
99 101 0.00068435
99 99 0.57094094
50 50 0.70379383
71 71 0.95294843
71 72 0.00095909
75 75 0.60254889
159 159 0.82632818
159 160 0.00171744
121 122 0.10790929
121 121 0.38162430
121 120 0.00277512
121 126 0.05329298
121 124 0.00065462
121 123 0.03605435
15 12 0.00119318
15 15 0.83304856
112 111 0.01235341
112 115 0.03113315
112 114 0.00095513
112 112 0.56386727
112 113 0.07298033
112 117 0.17930890
146 148 0.00158187
146 146 0.80037662
21 21 0.60730910
21 18 0.02473488
86 86 0.50077450
155 155 0.68699458
155 156 0.03074921
84 84 0.38010583
9 10 0.00051534
9 9 0.59485408
9 6 0.01356175
34 34 0.48323517
127 128 0.22842487
127 132 0.02839340
127 126 0.00138292
127 131 0.01543987
127 129 0.01080543
127 127 0.13225083
22 19 0.01715636
22 22 0.56429110
80 80 0.73606469
52 52 0.58829332
17 14 0.00352579
17 17 0.78479777
101 104 0.00286969
101 103 0.00164251
101 101 0.41812575
113 118 0.00192960
113 115 0.01281233
113 116 0.01819862
113 112 0.01264705
113 113 0.32921086
113 114 0.08758056
39 39 0.63379072
152 153 0.00071381
152 152 0.42650901
58 57 0.00132536
58 58 0.88868735
57 57 0.80563895
57 56 0.00091500
145 145 0.78379250
145 147 0.00149841
154 154 0.56867874
142 142 0.71079647
142 144 0.04115136
142 143 0.00069667
91 91 0.50844502
62 61 0.00076937
62 62 0.71604120
130 135 0.00432765
130 133 0.00074563
130 130 0.43698346
130 132 0.03114797
130 131 0.17693748
130 134 0.00161925
132 133 0.10540180
132 135 0.00089295
132 134 0.02772337
132 136 0.00223482
132 132 0.49072414
141 141 0.41793930
141 143 0.00475325
141 142 0.00137919
95 95 0.57562972
160 160 0.90577155
117 116 0.00643088
117 120 0.00076145
117 118 0.11151022
117 122 0.04325728
117 119 0.00124439
117 117 0.43998213
41 41 0.64644269
59 59 0.93082512
59 58 0.00137983
2 1 0.00081570
2 2 0.88414456
122 121 0.00259488
122 127 0.02865176
122 122 0.33154735
122 124 0.01455385
122 123 0.08889385
128 128 0.32170472
128 130 0.05168073
128 132 0.01173554
128 133 0.01342971
128 127 0.00069030
128 129 0.19339762
33 33 0.85283366
20 17 0.02720090
20 20 0.62594236
65 65 0.61243088
10 10 0.68105709
10 7 0.01414216
38 38 0.76845143
38 37 0.00050154
28 28 0.60109604
124 124 0.35786728
124 126 0.02149948
124 125 0.20412376
124 128 0.00878478
124 123 0.00153062
124 129 0.01899563
105 108 0.01689215
105 107 0.00059376
105 105 0.81357778
83 83 0.49742194
69 69 0.57275770
151 152 0.02822287
151 151 0.50155773
143 143 0.68056792
143 145 0.03270737
27 27 0.72019722
27 26 0.00087772
133 135 0.03021668
133 133 0.47275813
133 136 0.00078241
133 134 0.07827081
144 146 0.00526288
144 144 0.80779600
138 139 0.02453341
138 138 0.40965019
138 140 0.03343553
129 133 0.00172828
129 129 0.34459094
129 130 0.18813926
129 131 0.03873243
129 134 0.00765552
48 48 0.77629533
47 47 0.90548012
100 102 0.00633267
100 100 0.59369649
100 103 0.00058255
96 96 0.81613935
96 98 0.00930179
11 8 0.00373714
11 11 0.77609762
137 139 0.00363603
137 137 0.46831800
137 138 0.02839886
109 109 0.24322701
109 108 0.00173338
109 111 0.00153774
109 110 0.00304679
109 112 0.01499212
109 114 0.04811398
102 105 0.00240631
102 104 0.00459486
102 102 0.70935432
12 9 0.03299808
12 12 0.77076910
74 74 0.64801934
8 8 0.72009123
8 5 0.00843881
149 149 0.62167342
149 150 0.00441286
40 40 0.98820545
116 121 0.07645314
116 119 0.00509879
116 117 0.10657913
116 116 0.49097387
116 115 0.01454506
116 118 0.00775676
94 96 0.01005553
94 94 0.64310880
93 93 0.63073631
97 97 0.44972925
76 76 0.72669613
7 4 0.00406371
7 7 0.79207753
37 37 0.72796989
63 63 0.86890577
51 51 0.79577159
107 111 0.00145759
107 107 0.70945239
107 110 0.02587871
107 112 0.01328321
123 124 0.16198473
123 126 0.00050396
123 128 0.07421982
123 125 0.02463235
123 123 0.40662844
123 127 0.00076324
123 122 0.00164242
147 147 0.39146679
147 149 0.00138090
85 85 0.41883433
85 87 0.00177318
120 119 0.00089221
120 121 0.07579567
120 122 0.01046758
120 123 0.00302687
120 125 0.11471438
120 120 0.40464047
106 111 0.00188918
106 109 0.00400060
106 108 0.00304874
106 106 0.69161291
110 109 0.00352090
110 115 0.07031660
110 111 0.01008296
110 113 0.02258757
110 112 0.00227661
110 110 0.43413897
87 87 0.35878342
87 89 0.00073373
61 61 0.70753667
61 60 0.00067616
118 117 0.00231133
118 119 0.02749151
118 118 0.35678613
118 123 0.13561196
118 120 0.02096678
4 3 0.00124866
4 4 0.73933623
36 36 0.62486853
64 64 0.78200017
79 79 0.66588900
35 35 0.55077732
90 90 0.73163497
140 141 0.00158820
140 142 0.00689812
140 140 0.39846350
89 89 0.48990764
25 22 0.00469508
25 25 0.78534652
25 23 0.00307573
25 24 0.00102105
150 151 0.00692218
150 150 0.44637770
45 45 0.71103015
134 135 0.03106874
134 136 0.03165704
134 134 0.19723686
134 137 0.00059264
23 22 0.00192776
23 21 0.00109403
23 23 0.76736567
23 20 0.03513741
5 5 0.80939176
5 4 0.00132300
125 128 0.00076189
125 125 0.33906073
125 130 0.05011744
125 126 0.17572687
125 124 0.00192214
125 127 0.01270027
125 129 0.00732557
49 49 0.63662787
77 77 0.46348013
16 13 0.00590877
16 16 0.75085513
29 29 0.55711336
18 15 0.00069809
18 18 0.78612152
156 157 0.01717431
156 156 0.52721575
