118 118 0.96691679
133 133 0.75791160
137 137 0.78781393
137 138 0.00069850
68 68 0.78592300
7 7 0.74641076
72 73 0.00063026
72 72 0.74900713
83 83 0.75371315
82 82 0.76755389
105 105 0.74262262
42 42 0.00820272
42 43 0.21359678
146 146 0.79038082
96 96 0.82008734
4 4 0.35172946
103 103 0.84132404
122 122 0.99048332
128 128 0.91524294
38 38 0.22657846
38 39 0.17194760
147 147 0.75712072
131 131 0.75820433
22 22 0.93552902
136 137 0.00064497
136 136 0.77097794
107 107 0.73381764
102 102 0.87225640
106 106 0.74871858
49 50 0.10100892
49 49 0.55205430
70 70 0.76751731
114 114 0.99336871
129 129 0.79841561
100 100 0.78439918
149 149 0.73255721
48 48 0.25157653
48 49 0.40349872
126 126 0.75747453
25 25 0.52037504
25 26 0.00370868
116 116 0.97075093
46 46 0.01664172
46 47 0.83219779
21 21 0.93400880
33 33 0.33397981
108 108 0.75456396
58 58 0.85238650
23 23 0.97719410
153 153 0.40852115
16 16 0.78190509
28 28 0.01731944
53 53 0.19467490
154 154 0.96106132
54 54 0.12660277
84 84 0.78583432
88 88 0.78358123
12 12 0.92890386
91 91 0.78475813
6 6 0.47915947
109 109 0.79709889
86 86 0.75254491
44 45 0.01544719
44 44 0.00639013
117 117 0.90984620
34 35 0.00135964
34 34 0.26264728
40 41 0.04740742
40 40 0.02739511
2 2 0.42937462
19 19 0.36752940
157 157 0.43764354
98 98 0.80112192
140 140 0.97225536
144 144 0.76083097
81 81 0.76403640
158 158 0.34356172
139 139 0.97958155
152 152 0.83327054
78 78 0.86747851
66 66 0.97032298
8 8 0.75409060
71 71 0.75224680
64 64 0.97373153
32 32 0.08093464
32 33 0.00059147
76 76 0.97750841
89 89 0.78300396
94 94 0.70120404
61 61 0.75797956
135 136 0.00067894
135 135 0.79466109
47 48 0.40279551
47 47 0.14668452
3 3 0.96307386
127 127 0.73982225
132 132 0.75653348
138 138 0.95599503
63 63 0.97372593
125 125 0.75959068
79 79 0.91297183
73 73 0.86577997
73 74 0.00083171
151 151 0.60375503
52 52 0.61130012
52 53 0.00203799
62 62 0.75839750
41 41 0.01304412
41 42 0.20920253
143 143 0.98104994
15 15 0.76719441
150 150 0.68023375
69 69 0.75363832
14 14 0.77163933
104 104 0.84374811
37 38 0.37379377
37 37 0.61174233
50 51 0.05809475
50 50 0.78056084
1 1 0.34249687
17 17 0.74627909
93 93 0.75389146
141 141 0.98101391
119 119 0.88041267
39 39 0.01677477
39 40 0.27645148
124 124 0.76244409
134 134 0.75936809
115 115 0.95000094
65 65 0.97033288
26 26 0.76311089
74 75 0.00058033
74 74 0.97633046
24 25 0.00213864
24 24 0.79276463
92 92 0.75282755
51 52 0.00160800
51 51 0.77641073
156 156 0.94606147
95 95 0.76051994
101 101 0.95962641
80 80 0.78023208
9 9 0.76459619
56 56 0.79236443
31 32 0.00130953
31 31 0.22770883
110 110 0.98628549
111 111 0.98581129
29 30 0.00153655
29 29 0.22560118
123 123 0.79851356
11 11 0.84947004
77 77 0.97774288
67 67 0.78386903
121 121 0.36499760
112 112 0.37855379
10 10 0.84008250
18 18 0.29149852
160 160 0.99766969
97 97 0.79711396
55 55 0.75875219
113 113 0.37565761
30 30 0.22538103
30 31 0.00145443
36 36 0.94747181
36 37 0.03800237
20 20 0.78109456
85 85 0.78388260
5 5 0.64859965
142 142 0.98104664
99 99 0.78602324
45 45 0.00194714
45 46 0.28856241
57 57 0.85630048
145 145 0.75231778
155 155 0.65880654
159 159 0.97145947
75 75 0.95682096
148 148 0.74058144
120 120 0.36069556
35 36 0.00533256
35 35 0.97917026
27 27 0.26254285
60 60 0.78618463
59 59 0.78820451
87 87 0.75031642
43 43 0.00720716
43 44 0.21633423
90 90 0.73007383
13 13 0.90383068
130 130 0.81504895
