80 80 0.75749089
101 101 0.94822131
56 56 0.77014624
9 9 0.70060020
110 110 0.98008554
29 29 0.23475911
29 30 0.01053153
111 111 0.97978610
31 31 0.22221824
31 32 0.00901807
123 123 0.79619745
11 11 0.83413141
67 67 0.76130778
121 121 0.47058882
77 77 0.96371976
30 31 0.01001593
30 30 0.22558772
113 113 0.51999237
55 55 0.73502848
18 19 0.00102343
18 18 0.64586971
112 112 0.53260503
10 10 0.82502581
160 160 0.99535000
97 97 0.72971152
20 20 0.86365711
20 21 0.00095355
36 36 0.95175392
36 37 0.03681847
85 85 0.76130359
99 99 0.76885931
5 5 0.55718255
142 142 0.97821070
145 145 0.74756044
57 57 0.83690423
155 155 0.75548716
45 45 0.03300400
45 46 0.25950958
75 75 0.94229861
159 159 0.96371908
120 120 0.45134288
148 148 0.63868089
27 27 0.25829708
60 60 0.76370000
35 35 0.98119721
35 36 0.00532049
87 87 0.72625086
43 43 0.03233727
43 44 0.19941522
59 59 0.76580891
130 130 0.79615271
90 90 0.70512159
13 13 0.87683758
8 8 0.55567583
66 66 0.95598065
152 152 0.82689829
139 139 0.97673790
78 78 0.84858225
64 64 0.95953420
32 33 0.00299536
32 32 0.09139839
76 76 0.96356730
71 71 0.72861120
89 89 0.76038066
3 3 0.97371256
127 127 0.61348183
132 132 0.75178835
94 94 0.67496666
61 61 0.73425251
135 136 0.00066276
135 135 0.79026120
47 47 0.23894567
47 48 0.26661555
138 138 0.95295717
125 125 0.75702992
63 63 0.95952721
79 79 0.89608006
73 73 0.84758466
62 62 0.73469231
52 52 0.73388598
41 41 0.03596218
41 42 0.19486033
143 143 0.97821400
151 151 0.49844969
14 14 0.72225850
15 15 0.74270067
150 150 0.22129428
69 69 0.72979884
50 50 0.83394496
50 51 0.02602694
37 37 0.62694996
37 38 0.36178445
104 104 0.77385367
1 1 0.39765569
93 93 0.72998195
17 17 0.69568211
141 141 0.97817835
124 124 0.75995067
134 134 0.75465418
39 39 0.02630825
39 40 0.25946923
119 119 0.78379757
65 65 0.95598786
26 26 0.72232431
115 115 0.94453102
51 51 0.84659388
92 92 0.72887220
24 25 0.00503513
24 24 0.76450008
95 95 0.73687562
156 156 0.93865734
74 74 0.96283424
129 129 0.73945761
100 100 0.76717436
149 149 0.58724713
25 25 0.57184215
25 26 0.00882704
48 48 0.42550951
48 49 0.28717668
126 126 0.75484829
116 116 0.94324085
46 46 0.04321334
46 47 0.72675742
33 33 0.33985760
21 22 0.00077921
21 21 0.93832285
58 58 0.83281955
23 23 0.96049148
23 24 0.00116242
108 108 0.70548443
28 28 0.26478171
153 153 0.39149251
16 16 0.69014945
53 53 0.64396840
154 154 0.96134504
54 54 0.63865854
91 91 0.76221129
84 84 0.76334909
88 88 0.76098299
12 12 0.91525509
6 6 0.15455472
86 86 0.72857867
109 109 0.78727575
44 45 0.23209239
44 44 0.03298064
34 34 0.25292589
34 35 0.00277993
117 117 0.82140018
19 19 0.66147702
19 20 0.00091317
40 41 0.04416931
40 40 0.05457329
2 2 0.48709648
140 140 0.96934635
98 98 0.78446885
144 144 0.75614369
157 157 0.49346756
158 158 0.40547271
81 81 0.74058167
137 137 0.78335875
137 138 0.00069604
118 118 0.93539150
133 133 0.75318208
83 83 0.72980807
82 82 0.74425927
105 105 0.59792991
72 72 0.72561269
68 68 0.76345709
7 7 0.53009501
146 146 0.78594286
42 43 0.19811250
42 42 0.02642955
103 103 0.78068066
96 96 0.74583048
4 4 0.29744295
122 122 0.98901620
128 128 0.85174856
38 39 0.16096395
38 38 0.25255222
147 147 0.75240456
107 107 0.58076237
136 137 0.00064055
136 136 0.76637974
22 22 0.91678223
22 23 0.00079243
102 102 0.85794940
131 131 0.75347375
106 106 0.69245520
49 49 0.65093196
49 50 0.05819646
114 114 0.98851254
70 70 0.74431828
