94 105 94 105 0.02168940
127 134 127 135 0.00064331
127 139 127 139 0.03121840
27 98 27 98 0.00103417
27 59 27 59 0.31025800
129 133 129 133 0.47133200
129 134 128 134 0.00089584
129 134 129 133 0.26419600
116 147 116 147 0.58410200
4 12 4 12 0.30136500
4 93 4 93 0.11309000
1 95 1 95 0.07120140
74 81 74 81 0.11860200
74 83 74 83 0.08109670
74 82 74 82 0.16332500
74 79 74 79 0.06820190
113 151 113 150 0.00061780
24 101 24 101 0.02161290
24 62 24 62 0.89290700
92 98 92 98 0.10338300
92 97 92 97 0.21615500
99 103 99 103 0.30346400
120 142 119 142 0.02328470
120 142 120 141 0.46169100
6 10 6 10 0.48756500
6 91 6 91 0.05312380
130 134 129 133 0.02962190
110 153 110 153 0.67857800
2 94 2 94 0.03647490
2 95 2 95 0.15504200
2 13 2 13 0.16225400
2 106 2 106 0.05349280
119 144 119 142 0.01045070
118 145 118 143 0.01046770
41 48 41 47 0.00117327
41 51 41 51 0.00808852
91 99 91 99 0.06272540
73 83 73 83 0.20076400
98 104 98 104 0.28701900
126 141 126 140 0.01222170
5 11 5 11 0.46329100
5 92 5 92 0.23988400
95 104 95 104 0.03487220
95 100 95 100 0.00504777
29 57 29 57 0.54648200
29 96 29 96 0.00175397
108 155 108 155 0.63418700
108 154 108 154 0.01929780
115 148 115 148 0.69156200
40 49 40 48 0.00446497
112 151 112 151 0.69196400
125 142 125 141 0.00814479
125 138 125 137 0.20749800
125 138 124 138 0.00605338
42 50 42 50 0.01150370
96 103 96 103 0.11121100
25 100 25 100 0.00546924
25 61 25 61 0.34815800
72 84 72 84 0.20185300
7 90 7 90 0.05600470
35 44 35 44 0.82346400
30 95 30 95 0.00116569
30 56 30 56 0.47075500
97 105 97 105 0.34941900
122 140 122 140 0.32166000
122 140 121 140 0.01945870
122 141 122 140 0.02907210
3 94 3 94 0.12652600
3 13 3 13 0.21101800
3 12 3 12 0.11954100
3 93 3 93 0.02552420
121 141 120 141 0.02312490
121 141 121 140 0.28234500
109 155 109 155 0.01406510
109 153 109 153 0.01622330
109 154 109 154 0.65077200
26 60 26 60 0.60280200
