41 47 41 47 0.06908850
41 48 41 47 0.00080784
73 83 73 83 0.44708700
30 56 30 56 0.68694400
3 12 3 12 0.05312560
3 13 3 13 0.16723500
3 14 3 14 0.04390050
3 145 3 145 0.09716200
3 10 3 10 0.01580670
26 60 26 60 0.68277200
25 61 25 61 0.42554100
72 84 72 84 0.16242900
24 62 24 62 0.93888800
39 50 41 51 0.00058440
27 59 27 59 0.40127500
4 144 4 144 0.06117540
4 13 4 13 0.02764860
4 12 4 12 0.21281900
2 147 2 146 0.02438860
2 9 2 9 0.28964400
29 57 29 57 0.34821800
40 49 40 48 0.00461895
74 81 74 81 0.08575090
74 83 74 83 0.16659000
74 82 74 82 0.11345500
74 79 74 79 0.09413920
6 10 6 10 0.48489000
