94 101 94 101 0.24042784
94 101 97 104 0.00303187
94 108 94 108 0.19552232
137 142 137 142 0.24179109
12 21 9 18 0.00166054
48 53 48 55 0.00609677
11 22 6 17 0.00306865
11 22 8 19 0.00142657
11 17 10 17 0.00167972
11 17 8 15 0.00073154
11 20 8 15 0.03285800
11 20 9 18 0.03031019
96 106 96 106 0.31829727
129 149 130 149 0.02715346
129 149 129 150 0.00064207
14 18 14 19 0.00299949
20 28 19 28 0.01275347
20 28 20 30 0.04380142
20 28 20 27 0.00079048
20 28 22 29 0.01136804
20 28 23 32 0.00274125
13 20 14 19 0.00096861
13 20 8 15 0.00671111
13 17 14 19 0.00430532
13 19 14 19 0.00109829
5 26 1 22 0.00307130
5 26 3 20 0.00700641
5 26 2 21 0.04001351
97 104 97 104 0.10176070
3 28 1 22 0.00357951
135 143 136 143 0.00594329
135 143 135 143 0.06888308
135 144 135 144 0.07159543
133 145 133 146 0.00067548
133 145 134 145 0.00739880
89 106 93 109 0.01048137
9 22 8 19 0.00084561
9 22 6 17 0.03020226
9 22 7 20 0.08035196
9 22 5 18 0.00288659
9 19 6 17 0.00051958
9 19 9 18 0.02013799
9 19 8 19 0.00328932
84 114 84 115 0.22497145
21 27 23 28 0.01139673
21 27 19 25 0.00425996
21 27 19 26 0.00075979
21 27 20 27 0.05108367
21 27 24 31 0.00461529
21 27 22 29 0.01151777
4 27 2 21 0.00582146
4 27 1 22 0.04222407
81 117 82 117 0.00186126
46 55 48 55 0.00400425
46 55 46 57 0.00258339
46 55 47 56 0.00326271
91 104 91 104 0.03887791
91 104 95 107 0.01729369
92 103 96 106 0.02150891
92 103 97 105 0.00060164
92 103 92 103 0.25773874
34 67 29 67 0.00068153
83 115 83 116 0.10607859
83 115 84 115 0.00171797
8 22 7 20 0.00067471
8 20 6 17 0.01467099
8 20 8 19 0.11727959
8 20 5 18 0.00053084
8 20 7 20 0.00349698
121 126 121 126 0.09875043
130 148 130 149 0.00114912
128 150 129 150 0.02953497
132 146 133 146 0.01414014
132 146 132 146 0.11715335
90 105 94 108 0.01212791
7 24 3 20 0.00395591
7 24 5 18 0.00679376
7 24 4 19 0.06102903
7 21 5 18 0.03743722
7 21 4 19 0.00159192
7 21 7 20 0.08500318
7 21 8 19 0.00060588
10 21 6 17 0.00401339
10 21 9 18 0.00087051
10 21 8 19 0.07911148
10 21 8 15 0.00463027
10 23 5 18 0.00480142
10 23 7 20 0.00087978
10 18 10 17 0.11631852
10 18 8 15 0.03181687
10 18 9 18 0.00384349
6 22 7 20 0.00054416
6 22 3 20 0.00124073
6 22 4 19 0.03255992
6 25 3 20 0.04809492
6 25 4 19 0.00839448
6 25 2 21 0.00330682
98 103 98 103 0.23930123
47 54 48 55 0.00194565
47 54 47 56 0.00497878
134 145 134 145 0.06688333
134 144 134 144 0.13115561
134 144 135 144 0.00535909
82 116 83 116 0.00203752
82 116 82 117 0.10410148
136 143 136 143 0.24075155
45 56 46 57 0.00095572
45 56 47 56 0.00428582
44 57 46 57 0.00312939
93 109 93 109 0.14235303
95 109 95 110 0.00310810
95 107 95 107 0.17565989
