87 128 87 128 0.59615200
33 38 33 38 0.03235030
33 47 33 47 0.04323520
33 140 33 140 0.01945280
33 45 33 45 0.11356900
134 153 134 153 0.00711928
132 138 132 138 0.03077950
54 64 54 64 0.93322400
106 110 106 110 0.08056950
94 121 94 121 0.65625100
80 133 81 133 0.00135008
105 111 105 111 0.03340180
105 110 105 110 0.42553700
20 45 20 45 0.01185410
20 151 20 151 0.36895100
139 145 139 145 0.05783530
56 60 56 60 0.10899000
56 69 56 69 0.00079458
47 144 47 144 0.03615400
47 65 47 65 0.02038440
47 71 47 71 0.11007700
131 139 131 139 0.01613790
131 137 131 137 0.01647780
137 150 137 150 0.05663360
36 42 36 42 0.22201700
50 67 50 67 0.04521530
50 63 50 63 0.00431652
29 140 29 140 0.00697111
140 146 140 146 0.06049700
140 144 140 144 0.05096130
140 147 140 147 0.01890670
3 16 3 16 0.70819700
1 18 1 18 0.60020400
101 107 101 107 0.01453570
92 123 92 123 0.69705300
21 150 21 150 0.09584730
21 44 21 44 0.01583670
89 126 89 126 0.59865300
31 147 31 147 0.03511590
31 139 31 139 0.04918030
99 116 99 116 0.51332400
17 48 17 48 0.00156975
136 151 136 151 0.12231600
2 17 2 17 0.66417600
130 140 130 140 0.00484903
130 138 130 138 0.00784637
57 68 57 68 0.00093254
129 141 129 141 0.00082799
129 139 129 139 0.00235467
70 141 70 141 0.26084900
23 32 23 32 0.02697600
23 140 23 140 0.01054410
44 74 44 74 0.02829560
44 147 44 147 0.03794800
44 69 44 69 0.02363410
26 141 26 141 0.02872920
26 46 26 46 0.02285280
26 139 26 139 0.04453240
43 50 43 50 0.06386520
43 75 43 75 0.02708630
39 141 39 141 0.00371312
39 78 39 78 0.02269550
39 152 39 152 0.02775450
32 65 32 65 0.01589840
32 141 32 141 0.02031880
32 48 32 48 0.04431050
32 46 32 46 0.08680440
32 146 32 146 0.01570670
86 129 86 129 0.68762900
5 14 5 14 0.60347900
51 67 51 67 0.45978600
51 66 51 66 0.01897460
51 62 51 62 0.00481503
46 66 46 66 0.01894700
46 67 46 67 0.01634700
46 145 46 145 0.05113840
59 66 59 66 0.00134768
100 108 100 108 0.00841769
100 115 100 115 0.62029900
98 117 98 117 0.62556400
84 130 84 130 0.47007300
40 81 40 81 0.01010600
40 151 40 151 0.07046250
40 140 40 140 0.00388777
40 53 40 53 0.05223960
4 15 4 15 0.70819700
91 124 91 124 0.87580200
38 153 38 153 0.01754700
38 79 38 79 0.02775690
81 132 81 132 0.28496300
45 68 45 68 0.03114400
45 146 45 146 0.03331780
18 47 18 47 0.00396448
6 12 6 12 0.00828527
6 13 6 13 0.92313300
58 67 58 67 0.00092202
58 62 58 62 0.05580300
34 44 34 44 0.19585100
34 63 34 63 0.00113310
55 62 55 62 0.05863100
55 64 55 64 0.00463184
55 61 55 61 0.03894970
55 63 55 63 0.53456300
52 66 52 66 0.52067600
52 61 52 61 0.00728532
41 78 41 78 0.02130090
41 77 41 77 0.01404060
41 80 41 80 0.01118470
41 52 41 52 0.02265890
104 111 104 111 0.52376000
24 141 24 141 0.05806760
24 139 24 139 0.01422130
77 135 77 135 0.10108100
141 145 141 145 0.12466600
30 140 30 140 0.02227430
30 38 30 38 0.02516150
71 140 71 140 0.06628420
49 70 49 69 0.00066550
83 131 83 131 0.41659100
88 127 88 127 0.92972100
66 75 66 75 0.01533970
72 140 72 140 0.07948430
27 140 27 140 0.01808580
27 32 27 32 0.03879020
27 45 27 45 0.01471070
35 129 35 129 0.00096423
35 62 35 62 0.00084550
35 43 35 43 0.21620700
135 152 135 152 0.02468800
25 32 25 32 0.04293880
25 140 25 140 0.03177460
25 47 25 47 0.01414170
96 119 96 119 0.46916600
53 60 53 60 0.02627520
37 127 37 127 0.00068530
19 152 19 152 0.12477500
19 46 19 46 0.01417040
95 119 95 119 0.04895830
67 74 67 74 0.03156810
48 140 48 140 0.00889401
90 125 90 125 0.70403300
42 77 42 77 0.03980640
42 51 42 51 0.03514940
74 140 74 140 0.03442220
74 138 74 138 0.16080700
79 134 79 134 0.55486500
79 134 80 134 0.00109120
78 134 78 134 0.01562880
78 135 79 135 0.00062797
78 135 78 135 0.26146400
