150 150 0.75871714
151 151 0.79707855
63 63 0.55259520
72 72 0.48829182
48 48 0.97539921
60 60 0.43594488
15 15 0.29434218
45 45 0.80532963
65 65 0.24445052
68 68 0.86607579
38 38 0.09146017
87 87 0.32649582
88 88 0.44739433
142 142 0.64433661
139 139 0.54236032
140 140 0.43783886
160 160 0.61431376
16 16 0.29740615
57 57 0.43609872
131 131 0.61190043
61 61 0.35643725
100 100 0.99113422
157 157 0.36861645
30 30 0.46114970
20 20 0.75598936
152 152 0.47752965
21 21 0.57830995
41 41 0.24179618
125 125 0.35074610
18 18 0.70574236
82 82 0.83051123
84 84 0.88759066
66 66 0.85630453
106 106 0.99630208
5 5 0.88973038
86 86 0.15700974
138 138 0.59803833
54 54 0.45367114
149 149 0.95402270
104 104 0.99623000
25 25 0.99196119
17 17 0.39346699
12 12 0.29505464
116 116 0.11332640
42 42 0.46057647
144 144 0.45400507
97 97 0.76146778
44 44 0.36524471
77 77 0.55510530
6 6 0.41081472
56 56 0.08408468
105 105 0.99630707
114 114 0.32856035
146 146 0.24290762
40 40 0.28107585
121 121 0.64238064
33 33 0.36727513
85 85 0.32611978
43 43 0.68187204
93 93 0.26228065
37 37 0.31801330
1 1 0.99996767
127 127 0.38799690
74 74 0.41964190
9 9 0.41325213
92 92 0.50728484
90 90 0.42315146
58 58 0.74387514
118 118 0.25871038
109 109 0.29161319
26 26 0.99193830
4 4 0.53742991
80 80 0.46939498
98 98 0.32855238
110 110 0.78891412
119 119 0.27748954
34 34 0.28026318
122 122 0.06772834
99 99 0.27645338
3 3 0.42593998
36 36 0.13453298
59 59 0.08908436
73 73 0.33783396
103 103 0.36725801
83 83 0.72314228
50 50 0.84386236
81 81 0.23700658
156 156 0.52715873
112 112 0.98971876
101 101 0.43981214
153 153 0.51620545
46 46 0.94867421
94 94 0.26074238
31 31 0.57329723
148 148 0.67121517
111 111 0.56751619
145 145 0.48104979
107 107 0.99630540
69 69 0.76705323
52 52 0.39172021
128 128 0.76228268
79 79 0.83531970
14 14 0.16678085
123 123 0.73685721
78 78 0.17319361
19 19 0.78695190
8 8 0.35730638
55 55 0.95935567
137 137 0.79372483
120 120 0.28927705
7 7 0.43800486
35 35 0.26524002
22 22 0.56247832
71 71 0.75397871
28 28 0.57839421
62 62 0.20430909
75 75 0.11196816
53 53 0.39909860
64 64 0.30841519
23 23 0.67526286
129 129 0.68911092
47 47 0.90990955
89 89 0.11287734
29 29 0.55778343
13 13 0.95835800
70 70 0.78241772
134 134 0.69118611
158 158 0.37794673
108 108 0.36568761
124 124 0.44618366
132 132 0.58323604
130 130 0.48387571
76 76 0.38275202
27 27 0.92043836
135 135 0.73827799
51 51 0.97479148
102 102 0.29296000
115 115 0.76151717
11 11 0.09341937
143 143 0.67753489
24 24 0.59818580
155 155 0.49112637
95 95 0.25006972
147 147 0.56727108
133 133 0.66104373
39 39 0.32297204
2 2 0.99996400
49 49 0.61385460
136 136 0.80653936
32 32 0.75123983
10 10 0.53078218
117 117 0.25007212
91 91 0.73948396
159 159 0.79399808
126 126 0.19365741
96 96 0.11329034
154 154 0.30010652
113 113 0.27345634
67 67 0.84540314
141 141 0.81913919
