108 108 0.72724600
26 26 0.59183000
97 97 0.98283600
123 123 0.78410100
30 30 0.95056700
134 134 0.97745700
78 78 0.99586000
131 131 0.96855300
6 6 0.99997600
43 43 0.85137900
84 84 0.99488000
11 11 0.62333700
77 77 0.99584300
127 127 0.31427500
100 100 0.36894800
61 61 0.98318000
36 36 0.67291800
128 128 0.85928000
58 58 0.41822100
39 39 0.88866500
129 129 0.49425600
13 13 0.26329700
21 21 0.58233100
89 89 0.99476300
1 1 0.99992600
46 46 0.64022400
110 110 0.75587000
28 28 0.98568200
53 53 0.53263200
93 93 0.69335600
73 73 0.99455900
82 82 0.99489500
124 124 0.79313300
109 109 0.31057400
49 49 0.46172000
148 148 0.98411800
140 140 0.51416500
64 64 0.59845500
10 10 0.99345200
34 34 0.80637100
69 69 0.99492900
59 59 0.64680600
118 116 0.00056813
118 118 0.92068400
27 27 0.64034000
60 60 0.98318000
98 98 0.95872200
65 65 0.99492500
150 150 0.90029000
22 22 0.31932200
153 153 0.95710900
9 9 0.59198500
88 88 0.99469800
24 24 0.98859000
4 4 0.99987900
133 133 0.97062400
12 12 0.62445300
121 121 0.92823100
120 120 0.92699600
66 66 0.99492400
63 63 0.69708400
7 7 0.62053600
37 37 0.97787500
107 107 0.73490800
106 106 0.41080600
92 92 0.69703600
157 157 0.99981200
99 99 0.63052800
52 52 0.33223400
101 101 0.39219100
71 71 0.99488100
158 158 0.99988200
74 74 0.88083700
51 51 0.45527300
147 147 0.98416500
76 76 0.99574700
105 105 0.85313100
38 38 0.86378300
138 138 0.54972500
29 29 0.96734300
141 141 0.81729200
112 112 0.51675300
67 67 0.99492700
19 19 0.61958100
79 79 0.99588800
126 126 0.69234900
142 142 0.82155500
62 62 0.69367100
144 144 0.93478200
44 44 0.95948500
130 130 0.04885240
40 40 0.98131700
86 86 0.99488000
3 3 0.99995900
91 91 0.59839100
104 104 0.42461700
135 135 0.98369700
114 114 0.56717400
114 112 0.00371044
57 57 0.80537300
149 149 0.88800200
75 75 0.87727000
42 42 0.98143300
96 96 0.98281300
31 31 0.95109200
85 85 0.99488800
113 113 0.91188600
113 111 0.00101861
48 48 0.78052000
16 16 0.99534900
132 132 0.96918700
152 152 0.95097900
143 143 0.92555100
50 50 0.46691000
55 55 0.42243800
17 17 0.99546600
33 33 0.84533300
94 95 0.00054279
94 94 0.98198400
14 14 0.99611900
70 70 0.99492000
35 35 0.55010800
90 90 0.99480800
137 137 0.06340330
80 80 0.87741500
136 136 0.98370400
56 56 0.55609200
83 83 0.99488900
81 81 0.88103600
145 145 0.98408700
87 87 0.99486000
117 117 0.92064700
117 115 0.00065571
115 115 0.72339200
115 113 0.00701802
122 122 0.77277600
139 139 0.97967600
159 159 0.99992600
156 156 0.26956100
125 125 0.82719200
15 15 0.99542100
102 102 0.45533300
41 41 0.98142600
45 45 0.71101500
154 154 0.52614400
155 155 0.52858100
25 25 0.25819700
18 18 0.26200700
8 8 0.33071700
20 20 0.61846500
95 95 0.98198800
95 94 0.00055976
111 111 0.72362600
151 151 0.98561100
146 146 0.98405600
68 68 0.99492700
119 119 0.75444200
54 54 0.44256400
23 23 0.60914700
32 32 0.89835600
160 160 0.99998600
72 72 0.99484800
116 116 0.92092300
5 5 0.99995900
47 47 0.92714800
103 103 0.44078900
2 2 0.99996700
