142 123 0.34909800
142 124 0.00586797
142 125 0.06474200
142 122 0.00551109
142 120 0.02816400
129 110 0.23851900
129 111 0.00052114
129 113 0.00085503
129 112 0.30519000
129 114 0.08246290
129 115 0.04411960
8 6 0.00328995
8 7 0.00103701
8 5 0.08340800
8 4 0.00267163
8 8 0.79092900
84 72 0.00578716
84 68 0.14095700
84 70 0.30703900
84 69 0.08223860
84 73 0.00119100
84 71 0.00141839
141 124 0.00759345
141 123 0.00335071
141 119 0.02419020
141 121 0.00653488
141 120 0.00068835
141 122 0.01170900
116 101 0.00913936
116 97 0.09255960
116 98 0.00102425
116 100 0.00594773
116 99 0.30259000
116 102 0.02709340
116 103 0.00320153
61 45 0.42305300
61 58 0.00500745
61 61 0.00113175
61 46 0.01102130
61 44 0.00439188
1 1 0.99484000
125 110 0.31928800
125 106 0.22213200
125 108 0.27050200
125 111 0.05683940
125 109 0.00073193
16 8 0.00129649
16 12 0.03758780
16 10 0.00129148
16 5 0.00283280
16 16 0.04364230
16 14 0.01309680
16 11 0.00294145
16 7 0.00339502
16 13 0.00414588
16 15 0.03823110
16 6 0.00583774
16 9 0.00067226
83 67 0.01659740
83 71 0.00545489
83 68 0.60281500
83 72 0.00135840
83 69 0.01208990
83 70 0.00136750
38 38 0.00911504
38 23 0.00922320
38 22 0.01553840
143 118 0.00063930
143 126 0.02565770
143 121 0.03304560
143 124 0.09159600
143 123 0.00339637
143 125 0.06822080
30 17 0.00052707
30 16 0.00455450
30 14 0.03187330
30 15 0.14509700
30 30 0.00918411
112 97 0.02290710
112 96 0.08088170
112 98 0.43738400
112 93 0.00978713
112 94 0.02892110
112 99 0.00643352
112 95 0.23793800
105 90 0.00434296
105 89 0.01205840
105 91 0.03064910
105 92 0.00239851
24 14 0.00879861
24 16 0.03565480
24 10 0.00053918
24 8 0.00122589
24 12 0.01842900
24 15 0.04117750
24 13 0.01025060
24 9 0.00056040
24 24 0.00879901
18 11 0.00302879
18 16 0.00298761
18 10 0.00290568
18 17 0.00054885
18 14 0.00905063
18 8 0.00776780
18 12 0.00672345
18 9 0.00270210
18 18 0.00938560
18 13 0.01439780
18 15 0.01106150
18 6 0.00122624
18 7 0.00458440
131 113 0.00051989
131 116 0.10520000
131 115 0.00093689
131 112 0.07191750
131 117 0.00846625
131 114 0.26922100
69 53 0.00936181
69 54 0.06552970
69 64 0.00085837
69 63 0.00080849
133 119 0.01082100
133 116 0.41052600
133 115 0.00593994
133 118 0.10043800
133 112 0.00071523
133 117 0.00675683
133 114 0.24676700
70 55 0.00816403
70 64 0.00114434
70 54 0.00945366
70 65 0.00074403
100 84 0.01170860
100 85 0.00063086
100 86 0.17844400
98 84 0.30494800
98 83 0.00210315
98 82 0.02705660
41 41 0.00902698
41 25 0.00474404
41 26 0.08758660
154 127 0.03946890
154 126 0.07323270
154 129 0.00233641
154 130 0.00091950
154 128 0.00459898
154 125 0.00050563
155 130 0.00150018
155 129 0.00171702
155 128 0.01544130
155 131 0.00052056
155 127 0.19996000
155 126 0.00199056
62 46 0.02058600
62 45 0.00430133
62 59 0.00526344
62 47 0.01494600
33 33 0.00918416
33 17 0.00081869
33 18 0.02157610
80 68 0.00556451
80 65 0.06531990
80 64 0.00063772
80 69 0.00050483
80 67 0.00074685
119 101 0.00306994
119 105 0.00737344
119 100 0.19328900
119 102 0.01378250
119 104 0.00684340
42 42 0.00897789
42 27 0.50623700
42 26 0.03963320
5 5 0.78304700
5 4 0.00817856
5 3 0.00069612
5 2 0.00851762
68 65 0.00135115
68 53 0.38100100
68 52 0.00938093
25 9 0.00197265
25 15 0.01615670
25 13 0.03095190
25 25 0.00887698
25 11 0.00082079
25 14 0.01655920
25 17 0.00155824
25 10 0.00131992
25 16 0.00388518
25 12 0.00091203
50 34 0.00995964
50 50 0.00848906
136 121 0.00207928
136 116 0.00119404
136 119 0.38545200
136 114 0.00111729
136 117 0.26160800
136 115 0.00107481
136 120 0.00108561
136 118 0.08668170
117 98 0.17345000
117 100 0.29749800
117 101 0.00057615
117 103 0.11537700
117 102 0.19465400
117 104 0.00255860
117 99 0.00703174
140 121 0.01382190
140 123 0.00871791
140 119 0.00134066
140 122 0.00471211
140 118 0.01469460
140 120 0.00672484
90 76 0.34816100
90 75 0.00809402
90 74 0.15218800
115 96 0.16998400
115 97 0.00204630
115 101 0.10324100
115 100 0.19092400
115 98 0.29878600
115 99 0.00639845
115 102 0.00230743
94 78 0.26089600
94 80 0.04145710
94 79 0.08757970
118 103 0.34538400
118 104 0.10166000
118 99 0.18383000
118 100 0.00524175
118 101 0.29519000
99 84 0.06633680
99 83 0.27033200
99 85 0.60416000
48 32 0.54202700
48 33 0.00386084
48 48 0.00871518
81 66 0.37532400
81 67 0.00464371
81 69 0.00554507
81 70 0.00077200
81 68 0.00087562
81 65 0.00956188
108 95 0.00760070
108 92 0.09478170
108 91 0.25046800
108 94 0.33839900
108 90 0.01886140
108 93 0.00675666
150 126 0.01116910
150 127 0.00644278
150 131 0.00527333
150 129 0.01055180
150 130 0.02830310
150 125 0.02369140
150 128 0.01733840
39 24 0.27197600
39 23 0.01211240
39 39 0.00904010
137 119 0.07770460
137 116 0.00122012
137 115 0.00466121
137 118 0.31946600
137 120 0.23391300
137 117 0.00289355
124 110 0.00062040
124 107 0.01185800
124 109 0.11356700
124 105 0.05781330
74 65 0.00114794
74 59 0.95384200
74 67 0.00060170
95 80 0.00583309
95 79 0.26580900
95 81 0.08996320
75 68 0.00058797
75 63 0.00066564
75 61 0.00066493
75 60 0.95351800
56 39 0.00070796
56 40 0.68221800
56 41 0.03275740
56 56 0.00538987
56 53 0.00057285
151 130 0.00213155
151 129 0.00419683
151 124 0.00188821
151 125 0.00229715
151 128 0.00454374
151 131 0.00370428
151 126 0.01679620
151 127 0.01101520
109 93 0.12139000
109 90 0.00086889
109 94 0.00578228
109 96 0.00248748
109 91 0.04124810
109 92 0.29356100
109 95 0.29661200
101 87 0.31991900
101 86 0.00133439
101 85 0.01438310
114 100 0.27143600
114 98 0.01077070
114 96 0.00181201
114 101 0.00331969
114 97 0.26511300
114 95 0.15440900
114 99 0.04727250
144 122 0.03507700
144 127 0.01033320
144 126 0.16972300
144 124 0.00642865
144 123 0.00255581
144 119 0.00069312
144 125 0.39574800
27 13 0.00353640
27 15 0.06144550
27 27 0.00898012
27 17 0.00084006
27 16 0.01984680
27 14 0.00329806
27 11 0.00405566
27 12 0.00255178
107 92 0.00383537
107 91 0.16773500
107 93 0.31103600
107 94 0.05946930
107 90 0.16666500
107 89 0.00078464
58 58 0.00379126
58 55 0.00201160
58 42 0.08943400
58 41 0.02393600
58 43 0.00146524
73 58 0.95390200
73 64 0.00088337
73 65 0.00142222
73 67 0.00058794
9 6 0.07104800
9 9 0.74890000
9 7 0.00979929
9 3 0.00051009
9 5 0.00628769
9 8 0.00146329
77 70 0.00051316
77 65 0.00194601
77 63 0.00092298
77 62 0.95292300
127 113 0.07182640
127 111 0.00050948
127 110 0.07662810
127 108 0.22832000
127 112 0.05769720
40 40 0.00903399
40 25 0.00876225
40 24 0.00533445
139 122 0.05713100
139 117 0.00639810
139 120 0.09913800
139 118 0.00579550
139 121 0.00343947
139 119 0.00397580
78 62 0.00052502
78 66 0.00482772
78 63 0.95362100
110 92 0.00685488
110 96 0.11650100
110 91 0.00223794
110 97 0.02945720
110 94 0.11543000
110 93 0.30388600
110 95 0.00216092
138 120 0.07431590
138 118 0.00291609
138 117 0.00745844
138 119 0.40215500
138 121 0.21921100
138 116 0.00508899
60 57 0.00471537
60 45 0.06838490
60 43 0.02001810
60 60 0.00299704
60 44 0.03180010
23 13 0.00879788
23 15 0.15710700
23 7 0.00090827
23 11 0.01445440
23 16 0.00416348
23 14 0.00862235
23 12 0.00923574
23 23 0.00872293
132 116 0.01251960
132 113 0.01476270
132 117 0.00710143
132 114 0.00549872
132 115 0.25481800
132 118 0.01883460
37 37 0.00916679
37 21 0.01494430
37 22 0.00807296
153 128 0.00523025
153 125 0.02694630
153 129 0.00184637
153 130 0.00146841
153 127 0.00718780
153 126 0.05512880
153 131 0.00057304
79 67 0.00546926
79 64 0.00805931
71 62 0.00065607
71 66 0.00080242
71 56 0.95434500
71 65 0.00080271
102 89 0.00447760
102 87 0.00151770
102 88 0.01615250
102 86 0.07195660
103 87 0.01054230
103 88 0.00152532
103 90 0.00478544
103 89 0.16047600
28 12 0.01204180
28 14 0.00850650
28 16 0.00343203
28 17 0.00604690
28 28 0.00908772
28 15 0.00762087
28 13 0.00680140
20 11 0.00127951
20 16 0.00258522
20 10 0.00668939
20 14 0.01008200
20 8 0.00637407
20 12 0.03516870
20 9 0.00803363
20 13 0.01414220
20 15 0.01218990
20 6 0.00067871
20 20 0.00914500
64 47 0.00185479
64 50 0.01058240
64 62 0.00067724
64 61 0.00659972
64 49 0.29586100
64 48 0.32422200
35 19 0.03780940
35 35 0.00918061
35 20 0.85739400
26 13 0.00176513
26 15 0.05707310
26 26 0.00895843
26 12 0.00163689
26 10 0.00238862
26 16 0.00783475
26 14 0.03266520
26 11 0.00100113
120 103 0.02332970
120 106 0.01335600
120 101 0.20494100
120 105 0.10177300
135 117 0.02363280
135 114 0.00123334
135 120 0.01368940
135 118 0.39387500
135 115 0.00061815
135 116 0.25729300
135 119 0.00723768
93 79 0.10786500
93 78 0.00401975
93 77 0.09490340
34 19 0.85711300
34 34 0.00918169
34 18 0.00251228
130 115 0.18156600
130 114 0.00053964
130 111 0.01548930
130 113 0.15619900
130 116 0.01949600
158 130 0.94622400
158 131 0.00338748
52 37 0.01548780
52 52 0.00846162
52 36 0.00944353
152 126 0.00497128
152 127 0.01431600
152 129 0.00218248
152 130 0.00128573
152 125 0.01468680
152 128 0.00518827
152 124 0.00305510
22 11 0.01010470
22 16 0.00083483
22 10 0.01389930
22 14 0.15088700
22 12 0.01213650
22 8 0.00062120
22 22 0.00871099
22 13 0.00251226
22 15 0.00720339
146 124 0.05835920
146 125 0.01944790
146 128 0.04682250
146 121 0.00088453
146 129 0.00209751
146 126 0.03762480
146 127 0.39599100
111 92 0.00342805
111 96 0.00248675
111 97 0.42093700
111 94 0.29861800
111 98 0.00946704
111 93 0.04881430
111 95 0.08987250
123 109 0.00130205
123 105 0.00054235
123 104 0.16235700
123 106 0.01529960
123 108 0.15287600
147 125 0.08631250
147 128 0.09791640
147 123 0.00085144
147 130 0.00111388
147 129 0.00657117
147 126 0.05619830
147 127 0.03788390
147 122 0.00101753
122 107 0.00754708
122 105 0.07305680
122 108 0.00154965
122 103 0.00806640
88 72 0.00397464
88 73 0.08848370
88 74 0.06380870
76 69 0.00065450
76 64 0.00108088
76 62 0.00085379
76 61 0.95339200
32 32 0.00918437
32 18 0.00058925
32 16 0.00050151
32 17 0.02608040
66 52 0.00191999
66 49 0.01711480
66 63 0.00499545
66 64 0.00058611
66 50 0.04754680
66 51 0.88812100
159 131 0.98478700
46 46 0.00880816
46 31 0.08638850
46 30 0.46157800
44 44 0.00883521
44 28 0.38228400
44 29 0.56861400
12 5 0.00175984
12 10 0.05424580
12 11 0.00241326
12 8 0.04497480
12 12 0.51298900
12 9 0.00417780
67 64 0.00212818
67 50 0.00062582
67 65 0.00051764
67 51 0.01064160
67 52 0.01605460
156 127 0.00167124
156 129 0.01633110
156 130 0.00068118
156 128 0.66856400
128 113 0.29561000
128 111 0.02904210
128 114 0.00360007
128 109 0.23131300
14 13 0.00244598
14 7 0.00054514
14 3 0.00078261
14 4 0.00094199
14 14 0.34188700
14 10 0.04825340
14 5 0.00397362
14 11 0.00648896
14 8 0.00305380
14 12 0.03975480
113 98 0.02555960
113 100 0.00659128
113 94 0.04165060
113 97 0.04516010
113 96 0.23572900
113 95 0.00412695
113 99 0.41746600
49 49 0.00856974
49 33 0.01976210
92 76 0.03510650
92 77 0.00406787
92 78 0.01368890
57 41 0.23817400
57 40 0.00623443
57 42 0.01086930
57 54 0.00078545
57 57 0.00411346
54 38 0.00760776
54 54 0.00817491
54 39 0.00252224
97 82 0.02000570
97 83 0.44885300
97 81 0.05119890
45 29 0.38916400
45 30 0.49626300
45 45 0.00881113
59 42 0.02343980
59 43 0.06256030
59 44 0.01226910
59 59 0.00340530
59 56 0.00332165
53 38 0.01493670
53 53 0.00841272
53 37 0.00809479
85 73 0.00556507
85 69 0.00993304
85 70 0.07788200
85 72 0.00161770
85 74 0.00056094
85 71 0.07170020
13 4 0.00156573
13 10 0.00425796
13 11 0.01292180
13 12 0.00170146
13 6 0.00083206
13 2 0.00054228
13 13 0.62675200
13 9 0.04724330
13 7 0.00189733
121 106 0.10932900
121 104 0.01071710
121 102 0.01336900
121 107 0.00345265
21 15 0.01249720
21 13 0.10879500
21 9 0.01273750
21 21 0.00873227
21 12 0.00185794
21 14 0.00787796
21 16 0.00261771
21 5 0.00127917
21 10 0.00676201
21 11 0.00683604
104 88 0.02303330
104 91 0.00240657
104 89 0.00363093
104 90 0.17079200
11 9 0.04676260
11 7 0.02748670
11 10 0.00266097
11 4 0.00083154
11 11 0.04799170
11 8 0.00922307
157 128 0.00102274
157 129 0.84740600
157 130 0.00418301
82 71 0.00121151
82 66 0.01116760
82 67 0.01164410
82 69 0.00112849
82 70 0.00540102
82 68 0.00259976
96 81 0.00950271
96 80 0.10099200
96 82 0.26632400
3 3 0.72037500
3 2 0.00098571
87 72 0.00836209
87 73 0.42940800
87 74 0.00268230
87 71 0.00565310
55 52 0.00050734
55 40 0.02858390
55 39 0.72737000
55 55 0.00673910
86 70 0.00323628
86 73 0.00209661
86 72 0.02600680
86 75 0.00057855
86 74 0.00497029
86 71 0.01006710
65 48 0.12011600
65 49 0.21867600
65 62 0.00640632
65 50 0.39364300
65 63 0.00059183
65 51 0.00126167
72 66 0.00057204
72 64 0.00133739
72 63 0.00083081
72 57 0.95386100
89 73 0.15572800
89 75 0.11082100
89 74 0.10166800
15 7 0.00063914
15 13 0.01472200
15 6 0.00174948
15 15 0.15684000
15 9 0.00108995
15 12 0.00506306
15 8 0.00068146
15 5 0.00221160
15 10 0.00074914
15 14 0.00656499
15 4 0.00260020
15 11 0.04248770
51 36 0.01141780
51 51 0.00847348
51 35 0.27528600
145 120 0.00085107
145 127 0.08678610
145 126 0.46280200
145 124 0.00300271
145 123 0.03786530
145 128 0.00316351
145 125 0.04896960
2 2 0.98773400
31 15 0.00239401
31 31 0.00918361
31 16 0.02558960
31 17 0.01025960
134 120 0.00453148
134 118 0.01050990
134 115 0.25272100
134 117 0.41428900
134 119 0.05767130
134 113 0.00116745
134 116 0.01442330
106 92 0.21509000
106 91 0.00364625
106 89 0.00620102
106 90 0.24836700
106 93 0.15791500
43 43 0.00892265
43 28 0.57382100
43 27 0.00659228
19 19 0.00928002
19 8 0.00568862
19 12 0.00782328
19 10 0.00156248
19 16 0.00127662
19 14 0.00896558
19 11 0.01210130
19 7 0.00319588
19 13 0.01694180
19 15 0.01365510
19 9 0.00809594
4 5 0.00057266
4 1 0.00428500
4 4 0.82788600
4 2 0.00062857
4 3 0.00154586
10 10 0.72499100
10 8 0.01380840
10 9 0.00434368
10 6 0.00883921
10 7 0.02837390
17 7 0.00819761
17 9 0.00219393
17 15 0.03807870
17 6 0.00405083
17 13 0.01390380
17 8 0.00292908
17 12 0.00645444
17 11 0.00322436
17 14 0.00719383
17 17 0.01179180
17 16 0.00928302
17 10 0.00149913
91 75 0.07669890
91 77 0.01138040
91 76 0.00239218
29 13 0.02541950
29 15 0.02861130
29 29 0.00918083
29 16 0.00374763
29 14 0.03305450
63 47 0.06979990
63 49 0.00105058
63 60 0.00548058
63 48 0.11685700
63 46 0.00211688
7 4 0.07973210
7 5 0.00330368
7 7 0.08539240
7 3 0.00077053
7 6 0.00152339
148 126 0.07838520
148 127 0.09435950
148 123 0.00188275
148 124 0.00366430
148 125 0.00199007
148 128 0.06325110
148 129 0.05456750
148 130 0.00084649
47 47 0.00879860
47 32 0.04442200
47 31 0.87144900
149 126 0.00433067
149 127 0.09208810
149 124 0.01111720
149 125 0.00509472
149 128 0.06512320
149 129 0.04883260
149 130 0.01085610
6 3 0.04660490
6 6 0.58355700
6 2 0.00054663
6 4 0.00221587
6 5 0.00521534
36 36 0.00917330
36 20 0.03782480
36 21 0.00759398
126 109 0.27114700
126 107 0.01965210
126 112 0.00764864
126 110 0.00136323
126 108 0.00077400
126 111 0.28091800
