55 55 0.78034500
87 87 0.29233900
3 3 0.54804600
96 96 0.37100200
72 72 0.94497300
65 65 0.39798800
86 86 0.29048200
89 89 0.47903600
145 145 0.33694000
2 2 0.71452400
51 51 0.28946500
15 15 0.63146500
121 121 0.39377200
21 21 0.67632400
11 11 0.55555500
104 104 0.39130000
82 82 0.33920200
157 157 0.29147000
29 29 0.55062800
63 63 0.29238900
91 91 0.46054600
47 47 0.99992000
7 7 0.52618400
148 148 0.99318900
149 149 0.99318500
126 126 0.48376100
36 36 0.43063600
6 6 0.49508900
31 31 0.44914800
134 134 0.69114300
19 19 0.75349200
43 43 0.55172500
106 106 0.99222500
10 10 0.91898800
17 17 0.60671800
4 4 0.73538500
76 76 0.99312000
88 88 0.39471000
122 122 0.28750600
32 32 0.38152000
52 52 0.39162200
158 158 0.29421400
130 130 0.58471900
22 22 0.42524100
152 152 0.40215300
147 147 0.99320500
123 123 0.38487600
111 111 0.98089700
146 146 0.99320600
92 92 0.28841400
57 57 0.46475600
97 97 0.50395200
54 54 0.35217700
53 53 0.38656500
59 59 0.49417300
45 45 0.99992500
85 85 0.29238800
13 13 0.53049200
12 12 0.42451800
44 44 0.99992900
66 66 0.99986200
46 46 0.94020000
159 159 0.34488000
156 156 0.29186600
67 67 0.33920300
49 49 0.36295100
113 113 0.98092600
14 14 0.49358100
128 128 0.40046100
151 151 0.33693600
56 56 0.66950000
107 107 0.99222500
144 144 0.39538800
27 27 0.54547000
114 114 0.98093200
109 109 0.39155700
101 101 0.38487600
9 9 0.87320600
77 77 0.89872300
73 73 0.79013500
58 58 0.43645700
127 127 0.44898200
108 108 0.30364000
48 48 0.55171600
81 81 0.39809600
99 99 0.91742500
39 39 0.28946500
150 150 0.99317300
95 95 0.34853100
74 74 0.99311200
137 137 0.34098800
124 124 0.30920400
75 75 0.99311700
20 20 0.79555700
28 28 0.47512700
35 35 0.92069100
64 64 0.39779900
120 120 0.39932300
26 26 0.62681300
34 34 0.84817100
93 93 0.39317600
135 135 0.72989300
139 139 0.29147100
78 78 0.88372700
40 40 0.44589900
60 60 0.36303200
23 23 0.48909700
138 138 0.29421300
110 110 0.98086700
102 102 0.28750600
71 71 0.98998700
153 153 0.39803100
79 79 0.27966900
37 37 0.38656500
132 132 0.70394000
103 103 0.39377100
105 105 0.38245100
112 112 0.98092400
143 143 0.39803100
30 30 0.44468400
38 38 0.39162300
24 24 0.47312100
133 133 0.69585200
131 131 0.66890000
69 69 0.30024200
18 18 0.68459500
98 98 0.47775200
100 100 0.27276800
70 70 0.33467800
84 84 0.39780000
8 8 0.84743200
129 129 0.50480800
142 142 0.39790600
116 116 0.28562700
141 141 0.39759100
61 61 0.28539300
83 83 0.39799000
16 16 0.61637400
125 125 0.70004800
1 1 0.81214800
25 25 0.60897700
68 68 0.39809800
140 140 0.29186600
117 117 0.97422500
136 136 0.66985500
50 50 0.37078300
94 94 0.34861900
118 118 0.96866700
115 115 0.39156900
90 90 0.43291500
41 41 0.46995400
154 154 0.39790500
62 62 0.29048200
155 155 0.39759100
5 5 0.56549300
42 42 0.75789100
119 119 0.40555000
80 80 0.29024300
33 33 0.34191500
