120 132 120 132 0.09825230
10 26 10 26 0.01353630
10 15 10 15 0.01598030
10 27 10 27 0.00897820
10 115 10 115 0.11570400
10 124 10 124 0.00458808
10 119 10 119 0.01808460
10 121 10 121 0.00769392
10 70 10 70 0.00050445
10 21 10 21 0.12379500
140 151 140 151 0.70265500
71 107 71 107 0.02470500
71 122 71 122 0.00222448
71 158 71 158 0.00129948
71 98 71 98 0.01411890
69 105 69 105 0.05117460
69 107 69 107 0.00817178
69 100 69 100 0.02538270
69 106 69 106 0.05074220
69 124 69 124 0.00146725
48 54 48 54 0.08129550
48 63 48 63 0.00900036
48 56 48 56 0.03818180
48 55 48 55 0.20140000
48 57 48 57 0.00999727
48 53 48 53 0.03710060
48 62 48 62 0.06706830
48 52 48 52 0.04686820
48 61 48 61 0.03651570
34 109 34 109 0.71638800
34 43 34 43 0.00266364
34 68 34 68 0.01629240
34 131 34 131 0.00648777
34 66 34 66 0.03535120
34 64 34 64 0.03002790
57 64 57 64 0.00586689
82 89 82 89 0.17858600
82 92 82 92 0.13915500
3 156 3 156 0.00588599
3 28 3 28 0.04367930
3 123 3 123 0.22379700
3 110 3 110 0.00894080
3 128 3 128 0.07032210
3 19 3 19 0.00084976
123 134 123 134 0.01529900
20 29 20 29 0.02087980
19 30 19 30 0.01174880
21 28 21 28 0.03197880
144 148 144 148 0.55806100
125 132 125 132 0.13460800
125 158 125 158 0.00882686
40 71 40 71 0.08993600
40 103 40 103 0.05720200
40 59 40 59 0.13581500
40 58 40 58 0.03602000
40 108 40 108 0.00578739
40 66 40 66 0.00863095
40 68 40 68 0.12567600
2 157 2 157 0.04401800
2 129 2 129 0.07922670
2 133 2 133 0.03337790
2 20 2 20 0.00078783
2 111 2 111 0.01289550
2 131 2 131 0.04934660
109 119 109 119 0.00280832
109 118 109 118 0.00517728
109 121 109 121 0.00487904
106 110 106 110 0.01597310
106 131 106 131 0.00168744
106 114 106 114 0.00222064
53 58 53 58 0.02141250
53 59 53 59 0.01772270
53 60 53 60 0.00888570
101 107 101 107 0.00240888
107 113 107 113 0.00402925
107 125 107 125 0.00056212
107 123 107 123 0.00265332
107 130 107 130 0.00125380
107 120 107 120 0.00115701
61 66 61 66 0.00887555
61 68 61 68 0.00477473
47 54 47 54 0.03332590
47 63 47 63 0.09026670
47 56 47 56 0.19320200
47 55 47 55 0.07716050
47 57 47 57 0.03561060
47 53 47 53 0.01964240
47 62 47 62 0.04857520
47 52 47 52 0.02200290
47 61 47 61 0.01498450
38 70 38 70 0.07013440
38 121 38 121 0.00101862
38 106 38 106 0.09560240
38 61 38 61 0.18015600
38 105 38 105 0.21433800
112 125 112 125 0.01093350
112 120 112 120 0.07503990
51 56 51 56 0.01216240
51 61 51 61 0.00322820
51 57 51 57 0.05659680
51 65 51 65 0.00139737
51 63 51 63 0.00105179
67 109 67 109 0.00536737
138 153 138 153 0.60187500
119 133 119 133 0.07690530
136 155 136 155 0.70540700
30 69 30 69 0.00467724
30 113 30 113 0.07778020
30 110 30 110 0.03232750
30 68 30 68 0.00343322
30 114 30 114 0.01710320
65 69 65 69 0.01819570
65 111 65 111 0.00173124
105 111 105 111 0.00916482
105 133 105 133 0.00073006
135 156 135 156 0.69987800
133 158 133 158 0.29095200
74 95 74 95 0.01096930
74 101 74 101 0.54952300
103 107 103 107 0.03440250
110 127 110 127 0.00641673
110 117 110 117 0.01598130
110 122 110 122 0.01396840
110 119 110 119 0.00782767
110 118 110 118 0.00924892
49 55 49 55 0.03691600
49 65 49 65 0.00073455
49 53 49 53 0.12679600
49 62 49 62 0.00726687
49 61 49 61 0.07415820
49 54 49 54 0.22602100
49 63 49 63 0.00131578
49 56 49 56 0.00922006
49 67 49 67 0.00066795
5 26 5 26 0.04248010
5 17 5 17 0.00231110
5 121 5 121 0.21057500
5 29 5 29 0.14036500
5 126 5 126 0.03197760
73 96 73 96 0.01051890
73 102 73 102 0.53483400
16 21 16 21 0.02124170
16 26 16 26 0.10532700
58 62 58 62 0.01576690
114 118 114 118 0.19652900
64 70 64 70 0.01029900
64 112 64 112 0.00056793
11 123 11 123 0.00319884
11 20 11 20 0.09261120
11 25 11 25 0.01137050
11 23 11 23 0.10456900
11 120 11 120 0.00651774
11 114 11 114 0.09868040
36 64 36 64 0.05224500
36 123 36 123 0.00186448
36 159 36 159 0.00205062
36 129 36 129 0.00097626
36 113 36 113 0.00158195
36 68 36 68 0.01067870
142 150 142 150 0.60188200
15 19 15 19 0.18120700
15 24 15 24 0.02682050
15 20 15 20 0.03137730
15 28 15 28 0.01783150
15 110 15 110 0.03049010
15 22 15 22 0.01147980
7 124 7 124 0.01775910
7 18 7 18 0.00185698
7 27 7 27 0.19507200
7 15 7 15 0.01174210
7 119 7 119 0.17399400
7 122 7 122 0.00607411
7 127 7 127 0.00602880
28 115 28 115 0.04285120
28 112 28 112 0.02419820
102 108 102 108 0.01258440
41 107 41 107 0.00483405
41 50 41 50 0.00074837
41 52 41 52 0.00386803
41 70 41 70 0.12142300
41 65 41 65 0.01208540
41 57 41 57 0.06271950
41 102 41 102 0.02402430
41 67 41 67 0.16477900
41 56 41 56 0.00417823
46 55 46 55 0.02947120
46 57 46 57 0.19705000
46 53 46 53 0.00846651
46 65 46 65 0.05489780
46 62 46 62 0.02050680
46 52 46 52 0.00631704
46 50 46 50 0.00410875
46 54 46 54 0.01710380
46 63 46 63 0.09614580
46 56 46 56 0.07147830
46 67 46 67 0.00309372
44 58 44 58 0.12115300
44 66 44 66 0.03702280
44 60 44 60 0.02690160
44 64 44 64 0.10008900
44 59 44 59 0.02181010
44 104 44 104 0.00105833
44 69 44 69 0.00400565
44 49 44 49 0.00760191
44 51 44 51 0.00209142
84 91 84 91 0.36723800
22 27 22 27 0.04089480
72 104 72 104 0.02944810
72 103 72 103 0.47680300
72 97 72 97 0.01273920
77 93 77 93 0.02033450
77 98 77 98 0.61200000
77 92 77 92 0.00262686
62 108 62 108 0.00186286
62 71 62 71 0.00511443
62 69 62 69 0.00501224
83 87 83 87 0.03282650
83 91 83 91 0.07768600
32 111 32 111 0.30389200
32 68 32 68 0.00662879
32 66 32 66 0.00318949
32 69 32 69 0.00466058
134 157 134 157 0.60024200
33 69 33 69 0.00379877
33 64 33 64 0.00152417
33 110 33 110 0.38608900
33 68 33 68 0.00654798
33 66 33 66 0.00808588
43 54 43 54 0.00254804
43 63 43 63 0.01807790
43 56 43 56 0.03507150
43 67 43 67 0.06373500
43 55 43 55 0.01352560
43 57 43 57 0.02552320
43 65 43 65 0.17375400
43 105 43 105 0.00162586
43 52 43 52 0.00142984
43 50 43 50 0.00562215
43 61 43 61 0.03169840
13 112 13 112 0.18548600
63 69 63 69 0.01424060
63 109 63 109 0.00113353
63 68 63 68 0.01539050
104 112 104 112 0.00419175
104 132 104 132 0.00061727
9 22 9 22 0.07955020
9 120 9 120 0.01541990
9 16 9 16 0.00726540
9 28 9 28 0.00720479
9 125 9 125 0.00417342
9 25 9 25 0.14536500
75 100 75 100 0.64916600
75 94 75 94 0.01681180
137 154 137 154 0.66370900
70 99 70 99 0.02334990
70 159 70 159 0.00244696
70 123 70 123 0.00271691
29 69 29 69 0.00336240
29 111 29 111 0.03701920
29 114 29 114 0.06180040
50 64 50 64 0.00073337
50 58 50 58 0.02550100
50 59 50 59 0.02106220
50 60 50 60 0.05374250
50 66 50 66 0.00074481
76 99 76 99 0.65719500
27 113 27 113 0.01593520
26 114 26 114 0.00915200
26 38 26 38 0.00076737
143 149 143 149 0.60188200
12 22 12 22 0.10983300
12 24 12 24 0.01215240
12 19 12 19 0.09445770
12 113 12 113 0.11214900
80 91 80 91 0.17054400
80 95 80 95 0.41548300
68 107 68 107 0.03078390
68 105 68 105 0.01270030
68 106 68 106 0.03012520
8 126 8 126 0.00528883
8 14 8 14 0.01902500
8 29 8 29 0.00682369
8 17 8 17 0.00312116
8 121 8 121 0.01657430
8 26 8 26 0.21258500
8 118 8 118 0.14870900
1 158 1 158 0.10843600
1 134 1 134 0.01297880
1 132 1 132 0.04148520
1 112 1 112 0.01058690
113 119 113 119 0.14415900
113 124 113 124 0.01436030
108 112 108 112 0.00651451
108 122 108 122 0.00344085
55 66 55 66 0.00050973
139 152 139 152 0.60187900
132 159 132 159 0.13624000
35 69 35 69 0.00544458
35 71 35 71 0.01180150
35 64 35 64 0.02082240
35 66 35 66 0.01077510
35 130 35 130 0.00091795
35 114 35 114 0.00086447
35 108 35 108 0.31439300
18 24 18 24 0.15402700
42 68 42 68 0.05065770
42 66 42 66 0.16793400
42 49 42 49 0.00177955
42 51 42 51 0.00510168
42 69 42 69 0.08814600
42 64 42 64 0.01637690
78 91 78 91 0.00258084
78 97 78 97 0.65650500
4 127 4 127 0.04946670
4 122 4 122 0.19623600
4 27 4 27 0.04449740
4 18 4 18 0.00127943
4 30 4 30 0.10645200
122 130 122 130 0.14299400
126 131 126 131 0.21504600
126 157 126 157 0.00337795
37 112 37 112 0.00120337
37 44 37 44 0.00134393
37 107 37 107 0.15317900
37 122 37 122 0.00121774
37 158 37 158 0.00075597
37 62 37 62 0.14187800
39 71 39 71 0.02499670
39 69 39 69 0.09271390
39 59 39 59 0.01905650
39 109 39 109 0.00214100
39 104 39 104 0.15992100
39 60 39 60 0.15015600
85 92 85 92 0.00457635
85 90 85 90 0.37770000
85 89 85 89 0.03590190
45 68 45 68 0.00536484
45 66 45 66 0.06040710
45 51 45 51 0.00312219
45 64 45 64 0.10357100
111 116 111 116 0.03152730
111 121 111 121 0.04671430
111 118 111 118 0.01204120
111 126 111 126 0.00936666
111 117 111 117 0.01714020
124 129 124 129 0.06789180
124 159 124 159 0.03030760
124 133 124 133 0.11001700
124 128 124 128 0.06052400
17 25 17 25 0.09893720
17 108 17 108 0.00162328
6 120 6 120 0.15153300
6 16 6 16 0.00516291
6 19 6 19 0.00098258
6 25 6 25 0.03049190
6 128 6 128 0.00615815
6 28 6 28 0.14629400
6 125 6 125 0.01870680
121 131 121 131 0.14771400
14 111 14 111 0.05543190
14 23 14 23 0.00871403
14 20 14 20 0.13266500
14 28 14 28 0.01569630
14 25 14 25 0.02629520
79 96 79 96 0.49103500
79 92 79 92 0.12173700
79 90 79 90 0.00162016
31 109 31 109 0.01006960
31 68 31 68 0.00601266
31 113 31 113 0.03161740
31 69 31 69 0.00574997
52 64 52 64 0.00240129
81 92 81 92 0.02840520
81 90 81 90 0.18247100
