25 25 0.23123252
154 154 0.51401124
98 98 0.96315687
93 93 0.81554284
3 3 0.49012256
96 96 0.90724253
141 141 0.67690420
141 143 0.00138979
141 142 0.01365874
89 89 0.90787105
51 51 0.96918281
66 66 0.83519251
100 100 0.65083030
75 75 0.56811137
58 58 0.33274402
53 53 0.47613092
22 22 0.07002140
128 128 0.77528987
128 129 0.02013282
9 9 0.31535884
109 109 0.95963223
129 130 0.00342379
129 129 0.82110038
61 61 0.21320683
145 145 0.67495084
145 146 0.00309755
121 121 0.79980096
65 65 0.66672255
146 147 0.00069577
146 146 0.95214551
32 32 0.65465557
62 62 0.21625440
126 126 0.75692598
77 77 0.80882831
107 107 0.83713032
90 90 0.66036584
111 111 0.94641842
150 150 0.89116998
63 63 0.32044253
131 132 0.00809905
131 131 0.75815174
92 92 0.89545657
44 44 0.26004457
55 55 0.77484807
38 38 0.96309809
10 10 0.31732688
30 30 0.60752212
142 143 0.02852576
142 142 0.80645523
142 144 0.00138130
143 145 0.00053351
143 143 0.82379445
143 144 0.02484555
48 48 0.31397211
69 69 0.92462090
59 59 0.32804462
46 46 0.28461037
7 7 0.87462526
71 71 0.70937198
11 11 0.22802338
86 86 0.76442351
151 151 0.83611539
4 4 0.51018823
64 64 0.34470433
112 112 0.76860391
50 50 0.22918181
135 135 0.90036358
135 136 0.00727728
106 106 0.68225500
54 54 0.07494075
57 57 0.32039589
132 132 0.72153463
132 133 0.03560515
60 60 0.29522962
157 157 0.93739661
140 140 0.70009229
95 95 0.69543151
18 18 0.37881982
81 81 0.75182139
147 147 0.74535140
147 148 0.00079467
6 6 0.46894081
28 28 0.32262643
85 85 0.71136890
45 45 0.65274776
31 31 0.71373223
16 16 0.82648927
12 12 0.23361156
36 36 0.46080222
104 104 0.76477982
37 37 0.80421001
134 134 0.90032540
134 135 0.05707309
102 102 0.76391704
35 35 0.49820726
152 152 0.84946420
2 2 0.81379563
119 119 0.74086754
76 76 0.70317866
34 34 0.47808664
73 73 0.75342792
127 127 0.73113173
43 43 0.30569882
122 122 0.68110999
40 40 0.96310072
83 83 0.69582895
94 94 0.75170347
123 123 0.94385565
123 124 0.00062249
114 114 0.70901792
115 115 0.72402198
91 91 0.95026651
133 134 0.05707991
133 133 0.79874626
72 72 0.75472451
116 116 0.71891939
26 26 0.22199755
1 1 0.81490680
52 52 0.64796831
108 108 0.95972445
105 105 0.71496396
103 103 0.71996330
138 138 0.73952230
138 139 0.01145017
125 126 0.00151489
125 125 0.90904091
144 144 0.88772633
144 145 0.00352387
144 146 0.00067689
33 33 0.81692109
39 39 0.96308757
99 99 0.79675863
21 21 0.75715847
27 27 0.31397131
118 118 0.75136563
67 67 0.73414366
15 15 0.97161063
136 136 0.71253268
136 137 0.00069268
47 47 0.30964741
74 74 0.62352302
79 79 0.70709913
20 20 0.29204194
149 149 0.84730508
149 150 0.00165534
113 113 0.65914064
24 24 0.99307710
148 148 0.79444193
148 149 0.00173182
5 5 0.73536225
120 120 0.72298542
158 158 0.99975000
88 88 0.78720728
49 49 0.22199755
14 14 0.34070026
153 153 0.73925146
84 84 0.68383537
137 137 0.73977172
137 138 0.00403970
78 78 0.77319273
80 80 0.82483371
17 17 0.93627016
130 130 0.72328102
130 131 0.00082127
13 13 0.34195868
23 23 0.21773791
156 156 0.92409447
8 8 0.75723386
155 155 0.58287553
124 124 0.84611492
124 125 0.00304042
68 68 0.87071674
70 70 0.70172730
42 42 0.28263960
56 56 0.27358502
117 117 0.73164014
29 29 0.35677458
19 19 0.35747615
101 101 0.66039619
41 41 0.96312997
82 82 0.69308883
110 110 0.95450916
87 87 0.72412090
97 97 0.83472844
139 139 0.73898738
