49 87 52 87 0.00062563
144 159 144 159 0.06312113
53 86 53 86 0.14155654
1 148 1 148 0.00587617
42 150 45 150 0.00178868
16 22 19 25 0.00303871
16 23 18 28 0.00050716
143 160 143 160 0.07184867
89 147 89 147 0.40958467
89 147 89 146 0.00317682
6 37 8 37 0.01392008
6 36 6 39 0.00237146
65 71 65 71 0.60147768
60 75 61 75 0.01558953
60 75 60 76 0.00077085
8 33 8 37 0.00513266
8 33 10 35 0.00179478
8 33 11 34 0.00138569
8 33 9 36 0.00104333
8 33 12 33 0.00078684
145 158 145 158 0.18641412
10 31 12 33 0.00180804
10 31 10 35 0.00530662
10 31 11 34 0.00101645
10 31 13 32 0.00121101
18 31 16 31 0.00145580
44 148 47 148 0.00072304
7 34 9 36 0.00110585
7 34 10 35 0.00137520
7 34 11 34 0.00081807
7 34 7 38 0.00486350
7 34 8 37 0.00094715
151 158 151 158 0.41945582
93 143 93 143 0.06113493
93 143 92 143 0.00242419
61 75 61 75 0.55235088
59 76 60 76 0.03267002
4 37 7 38 0.00053378
4 37 8 37 0.00065659
4 37 6 39 0.00143433
4 37 5 40 0.00075015
4 37 4 41 0.00198727
4 36 9 36 0.00481393
19 25 19 25 0.53754690
19 25 20 25 0.00088818
19 25 21 25 0.00267032
62 74 62 74 0.47895493
62 73 62 74 0.00056561
62 73 63 73 0.01320473
5 37 8 37 0.00060441
5 37 5 40 0.00198455
5 36 8 37 0.00053639
5 36 7 38 0.00147754
5 36 5 40 0.00203676
5 36 6 39 0.00090049
15 24 18 28 0.00707058
15 24 17 29 0.00051426
15 24 20 24 0.00535779
45 147 48 147 0.00050627
13 28 18 28 0.00262422
13 26 16 30 0.00619317
11 30 12 33 0.00094849
11 30 16 30 0.00972352
11 30 11 34 0.00255655
11 30 13 32 0.00116531
52 87 52 87 0.08150242
63 72 64 72 0.00621488
3 37 8 37 0.00230710
92 144 92 144 0.14318733
92 144 92 143 0.00869040
92 144 91 144 0.00189399
56 80 57 80 0.03309140
14 25 19 25 0.01528994
14 25 17 29 0.00704208
20 24 19 24 0.00090120
20 24 20 24 0.11687757
58 78 58 78 0.21215469
58 78 58 79 0.00435473
58 78 59 78 0.02158157
90 146 89 146 0.00100899
90 146 90 145 0.00415279
90 146 90 146 0.07499933
66 70 66 70 0.48669136
57 79 57 80 0.00705947
57 79 58 79 0.03665186
64 72 64 72 0.59026118
64 71 65 71 0.00309991
55 82 55 82 0.60805741
55 81 55 82 0.00760772
91 145 90 145 0.00555179
91 145 92 145 0.00055995
91 145 91 144 0.00900027
50 86 53 86 0.00078279
50 86 50 86 0.24945200
9 32 12 33 0.00138161
9 32 14 32 0.01164656
9 32 9 36 0.00341813
9 32 11 34 0.00179612
9 32 13 32 0.00062669
9 32 10 35 0.00104535
88 148 88 148 0.41410200
147 156 147 156 0.16123102
87 149 87 149 0.28834133
