12 29 17 29 0.05444020
12 29 12 33 0.00082919
89 147 89 146 0.01281120
89 147 89 147 0.54581200
16 22 19 25 0.00065038
46 152 46 152 0.01250167
46 52 46 52 0.05409747
1 148 1 148 0.01431907
53 86 53 86 0.13457929
53 85 54 85 0.00052348
145 158 145 158 0.02010279
8 35 8 37 0.00255842
8 35 10 35 0.50217533
8 33 8 37 0.00266893
8 33 12 33 0.00053146
60 75 61 75 0.00379115
65 71 65 71 0.62079479
6 37 6 39 0.00365429
6 37 8 37 0.45165091
6 34 11 34 0.05914047
43 55 43 56 0.00145293
44 54 44 54 0.02564727
44 154 44 154 0.02744940
18 24 19 24 0.00097805
18 24 20 24 0.01209127
10 31 13 31 0.00052105
10 31 10 35 0.00315403
10 31 12 33 0.00057113
4 36 9 36 0.04213520
59 76 60 76 0.01591080
61 75 61 75 0.57977109
151 158 151 158 0.54921252
151 158 150 158 0.00054912
7 36 7 38 0.00289734
7 36 9 36 0.25512667
7 34 7 38 0.00233719
3 37 8 37 0.03752813
63 73 63 73 0.47211800
52 86 52 86 0.02331467
52 87 52 87 0.05595395
11 30 16 30 0.03752080
11 30 11 34 0.00157880
13 28 13 32 0.00069747
13 28 18 28 0.06025313
13 26 16 30 0.00262064
15 24 20 24 0.01557833
15 24 18 28 0.00354491
45 153 45 153 0.01401653
45 53 45 53 0.04036240
62 74 62 74 0.50511639
5 35 10 35 0.05947020
5 38 7 38 0.20662333
5 38 5 40 0.00362106
19 25 21 25 0.11743365
19 25 20 25 0.02034577
19 25 19 25 0.23805202
17 24 19 24 0.01408687
57 79 57 80 0.00698718
57 79 58 79 0.02332842
66 70 66 70 0.50624554
58 78 59 78 0.01277124
58 78 58 78 0.21599307
58 78 58 79 0.00417711
90 146 90 146 0.08579600
90 146 90 145 0.01601687
14 25 19 25 0.05149247
14 25 17 29 0.00324472
152 159 152 159 0.01352153
20 24 20 24 0.05792558
56 80 57 80 0.01998703
87 149 87 149 0.37689133
147 156 147 156 0.02398538
88 148 88 148 0.55336067
9 34 11 34 0.48815667
9 34 9 36 0.00102248
9 32 11 34 0.00056585
9 32 14 32 0.03696827
9 32 9 36 0.00208985
50 86 50 86 0.22150561
55 82 55 82 0.61216734
55 81 55 82 0.00764635
91 145 91 144 0.03755367
91 145 90 145 0.00175884
64 72 64 72 0.61579797
