65 65 0.62779900
151 151 0.86696700
151 152 0.00118721
151 153 0.00475090
20 20 0.65573100
99 99 0.87769600
124 124 0.90373200
18 18 0.98337000
40 40 0.99690400
80 80 0.99957500
101 101 0.78380000
126 126 0.90357800
46 46 0.99733800
117 117 0.90382200
92 92 0.83742500
30 30 0.99893300
30 29 0.00090503
109 109 0.92394200
115 115 0.90363200
57 57 0.99387700
68 68 0.83085000
36 36 0.34224000
142 144 0.01717950
142 142 0.87483500
142 143 0.01394570
52 52 0.99386400
129 129 0.90374900
114 114 0.90360600
78 78 0.99956800
86 86 0.83246700
135 135 0.90359000
150 152 0.00495345
150 151 0.00081548
150 150 0.86521100
8 8 0.05594980
17 17 0.98286800
17 18 0.00139556
85 85 0.40196500
59 59 0.76901400
2 2 0.90259800
72 72 0.25690000
157 157 0.84169600
112 112 0.75334200
38 38 0.45129500
143 143 0.86425900
143 144 0.00319052
143 145 0.03996410
138 139 0.00087331
138 138 0.90280300
63 63 0.33043500
28 28 0.99834300
90 90 0.63910200
43 43 0.48619100
130 130 0.90369800
21 21 0.61706800
147 149 0.06938690
147 147 0.86264800
147 148 0.00084896
60 60 0.70094100
152 154 0.00536970
152 152 0.88488400
152 153 0.00173160
105 105 0.95204900
144 146 0.05136190
144 145 0.00084555
144 144 0.86347700
123 123 0.90382200
110 110 0.92202600
5 5 0.91053700
103 103 0.95201400
33 33 0.99988600
131 131 0.90367600
102 102 0.78911900
35 35 0.51008900
87 87 0.74451100
49 49 0.47163700
79 79 0.99960400
53 53 0.99385500
118 118 0.90378600
88 88 0.98217600
47 47 0.92629600
156 156 0.80792700
113 113 0.90350600
77 77 0.99955400
23 23 0.34121600
107 107 0.93381600
128 128 0.90364900
153 153 0.92915600
153 155 0.00228268
127 127 0.90349000
148 148 0.86286600
148 150 0.06837820
148 149 0.00097546
73 73 0.46643100
10 10 0.99666200
141 143 0.00456070
141 141 0.89003900
141 142 0.00989708
42 42 0.63116500
27 27 0.26353700
154 154 0.77486600
34 34 0.75336000
56 56 0.99382900
96 96 0.94307100
61 61 0.89158000
13 13 0.73999900
146 147 0.00076052
146 146 0.86281100
146 148 0.07040610
149 150 0.00095141
149 149 0.86400300
149 151 0.01134420
44 44 0.99695300
29 29 0.99825700
29 28 0.00120328
6 6 0.73766700
133 133 0.90343400
89 89 0.64024100
4 4 0.13898000
158 158 0.62551600
145 146 0.00062441
145 145 0.86355900
145 147 0.05845990
111 111 0.75843300
134 134 0.90355000
19 19 0.75053000
9 9 0.99681700
48 48 0.72123000
125 125 0.90364700
51 51 0.99386600
69 69 0.98333700
93 93 0.77939100
39 39 0.34122400
41 41 0.99665100
91 91 0.55691900
95 95 0.79707800
82 82 0.25754100
26 26 0.34223700
121 121 0.90379100
58 58 0.05243840
50 50 0.70544600
104 104 0.95202800
116 116 0.90382800
45 45 0.99685700
120 120 0.90383000
55 55 0.99376000
74 74 0.29393300
54 54 0.99384200
16 17 0.00194979
16 16 0.98310500
76 76 0.99953100
3 3 0.99996300
159 159 0.86524200
14 14 0.38721500
139 139 0.90204100
139 140 0.00138054
119 119 0.90381500
100 100 0.94184500
132 132 0.90361200
137 138 0.00083864
137 137 0.90286200
15 15 0.72802700
11 11 0.89222900
94 94 0.58991200
66 66 0.70539200
98 98 0.88953300
12 12 0.99587800
75 75 0.27190600
22 22 0.99686900
81 81 0.30821300
160 160 0.99890200
67 67 0.66102600
97 97 0.91750300
25 25 0.01041790
83 83 0.60539400
31 31 0.99938700
64 64 0.93507100
62 62 0.93482300
32 32 0.99984900
7 7 0.78438100
155 155 0.58912700
108 108 0.92616800
1 1 0.86708000
37 37 0.01041790
122 122 0.90381900
71 71 0.98904300
140 140 0.89600100
140 142 0.00243908
140 141 0.00531778
136 136 0.90356700
106 106 0.94035800
70 70 0.65035000
84 84 0.71189300
24 24 0.45129600
