149 149 0.77741766
111 111 0.77321728
93 93 0.76656216
91 91 0.69826406
17 18 0.15615232
17 13 0.01673982
17 17 0.22263898
17 16 0.00859408
17 14 0.03171852
8 7 0.02229891
8 4 0.00904555
8 8 0.51169057
8 9 0.19066959
148 148 0.97135786
127 127 0.73643198
142 142 0.55691013
142 143 0.00155757
130 130 0.71125704
5 5 0.63508920
5 3 0.00113290
5 6 0.02409774
5 7 0.00062483
5 4 0.01355303
5 1 0.00529761
43 43 0.76459718
43 41 0.07583560
43 40 0.02939038
43 42 0.00063905
21 22 0.05714346
21 16 0.00263438
21 18 0.00381903
21 20 0.01413217
21 21 0.53396374
21 17 0.00267744
32 30 0.00779419
32 28 0.04471960
32 29 0.02218982
32 32 0.57102623
36 32 0.02284600
36 36 0.41805960
36 34 0.07684003
36 33 0.04074709
58 56 0.00129154
58 55 0.01274531
58 59 0.00070312
58 58 0.49729132
58 54 0.00244287
106 106 0.49530932
106 105 0.00170195
63 63 0.67770811
63 61 0.05452664
63 62 0.02584456
63 60 0.03173505
63 59 0.00135877
27 27 0.79499501
27 26 0.00051914
27 24 0.00122165
27 23 0.08729660
110 110 0.83918498
6 7 0.07791121
6 6 0.56630394
6 2 0.00194821
6 5 0.01465666
128 128 0.67774390
34 31 0.03955303
34 32 0.03514328
34 34 0.72445125
34 30 0.04511065
59 60 0.00078530
59 55 0.00081320
59 56 0.01036400
59 59 0.49985213
59 58 0.00085326
59 57 0.00249641
70 67 0.01407366
70 70 0.69881071
78 75 0.00256631
78 78 0.73362858
41 41 0.52289131
56 53 0.01601545
56 54 0.00947898
56 55 0.00159454
56 56 0.66566104
56 52 0.00324440
118 118 0.62273511
83 83 0.97321333
83 80 0.00076090
141 141 0.76489130
141 142 0.00072604
55 55 0.31673145
55 52 0.02944636
55 53 0.09043941
55 51 0.00399552
28 28 0.80217805
108 108 0.70625936
31 27 0.05164184
31 29 0.00065301
31 28 0.01855074
31 31 0.82482562
123 123 0.78847537
65 62 0.02861006
65 63 0.00247396
65 61 0.00074796
65 66 0.00083255
65 65 0.64111873
65 64 0.02379666
49 49 0.20176414
49 47 0.09870716
49 48 0.00276851
49 45 0.00511960
49 46 0.03310455
53 49 0.00591143
53 53 0.68244232
53 50 0.04039754
53 51 0.00791547
53 52 0.00246216
138 139 0.00110303
138 138 0.71334867
119 119 0.77680444
67 64 0.01196800
67 67 0.53410886
84 84 0.97379591
84 81 0.00054122
19 15 0.02817019
19 20 0.06831418
19 19 0.30817149
19 18 0.02237064
19 16 0.08688026
19 14 0.00710321
68 68 0.35444724
68 69 0.00101043
68 65 0.02480022
72 71 0.01011514
72 72 0.72170026
72 69 0.02203681
61 62 0.00127339
61 58 0.02936123
61 57 0.00170498
61 61 0.82942797
61 59 0.09684399
61 60 0.02255979
40 37 0.00489532
40 38 0.00929545
40 40 0.38573633
86 86 0.85167382
144 144 0.58500701
144 145 0.00094257
10 11 0.27225757
10 9 0.02173246
10 10 0.21771723
135 136 0.00727060
135 135 0.57411455
15 12 0.03187867
15 14 0.00557500
15 11 0.02480458
15 16 0.07449130
15 10 0.01340940
15 13 0.00079969
15 15 0.35218244
146 146 0.65092643
44 42 0.00171975
44 44 0.52748125
44 43 0.00055975
44 41 0.03056247
50 46 0.00348115
50 49 0.00692850
50 50 0.32134532
50 47 0.03976715
50 48 0.07695684
62 60 0.08804679
62 59 0.03291525
62 58 0.00165301
62 61 0.02267054
62 63 0.00096598
62 62 0.83600108
33 31 0.01226775
33 29 0.03876361
33 33 0.67584792
33 30 0.00114245
22 22 0.61463109
22 23 0.00454885
22 21 0.01326737
22 18 0.00244378
22 19 0.04714095
79 76 0.00087754
79 79 0.70352047
113 113 0.78649237
122 122 0.85041412
103 102 0.00345788
103 103 0.65396141
30 30 0.81013293
30 26 0.10577080
30 27 0.04002071
11 7 0.00864915
11 11 0.40988499
11 12 0.31905080
11 8 0.00174301
11 10 0.02071026
11 6 0.00150999
129 129 0.74954112
42 40 0.03022365
42 42 0.76370923
42 39 0.01369929
131 131 0.87747319
75 72 0.01748632
75 74 0.00203599
75 75 0.80456460
75 73 0.00073051
81 78 0.00055568
81 81 0.93892042
23 22 0.00843774
23 23 0.51912503
23 24 0.00060871
23 19 0.00179253
23 20 0.00111572
46 43 0.00077347
46 46 0.42732548
46 44 0.10661878
46 45 0.00086795
46 42 0.00069522
117 117 0.89445525
96 95 0.00072494
96 97 0.00151742
96 96 0.65730430
1 3 0.00301391
1 2 0.00464071
1 1 0.79255154
120 120 0.92206655
102 101 0.00394275
102 103 0.00101220
102 102 0.88310154
105 104 0.00238163
105 105 0.66661728
143 143 0.67700050
143 144 0.00099217
109 109 0.62658590
136 136 0.38150360
136 137 0.01420912
125 125 0.69700951
77 77 0.77763846
77 74 0.00451462
140 141 0.00123343
140 140 0.78635060
38 38 0.62731731
38 36 0.01635103
38 35 0.01208375
66 67 0.00070297
66 65 0.00051354
66 66 0.34863388
66 63 0.00777695
71 68 0.02343574
71 71 0.74189449
71 70 0.01116341
104 103 0.00235188
104 104 0.50217582
85 85 0.78670660
45 43 0.00153630
45 44 0.00060054
45 45 0.56504893
45 42 0.00173075
76 73 0.00645741
76 75 0.00057309
76 76 0.82599832
147 147 0.88245177
60 59 0.02172750
60 60 0.77723122
60 56 0.00078348
60 58 0.04016819
60 57 0.02700007
60 61 0.00084007
139 140 0.00311874
139 139 0.50134389
132 132 0.69411571
90 90 0.83234060
39 37 0.05217690
39 36 0.00712175
39 38 0.00060417
39 39 0.62612095
12 12 0.33391752
12 11 0.02047230
12 7 0.00218909
12 10 0.00148695
12 9 0.01158278
12 13 0.09377552
12 8 0.01051210
51 48 0.04048461
51 51 0.81151512
51 49 0.09582502
51 50 0.01128542
51 47 0.00651744
98 99 0.00198545
98 98 0.61294996
98 97 0.00369672
94 94 0.72555021
73 70 0.01401548
73 72 0.00292268
73 73 0.67749287
9 10 0.02428848
9 8 0.02273445
9 9 0.44577043
9 5 0.00736515
9 4 0.00119815
64 65 0.00082228
64 64 0.58039061
64 60 0.00105737
64 62 0.02867772
64 61 0.02967490
64 63 0.02525196
3 4 0.00712060
3 1 0.00166671
3 3 0.84432375
3 5 0.00107023
3 2 0.01144045
24 20 0.07331571
24 24 0.54390035
24 21 0.02589096
24 23 0.00339601
87 87 0.75916154
88 88 0.72017644
18 15 0.02241528
18 17 0.01675725
18 19 0.00792704
18 18 0.23167591
18 14 0.00517231
92 92 0.81755381
126 126 0.61983754
133 133 0.44932375
133 134 0.00248275
69 68 0.00181310
69 66 0.00069305
69 70 0.00089215
69 69 0.68738922
101 100 0.00739521
101 101 0.68462012
101 102 0.00157901
137 137 0.88398138
137 138 0.00065108
97 98 0.00574393
97 97 0.37930314
97 96 0.00175731
115 115 0.81184142
20 16 0.03622144
20 19 0.01477954
20 20 0.35811552
20 15 0.01945829
20 21 0.07067632
20 17 0.00526868
26 23 0.00276618
26 22 0.00364644
26 26 0.73667087
25 25 0.19440786
25 22 0.02749697
25 24 0.00236468
25 21 0.00180321
14 10 0.01483995
14 13 0.00277577
14 15 0.35388351
14 9 0.00951582
14 12 0.00522630
14 14 0.26048873
14 11 0.02813323
99 99 0.76455288
99 98 0.00686763
99 100 0.00767543
7 7 0.40212506
7 3 0.00109168
7 8 0.15688900
7 6 0.02181138
112 112 0.79438219
37 35 0.07998781
37 33 0.00777222
37 36 0.00084324
37 34 0.04734729
37 37 0.63664942
107 107 0.61420761
13 14 0.17709931
13 12 0.01254642
13 11 0.00884072
13 10 0.02029581
13 9 0.00093372
13 13 0.25293252
13 8 0.00284361
4 5 0.00749626
4 3 0.02255065
4 6 0.00089451
4 4 0.50872231
35 33 0.07416261
35 35 0.81045104
35 32 0.04196539
35 31 0.03192572
100 99 0.00977774
100 101 0.00614567
100 100 0.68480797
16 17 0.16554843
16 15 0.01630238
16 16 0.10383987
16 11 0.00072553
16 12 0.00149645
57 58 0.00050700
57 57 0.64496761
57 53 0.00063856
57 54 0.02540459
57 55 0.00935577
54 54 0.26672112
54 51 0.02059916
54 53 0.00830058
54 50 0.00572785
54 52 0.07462061
2 2 0.67027741
2 3 0.00648118
2 1 0.00228488
121 121 0.85259531
29 29 0.80666498
29 26 0.00981990
29 25 0.00055248
134 134 0.55763849
134 135 0.00283757
47 46 0.00105540
47 43 0.00063243
47 45 0.00507285
47 44 0.04264857
47 47 0.51660674
82 79 0.00054794
82 82 0.97318906
114 114 0.75118915
52 52 0.83214222
52 51 0.00854595
52 48 0.00584173
52 50 0.09474092
52 49 0.04117956
145 145 0.29274152
145 146 0.00086696
116 116 0.75049764
124 124 0.59339356
80 77 0.00059991
80 80 0.73776600
89 89 0.71163235
95 95 0.72013521
95 96 0.00068642
74 71 0.00086309
74 74 0.83610300
74 73 0.00319507
48 45 0.03531707
48 48 0.56522350
48 47 0.00146334
48 44 0.00249124
48 46 0.00435143
