39 39 0.98985800
145 148 0.58809600
134 137 0.06626580
129 133 0.00289186
129 132 0.89445600
46 46 0.99350600
21 21 0.97915500
130 134 0.00348185
130 133 0.97233200
110 113 0.98009600
77 77 0.87959900
111 114 0.97996200
61 61 0.99447700
151 154 0.80011100
132 135 0.97177600
132 136 0.00178463
40 40 0.82733800
137 140 0.97848500
135 138 0.61112800
115 118 0.95265000
88 88 0.99748500
15 15 0.97487100
149 152 0.99856900
6 6 0.77909600
13 13 0.97560700
143 146 0.98212600
74 74 0.29715900
123 125 0.00068585
123 126 0.97502200
108 111 0.94942300
147 150 0.72629700
5 5 0.97573000
78 78 0.18102500
142 145 0.98218300
54 54 0.79694100
60 60 0.99447200
14 14 0.97495500
64 64 0.78176100
87 87 0.89254500
100 102 0.00207666
100 100 0.00138056
100 103 0.94859700
95 96 0.00060637
95 98 0.02344670
95 95 0.10811700
95 97 0.00165463
144 147 0.34073800
36 36 0.50185400
75 75 0.61868000
126 129 0.94286200
73 73 0.97282000
41 41 0.74806600
7 7 0.97581400
150 153 0.95871400
37 37 0.88955500
20 20 0.87292900
86 86 0.92667800
66 66 0.78378200
55 55 0.78201000
47 47 0.70661900
119 121 0.00106567
119 122 0.95197100
42 42 0.93450800
28 28 0.97920600
2 2 0.97977700
89 89 0.99727800
146 149 0.08936910
148 151 0.99815700
85 85 0.99696700
84 84 0.99702400
27 27 0.97903700
79 79 0.97568500
141 144 0.98213300
121 123 0.00123096
121 124 0.97823400
107 110 0.98144200
30 30 0.97926100
10 10 0.97591300
80 79 0.00053457
80 80 0.97566900
104 107 0.65207800
106 109 0.10525300
76 76 0.97524000
25 25 0.97899500
90 90 0.63994100
90 93 0.00056517
102 102 0.00100539
102 105 0.86752500
102 106 0.00091509
23 23 0.97906400
94 95 0.00187693
94 97 0.25105400
94 96 0.00975849
94 94 0.29123300
139 142 0.97819700
70 70 0.13590600
4 5 0.00051256
4 4 0.97880600
4 7 0.00063504
136 139 0.33994300
98 101 0.96169300
98 98 0.00738843
98 100 0.00179422
38 38 0.64775600
9 9 0.97592000
116 119 0.95263100
93 94 0.00317805
93 96 0.02301200
93 95 0.00198754
93 93 0.03149710
63 63 0.78310600
97 97 0.00357156
97 99 0.00190912
97 100 0.18741300
140 143 0.97836800
17 17 0.90716300
57 57 0.57086000
3 3 0.97945700
24 24 0.97898300
65 65 0.79665900
44 44 0.99361800
81 81 0.99521600
109 112 0.98539700
16 16 0.97511600
53 53 0.87017100
8 8 0.97588900
133 136 0.70179600
133 137 0.00068370
49 49 0.61509400
103 106 0.64734700
103 103 0.00085958
83 83 0.90154600
125 128 0.97355000
48 48 0.74450300
43 44 0.00085578
43 43 0.99358500
32 32 0.97931200
122 124 0.00096537
122 125 0.94259200
59 59 0.99444300
124 127 0.18142300
92 93 0.00072755
92 95 0.00781964
92 92 0.91353700
92 94 0.00169949
12 12 0.97583400
35 35 0.87298900
69 69 0.67069600
71 71 0.55260300
82 82 0.20293100
72 72 0.03387620
52 52 0.75589300
33 33 0.97931200
117 120 0.23004400
91 92 0.00050480
91 94 0.00217515
91 91 0.20965100
91 93 0.00167874
58 58 0.99462400
112 115 0.16500000
101 105 0.00139011
101 104 0.94658500
101 101 0.00121636
96 98 0.00450993
96 96 0.01114820
96 99 0.65208800
50 50 0.97922200
120 122 0.00126682
120 123 0.94103800
51 51 0.86131100
127 130 0.66759600
105 108 0.41523300
22 22 0.97915500
67 67 0.90385300
26 26 0.97906400
113 116 0.40797200
114 117 0.95256900
99 99 0.00258651
99 101 0.00224348
99 102 0.94878800
118 121 0.96315400
1 1 0.99412800
138 141 0.97827900
18 18 0.90953100
62 62 0.57065400
29 29 0.97916100
45 45 0.83079800
68 68 0.19698300
128 132 0.00219422
128 131 0.67415200
34 34 0.97931200
31 31 0.97929400
56 56 0.78332400
152 155 0.99978500
11 11 0.97589600
131 134 0.97164400
131 135 0.00343566
19 19 0.97770300
