28 28 0.36763500
85 85 0.29412800
83 83 0.97612700
32 32 0.34500300
27 27 0.40063400
76 76 0.47423200
118 118 0.45477700
54 54 0.34645700
6 6 0.88477300
3 3 0.96355400
1 1 0.98608600
12 12 0.54629500
7 7 0.55063900
100 100 0.40783800
50 50 0.36363500
39 39 0.46411700
106 106 0.78807500
19 19 0.66854900
81 81 0.93948800
8 8 0.42083900
10 10 0.53075400
73 73 0.94936600
89 89 0.85544000
63 63 0.39526100
41 41 0.92759500
46 46 0.47308600
31 31 0.34933700
52 52 0.35103100
51 51 0.16633500
72 72 0.86624500
82 82 0.44741100
113 113 0.45641800
42 42 0.92982800
68 68 0.86055600
14 14 0.34403800
69 69 0.35805100
114 114 0.77108900
94 94 0.83650200
16 16 0.60589500
79 79 0.63567800
66 66 0.83502000
40 40 0.37014300
29 29 0.95015500
90 90 0.65626100
93 93 0.47942900
104 104 0.40415600
88 88 0.81204900
44 44 0.92846800
99 99 0.36329500
5 5 0.78022800
15 15 0.34618100
102 102 0.38052100
71 71 0.44730600
30 30 0.45137900
38 38 0.31176600
87 87 0.30947300
75 75 0.96793200
43 43 0.92954800
55 55 0.33631300
119 119 0.61936500
49 49 0.92641700
111 111 0.49060300
18 18 0.68626300
101 101 0.47016600
48 48 0.82800400
67 67 0.62901800
108 108 0.45013900
53 53 0.46038200
11 11 0.94464800
64 64 0.29591900
86 86 0.38537300
62 62 0.31288900
61 61 0.85001700
84 84 0.40839700
23 23 0.34357200
20 20 0.33288900
36 36 0.35587200
98 98 0.37380100
37 37 0.98026200
60 60 0.53853100
17 17 0.40756600
34 34 0.34586200
95 95 0.85532000
70 70 0.27736700
9 9 0.97046700
58 58 0.77303100
26 26 0.35686000
13 13 0.41873800
110 110 0.48259500
45 45 0.37213400
35 35 0.14929700
78 78 0.79411200
33 33 0.45732000
117 117 0.59082300
91 91 0.56713600
97 97 0.57853900
47 47 0.48168700
92 92 0.65422200
4 4 0.60397400
21 21 0.35263800
105 105 0.45921300
2 2 0.96923900
112 112 0.34219500
103 103 0.41052200
74 74 0.95735900
59 59 0.45029300
107 107 0.08800550
57 57 0.49539100
22 22 0.39720200
80 80 0.58701900
56 56 0.42607300
115 115 0.46001500
25 25 0.40640500
77 77 0.55700900
96 96 0.96903500
109 109 0.51585600
65 65 0.39743000
24 24 0.46871000
116 116 0.76309900
