132 138 132 138 0.00066438
47 58 47 58 0.60347400
118 126 118 126 0.08293940
118 127 118 127 0.00799982
118 128 118 128 0.00111311
118 123 118 123 0.11536300
118 125 118 125 0.10857500
42 142 42 142 0.31636600
42 145 42 145 0.04230040
86 90 86 90 0.05921160
109 134 109 134 0.03105800
109 135 109 135 0.00326884
109 132 109 132 0.24371900
109 131 109 131 0.35315300
109 122 109 122 0.01484430
104 128 104 128 0.00220744
104 138 104 138 0.43143600
104 126 104 126 0.00051325
104 127 104 127 0.00152626
8 38 8 38 0.22971300
50 55 50 55 0.60347700
117 128 117 128 0.00496940
117 123 117 123 0.07806310
117 125 117 125 0.08681060
117 126 117 126 0.09770720
117 127 117 127 0.05912010
121 129 121 129 0.00227442
119 125 119 125 0.13883700
119 123 119 123 0.06074540
119 126 119 126 0.01312240
119 127 119 127 0.00223841
125 132 125 132 0.00172753
69 103 69 103 0.00436794
69 102 69 102 0.00680358
69 76 69 76 0.00178108
18 30 18 30 0.29660100
18 29 18 29 0.16230200
62 73 62 73 0.00195810
62 68 62 68 0.01956810
62 67 62 67 0.02174790
62 69 62 69 0.47234600
62 75 62 75 0.00108907
39 145 39 145 0.47039300
116 125 116 125 0.11471900
116 123 116 123 0.01187910
116 128 116 128 0.03322030
116 127 116 127 0.06814350
116 126 116 126 0.06857740
16 31 16 31 0.51506800
19 27 19 27 0.10223300
19 29 19 29 0.44814700
115 128 115 128 0.06794840
115 123 115 123 0.00547868
115 125 115 125 0.10620600
115 126 115 126 0.15440300
115 127 115 127 0.07598420
36 148 36 148 0.12917800
138 144 138 144 0.03544240
9 37 9 37 0.38868600
64 73 64 73 0.00076970
64 68 64 68 0.06633430
64 101 64 101 0.00094927
64 69 64 69 0.02182600
12 34 12 34 0.62914100
108 136 108 136 0.00575528
108 133 108 133 0.57370400
108 123 108 123 0.01156620
60 66 60 66 0.00332640
60 70 60 70 0.03398160
60 71 60 71 0.37354800
60 72 60 72 0.02180120
60 65 60 65 0.00304696
82 92 82 92 0.59920500
76 99 76 99 0.05983100
105 127 105 127 0.00218056
105 126 105 126 0.00228782
105 125 105 125 0.00119927
105 136 105 136 0.59222800
105 109 105 109 0.00134083
103 139 103 139 0.37734000
103 138 103 138 0.08238850
103 128 103 128 0.00143857
66 75 66 75 0.00170440
66 99 66 99 0.00114613
66 73 66 73 0.00174875
66 106 66 106 0.00081834
43 104 43 104 0.04219640
43 144 43 144 0.11875200
59 71 59 71 0.00921728
59 72 59 72 0.10868200
40 144 40 144 0.30481500
114 126 114 126 0.13233600
114 130 114 130 0.01815710
114 127 114 127 0.16511600
114 128 114 128 0.07137020
114 125 114 125 0.00231556
10 36 10 36 0.46708600
110 121 110 121 0.01875840
110 130 110 130 0.42577100
110 133 110 133 0.04335450
70 101 70 101 0.07001860
70 75 70 75 0.01259240
72 99 72 99 0.15869900
72 100 72 100 0.10313200
72 101 72 101 0.02893640
139 143 139 143 0.06530060
79 95 79 95 0.60507300
21 25 21 25 0.23630600
21 27 21 27 0.30955400
73 98 73 98 0.15576300
112 119 112 119 0.03090990
112 131 112 131 0.08556740
112 129 112 129 0.10812900
112 124 112 124 0.00075769
136 146 136 146 0.01386440
20 28 20 28 0.40647200
20 26 20 26 0.15459700
14 32 14 32 0.59981200
41 146 41 146 0.02756390
41 143 41 143 0.27324200
111 120 111 120 0.02045890
111 129 111 129 0.38277300
111 132 111 132 0.05035010
74 100 74 100 0.06199760
74 99 74 99 0.19118700
74 101 74 101 0.01094090
98 142 98 142 0.00875407
98 145 98 145 0.00162354
106 135 106 135 0.57894100
106 124 106 124 0.00103768
106 134 106 134 0.01960250
106 137 106 137 0.02713120
17 32 17 32 0.00892739
17 30 17 30 0.28391200
17 29 17 29 0.04824800
45 102 45 102 0.04381710
45 63 45 63 0.00573830
45 143 45 143 0.09079900
45 103 45 103 0.02020150
13 18 13 18 0.00090135
13 34 13 34 0.00989659
13 17 13 17 0.00146522
13 33 13 33 0.62475300
61 74 61 74 0.00234220
61 66 61 66 0.00370645
61 76 61 76 0.00292296
61 70 61 70 0.73990900
61 71 61 71 0.00528708
61 65 61 65 0.00514626
78 96 78 96 0.70957300
65 100 65 100 0.00162351
48 57 48 57 0.70819600
120 125 120 125 0.02366210
120 130 120 130 0.00060150
120 126 120 126 0.00549640
44 63 44 63 0.01224850
44 143 44 143 0.03513270
44 144 44 144 0.05142600
44 104 44 104 0.01121390
44 103 44 103 0.02608250
113 123 113 123 0.00050446
113 128 113 128 0.28802400
113 127 113 127 0.15650400
113 126 113 126 0.00429668
11 35 11 35 0.52290800
126 131 126 131 0.00253518
80 94 80 94 0.60507300
101 141 101 141 0.39528100
101 131 101 131 0.00234662
38 146 38 146 0.30932100
75 98 75 98 0.27181600
81 93 81 93 0.70754200
37 147 37 147 0.27385600
133 137 133 137 0.00221258
63 69 63 69 0.02742560
63 68 63 68 0.35177400
63 67 63 67 0.03007010
2 44 2 44 0.00408069
2 45 2 45 0.00220845
46 60 46 60 0.01584030
46 101 46 101 0.03447760
46 59 46 59 0.54328500
46 142 46 142 0.06114680
137 145 137 145 0.03212260
85 89 85 89 0.19644900
85 90 85 90 0.10316200
85 91 85 91 0.01593200
1 134 1 134 0.00094613
135 147 135 147 0.00794338
100 141 100 141 0.02337310
100 132 100 132 0.00148262
71 101 71 101 0.03566460
71 100 71 100 0.12086500
124 133 124 133 0.00098714
77 97 77 97 0.60507300
68 74 68 74 0.00077070
68 103 68 103 0.00204669
68 104 68 104 0.00213580
68 76 68 76 0.00061011
67 74 67 74 0.00223166
67 105 67 105 0.00153715
67 104 67 104 0.00067132
67 76 67 76 0.00068374
67 72 67 72 0.00259635
67 98 67 98 0.00072065
99 144 99 144 0.00483178
99 141 99 141 0.01094490
107 124 107 124 0.00763468
107 135 107 135 0.02090350
107 134 107 134 0.57736700
107 137 107 137 0.00895007
83 90 83 90 0.06639940
83 91 83 91 0.60295700
83 93 83 93 0.00286234
84 92 84 92 0.00698233
15 32 15 32 0.31839200
5 40 5 40 0.05142920
122 128 122 128 0.00499979
22 27 22 27 0.02609750
49 56 49 56 0.60507300
102 140 102 140 0.44413000
102 139 102 139 0.06736940
102 130 102 130 0.00218707
