5 6 0.00585968
5 5 0.27912935
5 4 0.00107333
152 155 0.52799849
152 153 0.00745543
152 154 0.02884631
89 93 0.00058712
89 92 0.63612645
53 56 0.51174092
53 55 0.11645934
24 23 0.00050893
24 24 0.50411969
24 25 0.02042954
24 26 0.00293739
139 139 0.00051823
139 143 0.02884119
139 142 0.44380044
139 141 0.02891897
139 140 0.29525633
128 131 0.59129346
128 130 0.16483733
2 2 0.83786899
155 157 0.01308970
155 158 0.87621907
155 156 0.01300903
133 135 0.08692316
133 137 0.00662548
133 134 0.00052963
133 136 0.29901511
151 155 0.00091113
151 152 0.01571553
151 153 0.00319581
151 154 0.43907111
39 40 0.24729363
39 44 0.00284451
39 42 0.43552929
39 39 0.01275595
39 41 0.08344663
39 43 0.00133440
39 38 0.00074883
80 83 0.46241295
38 40 0.07163765
38 37 0.00074634
38 42 0.00131223
38 39 0.20084507
38 38 0.02603700
38 43 0.00272371
38 41 0.41540308
21 21 0.54808179
21 20 0.00129159
21 23 0.02222131
21 22 0.03312790
112 115 0.41746452
121 124 0.26917659
8 9 0.01856938
8 10 0.00076479
8 8 0.65233791
8 7 0.01347565
118 121 0.41527348
129 131 0.00841970
129 132 0.37744710
148 149 0.00379003
148 151 0.36925413
148 150 0.00181702
13 13 0.11797401
13 14 0.01970588
13 15 0.00403276
13 12 0.01907564
11 13 0.00334701
11 10 0.01104988
11 11 0.84878804
11 12 0.00334778
69 72 0.24572681
1 1 0.68978399
119 122 0.55249735
62 65 0.97352293
140 143 0.51209061
140 141 0.29552600
140 140 0.00055482
140 142 0.02792638
140 144 0.02399811
47 52 0.00416615
47 50 0.21841391
47 48 0.00970217
47 49 0.05035611
47 51 0.00101036
154 155 0.00424293
154 156 0.00485584
154 157 0.71406515
63 66 0.97186348
4 5 0.00194121
4 4 0.92975372
93 97 0.05064549
93 96 0.70588280
25 27 0.00316524
25 26 0.00772257
25 25 0.32185782
144 145 0.17453067
144 146 0.01102790
144 148 0.00120013
144 147 0.29676204
98 102 0.04795212
98 101 0.68958302
134 136 0.08391182
134 138 0.03273377
134 135 0.01159813
134 137 0.36407930
116 119 0.51667641
41 43 0.06877128
41 41 0.00533604
41 42 0.17380281
41 45 0.00057897
41 44 0.27645777
108 111 0.48324506
108 112 0.00115427
34 34 0.04438710
34 35 0.32111530
34 37 0.21038626
34 36 0.14101560
68 71 0.28345872
88 91 0.66821473
12 12 0.67026020
12 11 0.00231491
12 13 0.00610295
46 47 0.00979364
46 51 0.00416880
46 50 0.00059869
46 48 0.05755225
46 49 0.24865553
95 98 0.65776726
95 99 0.00562751
65 68 0.38547249
3 3 0.74883242
50 52 0.11190775
50 51 0.00617774
50 53 0.53695789
130 134 0.00050353
130 133 0.36300069
130 132 0.18738967
40 43 0.47446948
40 41 0.30223949
40 44 0.00062483
40 40 0.00653909
40 45 0.00492260
40 42 0.07279623
79 82 0.37102710
19 18 0.00314141
19 19 0.50216018
19 21 0.00217406
19 20 0.00473570
74 76 0.00078075
74 77 0.39023628
54 56 0.00116984
54 57 0.31518552
109 113 0.00055007
109 112 0.37484517
55 57 0.04441385
55 58 0.76138744
101 105 0.02578108
101 104 0.65451650
44 46 0.00174322
44 44 0.00062530
44 47 0.31190440
44 45 0.30588537
44 49 0.00220912
36 38 0.03817523
36 36 0.03707649
36 39 0.12276029
36 37 0.24018304
147 149 0.00166978
147 148 0.00448910
147 150 0.36989379
17 16 0.00871907
17 19 0.01124612
17 18 0.01830013
17 17 0.84538976
15 15 0.78691362
15 14 0.01409955
15 16 0.01808263
15 17 0.01425365
30 32 0.11300922
30 31 0.21319094
30 33 0.05446644
30 30 0.40896436
9 9 0.68499058
9 10 0.01822736
9 11 0.00366269
9 8 0.03031839
146 147 0.15837267
146 149 0.36383801
146 148 0.00227755
71 74 0.82737502
90 93 0.74022569
90 94 0.00385583
72 75 0.28583664
72 74 0.00062162
126 129 0.53528520
126 128 0.03568067
120 123 0.53753798
18 20 0.00307484
18 17 0.00388970
18 19 0.00585887
18 18 0.71298664
136 138 0.00717063
136 140 0.04996742
136 137 0.01721209
136 139 0.44089591
107 110 0.06217469
107 111 0.00175833
70 73 0.81426679
106 109 0.84496911
106 110 0.00480637
114 117 0.96100395
125 128 0.36335124
125 127 0.00576420
37 42 0.00208943
37 40 0.11697386
37 37 0.03256455
37 38 0.25884528
37 41 0.00128200
37 39 0.02386380
37 36 0.00068536
73 75 0.00099251
73 76 0.69747285
94 98 0.02594814
94 97 0.64182965
115 118 0.87534035
45 48 0.31747352
45 47 0.02336088
45 46 0.00473056
81 84 0.39421912
92 95 0.74723431
92 96 0.03646644
87 90 0.86751207
104 108 0.00186265
104 107 0.64285894
86 89 0.65703945
49 51 0.06431905
49 50 0.04530284
49 52 0.44124571
10 12 0.00306421
10 11 0.01826286
10 9 0.02137750
10 10 0.54497398
20 22 0.02138093
20 20 0.46810058
20 21 0.03328246
20 19 0.00234824
57 60 0.28175018
7 6 0.00279202
7 7 0.47799065
7 8 0.00155634
29 30 0.20118245
29 29 0.40830516
29 31 0.13883594
29 32 0.02513975
110 113 0.81790810
76 79 0.93826568
76 78 0.00053570
66 69 0.24340102
23 22 0.00159260
23 23 0.51780725
23 24 0.03844870
23 25 0.06891191
51 53 0.03775605
51 54 0.35005620
51 52 0.00240546
6 6 0.42597685
6 7 0.00119571
6 5 0.00124052
16 16 0.88131524
16 15 0.00957790
16 17 0.01816993
16 18 0.01424892
31 32 0.04642137
31 34 0.03231991
31 33 0.07129113
31 31 0.11860495
102 105 0.67524117
102 106 0.00700984
33 36 0.13639869
33 33 0.21068824
33 34 0.03053569
33 35 0.13898721
83 86 0.58895359
32 32 0.09308536
32 34 0.01003645
32 33 0.28946882
32 35 0.03428600
58 61 0.13524769
78 81 0.77150937
28 29 0.13564827
28 30 0.22980319
28 31 0.00474593
28 28 0.44027104
153 154 0.06390100
153 155 0.07892980
153 156 0.77990784
143 144 0.29832267
143 147 0.00745250
143 145 0.01564222
143 146 0.42176957
59 62 0.24315029
42 47 0.00566578
42 45 0.44294831
42 44 0.06063677
42 42 0.00240422
42 43 0.16832263
27 30 0.00142168
27 29 0.23384620
27 26 0.00070467
27 27 0.52277252
27 28 0.05802713
75 78 0.38464630
14 15 0.01721964
14 14 0.74387788
14 16 0.01424767
14 13 0.02032057
85 88 0.48689376
22 23 0.02297564
22 24 0.02716891
22 22 0.18016696
123 126 0.61034956
52 54 0.03297169
52 53 0.00069643
52 55 0.43696012
105 109 0.01057747
105 108 0.49349197
103 106 0.61806141
103 107 0.01271965
61 64 0.97434852
137 138 0.02323270
137 141 0.00438676
137 140 0.51855139
137 139 0.03020142
149 152 0.40716467
149 151 0.00203193
149 150 0.00426173
43 43 0.00099872
43 46 0.21774011
43 48 0.00350825
43 44 0.02004518
43 45 0.05462281
43 47 0.00056426
67 70 0.13664102
150 152 0.00566388
150 153 0.26934685
150 151 0.29853867
150 154 0.00072125
48 53 0.00156435
48 49 0.15014906
48 50 0.04743979
48 52 0.00113847
48 51 0.34006261
35 35 0.04642875
35 37 0.12749576
35 36 0.31061531
35 38 0.22113386
122 125 0.95576599
113 116 0.95819524
99 102 0.68628069
99 103 0.04834088
124 126 0.00072628
124 127 0.66106191
131 133 0.19595933
131 135 0.00121290
131 134 0.33671709
100 104 0.03639685
100 103 0.54757140
127 130 0.40943032
127 129 0.06352200
77 80 0.94031795
60 63 0.38471859
135 136 0.04965367
135 138 0.28274775
135 139 0.05042286
135 137 0.03851265
145 148 0.46946740
145 146 0.04525933
145 147 0.00076867
145 149 0.00091969
56 59 0.24597818
56 58 0.00422284
97 101 0.03867750
97 100 0.55812721
96 100 0.03765670
96 99 0.69497340
82 85 0.33829100
142 145 0.27256283
142 143 0.02650270
142 144 0.01849986
142 142 0.00050624
26 25 0.00069249
26 28 0.00486823
26 26 0.26023214
26 27 0.03645811
111 114 0.79547996
117 120 0.83436631
64 67 0.97209186
91 95 0.02051446
91 94 0.81223113
84 87 0.55084770
132 134 0.00875417
132 135 0.40684501
132 136 0.00471219
141 145 0.01135799
141 143 0.00287327
141 144 0.46475466
141 142 0.29587767
141 141 0.00053969
138 142 0.03036428
138 141 0.50281469
138 140 0.03008775
138 139 0.29494967
