15 16 0.00872839
15 15 0.73247346
15 14 0.00685707
30 32 0.00069820
30 28 0.06333061
30 30 0.68300600
30 29 0.05369748
30 33 0.00416724
30 27 0.00108624
30 31 0.03321376
9 9 0.61964892
9 10 0.01984854
9 8 0.01582730
90 90 0.90336038
71 71 0.29356521
146 144 0.13139678
146 145 0.00678756
146 146 0.55054469
72 72 0.26377943
126 126 0.53042459
120 120 0.99322764
136 136 0.56358096
136 135 0.01121777
18 16 0.00575888
18 18 0.77985054
18 19 0.00235776
18 17 0.00215879
88 88 0.54686295
12 13 0.00488592
12 12 0.71781756
12 10 0.00086726
12 11 0.00177491
95 96 0.01440369
95 94 0.00217803
95 95 0.66481911
46 46 0.31823249
46 43 0.00065305
46 45 0.01222887
46 47 0.00095017
46 44 0.00476750
46 42 0.00150595
3 3 0.63676692
65 65 0.96716734
50 51 0.00563878
50 48 0.00149702
50 50 0.35498889
50 49 0.02347721
130 129 0.03118508
130 130 0.50773603
79 80 0.00231885
79 79 0.82704163
40 37 0.00359000
40 40 0.34968963
40 41 0.00160346
40 38 0.05169566
40 39 0.03027223
109 109 0.71705379
109 108 0.00070882
19 20 0.00149641
19 17 0.00577790
19 19 0.49953351
19 18 0.00166575
74 74 0.68725360
74 75 0.00310035
54 53 0.00054121
54 54 0.43075019
54 55 0.01387253
55 56 0.06399451
55 55 0.69959068
44 43 0.02450846
44 41 0.00175813
44 44 0.45284375
44 40 0.00161949
44 45 0.00098732
44 42 0.05221238
101 101 0.58203884
101 100 0.00621496
101 102 0.01924236
17 17 0.88792447
17 18 0.00806251
17 16 0.00447842
17 15 0.00567447
147 145 0.02358938
147 146 0.00150379
147 147 0.58607943
147 144 0.00396641
36 36 0.42445435
36 39 0.00114415
36 38 0.00174103
36 37 0.01341201
36 35 0.06642289
36 34 0.01081793
36 33 0.03091535
129 128 0.01752053
129 129 0.55891150
148 146 0.02139249
148 148 0.57805011
13 14 0.00670980
13 13 0.28040407
13 11 0.00258948
13 12 0.00124044
8 7 0.00840221
8 8 0.58543882
8 9 0.02097578
118 118 0.89655864
62 62 0.24751606
140 140 0.63742428
140 141 0.00122824
140 138 0.00941251
140 137 0.00168899
140 139 0.01315557
11 12 0.00924415
11 9 0.00140619
11 10 0.00544179
11 11 0.78214735
69 69 0.24363470
119 119 0.58849341
1 1 0.55251368
154 154 0.63268232
154 153 0.00153667
154 155 0.00111324
154 152 0.00611994
63 63 0.38407396
4 4 0.91238540
4 5 0.00160332
47 45 0.09696186
47 47 0.46230764
47 48 0.00082803
47 43 0.00166742
93 94 0.00161794
93 93 0.71318005
25 23 0.06195731
25 24 0.00818206
25 25 0.19326364
25 26 0.00056299
144 144 0.61455441
144 142 0.13224468
144 141 0.01290870
144 143 0.00143061
134 133 0.07029011
134 134 0.41522893
98 98 0.66282630
98 99 0.00174000
98 97 0.00475475
41 42 0.00112424
41 37 0.00050876
41 40 0.03895159
41 38 0.00598898
41 41 0.60239870
41 39 0.05937148
116 116 0.99645131
34 32 0.00627097
34 36 0.00134851
34 35 0.00648948
34 37 0.01484143
34 31 0.00961465
34 33 0.01182832
34 34 0.15299117
156 156 0.85328930
156 155 0.03820220
156 154 0.03089706
108 108 0.53050721
108 107 0.00111019
68 68 0.38487889
152 152 0.42619489
152 151 0.00117381
152 150 0.00208806
5 5 0.48791466
5 6 0.00548071
89 89 0.69331826
53 53 0.57058052
53 54 0.01567536
53 51 0.00148932
53 52 0.00118771
24 22 0.00375718
24 24 0.49443459
24 25 0.00233447
24 23 0.00466606
139 137 0.00978147
139 139 0.52689163
139 136 0.00468047
139 140 0.00084954
139 138 0.00323936
128 127 0.00279006
128 128 0.47149567
2 2 0.71980202
151 151 0.47736017
151 150 0.00060021
151 149 0.00134117
155 154 0.01156277
155 153 0.00289240
155 156 0.00076042
155 155 0.74703388
133 133 0.45100038
133 132 0.06728606
38 35 0.00867743
38 37 0.01892522
38 36 0.07384047
38 39 0.00559751
38 38 0.42360734
38 41 0.00158871
21 21 0.43268494
21 20 0.00304667
21 23 0.00189624
21 19 0.00115096
21 22 0.01277702
39 38 0.01626140
39 39 0.26081365
39 36 0.00319563
39 37 0.03313569
39 40 0.00204914
80 81 0.00052088
80 80 0.75838462
112 112 0.38811877
121 121 0.83770677
100 101 0.00700003
100 99 0.00505226
100 100 0.55163598
77 77 0.44885898
77 78 0.00300149
127 127 0.61430505
56 57 0.00055462
56 56 0.57037692
60 60 0.28808918
135 134 0.00298795
135 135 0.62093748
145 145 0.29622596
145 143 0.01045282
145 144 0.00732597
145 142 0.00717578
96 95 0.00348258
96 97 0.02074815
96 96 0.80685946
142 139 0.02420667
142 142 0.47119664
142 141 0.01226670
142 140 0.12128386
97 96 0.00474295
97 97 0.74339077
97 98 0.00890764
82 82 0.28210732
64 64 0.96800835
91 91 0.78876629
26 26 0.21667007
26 27 0.00273106
26 24 0.00222989
117 117 0.99638666
111 111 0.44263450
138 135 0.00074314
138 137 0.01506429
138 138 0.33112113
138 136 0.02427425
141 139 0.11312967
141 141 0.59994979
141 140 0.01261594
132 131 0.00421171
132 132 0.46006451
84 84 0.40146208
157 155 0.00211272
157 156 0.00246824
157 157 0.77640666
123 123 0.45244371
52 53 0.03289757
52 50 0.01242719
52 52 0.45861015
52 51 0.00117955
105 104 0.00737012
105 105 0.57570912
105 106 0.00333697
14 14 0.72637352
14 15 0.01084980
14 13 0.00970271
22 22 0.29868295
22 20 0.01251371
22 21 0.00340320
22 23 0.00129287
85 85 0.26151078
103 103 0.46686507
103 102 0.00748487
103 104 0.01319824
61 61 0.14321437
137 137 0.53191039
137 135 0.00613759
137 136 0.03361861
137 138 0.00076615
67 67 0.96570365
43 39 0.00114735
43 41 0.09110545
43 43 0.68277466
43 40 0.00295714
43 44 0.00081750
43 42 0.02595340
149 148 0.00075871
149 149 0.53828847
149 147 0.05187255
150 149 0.00052513
150 148 0.00154182
150 150 0.50363819
48 46 0.00143902
48 49 0.00178948
48 48 0.42247532
48 47 0.00069582
158 156 0.00649955
158 158 0.95405003
158 157 0.00653986
99 98 0.00087827
99 100 0.01255708
99 99 0.79578402
124 124 0.39781192
35 37 0.00459757
35 35 0.37960609
35 34 0.00771026
35 33 0.02195438
35 36 0.01414635
35 32 0.00265909
35 38 0.00557748
122 122 0.43891899
113 113 0.99484775
131 130 0.08180201
131 131 0.72552773
49 45 0.00170700
49 47 0.00129389
49 50 0.00167439
49 48 0.00065609
49 49 0.29802114
86 86 0.63092702
20 21 0.01276571
20 20 0.32725773
20 18 0.00250348
20 19 0.00147222
20 22 0.00181195
10 9 0.01037841
10 10 0.52339401
10 11 0.01836527
10 8 0.00066998
57 58 0.04417934
57 57 0.39824790
29 28 0.02903903
29 32 0.00194191
29 27 0.09365841
29 31 0.00075598
29 29 0.66873285
29 30 0.03388859
7 7 0.48826676
7 6 0.00247576
7 8 0.01054578
23 23 0.41709838
23 21 0.01627330
23 24 0.00942629
23 25 0.00258439
23 22 0.00242127
76 77 0.00709659
76 75 0.00069043
76 76 0.88688549
110 110 0.23754038
66 66 0.96551480
102 101 0.00701320
102 103 0.01818703
102 102 0.57373233
31 28 0.00358569
31 32 0.00906441
31 34 0.00170366
31 31 0.26675316
31 30 0.06710158
31 29 0.03848129
16 14 0.00558414
16 15 0.00488121
16 16 0.92993389
16 17 0.00828078
83 83 0.44788890
33 35 0.00107554
33 30 0.01993284
33 31 0.02550538
33 34 0.00354224
33 33 0.51115276
33 32 0.00470119
33 36 0.01922907
6 7 0.00778271
6 6 0.52703526
6 5 0.00200442
51 53 0.00091301
51 52 0.00395289
51 50 0.00776889
51 49 0.04377361
51 51 0.56944099
78 79 0.00520113
78 78 0.43646151
28 31 0.00085306
28 27 0.00298398
28 26 0.00185788
28 29 0.02801833
28 30 0.00086967
28 28 0.46860117
32 33 0.02097711
32 31 0.05876118
32 29 0.01097988
32 30 0.04094833
32 35 0.00058740
32 32 0.30808413
58 58 0.89888799
58 59 0.00114271
59 59 0.26691501
27 25 0.00245842
27 28 0.00925254
27 29 0.00098918
27 26 0.00085687
27 27 0.51832764
42 40 0.07405104
42 42 0.61725404
42 39 0.00429790
42 38 0.00132227
42 43 0.00105360
42 41 0.04666837
153 151 0.14625459
153 154 0.00068931
153 153 0.24608084
153 152 0.00282343
143 143 0.57203408
143 140 0.01857273
143 141 0.12672595
143 142 0.01203396
75 75 0.34402655
75 76 0.00566501
114 114 0.99495479
107 106 0.00507584
107 108 0.00062110
107 107 0.63329436
106 106 0.48002233
106 107 0.00217047
106 105 0.00714898
70 70 0.14175270
73 74 0.00121193
73 73 0.89351673
37 38 0.01129323
37 36 0.06483153
37 34 0.02062602
37 37 0.50686900
37 35 0.08646703
125 125 0.86124779
115 115 0.50235063
94 94 0.69886927
94 93 0.00053059
94 95 0.00812400
45 43 0.03946298
45 41 0.00289372
45 46 0.00075512
45 42 0.00101808
45 44 0.00190636
45 45 0.66899250
92 92 0.69292258
87 87 0.60118278
81 81 0.62049406
104 105 0.00832934
104 103 0.00761626
104 104 0.51656880
