140 147 140 147 0.06175740
68 101 68 101 0.00672176
68 104 68 104 0.64408900
13 35 13 35 0.70819600
130 157 130 157 0.00885765
130 158 130 158 0.14271200
130 160 130 160 0.00913143
16 32 16 32 0.65775000
64 116 64 116 0.13007600
50 128 50 128 0.04530010
50 126 50 126 0.00985412
50 132 50 132 0.00664924
50 156 50 156 0.00233321
50 127 50 127 0.05241460
154 159 154 159 0.00673548
145 154 145 154 0.39459400
137 147 137 147 0.00404052
76 96 76 96 0.60507200
134 154 134 154 0.11235000
7 41 7 41 0.67679800
60 120 60 120 0.60347400
59 121 59 121 0.70818700
131 142 131 142 0.01497610
131 156 131 156 0.01145520
131 137 131 137 0.01706390
131 138 131 138 0.00810635
131 157 131 157 0.13115600
131 140 131 140 0.02563170
131 159 131 159 0.00560076
131 145 131 145 0.00087698
78 94 78 94 0.70957200
45 132 45 132 0.31530900
45 155 45 155 0.00504430
45 135 45 135 0.01291780
49 127 49 127 0.02480470
49 157 49 157 0.00428182
49 128 49 128 0.09616750
49 132 49 132 0.01236990
19 29 19 29 0.60187300
1 47 1 47 0.01728820
20 27 20 27 0.02017630
20 28 20 28 0.68632700
77 95 77 95 0.93255300
3 160 3 160 0.05187030
3 142 3 142 0.00951384
3 44 3 44 0.02215700
3 152 3 152 0.00062846
3 46 3 46 0.06352730
3 138 3 138 0.13578000
3 151 3 151 0.00184661
3 47 3 47 0.06460140
3 134 3 134 0.00931045
3 135 3 135 0.02214010
3 140 3 140 0.02016380
3 159 3 159 0.04427860
61 119 61 119 0.68275800
48 128 48 128 0.06290380
48 132 48 132 0.01686360
48 158 48 158 0.00549647
48 135 48 135 0.00392437
147 151 147 151 0.04250770
147 159 147 159 0.00090559
147 152 147 152 0.45285400
147 156 147 156 0.00091429
69 105 69 105 0.01789460
69 102 69 102 0.55028300
42 137 42 137 0.00226057
42 134 42 134 0.00606730
42 140 42 140 0.00144621
42 142 42 142 0.00052953
42 135 42 135 0.00472697
10 38 10 38 0.70819700
43 136 43 136 0.01048960
43 133 43 133 0.00938492
43 141 43 141 0.00154675
43 139 43 139 0.00453621
66 103 66 103 0.00891955
66 73 66 73 0.00051563
66 105 66 105 0.01591780
66 106 66 106 0.60757000
144 155 144 155 0.45247000
144 156 144 156 0.01052280
2 136 2 136 0.01633810
2 139 2 139 0.16302400
2 153 2 153 0.00234656
2 48 2 48 0.07480400
2 141 2 141 0.02831420
2 143 2 143 0.00852724
2 45 2 45 0.03791620
5 43 5 43 0.64950900
5 149 5 149 0.00060988
5 158 5 158 0.00626027
5 44 5 44 0.01316170
5 157 5 157 0.00437986
108 116 108 116 0.54365200
80 92 80 92 0.70957000
132 136 132 136 0.05102230
132 144 132 144 0.00265355
132 139 132 139 0.05853630
132 141 132 141 0.02956220
57 123 57 123 0.60345800
71 100 71 100 0.65675500
71 103 71 103 0.02603830
11 37 11 37 0.60347900
53 126 53 126 0.01218880
53 128 53 128 0.38143800
53 125 53 125 0.00424934
53 127 53 127 0.13640700
4 138 4 138 0.00644059
4 137 4 137 0.09945290
4 150 4 150 0.00116926
4 134 4 134 0.01732350
4 158 4 158 0.01471650
4 159 4 159 0.01739920
4 43 4 43 0.01132110
4 44 4 44 0.39134900
4 46 4 46 0.03863120
46 131 46 131 0.28910100
46 154 46 154 0.00148226
136 149 136 149 0.00536915
136 152 136 152 0.10785900
129 140 129 140 0.00115497
129 142 129 142 0.00235390
129 158 129 158 0.00436164
129 159 129 159 0.08422160
129 138 129 138 0.00346870
129 134 129 134 0.00128965
143 157 143 157 0.02684830
143 156 143 156 0.41155900
6 42 6 42 0.59010600
135 153 135 153 0.13150900
55 127 55 127 0.01784890
55 125 55 125 0.13357500
55 128 55 128 0.00165432
55 126 55 126 0.43944000
149 154 149 154 0.00518991
138 147 138 147 0.02304990
47 129 47 129 0.03553820
47 153 47 153 0.00071990
47 130 47 130 0.39065700
47 136 47 136 0.00355180
47 133 47 133 0.01300610
142 154 142 154 0.00259210
142 147 142 147 0.01203750
62 117 62 117 0.10150000
63 116 63 116 0.03789380
21 26 21 26 0.06221560
21 28 21 28 0.00690125
21 27 21 27 0.62679000
75 97 75 97 0.60507100
107 117 107 117 0.42132300
107 115 107 115 0.00797645
12 36 12 36 0.66522000
128 143 128 143 0.00066950
128 139 128 139 0.00126247
51 125 51 125 0.00367478
51 155 51 155 0.00076761
51 132 51 132 0.00986860
51 126 51 126 0.02360180
51 128 51 128 0.02712200
51 127 51 127 0.02310170
14 34 14 34 0.66373100
139 158 139 158 0.01763120
139 149 139 149 0.05274760
139 146 139 146 0.02909300
139 160 139 160 0.02367620
153 160 153 160 0.00430260
141 160 141 160 0.01985450
141 146 141 146 0.10648900
141 155 141 155 0.00426757
141 157 141 157 0.06297060
141 158 141 158 0.12234800
65 106 65 106 0.04078930
65 115 65 115 0.06851720
81 91 81 91 0.70957200
9 39 9 39 0.60347800
106 116 106 116 0.00443100
148 155 148 155 0.00299661
148 158 148 158 0.00225248
133 155 133 155 0.13679100
58 122 58 122 0.60346400
54 125 54 125 0.00922027
54 128 54 128 0.01576730
54 126 54 126 0.15395600
54 127 54 127 0.39411200
44 133 44 133 0.17593900
44 136 44 136 0.01141970
84 88 84 88 0.68423000
18 30 18 30 0.60186200
73 98 73 98 0.06626770
73 101 73 101 0.04133910
56 127 56 127 0.00196905
56 125 56 125 0.54365600
56 126 56 126 0.01843640
70 101 70 101 0.64051200
70 104 70 104 0.02412160
109 117 109 117 0.00368898
109 115 109 115 0.53585200
74 98 74 98 0.65603700
79 93 79 93 0.70957000
8 41 8 41 0.03626360
41 136 41 136 0.00189529
41 141 41 141 0.00050831
67 105 67 105 0.55155100
67 102 67 102 0.00683714
67 72 67 72 0.00129328
82 90 82 90 0.60507300
146 153 146 153 0.48843700
52 131 52 131 0.00765383
52 129 52 129 0.33411400
52 130 52 130 0.01317420
83 89 83 89 0.93085600
