82 133 82 133 0.11399100
82 124 82 124 0.00405333
3 149 3 149 0.03681218
3 151 3 151 0.05885400
13 142 13 142 0.11129729
90 127 90 127 0.00317262
43 61 43 60 0.00376011
43 61 42 61 0.00685565
43 60 43 60 0.25798357
37 67 37 67 0.61047496
15 20 15 20 0.01657459
15 28 15 28 0.00393840
15 140 15 140 0.23375146
15 21 15 21 0.01453064
15 22 15 22 0.00233771
28 77 28 77 0.10198125
28 94 28 94 0.00178818
28 78 28 78 0.12201695
28 76 28 76 0.01904447
85 94 85 93 0.00050753
85 93 85 93 0.16649553
92 125 92 125 0.00354357
92 98 92 98 0.01207521
7 148 7 148 0.09575867
7 143 7 143 0.00619194
7 152 7 152 0.00369730
45 56 45 56 0.00334673
45 58 45 58 0.36913419
35 69 35 69 0.51416853
87 130 87 130 0.00329316
87 93 87 93 0.00426074
87 91 87 91 0.11978686
87 92 87 92 0.04009741
87 94 87 94 0.00400023
94 114 94 114 0.04253880
81 125 81 125 0.03513455
81 98 81 98 0.00663907
81 134 81 134 0.08629133
81 87 81 87 0.00100893
26 80 26 80 0.08929297
26 96 26 96 0.00546264
6 149 6 149 0.10572100
6 151 6 151 0.21425704
6 144 6 144 0.01571583
48 57 48 57 0.09343470
78 83 78 83 0.04746886
78 137 78 137 0.03364633
91 99 91 99 0.00696191
123 130 123 130 0.03179036
123 130 124 130 0.00053048
2 150 2 150 0.06343693
2 152 2 152 0.07535833
80 126 80 126 0.03563409
80 135 80 135 0.09477933
88 93 88 93 0.00896113
88 102 88 102 0.00131887
79 136 79 136 0.06261433
17 138 17 138 0.03200107
17 28 17 28 0.01627585
17 26 17 26 0.01903266
17 137 17 137 0.02261911
36 68 36 68 0.52553427
83 97 83 96 0.00058703
83 132 83 132 0.08440467
83 94 83 94 0.02636075
18 27 18 27 0.05503320
18 136 18 136 0.02368332
18 80 18 80 0.01527880
18 139 18 139 0.01856833
5 147 5 147 0.02049629
34 70 34 70 0.28470896
8 151 8 151 0.00313759
8 149 8 149 0.02892120
8 147 8 147 0.10422967
41 62 41 62 0.23194403
41 63 40 63 0.00245621
41 63 41 62 0.00231259
41 63 41 63 0.13499197
42 61 42 61 0.40622928
21 27 21 27 0.00648735
21 77 21 77 0.00943273
46 54 46 54 0.00910996
46 55 46 55 0.06008333
46 56 46 56 0.00940273
46 58 46 58 0.01724084
12 24 12 24 0.00607264
50 55 50 55 0.24631165
50 54 50 54 0.02583298
77 85 77 85 0.01474634
77 138 77 138 0.01637503
77 84 77 84 0.04620940
44 59 44 59 0.34421843
102 112 102 113 0.00530723
102 146 102 146 0.00097603
118 129 119 130 0.05191033
118 129 120 129 0.01162573
118 139 116 139 0.00072750
118 139 118 140 0.00408137
118 139 118 137 0.00073883
118 139 119 139 0.02776573
120 133 121 133 0.00055002
120 126 121 127 0.00270603
120 126 121 126 0.00062810
120 127 120 127 0.05009367
120 127 121 128 0.03082447
120 127 121 127 0.00281687
120 131 120 131 0.02106487
120 137 121 137 0.02778829
120 137 120 135 0.00059641
120 137 120 138 0.00260599
120 137 118 137 0.00059447
121 132 122 132 0.00057095
121 136 122 136 0.01187895
121 136 121 137 0.00188191
86 92 86 92 0.04366990
86 94 86 94 0.00817026
86 93 86 93 0.02986633
86 91 86 91 0.04078433
117 130 119 130 0.00594883
117 130 118 131 0.05282167
31 74 31 74 0.30522563
89 128 89 128 0.01297917
89 101 89 101 0.00134149
29 76 29 76 0.23123591
29 75 29 75 0.02298562
29 93 29 93 0.00061316
29 77 29 77 0.04794872
30 75 30 75 0.24652148
30 74 30 74 0.02047775
30 76 30 76 0.01236770
100 107 100 108 0.00162433
33 70 33 70 0.07476440
74 88 74 88 0.00974968
101 106 101 107 0.00116944
101 107 101 107 0.15532751
101 107 100 108 0.00288353
101 147 101 147 0.00079230
11 149 11 149 0.00183335
11 144 11 144 0.12277967
98 109 98 110 0.00064944
98 110 98 110 0.18642148
93 124 93 124 0.00648287
93 115 93 116 0.00165071
39 65 39 65 0.41532657
32 74 32 74 0.01291889
47 54 47 54 0.02543067
47 56 47 56 0.14773737
47 53 47 53 0.02202608
20 78 20 78 0.01106950
23 99 23 99 0.00877272
84 96 84 96 0.08438600
84 93 84 93 0.01739669
19 138 19 138 0.00990460
19 79 19 79 0.01329557
19 135 19 135 0.01477949
19 26 19 26 0.08716338
14 141 14 141 0.30843183
97 116 97 118 0.00873467
75 87 75 87 0.00235585
103 111 103 112 0.00809288
104 110 104 111 0.00081525
24 79 24 79 0.00458810
24 98 24 98 0.00396981
24 33 24 33 0.00160812
119 134 120 134 0.00083769
119 138 120 138 0.00943387
119 138 119 139 0.00098677
119 128 121 128 0.01096220
119 128 120 129 0.05928200
119 128 120 128 0.00809413
38 66 38 66 0.55186720
99 109 98 110 0.00073917
99 109 99 109 0.11020054
73 89 73 89 0.00122394
9 148 9 148 0.10097662
27 79 27 79 0.17230357
76 86 76 86 0.00368998
122 130 122 130 0.01312232
122 129 120 129 0.00059136
4 151 4 151 0.04478367
4 149 4 149 0.00911548
40 64 40 63 0.00368155
