21 42 21 42 0.16142109
74 82 74 82 0.24723593
72 85 72 85 0.19872889
72 84 72 84 0.05061646
2 158 2 158 0.03292569
59 157 59 157 0.00560337
8 58 8 58 0.31381667
26 36 26 36 0.37390352
91 158 91 158 0.02399070
95 154 95 154 0.05257087
93 156 93 156 0.05535970
68 87 68 87 0.02085999
68 89 68 89 0.03097070
109 143 109 142 0.00145678
92 157 92 157 0.03360372
19 43 19 43 0.07818500
111 141 111 140 0.00081184
4 63 4 63 0.20152700
4 154 4 154 0.01747610
4 158 4 158 0.12272001
6 154 6 154 0.00319735
6 60 6 60 0.07321971
101 112 101 112 0.05414847
101 150 101 148 0.00279506
99 151 99 149 0.02180153
99 151 99 150 0.00122877
20 43 20 43 0.16321937
13 48 13 48 0.10445134
13 159 13 159 0.00153905
13 50 13 50 0.06240547
61 155 61 155 0.01629184
65 91 65 91 0.12308660
24 38 24 38 0.29252156
70 86 70 86 0.05346470
70 87 70 87 0.06141291
106 147 106 145 0.00450030
27 35 27 35 0.28637118
27 34 27 34 0.08438457
1 159 1 159 0.05045214
73 84 73 84 0.04783387
73 83 73 83 0.13732311
108 145 108 143 0.00425537
7 59 7 59 0.06019660
25 37 25 37 0.60781783
23 39 23 39 0.37315885
107 146 107 144 0.00314874
97 153 97 151 0.00887103
67 89 67 89 0.09013321
67 90 67 90 0.02315593
22 41 22 40 0.00056825
75 82 75 82 0.01213939
75 81 75 81 0.24439539
12 150 12 150 0.00463287
12 160 12 160 0.00162550
98 152 98 150 0.01874778
66 90 66 90 0.09625021
94 155 94 155 0.12112194
11 50 11 50 0.05047624
102 111 102 111 0.05682066
15 48 15 48 0.07155940
15 20 15 20 0.01789852
5 157 5 157 0.03247516
5 155 5 155 0.00289329
5 153 5 153 0.00598903
5 152 5 152 0.00561963
110 142 110 141 0.00152085
60 156 60 156 0.00994755
14 47 14 47 0.04507685
14 49 14 49 0.17501500
14 21 14 21 0.00523902
