142 150 142 150 0.00095758
57 101 57 101 0.12158835
68 87 68 87 0.04074287
93 156 93 156 0.03513336
91 158 91 158 0.00859751
95 154 95 154 0.01479603
114 138 114 138 0.01338125
117 129 117 129 0.31958794
48 114 48 114 0.00231220
48 59 48 59 0.00513467
9 143 9 143 0.10431333
145 158 145 158 0.01981190
111 133 111 133 0.12803514
111 132 111 132 0.01686931
111 141 111 141 0.02923365
111 135 111 135 0.00427491
111 134 111 134 0.01568125
92 157 92 157 0.01309655
115 137 115 137 0.00481347
115 131 115 131 0.30963803
115 132 115 132 0.02520073
109 143 109 143 0.08810152
109 135 109 135 0.02699470
109 134 109 134 0.03703118
65 91 65 91 0.25426537
13 159 13 159 0.00188066
13 140 13 140 0.19321600
149 153 149 153 0.00291100
149 155 149 155 0.00163648
149 157 149 157 0.16866482
146 157 146 157 0.00548990
61 95 61 95 0.22902733
151 155 151 155 0.17379458
151 157 151 157 0.00225158
99 114 99 114 0.00190476
99 151 99 149 0.02547564
99 151 99 151 0.00184511
20 43 20 43 0.14211403
101 112 101 112 0.01859514
18 134 18 134 0.00696350
18 135 18 135 0.17954532
18 45 18 45 0.01392805
28 38 28 38 0.05515267
28 32 28 32 0.04982893
55 103 55 103 0.10225100
55 104 55 104 0.03255117
55 100 55 100 0.03714333
74 82 74 82 0.24640714
120 126 120 126 0.39820193
21 42 21 42 0.07208209
16 137 16 137 0.21263909
54 105 54 105 0.04861467
54 101 54 101 0.04968333
112 140 112 140 0.02104364
112 131 112 131 0.00711780
112 132 112 132 0.06366498
112 133 112 133 0.10097586
112 134 112 134 0.00853856
143 160 143 160 0.01537593
143 149 143 149 0.00139068
116 130 116 130 0.37654376
58 100 58 100 0.20717544
17 136 17 136 0.21174343
104 140 104 140 0.00471064
59 99 59 99 0.12423880
2 154 2 154 0.00236925
26 36 28 38 0.00533321
150 156 150 156 0.21538158
8 14 8 14 0.00071589
8 145 8 145 0.24174167
22 44 22 44 0.05553567
22 41 22 41 0.05059623
113 139 113 139 0.02152613
67 89 67 89 0.20773750
97 153 97 153 0.03443144
11 141 11 141 0.06582567
11 142 11 142 0.09499900
102 111 102 111 0.03216402
15 138 15 138 0.17604546
15 20 15 20 0.00099662
94 155 94 155 0.11050320
98 152 98 152 0.01142922
66 90 66 90 0.20963059
75 81 75 81 0.23682239
75 82 75 82 0.00430076
118 128 118 128 0.40011000
60 96 60 96 0.22996598
144 148 144 148 0.00447443
144 159 144 159 0.00904393
14 21 14 21 0.00090902
14 158 14 158 0.00066474
14 139 14 139 0.19505744
105 139 105 139 0.00665970
5 148 5 148 0.02303387
119 127 119 127 0.40010955
139 145 139 145 0.00411283
110 142 110 142 0.03733189
110 134 110 134 0.05948802
110 135 110 135 0.00658228
110 133 110 133 0.05542867
100 113 100 113 0.00391210
106 138 106 138 0.00515594
106 147 106 147 0.03673365
70 86 70 86 0.06568269
70 87 70 87 0.11167950
27 35 29 37 0.00530509
27 33 27 33 0.06311230
154 159 154 159 0.00115120
96 154 96 154 0.00227970
24 38 26 40 0.00405533
24 42 24 42 0.06823133
1 159 1 159 0.03791870
73 84 73 84 0.05099313
73 83 73 83 0.23865526
140 144 140 144 0.00746080
71 86 71 86 0.12979954
64 92 64 92 0.20600070
62 94 62 94 0.20737045
148 154 148 154 0.00157644
148 158 148 158 0.16583583
7 146 7 146 0.10666700
108 145 108 145 0.06163726
107 146 107 146 0.02387818
25 37 25 38 0.00054692
25 41 25 41 0.19085267
23 39 25 41 0.00312156
23 43 23 43 0.07883700
153 160 153 160 0.00276419
