93 156 93 156 0.02859607
114 138 114 138 0.00867623
91 108 91 108 0.00216201
91 158 91 158 0.01281016
68 86 68 86 0.02650772
92 107 92 107 0.00118779
92 157 92 157 0.01411191
92 99 92 99 0.00948797
109 143 109 143 0.19062538
115 131 115 131 0.30739139
115 132 115 132 0.02173523
115 137 115 137 0.00422903
19 44 21 44 0.00051720
111 134 111 134 0.06205640
111 135 111 135 0.01162208
111 141 111 141 0.04725983
111 132 111 132 0.00925245
111 133 111 133 0.03778575
117 129 117 129 0.31255289
99 106 99 106 0.00242996
101 106 101 106 0.01031120
65 91 65 91 0.08348582
65 88 65 88 0.07018650
61 155 61 155 0.20789280
21 41 23 41 0.02085933
90 99 90 99 0.00688517
120 126 120 126 0.39254595
74 82 74 82 0.22060155
63 153 63 153 0.06654433
63 99 63 99 0.03177753
63 152 63 152 0.02446245
116 130 116 130 0.45502445
112 133 112 133 0.25106588
59 71 59 71 0.00072328
59 157 59 157 0.09481643
104 147 104 147 0.03097243
72 80 72 79 0.00079287
85 108 85 108 0.00076784
26 36 27 37 0.01985470
26 36 28 36 0.02297215
26 36 26 38 0.00602985
121 125 121 125 0.41150233
67 89 67 89 0.04327184
67 86 67 86 0.05664646
67 87 67 87 0.02024865
113 139 113 139 0.01169426
97 153 97 153 0.13340730
97 152 97 152 0.02792338
47 58 49 58 0.00212648
22 37 22 37 0.10118867
22 40 23 41 0.00360603
22 40 24 40 0.02394653
22 41 23 41 0.00743574
66 87 66 87 0.05915967
66 90 66 90 0.05197532
98 152 98 152 0.06808397
98 107 98 107 0.00172421
75 81 75 81 0.08489239
118 128 118 128 0.39399525
102 108 102 108 0.02081719
94 155 94 155 0.04249251
94 99 94 99 0.03458118
103 107 103 107 0.06098204
103 148 103 148 0.23412920
60 156 60 156 0.12810222
60 70 60 70 0.00116205
110 133 110 133 0.01625601
110 142 110 142 0.07665550
110 135 110 135 0.03959952
110 134 110 134 0.04280299
119 127 119 127 0.39399514
84 109 84 109 0.00496767
24 38 26 38 0.03588354
24 38 24 40 0.00238296
27 35 27 37 0.00457102
27 35 28 36 0.01811637
27 35 29 35 0.03535356
106 147 106 147 0.07927486
106 113 106 113 0.00052207
71 86 71 86 0.03322712
73 78 73 78 0.01665425
73 83 73 83 0.10723077
108 113 108 113 0.00113146
62 154 62 154 0.26795333
62 100 62 100 0.03084953
25 37 27 37 0.03445153
25 37 26 38 0.01816693
107 146 107 146 0.06077474
107 112 107 112 0.00257638
107 144 107 144 0.02064217
23 39 24 40 0.01339583
23 39 23 41 0.00324694
23 36 23 36 0.03735000
