145 145 0.79456700
8 8 0.03511050
59 59 0.97997300
59 58 0.00077242
85 85 0.98075300
108 108 0.98043400
58 58 0.97997700
64 64 0.98062900
61 61 0.98023000
156 156 0.49009700
49 49 0.33923200
51 51 0.34347700
21 21 0.76329700
154 154 0.03529790
159 159 0.17365300
23 23 0.90386900
111 111 0.97248700
111 110 0.00101456
101 101 0.98085700
118 119 0.00422726
118 118 0.76392400
118 117 0.21042800
25 25 0.98138300
24 24 0.98142200
94 94 0.98084200
142 142 0.99234000
155 155 0.56306500
134 134 0.92580100
13 13 0.98946900
47 47 0.16952700
104 104 0.98086500
80 80 0.98079800
52 52 0.39734700
90 90 0.98085700
67 67 0.98079900
9 9 0.99965500
48 48 0.35557400
137 137 0.98066900
99 99 0.98085500
95 95 0.98082900
34 34 0.29550300
1 1 0.10909700
44 44 0.99940000
36 36 0.34347700
15 16 0.00057323
15 15 0.98916300
122 121 0.00789497
122 122 0.91925400
112 112 0.92051600
112 111 0.00773174
100 100 0.98078400
69 69 0.98080600
22 22 0.81868300
148 148 0.96103000
136 136 0.98061900
19 19 0.98832100
135 135 0.92777400
66 66 0.98081200
39 39 0.33085500
53 53 0.99805500
68 68 0.98072400
119 120 0.00302365
119 119 0.76801700
119 118 0.20818800
72 72 0.98068900
128 128 0.99601200
98 98 0.98085900
6 6 0.99978900
45 45 0.97474800
3 3 0.42392800
11 11 0.35027300
26 26 0.98133200
132 132 0.99630600
54 54 0.99800600
57 57 0.44631400
42 42 0.99987000
121 121 0.94665700
121 122 0.00063221
121 120 0.03217930
157 157 0.01214160
41 41 0.99991500
60 60 0.97990100
60 59 0.00078572
88 88 0.98086700
55 55 0.29540900
113 113 0.83145200
113 112 0.05938950
113 111 0.00058459
33 33 0.90875600
78 78 0.98077800
129 129 0.99611100
71 71 0.98059700
97 97 0.98082300
143 143 0.99249300
77 77 0.98080600
96 96 0.98083400
115 115 0.79846700
115 116 0.00203692
115 114 0.16383600
115 113 0.00070850
151 151 0.90544900
153 153 0.54581500
73 73 0.98071100
30 30 0.98132000
102 102 0.98086400
2 2 0.17364700
125 125 0.99608500
79 79 0.98069500
5 5 0.48990900
87 87 0.98086300
130 130 0.99604700
56 56 0.74861700
17 17 0.98831300
17 18 0.00116685
16 16 0.98872500
16 17 0.00091674
127 127 0.99588800
110 110 0.97939100
124 124 0.19531500
124 123 0.00094660
38 38 0.33923000
114 112 0.00052709
114 113 0.14818200
114 114 0.81560600
114 115 0.00059524
123 122 0.00432705
123 123 0.92108600
76 76 0.98079700
141 141 0.99247400
93 93 0.98086100
83 83 0.98076800
150 150 0.92990200
65 65 0.98081100
37 37 0.14675100
62 62 0.98068700
12 12 0.76328400
107 107 0.98039300
147 147 0.92005600
158 158 0.42393000
4 4 0.01204880
146 146 0.95934100
116 115 0.17919100
116 116 0.78188600
116 117 0.00323920
116 114 0.00070643
31 31 0.44707800
117 117 0.76519400
117 118 0.00461821
117 116 0.19484600
7 7 0.56285500
32 32 0.83309700
84 84 0.98075800
140 140 0.99256800
152 152 0.52227000
27 27 0.98138000
106 106 0.98073900
14 14 0.98922000
35 35 0.39734700
105 105 0.98084900
50 50 0.14675700
81 81 0.98080900
86 86 0.98085100
46 46 0.99961900
43 43 0.99954200
20 20 0.98972400
91 91 0.98085700
70 70 0.98071600
75 75 0.98080500
29 29 0.98138800
92 92 0.98086500
28 28 0.98141200
139 139 0.44639700
133 133 0.19645500
126 126 0.99609200
10 10 0.43671900
82 82 0.98079500
109 109 0.98022900
144 144 0.44694400
131 131 0.99604400
160 160 0.10910300
40 40 0.16950400
120 120 0.79354200
120 119 0.18404600
120 121 0.00187497
89 89 0.98086600
74 74 0.98077300
103 103 0.98086700
63 63 0.98059900
138 138 0.79391500
18 18 0.98808400
18 19 0.00134672
149 149 0.96109200
