120 120 0.71048411
38 40 0.02082600
38 37 0.00214019
38 38 0.45101329
99 100 0.00063731
99 99 0.73235607
29 29 0.38592231
154 154 0.66710440
134 134 0.67823673
62 61 0.02459161
62 63 0.01090327
62 62 0.56979562
24 24 0.24714298
117 117 0.61491081
93 93 0.34414096
20 20 0.63989464
4 4 0.86537823
158 158 0.94696537
64 65 0.00548603
64 64 0.74006469
64 63 0.00792104
72 72 0.76692391
72 73 0.00243357
130 130 0.32510825
159 159 0.98638309
79 79 0.39989164
86 86 0.63983492
156 156 0.74341607
98 98 0.66896058
84 84 0.30639550
137 137 0.97250147
32 32 0.22293745
13 13 0.46172311
148 148 0.30281570
118 118 0.59532305
119 119 0.60338261
44 44 0.69618746
44 43 0.01349388
44 46 0.02603103
116 116 0.62181173
51 52 0.00733453
51 51 0.81114516
51 50 0.00959470
51 53 0.01943586
66 67 0.00065359
66 66 0.69810835
66 65 0.00252355
94 94 0.40741851
60 59 0.00281850
60 60 0.52908459
60 61 0.01503318
5 5 0.73633623
14 14 0.55819384
90 90 0.83098512
103 103 0.51511987
122 122 0.57710331
1 1 0.96385947
82 82 0.32687426
76 76 0.35869697
139 139 0.36389494
49 48 0.00353264
49 50 0.00198861
49 51 0.01797735
49 49 0.36349248
113 113 0.64768076
97 97 0.47521251
115 115 0.44277353
34 36 0.00316610
34 34 0.61728729
34 33 0.00169345
127 127 0.54389308
45 44 0.00569347
45 47 0.02467392
45 46 0.00057219
45 45 0.50576249
54 54 0.71151266
54 56 0.00269559
54 55 0.06508922
54 53 0.01271290
88 88 0.45720017
85 85 0.54605734
112 112 0.42699242
108 108 0.52372309
58 58 0.67181310
58 59 0.00624599
8 8 0.66200312
109 109 0.77076470
35 35 0.47864916
35 34 0.01475686
149 149 0.29649375
46 45 0.01044418
46 48 0.02757095
46 47 0.00531587
46 46 0.65729310
42 42 0.45109754
42 44 0.01899184
42 41 0.01566951
42 43 0.00104032
30 30 0.49648713
152 152 0.42252744
39 41 0.01044852
39 38 0.03491297
39 39 0.60322798
75 75 0.51897316
141 141 0.38375157
70 71 0.00149195
70 69 0.00667243
70 70 0.63618162
146 146 0.39720396
41 43 0.02861902
41 41 0.65320512
41 40 0.00398137
107 107 0.67319459
150 150 0.48123063
16 16 0.63655537
138 138 0.48946412
47 48 0.00582195
47 49 0.00811589
47 47 0.44490926
47 46 0.00861825
6 6 0.83515689
81 81 0.24913010
95 95 0.45815280
65 66 0.00130307
65 65 0.66839792
65 64 0.00120030
2 2 0.94430627
11 11 0.78295819
27 27 0.43314625
59 59 0.57868795
59 60 0.01850960
59 58 0.00116253
140 140 0.50395753
133 133 0.56059683
26 26 0.32090349
10 10 0.61949742
105 104 0.00056633
105 105 0.76418142
151 151 0.29395332
123 123 0.52982927
50 52 0.02098123
50 49 0.00352663
50 50 0.73712366
50 51 0.00919953
124 124 0.49177750
69 70 0.00127872
69 69 0.72771493
69 68 0.00729933
18 18 0.76007649
104 104 0.77597170
92 92 0.52034652
56 55 0.00995551
56 56 0.71119682
56 57 0.00184427
3 3 0.84883330
71 71 0.85601860
71 70 0.00110080
71 72 0.00156294
144 144 0.90420271
126 126 0.56781270
142 142 0.74020915
136 136 0.57045819
83 83 0.26241149
21 21 0.35096960
91 91 0.54901573
61 62 0.02546404
61 60 0.00836958
61 61 0.57184760
135 135 0.52377246
89 89 0.89311935
121 121 0.31777391
143 143 0.90284306
36 38 0.01174953
36 35 0.00244705
36 37 0.00142148
36 36 0.85554536
43 44 0.00262947
43 43 0.70107059
43 45 0.01039030
43 42 0.01272347
33 33 0.35648114
78 78 0.41045082
31 31 0.33645670
102 102 0.59697781
9 9 0.56736733
17 17 0.84745171
68 67 0.00298436
68 68 0.65452926
73 74 0.00194343
73 73 0.80404540
7 7 0.38910645
155 155 0.55965480
77 77 0.51376952
15 15 0.51996230
48 50 0.02128310
48 48 0.42747160
48 49 0.00168341
48 47 0.00421798
52 53 0.06954751
52 54 0.01822686
52 51 0.00882974
52 52 0.85811488
23 23 0.52611500
55 57 0.00061697
55 54 0.01148528
55 55 0.67263052
55 56 0.06340488
53 55 0.01559036
53 53 0.73601913
53 52 0.01062640
53 54 0.06758523
101 101 0.41611534
100 100 0.72319133
100 99 0.00079017
87 87 0.43844579
22 22 0.39455805
96 96 0.37741585
131 131 0.54657639
111 111 0.76867211
145 145 0.94098951
125 125 0.54891836
19 19 0.68179252
74 75 0.00083993
74 74 0.77162623
37 36 0.03940244
37 39 0.01838346
37 38 0.00062199
37 37 0.69410847
153 153 0.36745179
28 28 0.41944584
157 157 0.39092617
25 25 0.25311376
67 68 0.00085790
67 66 0.00271995
67 67 0.80462849
12 12 0.71904586
80 80 0.29950688
63 64 0.04942846
63 63 0.71387807
63 62 0.03080511
57 57 0.84221030
57 58 0.00465732
57 56 0.01083540
40 40 0.74313131
40 42 0.00588666
40 39 0.01825603
40 41 0.00055924
129 129 0.52701273
128 128 0.46710857
114 114 0.51041708
132 132 0.81288247
147 147 0.40522157
106 106 0.49457771
110 110 0.79228398
