97 97 0.48358585
115 115 0.51839619
127 127 0.46893368
34 33 0.00059384
34 36 0.00127084
34 34 0.71056303
54 54 0.70755514
54 55 0.00474908
54 53 0.00779534
54 56 0.00084180
88 88 0.59024752
45 44 0.00123711
45 45 0.61547227
45 47 0.00843029
108 108 0.57183396
112 112 0.47725368
85 85 0.85258262
109 109 0.61339923
109 110 0.00051448
8 8 0.71730576
58 57 0.00096199
58 58 0.69101074
35 34 0.00442145
35 35 0.60000585
30 30 0.51637677
152 152 0.42821550
42 44 0.00441406
42 41 0.00831213
42 42 0.60706286
46 46 0.67367971
46 48 0.00813761
46 45 0.00119465
149 149 0.40117891
39 39 0.85724645
39 38 0.00577291
39 41 0.00446582
141 141 0.54051908
70 71 0.00053755
70 70 0.79119403
70 69 0.00381563
75 75 0.68903766
16 16 0.64930975
150 150 0.48471371
107 107 0.71740130
41 40 0.00248500
41 43 0.00642651
41 41 0.78589823
146 146 0.53710046
47 49 0.00278415
47 47 0.55339924
47 46 0.00294110
138 138 0.64632180
81 81 0.37996240
6 6 0.90083475
11 11 0.78988127
65 65 0.66954195
65 64 0.00271629
2 2 0.88415407
95 95 0.51958967
133 133 0.58493444
140 140 0.65311600
27 27 0.63734994
59 59 0.71671935
59 58 0.00359548
26 26 0.48813809
134 134 0.64851108
154 154 0.60824559
29 29 0.45684747
99 100 0.00056660
99 99 0.70032494
38 37 0.00087890
38 38 0.69477279
38 40 0.00808688
120 120 0.58917192
93 93 0.36396153
20 20 0.73385823
4 4 0.85094592
117 117 0.60536885
24 24 0.46263009
62 61 0.01052822
62 63 0.00057135
62 62 0.57144859
72 73 0.00093818
72 72 0.71751743
130 130 0.29144738
64 64 0.80241043
64 63 0.01322080
158 158 0.72899793
84 84 0.43113688
98 98 0.68642408
86 86 0.72418897
156 156 0.67860600
79 79 0.49091174
159 159 0.81774511
13 13 0.60008081
148 148 0.40814792
32 32 0.44606001
137 137 0.89264873
119 119 0.47825598
118 118 0.53616876
116 116 0.65386451
44 44 0.62977442
44 43 0.00540025
44 46 0.00780452
66 65 0.00299547
66 66 0.73953981
51 53 0.00659983
51 52 0.00246355
51 50 0.00175244
51 51 0.74708528
60 59 0.01967436
60 60 0.65548641
14 14 0.61123197
5 5 0.81771268
94 94 0.43710567
122 122 0.46140877
103 103 0.51252708
90 90 0.86969037
82 82 0.43498127
1 1 0.88107898
113 113 0.70808206
49 49 0.47339396
49 51 0.00878207
49 50 0.00052663
76 76 0.55571292
139 139 0.42726373
15 15 0.56731118
77 77 0.56363401
52 53 0.00519345
52 54 0.00582231
52 51 0.00219155
52 52 0.80631724
48 47 0.00118252
48 48 0.53071749
48 50 0.00813772
53 54 0.00541963
53 52 0.00822198
53 55 0.00502198
53 53 0.75258006
55 54 0.00675600
55 56 0.00467221
55 55 0.67088006
23 23 0.70069550
87 87 0.56253828
22 22 0.37502437
100 99 0.00060312
100 100 0.68381780
101 101 0.45973066
125 125 0.62033470
145 145 0.89722260
111 112 0.00060417
111 111 0.76575290
96 96 0.43069610
131 131 0.50060281
19 19 0.79664681
153 153 0.42027584
74 74 0.92150588
37 36 0.01689817
37 37 0.90979165
37 39 0.00694871
67 67 0.62112222
67 66 0.00332549
12 12 0.73392518
25 25 0.47631761
157 157 0.49247944
28 28 0.43239830
80 80 0.40840240
40 42 0.00103262
40 40 0.86626779
40 39 0.00911315
57 57 0.77228291
57 56 0.00981604
63 63 0.67213681
63 62 0.02967351
129 129 0.51906234
114 114 0.66287098
128 128 0.44408766
110 111 0.00062809
110 110 0.85325343
147 147 0.46752697
106 106 0.59077611
132 132 0.65175559
105 105 0.64811606
10 10 0.44555347
18 18 0.82292347
104 105 0.00080782
104 104 0.72375970
69 69 0.75660045
69 68 0.00330254
124 124 0.46007643
123 123 0.50509221
50 50 0.63514884
50 51 0.00313400
50 52 0.00880431
151 151 0.35393353
92 92 0.67121893
56 55 0.00730772
56 56 0.70538022
3 3 0.77949242
144 144 0.83848847
71 72 0.00058636
71 70 0.00106525
71 71 0.78103810
142 142 0.62012160
126 126 0.50771705
91 91 0.71047068
61 60 0.02315503
61 62 0.00076018
61 61 0.48827613
135 135 0.57173721
21 21 0.22303627
83 83 0.38432446
136 136 0.59765462
36 36 0.70236414
36 35 0.00071314
36 38 0.00183691
43 43 0.74965320
43 42 0.00370660
43 45 0.00224764
143 143 0.78866130
121 121 0.45736997
89 89 0.94497645
33 33 0.49943193
78 78 0.41853738
31 31 0.46601757
102 102 0.68183178
68 68 0.58996294
68 67 0.00247091
17 17 0.82472930
9 9 0.54025857
155 155 0.60406449
7 7 0.53294134
73 74 0.00076987
73 73 0.63539617
