5 149 5 149 0.00647263
5 158 5 158 0.01613300
62 74 60 71 0.00069944
117 136 117 136 0.98163600
2 148 2 148 0.81231000
125 129 125 130 0.00078949
109 115 109 115 0.00166073
104 109 104 109 0.09942580
104 113 104 113 0.01868770
114 139 114 139 0.56833300
118 135 118 135 0.56416100
124 130 124 131 0.00058556
112 141 112 141 0.66625400
112 143 112 143 0.01367210
61 75 59 72 0.00078157
3 159 4 159 0.00432998
123 131 123 131 0.97018400
116 137 116 137 0.46317600
64 72 62 69 0.00078090
115 138 115 138 0.46241200
111 142 111 142 0.34804700
1 149 1 149 0.55711100
122 127 122 127 0.00334630
122 133 122 132 0.00058672
110 142 110 142 0.12220100
63 73 61 70 0.00078960
121 132 121 133 0.00059106
6 147 7 147 0.00428332
