32 37 32 37 0.68710900
122 127 122 127 0.03100380
122 130 122 130 0.01140420
122 148 122 148 0.00559319
122 132 122 132 0.36724300
82 96 82 96 0.87287400
79 100 79 100 0.58580500
23 45 23 45 0.03074060
84 94 84 94 0.65324000
87 91 87 91 0.63798400
115 125 115 125 0.00152585
115 155 115 155 0.01168400
115 134 115 134 0.02207510
115 138 115 138 0.38510800
1 149 1 149 0.40066900
111 141 111 141 0.08403280
111 142 111 142 0.13251000
129 141 129 141 0.00722358
108 149 108 149 0.05368120
12 16 12 16 0.01570280
12 69 12 69 0.00962150
12 54 12 54 0.10048900
12 56 12 56 0.04490560
12 67 12 67 0.00222969
12 55 12 55 0.06351130
16 155 16 155 0.00124481
16 53 16 53 0.39187300
16 57 16 57 0.00829796
16 52 16 52 0.01392760
16 61 16 61 0.00213198
110 114 110 114 0.02419830
110 142 110 142 0.08304450
110 147 110 147 0.09496550
6 148 6 148 0.01016110
6 104 6 104 0.20049900
6 75 6 75 0.12187300
21 48 21 48 0.68992500
21 47 21 47 0.02197500
121 133 121 133 0.37434600
121 131 121 131 0.01392240
121 149 121 149 0.00736414
116 154 116 154 0.01298860
116 133 116 133 0.02351310
116 137 116 137 0.38261700
18 51 18 51 0.68475500
18 59 18 59 0.00181234
8 71 8 71 0.00368507
8 16 8 16 0.01970140
8 148 8 148 0.00612488
8 17 8 17 0.00542477
8 75 8 75 0.03251540
3 147 3 147 0.30468400
3 156 3 156 0.03469090
3 12 3 12 0.00613717
3 160 3 160 0.06835720
3 107 3 107 0.12421200
3 135 3 135 0.00088026
123 131 123 131 0.31055800
123 147 123 147 0.00745446
60 71 60 71 0.79303900
73 105 73 105 0.01261920
78 101 78 101 0.69281500
58 74 58 74 0.40809100
4 134 4 134 0.00053318
4 11 4 11 0.01121110
4 146 4 146 0.14803400
4 159 4 159 0.02772860
4 155 4 155 0.01456020
4 106 4 106 0.40656000
10 16 10 16 0.02149050
10 17 10 17 0.05295870
10 71 10 71 0.02020310
57 75 57 75 0.27329700
107 111 107 111 0.05267260
107 150 107 150 0.03838300
131 139 131 139 0.00865403
76 103 76 103 0.57533400
17 53 17 53 0.01055900
17 52 17 52 0.57387200
17 60 17 60 0.00564830
59 72 59 72 0.53876400
113 136 113 136 0.02080710
113 127 113 127 0.00071066
113 121 113 121 0.00256631
86 92 86 92 0.59064900
119 135 119 135 0.09558160
24 44 24 44 0.00880302
24 45 24 45 0.66869500
74 104 74 104 0.01655070
14 52 14 52 0.01030180
14 157 14 157 0.00518840
14 53 14 53 0.02386240
9 72 9 72 0.08134180
9 18 9 18 0.02366300
9 74 9 74 0.02041800
9 147 9 147 0.00932163
118 131 118 131 0.02607660
118 135 118 135 0.41424600
118 152 118 152 0.01032390
114 139 114 139 0.47648200
114 126 114 126 0.00153409
80 99 80 99 0.68996900
29 40 29 40 0.70957200
55 74 55 74 0.01626630
128 142 128 142 0.00712290
81 97 81 97 0.68996900
75 103 75 103 0.01787120
31 38 31 38 0.70681800
61 68 61 68 0.06200980
61 70 61 70 0.46617200
112 137 112 137 0.02419170
112 141 112 141 0.13565700
112 146 112 146 0.01945930
112 143 112 143 0.05080720
112 122 112 122 0.00114033
28 41 28 41 0.70957100
30 39 30 39 0.60507300
25 44 25 44 0.65936200
132 138 132 138 0.01265670
83 95 83 95 0.59064800
19 50 19 50 0.60507200
124 131 124 131 0.23134700
77 102 77 102 0.69281500
120 150 120 150 0.00968264
120 129 120 129 0.02067000
106 112 106 112 0.05550540
85 93 85 93 0.69705500
2 148 2 148 0.30570800
2 136 2 136 0.00075990
117 153 117 153 0.01241500
117 136 117 136 0.43935800
117 132 117 132 0.02981820
62 68 62 68 0.02560700
62 69 62 69 0.47466800
62 67 62 67 0.15046100
127 143 127 143 0.00453480
127 134 127 134 0.01086280
15 53 15 53 0.04288570
15 62 15 62 0.00359640
15 156 15 156 0.00497502
5 149 5 149 0.01226970
5 158 5 158 0.02525420
5 105 5 105 0.29556700
5 154 5 154 0.01603720
20 49 20 49 0.60507100
105 112 105 112 0.06922070
11 70 11 70 0.01324890
11 16 11 16 0.11087300
11 68 11 68 0.00169443
11 17 11 17 0.00391373
126 135 126 135 0.00814702
126 131 126 131 0.01912700
26 43 26 43 0.70957300
109 115 109 115 0.01023680
109 148 109 148 0.05460910
125 132 125 132 0.00686579
125 136 125 136 0.00328702
125 130 125 130 0.34630900
13 66 13 66 0.00313654
13 158 13 158 0.00389601
13 53 13 53 0.04593970
104 113 104 113 0.06079130
104 109 104 109 0.02192570
7 147 7 147 0.01305310
7 72 7 72 0.01550770
7 74 7 74 0.12556500
7 149 7 149 0.00708275
27 42 27 42 0.66670300
