41 41 0.97899200
41 40 0.00126299
33 33 0.03514720
51 51 0.98445600
104 104 0.97608700
104 102 0.00101380
104 105 0.00069604
104 103 0.00534614
108 109 0.00306416
108 108 0.97514800
108 107 0.00143631
108 106 0.00152735
86 85 0.02541590
86 86 0.95868800
76 75 0.05568130
76 76 0.92251400
67 67 0.98443100
88 87 0.00949425
88 88 0.97480800
125 127 0.00107316
125 122 0.00072217
125 126 0.00182830
125 124 0.03786750
125 125 0.93171700
119 116 0.00062944
119 119 0.95502900
119 118 0.02046950
119 121 0.00142215
119 120 0.00487066
103 101 0.00076679
103 103 0.97211400
103 102 0.00891512
103 104 0.00130974
20 23 0.02857870
20 21 0.09207700
20 20 0.46134500
20 18 0.06174980
20 19 0.08206740
80 80 0.91034900
80 79 0.07325290
114 113 0.01750290
114 115 0.00368454
114 114 0.95887500
114 116 0.00203266
44 45 0.00114232
44 44 0.98315300
15 15 0.61083600
15 14 0.13378800
15 16 0.06574090
15 13 0.02777990
15 18 0.01990950
113 111 0.00066206
113 112 0.01621060
113 113 0.96172200
113 115 0.00196238
113 114 0.00222260
2 4 0.00051998
2 2 0.96818500
2 3 0.00086989
2 5 0.00369994
29 28 0.02349260
29 27 0.02811770
29 29 0.69361600
29 30 0.02547370
136 136 0.82028200
136 134 0.00057731
136 137 0.00236294
136 135 0.14785700
118 120 0.00147658
118 117 0.02001310
118 118 0.95611700
118 119 0.00420335
118 115 0.00059749
47 47 0.98319700
47 48 0.00052397
30 29 0.00319391
30 31 0.01695010
30 28 0.05726250
30 30 0.86904700
105 104 0.00173270
105 106 0.00063762
105 103 0.00125024
105 105 0.98022100
72 72 0.98048100
72 71 0.00292192
102 101 0.01241440
102 103 0.00185919
102 102 0.96820500
121 118 0.00068905
121 121 0.94022300
121 122 0.00437528
121 120 0.01916000
121 123 0.00137113
138 138 0.81437700
138 137 0.00737069
138 139 0.00307273
128 130 0.00089284
128 129 0.00074767
128 125 0.00068931
128 126 0.00082465
128 127 0.03294880
128 128 0.93774800
9 9 0.83703300
9 10 0.00906201
9 8 0.00630718
9 7 0.00300244
9 12 0.02726330
68 68 0.98422200
14 14 0.68837800
14 13 0.12922900
14 17 0.00426041
14 12 0.02680800
14 15 0.00877366
106 105 0.00115525
106 106 0.98062500
106 107 0.00081036
106 104 0.00148420
97 98 0.00181289
97 97 0.96557400
97 96 0.00271655
70 70 0.98225200
70 69 0.00112356
81 82 0.00055890
81 80 0.07345750
81 81 0.90431100
13 11 0.01234640
13 14 0.00803940
13 12 0.06176510
13 16 0.03068420
13 13 0.59843800
133 132 0.12394900
133 131 0.00140193
133 130 0.00087917
133 134 0.00245800
133 133 0.83548100
6 4 0.00154838
6 9 0.01642230
6 7 0.00140392
6 5 0.00164239
6 6 0.91351300
11 12 0.04448870
11 14 0.02725450
11 10 0.01357680
11 11 0.77222300
11 9 0.00514488
123 122 0.02847560
123 120 0.00069051
123 123 0.93929500
123 124 0.00337379
123 125 0.00145802
1 4 0.00101025
1 1 0.99444200
83 83 0.90551200
83 82 0.07714050
83 84 0.00123733
49 49 0.98433200
36 36 0.01931820
152 152 0.90502800
142 143 0.00089139
142 140 0.00495779
142 142 0.74614600
142 141 0.03752750
149 149 0.20586700
87 86 0.01734160
87 87 0.96670700
57 57 0.05016070
66 66 0.69991600
55 55 0.69988100
31 30 0.01575310
31 29 0.00117426
31 31 0.90089600
50 50 0.98444000
82 83 0.00093993
82 82 0.90339900
82 81 0.07913040
145 145 0.02027090
28 26 0.06641730
28 29 0.05826610
28 28 0.65497000
28 27 0.02829130
37 37 0.99811500
157 157 0.95318700
157 156 0.00051049
122 124 0.00140379
122 123 0.00400385
122 121 0.02745820
122 122 0.93982100
122 119 0.00068373
117 117 0.95805000
117 119 0.00164221
117 118 0.00320107
117 114 0.00057362
117 116 0.01901850
147 147 0.20390900
92 92 0.98423600
32 30 0.00180716
32 32 0.20212400
32 31 0.00056072
129 127 0.00093320
129 128 0.03433260
129 126 0.00070024
129 131 0.00060343
129 129 0.92811900
129 130 0.00099013
93 93 0.98419400
38 38 0.99801300
137 138 0.00241464
137 136 0.15237300
137 137 0.81623200
143 142 0.02139870
143 141 0.00184906
143 143 0.97181300
26 25 0.10915600
26 27 0.06853920
26 28 0.00109438
26 29 0.00077632
26 24 0.10928400
26 26 0.61632900
85 85 0.95057800
85 84 0.03343920
101 101 0.96445400
101 100 0.01587300
101 102 0.00241055
79 78 0.07303300
79 79 0.91059700
10 9 0.02951260
10 10 0.78686900
10 11 0.03944320
10 8 0.00422081
10 13 0.02727200
107 105 0.00153093
107 108 0.00199293
107 106 0.00111512
107 107 0.97914800
53 53 0.98444500
140 139 0.15728800
140 141 0.00236254
140 140 0.82016200
52 52 0.98445600
132 129 0.00077653
132 130 0.00142495
132 133 0.00268929
132 132 0.84540700
132 131 0.11359600
48 48 0.98368700
71 70 0.00196809
71 71 0.98127400
144 143 0.00536854
144 144 0.99312400
19 20 0.02197550
19 18 0.15281900
19 22 0.02757620
19 19 0.49791200
19 17 0.04351720
5 6 0.00170184
5 8 0.01952630
5 3 0.00088957
5 5 0.91624000
5 4 0.00222678
94 94 0.98413200
12 12 0.73279900
12 13 0.04628820
12 11 0.05224520
12 10 0.00095889
12 15 0.03036920
39 39 0.78874800
59 59 0.99991000
74 74 0.96818200
74 73 0.01006060
91 91 0.98407600
89 88 0.00162427
89 89 0.98269400
75 75 0.92859700
75 74 0.01620520
43 44 0.00103091
43 43 0.98299600
96 96 0.98121500
62 62 0.99977900
22 20 0.08521750
22 21 0.18529500
22 25 0.02157980
22 22 0.54037500
22 23 0.10080100
22 24 0.00050990
64 64 0.05015760
115 114 0.01821450
115 115 0.95820000
115 116 0.00341709
115 117 0.00191679
135 134 0.14278400
135 135 0.82431900
135 133 0.00125822
135 136 0.00230941
135 132 0.00078444
120 122 0.00139263
120 121 0.00525801
120 117 0.00066577
120 120 0.94859700
120 119 0.02161160
124 125 0.00239293
124 126 0.00143399
124 121 0.00069975
124 124 0.93146200
124 123 0.02969980
127 124 0.00069670
127 128 0.00081672
127 127 0.93792300
127 126 0.03356990
127 125 0.00072383
127 129 0.00095978
151 151 0.91334200
60 60 0.99989300
111 111 0.96391800
111 112 0.00200794
111 113 0.00172517
111 109 0.00159460
111 110 0.00617793
35 35 0.43150500
7 5 0.00225059
7 7 0.90521500
7 8 0.00090065
7 6 0.00250028
7 10 0.00081983
34 34 0.20278400
155 155 0.93424100
73 73 0.97434900
73 72 0.00389936
46 46 0.98293700
46 47 0.00090352
95 95 0.98371000
8 8 0.89644300
8 6 0.00258291
8 7 0.00283542
8 9 0.00200114
8 11 0.02725450
25 23 0.10820900
25 26 0.04563380
25 24 0.09870150
25 28 0.00169921
25 27 0.00432183
25 25 0.57642600
130 130 0.86624200
130 129 0.04391560
130 131 0.00299852
130 127 0.00071580
130 128 0.00085458
134 133 0.13432500
134 134 0.82761300
134 135 0.00223242
134 131 0.00089286
134 132 0.00134514
45 46 0.00112632
45 45 0.98298500
56 56 0.66951700
141 142 0.00156081
141 141 0.84271100
141 140 0.13670400
27 25 0.06281260
27 26 0.04707570
27 29 0.00080321
27 28 0.06189010
27 27 0.66327000
77 76 0.06178930
77 77 0.91628500
69 69 0.98315700
153 153 0.90342700
16 15 0.20515900
16 19 0.01991460
16 16 0.58946500
16 17 0.06768140
16 14 0.02961280
17 15 0.03762960
17 16 0.22175900
17 17 0.56812100
17 18 0.06960020
17 20 0.00159268
156 156 0.90346500
84 84 0.91148200
84 83 0.07159690
54 54 0.98435400
98 97 0.01661130
98 98 0.96136900
98 99 0.00348654
131 132 0.00286282
131 128 0.00076402
131 131 0.85553400
131 130 0.10337400
131 129 0.00085877
148 148 0.03651610
126 123 0.00071864
126 124 0.00055517
126 126 0.93277900
126 127 0.00139789
126 128 0.00097453
126 125 0.03792240
63 63 0.09972160
42 43 0.00112954
42 42 0.83382500
110 109 0.00496257
110 110 0.97317800
110 108 0.00168822
110 111 0.00207489
110 112 0.00096316
61 61 0.99977700
112 110 0.00087099
112 114 0.00185244
112 112 0.96257700
112 111 0.01532920
112 113 0.00204578
99 98 0.01878690
99 100 0.00325877
99 99 0.96026100
78 77 0.06756740
78 78 0.91077600
21 24 0.02414090
21 22 0.09559230
21 19 0.06511810
21 20 0.20744300
21 21 0.46595900
116 115 0.01863980
116 116 0.95807500
116 118 0.00189616
116 117 0.00310642
146 146 0.43247700
100 100 0.96091900
100 99 0.01929110
100 101 0.00289172
4 3 0.00133070
4 7 0.00112278
4 5 0.00408124
4 4 0.85862800
24 25 0.10348200
24 22 0.03256570
24 24 0.57247600
24 23 0.14381700
24 26 0.00284770
24 27 0.00650555
23 25 0.00077226
23 21 0.09963940
23 22 0.14864800
23 24 0.04198710
23 23 0.57251000
23 26 0.01363180
65 65 0.66952000
139 139 0.81621700
139 138 0.15003400
139 140 0.00373201
58 58 0.09973430
40 40 0.97954400
40 39 0.00068629
154 154 0.92872500
18 21 0.02866420
18 18 0.53179400
18 19 0.07666790
18 17 0.23818500
18 16 0.04054600
150 150 0.90141200
3 6 0.01553140
3 3 0.93999300
3 5 0.00160622
3 4 0.00295839
109 109 0.97373800
109 110 0.00247379
109 107 0.00155735
109 108 0.00391309
109 111 0.00055648
90 90 0.98391500
