106 106 0.98126900
97 97 0.28986600
70 70 0.78754600
81 81 0.02936150
133 133 0.84581300
13 13 0.68839200
6 6 0.99942800
102 102 0.42981400
102 101 0.00131339
128 128 0.28850500
138 138 0.43838400
121 121 0.56654600
9 9 0.92344600
68 69 0.00122197
68 68 0.75365500
14 14 0.82240000
44 44 0.78727400
15 15 0.83454400
113 113 0.98291400
29 29 0.55959000
2 2 0.63797700
136 136 0.58837300
118 118 0.96104300
47 46 0.00151837
47 48 0.00095854
47 47 0.99129400
30 30 0.95252900
105 106 0.00069743
105 105 0.98148100
72 72 0.98606100
41 41 0.70527500
33 33 0.05296200
51 51 0.44124400
108 108 0.45226800
104 104 0.27665600
76 76 0.61757100
86 86 0.61957600
67 67 0.37550300
67 68 0.00231119
88 88 0.85578100
125 125 0.29038300
119 119 0.98302300
103 102 0.00133165
103 103 0.56356700
20 20 0.56549800
114 114 0.98283100
80 79 0.00074812
80 80 0.48509800
143 143 0.84112500
26 26 0.52086700
85 85 0.60300500
101 101 0.07782070
79 79 0.85245100
79 78 0.00201895
28 28 0.57019500
37 37 0.98011500
157 157 0.99998800
122 122 0.43320500
117 117 0.90485300
147 147 0.99257600
92 92 0.45961700
32 32 0.51037000
93 93 0.39554800
129 129 0.28626700
38 38 0.63479100
137 137 0.48229700
57 57 0.83926500
66 66 0.96170600
66 65 0.00173285
66 67 0.00544702
55 55 0.96982800
31 31 0.43125400
50 50 0.75594300
82 82 0.48967000
145 145 0.97404400
11 11 0.98421800
123 123 0.08080760
1 1 0.64565200
83 83 0.36570400
36 36 0.25654400
49 49 0.99302100
152 152 0.66205400
142 142 0.87712300
149 149 0.88419300
87 87 0.84682500
56 56 0.43034300
45 46 0.00065788
45 45 0.99262600
141 141 0.94829200
27 27 0.86528900
77 77 0.96276200
69 69 0.99244700
153 153 0.99958100
17 17 0.96220300
16 16 0.95215200
156 156 0.64565400
84 84 0.95577500
54 54 0.97731700
120 120 0.27722600
124 124 0.39527600
127 127 0.28986700
151 151 0.99094000
60 60 0.96558100
111 111 0.98296600
35 35 0.98684000
7 7 0.98003700
155 155 0.63799100
34 34 0.52887000
73 73 0.79322200
46 45 0.00060290
46 46 0.99143100
46 47 0.00082901
95 95 0.28626700
25 25 0.43329200
8 8 0.88359800
130 130 0.29211400
134 134 0.75378100
75 75 0.96676900
43 43 0.67973400
96 96 0.28850600
62 62 0.83781700
22 22 0.20352600
64 64 0.95625100
64 65 0.00623000
115 115 0.46260000
135 135 0.96701200
10 10 0.98424900
107 107 0.46563200
53 54 0.00078340
53 53 0.92637600
140 140 0.23046800
52 52 0.98526500
132 132 0.63381400
71 71 0.67986400
48 49 0.00059383
48 47 0.00133854
48 48 0.99159900
144 144 0.92120000
94 94 0.29077800
19 19 0.66428400
5 5 0.71379800
12 12 0.69400500
39 39 0.98375900
59 59 0.96558100
74 74 0.64150400
91 91 0.84015800
89 89 0.62774800
40 40 0.78545000
154 154 0.99979700
18 18 0.97554600
3 3 0.99971100
150 150 0.99082300
109 109 0.91651800
90 90 0.86313900
100 100 0.39450200
4 4 0.99948900
24 24 0.45444700
23 23 0.52090800
65 66 0.00783650
65 64 0.00123236
65 65 0.95669100
139 139 0.48381400
58 58 0.96558300
61 61 0.96547900
112 112 0.98296300
99 99 0.29037000
78 78 0.31595100
78 77 0.00099130
21 21 0.76804100
116 116 0.39036000
146 146 0.87529000
98 98 0.39470400
131 131 0.39259400
148 148 0.72635600
126 126 0.39470300
63 64 0.00139136
63 63 0.42518900
42 42 0.98913800
110 110 0.91805500
