44 79 37 68 0.00301207
44 79 37 66 0.05396785
44 79 40 63 0.00652176
44 79 38 66 0.00271266
35 90 31 76 0.00388362
35 90 31 77 0.00241057
35 90 30 76 0.01302820
35 90 30 77 0.01784796
35 90 29 78 0.00160392
35 90 32 72 0.00083629
35 91 32 72 0.00503489
35 91 29 78 0.07100229
35 91 30 77 0.02447062
35 91 30 76 0.00162230
35 91 31 77 0.00286390
35 91 31 76 0.00550551
38 88 33 73 0.00050242
38 88 33 75 0.00169747
38 87 33 73 0.02212677
38 87 33 75 0.00072547
38 87 34 72 0.00496621
38 87 32 72 0.00141712
99 136 78 119 0.00201301
99 136 85 121 0.05213000
99 136 76 121 0.00226668
99 136 77 120 0.01314349
99 136 82 120 0.00170903
99 136 84 122 0.11666700
99 134 86 120 0.00068300
99 134 84 118 0.00292470
99 134 83 119 0.05045779
99 109 85 94 0.03988863
99 109 84 95 0.12055295
99 137 84 122 0.00227708
99 137 83 123 0.00180307
99 137 85 121 0.00146704
21 133 18 119 0.00051122
46 80 38 66 0.00092808
46 80 40 63 0.00576240
46 80 37 68 0.00060375
46 80 39 67 0.00570980
46 80 39 65 0.00133477
46 80 36 69 0.00188865
46 76 36 65 0.00066553
46 76 39 65 0.00409882
46 76 40 63 0.00390465
46 78 41 62 0.00857095
46 78 36 67 0.00277211
46 78 39 65 0.07799246
46 78 38 64 0.00052621
46 81 36 67 0.00113941
46 81 36 69 0.00072283
46 81 37 68 0.00301226
46 81 38 68 0.00379757
46 81 40 63 0.01928714
19 136 15 122 0.00284753
19 136 16 121 0.01700637
19 136 13 121 0.00924087
19 132 17 119 0.00205394
19 132 18 118 0.00269055
19 106 13 90 0.00085803
19 25 16 20 0.00858993
19 25 16 21 0.04035682
19 25 17 23 0.01209193
19 141 17 126 0.00052410
49 74 42 61 0.15525942
49 74 40 63 0.03328490
49 74 41 62 0.00396512
49 75 41 62 0.01376591
49 75 40 63 0.00788383
49 75 42 61 0.00060484
49 76 39 65 0.07531068
49 76 43 60 0.12020979
49 76 41 62 0.00493405
49 76 40 63 0.04206997
49 76 42 61 0.00503978
49 76 38 66 0.00094064
49 78 43 60 0.00313282
49 78 39 65 0.00388070
49 78 40 63 0.00053871
49 78 42 61 0.00083010
48 77 39 65 0.00807174
48 77 43 60 0.00262249
48 77 41 62 0.00789760
48 77 40 63 0.00674145
48 77 42 61 0.12002463
48 77 38 64 0.00793530
48 77 38 66 0.05349975
48 79 41 62 0.00083721
48 79 39 65 0.00254998
48 79 38 66 0.00231395
48 79 38 68 0.00086469
48 79 42 61 0.00604288
6 141 6 126 0.03159961
6 141 5 127 0.00550479
111 125 95 108 0.00659882
111 125 95 109 0.14026651
111 125 97 110 0.00215486
111 125 90 106 0.01328005
111 125 88 108 0.00236630
111 125 94 111 0.00128163
111 125 89 107 0.02236876
111 125 91 105 0.00154259
103 131 89 117 0.04774033
103 131 88 117 0.08793900
103 133 88 117 0.00375567
103 133 82 114 0.00226677
103 133 82 117 0.01123298
103 133 85 117 0.00467618
103 133 81 115 0.00264190
103 133 86 117 0.00641648
103 133 83 116 0.00054384
103 133 89 117 0.01883940
103 133 80 116 0.00228123
10 141 7 127 0.00261657
10 141 8 126 0.08382814
10 136 10 121 0.03128890
10 136 9 122 0.04099133
7 139 7 124 0.00581683
7 139 6 125 0.06132500
109 125 94 111 0.03518367
109 127 89 107 0.00164495
109 127 92 111 0.01491059
109 127 92 113 0.00178490
109 127 94 113 0.09283017
109 127 94 111 0.00338340
109 127 88 108 0.00958043
109 127 93 112 0.12942502
109 127 99 117 0.00074705
109 127 87 109 0.01546981
24 137 21 122 0.00062669
24 136 22 121 0.00079331
24 103 20 87 0.00059646
15 139 12 125 0.00280578
15 139 9 125 0.00186513
15 139 13 124 0.01021757
27 100 22 84 0.00060831
27 98 22 84 0.00102903
45 77 37 66 0.00098178
45 77 38 66 0.00276987
45 77 38 64 0.01893558
45 79 38 64 0.00087454
45 79 38 66 0.07063800
45 79 38 68 0.00067842
45 79 40 63 0.01847342
45 79 37 66 0.00074945
45 79 37 68 0.00084401
45 79 39 65 0.00211351
139 144 125 130 0.08907661
102 132 86 117 0.01234237
102 132 88 117 0.01586687
102 134 85 117 0.00101404
102 134 79 118 0.01611617
102 134 80 116 0.00385092
102 134 81 118 0.00623693
102 134 81 115 0.00168761
102 134 82 117 0.00243590
102 134 86 117 0.00139143
102 134 86 120 0.00170786
102 134 84 118 0.00407671
32 94 26 80 0.15196416
32 94 22 84 0.00095840
32 94 25 81 0.00581415
32 94 24 82 0.00178790
32 94 23 83 0.00298082
32 93 26 80 0.00634287
34 92 25 81 0.00328262
34 92 24 82 0.00148437
34 92 26 80 0.00111605
34 92 30 76 0.00124294
34 92 30 77 0.02034270
34 92 29 78 0.02549205
58 66 48 54 0.00808455
58 66 48 56 0.01242533
58 66 49 55 0.00817427
58 66 49 53 0.00447846
58 66 47 55 0.25374313
58 66 47 53 0.00117086
58 66 46 54 0.00067535
106 133 90 118 0.00196570
106 131 91 117 0.01639287
106 131 90 116 0.07072800
106 129 83 113 0.00140343
106 129 91 114 0.00407001
106 129 92 113 0.00425690
106 129 92 115 0.00777291
50 77 43 60 0.00075466
50 77 40 63 0.00599206
50 73 41 62 0.03027179
50 73 43 60 0.08968042
50 73 42 61 0.00472354
5 145 3 131 0.01500208
5 145 4 130 0.00417132
5 145 4 131 0.08600958
5 145 5 130 0.05220729
5 145 5 131 0.16657592
5 142 5 127 0.01310700
5 10 4 8 0.00159993
40 85 32 72 0.00612149
40 85 34 71 0.01194482
40 85 34 72 0.10708698
40 85 34 70 0.00070975
40 85 36 70 0.00192833
40 85 36 67 0.04213779
40 85 35 70 0.00330521
40 85 35 71 0.03212455
40 85 33 73 0.00273152
40 85 37 66 0.00063607
108 130 93 114 0.00074478
108 126 93 112 0.01014853
108 126 94 111 0.00223891
108 126 94 110 0.00129709
108 128 93 114 0.03262477
108 128 93 112 0.01158657
108 128 87 109 0.00905934
108 128 91 112 0.01430910
108 128 92 113 0.12536233
108 128 92 111 0.00383794
108 128 94 113 0.00410093
108 128 88 108 0.00162929
36 89 30 77 0.00279378
36 89 30 76 0.05945856
36 89 32 72 0.00555554
36 89 32 76 0.01066876
36 89 31 77 0.00280511
36 89 31 76 0.04490785
107 129 92 115 0.04072350
107 129 92 113 0.00854403
107 129 91 114 0.12632513
107 129 91 112 0.00369138
107 129 93 114 0.00675417
107 129 90 115 0.00057556
107 129 87 109 0.00136014
107 127 93 112 0.00091337
107 127 92 111 0.00078607
107 127 92 113 0.00723003
4 146 4 131 0.03076375
4 146 4 132 0.14375112
4 146 3 131 0.00055802
4 146 3 132 0.02880881
20 142 15 128 0.00052810
20 24 16 20 0.00185540
20 24 18 22 0.00447563
20 140 18 125 0.00050392
104 132 90 116 0.02036077
104 132 90 118 0.00364417
104 132 83 116 0.00817406
104 132 83 113 0.00155780
104 132 82 114 0.01037058
104 132 81 115 0.00252267
104 132 88 117 0.03233045
104 132 89 117 0.00948851
104 130 90 115 0.01471437
104 130 90 116 0.04657600
104 130 89 114 0.00153143
53 70 45 58 0.00380341
53 70 45 57 0.00083228
53 70 44 59 0.03076319
53 70 46 57 0.06115100
53 70 47 55 0.00479264
53 71 46 58 0.00148741
53 71 46 57 0.00336598
53 71 46 56 0.00262169
53 71 44 59 0.03872408
53 71 45 58 0.10181535
53 71 43 60 0.28657724
53 71 42 61 0.00583697
3 146 3 131 0.00299036
3 146 3 132 0.02551017
3 147 1 133 0.00097395
3 147 3 132 0.01589543
3 147 3 133 0.18848446
60 64 48 52 0.00133406
60 64 49 53 0.29702330
54 71 45 58 0.00191441
54 71 43 60 0.00677899
54 70 44 59 0.26323821
54 70 46 57 0.07666978
54 70 47 55 0.00167901
54 70 45 58 0.03794430
54 70 43 60 0.00437396
9 136 9 122 0.00379290
9 29 10 27 0.00900115
9 29 9 28 0.00588184
9 141 8 126 0.00198994
9 141 7 127 0.00428577
9 137 9 122 0.03541200
9 137 8 123 0.09102300
47 75 41 62 0.00180474
47 75 38 64 0.00137523
47 75 42 61 0.00069729
47 75 40 63 0.00466254
47 75 37 64 0.00480355
47 78 41 62 0.05057181
47 78 39 65 0.00754809
47 78 38 66 0.00547735
47 78 42 61 0.00313872
47 78 40 63 0.01073356
47 78 37 64 0.00124682
47 80 37 66 0.00321215
47 80 37 68 0.00168272
47 80 38 66 0.00225499
47 80 40 63 0.00077729
47 80 41 62 0.00418857
47 76 40 63 0.27077542
47 76 39 65 0.00091678
39 86 32 72 0.09675557
39 86 36 67 0.00142577
39 86 34 72 0.03792923
39 86 34 69 0.00066470
39 86 34 71 0.00281756
39 86 33 73 0.11569766
39 86 35 70 0.00072908
39 86 35 71 0.00361858
39 86 35 69 0.00075691
118 141 104 127 0.00140609
43 82 37 68 0.02482166
43 82 37 66 0.00514039
43 82 40 63 0.00171756
43 82 38 68 0.00198623
43 82 34 71 0.00498449
43 82 39 65 0.00108018
43 82 36 69 0.23630136
43 82 36 67 0.00405281
43 82 36 70 0.00443355
43 82 35 70 0.00246416
43 82 35 69 0.00503560
43 82 35 71 0.00570706
51 73 44 59 0.00364851
51 73 45 57 0.00118765
51 73 45 58 0.00729093
51 73 41 62 0.16586082
51 73 43 60 0.04585582
51 73 40 63 0.00433512
51 73 42 61 0.03516026
51 72 42 61 0.04549859
51 72 44 59 0.13350307
51 72 45 57 0.01798270
51 72 43 60 0.00364869
26 101 20 87 0.02092981
42 83 36 70 0.00541481
42 83 36 69 0.01019649
42 83 36 67 0.00303502
42 83 34 72 0.00180727
42 83 34 70 0.00105272
42 83 34 71 0.00181640
42 83 39 65 0.00101536
42 83 35 71 0.00362781
42 83 35 69 0.00670575
42 83 35 70 0.08595934
42 83 37 66 0.03433554
42 83 37 68 0.00283998
42 83 38 66 0.00071114
42 83 38 68 0.00052228
59 65 47 53 0.00114157
59 65 49 55 0.00777434
59 65 49 53 0.00532522
59 65 48 54 0.35523821
59 65 48 52 0.00082274
25 101 20 87 0.00061108
113 122 97 106 0.15846822
113 122 99 108 0.03709423
113 123 91 105 0.01286130
113 123 92 104 0.01032155
113 123 96 107 0.02765887
113 123 98 109 0.08742121
113 123 99 108 0.00270529
113 123 97 106 0.00445146
113 123 90 106 0.00470565
14 140 9 125 0.00079044
14 140 12 125 0.03753633
14 140 8 126 0.00154397
14 138 13 124 0.01075404
14 138 8 123 0.00080813
14 138 12 125 0.00113099
14 138 12 122 0.00227735
14 148 9 134 0.00134323
14 133 12 119 0.02436914
14 24 15 22 0.01272411
14 24 14 23 0.00793538
41 84 34 72 0.00231474
41 84 34 70 0.00984133
41 84 34 71 0.10977617
41 84 36 67 0.02246897
41 84 36 69 0.00133061
41 84 36 70 0.00533842
41 84 35 70 0.00715701
41 84 35 71 0.04416610
41 84 33 73 0.00345866
41 84 38 66 0.00065169
41 84 37 66 0.03130777
2 148 2 134 0.15641484
55 70 45 58 0.00101370
55 70 44 59 0.03215890
55 70 46 57 0.00393767
55 70 48 56 0.00201285
55 70 49 55 0.00166739
105 130 89 114 0.00349518
105 130 91 114 0.01512817
105 130 83 113 0.00063978
105 130 90 115 0.01214896
105 130 90 116 0.08600707
105 130 85 114 0.00078019
105 132 89 117 0.03196567
105 132 90 118 0.01544897
105 132 90 116 0.00420577
17 138 14 123 0.02298917
17 138 13 124 0.00273924
17 138 15 122 0.00106409
17 24 15 22 0.00084544
17 27 16 21 0.00069872
17 27 15 25 0.00286538
17 27 15 22 0.05813611
17 27 17 26 0.00345119
17 27 17 23 0.00153795
17 27 14 23 0.03692916
17 23 16 21 0.00092946
17 135 15 122 0.00053592
17 135 11 120 0.00259295
17 135 16 121 0.00354502
17 142 15 128 0.04212925
17 22 16 21 0.00959845
28 98 24 82 0.03419770
28 98 23 83 0.08552263
28 98 20 87 0.00060258
28 98 22 84 0.04457879
115 120 101 106 0.01757060
33 92 29 78 0.00159311
33 93 24 82 0.00959081
33 93 25 81 0.00057215
33 93 29 78 0.00818609
33 93 26 80 0.01266980
101 134 79 118 0.02159905
101 134 80 116 0.00457836
101 134 78 119 0.00087510
101 134 81 118 0.00833641
101 134 81 115 0.00154549
101 134 86 120 0.06670467
101 134 84 118 0.00544902
101 132 86 117 0.00063691
101 132 85 117 0.00923123
31 95 23 83 0.00144160
31 95 24 82 0.01375828
31 95 25 81 0.20046196
31 95 26 80 0.12311579
31 95 22 84 0.00615326
23 137 20 123 0.00083583
23 137 21 122 0.00546730
100 135 85 121 0.12176967
100 135 79 118 0.00167283
100 135 80 119 0.00740554
100 135 80 116 0.00243690
100 135 78 119 0.02424341
100 135 86 120 0.07856567
100 135 83 119 0.00453429
100 135 77 120 0.00109149
100 108 85 94 0.13410648
100 133 85 117 0.00120146
100 133 84 118 0.01211563
100 133 86 117 0.00075693
57 67 46 56 0.18489997
57 67 46 57 0.00152573
57 67 47 55 0.00822408
57 67 49 55 0.00148363
57 67 48 57 0.00161347
57 67 48 56 0.02936632
57 67 48 54 0.00667713
57 67 50 55 0.00058359
29 97 25 81 0.04298447
29 97 24 82 0.04151745
29 97 23 83 0.20903370
29 97 22 84 0.01207254
13 146 11 132 0.09068203
13 141 7 127 0.00060935
13 141 8 126 0.00064147
13 25 11 20 0.01784847
13 25 14 23 0.01454851
13 134 11 120 0.00997082
13 134 12 119 0.00093890
16 146 11 132 0.00080519
16 139 14 123 0.00157586
16 139 10 124 0.00065314
16 139 13 124 0.00304657
16 139 12 125 0.00139268
110 126 87 109 0.00492226
110 126 90 106 0.00156948
110 126 93 112 0.00100199
110 126 94 110 0.07515793
110 126 94 111 0.08450475
110 126 88 108 0.02509076
110 126 92 110 0.00070266
110 126 89 107 0.01265788
126 133 112 119 0.04384286
116 120 101 106 0.01838790
116 120 95 101 0.00078325
114 122 98 107 0.00063573
114 122 97 106 0.02763336
114 122 99 108 0.04359624
114 122 100 107 0.00222211
114 122 91 105 0.00449857
114 122 92 104 0.01052482
114 121 100 107 0.02120012
114 121 98 105 0.07692025
96 137 81 123 0.00224131
96 137 83 123 0.00219210
96 137 80 122 0.00212504
12 147 10 133 0.02395708
12 26 12 25 0.00945793
12 26 11 20 0.00395090
12 26 10 21 0.00671903
12 139 12 125 0.00051175
12 139 10 124 0.01964138
12 139 9 125 0.00470292
8 137 8 123 0.03878233
52 71 43 60 0.03913591
52 71 45 58 0.11251548
52 71 46 56 0.01589194
52 71 44 59 0.00352803
52 72 42 61 0.24941968
52 72 45 58 0.00429337
52 72 45 57 0.00313813
52 72 41 62 0.00485648
52 72 43 60 0.03872185
52 72 44 59 0.08906093
124 135 110 121 0.09665212
112 124 89 107 0.00353376
112 124 98 109 0.00351979
112 124 95 108 0.03318177
112 124 97 110 0.16524602
112 124 91 105 0.00870807
112 124 92 104 0.00158830
112 124 96 108 0.02617637
112 124 96 107 0.00460796
112 124 90 106 0.02041345
112 123 96 107 0.12773437
112 123 96 108 0.00388210
112 123 98 109 0.03297082
22 132 19 118 0.00435025
22 132 18 118 0.00324580
11 140 9 125 0.02592175
11 140 8 126 0.00275678
11 27 10 21 0.00638950
11 27 9 22 0.02970707
11 27 12 25 0.00874173
11 148 9 134 0.08900264
11 135 11 120 0.02840507
11 135 10 121 0.02605193
98 135 82 120 0.01538345
98 135 83 119 0.00222176
98 135 85 121 0.00207175
98 138 82 124 0.00105807
98 138 83 123 0.00196639
98 110 83 96 0.12098915
98 110 84 95 0.02966792
37 89 31 76 0.03158480
37 89 33 75 0.00141394
37 89 30 76 0.00287880
37 89 32 76 0.00503300
37 88 31 76 0.00450256
37 88 30 77 0.00064794
37 88 32 76 0.00293004
37 88 33 75 0.00229551
37 88 33 73 0.00309988
18 134 16 121 0.00183492
18 134 18 119 0.00083955
18 134 12 119 0.00338809
18 26 16 21 0.06769583
18 26 16 20 0.01025353
18 26 15 22 0.04082344
18 26 18 25 0.00323450
18 26 18 22 0.00126709
18 137 14 123 0.00364390
18 137 16 121 0.00502179
18 137 12 122 0.01515550
18 137 15 122 0.03622433
97 111 82 97 0.05405071
97 111 83 96 0.04738291
97 136 84 122 0.00227709
30 96 23 83 0.01563861
30 96 24 82 0.07389013
30 96 25 81 0.12504968
30 96 22 84 0.00136913
30 96 26 80 0.04152219
30 97 25 81 0.00102875
125 134 111 120 0.04702655
