108 108 0.74404771
56 56 0.86783116
86 86 0.60973235
136 136 0.39134400
136 135 0.00145787
83 83 0.63902096
62 62 0.56401876
89 89 0.78522358
76 76 0.87509808
76 77 0.00086207
80 80 0.58691331
152 152 0.49034687
102 102 0.77795577
88 88 0.96529174
160 160 0.23811266
143 143 0.60759843
113 113 0.76060832
139 139 0.76240695
38 38 0.74917064
58 58 0.55948310
90 90 0.67852186
112 112 0.57000333
60 60 0.61839344
144 144 0.51770356
144 145 0.00083154
96 96 0.81797456
120 120 0.82112884
4 4 0.56730424
43 43 0.65036078
28 29 0.05191560
28 28 0.10515965
35 35 0.84095071
107 107 0.77509248
73 73 0.76332194
104 104 0.74531921
21 21 0.15581142
21 22 0.15729197
97 97 0.82573617
9 10 0.00171384
9 9 0.25162341
145 145 0.33957757
145 146 0.01268703
78 78 0.91092813
127 127 0.46799546
159 159 0.58425549
67 67 0.55865505
59 59 0.60876391
61 61 0.53103100
24 24 0.16088868
24 25 0.04174620
146 147 0.00762262
146 146 0.96833421
11 12 0.00133167
11 11 0.24315182
36 36 0.70766067
47 47 0.58881209
63 63 0.58997678
37 37 0.55029635
22 22 0.02497228
22 23 0.22130247
74 74 0.92955569
142 143 0.00296047
142 142 0.44688612
157 157 0.38247227
137 137 0.38718413
137 136 0.00132448
95 95 0.83904521
149 149 0.44420521
134 135 0.00091626
134 133 0.00129686
134 134 0.80445137
7 8 0.00185948
7 7 0.58436058
55 55 0.53823557
69 69 0.51300307
77 78 0.00095484
77 77 0.93889298
151 151 0.28774598
51 51 0.58478993
85 85 0.55308873
30 31 0.00161574
30 30 0.54159436
140 140 0.50370169
122 122 0.70478153
118 118 0.72317086
82 82 0.50190153
98 98 0.82960183
18 17 0.00261273
18 19 0.07076121
18 18 0.90450574
16 15 0.00065291
16 17 0.00947187
16 16 0.96647195
40 40 0.47805426
138 137 0.00113726
138 138 0.25970639
79 79 0.48981686
33 33 0.57632221
53 53 0.58293612
1 1 0.44725516
129 129 0.62749304
2 2 0.40975301
68 68 0.51877668
101 101 0.70270072
155 155 0.47452380
111 111 0.82300070
50 50 0.58916869
66 66 0.88962123
29 30 0.00899927
29 29 0.48003199
148 148 0.90321403
148 149 0.00096574
147 147 0.96495589
147 148 0.00673027
65 65 0.85074783
114 114 0.66677728
119 119 0.65671797
131 131 0.74122840
131 132 0.00071123
94 94 0.65725467
106 106 0.70456155
84 84 0.57837330
44 44 0.48030518
52 52 0.58045175
26 27 0.03986687
26 26 0.10113326
49 49 0.61210217
5 5 0.49660088
27 27 0.12156012
27 28 0.15976770
133 133 0.80470663
133 134 0.00110448
158 158 0.64164014
141 141 0.41042732
135 134 0.00160027
135 135 0.11517032
81 81 0.57869072
45 45 0.48400835
103 103 0.78354718
93 93 0.64891439
46 46 0.43597667
25 25 0.26613609
25 26 0.01020254
121 121 0.58295426
150 150 0.47291459
92 92 0.64960708
57 57 0.68152547
126 126 0.58710268
6 6 0.43618848
154 154 0.24193852
132 132 0.80625941
132 133 0.00101081
153 153 0.55155484
125 125 0.64137237
91 91 0.62580383
14 14 0.24905179
14 15 0.00111436
48 48 0.52603603
117 117 0.66789111
115 115 0.65158408
19 19 0.53772948
19 20 0.23108623
19 18 0.00237015
128 128 0.62958896
130 130 0.87813321
130 131 0.00055369
10 10 0.22833757
10 11 0.00133005
8 8 0.29319766
8 9 0.00194081
116 116 0.70366681
23 24 0.00581640
23 23 0.03067932
123 123 0.62076377
72 72 0.55400934
54 54 0.69053051
100 100 0.83569264
42 42 0.86180338
99 99 0.79735429
64 64 0.83288133
87 87 0.61830944
32 32 0.49186417
70 70 0.62217756
71 71 0.68905205
41 41 0.87585117
39 39 0.59281130
13 13 0.28415624
31 31 0.62240780
31 32 0.00091346
34 34 0.77708791
110 110 0.74302159
17 17 0.93425982
17 16 0.00105970
17 18 0.04003493
12 12 0.06942635
109 109 0.56385393
124 124 0.55980857
20 20 0.37021064
20 21 0.60774222
156 156 0.85735727
3 3 0.46735589
3 5 0.00124480
75 75 0.90636720
15 16 0.00520200
15 15 0.74020714
105 105 0.70125988
