140 140 0.72763109
122 122 0.50390538
30 30 0.54044794
30 29 0.00353795
85 85 0.69132134
77 77 0.83876082
77 76 0.00073991
151 151 0.70173552
51 51 0.70359958
7 7 0.54196040
7 5 0.00055806
69 69 0.44801158
55 55 0.74894214
134 133 0.00144645
134 134 0.78196065
134 135 0.00492170
149 149 0.67960454
95 95 0.83023927
138 138 0.53140834
138 139 0.00112239
79 79 0.84383626
40 40 0.50555796
18 18 0.90835426
18 19 0.00225062
18 17 0.02971247
16 15 0.00402493
16 17 0.00110039
16 16 0.95594900
118 118 0.60110579
82 82 0.51024895
98 98 0.76010606
24 23 0.00327092
24 24 0.32335278
59 59 0.69524830
61 61 0.60929521
67 67 0.49427038
159 159 0.75128333
157 157 0.53211484
137 137 0.66810656
137 138 0.00350779
142 142 0.62741803
74 74 0.80483764
37 37 0.56908717
22 22 0.19655019
22 21 0.10715952
47 47 0.75633015
63 63 0.68293576
36 36 0.74750303
11 10 0.00299465
11 12 0.00091063
11 11 0.46071184
146 146 0.98396806
112 112 0.67827177
60 60 0.74136810
139 139 0.87114136
139 140 0.00064505
38 38 0.74684095
58 58 0.65794703
90 90 0.75065359
113 113 0.72110966
143 143 0.80248720
88 88 0.93165341
160 160 0.38337714
127 127 0.31441538
78 77 0.00097016
78 78 0.89351789
97 97 0.76916246
9 8 0.00317172
9 9 0.40641638
9 10 0.00052557
145 145 0.55144533
107 107 0.82350029
35 35 0.83398964
104 104 0.70252257
73 73 0.72121597
21 20 0.46081179
21 19 0.00111792
21 21 0.38580343
28 28 0.32231507
28 27 0.08553299
4 4 0.31076028
43 43 0.82911122
96 96 0.87072552
120 120 0.81440156
144 144 0.74701855
62 62 0.64545327
83 83 0.93013442
136 136 0.63992817
136 137 0.00574418
136 135 0.00072299
86 86 0.92021174
108 108 0.76957065
56 56 0.76644164
102 102 0.84157631
80 80 0.71535575
152 152 0.68658586
76 76 0.64923657
89 89 0.94004808
39 39 0.66871690
41 41 0.78571661
71 71 0.69380573
87 87 0.93025423
70 70 0.58362902
32 32 0.60927542
32 31 0.00092355
64 64 0.64947915
15 15 0.75900045
15 14 0.00106109
15 16 0.00074840
105 105 0.62107450
156 156 0.91416001
3 3 0.51349021
75 75 0.75257437
109 109 0.75291183
124 124 0.48101563
20 20 0.50400759
20 19 0.18275707
12 12 0.31259054
12 11 0.00277288
12 13 0.00064123
17 16 0.00710831
17 18 0.00233972
17 17 0.93194121
110 110 0.87790540
34 34 0.79243024
13 13 0.17587622
13 12 0.00097722
31 31 0.78559907
31 30 0.00090815
115 115 0.64768785
117 117 0.63684349
48 48 0.71803885
125 125 0.39736209
91 91 0.68519548
14 13 0.00054012
14 14 0.36306503
153 153 0.67342297
132 133 0.00105337
132 132 0.82084254
132 131 0.00078547
6 4 0.00088486
6 6 0.27513588
154 154 0.83815471
92 92 0.73644095
57 57 0.60289782
126 126 0.45378682
42 42 0.74033822
99 99 0.69175053
72 72 0.74044161
54 54 0.85513391
100 100 0.81961576
23 22 0.01982065
23 23 0.15071182
123 123 0.61525602
116 116 0.71139584
8 7 0.00233283
8 8 0.41544508
128 128 0.70801616
130 130 0.79399377
10 9 0.00319278
10 10 0.38861016
10 11 0.00094022
19 18 0.05267099
19 19 0.63391730
135 136 0.00795433
135 135 0.32246643
135 134 0.00165392
141 141 0.89660638
133 133 0.73680417
133 132 0.00119746
133 134 0.00385328
158 158 0.79191004
27 27 0.35064728
27 26 0.02549774
49 49 0.69444575
26 25 0.01259752
26 26 0.36520713
5 3 0.00164058
5 5 0.33577866
44 44 0.61454717
52 52 0.70299230
84 84 0.76030696
150 150 0.72824087
121 121 0.48534609
93 93 0.47924131
103 103 0.83740458
25 25 0.41759043
25 24 0.04630030
46 46 0.46412466
81 81 0.79420024
45 45 0.69784790
68 68 0.46675849
129 129 0.66373772
2 2 0.31566113
1 1 0.34425634
33 33 0.66240592
53 53 0.70620351
94 94 0.81162161
94 93 0.00056023
106 106 0.73222330
119 119 0.67929725
131 132 0.00057634
131 131 0.79143273
114 114 0.64649605
147 147 0.97552913
65 65 0.69931211
148 148 0.92729820
50 50 0.73668266
29 29 0.51351987
29 28 0.01702529
66 66 0.76641874
111 111 0.80151437
101 101 0.72589512
155 155 0.72049347
