116 135 0.33832100
116 136 0.00206303
116 131 0.00108795
116 129 0.00058083
116 133 0.01044250
116 137 0.02225890
116 128 0.04387530
116 130 0.00758986
116 134 0.01944470
116 132 0.00413283
32 32 0.18176200
91 105 0.19876700
91 104 0.01642080
65 68 0.27251100
65 70 0.00131201
65 77 0.00129543
65 72 0.00542564
65 69 0.00098630
38 38 0.98966300
106 120 0.01502680
106 122 0.03624710
106 119 0.07572660
106 125 0.15538100
106 118 0.00288080
106 123 0.21438800
106 124 0.27024200
106 121 0.19483300
106 127 0.00186056
107 123 0.03561320
107 121 0.01699090
107 124 0.21389700
107 126 0.42069200
107 128 0.00186823
107 120 0.06543920
107 122 0.07363530
107 119 0.00634704
107 125 0.13194400
17 17 0.50912200
17 16 0.44291500
37 37 0.98940800
27 27 0.05190800
97 115 0.00723459
97 114 0.00197509
97 110 0.18447100
97 118 0.00087847
97 112 0.00129626
97 111 0.14984100
34 34 0.98985800
52 54 0.01356490
52 56 0.00103600
52 52 0.00085230
52 55 0.80227200
52 53 0.03676730
35 35 0.98987300
79 88 0.00271665
79 90 0.02109950
79 89 0.01290010
79 92 0.56486100
79 82 0.00422743
79 87 0.01260610
79 91 0.07022470
79 83 0.00077609
79 86 0.00313115
79 84 0.00183034
79 85 0.00943262
79 93 0.24192400
39 39 0.99001400
7 7 0.00856594
7 6 0.19786500
96 110 0.37755200
96 113 0.00055501
96 109 0.28937700
96 111 0.00070308
96 114 0.00170252
22 23 0.00064285
22 21 0.02745840
22 22 0.90392900
102 123 0.00147753
102 118 0.10487400
102 117 0.13902200
102 121 0.04839740
102 120 0.08672730
102 116 0.12635800
102 115 0.11681500
102 119 0.22615000
63 66 0.04526210
50 53 0.24711600
50 52 0.04624310
50 51 0.67059600
50 50 0.00993504
50 54 0.00815717
26 26 0.07649540
26 25 0.00336572
67 80 0.00061071
67 77 0.00492183
67 81 0.00328853
67 75 0.02944590
67 72 0.01729140
67 74 0.01724710
67 79 0.00510156
67 73 0.00820187
67 78 0.00141315
67 71 0.00203304
67 76 0.00090049
67 70 0.90067300
126 145 0.70767000
126 138 0.00885469
126 141 0.00058369
126 143 0.00402866
126 140 0.00484996
126 146 0.09964380
126 142 0.03565090
126 147 0.04186410
126 144 0.01522980
126 139 0.00197041
11 11 0.22603600
11 10 0.20312200
85 98 0.11847400
85 99 0.44460400
58 61 0.99432400
81 89 0.00081498
81 95 0.32060300
81 92 0.00242306
81 87 0.00207800
81 94 0.04968170
81 93 0.01618000
95 109 0.06836660
95 108 0.00850733
124 144 0.01036780
124 139 0.00261472
124 140 0.01524240
124 142 0.00163249
124 136 0.03319990
124 143 0.42185500
124 141 0.00227520
124 145 0.03194880
124 137 0.00063816
124 138 0.00350768
9 8 0.19876100
9 9 0.01642250
41 41 0.10411600
41 42 0.00092366
44 45 0.02455230
44 44 0.02135600
109 128 0.65040200
109 130 0.00245121
109 126 0.11407900
109 125 0.02461550
109 122 0.00802549
109 123 0.01241430
109 127 0.03314210
109 121 0.00976940
109 124 0.00285096
71 74 0.42546900
71 81 0.04058020
71 75 0.01171050
71 84 0.00602234
71 85 0.01394990
71 77 0.03151510
71 83 0.00837526
71 80 0.01014470
71 82 0.00636226
71 76 0.05756190
71 79 0.05933600
71 78 0.01998670
3 2 0.00699054
3 3 0.57334700
4 4 0.52374800
4 3 0.03575650
87 101 0.47191300
87 100 0.51249000
74 87 0.07614410
74 83 0.02431980
74 77 0.12502100
74 80 0.13133300
74 86 0.01633720
74 84 0.09044690
74 85 0.10642600
74 81 0.02687780
74 78 0.01827330
74 88 0.04736280
74 79 0.23154300
74 76 0.00175058
74 82 0.05933260
128 141 0.00140376
128 148 0.04546950
128 149 0.01194560
128 147 0.11471800
128 144 0.04732100
128 142 0.00077194
128 146 0.00558534
75 77 0.00218366
75 83 0.07818730
75 80 0.09074840
75 86 0.11332400
75 87 0.03838130
75 81 0.24669200
75 84 0.01717990
75 85 0.06160670
75 79 0.01918470
75 89 0.04824470
75 78 0.05012040
75 88 0.17105600
75 82 0.01753980
78 89 0.01182790
78 90 0.17883200
78 88 0.01676290
78 82 0.00529054
78 92 0.12217100
78 86 0.00895007
78 83 0.01482460
78 91 0.42446800
78 87 0.00484224
78 81 0.00816009
78 85 0.00453351
78 84 0.05947270
108 125 0.13207200
108 122 0.01371140
108 120 0.00911922
108 126 0.05022080
108 121 0.04267980
108 127 0.65096400
108 124 0.03617580
108 123 0.01181530
108 129 0.00191502
111 129 0.00413749
111 123 0.02890100
111 131 0.00371113
111 124 0.00121404
111 132 0.00506246
111 130 0.57462600
111 128 0.06106360
111 125 0.00065309
89 102 0.22998000
89 103 0.20238300
51 53 0.01881340
51 52 0.37813100
51 51 0.00507809
51 55 0.00262778
51 54 0.48251500
43 43 0.01461730
43 44 0.00372306
100 117 0.18881600
100 121 0.00138810
100 113 0.13805200
100 118 0.15358900
100 114 0.33348900
100 119 0.03090570
100 116 0.02057760
100 115 0.11557200
16 16 0.50329100
16 17 0.00338672
16 15 0.47578200
49 50 0.02974590
49 53 0.00290636
49 49 0.01542550
49 51 0.00493403
49 52 0.02799270
59 62 0.99435100
105 117 0.00210541
105 121 0.01778200
105 124 0.09408130
105 123 0.11275900
105 118 0.08066660
105 122 0.01815240
105 119 0.01622790
105 126 0.00182902
105 120 0.01183470
139 156 0.00069505
139 157 0.00094128
139 160 0.92729200
139 159 0.06042140
139 158 0.00712815
139 155 0.00232378
29 29 0.01832610
15 16 0.00596898
15 14 0.47800100
15 15 0.50514500
1 1 0.32415800
137 151 0.00116248
137 155 0.00807392
137 158 0.18187700
137 159 0.00070058
137 154 0.00537395
137 157 0.06047140
137 156 0.01023250
137 150 0.00256778
137 153 0.01226650
14 14 0.50094800
14 15 0.00534145
14 13 0.06971450
125 138 0.00130022
125 137 0.01424450
125 145 0.01616100
125 141 0.03307460
125 143 0.00324330
125 146 0.03491650
125 142 0.00386205
125 140 0.00090909
125 139 0.00375535
125 144 0.65978000
54 57 0.24501500
54 55 0.02521150
54 56 0.00276500
133 151 0.04006630
133 152 0.12479100
133 155 0.00157691
133 154 0.06038430
133 149 0.02977440
133 147 0.00297445
133 146 0.00452108
133 150 0.00058243
133 153 0.70573500
80 93 0.40349000
80 86 0.00343111
80 83 0.00057656
80 91 0.00606648
80 94 0.10356800
80 87 0.00188020
80 92 0.04278510
80 89 0.00205078
80 90 0.00186400
80 88 0.00192460
138 158 0.43222500
138 159 0.49734900
138 155 0.00254671
138 152 0.00055664
138 151 0.00101027
138 160 0.00070585
138 156 0.00534172
138 157 0.03059850
138 154 0.01091350
60 63 0.99438500
23 23 0.11989400
23 22 0.00186356
42 42 0.01559810
42 43 0.00754572
99 113 0.40028000
99 118 0.01583840
99 112 0.15931400
99 117 0.12854000
99 120 0.00168157
99 116 0.16613000
99 115 0.01076760
99 114 0.11484000
72 83 0.01088040
72 77 0.08022510
72 86 0.02239030
72 80 0.06956320
72 84 0.00584809
72 85 0.01203470
72 74 0.00062024
72 81 0.01394400
72 75 0.58144600
72 78 0.06849610
72 79 0.01916270
72 76 0.00954210
72 82 0.06166180
93 107 0.19799900
93 106 0.00848718
134 150 0.02842550
134 153 0.09088020
134 154 0.73507000
134 156 0.00134624
134 147 0.00429590
134 152 0.03448400
134 155 0.07211550
134 151 0.00062195
134 148 0.00298018
47 50 0.00969606
47 47 0.02183990
47 48 0.91328700
73 75 0.00131588
73 81 0.05955670
73 85 0.00813385
73 84 0.04072480
73 86 0.04337640
73 80 0.04732700
73 83 0.06985810
73 77 0.01673880
73 87 0.04184660
73 82 0.04266520
73 76 0.25374700
73 79 0.09000970
73 78 0.24044600
121 137 0.00503535
121 133 0.00907871
121 138 0.00202715
121 141 0.07925850
121 142 0.02404300
121 140 0.74644200
121 135 0.00209518
121 136 0.00074539
121 139 0.00525485
90 103 0.05836180
90 104 0.00844757
31 31 0.10500800
68 79 0.00050779
68 73 0.02663740
68 78 0.01067020
68 82 0.00585969
68 71 0.22561800
68 76 0.03217180
68 80 0.00870609
68 72 0.00199216
68 75 0.02434620
68 74 0.00412959
55 56 0.00441485
55 58 0.14511600
13 14 0.00058030
13 13 0.50431700
13 12 0.48470900
113 132 0.74295700
113 130 0.06366020
113 134 0.01366570
113 125 0.02976470
113 133 0.00424048
113 129 0.00131678
113 131 0.05092430
123 138 0.00207316
123 137 0.00164899
123 141 0.00194039
123 143 0.08556150
123 135 0.04056520
123 136 0.00072821
123 142 0.38544800
123 140 0.00207939
123 139 0.01061460
123 144 0.01913290
129 147 0.03610870
129 149 0.14919400
129 142 0.00061565
129 146 0.00050732
129 150 0.04924140
129 148 0.64136200
129 145 0.01376230
28 28 0.04610490
83 96 0.01051110
83 97 0.01809940
77 82 0.01689340
77 89 0.01477600
77 90 0.40186800
77 88 0.09400330
77 81 0.01545530
77 85 0.00807738
77 84 0.00300465
77 86 0.00269022
77 80 0.00952976
77 83 0.15950800
77 91 0.06317270
77 87 0.01233880
21 21 0.66224400
21 20 0.01194380
69 78 0.00068760
69 73 0.00161126
69 79 0.01292270
69 76 0.02361420
69 77 0.04669460
69 83 0.00699166
69 80 0.00055293
69 74 0.02786730
69 81 0.01008080
69 75 0.00396950
69 72 0.85359400
132 148 0.04758790
132 151 0.29745200
132 145 0.00639753
132 152 0.51063500
132 154 0.00137884
132 149 0.00144892
132 150 0.03912280
132 146 0.00556970
132 153 0.05532520
61 64 0.99437000
104 117 0.08232580
104 121 0.16957800
104 124 0.00083110
104 123 0.06849510
104 118 0.02399420
104 119 0.13424600
104 125 0.00158460
104 122 0.25335800
104 116 0.00135871
104 120 0.02319290
130 151 0.04940230
130 148 0.03710060
130 143 0.00100069
130 146 0.00761403
130 150 0.30100100
130 147 0.00104852
130 149 0.49850900
88 102 0.21698300
88 101 0.51137500
33 33 0.99003400
36 36 0.98950300
57 60 0.04539870
6 6 0.00754845
6 5 0.05239840
40 40 0.18155200
101 119 0.16993500
101 114 0.12202500
101 122 0.00138471
101 115 0.29657900
101 116 0.09889680
101 120 0.00211806
101 117 0.03129550
101 118 0.22663400
46 47 0.89920600
46 49 0.00731009
46 46 0.04018530
86 99 0.51394200
86 100 0.46900500
10 9 0.00853173
10 10 0.05650910
18 18 0.01133710
18 17 0.01791730
56 57 0.00118799
56 59 0.04449880
117 137 0.00399844
117 133 0.00479240
117 138 0.02352600
117 134 0.00298480
117 130 0.00139484
117 135 0.02982610
117 136 0.69633200
117 129 0.06051930
117 131 0.00713941
98 117 0.00111716
98 111 0.18533600
98 112 0.03500930
98 113 0.00955854
98 114 0.00118078
98 119 0.00110296
98 116 0.01325580
98 115 0.01874440
30 30 0.02310250
92 106 0.00991819
92 105 0.05470570
110 122 0.02636230
110 125 0.00204603
110 126 0.00178700
110 128 0.00410238
110 127 0.00435490
110 124 0.00136633
110 123 0.00227943
110 129 0.05523230
110 131 0.00331919
70 76 0.00913127
70 82 0.01081540
70 73 0.79640300
70 78 0.05650190
70 79 0.00189910
70 84 0.00786144
70 81 0.00146122
70 75 0.05429680
70 74 0.00300910
70 80 0.02859780
70 83 0.00127452
70 77 0.01743720
103 118 0.19705500
103 124 0.00147315
103 117 0.05251580
103 121 0.17541900
103 120 0.13196100
103 115 0.00061099
103 122 0.05069540
103 116 0.09209000
103 119 0.07564750
82 88 0.00143413
82 95 0.55492900
82 96 0.04034640
82 94 0.00455147
82 93 0.00061104
94 108 0.05442170
94 107 0.00696330
62 65 0.04543210
84 97 0.53620800
84 98 0.02428480
112 125 0.00069589
112 133 0.00586473
112 132 0.00401382
112 130 0.03013830
112 128 0.00160120
112 124 0.02928700
112 129 0.00355907
112 131 0.68357300
64 67 0.14929200
25 25 0.96198200
25 24 0.01357550
53 54 0.01822770
53 56 0.05594410
53 55 0.00234993
24 23 0.02814450
24 24 0.94795000
131 149 0.03718950
131 144 0.00207967
131 147 0.04375610
131 150 0.48055300
131 148 0.00148919
131 151 0.32651700
131 145 0.00315397
131 152 0.05030420
122 138 0.00596767
122 137 0.00108704
122 134 0.01269190
122 141 0.70330700
122 143 0.01911040
122 136 0.00171163
122 142 0.08244990
122 140 0.00236075
122 139 0.00200348
115 129 0.00578046
115 131 0.00232898
115 135 0.01063910
115 136 0.02216490
115 127 0.03312530
115 132 0.01823750
115 128 0.00055863
115 134 0.67357200
115 133 0.05103610
8 8 0.05474470
8 7 0.00990499
114 130 0.00137653
114 134 0.00667115
114 126 0.03025040
114 132 0.05586110
114 133 0.75754300
114 131 0.03599810
114 135 0.01846580
66 76 0.00085269
66 70 0.00095761
66 71 0.00479705
66 73 0.01382490
66 78 0.00348471
66 69 0.10171600
66 75 0.00093863
66 72 0.00180792
66 74 0.00434177
66 80 0.00200053
119 133 0.00668428
119 138 0.78031800
119 137 0.01094170
119 132 0.00380717
119 135 0.00448356
119 136 0.00207925
119 140 0.02552610
119 131 0.05798190
119 139 0.04058660
45 48 0.00284656
45 45 0.10085800
45 46 0.84284800
2 1 0.00180105
2 2 0.33841800
120 141 0.02538310
120 132 0.04962920
120 134 0.00328467
120 137 0.00205490
120 138 0.00808565
120 133 0.00067765
120 139 0.76319700
120 140 0.05921460
120 136 0.00467716
120 135 0.00055758
127 147 0.11778900
127 139 0.00178704
127 144 0.00090457
127 140 0.00209792
127 146 0.67848700
127 143 0.04513950
127 141 0.00107638
127 148 0.04615220
127 145 0.02683220
5 5 0.01477530
5 4 0.04976480
48 49 0.03600520
48 52 0.00064357
48 48 0.01882290
48 51 0.01995880
48 50 0.00311935
135 148 0.00381795
135 151 0.02176260
135 155 0.70223400
135 152 0.00163678
135 157 0.00112933
135 156 0.12023800
135 154 0.08430580
135 149 0.00271966
135 153 0.03220670
136 158 0.00091351
136 155 0.06796250
136 152 0.01637010
136 153 0.00230300
136 150 0.00260524
136 156 0.67494300
136 157 0.17209700
136 154 0.03061120
136 149 0.00302924
118 136 0.01701640
118 135 0.00205944
118 131 0.00266462
118 139 0.02444460
118 137 0.51052600
118 138 0.02110380
118 132 0.00710158
118 134 0.00424427
118 130 0.05928940
76 82 0.22947200
76 78 0.00156130
76 88 0.06478030
76 79 0.01686780
76 89 0.33669400
76 90 0.05191130
76 84 0.02108170
76 85 0.00622363
76 81 0.03299150
76 87 0.13481200
76 83 0.00679995
76 86 0.03076720
76 80 0.02223200
12 12 0.11491800
12 11 0.22724500
19 18 0.00855826
19 19 0.59405400
20 20 0.10624200
20 19 0.13653900
