25 25 0.80635300
25 26 0.16792000
31 31 0.82918100
31 32 0.06082450
142 148 0.00131261
142 143 0.00062236
142 146 0.17955400
142 144 0.12380700
142 145 0.61107600
144 148 0.18859300
144 146 0.00902068
144 147 0.57628000
144 150 0.00116890
7 6 0.02072350
7 7 0.88486900
24 24 0.80673400
24 25 0.16345100
53 54 0.01751660
53 52 0.00112850
53 56 0.03194160
53 53 0.83129500
53 55 0.03994230
98 100 0.02885760
98 103 0.02060620
98 102 0.47723900
98 101 0.45648200
21 21 0.12573300
21 22 0.16419800
32 33 0.05521360
32 32 0.86117000
14 14 0.62729500
14 13 0.00606410
14 15 0.28114000
63 66 0.21834500
63 65 0.34482500
63 63 0.00232952
63 64 0.00292868
63 62 0.00160478
151 156 0.00294726
151 154 0.43504500
151 155 0.20004300
151 153 0.00522058
33 34 0.01891830
33 33 0.86675300
102 107 0.04970870
102 106 0.30440100
102 104 0.03599530
102 105 0.39977600
94 96 0.01783510
94 99 0.00060158
94 98 0.04641070
94 97 0.71242800
135 138 0.13721500
135 140 0.00053998
135 137 0.00085675
135 141 0.00082592
71 74 0.79818700
71 73 0.00071186
71 70 0.00178682
71 72 0.00123163
117 120 0.91984500
117 122 0.00201383
125 128 0.98377700
125 127 0.00121980
148 150 0.07518170
148 152 0.04918990
148 151 0.54248600
28 28 0.16714200
28 29 0.12399500
67 66 0.00176981
67 68 0.00196781
67 69 0.00627564
67 70 0.96884500
145 151 0.00092685
145 147 0.07528780
145 148 0.55165000
145 149 0.21188400
54 53 0.00067938
54 57 0.03543300
54 55 0.04476820
54 56 0.06063470
54 54 0.78021100
65 64 0.00165821
65 67 0.04392770
65 68 0.93085900
65 66 0.00213479
115 118 0.91358500
115 120 0.00137405
156 159 0.88203500
156 158 0.03046890
75 74 0.00177127
75 79 0.00442367
75 77 0.01101150
75 78 0.90100600
75 76 0.00165072
47 50 0.00118186
47 49 0.00095676
47 47 0.91845500
47 48 0.00143455
134 137 0.97020500
134 139 0.00051499
134 140 0.00107029
134 136 0.00091641
40 41 0.00418150
40 40 0.91747100
120 123 0.77787300
100 102 0.03621320
100 103 0.38379800
100 104 0.02565410
100 105 0.00198974
107 110 0.28578500
107 112 0.07031400
107 111 0.02483340
119 124 0.00187878
119 122 0.84431200
16 16 0.67957400
16 15 0.00113611
16 17 0.15151800
143 149 0.00125075
143 146 0.57982000
143 145 0.14513900
143 147 0.18566600
143 144 0.00073520
51 53 0.03115880
51 50 0.00100459
51 51 0.85090000
51 52 0.01132580
51 54 0.02739760
139 142 0.08819650
139 141 0.02234860
139 143 0.01036080
103 105 0.02022920
103 108 0.05408880
103 106 0.49728300
103 107 0.07962930
155 158 0.81200800
155 159 0.04683040
155 157 0.06102650
106 111 0.09486820
106 109 0.38374200
106 110 0.02571420
74 77 0.90387200
74 73 0.00177791
74 75 0.00147711
74 76 0.00885080
74 78 0.00248792
124 127 0.31969900
124 126 0.00072617
19 19 0.68094500
19 20 0.03167200
55 57 0.11221600
55 55 0.73094400
55 56 0.04155020
55 58 0.03525240
57 58 0.04683790
57 60 0.04049390
57 59 0.45024200
57 57 0.38402200
146 148 0.08132290
146 149 0.54944200
146 152 0.00063006
146 150 0.17671900
50 53 0.02509420
50 50 0.85303000
50 49 0.00066691
50 51 0.01171260
50 52 0.03077710
58 60 0.51016300
58 61 0.04781160
58 59 0.06151510
58 58 0.30204600
68 67 0.00176814
68 71 0.83588000
68 70 0.00196820
68 69 0.00161670
37 38 0.00599137
37 37 0.91494100
5 4 0.00059178
5 5 0.51542000
38 38 0.91591000
38 39 0.00505717
147 150 0.50800700
147 151 0.21411000
147 149 0.15083700
44 44 0.92087300
44 45 0.00081467
42 42 0.91853100
42 43 0.00222994
83 87 0.00143094
83 86 0.89747200
138 141 0.22451800
138 142 0.01147310
138 140 0.00553667
22 23 0.16287900
22 22 0.80652500
111 113 0.00077431
111 116 0.00564547
111 114 0.77609400
111 115 0.01010480
49 52 0.01507700
49 51 0.02119580
49 50 0.01719740
49 49 0.86784000
116 119 0.91639800
116 121 0.00136229
99 104 0.03106210
99 101 0.03407070
99 103 0.51039100
99 102 0.41031400
136 141 0.00050939
136 142 0.00083473
136 140 0.00116024
136 139 0.82743200
136 138 0.00166703
35 35 0.90876000
35 36 0.00759157
41 41 0.91749100
41 42 0.00323202
121 124 0.90929700
60 60 0.02259380
60 62 0.05022790
60 61 0.00543826
60 63 0.07803770
1 1 0.67209300
39 40 0.00421264
39 39 0.91655800
140 146 0.00125703
140 142 0.09421520
140 144 0.08843130
140 143 0.56115300
130 132 0.00176648
130 133 0.98205500
130 136 0.00186644
72 73 0.00123671
72 74 0.00082414
72 75 0.15284200
72 71 0.00179295
2 1 0.00809550
2 2 0.86258900
69 72 0.56718300
69 70 0.00129533
69 68 0.00177247
4 4 0.55819500
4 3 0.00786934
78 82 0.00523277
78 79 0.00132580
78 81 0.90580700
78 80 0.00263424
52 55 0.03135110
52 53 0.01428050
52 51 0.00116137
52 54 0.03655450
52 52 0.83841600
17 17 0.67857800
17 16 0.00106595
17 18 0.00809019
122 125 0.93784100
34 34 0.90310500
34 35 0.01326990
154 158 0.05902600
154 159 0.00131733
154 157 0.56951200
154 156 0.01416800
137 143 0.00052600
137 141 0.00809468
137 139 0.00286935
137 140 0.95169700
66 69 0.96450900
66 68 0.01062370
66 65 0.00173484
66 67 0.00194769
73 74 0.00126720
73 75 0.00154066
73 72 0.00179302
73 76 0.73629600
84 87 0.84662000
48 48 0.90516300
48 51 0.00817054
48 49 0.00316078
48 50 0.00539415
149 153 0.01943540
149 151 0.14477200
149 152 0.51997500
64 65 0.00180338
64 63 0.00166568
64 67 0.74170300
64 64 0.00147364
64 66 0.09421900
61 64 0.09123400
61 60 0.00066063
61 62 0.00375102
61 61 0.00634455
61 63 0.69943400
131 137 0.00175925
131 133 0.00196337
131 134 0.98216900
3 3 0.54460700
3 2 0.01611280
43 43 0.91977100
43 44 0.00112415
13 12 0.01301210
13 13 0.69486200
13 14 0.01012880
113 116 0.90761300
113 118 0.00296885
105 109 0.03146610
105 107 0.00070972
105 110 0.09653460
105 108 0.60919200
27 27 0.82287700
27 28 0.13955300
91 94 0.77747500
91 95 0.05849430
15 16 0.01198320
15 14 0.00274579
15 15 0.68528500
90 94 0.01246840
90 93 0.94108400
59 61 0.42289400
59 59 0.23792800
59 62 0.05065350
59 60 0.03000850
87 90 0.38513500
9 9 0.92423700
9 10 0.00528243
9 8 0.01704090
10 10 0.95939400
10 9 0.01397420
10 11 0.00979035
29 30 0.10840100
29 29 0.72014800
104 108 0.06134200
104 107 0.52978200
104 106 0.00458698
104 109 0.14659300
108 112 0.03407600
108 111 0.70234200
108 113 0.12332100
8 9 0.00078644
8 8 0.89509000
8 7 0.01729800
127 130 0.15659700
127 129 0.00063937
62 63 0.00403005
62 61 0.00113203
62 64 0.69199300
62 62 0.00327802
62 65 0.10303600
46 46 0.92040200
46 47 0.00123687
56 58 0.16564300
56 59 0.03474830
56 56 0.68300500
56 57 0.03656450
101 103 0.03816660
101 106 0.04498930
101 105 0.45310000
101 104 0.38343700
45 46 0.00083116
45 45 0.92105600
133 135 0.00084328
133 139 0.00107939
133 136 0.98348000
70 71 0.00124795
70 69 0.00177881
70 73 0.80088100
96 98 0.02276380
96 99 0.75653900
96 100 0.20433500
96 101 0.00414026
85 88 0.83336100
76 75 0.00169746
76 77 0.00261089
76 79 0.89929100
76 80 0.00630976
76 78 0.00896943
132 134 0.00093848
132 135 0.98341600
132 138 0.00108448
152 157 0.00236537
152 156 0.15774500
152 155 0.60709100
152 154 0.11695700
81 84 0.90721100
81 85 0.00599920
81 83 0.00099976
6 6 0.87239400
6 5 0.00113143
89 92 0.75113000
89 93 0.00192903
141 143 0.02274320
141 144 0.66876000
141 145 0.14261200
141 147 0.00130716
93 98 0.00054896
93 97 0.15220300
93 96 0.76245400
93 95 0.01565210
79 81 0.00184929
79 83 0.00483023
79 79 0.00052772
79 82 0.90693700
80 84 0.00492466
80 82 0.00107010
80 80 0.00063001
80 83 0.90819800
114 117 0.91092200
114 119 0.00158186
12 13 0.25986600
12 11 0.01020820
12 12 0.71541100
88 91 0.50919600
11 10 0.01054740
11 12 0.03880940
11 11 0.93363700
109 112 0.69900700
109 114 0.06042190
109 113 0.00555016
20 20 0.64882300
20 21 0.03180380
23 23 0.80703100
23 24 0.16317100
97 100 0.70718300
97 102 0.01245140
97 101 0.24016200
97 99 0.02342770
82 85 0.90667800
82 86 0.00744241
95 100 0.00168944
95 99 0.15327200
95 98 0.45844800
95 97 0.02017080
128 130 0.00141453
128 131 0.95466400
129 131 0.00172343
129 132 0.98242300
126 129 0.84875500
126 128 0.00144030
92 94 0.00245218
92 95 0.59565400
92 96 0.08049380
18 18 0.65997200
18 19 0.08158750
86 89 0.89300300
86 90 0.00376488
77 79 0.00846127
77 77 0.00057493
77 78 0.00250945
77 76 0.00053069
77 80 0.89947600
77 81 0.00592126
118 121 0.91990700
118 123 0.00187735
150 152 0.00840625
150 153 0.25999400
150 154 0.01361200
30 30 0.81444700
30 31 0.09270900
123 126 0.26765700
112 115 0.89114500
112 116 0.00161307
112 117 0.00431500
153 158 0.00517131
153 155 0.08935300
153 156 0.56956300
153 157 0.15370100
36 37 0.00670124
36 36 0.91433000
26 26 0.80874300
26 27 0.15372300
110 114 0.01551750
110 115 0.01319400
110 113 0.70604200
