30 63 30 63 0.98168400
6 19 6 19 0.07361660
6 72 6 72 0.04342830
6 25 6 25 0.00213773
99 103 99 103 0.02303330
98 104 98 104 0.02316330
74 100 74 100 0.29761900
109 117 109 117 0.52243900
109 117 108 117 0.00116967
29 64 29 64 0.36994800
84 126 84 126 0.00388217
84 90 84 90 0.89774400
40 54 40 54 0.01663560
40 55 40 55 0.24021700
40 51 40 51 0.00764695
34 52 34 52 0.16190900
34 49 34 49 0.07483340
103 117 103 117 0.04821660
44 50 44 50 0.29551600
44 51 44 51 0.00967698
69 105 69 105 0.44197100
69 111 69 111 0.02486860
87 121 87 121 0.01693400
72 102 72 102 0.32942700
8 17 8 17 0.22662200
8 70 8 70 0.03229130
8 128 8 128 0.01824710
8 23 8 23 0.00265126
111 115 111 115 0.31734000
5 20 5 20 0.61518800
81 119 81 119 0.02635560
81 93 81 93 0.21241800
81 99 81 99 0.01741350
97 105 97 105 0.02624270
38 54 38 54 0.07690010
38 57 38 57 0.28254800
38 48 38 48 0.24929900
3 22 3 22 0.02572320
31 56 31 56 0.00082371
31 62 31 62 0.46117700
102 118 102 118 0.02880110
93 110 93 110 0.00480634
36 51 35 51 0.00320902
36 58 35 58 0.00553741
79 121 79 121 0.11341900
79 101 79 101 0.00554452
77 123 77 123 0.11247900
77 98 77 98 0.54878900
24 67 24 67 0.30144600
35 52 34 52 0.00250332
35 59 34 59 0.00667163
85 123 85 123 0.00494333
67 114 67 114 0.03494480
67 107 67 107 0.07676940
41 54 41 54 0.25419100
41 50 41 50 0.00538266
25 68 25 68 0.07936690
25 66 25 66 0.26450400
89 119 89 119 0.00734777
73 101 73 101 0.32514000
27 64 27 64 0.13339700
70 104 70 104 0.23145400
70 110 70 110 0.00672612
43 50 43 50 0.05287150
43 51 43 51 0.18855100
91 112 91 112 0.00107438
12 67 12 67 0.02418550
12 112 12 112 0.00112563
12 126 12 126 0.03610430
12 124 12 124 0.01055730
22 70 22 70 0.00704242
22 71 22 71 0.00477703
22 68 22 68 0.14529400
37 50 36 50 0.00646803
92 111 92 111 0.00367874
86 92 86 92 0.00425385
86 122 86 122 0.00703699
11 125 11 125 0.02013320
11 68 11 68 0.04490460
11 113 11 113 0.00142723
95 107 95 107 0.01919920
13 66 13 66 0.03440970
13 111 13 111 0.00170409
13 123 13 123 0.01433180
13 125 13 125 0.04692110
21 69 21 69 0.27263300
110 116 110 116 0.23828800
80 120 80 120 0.02941310
80 100 80 100 0.01377020
39 56 39 56 0.21548400
39 44 39 44 0.01632790
39 46 39 46 0.03117510
39 47 39 47 0.10489600
39 53 39 53 0.07889500
88 120 88 120 0.00570699
108 118 107 118 0.00072438
71 103 71 103 0.23680700
71 109 71 109 0.00613809
101 119 101 119 0.01604470
64 117 64 117 0.02290740
105 115 105 115 0.01734500
65 116 65 116 0.01134350
42 51 42 51 0.25035400
104 116 104 116 0.01443830
10 126 10 126 0.01669450
96 106 96 106 0.19303400
23 67 23 67 0.06032090
78 97 78 97 0.26102200
78 122 78 122 0.03545830
66 115 66 115 0.01657530
26 67 26 67 0.05662510
26 65 26 65 0.21512900
7 71 7 71 0.03668510
7 24 7 24 0.01008760
33 60 33 60 0.98148000
83 127 83 127 0.02009020
83 91 83 91 0.73329300
32 61 32 61 0.46058500
32 55 32 55 0.00120878
14 124 14 124 0.03414640
14 110 14 110 0.00208631
14 65 14 65 0.02406300
