2 1 0.00061264
2 2 0.12302779
2 3 0.00073029
16 16 0.63297666
16 17 0.00771587
1 2 0.00102669
1 1 0.97558052
30 31 0.08952709
30 30 0.70602383
141 144 0.00529409
141 142 0.90974827
137 141 0.00097840
137 143 0.00594028
137 138 0.36717716
137 140 0.00286362
143 144 0.74937380
61 64 0.00323842
61 66 0.00068635
61 61 0.01309338
61 65 0.04546653
61 62 0.28488545
74 79 0.01297748
74 81 0.04983205
74 77 0.00343604
74 80 0.01024183
74 75 0.37155665
74 78 0.04762469
74 76 0.03961914
98 100 0.05509932
98 103 0.00064474
98 99 0.22590488
98 101 0.01799280
98 105 0.26743614
98 106 0.02768791
98 104 0.00882672
3 3 0.57892962
3 2 0.00118429
3 4 0.00135233
70 76 0.00272606
70 75 0.04017600
70 74 0.05820468
70 72 0.00156486
70 77 0.00055430
70 71 0.61754656
70 73 0.00095133
17 18 0.00055138
17 17 0.66128939
41 44 0.00591059
41 41 0.00405811
41 42 0.40312837
41 43 0.03549032
81 83 0.04448288
81 86 0.05223231
81 88 0.28470173
81 82 0.06085099
81 85 0.07232434
81 87 0.01302880
81 89 0.00187379
32 32 0.05484649
32 33 0.70273451
9 8 0.00129226
9 9 0.67814635
9 10 0.00987148
21 21 0.43345633
134 141 0.00089746
134 135 0.36776465
134 138 0.00124660
134 140 0.00069308
43 46 0.00187299
43 44 0.57169319
43 45 0.00053324
109 112 0.00050376
109 116 0.12713109
109 110 0.09909572
109 111 0.00153098
109 109 0.00172714
106 113 0.01671513
106 114 0.00251712
106 106 0.00145466
106 108 0.00273231
106 109 0.02400590
106 107 0.17209718
106 112 0.01458871
65 65 0.01415634
65 66 0.60764754
65 71 0.00274949
65 69 0.08009904
65 68 0.01626917
65 70 0.01250906
65 72 0.00105511
65 67 0.00079872
75 80 0.00353864
75 76 0.32410729
75 82 0.03933359
75 78 0.00386853
75 79 0.02425568
75 81 0.00961935
75 77 0.01375035
138 139 0.57822175
138 142 0.00143310
138 141 0.00763596
138 144 0.00513530
140 141 0.79785655
140 142 0.00053396
140 144 0.00054522
140 143 0.00541223
23 23 0.54723914
139 140 0.23259799
139 143 0.00124212
139 145 0.00067715
139 142 0.00888061
68 72 0.06154284
68 69 0.56705512
68 73 0.01854213
68 71 0.01305470
68 75 0.00569874
68 74 0.00206774
116 116 0.00060316
116 123 0.00410442
116 117 0.10920405
104 112 0.00105201
104 106 0.00054242
104 107 0.00966876
104 105 0.05263983
104 110 0.12739485
104 111 0.34189817
131 137 0.02151331
131 133 0.00298207
131 136 0.03536171
131 132 0.78596821
13 13 0.05070742
63 67 0.04022746
63 63 0.02181132
63 66 0.00747607
63 64 0.39974007
69 74 0.03375736
69 75 0.00091832
69 76 0.00590831
69 73 0.06103779
69 72 0.00245973
69 70 0.50039224
47 52 0.00127900
47 50 0.02880142
47 51 0.01018053
47 49 0.08056450
47 48 0.41975051
92 98 0.01512462
92 95 0.00054068
92 97 0.00153528
92 100 0.01590118
92 93 0.05841757
92 96 0.02501263
92 94 0.05565222
92 99 0.45996554
91 99 0.00960777
91 93 0.06693881
91 92 0.05598971
91 94 0.00108928
91 96 0.00196556
91 98 0.43250216
91 97 0.01762609
91 95 0.02723553
20 20 0.08898457
20 21 0.00207465
34 35 0.42849547
34 34 0.00757102
26 26 0.58138987
26 27 0.00222542
112 112 0.00676056
112 120 0.00345517
112 119 0.65926400
112 113 0.27846612
112 114 0.00218413
8 9 0.00808038
8 7 0.00131327
8 8 0.69657750
102 103 0.07904652
102 105 0.01264629
102 108 0.21536812
102 109 0.37492220
102 104 0.00086302
102 110 0.03849083
27 28 0.00133126
27 27 0.45199272
5 5 0.02217336
5 4 0.00148263
5 6 0.00121357
93 101 0.00059053
93 99 0.01393579
93 94 0.05474614
93 96 0.00065933
93 98 0.00179650
93 95 0.04174871
93 100 0.56557034
93 97 0.01142310
121 127 0.00491789
121 128 0.04277149
121 122 0.17735393
6 7 0.00504795
6 6 0.82523989
6 5 0.00102077
24 25 0.00087080
24 24 0.06735726
12 12 0.08018369
73 77 0.06373631
73 79 0.00443010
73 78 0.06864580
73 76 0.03020824
73 74 0.47976852
73 75 0.08287178
73 80 0.08299092
57 58 0.62883612
57 61 0.08241889
57 60 0.02501812
57 62 0.00918344
76 82 0.00282169
76 78 0.00663255
76 80 0.06675938
76 83 0.01266021
76 77 0.11285296
76 79 0.00220618
76 81 0.00584193
114 115 0.29598311
114 120 0.02040645
114 116 0.00103357
114 114 0.00535083
114 121 0.65940376
128 130 0.01545514
128 131 0.00428474
128 133 0.05170420
128 134 0.02215641
128 132 0.00146315
128 129 0.17737584
11 12 0.01298283
11 11 0.70716097
135 139 0.00141719
135 136 0.45205139
135 141 0.01829166
135 137 0.00087976
72 73 0.49122182
72 79 0.01206010
72 77 0.05656893
72 74 0.05086100
72 75 0.00466090
72 78 0.00093205
72 76 0.05932303
100 108 0.03962418
100 106 0.10304905
100 107 0.24475558
100 101 0.25971389
100 102 0.00399678
100 103 0.02781509
22 22 0.51715891
22 23 0.00249077
53 57 0.00083590
53 54 0.57434617
36 37 0.10049798
36 36 0.01625178
36 38 0.00116014
14 15 0.01039435
14 13 0.00087207
14 14 0.45009102
77 83 0.00391511
77 80 0.00259158
77 78 0.08842646
77 82 0.01943656
77 79 0.01738705
77 81 0.02543633
77 84 0.12391542
79 86 0.23721679
79 83 0.02336601
79 80 0.06722572
79 82 0.00213586
79 85 0.00855434
79 84 0.01895208
79 81 0.03026815
79 87 0.00103571
44 46 0.00206316
44 45 0.47232842
28 29 0.01452196
28 28 0.87716702
80 83 0.00064908
80 86 0.01123351
80 88 0.00134421
80 82 0.03943692
80 85 0.04686733
80 84 0.05682636
80 81 0.05793618
80 87 0.48080630
133 139 0.00062748
133 138 0.00328129
133 137 0.00294426
133 134 0.45302875
123 128 0.00107781
123 124 0.06577698
123 130 0.28876994
123 129 0.00272186
99 100 0.21754621
99 102 0.02286538
99 106 0.19157333
99 101 0.01134153
99 105 0.13023617
99 107 0.01395495
124 130 0.03657647
124 131 0.04511267
124 125 0.03326942
124 129 0.00114558
62 62 0.00966931
62 63 0.29287908
62 66 0.01558176
62 65 0.00134297
87 90 0.00059763
87 92 0.02198956
87 93 0.02074877
87 94 0.41448193
87 88 0.07287470
87 91 0.05466021
87 89 0.09397076
87 95 0.00346790
46 49 0.02950910
46 47 0.62722939
46 50 0.00276048
46 48 0.07122163
54 57 0.00188006
54 58 0.00125130
54 55 0.06027857
51 52 0.72063416
51 54 0.02659033
51 55 0.08197771
51 53 0.00069276
110 112 0.00085995
110 117 0.00405278
110 110 0.00290249
110 111 0.09896006
31 32 0.36552543
31 31 0.36720499
33 33 0.01074694
33 34 0.41362297
7 7 0.72914280
7 8 0.00635239
7 6 0.00144204
127 134 0.00290644
127 130 0.01116132
127 128 0.31442938
127 131 0.00304351
127 133 0.04901124
127 129 0.00337634
127 132 0.05081238
39 39 0.01801558
39 41 0.00142998
39 40 0.52961490
96 102 0.01324889
96 98 0.09527079
96 103 0.27160337
96 100 0.00689390
96 97 0.18959646
96 104 0.01586899
96 101 0.00105966
96 99 0.00816269
94 100 0.01144022
94 97 0.00097952
94 95 0.04961599
94 98 0.00808317
94 99 0.00101835
94 101 0.02008788
94 96 0.01039492
18 18 0.27619810
18 19 0.00063541
18 17 0.00113068
144 145 0.78429445
117 123 0.00702655
117 118 0.13193146
117 124 0.12862334
130 132 0.00774039
130 137 0.00093034
130 136 0.02841022
130 135 0.00174710
130 131 0.76980311
101 107 0.15124040
101 104 0.01265098
101 109 0.03863472
101 108 0.35487225
101 102 0.10137152
101 103 0.00103600
38 40 0.02532832
38 39 0.63053117
38 38 0.01429067
120 127 0.43519598
120 120 0.00076261
120 126 0.00810326
120 122 0.00056945
120 121 0.26761800
132 138 0.00113470
132 137 0.02893659
132 134 0.00131096
132 136 0.00075468
132 133 0.66054862
142 143 0.88564837
142 145 0.00073832
86 89 0.00055130
86 87 0.07542935
86 91 0.03433131
86 88 0.09440540
86 93 0.42889356
86 92 0.01761875
86 90 0.04044996
86 94 0.00594884
115 115 0.00469043
115 121 0.02153964
115 116 0.22524118
115 117 0.00055370
115 122 0.03356877
103 106 0.00309767
103 109 0.19637545
103 104 0.01964659
103 111 0.02836703
103 110 0.38081547
19 20 0.00297023
19 19 0.27064478
95 102 0.29320980
95 97 0.00999678
95 100 0.00096758
95 98 0.00087674
95 99 0.00740307
95 101 0.01145054
95 96 0.06900937
55 58 0.00146502
55 56 0.38358644
55 59 0.04764076
129 134 0.03557994
129 135 0.01488215
129 136 0.00127534
129 130 0.52559891
129 133 0.00111600
129 131 0.00936512
129 132 0.00123465
15 15 0.09111518
15 16 0.00510191
15 14 0.00099810
119 121 0.00051588
119 120 0.14283609
119 126 0.00476885
111 111 0.00688693
111 119 0.00470585
111 113 0.00156336
111 118 0.03365864
111 117 0.00697268
111 112 0.22515133
78 82 0.03942801
78 83 0.01401233
78 80 0.02554287
78 85 0.20447527
78 81 0.00221929
78 84 0.00423273
78 79 0.07374821
118 125 0.00880915
118 120 0.00050813
118 119 0.15603493
136 142 0.00993911
136 137 0.28911022
136 140 0.00101846
136 139 0.00056578
136 138 0.00117004
97 100 0.01104736
97 98 0.05808876
97 103 0.02747518
97 102 0.00092543
97 99 0.03445571
97 101 0.00403487
97 105 0.02357155
97 104 0.26061172
125 132 0.00775168
125 129 0.00062875
125 126 0.13168325
125 130 0.01155458
125 131 0.04091026
66 70 0.07641475
66 67 0.60850433
66 72 0.00466462
66 73 0.00793925
66 71 0.01573567
66 69 0.01497208
66 66 0.00183129
25 26 0.00071296
25 25 0.34257968
58 59 0.49128947
58 62 0.00328053
58 63 0.00434574
58 58 0.00376716
58 61 0.00297731
122 129 0.12046424
122 128 0.04758665
122 123 0.30394720
107 107 0.00100530
107 109 0.00129348
107 108 0.10191593
107 110 0.00398493
107 114 0.00708752
107 113 0.00100375
29 30 0.02131027
29 29 0.75180420
59 64 0.00724326
59 59 0.00059799
59 62 0.00135737
59 60 0.48843001
59 63 0.03624998
60 61 0.40279721
60 65 0.00713043
60 64 0.02438818
60 63 0.00952158
60 60 0.01285504
85 91 0.02861385
85 86 0.04056886
85 93 0.00519503
85 90 0.02325790
85 92 0.31721344
85 89 0.05416148
85 87 0.07102784
113 115 0.00120856
113 120 0.65930883
113 119 0.01929526
113 114 0.29291999
113 121 0.00228691
113 113 0.00727900
90 95 0.00382480
90 97 0.43311412
90 100 0.00052058
90 98 0.00575712
90 96 0.01525498
90 94 0.03081946
90 92 0.04021464
90 93 0.00139747
90 91 0.05075484
64 70 0.00208414
64 67 0.02275678
64 68 0.06041960
64 69 0.01003289
64 64 0.01626001
64 65 0.48855070
108 115 0.00879880
108 114 0.00365708
108 110 0.00384166
108 111 0.00171887
108 108 0.00200980
108 109 0.12444289
56 60 0.00980559
56 59 0.02378977
56 57 0.48282224
83 88 0.00326727
83 91 0.00317196
83 90 0.36906825
83 85 0.03814808
83 84 0.04105071
83 87 0.00173459
83 89 0.00230937
105 107 0.00181244
105 105 0.00119269
105 108 0.02703773
105 106 0.21955757
105 111 0.03804593
105 112 0.23141081
52 56 0.02384196
52 55 0.00814457
52 53 0.59720293
126 132 0.05337789
126 129 0.00085581
126 127 0.13472396
126 128 0.00483873
126 133 0.00257031
126 131 0.05561260
126 130 0.00328883
84 89 0.02853427
84 85 0.11966174
84 90 0.01159886
84 92 0.00416914
84 88 0.02270014
84 91 0.34827214
84 86 0.13726880
82 89 0.30810880
82 87 0.05415379
82 84 0.06111146
82 90 0.00259616
82 88 0.01654860
82 86 0.07296746
82 83 0.05232510
37 38 0.68001250
37 37 0.01532398
37 39 0.02321897
35 36 0.39799674
35 35 0.00931866
88 95 0.33454342
88 89 0.01644101
88 91 0.00059216
88 96 0.00113812
88 94 0.02069391
88 92 0.04101600
88 90 0.03863221
88 93 0.01249052
89 91 0.07057821
89 92 0.00138215
89 90 0.07746380
89 93 0.03950138
89 94 0.00815667
89 96 0.39118951
89 95 0.01787514
89 97 0.00492939
67 74 0.00642152
67 72 0.01588241
67 70 0.01432563
67 68 0.46275299
67 73 0.00272670
67 71 0.06402699
40 40 0.01458591
40 41 0.16023099
40 42 0.03918445
40 43 0.00097605
49 52 0.02773557
49 51 0.00723459
49 54 0.00387122
49 50 0.77629479
49 53 0.07760368
71 73 0.00880479
71 72 0.63150911
71 75 0.05830543
71 74 0.00152293
71 76 0.04466514
71 78 0.00231146
50 51 0.68132737
50 54 0.07359248
50 53 0.02667943
50 52 0.00123204
4 3 0.00128795
4 5 0.00069796
4 4 0.06631603
10 9 0.00122086
10 10 0.66420613
10 11 0.00411514
42 44 0.01775538
42 42 0.00462184
42 43 0.33260774
45 46 0.42421061
45 47 0.02167620
45 48 0.00928794
48 52 0.06743337
48 50 0.01927603
48 49 0.82115191
48 51 0.02796682
48 53 0.00466403
