119 130 119 130 0.87938500
122 127 122 127 0.70680300
58 153 58 153 0.15018200
94 100 94 100 0.02826150
94 101 94 101 0.68414500
30 62 30 62 0.04705550
82 112 82 112 0.60184900
64 151 64 151 0.01452870
64 150 64 150 0.14665900
64 148 64 148 0.01278010
64 149 64 149 0.40097800
80 114 80 114 0.39010600
68 146 68 146 0.70957100
24 40 24 40 0.02671790
7 24 7 24 0.01446960
7 28 7 28 0.01406300
7 22 7 22 0.13605900
67 147 67 147 0.60503000
8 23 8 23 0.20289000
10 25 10 25 0.01455120
10 18 10 17 0.00116717
10 18 9 18 0.00148508
10 54 10 54 0.00256257
115 132 115 132 0.01523860
65 150 65 150 0.16348500
5 24 5 24 0.28149500
14 18 13 18 0.00060577
14 23 14 23 0.34377200
14 25 14 25 0.07047050
70 144 70 144 0.70819200
118 131 118 131 0.60507300
85 108 85 108 0.34656400
2 11 2 11 0.43597900
2 59 2 59 0.40608100
19 25 19 25 0.02115120
19 45 19 45 0.00363386
95 99 95 99 0.10844600
121 128 121 128 0.60507200
4 9 4 9 0.16905200
4 25 4 25 0.23793800
83 111 83 111 0.70956900
54 158 54 158 0.10576800
66 148 66 148 0.59092700
6 25 6 25 0.00774485
79 117 79 117 0.06121280
79 138 79 138 0.25913700
69 145 69 145 0.60507300
28 64 28 64 0.00361266
11 23 11 22 0.00082084
11 23 10 23 0.00057474
11 17 10 17 0.00164446
88 105 88 105 0.34245200
120 129 120 129 0.70957200
93 102 93 102 0.60507300
76 141 76 141 0.22554900
15 31 15 31 0.00605022
15 24 15 24 0.03737390
25 39 25 39 0.02543950
29 63 29 63 0.01186820
116 132 116 132 0.22584500
116 134 116 134 0.51275200
12 19 12 19 0.03819350
12 20 12 19 0.00062683
12 22 11 22 0.00067998
31 61 31 61 0.05299150
90 105 90 105 0.09282110
90 104 90 104 0.50172400
63 151 63 151 0.37039500
63 150 63 150 0.14795300
13 19 13 19 0.03880030
13 19 13 18 0.00065384
13 26 13 26 0.06160030
13 24 13 24 0.04070910
13 22 13 22 0.12782200
87 107 87 107 0.23227400
87 106 87 106 0.22922300
84 110 84 110 0.60343600
62 152 62 152 0.64800100
62 151 62 151 0.04963150
9 22 9 22 0.04544180
9 26 9 26 0.00896732
9 19 9 19 0.06955890
9 19 9 18 0.00155572
92 103 92 103 0.60506500
1 12 1 12 0.13079200
1 60 1 60 0.08499890
1 27 1 27 0.04966750
78 136 78 136 0.20578100
78 115 78 115 0.11208700
55 157 55 157 0.12438600
3 30 3 30 0.07794250
3 58 3 58 0.02084980
3 26 3 26 0.20504700
3 10 3 10 0.15479700
3 28 3 28 0.01551570
