153 153 0.80461074
148 148 0.82116340
58 58 0.91944179
22 22 0.65386314
94 96 0.03345238
94 94 0.86530951
114 113 0.00288742
114 114 0.90747965
114 115 0.05724057
59 59 0.90570782
69 69 0.80709785
122 122 0.92767814
122 123 0.00067794
122 121 0.00350453
20 20 0.38629669
108 108 0.89411734
50 50 0.91360959
105 105 0.92322962
55 55 0.86508743
144 144 0.91567423
26 26 0.78662492
115 114 0.00439939
115 116 0.04555936
115 115 0.89627686
92 92 0.89999331
92 94 0.02440161
98 100 0.00871690
98 99 0.00072169
98 98 0.88195877
36 36 0.65643799
6 6 0.94968841
83 82 0.02598879
83 84 0.00722426
83 83 0.77472939
34 34 0.53423128
44 44 0.81000133
44 45 0.00054704
133 133 0.95239794
64 64 0.97019557
64 63 0.00519742
75 75 0.82769446
75 74 0.00386051
75 76 0.00065184
66 65 0.00134283
66 66 0.96910976
33 33 0.84078726
154 154 0.88958939
38 38 0.92989148
15 15 0.38271698
136 137 0.00051427
136 136 0.88990591
136 135 0.00099731
146 146 0.59002026
82 82 0.82137091
82 81 0.02608755
82 83 0.00511518
1 1 0.75104909
113 112 0.00245041
113 114 0.03346796
113 113 0.90650978
78 79 0.00069271
78 77 0.01360859
78 78 0.81622646
73 73 0.79918867
17 17 0.41776069
138 137 0.00055769
138 138 0.91082354
74 75 0.00076906
74 73 0.00222889
74 74 0.77821162
63 63 0.96978041
63 62 0.00592788
63 64 0.00059871
157 157 0.78718602
56 56 0.80245407
103 103 0.83600618
103 104 0.00050651
99 101 0.07134555
99 100 0.00053442
99 99 0.83860074
76 76 0.85065610
76 77 0.00059527
76 75 0.00594574
87 86 0.01350607
87 87 0.82496196
65 65 0.93869229
65 64 0.00469481
41 41 0.86329411
46 46 0.85731124
135 134 0.00077465
135 135 0.95975992
121 122 0.00082886
121 120 0.00415806
121 121 0.92014997
37 37 0.71076319
119 119 0.88599461
119 120 0.00391527
119 118 0.01313005
118 117 0.01367363
118 119 0.02785073
118 118 0.88539377
16 16 0.71663238
150 150 0.74379306
35 35 0.26383647
131 131 0.78090149
147 147 0.64270833
91 92 0.00175905
91 91 0.87294623
91 93 0.00766374
48 48 0.94178233
10 10 0.55240692
85 85 0.79735795
85 86 0.00448189
85 84 0.02757031
18 18 0.44931516
151 151 0.84154512
29 29 0.61747393
126 126 0.93792843
126 125 0.00285858
77 78 0.00074037
77 77 0.84470557
77 76 0.00913306
5 5 0.71297711
21 21 0.75713881
51 51 0.82093631
160 160 0.99963969
61 60 0.00453387
61 61 0.86532343
158 158 0.69980132
101 102 0.00093488
101 103 0.02670151
101 101 0.83449569
45 45 0.86374924
8 8 0.72963297
130 130 0.79350860
145 145 0.80020189
116 115 0.01414574
116 116 0.89500045
116 117 0.05150922
11 11 0.57674008
149 149 0.79155240
19 19 0.79412441
57 57 0.87191229
127 126 0.00237995
127 127 0.85258999
39 39 0.88649091
141 141 0.72144658
139 139 0.80276721
96 97 0.00075261
96 98 0.03389635
96 96 0.84905535
112 111 0.00203356
112 112 0.94477959
112 113 0.03129269
156 156 0.87564835
79 79 0.79536936
79 78 0.01823465
79 80 0.00100312
3 3 0.43122691
152 152 0.82569164
106 106 0.92974286
49 49 0.81371236
86 87 0.00134036
86 86 0.83072752
86 85 0.02114096
137 136 0.00089901
137 137 0.82013876
68 68 0.70145310
125 125 0.88054655
125 124 0.00309051
95 97 0.01489109
95 95 0.74329185
95 96 0.00052645
97 98 0.00085555
97 97 0.88152091
97 99 0.04458848
90 90 0.81332810
90 92 0.00155381
109 109 0.91864983
123 123 0.86002764
123 124 0.00065241
123 122 0.00342212
40 40 0.86717077
7 7 0.72813668
24 24 0.83916931
60 59 0.00071289
60 60 0.92465320
70 70 0.80309691
140 140 0.85462755
140 139 0.00050280
159 159 0.71598917
110 110 0.89730099
110 111 0.00077577
31 31 0.73836043
54 54 0.86463022
128 128 0.72747420
143 143 0.75452206
81 80 0.02514378
81 82 0.00411032
81 81 0.92530421
9 9 0.81107594
129 129 0.85804841
117 117 0.86421327
117 118 0.03425191
117 116 0.01437859
4 4 0.59442104
62 61 0.00518847
62 62 0.83555383
62 63 0.00079385
111 111 0.73683501
111 112 0.00832020
102 103 0.00143486
102 102 0.85935700
102 104 0.00331692
88 87 0.00227388
88 88 0.81658031
134 134 0.59275703
134 133 0.00072346
100 100 0.80159622
100 102 0.02463140
104 104 0.87980157
80 79 0.02097548
80 81 0.00257806
80 80 0.91833320
124 123 0.00279251
124 124 0.79842086
12 12 0.51021127
27 27 0.62072491
89 88 0.00066346
89 89 0.83144946
84 85 0.00728447
84 84 0.77520673
84 83 0.02552272
25 25 0.83593960
13 13 0.62482746
30 30 0.76164604
132 132 0.93396721
67 66 0.00083464
67 67 0.92397418
142 142 0.83311054
93 93 0.86209587
93 95 0.01415801
107 107 0.93855236
155 155 0.74591572
32 32 0.49362494
71 71 0.80307026
2 2 0.65066123
14 14 0.42042287
72 72 0.79400805
43 43 0.87536966
47 47 0.97457311
23 23 0.76002221
28 28 0.82487315
52 52 0.79418087
42 42 0.76824472
53 53 0.87829495
120 120 0.96451466
120 119 0.00883139
120 121 0.00184558
