109 111 0.04444465
40 40 0.40570294
16 16 0.79881299
142 144 0.89590721
147 149 0.45708416
77 79 0.72655123
14 14 0.48420634
124 126 0.81964716
157 159 0.38580791
150 152 0.12444885
53 54 0.00065764
53 53 0.18579630
53 55 0.00112687
122 124 0.98701590
63 65 0.05762357
63 64 0.00286882
63 63 0.12121386
42 42 0.26416716
101 103 0.18867884
114 116 0.89053159
65 67 0.21485901
65 66 0.01867606
65 65 0.02302896
154 156 0.54181036
89 91 0.91240258
123 125 0.97888445
62 62 0.39031697
62 61 0.00264389
62 64 0.09896705
62 63 0.11577277
79 81 0.12364586
46 46 0.24911921
68 70 0.24700142
6 6 0.29832162
22 22 0.51931800
98 100 0.93206313
78 80 0.42744417
145 147 0.48113038
106 108 0.68661646
138 140 0.40358035
73 75 0.35239044
70 72 0.66954268
113 115 0.49717766
17 17 0.39648149
64 64 0.04814245
64 65 0.03479312
64 66 0.26677134
158 160 0.35806487
3 3 0.39468145
83 85 0.45261452
57 60 0.00195469
57 59 0.10257999
57 57 0.76223155
57 58 0.00100203
30 30 0.59432094
120 122 0.82069239
61 61 0.47548652
61 60 0.00178893
61 63 0.09323822
61 64 0.00147054
61 62 0.07338180
108 110 0.47107422
82 84 0.89982474
125 127 0.98815904
60 62 0.16234316
60 59 0.00058927
60 63 0.00189410
60 61 0.03813385
60 60 0.72305909
133 135 0.43228924
131 133 0.87021131
152 154 0.25583596
146 148 0.40710809
1 1 0.98938451
81 83 0.44484102
27 27 0.69394214
143 145 0.80776230
118 120 0.31422148
2 2 0.36538532
49 49 0.46195003
141 143 0.90453890
24 24 0.67905213
104 106 0.51731365
116 118 0.22358704
7 7 0.71139227
84 86 0.50294646
112 114 0.48418515
23 23 0.52728653
111 113 0.38224093
135 137 0.32266369
149 151 0.71219558
25 25 0.73164759
80 82 0.49829380
32 32 0.91593346
10 10 0.07372012
139 141 0.56519956
11 11 0.48263359
86 88 0.27788407
15 15 0.82380009
50 52 0.00052256
50 50 0.82503423
41 41 0.43065783
43 43 0.37595241
67 69 0.34763771
28 28 0.80595184
66 66 0.00240834
66 68 0.22965838
66 67 0.00208341
35 35 0.27092682
56 58 0.10154846
56 56 0.79616628
56 59 0.00150164
144 146 0.71492420
51 53 0.00272264
51 51 0.54979393
51 52 0.00129241
91 93 0.42343861
5 5 0.33903654
45 45 0.35042333
4 4 0.44767046
92 94 0.31283428
121 123 0.98700731
38 38 0.56348189
103 105 0.87597748
127 129 0.32075888
37 37 0.57881506
119 121 0.31853840
140 142 0.55255698
21 21 0.29790543
128 130 0.31924660
74 76 0.56740414
94 96 0.35121252
29 29 0.57904160
71 73 0.47685946
52 53 0.00171646
52 55 0.00070055
52 52 0.42907340
52 54 0.00583724
12 12 0.55204757
33 33 0.66333981
8 8 0.28972937
129 131 0.22562063
96 98 0.83820637
72 74 0.34673664
18 18 0.78404983
54 54 0.65698712
54 57 0.00065719
54 56 0.00231246
151 153 0.37126102
115 117 0.29329329
156 158 0.43025704
13 13 0.39432392
36 36 0.50838466
95 97 0.40717668
110 112 0.37764701
75 77 0.25314479
100 102 0.56893997
136 138 0.38701033
69 71 0.34139334
48 48 0.30689101
153 155 0.87653521
93 95 0.41626669
59 60 0.00961594
59 61 0.13507682
59 62 0.00229157
59 59 0.77492029
99 101 0.47480916
58 61 0.00209776
58 60 0.10663453
58 58 0.80583599
58 59 0.00632392
19 19 0.48231030
44 44 0.27638374
47 47 0.34814281
134 136 0.43307732
155 157 0.32631480
117 119 0.31403732
31 31 0.42871442
107 109 0.70189707
39 39 0.76680051
85 87 0.38554564
148 150 0.57076604
97 99 0.86076986
26 26 0.73179840
90 92 0.97377574
9 9 0.38410251
34 34 0.64255168
102 104 0.54135804
76 78 0.54158504
130 132 0.29201504
55 58 0.00086870
55 57 0.00203707
55 56 0.00119067
55 55 0.65701778
132 134 0.77509124
105 107 0.52283429
88 90 0.91981855
137 139 0.03341276
126 128 0.32105410
20 20 0.70747927
87 89 0.39872610
