153 151 0.00166041
153 152 0.00404015
153 153 0.72210354
31 29 0.00050559
31 32 0.00053865
31 31 0.27835259
1 1 0.84531131
59 60 0.00772504
59 59 0.36059922
115 115 0.61846590
115 112 0.05797463
115 117 0.03205485
115 113 0.01331563
115 111 0.00065510
115 116 0.00906872
115 114 0.00238062
140 140 0.54356546
140 137 0.00228079
140 138 0.09360424
140 139 0.00297265
51 51 0.95964683
53 53 0.36170925
58 58 0.60499735
58 59 0.02790053
72 73 0.00112458
72 72 0.55206262
72 71 0.00130148
72 74 0.00730554
43 44 0.00314502
43 42 0.00207962
43 43 0.28123398
43 41 0.05237783
107 105 0.09614399
107 108 0.00416710
107 107 0.73465648
107 104 0.00162271
107 106 0.01546086
150 150 0.60553547
150 149 0.00138324
150 148 0.00088559
110 106 0.00050529
110 110 0.73332103
110 107 0.00500026
110 109 0.00423881
110 108 0.05932041
87 86 0.00065588
87 88 0.00133731
87 85 0.27673543
87 87 0.21644744
142 138 0.00073207
142 139 0.00167998
142 141 0.00256107
142 140 0.10661364
142 143 0.00163145
142 142 0.58953910
2 2 0.62520169
144 141 0.00051680
144 144 0.58068053
144 142 0.00714338
21 21 0.91035521
21 20 0.00067889
21 22 0.00095156
48 48 0.95980554
5 3 0.00292164
5 4 0.00118343
5 5 0.76583631
5 6 0.00066746
103 103 0.34507215
103 101 0.04546474
103 104 0.00161280
17 17 0.89845086
17 16 0.00371008
81 82 0.00605309
81 79 0.01232722
81 81 0.72594479
81 80 0.03040692
32 33 0.00825249
32 32 0.56142905
32 31 0.00063386
32 30 0.00079896
22 22 0.95287314
22 23 0.00144535
22 21 0.00076872
99 99 0.51277717
99 100 0.00779037
99 97 0.31111667
15 14 0.00257154
15 15 0.80315228
19 19 0.82014371
19 18 0.00067057
30 30 0.23619012
158 158 0.70326835
158 157 0.02704310
82 82 0.64338914
82 80 0.02818417
82 81 0.00401571
82 83 0.00540403
148 147 0.00228907
148 148 0.21668848
148 145 0.00181292
148 146 0.00496627
41 42 0.00306963
41 35 0.00059370
41 39 0.15111659
41 41 0.57149474
27 28 0.00091000
27 27 0.57778787
97 95 0.31111933
97 97 0.52032929
97 98 0.00744909
135 133 0.14383434
135 135 0.34519388
135 134 0.00832996
135 132 0.05692967
71 73 0.00665250
71 72 0.00067515
71 71 0.59985310
152 151 0.07391114
152 150 0.03068367
152 152 0.72183161
152 153 0.00059323
78 77 0.03836905
78 79 0.00385277
78 78 0.88195127
78 76 0.00167627
78 80 0.00671314
86 87 0.00487139
86 85 0.00134784
86 86 0.21518431
86 84 0.29339297
126 125 0.00099801
126 126 0.50197443
126 128 0.00249616
126 123 0.01057018
126 124 0.00144428
126 127 0.00260310
109 106 0.00407241
109 109 0.72501997
109 107 0.06926206
109 108 0.00891535
76 78 0.00910796
76 75 0.00848758
76 76 0.66080139
76 77 0.00395331
50 50 0.95966821
55 56 0.00143084
55 55 0.14487623
11 9 0.00162819
11 11 0.82292424
156 156 0.60682391
156 155 0.08983904
156 154 0.00105278
45 45 0.14513231
54 54 0.36407389
84 84 0.22485334
84 83 0.00672641
84 82 0.14829832
84 85 0.00532033
37 37 0.21967599
37 35 0.01480773
37 38 0.02237983
42 42 0.33728849
42 43 0.00969670
42 36 0.00051814
42 40 0.07947032
80 81 0.00552466
80 79 0.03390259
80 78 0.00575323
80 80 0.79161178
80 82 0.00051495
128 129 0.00138566
128 131 0.00057050
128 126 0.02420951
128 130 0.10846365
128 125 0.09442130
128 124 0.00275906
128 128 0.19170336
101 101 0.27663713
101 102 0.00694238
101 99 0.02603400
4 3 0.00053543
4 5 0.00092141
4 4 0.72809346
4 2 0.00164716
121 123 0.04079773
121 121 0.55290914
121 122 0.00882177
121 119 0.00104844
121 118 0.11368975
111 110 0.00385813
111 112 0.02431720
111 107 0.00123469
111 113 0.00090147
111 109 0.05347016
111 111 0.79959798
111 108 0.00873047
117 115 0.00745691
117 114 0.02609308
117 118 0.00236941
117 119 0.00703644
117 117 0.53286561
122 121 0.00055348
122 124 0.02440799
122 123 0.00714966
122 120 0.00073231
122 118 0.00322884
122 119 0.01147395
122 122 0.54971247
133 136 0.00280306
133 132 0.01862963
133 134 0.00350457
133 131 0.06891310
133 133 0.61771021
133 130 0.04270851
133 135 0.00080334
8 8 0.46898046
25 24 0.00100509
25 25 0.66750297
25 26 0.00094448
6 6 0.48167825
6 4 0.00257024
6 7 0.00062384
61 62 0.11176654
61 58 0.00054584
61 61 0.56264005
52 52 0.96018188
12 12 0.70354910
12 14 0.00082853
39 39 0.67560429
39 37 0.00075986
130 127 0.06701795
130 132 0.02851210
130 128 0.04136515
130 131 0.01887024
130 133 0.00325137
130 130 0.53000122
94 94 0.56562758
94 95 0.00588838
94 92 0.00379797
118 115 0.00225039
118 120 0.03396980
118 116 0.00234208
118 119 0.00654410
118 118 0.58526558
63 60 0.00061054
63 63 0.35555695
63 64 0.03237080
95 96 0.00673950
95 93 0.02603687
95 95 0.32708492
35 33 0.00177592
35 35 0.41327115
35 36 0.00054806
100 100 0.35168246
100 101 0.00223197
100 98 0.15348338
90 88 0.27789311
90 90 0.29145485
90 91 0.00090614
106 106 0.56952815
106 104 0.20720584
106 107 0.00422258
106 105 0.00283190
49 49 0.95953280
74 74 0.63901161
74 73 0.00334138
74 75 0.00327355
74 76 0.00092595
68 70 0.00528257
68 68 0.39355623
68 69 0.00130848
26 27 0.00179742
26 26 0.74635351
85 82 0.00061137
85 85 0.49000396
85 83 0.22714220
85 86 0.00492545
85 84 0.00656579
116 115 0.00219103
116 118 0.08816782
116 113 0.00621195
116 117 0.00809361
116 114 0.01207730
116 116 0.65366686
88 86 0.28448538
88 88 0.33599496
88 89 0.00069337
88 87 0.00109653
149 148 0.00122020
149 147 0.01883755
149 149 0.68386054
7 7 0.62746796
119 116 0.02512210
119 117 0.00094377
119 119 0.64853328
151 149 0.00132586
151 150 0.00179458
151 151 0.63024039
91 91 0.34906417
91 89 0.00575674
44 44 0.91995583
44 42 0.03214936
47 47 0.36369824
159 158 0.07661653
159 156 0.00163765
159 159 0.49461597
14 13 0.00224390
14 14 0.72472054
60 60 0.44668462
60 57 0.00050562
60 61 0.00973731
66 67 0.02468567
66 66 0.68425715
66 64 0.00055862
66 68 0.00146984
146 144 0.01101376
146 146 0.46333672
125 124 0.00113314
125 127 0.00243171
125 123 0.00185887
125 126 0.00544093
125 122 0.00476991
125 125 0.62508679
75 77 0.00935385
75 74 0.00588205
75 75 0.92665129
75 76 0.00301045
134 135 0.00250520
134 133 0.02802134
134 131 0.05698145
134 134 0.49632713
134 132 0.04063176
147 144 0.00262826
147 146 0.00144211
147 145 0.13164815
147 147 0.48825197
10 10 0.74728606
79 77 0.00315385
79 78 0.03933240
79 80 0.00348129
79 81 0.00127569
79 79 0.85688324
46 44 0.00125446
46 46 0.36091979
20 21 0.00103565
20 20 0.91036645
20 19 0.00058318
23 24 0.00550350
23 22 0.00142639
23 23 0.71130845
138 135 0.00618342
138 137 0.00427935
138 138 0.62722320
138 139 0.00118410
138 136 0.00389496
93 91 0.04538167
93 93 0.45771569
93 94 0.00155334
131 134 0.00644283
131 128 0.05043012
131 132 0.07162289
131 130 0.00562193
131 129 0.06145980
131 133 0.01583479
131 131 0.54979993
38 38 0.66981347
38 36 0.00237180
38 39 0.00444399
104 105 0.00089248
104 104 0.37741862
104 102 0.00394575
102 102 0.39372544
102 100 0.00387292
102 103 0.00210650
64 65 0.01043470
64 64 0.39275032
160 159 0.02636923
160 160 0.86874703
62 59 0.00060266
62 62 0.21863656
62 63 0.04378698
40 40 0.45462249
40 38 0.00189041
13 13 0.63031229
13 15 0.00112753
28 28 0.52529048
136 134 0.10127044
136 136 0.50865689
136 135 0.00158338
136 133 0.05588226
92 92 0.24447366
92 90 0.00396409
120 118 0.00353971
120 117 0.00319751
120 122 0.04778627
120 120 0.50531503
120 121 0.00444853
108 106 0.08230738
108 109 0.00333714
108 107 0.01253285
108 108 0.73958374
108 105 0.00306883
98 99 0.00815561
98 96 0.31111533
98 98 0.32967186
9 9 0.67277455
9 7 0.00059677
18 17 0.00193652
18 18 0.67937165
112 110 0.03269986
112 112 0.56532150
112 111 0.00240767
112 108 0.00188284
112 109 0.00480235
77 79 0.00839791
77 76 0.02348979
77 78 0.00660873
77 77 0.61556105
124 121 0.00536277
124 124 0.63938571
124 123 0.00117064
124 126 0.04345433
124 122 0.00155433
16 16 0.95232981
16 15 0.00307443
145 145 0.62409352
145 144 0.00181088
145 143 0.08153444
145 142 0.00055669
141 140 0.01330520
141 142 0.00366657
141 139 0.05476265
141 138 0.00363490
141 141 0.51356850
105 105 0.20934670
105 103 0.00508850
105 106 0.00065030
36 34 0.00096574
36 36 0.38928585
114 114 0.61002997
114 116 0.01344776
114 111 0.04351813
114 113 0.00050923
114 115 0.03350071
114 112 0.02144687
73 74 0.00160185
73 75 0.00919583
73 73 0.71987990
73 72 0.00281536
132 134 0.00720935
132 132 0.62027774
132 135 0.00418022
132 130 0.04203982
132 129 0.06897098
132 133 0.04304242
132 131 0.01177509
57 58 0.02317091
57 55 0.00053433
57 57 0.66901073
123 120 0.00421260
123 125 0.00113716
123 122 0.00059123
123 119 0.00178928
123 123 0.48254994
123 124 0.00080690
123 121 0.00081466
70 72 0.00634214
70 70 0.22676932
96 97 0.00700300
96 94 0.15348800
96 96 0.42765578
89 90 0.00091368
89 87 0.31030536
89 89 0.35250346
127 128 0.00079237
127 124 0.14844615
127 127 0.50839339
127 125 0.00519006
127 129 0.01080281
127 126 0.00070641
34 35 0.00748326
34 32 0.00131347
34 34 0.33509238
24 24 0.95543364
24 23 0.00165441
24 25 0.00057971
65 66 0.04321001
65 67 0.00102808
65 65 0.25460118
56 56 0.45844560
56 57 0.00191790
137 135 0.01414654
137 137 0.46102381
137 136 0.00181855
137 134 0.00673966
129 127 0.00146582
129 132 0.00163063
129 126 0.06569382
129 131 0.08824450
129 129 0.37018094
129 125 0.00053234
129 130 0.00895074
3 4 0.00099166
3 1 0.00078884
3 3 0.65443188
29 29 0.17461676
113 109 0.00052613
113 113 0.54714048
113 114 0.01206066
113 111 0.02654687
113 110 0.00805575
113 115 0.00204954
143 142 0.00067354
143 143 0.59450090
143 141 0.01789509
143 144 0.00395706
155 154 0.09160897
155 153 0.00172825
155 155 0.85800041
69 69 0.27135155
69 71 0.00575260
69 70 0.00071547
67 67 0.59178390
67 69 0.00483670
67 68 0.00324963
83 83 0.64385875
83 81 0.12089236
83 84 0.00545990
83 82 0.02047804
157 156 0.00851394
157 157 0.30788240
139 136 0.00050919
139 137 0.04945534
139 139 0.48299815
139 138 0.00215511
154 154 0.80213691
154 152 0.00169714
154 153 0.00786251
33 33 0.43440569
33 34 0.00902023
33 31 0.01692518
