122 122 0.99990700
27 27 0.99995900
100 100 0.58093500
71 71 0.99996600
131 131 0.29594800
115 115 0.99991000
60 60 0.99998100
31 31 0.99988800
23 23 0.99994100
96 96 0.99995700
149 149 0.39492400
76 76 0.99996700
90 90 0.99995300
22 22 0.28224000
7 7 0.65925000
102 102 0.59865900
42 42 0.99996800
72 72 0.73626600
11 11 0.99950000
84 84 0.58093400
134 134 0.31146900
138 138 0.12062400
123 123 0.99984200
54 54 0.99993100
47 47 0.99982500
117 117 0.99981800
107 107 0.99975300
17 17 0.99993500
36 35 0.00878307
36 36 0.98986200
36 37 0.00053410
74 74 0.69423200
21 21 0.66521000
1 1 0.99998800
63 63 0.99989800
45 45 0.99988400
48 48 0.99988800
35 34 0.00604763
35 36 0.00096894
35 35 0.99002700
113 113 0.69564200
104 104 0.99997100
26 26 0.99996800
127 127 0.99886300
98 98 0.57606500
33 33 0.99663800
85 85 0.57931600
6 6 0.66522200
52 52 0.99998500
105 105 0.99989800
69 69 0.99997700
41 41 0.99993300
29 29 0.99995800
61 61 0.99998400
144 144 0.99985900
14 14 0.99987800
116 116 0.99978800
119 119 0.99996700
150 150 0.12061500
2 2 0.99998800
58 58 0.99991200
124 124 0.99936600
77 77 0.99984700
24 24 0.99996900
133 133 0.29043000
18 18 0.65930300
151 151 0.99989600
137 137 0.39492300
70 70 0.99993500
46 46 0.99974600
25 25 0.99996900
103 103 0.17265000
51 51 0.99998300
128 128 0.99969100
153 153 0.29042100
141 141 0.90868500
59 59 0.99995200
89 89 0.83386500
10 10 0.99942800
99 99 0.57931500
9 9 0.65916200
142 142 0.99974900
78 78 0.99985100
86 86 0.57606700
146 146 0.38230100
16 16 0.99994300
93 93 0.99989700
157 157 0.95510600
81 81 0.57248200
56 56 0.99992400
75 75 0.78357700
83 83 0.69844300
135 135 0.99996600
28 28 0.99994900
125 126 0.00058912
125 125 0.99900100
111 111 0.78356700
3 3 0.99998600
34 35 0.00052739
34 33 0.00324392
34 34 0.99328200
91 91 0.99979600
73 73 0.69564600
130 130 0.07800000
37 37 0.99146900
37 36 0.00789338
158 158 0.99993900
82 82 0.59865700
143 143 0.99982300
94 94 0.99994200
66 66 0.99998500
49 49 0.99995500
12 12 0.99951300
114 114 0.73625800
39 39 0.99968000
152 152 0.31144700
40 40 0.99981200
155 155 0.29594700
57 57 0.99993200
20 20 0.65925500
43 43 0.99993800
126 127 0.00075621
126 126 0.99877600
112 112 0.69422800
139 139 0.99983300
15 15 0.99993200
4 4 0.99998800
109 109 0.99974600
88 88 0.99998400
118 118 0.99983100
13 13 0.99951700
101 101 0.69844100
38 37 0.00131927
38 38 0.99856500
55 55 0.99985900
156 156 0.12285300
108 108 0.99975300
67 67 0.99998700
95 95 0.83382900
160 160 0.99996100
5 5 0.28228600
68 68 0.99998600
97 97 0.68423300
87 87 0.68423600
44 44 0.99990400
30 30 0.99996300
110 110 0.99990200
148 148 0.12062300
121 121 0.99997200
136 136 0.12060900
80 80 0.60002600
32 32 0.99960200
19 19 0.25484000
92 92 0.99985200
64 64 0.99996800
159 159 0.99994100
140 140 0.47344700
62 62 0.99997100
132 132 0.39492400
53 53 0.99997800
129 129 0.99995300
120 120 0.99997900
8 8 0.25475100
147 147 0.99996000
106 106 0.99974400
65 65 0.99998400
50 50 0.99996500
154 154 0.39492100
145 145 0.99984100
79 79 0.99976800
