96 96 0.34976082
67 67 0.98700075
9 9 0.63571318
143 143 0.87238627
141 141 0.71877876
64 64 0.51295015
19 19 0.76476551
43 43 0.52113762
72 72 0.42385852
145 145 0.46198461
23 24 0.00086503
23 23 0.61533135
75 75 0.90285518
155 155 0.73157292
56 56 0.59705535
158 158 0.42922560
105 105 0.99994367
111 111 0.99991933
142 142 0.76600709
33 33 0.26362256
40 40 0.75084367
48 48 0.83823382
29 29 0.50290118
91 91 0.54621027
118 118 0.22173108
138 138 0.69448255
28 28 0.42407400
50 50 0.50457525
73 73 0.31547720
135 135 0.87745945
60 60 0.52342102
10 10 0.45656289
25 25 0.30155788
25 24 0.00088606
160 160 0.81424653
95 95 0.24738626
83 83 0.49816554
84 84 0.48800415
156 156 0.34740534
87 87 0.36142085
109 109 0.22173022
54 54 0.97511113
150 150 0.55243441
120 120 0.31526266
132 132 0.28957781
81 81 0.97400526
100 100 0.41107009
71 71 0.42010864
113 113 0.99996267
110 110 0.31526181
126 126 0.19227828
102 102 0.22807244
21 21 0.51396205
1 1 0.97259843
98 98 0.35179990
154 154 0.43462924
140 140 0.54608520
27 27 0.91734875
58 58 0.98803723
35 35 0.28036104
38 38 0.58030114
103 103 0.08331169
59 59 0.92865069
14 14 0.41628582
133 133 0.13258047
93 93 0.28956666
32 32 0.31993256
12 12 0.68326162
130 130 0.24739175
104 104 0.99994733
31 31 0.50988845
66 66 0.49496204
116 116 0.99994500
36 36 0.27409866
8 8 0.41274388
88 88 0.32416226
92 92 0.13829100
101 101 0.39375346
153 153 0.48264906
86 86 0.52457117
139 139 0.57450987
68 67 0.00062155
68 68 0.43436953
17 17 0.31076375
22 22 0.94882622
117 117 0.31527817
11 11 0.46972964
15 15 0.53372312
24 24 0.52514027
24 25 0.00088840
24 23 0.00103664
18 18 0.61601096
37 37 0.31468607
55 55 0.97514435
159 159 0.49351639
129 129 0.34976251
152 152 0.62350008
151 151 0.40390173
125 125 0.22807263
57 57 0.57741602
5 5 0.39886803
45 45 0.53558276
77 77 0.84024853
94 94 0.59449510
63 63 0.58343158
20 20 0.64802401
99 99 0.46838907
112 112 0.99986133
89 89 0.30208773
124 124 0.08331436
128 128 0.35179990
69 69 0.51186818
108 108 0.31526821
49 49 0.91321455
7 7 0.18534419
44 44 0.46932862
16 16 0.56998287
47 47 0.74110592
123 123 0.99982168
41 41 0.82485100
80 80 0.60671341
46 46 0.58429756
97 97 0.99955702
107 107 0.31526383
2 2 0.88273051
79 79 0.58947166
4 4 0.72171434
148 148 0.72633786
42 42 0.39272255
147 147 0.40793258
13 13 0.34568324
65 65 0.58365711
144 144 0.68544570
131 131 0.59456256
74 74 0.71146591
70 70 0.21895452
52 52 0.97499835
114 114 0.99994033
34 34 0.20703380
26 26 0.77442854
85 85 0.60813403
3 3 0.83687186
121 121 0.67001744
39 39 0.31599767
82 82 0.28856957
61 61 0.98769162
146 146 0.34533321
119 119 0.31526729
78 78 0.57636626
115 115 0.99992833
137 137 0.66974411
136 136 0.27439251
51 51 0.59002542
106 106 0.66999337
127 127 0.19167246
30 30 0.54848196
6 6 0.39537695
157 157 0.22821617
90 90 0.77911491
76 76 0.51715129
53 53 0.97509345
62 62 0.58431526
134 134 0.40353059
149 149 0.59247148
122 122 0.99979535
