54 73 50 67 0.00074013
54 73 52 67 0.20112200
54 73 49 68 0.02693560
124 131 117 126 0.00206851
124 129 117 126 0.21977300
124 129 116 127 0.00208604
124 129 118 124 0.00415596
124 129 118 125 0.54142400
120 133 112 131 0.00205253
120 133 114 129 0.45439800
120 133 113 130 0.23054300
120 133 115 128 0.12484400
41 79 41 73 0.00290467
41 79 38 76 0.00107934
41 79 39 75 0.00063698
15 27 13 25 0.01203290
15 145 15 142 0.00135825
15 145 13 144 0.00079511
15 141 15 139 0.02604630
15 141 15 142 0.00861445
15 141 13 141 0.01705700
15 37 13 37 0.00127499
13 30 11 28 0.02552550
13 29 11 28 0.00107928
13 145 11 143 0.00117609
13 145 11 146 0.03969070
13 145 13 144 0.01247410
91 110 85 103 0.16135200
1 148 1 147 0.00204405
90 111 85 103 0.00083288
8 28 8 28 0.00504958
8 151 5 152 0.00283222
8 151 6 151 0.01055710
48 76 45 71 0.03183030
48 76 46 70 0.76313500
48 76 46 71 0.01091960
48 74 46 70 0.00259803
48 74 48 69 0.01892060
48 74 45 71 0.02701330
57 66 55 61 0.02361150
57 66 54 60 0.00080341
57 66 54 63 0.35936200
57 65 54 60 0.01839570
57 65 52 60 0.09952090
57 65 55 61 0.04346190
57 65 55 59 0.01012820
57 69 54 63 0.02336180
27 34 24 31 0.00105158
121 132 113 130 0.00198271
121 132 115 128 0.59671300
121 132 116 127 0.12958700
121 132 114 129 0.21553800
125 130 118 125 0.00227201
56 67 53 64 0.21970100
56 67 53 62 0.01499250
56 67 54 63 0.11309700
56 67 54 60 0.00054546
56 67 52 63 0.00111249
56 71 53 66 0.00946725
56 71 53 65 0.00741981
56 66 51 61 0.08886850
56 66 53 61 0.00265832
56 66 54 60 0.01332140
56 66 54 63 0.24780500
40 80 40 74 0.01160140
40 80 40 76 0.00122414
40 80 38 76 0.00282424
40 82 39 78 0.00249466
40 82 39 77 0.00050091
40 82 40 76 0.42624000
40 82 37 79 0.00216119
98 104 91 97 0.12180900
39 83 38 79 0.00338327
39 83 37 79 0.06508640
39 83 39 78 0.00123476
39 83 39 77 0.31530600
39 83 36 80 0.00410937
39 81 39 77 0.00113733
39 81 39 75 0.01702280
9 148 9 147 0.02580280
9 148 9 146 0.06203590
9 148 7 148 0.01127730
9 148 7 149 0.06426560
9 148 6 149 0.00055278
9 149 9 146 0.00382191
9 149 9 147 0.60278900
9 149 7 148 0.00156093
9 149 7 149 0.01736420
9 149 6 150 0.00255628
9 17 9 17 0.00461477
9 23 9 23 0.00295901
9 24 9 24 0.00098526
123 130 117 126 0.31297600
123 130 115 128 0.00214337
123 130 116 127 0.11797300
123 130 118 125 0.13225600
123 132 116 127 0.00125289
14 29 12 27 0.01058110
14 145 12 145 0.00326244
14 145 14 143 0.41687800
14 145 11 146 0.00095023
116 135 111 132 0.00066085
116 135 113 130 0.00113233
116 135 110 133 0.14079700
116 135 108 135 0.00059331
116 135 109 134 0.02723070
38 84 35 81 0.00408994
38 84 38 79 0.00227742
38 84 36 80 0.06547570
38 82 38 76 0.03617490
17 27 15 25 0.00073782
17 143 17 141 0.63262000
17 139 14 140 0.00072940
17 139 15 139 0.01564710
17 139 17 141 0.00089032
17 141 15 139 0.00134481
17 141 15 142 0.00846307
17 141 17 141 0.08098720
17 21 15 19 0.01560030
17 26 14 23 0.00065065
117 134 114 129 0.00108595
117 134 110 133 0.02411560
117 134 112 131 0.00075462
117 134 111 132 0.50294000
28 35 26 35 0.00098384
96 105 93 99 0.00060441
96 105 93 102 0.00138230
96 105 90 98 0.32141100
96 104 90 98 0.09793800
42 81 42 75 0.37308900
42 81 39 77 0.02752390
7 29 7 29 0.00078126
115 136 108 135 0.03325920
115 136 109 134 0.51561300
115 136 112 131 0.00063068
115 136 110 133 0.00054851
55 72 53 66 0.26604600
55 72 52 67 0.02154740
55 72 50 67 0.05279050
55 68 53 64 0.09071710
55 68 53 62 0.01004340
55 68 53 65 0.09730120
55 68 52 63 0.01014690
45 79 44 73 0.02955800
45 79 45 71 0.00136162
45 79 42 75 0.07728800
45 79 43 74 0.00290684
16 25 14 23 0.00178564
16 142 14 143 0.03159160
16 142 14 140 0.00260168
16 22 14 20 0.00461705
16 140 14 140 0.01671580
16 140 13 141 0.00125728
16 140 16 138 0.00976108
44 79 44 73 0.39102700
44 79 43 74 0.00112878
2 147 2 146 0.00375419
20 30 18 28 0.03038190
20 30 20 29 0.00056648
20 40 20 40 0.02309550
36 87 36 80 0.11204700
36 87 34 82 0.00908652
36 87 35 81 0.00382881
49 60 50 60 0.00088282
19 31 17 29 0.00486430
19 31 17 31 0.00192941
59 68 57 64 0.00318817
59 68 57 62 0.00335309
59 68 57 65 0.00410977
59 68 56 64 0.00104516
59 68 56 62 0.01690970
59 68 56 65 0.01132890
59 68 53 62 0.00167732
59 68 54 63 0.00320788
59 63 54 58 0.02053920
59 63 55 59 0.00247722
59 63 57 61 0.01038140
11 143 11 143 0.07898260
11 28 11 28 0.00747272
11 145 11 146 0.02955480
11 145 11 143 0.27466800
11 145 9 146 0.02245610
11 144 11 143 0.00300244
95 106 90 98 0.00072503
95 106 88 100 0.13853900
22 29 21 28 0.00335530
22 29 20 29 0.00456064
22 29 20 27 0.00486254
22 30 20 29 0.00284926
22 38 22 38 0.07153530
122 133 115 128 0.00177891
122 131 114 129 0.00215852
122 131 116 127 0.61105000
122 131 117 126 0.13216900
122 131 115 128 0.23154800
93 108 87 101 0.17030800
93 108 86 102 0.17721900
93 108 88 100 0.00076689
93 109 86 102 0.01306180
4 145 4 145 0.00197673
94 107 88 100 0.37037300
94 107 87 101 0.18806500
58 64 55 59 0.01001750
58 64 55 61 0.25968700
58 64 56 61 0.04199060
58 64 56 62 0.00288504
58 64 53 59 0.01797660
58 64 54 60 0.00159098
58 69 56 65 0.00058379
58 69 56 66 0.00058085
58 69 56 64 0.00088896
58 69 53 64 0.00209620
58 69 52 63 0.00151063
58 65 54 60 0.00145771
58 65 56 61 0.01132990
58 65 56 62 0.07221500
58 65 57 61 0.00062022
58 65 55 59 0.00123362
58 65 55 61 0.00414043
46 78 44 73 0.00498707
46 78 43 74 0.08031240
46 77 43 74 0.00121944
46 77 45 71 0.01327690
46 77 46 71 0.00505459
46 77 44 73 0.00084238
6 30 6 30 0.00278694
43 80 40 76 0.04026950
43 80 42 75 0.00115796
43 80 43 74 0.85706500
43 82 43 74 0.00138464
26 35 26 35 0.28699300
35 88 35 81 0.06029470
35 88 32 84 0.00102890
35 88 32 85 0.00100325
35 88 34 82 0.00145139
35 88 33 83 0.01036340
35 88 33 84 0.03172410
35 86 33 83 0.00109770
35 86 34 82 0.00155892
35 86 35 81 0.00068885
12 145 9 146 0.00102623
12 145 10 145 0.00344120
12 145 12 145 0.00443302
12 31 10 29 0.00994468
12 27 12 27 0.00201853
47 75 45 71 0.00063532
47 75 46 70 0.00474101
47 77 45 71 0.30062500
47 77 46 71 0.00475286
47 77 44 73 0.07827840
52 73 50 67 0.40313400
52 73 49 68 0.02227370
52 74 49 68 0.00954727
52 74 48 69 0.00727390
24 143 22 142 0.00056931
24 38 22 38 0.00070356
24 28 22 27 0.01140920
118 133 111 132 0.00527305
118 133 112 131 0.15158300
10 146 8 147 0.01219210
10 146 10 145 0.02024190
10 142 8 140 0.00059952
10 15 8 13 0.00304189
10 147 7 148 0.00153665
10 147 10 145 0.68861100
10 147 10 148 0.04321130
10 147 8 147 0.00950587
10 148 8 147 0.00107875
10 148 10 148 0.07049040
10 148 10 145 0.00554509
10 148 7 149 0.00143935
18 25 16 23 0.00515934
18 32 16 32 0.00126324
18 140 18 140 0.10056700
18 140 16 138 0.00211838
18 142 18 140 0.63133700
18 24 16 24 0.00058225
18 24 15 21 0.00091321
18 138 18 140 0.00063241
18 138 16 138 0.01927850
18 34 16 32 0.00222006
3 146 3 146 0.01702090
51 73 48 69 0.02142810
51 73 49 68 0.01291910
51 72 48 69 0.04698610
51 72 49 68 0.00328675
51 58 52 58 0.00065919
51 74 48 69 0.08802680
51 74 49 68 0.44073500
21 39 21 39 0.03053340
23 144 21 143 0.00067580
23 144 23 141 0.00203528
23 28 21 28 0.01437610
23 28 22 27 0.00485798
23 37 23 37 0.27093200
23 29 21 28 0.01208660
