146 146 0.54514515
139 139 0.56658889
117 117 0.99768758
126 126 0.98751695
42 43 0.11640339
42 42 0.37434057
42 41 0.01473939
32 32 0.84756755
32 31 0.00446161
32 33 0.00290746
61 61 0.59470834
61 60 0.09708423
61 62 0.00190871
114 114 0.27705994
100 101 0.01339596
100 100 0.52565619
100 99 0.04163589
100 98 0.00214185
8 8 0.79438314
143 143 0.55255063
90 90 0.38761776
90 91 0.05314906
90 89 0.06957505
90 92 0.00159014
90 87 0.00411249
90 88 0.02226022
71 72 0.00396611
71 69 0.02650910
71 70 0.00147234
71 73 0.00850253
71 71 0.35459101
123 123 0.32371540
19 19 0.51197075
50 50 0.26017735
50 49 0.00479568
50 51 0.02856982
127 127 0.48094115
36 36 0.69850321
36 35 0.00969625
36 37 0.08143794
104 103 0.00965517
104 104 0.58211493
104 105 0.00208340
1 1 0.46945114
23 23 0.45508846
134 134 0.51424728
68 67 0.00132284
68 68 0.41953485
68 69 0.00069755
68 65 0.01733959
68 66 0.00467548
68 71 0.00070623
97 98 0.04189545
97 97 0.64060043
97 95 0.00953482
97 96 0.08691379
70 70 0.25371297
70 73 0.00113303
70 71 0.00225142
70 67 0.00378240
70 68 0.00092352
70 72 0.00380628
78 75 0.00211132
78 79 0.00081615
78 80 0.00164696
78 77 0.00198592
78 78 0.26000239
78 76 0.01831412
78 81 0.00174841
150 151 0.00054913
150 150 0.79575899
136 136 0.62484255
154 154 0.79775850
154 155 0.00075115
154 153 0.00081642
138 138 0.49324035
57 57 0.30176017
57 56 0.02348278
55 54 0.01837787
55 55 0.30645618
55 56 0.01740581
6 6 0.80149095
37 36 0.01213726
37 38 0.02497116
37 37 0.55803461
142 142 0.61267843
72 72 0.37300937
72 75 0.00087590
72 74 0.00240860
72 71 0.00303863
72 70 0.00410335
72 69 0.00581888
72 73 0.00700824
93 91 0.00426737
93 92 0.04091025
93 95 0.00162306
93 94 0.05886285
93 93 0.34448917
12 12 0.49126336
158 158 0.55628261
96 95 0.09332910
96 94 0.01332837
96 97 0.04314896
96 96 0.59786073
24 24 0.53365647
160 160 0.80963406
54 55 0.01468029
54 54 0.78022272
54 53 0.01113712
135 135 0.92733791
82 79 0.00388239
82 83 0.00667975
82 80 0.00733014
82 84 0.01991869
82 82 0.23492119
82 81 0.00103323
82 85 0.00370710
84 82 0.02200559
84 85 0.03093417
84 81 0.00542463
84 87 0.00226444
84 86 0.01470089
84 84 0.45521403
84 83 0.03443991
80 80 0.17939028
80 83 0.00073560
80 79 0.00698643
80 81 0.00325265
80 78 0.00421947
80 82 0.00888843
80 77 0.01217321
21 21 0.43290440
125 125 0.63839818
137 137 0.56554724
144 144 0.66534090
155 154 0.00075128
155 155 0.68995272
155 156 0.00063734
5 5 0.93029512
51 51 0.25033828
51 52 0.00450090
51 50 0.00478178
120 120 0.54776876
121 121 0.38313234
40 40 0.57549111
40 39 0.01246173
40 41 0.14551823
153 152 0.00090448
153 153 0.69640128
153 154 0.00081567
81 82 0.00074418
81 78 0.02469845
81 81 0.33485338
81 79 0.00289531
81 83 0.00123704
81 80 0.00298136
35 35 0.60125643
35 36 0.08048772
35 34 0.00758332
101 101 0.79644945
101 100 0.03555506
101 102 0.00503714
101 99 0.00111749
119 119 0.99714934
41 40 0.01768750
41 41 0.45353623
41 42 0.10367067
46 45 0.01568532
46 47 0.05449453
46 46 0.27110569
115 115 0.38325283
83 80 0.00603443
83 84 0.02255540
83 83 0.19342304
83 81 0.00234458
83 85 0.00679628
83 86 0.00217654
83 82 0.00963695
62 61 0.00230629
62 62 0.45985696
62 63 0.00208828
110 110 0.96210144
87 87 0.44867517
87 86 0.07939660
87 88 0.06330852
87 85 0.02052082
87 89 0.00593319
87 84 0.05088409
17 17 0.99588787
66 67 0.00085424
66 64 0.02342066
66 68 0.00203801
66 66 0.64376582
66 65 0.02369868
106 106 0.64034607
106 105 0.00198833
113 113 0.32393634
111 111 0.64705511
45 45 0.53964890
45 46 0.13904139
45 44 0.01202933
47 47 0.16294725
47 48 0.00943995
47 46 0.00536618
159 159 0.66182431
16 16 0.99584653
140 140 0.51298113
15 15 0.51186907
152 152 0.86751160
152 153 0.00090367
152 151 0.00077113
130 130 0.64330312
129 129 0.59643167
74 77 0.00118001
74 71 0.00413782
74 76 0.02540313
74 73 0.01014270
74 72 0.01694058
74 75 0.00480471
74 74 0.31370132
44 44 0.21279612
44 45 0.13764063
44 43 0.01160183
56 57 0.00920172
56 55 0.02881608
56 56 0.37629227
49 50 0.03062692
49 48 0.00076700
49 49 0.23842812
116 116 0.54827212
133 133 0.61415025
63 65 0.00348519
63 63 0.72900921
63 62 0.00535726
63 64 0.03817603
60 59 0.00149774
60 61 0.03698551
60 60 0.39929850
2 2 0.65325426
31 32 0.00204792
31 30 0.00433647
31 31 0.66123601
43 44 0.07612812
43 43 0.48381505
43 42 0.01443212
88 90 0.00316743
88 85 0.00908825
88 89 0.05463265
88 87 0.09098010
88 88 0.39578527
88 86 0.02416813
77 80 0.00107026
77 74 0.00352384
77 75 0.00890039
77 79 0.01032849
77 73 0.00060833
77 78 0.00141873
77 76 0.00720943
77 77 0.20558612
108 108 0.51459969
147 147 0.65171765
52 51 0.00148228
52 52 0.20324980
52 54 0.00054423
52 53 0.00275015
79 79 0.16021627
79 80 0.00394221
79 77 0.00978830
79 81 0.00127231
79 76 0.00179525
79 78 0.00152856
89 88 0.10415989
89 86 0.00316672
89 87 0.02885415
89 89 0.33355358
89 91 0.00180036
89 90 0.03790440
95 96 0.04487937
95 97 0.00075269
95 94 0.10718596
95 95 0.29986697
95 93 0.01722422
26 26 0.89474166
112 112 0.60188483
67 68 0.00078471
67 64 0.00241296
67 67 0.33861835
67 66 0.00120333
67 70 0.00152081
67 65 0.08292050
94 93 0.11152275
94 96 0.00140160
94 94 0.38147581
94 95 0.06865389
94 92 0.00062859
107 107 0.59472820
107 106 0.00121267
85 82 0.01700455
85 85 0.49194875
85 87 0.01029638
85 86 0.05973903
85 84 0.04614347
85 83 0.01640516
10 10 0.55933246
58 58 0.28337275
58 57 0.00066612
58 59 0.00364251
124 124 0.60158676
86 87 0.06597271
86 88 0.00714949
86 86 0.43582565
86 85 0.07400550
86 83 0.03573069
86 84 0.02951279
141 141 0.78192811
149 149 0.82854664
13 13 0.37157878
34 34 0.42566349
34 33 0.00498674
34 35 0.03215706
132 132 0.59618451
14 14 0.49135491
151 152 0.00077051
151 150 0.00054959
151 151 0.84333503
128 128 0.51227327
148 148 0.74674777
28 28 0.69429244
103 102 0.01058687
103 103 0.59882264
103 104 0.00283337
7 7 0.55900933
30 31 0.00197647
30 30 0.63253456
30 29 0.00264830
145 145 0.63467909
25 25 0.53610241
18 18 0.99593671
109 109 0.49205999
156 156 0.63054539
156 155 0.00063765
156 157 0.00057067
102 103 0.00305189
102 100 0.00058556
102 101 0.01863299
102 102 0.50085285
64 67 0.00070164
64 64 0.76198271
64 63 0.10277733
64 65 0.03094506
64 66 0.00710014
48 47 0.00082034
48 49 0.01223681
48 48 0.26658093
3 3 0.56345669
99 99 0.48554496
99 98 0.07583098
99 100 0.01659139
99 97 0.00464607
39 39 0.44878494
39 38 0.01111257
39 40 0.07726085
65 64 0.07407832
65 67 0.02113313
65 68 0.00632522
65 63 0.01103125
65 66 0.00801933
65 65 0.69593600
157 156 0.00057109
157 157 0.43534595
118 118 0.99727572
11 11 0.45843376
38 38 0.50819411
38 39 0.06374409
38 37 0.00516542
73 71 0.02624152
73 76 0.00175767
73 73 0.55568682
73 70 0.00418017
73 72 0.00512651
73 75 0.01972442
73 74 0.01234495
91 90 0.06649110
91 91 0.32908320
91 92 0.03299160
91 89 0.00506317
91 93 0.00178464
27 27 0.36423237
75 72 0.01096222
75 75 0.38979636
75 74 0.00497999
75 71 0.00114772
75 77 0.01330255
75 78 0.00061752
75 76 0.01333680
75 73 0.05785157
69 67 0.00114048
69 72 0.00135249
69 69 0.14448046
69 71 0.00443743
76 77 0.00501578
76 78 0.01903495
76 76 0.35544410
76 73 0.02342040
76 72 0.00115369
76 75 0.01656792
76 74 0.01966143
92 91 0.04010646
92 90 0.00326075
92 92 0.35563746
92 93 0.03953440
20 20 0.47731852
53 53 0.40394423
53 54 0.07564300
53 52 0.00153395
59 60 0.00053260
59 58 0.02635076
59 59 0.36690733
4 4 0.87020958
105 104 0.00772129
105 105 0.73804240
98 99 0.03682611
98 98 0.46611463
98 96 0.00657576
98 97 0.08558102
131 131 0.74895097
22 22 0.40894974
33 34 0.00655421
33 33 0.55719968
33 32 0.00513776
122 122 0.27699464
29 29 0.63888516
29 30 0.00115131
9 9 0.52237376
