26 26 0.59813451
112 112 0.70054021
67 64 0.00438915
67 67 0.49665632
67 65 0.12651252
67 66 0.00230115
10 9 0.01681236
10 10 0.60869820
107 107 0.60652852
94 92 0.00077453
94 95 0.06087301
94 94 0.31323476
94 93 0.09790461
85 85 0.33358619
85 86 0.14382615
85 84 0.01422682
85 83 0.02461796
124 124 0.67042390
86 84 0.06635170
86 85 0.13232991
86 86 0.39034174
86 87 0.12729929
58 57 0.00124374
58 58 0.21336972
141 141 0.82981058
149 149 0.85435858
74 74 0.29853701
74 72 0.02907543
74 75 0.02851459
74 76 0.00144480
74 71 0.00552774
129 129 0.74396847
49 50 0.02979949
49 49 0.26574603
56 56 0.54746801
56 57 0.00191975
56 55 0.04275891
44 45 0.08561162
44 44 0.51578692
133 133 0.63910051
116 116 0.73672939
63 63 0.50593358
63 62 0.00857105
43 43 0.62678900
43 44 0.03223565
31 31 0.79567765
31 32 0.00472454
2 1 0.00147777
2 2 0.74758295
60 59 0.00215391
60 60 0.44136329
88 89 0.15538316
88 87 0.14205799
88 86 0.01336302
88 88 0.46125087
77 75 0.11833473
77 77 0.11127637
77 78 0.01155303
108 108 0.47216968
147 147 0.64427186
52 52 0.27658641
52 51 0.00365259
52 53 0.00164885
79 79 0.11431160
79 80 0.04874387
79 77 0.08686991
89 90 0.09170109
89 87 0.01296795
89 88 0.13356105
89 89 0.38223908
95 96 0.09349661
95 95 0.35284390
95 94 0.12108570
27 27 0.32204008
75 73 0.12979576
75 76 0.03934028
75 77 0.00118996
75 75 0.34965682
75 72 0.00354081
69 68 0.00085303
69 67 0.00597796
69 66 0.00128255
69 69 0.07047240
20 20 0.46313019
92 93 0.09037197
92 91 0.00842843
92 92 0.36590877
76 77 0.02496424
76 76 0.27999906
76 78 0.00051134
76 73 0.00490966
76 74 0.12882566
53 52 0.00414332
53 54 0.06750941
53 53 0.65356229
59 58 0.01104513
59 59 0.29598998
4 4 0.87530981
4 3 0.02448573
98 97 0.00932285
98 99 0.07938497
98 98 0.55514671
105 105 0.77391016
105 106 0.00120634
22 22 0.53292769
131 131 0.77623109
33 33 0.50935969
33 34 0.00378744
9 8 0.00058410
9 9 0.55922112
29 30 0.00277226
29 29 0.77156123
122 122 0.19027058
34 35 0.00658173
34 34 0.42010151
13 13 0.29011939
13 12 0.00272658
151 151 0.83488088
128 128 0.58325541
132 132 0.59515228
14 14 0.42534964
14 13 0.01137254
148 148 0.75489549
7 6 0.01055691
7 7 0.51699422
103 102 0.00052140
103 103 0.65972745
103 104 0.00543422
28 28 0.57892269
145 145 0.64227935
25 25 0.48055451
30 31 0.00459323
30 30 0.75366828
109 109 0.40560988
156 156 0.74168589
18 18 0.81554797
3 2 0.02242108
3 3 0.73360202
102 102 0.61944175
102 101 0.00178154
102 103 0.00661016
48 49 0.00374450
48 48 0.30660218
64 63 0.14085433
64 62 0.00063023
64 64 0.77861509
99 100 0.03360637
99 99 0.61561875
99 98 0.00443831
65 64 0.12838124
65 63 0.01546515
65 65 0.71830389
157 157 0.22173500
39 39 0.63224302
39 40 0.07323266
38 39 0.04860793
38 38 0.54208191
73 70 0.00388047
73 73 0.44195780
73 71 0.03478406
73 74 0.01370348
73 75 0.00135207
11 11 0.26303060
11 10 0.02957454
118 118 0.88913933
91 92 0.02957667
91 91 0.37221999
91 90 0.07775698
23 23 0.18200275
68 67 0.00098284
68 68 0.41720062
68 66 0.00769333
68 65 0.02275877
134 134 0.52066472
97 96 0.01451234
97 97 0.66526054
97 98 0.09178534
70 67 0.00736689
70 68 0.00215267
70 69 0.00102951
70 70 0.20150450
70 71 0.00127381
78 79 0.00696220
78 76 0.12398497
78 78 0.21115715
150 150 0.81619247
136 136 0.60191410
154 154 0.72517381
138 138 0.50090243
55 54 0.01373987
55 56 0.00567431
55 55 0.45582745
6 5 0.02770434
6 6 0.86535935
57 57 0.28004133
57 56 0.04383154
93 91 0.00097370
93 92 0.02542521
93 94 0.05900105
93 93 0.35286106
37 37 0.59860005
37 38 0.01910893
72 69 0.00421864
72 70 0.01319988
72 73 0.01168614
72 74 0.00135621
72 72 0.38637875
142 142 0.69789645
12 11 0.02877000
12 12 0.58685447
160 160 0.74696704
24 24 0.46497913
96 96 0.68862149
96 97 0.09385287
96 95 0.01984402
158 158 0.55027401
135 135 0.76574018
54 54 0.82343148
54 53 0.00737319
54 55 0.00940567
82 80 0.07330298
82 83 0.04103488
82 81 0.00140148
82 82 0.19227231
146 146 0.57333581
139 139 0.65063487
126 126 0.85325124
117 117 0.85618572
42 43 0.05848735
42 42 0.51345027
32 33 0.00537773
32 32 0.88724188
8 7 0.00969186
8 8 0.69797361
100 101 0.01288296
100 100 0.55215071
100 99 0.00260586
61 61 0.53534529
61 60 0.12412846
114 114 0.18558886
71 72 0.00480569
71 68 0.00213487
71 69 0.01191875
71 70 0.00055711
71 71 0.30554437
143 143 0.57167358
90 88 0.00083282
90 89 0.01205685
90 90 0.38924197
90 91 0.02695025
123 123 0.19109108
19 19 0.41197687
36 37 0.02616877
36 36 0.69844098
127 127 0.48987289
50 51 0.04041134
50 50 0.26121551
1 1 0.41293588
104 104 0.60487077
104 105 0.00445232
46 46 0.37319928
46 47 0.03256691
83 83 0.21125925
83 84 0.10377871
83 81 0.00668556
83 85 0.00086223
83 82 0.00312719
115 115 0.45087659
62 62 0.40261738
62 61 0.00730891
110 110 0.84271204
66 64 0.03071099
66 65 0.02940221
66 66 0.72604184
17 16 0.00467569
17 17 0.89740895
87 85 0.02207148
87 88 0.10553545
87 86 0.12857195
87 87 0.41246763
106 107 0.00064266
106 106 0.66668823
111 111 0.60571795
113 113 0.19195787
47 47 0.17565393
47 48 0.00441147
45 45 0.67352593
45 46 0.07323004
159 159 0.66574804
16 16 0.85933301
16 15 0.00975936
140 140 0.69783810
15 14 0.01152624
15 15 0.47977546
130 130 0.77866451
152 152 0.83935317
80 80 0.08967824
80 78 0.09866287
80 81 0.07687086
84 84 0.27291279
84 83 0.00710534
84 85 0.09933624
84 86 0.00073022
84 82 0.08543009
125 125 0.59817168
21 21 0.45485263
137 137 0.57321240
144 144 0.69353235
155 155 0.76638351
120 120 0.72922148
51 51 0.19682162
51 52 0.00540313
51 50 0.00222523
5 5 0.93258575
5 4 0.02600328
40 41 0.06694575
40 40 0.70860591
121 121 0.43068386
81 80 0.00055870
81 79 0.06593602
81 81 0.05045811
81 82 0.01669032
153 152 0.00069534
153 153 0.75926902
35 36 0.00434680
35 35 0.58718135
101 100 0.00265439
101 101 0.60777257
101 102 0.00615147
41 42 0.05359463
41 41 0.57140809
119 119 0.85002132
