115 124 115 124 0.14370300
14 19 14 19 0.41091500
83 144 83 144 0.15933500
83 96 83 96 0.06902890
83 92 83 92 0.01052850
88 95 88 95 0.01479840
88 155 88 155 0.00156201
88 99 88 99 0.00384061
96 146 96 146 0.24030700
96 155 96 155 0.01233280
62 67 62 67 0.17137500
105 137 105 137 0.66670200
53 58 53 58 0.05139970
53 60 53 60 0.08035670
94 148 94 148 0.05015900
94 152 94 152 0.03857450
94 157 94 157 0.02057720
13 20 13 20 0.38481000
13 17 13 17 0.22798700
95 151 95 151 0.05419380
95 156 95 156 0.02286630
87 156 87 156 0.00127829
87 100 87 100 0.00107624
87 93 87 93 0.03645580
87 94 87 94 0.03058460
81 146 81 146 0.23078100
36 41 36 41 0.02111810
36 52 36 52 0.00942887
36 88 36 88 0.00547912
36 93 36 93 0.02132760
36 53 36 53 0.01898490
36 43 36 43 0.00888842
36 149 36 149 0.04146130
36 153 36 153 0.09495030
59 67 59 67 0.07320230
59 68 59 68 0.10907900
84 91 84 91 0.02978220
84 95 84 95 0.15653800
35 94 35 94 0.01424470
35 53 35 53 0.00704531
35 54 35 54 0.01350210
35 41 35 41 0.03412020
35 44 35 44 0.00455264
10 24 10 24 0.40072000
10 157 10 157 0.00060810
10 20 10 20 0.17484100
118 125 118 125 0.03567820
116 126 116 126 0.51473300
77 150 77 150 0.22662400
90 98 90 98 0.01611150
90 152 90 152 0.00836331
90 157 90 157 0.02318800
8 26 8 26 0.45202700
8 22 8 22 0.15911300
55 73 55 73 0.41677900
89 98 89 98 0.01164610
89 95 89 95 0.01529010
89 158 89 158 0.01347320
89 99 89 99 0.00340461
29 158 29 158 0.01360500
29 38 29 38 0.00269069
29 155 29 155 0.01186490
106 136 106 136 0.87867500
99 143 99 143 0.66761400
39 88 39 88 0.08502470
39 89 39 89 0.06173560
39 50 39 50 0.06244840
39 93 39 93 0.00944245
39 149 39 149 0.02857190
39 90 39 90 0.01907460
41 74 41 74 0.03921600
41 87 41 87 0.04906510
41 91 41 91 0.01095390
41 48 41 48 0.06458830
41 157 41 157 0.01201940
41 86 41 86 0.04065990
12 21 12 21 0.33933800
12 17 12 17 0.00622775
12 18 12 18 0.17337200
5 27 5 27 0.05674460
5 29 5 29 0.37536100
6 28 6 28 0.46945100
6 24 6 24 0.08411640
6 26 6 26 0.00916375
102 140 102 140 0.70957300
74 153 74 153 0.16458500
25 34 25 34 0.00108247
25 159 25 159 0.00286698
2 28 2 28 0.03235820
2 32 2 32 0.22849100
2 157 2 157 0.03195340
2 35 2 35 0.13303100
2 33 2 33 0.01298000
4 158 4 158 0.01374010
4 33 4 33 0.12569500
4 26 4 26 0.04674520
4 28 4 28 0.09654740
33 93 33 93 0.00321330
33 40 33 40 0.01803090
33 156 33 156 0.12257400
33 89 33 89 0.00228132
79 148 79 148 0.29853200
40 49 40 49 0.06872660
40 87 40 87 0.09535160
40 148 40 148 0.02094320
11 23 11 23 0.40310400
11 19 11 19 0.17819100
27 33 27 33 0.00432961
27 157 27 157 0.00915994
49 64 49 64 0.01250180
49 79 49 79 0.30559500
49 66 49 66 0.10608700
110 129 110 129 0.12291300
31 87 31 87 0.00052951
31 91 31 91 0.00206773
31 42 31 42 0.00713179
31 38 31 38 0.01064670
31 157 31 157 0.02831500
31 152 31 152 0.00250344
31 95 31 95 0.00140834
92 158 92 158 0.00692607
92 155 92 155 0.02209770
108 131 108 131 0.21020800
58 70 58 70 0.41919200
103 139 103 139 0.60507300
114 128 114 128 0.51548400
114 125 114 125 0.08599970
9 25 9 25 0.38918200
9 21 9 21 0.13688900
9 158 9 158 0.00093827
152 156 152 156 0.03193040
98 143 98 143 0.03298180
111 128 111 128 0.07271440
111 131 111 131 0.33847200
85 90 85 90 0.04525970
85 94 85 94 0.13414300
85 143 85 143 0.00781250
32 156 32 156 0.02418610
32 41 32 41 0.01073530
32 37 32 37 0.01925990
32 90 32 90 0.00225674
32 151 32 151 0.00230988
32 94 32 94 0.00195652
100 142 100 142 0.70743500
28 156 28 156 0.01400510
28 41 28 41 0.00100526
28 90 28 90 0.00078414
42 156 42 156 0.00878002
42 88 42 88 0.03740420
42 90 42 90 0.01208430
42 73 42 73 0.12181300
43 87 43 87 0.02307340
43 158 43 158 0.00927321
43 72 43 72 0.11915700
43 86 43 86 0.21565500
60 66 60 66 0.02845290
60 67 60 67 0.21742000
60 68 60 68 0.14880900
117 125 117 125 0.49334400
151 157 151 157 0.02273860
51 62 51 62 0.05845720
51 77 51 77 0.26426200
51 60 51 60 0.02875320
38 92 38 92 0.01263370
38 90 38 90 0.05465870
38 51 38 51 0.04123460
38 94 38 94 0.00902251
38 150 38 150 0.02914680
38 89 38 89 0.05031370
38 147 38 147 0.02073290
86 94 86 94 0.02050320
86 93 86 93 0.12729100
80 147 80 147 0.25157900
30 158 30 158 0.01768040
30 39 30 39 0.00809599
30 157 30 157 0.03077230
50 61 50 61 0.04200920
50 78 50 78 0.31656500
3 34 3 34 0.19075800
3 31 3 31 0.20471200
3 27 3 27 0.02778710
3 30 3 30 0.03225340
3 29 3 29 0.07312160
3 156 3 156 0.00745890
3 159 3 159 0.01817900
109 133 109 133 0.33727900
109 134 109 134 0.04027810
109 130 109 130 0.17757800
112 130 112 130 0.47741700
1 158 1 158 0.04516820
1 33 1 33 0.14465600
1 28 1 28 0.00335367
1 32 1 32 0.01473760
1 36 1 36 0.11635400
150 158 150 158 0.01096870
61 68 61 68 0.03792410
61 65 61 65 0.07244480
61 66 61 66 0.16482800
101 141 101 141 0.70957300
56 72 56 72 0.34288100
47 82 47 82 0.29583500
47 68 47 68 0.13951700
45 70 45 70 0.14093000
45 84 45 84 0.28973600
45 156 45 156 0.00833754
7 27 7 27 0.49636300
7 23 7 23 0.11793600
78 149 78 149 0.28819000
44 71 44 71 0.12452600
44 85 44 85 0.27371500
44 157 44 157 0.01027620
44 86 44 86 0.01213310
107 135 107 135 0.65961800
107 133 107 133 0.02603860
107 134 107 134 0.03520310
93 98 93 98 0.01369500
93 157 93 157 0.00816395
93 158 93 158 0.01339610
113 129 113 129 0.45328200
76 151 76 151 0.26519100
57 71 57 71 0.34468100
48 81 48 81 0.23844800
48 67 48 67 0.18551900
97 145 97 145 0.36386800
75 152 75 152 0.24918100
54 74 54 74 0.33895500
54 59 54 59 0.08834570
104 138 104 138 0.70957200
91 156 91 156 0.02515990
91 97 91 97 0.02206260
91 151 91 151 0.01247980
34 155 34 155 0.33563300
46 69 46 69 0.11088500
46 155 46 155 0.00529680
46 83 46 83 0.23692800
52 61 52 61 0.07704480
52 59 52 59 0.03785870
52 76 52 76 0.33623500
37 95 37 95 0.00854046
37 152 37 152 0.06434620
37 148 37 148 0.03725070
37 42 37 42 0.01922650
37 91 37 91 0.05841740
37 87 37 87 0.00490035
82 145 82 145 0.23145600
26 34 26 34 0.00188743
26 159 26 159 0.00061055
