81 86 81 86 0.51118200
13 108 13 109 0.03967590
35 54 35 54 0.37659600
10 111 10 112 0.06518830
10 111 11 111 0.00094630
134 149 134 149 0.13068600
134 150 134 150 0.12937400
77 82 77 82 0.01483000
77 83 77 83 0.01532710
77 89 77 89 0.72615500
77 85 77 85 0.01623620
77 84 77 84 0.03329830
77 90 77 90 0.03928660
125 156 125 156 0.92732500
126 155 126 155 0.92823600
131 149 131 149 0.01446540
131 150 131 150 0.20020400
122 158 122 158 0.38722500
2 120 2 120 0.56885300
73 86 73 86 0.00348113
132 149 132 149 0.10486700
132 150 132 150 0.03471360
137 147 137 147 0.59034900
4 121 4 121 0.01863610
79 86 79 86 0.01437140
79 87 79 87 0.47393300
40 48 39 48 0.00464152
40 48 40 46 0.04112130
40 49 39 49 0.03657870
40 49 39 48 0.00083224
40 49 38 49 0.01552470
11 110 12 110 0.00076367
11 110 11 110 0.16334000
11 110 11 111 0.03539650
11 109 11 110 0.00841703
8 114 8 114 0.31237700
8 113 9 113 0.00080511
8 113 8 114 0.02501380
8 13 8 13 0.03080470
6 115 6 115 0.07880650
6 115 6 116 0.00340565
74 79 74 79 0.00055681
74 83 74 83 0.00124483
74 85 74 85 0.00315294
74 90 74 90 0.04581330
39 50 37 50 0.01549470
39 50 39 49 0.01365500
39 50 39 48 0.08852740
39 50 38 49 0.00084415
39 50 38 50 0.04260860
41 48 39 48 0.01042030
41 48 41 47 0.00186566
41 47 41 47 0.17849400
41 47 41 45 0.00538657
41 47 40 46 0.00063641
12 108 12 109 0.00259940
12 109 12 109 0.19654800
12 109 12 110 0.05683130
12 109 13 109 0.00067095
5 120 5 120 0.17255600
5 115 5 116 0.00227370
42 46 40 46 0.00234906
42 46 41 45 0.00067908
42 46 42 46 0.18667400
123 158 123 158 0.24589900
121 159 121 159 0.48535600
71 95 71 95 0.42546100
3 119 3 119 0.17097900
3 122 3 122 0.01168160
136 148 136 148 0.98459400
38 51 38 49 0.08997630
38 51 38 50 0.01312910
38 51 37 50 0.00079434
80 85 80 85 0.03513890
9 112 10 112 0.00187646
9 112 9 113 0.03690240
9 113 9 113 0.30011900
139 145 139 145 0.98894600
133 150 133 150 0.35087200
138 146 138 146 0.59035000
70 96 70 96 0.20419800
135 149 135 149 0.48069300
127 154 127 154 0.98950600
34 55 34 55 0.57986100
128 153 128 153 0.58903500
75 89 75 89 0.01427960
75 82 75 82 0.00131808
75 84 75 84 0.00215488
75 85 75 85 0.00260215
37 52 37 50 0.08852110
68 99 68 99 0.13049700
129 152 129 152 0.63708700
129 151 129 151 0.07853740
69 97 69 97 0.14814700
69 98 69 98 0.08225510
76 88 76 88 0.02362140
76 83 76 83 0.00456845
76 90 76 90 0.72227800
76 84 76 84 0.00650076
76 81 76 81 0.01013890
76 85 76 85 0.01739950
7 14 7 14 0.02369440
7 115 7 115 0.27583200
130 150 130 150 0.06227230
78 84 78 84 0.01463570
78 83 78 83 0.03215960
78 82 78 82 0.01599300
78 89 78 89 0.02265680
78 88 78 88 0.46316600
