69 70 0.00592897
69 69 0.98855800
132 132 0.97230300
134 134 0.90852400
30 29 0.00181776
30 31 0.00481588
30 30 0.98852600
104 104 0.99987700
107 107 0.99970100
122 122 0.61060800
15 14 0.00247946
15 15 0.99214600
43 43 0.99483100
34 35 0.02002980
34 33 0.00299855
34 34 0.96771600
5 5 0.09888050
41 41 0.99494500
41 42 0.00063504
135 135 0.60026700
94 94 0.99588900
40 40 0.99317200
40 41 0.00089495
60 60 0.99849200
147 147 0.99994700
52 52 0.99851200
98 98 0.99591900
54 54 0.99892000
106 106 0.99994300
48 48 0.77586400
93 93 0.85492700
59 59 0.72865900
111 110 0.01131340
111 111 0.97841200
44 44 0.77074800
78 78 0.99473000
25 25 0.99487500
95 95 0.99591100
47 47 0.72862400
14 14 0.99328000
14 13 0.00138789
150 150 0.99998300
19 19 0.99481700
19 18 0.00101278
129 129 0.43488900
108 108 0.99815100
140 140 0.99658400
140 139 0.00326420
113 114 0.00053936
113 113 0.95164000
113 112 0.03059750
1 1 0.55102400
87 88 0.00092321
87 86 0.00141535
87 87 0.99361700
131 131 0.51623600
128 128 0.61060500
125 125 0.99831600
116 116 0.59480400
116 115 0.00536067
74 75 0.00062754
74 74 0.99393900
74 73 0.00066767
90 90 0.99625800
56 56 0.99911200
126 126 0.99832000
75 76 0.00050237
75 74 0.00085799
75 75 0.99384000
39 39 0.98198900
39 40 0.00262263
50 50 0.99938200
105 105 0.99995200
71 72 0.00439050
71 71 0.98998800
148 148 0.64213800
51 51 0.99927100
123 123 0.35431200
31 32 0.00550543
31 30 0.00157547
31 31 0.98832700
35 36 0.02451150
35 35 0.96257800
35 34 0.00785435
53 53 0.99846900
80 80 0.99520000
37 38 0.02416780
37 36 0.00574230
37 37 0.96474300
72 73 0.00156109
72 72 0.99052500
143 142 0.00197415
143 143 0.99785300
10 10 0.99575000
136 136 0.59979200
83 83 0.99441800
83 84 0.00065557
144 143 0.00186016
144 144 0.99799600
81 81 0.99500500
70 71 0.00516606
70 70 0.98929800
32 31 0.00160984
32 33 0.01041910
32 32 0.98281700
28 29 0.00342852
28 28 0.98962100
28 27 0.00211577
97 97 0.99591500
55 55 0.99914500
45 45 0.41747300
76 76 0.99396000
76 75 0.00096591
3 3 0.99583000
112 111 0.02135140
112 112 0.95713400
127 127 0.35433000
13 13 0.99443000
23 23 0.99559500
138 138 0.97161500
84 83 0.00060724
84 84 0.99358000
84 85 0.00118088
141 141 0.99663600
141 140 0.00320629
29 29 0.98898400
29 30 0.00416748
29 28 0.00200126
27 28 0.00262816
27 27 0.99072400
27 26 0.00058918
118 118 0.51647400
118 117 0.00192865
17 16 0.00453582
17 17 0.99071200
21 21 0.99575600
82 82 0.99490100
62 62 0.77088800
91 91 0.99634000
12 12 0.99559200
85 85 0.99328700
85 84 0.00086288
85 86 0.00072764
130 130 0.85264900
145 145 0.10213300
145 144 0.00082738
114 114 0.95167700
114 113 0.01918900
73 73 0.99332600
73 74 0.00078124
73 72 0.00065785
67 68 0.00529371
67 67 0.99000200
46 46 0.99819400
49 49 0.68654600
9 9 0.99557900
103 103 0.70597800
61 61 0.41772000
38 37 0.00327664
38 39 0.01343750
38 38 0.96829700
101 101 0.99590600
63 64 0.00084422
63 63 0.99460400
24 24 0.99540700
102 102 0.78960200
142 142 0.99661400
142 141 0.00313905
65 65 0.99374100
65 66 0.00206427
4 4 0.26397900
133 133 0.59835400
119 118 0.00131584
119 119 0.97129200
20 20 0.99528200
20 19 0.00057789
42 42 0.99493600
42 43 0.00053712
16 15 0.00356222
16 16 0.99076200
79 79 0.99493300
117 116 0.00438937
117 117 0.96185700
121 121 0.30342900
68 69 0.00657765
68 68 0.98853200
89 89 0.99597700
36 35 0.00821108
36 37 0.02441550
36 36 0.96218400
18 18 0.99176200
18 17 0.00390604
149 149 0.55239200
86 86 0.85266200
86 87 0.00070111
86 85 0.00111567
120 120 0.53832100
146 146 0.26802900
99 99 0.99592000
64 64 0.99388600
64 65 0.00172730
7 7 0.99562400
139 139 0.98475700
92 92 0.99642800
96 96 0.99591000
57 57 0.68648300
137 137 0.96507700
22 22 0.99579100
151 151 0.96383300
58 58 0.77586700
110 110 0.78073100
110 109 0.00335829
66 66 0.99203700
66 67 0.00373449
8 8 0.99552700
6 6 0.99586200
33 33 0.97724100
33 34 0.01529160
33 32 0.00231118
26 27 0.00067960
26 26 0.99433400
124 124 0.99831100
2 2 0.60191800
11 11 0.99581700
115 114 0.01030660
115 115 0.59273200
88 87 0.00157875
88 88 0.99383400
100 100 0.99591600
109 109 0.70323300
109 108 0.00182134
77 77 0.99484300
