33 33 0.96171700
33 32 0.00413827
6 6 0.07702760
8 8 0.99352700
8 9 0.00106445
8 7 0.00200980
66 66 0.95306200
66 67 0.00160383
11 12 0.00063392
11 10 0.00181419
11 11 0.98900500
2 2 0.89865700
124 124 0.98703200
26 25 0.00078387
26 26 0.98368600
22 22 0.97918300
22 21 0.00145898
151 151 0.84060600
137 138 0.01654340
137 137 0.86681400
110 110 0.93507600
110 111 0.00124698
58 58 0.95651000
100 100 0.99989700
109 109 0.99850300
77 75 0.00322170
77 74 0.00069827
77 78 0.00145735
77 77 0.98437500
77 76 0.00116511
115 115 0.93601200
115 116 0.01048930
88 88 0.99524400
88 87 0.00243547
120 120 0.70626700
146 146 0.91493800
146 147 0.06784800
86 86 0.78583000
86 85 0.00162990
149 149 0.71443500
18 19 0.00329424
18 18 0.96667400
18 17 0.00841415
64 64 0.95456800
99 99 0.99988300
117 117 0.85780100
117 118 0.00082561
36 36 0.95535500
36 35 0.00108794
89 89 0.92901600
68 68 0.94195900
68 67 0.00144338
68 69 0.01123950
121 121 0.63141300
92 92 0.99976500
57 57 0.95650800
96 96 0.78246600
139 140 0.12618400
139 139 0.86921100
7 6 0.00081707
7 7 0.99514600
7 8 0.00068370
4 4 0.99773400
65 65 0.95452200
142 142 0.88192900
142 143 0.10719500
142 141 0.00162868
102 102 0.78220400
38 38 0.95561000
38 37 0.00085910
24 24 0.98367400
63 63 0.95471300
101 101 0.78230800
42 42 0.59187200
16 15 0.01015420
16 17 0.00548889
16 16 0.96720100
79 77 0.00330866
79 79 0.98526800
79 78 0.00074882
79 80 0.00111489
119 119 0.97760900
133 134 0.04915140
133 133 0.81536100
20 20 0.97340800
20 19 0.00279644
20 21 0.00289048
130 130 0.88269400
85 85 0.99366200
85 83 0.00052141
73 73 0.97162200
73 74 0.00249607
73 72 0.01324630
73 71 0.00142979
145 146 0.00585522
145 144 0.00213164
145 145 0.90565400
114 114 0.98408700
114 115 0.01408570
62 62 0.95484700
82 82 0.99016800
82 80 0.00080860
21 22 0.00056490
21 21 0.97442200
21 20 0.00151662
12 12 0.97968400
12 11 0.00253709
12 13 0.00141889
91 91 0.99960500
9 10 0.00136909
9 9 0.99295000
9 8 0.00304052
61 61 0.95558700
103 103 0.99843900
103 104 0.00076448
46 46 0.99924700
67 68 0.00963173
67 67 0.94382600
49 49 0.99945600
127 127 0.55984800
112 113 0.01273160
112 111 0.00099177
112 112 0.98513100
3 3 0.78951200
81 79 0.00085440
81 82 0.00068087
81 81 0.98927400
70 69 0.00151556
70 70 0.95159200
70 71 0.00858850
144 144 0.89756900
144 143 0.00206373
144 145 0.09118200
45 45 0.51275900
76 76 0.98100500
76 77 0.00153868
76 73 0.00102720
76 75 0.00389553
76 74 0.00279747
32 32 0.97498600
32 31 0.00380677
55 55 0.60881400
28 29 0.00111710
28 27 0.00364625
28 28 0.98557700
97 97 0.99997100
29 29 0.98580700
29 28 0.00367341
29 30 0.00085562
84 84 0.07171140
141 140 0.00078915
141 142 0.11501900
141 141 0.67349800
17 17 0.96498400
17 18 0.00569432
17 16 0.01107680
118 118 0.86396100
118 119 0.00054148
27 27 0.98146500
27 26 0.00116839
27 28 0.00130967
13 12 0.00735119
13 13 0.97699600
13 14 0.00214015
138 138 0.86627300
138 139 0.12932900
23 23 0.98308700
105 105 0.94554700
71 71 0.95664800
71 70 0.01409070
71 72 0.00479849
50 50 0.51290000
39 39 0.95601700
39 38 0.00050779
75 76 0.00199849
75 73 0.00258808
75 74 0.00526617
75 72 0.00110834
75 75 0.97932000
148 148 0.64555200
148 149 0.00115542
74 73 0.00666818
74 74 0.97811400
74 72 0.00200002
74 75 0.00247555
126 126 0.85081800
56 56 0.95651100
90 90 0.99932100
143 144 0.09908950
143 143 0.88992100
143 142 0.00176489
72 73 0.00298186
72 71 0.01063560
72 70 0.00106493
72 72 0.96372800
136 137 0.08506260
136 136 0.86131900
83 83 0.07095890
10 11 0.00179326
10 10 0.99294100
10 9 0.00277780
35 35 0.95577900
31 30 0.00358641
31 31 0.97666600
123 123 0.65318000
51 51 0.38131200
37 36 0.00083864
37 37 0.95567500
80 81 0.00075396
80 78 0.00128377
80 80 0.98837800
53 53 0.59186800
111 112 0.00490108
111 111 0.99313500
111 110 0.00062684
44 44 0.38132000
59 59 0.95648800
48 48 0.99936700
93 93 0.99992900
95 95 0.78249300
78 78 0.98456500
78 77 0.00091342
78 76 0.00348831
78 79 0.00134577
25 25 0.98384400
52 52 0.20505400
147 148 0.00798941
147 147 0.93176600
60 60 0.95636000
40 40 0.60872700
106 106 0.94688500
54 54 0.64473200
98 98 0.99996300
131 131 0.79210900
131 132 0.00704740
87 87 0.99413900
87 86 0.00331789
116 116 0.87258000
116 117 0.00075939
125 125 0.97546400
128 128 0.51069700
19 18 0.00338868
19 19 0.97253000
19 20 0.00296633
150 150 0.92752500
14 15 0.00239688
14 13 0.00864512
14 14 0.97449600
47 47 0.99939900
1 1 0.87574700
113 112 0.00074513
113 113 0.86937100
113 114 0.01327500
140 140 0.81305300
140 141 0.12324000
140 139 0.00057755
108 108 0.99889700
129 129 0.66354600
104 104 0.91999100
134 134 0.85578500
134 135 0.00290632
132 133 0.03338610
132 132 0.94837600
69 68 0.00199218
69 70 0.00901587
69 69 0.94216600
30 31 0.00059678
30 29 0.00363547
30 30 0.98620800
34 34 0.96129400
43 43 0.20507400
41 41 0.64472900
94 94 0.93002800
135 135 0.85087100
135 136 0.08461040
5 5 0.07664550
107 107 0.90059400
122 122 0.57918300
15 15 0.97251000
15 16 0.00278571
15 14 0.00979360
