95 85 0.01555811
95 80 0.00421519
95 86 0.01575713
95 88 0.01687549
95 82 0.02986136
95 84 0.00449397
95 87 0.00109209
95 83 0.00590408
95 81 0.00481747
89 74 0.00082774
89 82 0.04422035
89 80 0.12374102
89 75 0.00091379
89 81 0.22923762
89 76 0.14172844
89 77 0.00988999
89 79 0.05943484
89 73 0.00085950
32 23 0.01100927
32 24 0.00774609
32 20 0.00972805
32 22 0.00138032
32 19 0.00170638
32 21 0.00064242
32 25 0.00062326
56 50 0.01372076
56 48 0.00687411
56 47 0.03283005
56 46 0.06270028
56 43 0.00519982
118 102 0.00070533
118 108 0.03134968
118 100 0.00052544
118 101 0.00214677
118 103 0.04328175
118 109 0.00748591
118 106 0.00917966
118 107 0.00461519
118 104 0.02678984
118 105 0.00606208
118 110 0.00158649
83 70 0.07558863
83 74 0.34313202
83 75 0.09361698
83 76 0.00370471
83 73 0.01811961
72 63 0.05101841
72 62 0.00086390
72 59 0.07524871
72 64 0.06027283
67 60 0.00355734
67 57 0.04079350
67 54 0.35258618
67 61 0.00070076
67 53 0.00233152
67 55 0.03878536
67 58 0.03871818
67 56 0.01331665
67 59 0.00633822
138 126 0.03984342
138 123 0.48311275
75 67 0.00122265
75 62 0.06034804
75 66 0.37861044
94 87 0.00062332
94 84 0.33735930
94 79 0.00330391
94 81 0.03158426
94 83 0.00090789
94 80 0.00441086
94 85 0.01300935
94 82 0.03908507
94 86 0.00165297
129 114 0.21513339
129 119 0.01120506
129 115 0.00789530
129 116 0.00066430
129 117 0.03371835
71 59 0.00235300
71 62 0.02678985
71 61 0.00324766
71 58 0.10247572
71 63 0.11237088
71 60 0.00069300
117 105 0.00151772
117 104 0.00428025
117 107 0.00690586
117 103 0.01756347
117 106 0.01239382
117 109 0.00078200
117 101 0.00068509
117 102 0.09871035
117 100 0.00170939
117 108 0.00668997
108 93 0.06040723
108 97 0.00213055
108 98 0.37036816
108 101 0.00092381
102 94 0.00602947
102 88 0.00059777
102 95 0.01455272
102 91 0.00113301
102 87 0.00607507
102 93 0.00509903
102 92 0.00730916
82 74 0.21948869
82 75 0.00174422
82 72 0.00369920
82 69 0.08177388
82 73 0.41868342
15 9 0.02933598
15 4 0.05259053
15 3 0.00173286
15 12 0.00115251
15 10 0.00273941
15 5 0.01629382
15 7 0.06630968
15 11 0.00142341
15 6 0.07600234
15 13 0.00055297
15 2 0.00458382
15 8 0.09459988
55 49 0.03260095
55 47 0.01054925
55 45 0.05134341
55 42 0.00489477
55 46 0.02412727
53 38 0.00381950
53 47 0.00648316
53 44 0.01592459
53 39 0.00076720
53 43 0.00148018
53 40 0.46513612
53 45 0.01148888
134 122 0.00345692
134 119 0.31362624
66 54 0.03297753
66 53 0.33332791
66 55 0.00817804
66 58 0.02990847
66 56 0.07394327
66 60 0.00137296
66 57 0.04465233
16 9 0.09508935
16 4 0.00182850
16 3 0.00665178
16 12 0.00144180
16 5 0.05426159
16 10 0.01096725
16 7 0.08998041
16 11 0.00110241
16 6 0.03278325
16 13 0.00279209
16 8 0.06813999
77 68 0.44286419
77 64 0.00409210
77 69 0.14606532
93 77 0.00069590
93 81 0.05619730
93 78 0.00332235
93 83 0.09886983
93 84 0.07170442
93 79 0.00476233
93 86 0.00349055
93 82 0.00251831
93 85 0.01933250
93 80 0.05027553
135 123 0.02919694
135 120 0.50429363
135 121 0.00120345
64 57 0.00215303
64 50 0.00070463
64 56 0.06150476
64 54 0.05796989
64 53 0.00850035
64 55 0.07203092
64 58 0.01312895
64 52 0.03044363
64 51 0.30551962
98 83 0.01154646
98 90 0.00443937
98 87 0.00202778
98 84 0.00627258
98 89 0.04988512
98 86 0.00170349
98 88 0.38647417
98 85 0.00859683
130 120 0.00099285
130 118 0.04821512
130 121 0.00052402
130 115 0.18066730
130 116 0.00448627
24 15 0.06548134
24 12 0.01028928
24 16 0.00065173
24 14 0.07896497
24 11 0.02475582
24 10 0.00077935
24 13 0.02360349
24 17 0.07898569
46 33 0.00520235
46 37 0.16653748
111 96 0.11125276
111 101 0.46879931
111 100 0.11057159
111 102 0.00627596
40 28 0.04613716
40 31 0.12513839
40 27 0.17019980
40 30 0.00588734
40 25 0.00246124
35 24 0.00543793
35 23 0.06211824
35 22 0.01287762
35 20 0.00124927
35 25 0.03676436
35 27 0.01471498
35 26 0.21001131
136 121 0.34667687
136 124 0.09275994
33 25 0.00965849
33 19 0.00129165
33 21 0.12015717
33 20 0.00251662
33 22 0.00111556
33 23 0.02093362
33 24 0.03563315
33 26 0.00085547
58 49 0.04052114
58 50 0.00864241
58 48 0.04206744
58 45 0.42065395
58 52 0.00110272
58 46 0.00833830
58 51 0.00122136
73 61 0.00236777
73 63 0.00449359
73 60 0.00431924
73 64 0.39090889
73 65 0.05057233
107 92 0.09391529
107 97 0.00869010
107 96 0.12442855
114 99 0.10860425
114 100 0.00498517
114 102 0.00516391
114 101 0.00061376
114 104 0.06231067
114 105 0.00074435
114 103 0.01845512
128 115 0.00421102
128 116 0.01559364
128 113 0.10301596
128 118 0.01966776
128 114 0.00100423
128 119 0.01017609
31 18 0.00244746
31 24 0.00669433
31 23 0.02197260
31 22 0.03558913
31 20 0.00590187
31 21 0.01428276
31 19 0.11609489
1 1 0.43315685
1 2 0.00057119
28 21 0.08106397
28 15 0.03835340
28 19 0.01183419
28 16 0.13814424
28 18 0.01021498
28 17 0.00690552
60 51 0.04542623
60 52 0.01677984
60 50 0.06115861
60 49 0.00511057
60 53 0.00450882
60 54 0.08246351
60 47 0.05239945
60 56 0.00052597
60 48 0.02812585
109 100 0.00065149
109 98 0.04455644
109 94 0.00569965
109 99 0.08016786
57 50 0.00142103
57 49 0.01238971
57 47 0.06876810
57 44 0.03446354
57 48 0.02201500
57 51 0.03293919
57 46 0.00095607
140 127 0.00063875
140 128 0.03566945
140 125 0.43353239
81 73 0.00168980
81 72 0.00931251
81 68 0.00645310
149 135 0.00094267
149 134 0.72388393
92 77 0.00189939
92 81 0.00184582
92 78 0.00384537
92 76 0.00065957
92 83 0.03322038
92 84 0.07399107
92 79 0.05017240
92 82 0.34296117
92 85 0.00132006
92 80 0.05009678
141 126 0.57059060
141 129 0.02504685
141 128 0.00058674
59 46 0.46561383
59 52 0.00179892
59 51 0.01995740
59 47 0.00336185
59 53 0.02125224
59 49 0.05213800
59 50 0.02702427
137 125 0.07233758
137 122 0.10053102
85 77 0.06196043
85 72 0.08689980
85 76 0.10120862
85 75 0.13287293
9 5 0.01893533
9 1 0.01101692
9 6 0.01814774
9 2 0.06201493
9 8 0.00338873
9 9 0.10251408
9 4 0.01055086
9 3 0.03566421
20 9 0.04190423
20 12 0.00138927
20 10 0.02617694
20 7 0.00606181
20 11 0.13472300
20 14 0.00111318
20 13 0.04818996
20 8 0.00368798
52 39 0.63013298
52 44 0.00437694
52 38 0.00321869
52 48 0.00058828
52 45 0.00142568
52 40 0.00176393
52 37 0.05607111
52 42 0.00398901
52 43 0.11490765
52 46 0.00113774
148 133 0.66783692
148 134 0.00072061
68 56 0.05329261
68 61 0.00276870
68 54 0.00192639
68 55 0.40994431
68 58 0.04135108
68 57 0.01772509
68 60 0.13592177
68 59 0.11009943
5 4 0.00509981
5 3 0.00103779
5 5 0.08243402
5 1 0.01996518
5 2 0.00651410
125 112 0.00398129
125 114 0.00072132
125 110 0.10930419
125 113 0.00893642
125 116 0.01602430
125 115 0.00656634
125 111 0.00488702
84 76 0.02160829
84 74 0.01153989
84 71 0.08102930
84 75 0.24032373
10 10 0.02989796
10 5 0.01969207
10 1 0.00737398
10 6 0.01828303
10 7 0.05323013
10 2 0.03030666
10 8 0.00097350
10 9 0.00242910
10 4 0.18163825
10 3 0.13055069
11 3 0.03173415
11 4 0.18092170
11 9 0.00279260
11 2 0.01838035
11 8 0.05292030
11 1 0.00815963
11 6 0.01493716
11 11 0.00600060
11 7 0.01601200
11 10 0.00143140
11 5 0.09291611
48 33 0.00050474
48 35 0.20134646
48 39 0.19547700
123 111 0.00144315
123 108 0.06059649
123 110 0.06321976
123 105 0.00098470
123 113 0.04015428
123 112 0.00544062
123 114 0.00520283
123 109 0.08175016
131 121 0.00064997
131 117 0.00503370
131 116 0.74362351
131 122 0.00505433
131 119 0.10289080
78 69 0.46046872
78 70 0.00293300
78 68 0.00961866
78 65 0.07871073
18 8 0.04684154
18 10 0.07873046
18 5 0.00880527
18 14 0.00059272
18 11 0.02599370
18 6 0.00083959
18 7 0.06962314
18 12 0.00220748
18 15 0.00160765
18 9 0.12323843
146 134 0.04165624
146 131 0.76859301
146 129 0.00055870
146 133 0.00710796
146 132 0.00266970
39 31 0.00201534
39 29 0.00369559
39 26 0.17882611
39 27 0.23289771
39 30 0.11810286
39 24 0.00162633
39 25 0.00170307
119 102 0.00182334
119 108 0.01116256
119 111 0.00407668
119 106 0.10575654
119 109 0.01562972
119 103 0.00090872
119 112 0.00057734
119 104 0.06930349
119 107 0.02983049
119 110 0.00147072
119 105 0.07940243
142 130 0.02904247
142 127 0.09852142
43 33 0.00113890
43 30 0.03107473
43 34 0.04334237
23 12 0.11923181
23 15 0.00978185
23 9 0.00061310
23 17 0.00064071
23 13 0.02815209
23 10 0.02355983
23 11 0.00569919
23 16 0.05845172
23 14 0.00763738
99 90 0.00890312
99 87 0.00099060
99 89 0.35514352
99 84 0.02179968
99 86 0.00065149
99 88 0.10569574
99 85 0.00395373
45 36 0.04047692
45 31 0.00085699
45 32 0.03463024
116 103 0.00584980
116 106 0.17217443
116 107 0.00744987
116 104 0.02291962
116 105 0.13623606
116 102 0.01638350
116 100 0.00062707
116 101 0.13374887
116 99 0.00142683
86 77 0.06104838
86 76 0.23198048
86 78 0.12163398
86 72 0.00066741
86 79 0.04007736
86 73 0.12477882
86 71 0.00055778
86 74 0.00069055
86 75 0.00051936
12 10 0.00237155
12 5 0.21942624
12 1 0.02427660
12 7 0.01032908
12 6 0.05127762
12 2 0.00837231
12 8 0.01831164
12 9 0.05737557
12 4 0.03175903
12 3 0.01817925
12 12 0.00357791
70 59 0.00395319
70 60 0.00194887
70 57 0.08968211
70 58 0.00156602
70 61 0.06899144
70 62 0.01887695
101 94 0.01489904
101 88 0.00165386
101 86 0.00717445
101 89 0.00251915
101 91 0.01384102
101 93 0.00444532
101 90 0.00139814
69 59 0.01975374
69 57 0.02922322
69 60 0.18202103
69 56 0.28955650
69 58 0.00988991
69 55 0.00118963
69 61 0.13351523
104 96 0.00260549
104 94 0.41852711
104 89 0.04122893
104 95 0.01956398
104 93 0.11460541
54 48 0.00719339
54 47 0.00339734
54 44 0.00133951
54 45 0.02257913
54 46 0.00876985
54 41 0.20172263
47 34 0.00489000
47 38 0.15818308
47 32 0.00122811
91 81 0.33561389
91 78 0.07281321
91 76 0.00097170
91 83 0.11209398
91 77 0.00293228
91 84 0.02962968
91 79 0.00488423
91 82 0.08858137
91 75 0.00086801
143 131 0.08191601
143 128 0.73788042
143 130 0.00140102
50 35 0.00320291
50 37 0.62909469
50 41 0.11651103
50 42 0.00058474
50 36 0.00699808
29 18 0.00661333
29 17 0.15103270
29 16 0.01393375
29 19 0.02031639
29 21 0.00283264
29 15 0.00172243
29 20 0.01484112
29 22 0.05108369
90 75 0.00084333
90 80 0.33792405
90 74 0.00090752
90 82 0.23228068
90 77 0.11114609
90 81 0.09822721
90 83 0.03796466
90 76 0.00214007
90 78 0.03764952
27 14 0.01253113
27 16 0.02228857
27 18 0.04931022
27 17 0.04088743
27 20 0.00616514
27 15 0.14956663
27 19 0.00389018
49 40 0.00770514
49 36 0.46317315
2 1 0.02287132
2 2 0.22749185
2 3 0.00053765
22 9 0.01547733
22 12 0.04750822
22 15 0.03708507
22 10 0.02160189
22 11 0.07477729
22 14 0.00533374
22 16 0.00124245
22 13 0.09742865
144 129 0.83761531
144 132 0.06818819
144 131 0.00335109
121 113 0.00080241
121 110 0.00439102
121 105 0.00051571
121 104 0.00168247
121 107 0.09565868
121 112 0.00118418
121 103 0.00151910
121 106 0.06779768
121 109 0.00280492
121 111 0.01076946
121 108 0.00414104
4 4 0.13001960
4 3 0.00933548
4 1 0.01921292
4 2 0.00149341
80 72 0.00142742
80 67 0.00482677
80 71 0.00689374
115 105 0.26195524
115 104 0.13452565
115 103 0.00980734
115 106 0.00536596
115 101 0.01085747
115 102 0.00387613
115 100 0.13712828
3 1 0.00317060
3 2 0.01674739
3 3 0.19797254
25 12 0.03998693
25 15 0.03651647
25 17 0.00807844
25 13 0.02129172
25 18 0.00398479
25 16 0.05901644
25 14 0.00901374
100 93 0.00120277
100 90 0.30619142
100 89 0.06251983
100 88 0.00842865
100 86 0.00052307
100 85 0.04019375
126 112 0.00761741
126 114 0.00186444
126 113 0.02554652
126 115 0.00058324
126 111 0.02045148
126 117 0.00065489
126 116 0.05814240
37 28 0.16983359
37 29 0.00570888
37 26 0.00587371
37 27 0.01944848
37 24 0.07149717
37 25 0.27015613
74 65 0.08849943
74 64 0.00076885
74 66 0.04401579
74 61 0.00544916
44 29 0.00451839
44 31 0.43041941
44 35 0.00379183
34 23 0.00360915
34 24 0.00497160
34 20 0.00113864
34 22 0.11146452
34 21 0.03578966
34 25 0.11250383
34 26 0.00610389
6 3 0.00532211
6 4 0.00126438
6 2 0.00695841
6 5 0.00300222
6 6 0.07859095
6 1 0.03085258
113 101 0.00270679
113 102 0.09711342
113 99 0.00089617
113 98 0.10120210
113 103 0.01027835
113 104 0.00408479
36 25 0.00796914
36 24 0.14700496
36 23 0.00581820
36 27 0.17631452
36 26 0.01995994
36 28 0.00885103
14 12 0.00058337
14 3 0.04737142
14 4 0.05115767
14 9 0.00618727
14 2 0.00142650
14 8 0.03282580
14 14 0.00050683
14 1 0.00154746
14 7 0.10879928
14 6 0.05767711
14 11 0.02863889
14 10 0.00532676
14 5 0.05166674
17 8 0.09561520
17 13 0.00209236
17 7 0.04434666
17 6 0.06019632
17 11 0.00231585
17 5 0.00126996
17 10 0.03671518
17 12 0.00148523
17 4 0.00831118
17 9 0.07605555
103 92 0.00132211
103 93 0.05100530
103 95 0.00419798
103 88 0.14413896
103 94 0.00944374
103 96 0.00690344
139 130 0.00072768
139 127 0.02143678
139 124 0.42555238
139 126 0.00057832
76 63 0.09330685
76 67 0.00956953
76 68 0.14590638
42 34 0.00467287
42 32 0.00068781
42 28 0.00682554
42 29 0.53769211
42 27 0.00914773
42 30 0.02771442
42 33 0.13326713
51 38 0.63049006
51 36 0.05954649
51 37 0.00379906
51 45 0.00134647
51 40 0.00055141
51 41 0.00056871
51 43 0.00251913
51 42 0.13992686
63 50 0.33418695
63 57 0.02916449
63 53 0.01519860
63 55 0.00186765
63 54 0.00498050
63 56 0.00227695
63 51 0.02985103
63 52 0.00137440
150 135 0.81297172
87 74 0.10167454
87 80 0.02858640
87 75 0.00065878
87 78 0.02974778
87 72 0.00052835
87 77 0.02047279
87 73 0.00053735
87 79 0.03542503
13 9 0.01535511
13 4 0.03861486
13 3 0.02724939
13 10 0.00884915
13 5 0.04337181
13 1 0.00060992
13 6 0.17479664
13 11 0.00087475
13 7 0.04043736
13 13 0.00149318
13 2 0.07474053
13 8 0.00803733
30 18 0.02623257
30 17 0.00863464
30 23 0.01729625
30 22 0.00282880
30 20 0.00552997
30 15 0.00204879
30 21 0.02038414
30 19 0.00658508
41 26 0.00244582
41 29 0.03294225
41 28 0.01951425
41 31 0.00106235
41 32 0.01533938
133 121 0.00288904
133 119 0.00161134
133 118 0.37200311
97 85 0.03516840
97 82 0.00665673
97 86 0.00179990
97 88 0.06744909
97 87 0.29940757
97 84 0.01640739
97 89 0.03589681
97 83 0.00967282
97 81 0.00050238
97 90 0.01045922
124 109 0.01831522
124 106 0.00075981
124 113 0.00157062
124 110 0.01919890
124 114 0.00790160
124 112 0.00423649
124 115 0.00134581
124 111 0.00257670
132 117 0.22454850
132 120 0.00455245
132 118 0.00254959
88 73 0.00060677
88 79 0.00992020
88 76 0.00165371
88 72 0.00060750
88 78 0.01125263
88 81 0.03312612
88 80 0.11358929
88 75 0.11466803
88 74 0.00057064
127 113 0.00126634
127 112 0.15126778
127 114 0.00089902
127 115 0.00375100
127 117 0.01788909
21 14 0.03684974
21 11 0.02736291
21 10 0.13927161
21 8 0.00424599
21 13 0.01841805
21 9 0.00300741
21 15 0.00302954
21 12 0.00880788
145 130 0.85582016
145 133 0.05371474
145 132 0.00407409
145 131 0.00120120
120 103 0.00108559
120 106 0.16439518
120 109 0.02288995
120 104 0.00086669
120 107 0.08829884
120 112 0.00095229
120 110 0.00984481
120 105 0.06327072
120 108 0.04130976
120 111 0.00807643
79 69 0.00363351
79 66 0.02581479
79 70 0.01277288
79 71 0.00114251
112 97 0.12289067
112 98 0.00052542
112 101 0.18347345
112 102 0.02466436
61 51 0.06573129
61 52 0.01031360
61 50 0.00397102
61 49 0.02962991
61 57 0.00055519
61 54 0.01044696
61 55 0.10359959
61 53 0.02803270
61 48 0.54406492
38 25 0.16433523
38 30 0.00401876
38 24 0.00281657
38 26 0.20905065
38 29 0.16392551
38 27 0.00566852
38 28 0.00501120
7 2 0.02475250
7 5 0.00063439
7 1 0.16884768
7 7 0.09929833
7 6 0.00380250
7 3 0.00590416
7 4 0.02693743
62 52 0.03608702
62 51 0.00158104
62 56 0.00157046
62 54 0.00143051
62 53 0.00359983
62 49 0.06124690
62 50 0.00541714
105 96 0.01464053
105 94 0.00400661
105 90 0.08063736
105 95 0.43314056
110 99 0.05147608
110 100 0.38266523
110 101 0.00813653
110 95 0.00468145
26 19 0.00264080
26 15 0.03645974
26 14 0.00883348
26 16 0.04354872
26 13 0.02735842
26 17 0.02185819
26 18 0.00507815
106 95 0.14460621
106 91 0.00396939
106 96 0.41839134
8 4 0.01565028
8 3 0.01626743
8 5 0.05157466
8 1 0.01725309
8 7 0.00093729
8 6 0.00051880
8 2 0.03948054
8 8 0.13350905
96 85 0.00120089
96 86 0.03013944
96 88 0.06790626
96 82 0.00512355
96 89 0.02280540
96 84 0.03585922
96 87 0.04038394
96 83 0.01963470
96 81 0.00479224
65 57 0.07256890
65 56 0.09336684
65 54 0.01027212
65 55 0.09838505
65 58 0.00742595
65 53 0.03781782
65 52 0.39732279
65 59 0.00314714
65 51 0.00056218
122 111 0.01020331
122 108 0.00249262
122 112 0.00249684
122 107 0.04389550
122 104 0.00131879
122 114 0.00149214
122 105 0.00100488
122 110 0.00186041
122 113 0.03136939
122 109 0.00797032
147 135 0.00327901
147 134 0.00255245
147 132 0.30832683
147 133 0.00130627
19 12 0.05899394
19 15 0.00071961
19 9 0.06682610
19 13 0.00068878
19 8 0.09802327
19 10 0.17452677
19 6 0.00382925
19 11 0.00939210
19 7 0.00184300
