48 46 0.01423479
48 39 0.00813397
48 45 0.02714948
48 44 0.15909430
48 48 0.07343819
48 47 0.01393260
48 56 0.01623943
48 37 0.04666141
48 51 0.00053679
48 38 0.00282571
79 79 0.17130050
79 78 0.11093165
79 85 0.00101949
79 75 0.05715343
79 80 0.00381272
79 74 0.00173670
79 68 0.00321264
79 86 0.00331247
79 67 0.00051160
79 77 0.11961931
79 76 0.01193981
79 69 0.00218723
79 88 0.00243957
19 18 0.00881590
19 23 0.00059973
19 17 0.00118207
19 15 0.06755015
19 19 0.34925630
19 25 0.01911253
19 24 0.01379169
19 26 0.05532700
19 22 0.00080176
19 20 0.00451433
58 47 0.01800913
58 65 0.00069142
58 56 0.04438792
58 59 0.04412648
58 58 0.14249131
58 46 0.00236641
58 57 0.03415107
58 55 0.13289723
58 45 0.00226782
58 67 0.05143467
58 68 0.00194176
58 66 0.13514233
58 54 0.03700699
58 49 0.00080743
34 33 0.03984450
34 34 0.07648234
34 31 0.00477400
34 28 0.00091728
34 37 0.00074946
34 32 0.00127727
34 30 0.06826035
34 42 0.00372217
34 27 0.00078167
99 99 0.04983444
99 98 0.00225855
99 96 0.07821711
99 107 0.01006297
99 89 0.00702603
99 100 0.00401841
99 108 0.00427430
99 97 0.00424549
99 95 0.00058177
99 90 0.00221352
99 88 0.00296976
99 104 0.00092342
87 85 0.21927250
87 96 0.00345497
87 78 0.00613981
87 79 0.00061819
87 87 0.01909532
87 83 0.02344820
87 95 0.00331696
87 76 0.01639080
87 77 0.02249813
87 86 0.03642170
87 84 0.03482500
87 75 0.00093117
18 21 0.00638190
18 25 0.14431700
18 24 0.04813867
18 22 0.00113834
18 14 0.14221878
18 16 0.00152163
18 26 0.00145702
18 17 0.00753536
18 19 0.00610567
18 18 0.55505157
18 23 0.03863974
50 49 0.14193202
50 53 0.00913114
50 50 0.00806579
50 39 0.02706063
50 46 0.12934715
50 58 0.23615800
50 41 0.01106556
50 48 0.03900185
50 47 0.07034925
27 22 0.00129545
27 27 0.25055640
27 32 0.00313915
27 26 0.08560446
27 25 0.00661205
27 24 0.00780875
27 35 0.21080067
27 34 0.01322507
27 31 0.00050468
27 23 0.18060209
141 141 0.00196343
141 134 0.00364319
141 140 0.00127295
141 133 0.00054080
141 142 0.02333416
141 137 0.00471075
141 138 0.42284703
141 144 0.00092855
141 139 0.32813328
141 143 0.04434616
104 96 0.00152562
104 106 0.00385494
104 93 0.00208298
104 112 0.02587070
104 99 0.00096401
104 98 0.00237341
104 95 0.01147005
104 97 0.00097298
104 108 0.00110493
104 101 0.07731382
104 105 0.06486869
104 109 0.00379486
104 104 0.17140146
104 94 0.02502138
104 107 0.00307760
104 103 0.14142303
104 102 0.15403404
145 145 0.00474137
145 141 0.00511457
145 146 0.03443126
145 142 0.33259312
145 138 0.00318114
145 144 0.00391903
145 143 0.37937280
132 133 0.00272981
132 121 0.00146692
132 120 0.00138140
132 128 0.00351937
132 135 0.04914163
132 132 0.00148325
132 134 0.01182661
132 129 0.01044767
132 123 0.00051564
132 130 0.05307779
132 124 0.00080710
132 131 0.04101168
132 136 0.00588812
16 12 0.04343801
16 19 0.00057956
16 17 0.02226763
16 18 0.00096412
16 23 0.02294687
16 14 0.00212652
16 22 0.04245033
16 16 0.36630846
16 21 0.10119100
16 24 0.00100048
88 80 0.00070727
88 84 0.01393789
88 89 0.00080546
88 88 0.01035583
88 97 0.00970587
88 77 0.01402496
88 86 0.08749569
88 87 0.06956907
88 85 0.04477964
88 96 0.03010570
88 78 0.01551510
88 79 0.00534638
30 25 0.00538661
30 24 0.00256921
30 37 0.00116969
30 38 0.22281767
30 30 0.01599637
30 26 0.12565395
30 27 0.00694254
30 33 0.01993073
30 23 0.00058217
30 29 0.12314238
30 28 0.00079627
38 42 0.00081534
38 38 0.18349119
38 36 0.00964903
38 37 0.07381464
38 35 0.04526601
38 28 0.00131754
38 41 0.02687952
38 34 0.21684573
38 46 0.21920767
38 39 0.00455293
2 1 0.00050799
2 3 0.00300958
2 2 0.21387907
94 91 0.07438694
94 84 0.03217663
94 89 0.00071839
94 102 0.15392000
94 103 0.00066464
94 94 0.07487337
94 86 0.00084761
94 92 0.11653405
94 90 0.00099575
94 95 0.00663767
94 97 0.00338527
94 99 0.00052696
94 83 0.02108916
94 87 0.00108120
94 93 0.00509568
94 85 0.00642045
103 98 0.00082471
103 106 0.00217015
103 112 0.00102940
103 93 0.00789688
103 111 0.21851833
103 103 0.11745670
103 94 0.00540634
103 100 0.07726300
103 102 0.01564119
103 101 0.15512311
103 105 0.00324339
103 108 0.00356401
103 95 0.00093099
103 97 0.00195451
103 104 0.05725320
103 92 0.00070341
25 22 0.00224337
25 32 0.11564467
25 30 0.00694449
25 21 0.15975608
25 24 0.05041697
25 25 0.07674294
25 23 0.00551078
25 33 0.10834000
146 145 0.00360363
146 143 0.26854299
146 139 0.00223750
146 144 0.40466181
146 146 0.00673650
146 142 0.00631884
60 59 0.02920310
60 56 0.04423520
60 48 0.00170002
60 60 0.12159756
60 47 0.00107221
60 61 0.04024473
60 50 0.00095265
60 57 0.02480912
60 58 0.04560537
60 69 0.11668767
60 68 0.10066033
60 67 0.00229092
60 49 0.00759306
12 14 0.00071500
12 18 0.00131121
12 19 0.00420997
12 13 0.02977247
12 17 0.02025282
12 8 0.00386080
12 12 0.15803397
82 82 0.00580704
82 78 0.05995151
82 79 0.01204892
82 83 0.00051542
82 70 0.00436399
82 69 0.00084096
82 72 0.01639521
82 81 0.07121070
82 90 0.17392933
82 73 0.00142483
82 71 0.00050345
82 89 0.05408533
82 91 0.01347313
82 80 0.24682496
131 129 0.08261837
131 123 0.00083613
131 119 0.00060529
131 130 0.04305604
131 127 0.07480525
131 131 0.00265958
131 136 0.00069511
131 133 0.00580953
131 120 0.00149617
131 128 0.09164410
131 135 0.01227622
131 132 0.00243524
131 134 0.04797338
13 21 0.00055863
13 9 0.04113483
13 14 0.02882360
13 20 0.00505787
13 18 0.01626712
13 19 0.00292586
13 13 0.36401727
13 15 0.00101194
127 117 0.00164051
127 122 0.00839431
127 121 0.00403985
127 120 0.00074002
127 125 0.43316328
127 126 0.01886497
127 115 0.00076819
127 116 0.00208319
127 123 0.06475223
127 127 0.00105327
127 130 0.00178426
127 124 0.17035571
127 131 0.06295295
70 65 0.00288967
70 60 0.01670235
70 79 0.19386067
70 61 0.00105399
70 59 0.03363949
70 78 0.00381993
70 56 0.00081371
70 70 0.00931801
70 58 0.00141109
70 68 0.00645750
70 77 0.01648723
70 67 0.01470474
70 69 0.01430421
70 63 0.00157261
70 66 0.06605347
70 71 0.00261482
138 136 0.36655638
138 131 0.00440606
138 137 0.00361770
138 130 0.00085381
138 141 0.00391132
138 134 0.03489873
138 135 0.30731049
138 140 0.04857914
15 11 0.05712983
15 21 0.01716473
15 16 0.00362280
15 20 0.05343847
15 22 0.01150960
15 23 0.00066904
15 13 0.00198242
15 15 0.39116667
31 34 0.00775889
31 31 0.03738704
31 39 0.22354867
31 29 0.00145881
31 28 0.00063684
31 25 0.00287171
31 24 0.00071858
31 30 0.03678344
31 38 0.00063705
31 26 0.00495171
31 27 0.25199637
119 115 0.03323455
119 108 0.00243671
119 114 0.00368918
119 109 0.00180247
119 116 0.15107388
119 122 0.01010180
119 117 0.06998300
119 107 0.00100280
119 111 0.00085179
119 118 0.02098328
119 121 0.00310540
119 120 0.00065264
119 113 0.00201338
119 124 0.00817574
119 106 0.00136476
119 112 0.00088680
119 123 0.08840159
119 119 0.09296839
143 143 0.00470624
143 139 0.00664074
143 144 0.04351914
143 136 0.00542207
143 142 0.00389876
143 140 0.36394991
143 145 0.01804290
143 141 0.33840839
40 40 0.08587955
40 44 0.00173430
40 39 0.03557129
40 46 0.00057381
40 41 0.01195906
40 48 0.05869833
40 49 0.00136176
40 43 0.00587263
40 37 0.02504470
40 30 0.02045754
40 38 0.00446740
40 36 0.13117953
147 140 0.00109259
147 145 0.43932783
147 144 0.16790773
147 143 0.00488030
147 146 0.00372569
33 26 0.00148905
33 32 0.01007613
33 30 0.00167930
33 27 0.00353954
33 36 0.00937348
33 41 0.09484667
33 33 0.10525916
33 29 0.16359112
33 31 0.00052319
98 100 0.00197341
98 89 0.01991414
98 103 0.00090986
98 107 0.00302146
98 94 0.00083928
98 88 0.01178310
98 90 0.00105809
98 95 0.07707986
98 97 0.02452802
98 98 0.11391721
98 87 0.00125721
98 99 0.03173363
98 106 0.19916500
98 96 0.04504430
68 64 0.06363296
68 57 0.00553172
68 58 0.01169715
68 59 0.00056649
68 56 0.00164473
68 65 0.00707827
68 75 0.00178422
68 69 0.00134913
68 66 0.02396399
68 63 0.00311278
68 68 0.08964789
68 67 0.03165744
68 77 0.08273067
86 85 0.12753968
86 82 0.03507539
86 83 0.02654158
86 95 0.00335860
86 77 0.00430472
86 86 0.06992625
86 73 0.00078716
86 76 0.00813527
86 74 0.00214829
86 94 0.02414350
86 75 0.01631277
86 84 0.00803379
42 48 0.00166836
42 41 0.04111744
42 39 0.04604661
42 46 0.00098401
42 45 0.01069955
42 40 0.00382375
42 50 0.21484000
42 32 0.05175442
42 42 0.07171851
42 38 0.13540961
42 43 0.00992681
42 51 0.00101016
84 82 0.07552339
84 85 0.00074280
84 93 0.01328853
84 83 0.06110375
84 81 0.01388834
84 72 0.00184892
84 74 0.02994971
84 92 0.22370800
84 73 0.01427907
84 84 0.00257071
84 75 0.00414853
84 80 0.05225197
84 91 0.00451613
11 11 0.40492528
11 16 0.12840253
11 17 0.00103566
11 7 0.08439388
11 18 0.00271493
11 12 0.03262710
43 32 0.00136132
43 42 0.05118919
43 51 0.21526800
43 49 0.00189990
43 43 0.07218952
43 52 0.00080660
43 41 0.00430816
43 47 0.00090437
43 40 0.04918294
43 44 0.00901632
43 33 0.04681198
43 39 0.10416446
43 46 0.01259042
120 112 0.00069009
120 124 0.08902089
120 119 0.02646343
120 110 0.00192051
120 123 0.01080293
120 109 0.00243762
120 116 0.06334694
120 114 0.01238869
120 115 0.00849485
120 108 0.00123479
120 125 0.00633026
120 120 0.01176270
120 121 0.00055448
120 118 0.20091963
120 107 0.00122243
120 117 0.19787421
120 122 0.00371937
122 123 0.00080813
122 119 0.18780604
122 110 0.00148164
122 127 0.00492294
122 124 0.00386208
122 117 0.02333704
122 111 0.00217332
122 122 0.01164852
122 125 0.00982565
122 120 0.04860829
122 121 0.00764020
122 118 0.07908098
122 126 0.09108857
122 116 0.01876455
122 109 0.00107464
113 119 0.00244773
113 110 0.09686119
113 106 0.00196543
113 113 0.14913478
113 112 0.04445042
113 107 0.02272970
113 103 0.00608240
113 111 0.05386278
113 117 0.08479367
113 100 0.00092274
113 121 0.00135221
113 120 0.00058495
113 118 0.01179221
113 102 0.00400221
113 114 0.00753082
113 105 0.00515780
113 115 0.00864794
113 108 0.01523557
113 104 0.00375744
113 109 0.00550123
113 116 0.03343159
59 67 0.13323000
59 68 0.08473200
59 66 0.00201073
59 69 0.00281290
59 49 0.00169029
59 47 0.00200189
59 48 0.00113020
59 60 0.03846431
59 56 0.05365015
59 59 0.19369351
59 58 0.03540137
59 46 0.00116732
59 57 0.04328071
59 50 0.00066923
59 55 0.03022227
137 134 0.15989236
137 135 0.06051949
137 140 0.00279887
137 133 0.05817948
137 136 0.00411704
137 137 0.00125657
137 130 0.00438959
137 129 0.00084965
137 139 0.00777363
85 83 0.04530188
85 93 0.00995467
85 82 0.01649755
85 85 0.16101352
85 84 0.13333027
85 75 0.02873449
85 94 0.00055041
85 74 0.01520733
85 73 0.00270718
85 76 0.00102836
85 81 0.04235407
85 72 0.00052096
130 129 0.04548155
130 123 0.00063996
130 119 0.00136089
130 130 0.00255413
130 127 0.31867651
130 124 0.00051768
130 131 0.00057932
130 133 0.02750492
130 122 0.00051677
130 121 0.00050034
130 120 0.00097613
130 118 0.00110484
130 128 0.06390840
130 126 0.09306242
130 135 0.00094107
130 132 0.00462226
130 134 0.01713160
57 53 0.02084198
57 54 0.10002446
57 66 0.02567400
57 67 0.00122133
57 45 0.00206420
57 55 0.06412258
57 44 0.00143631
57 57 0.01393151
57 46 0.01536936
57 58 0.01473986
57 56 0.02982197
57 65 0.19070367
57 47 0.00432795
44 42 0.00265592
44 53 0.00059252
44 49 0.00070636
44 43 0.07099433
44 48 0.00099298
44 41 0.09098969
44 47 0.00640880
44 52 0.21668333
44 46 0.00072440
44 34 0.04119343
44 45 0.01939519
44 44 0.10149867
44 40 0.18000712
44 50 0.00170401
44 33 0.00821463
116 103 0.00109222
116 107 0.00095114
116 117 0.00619377
116 111 0.02512510
116 122 0.00141045
116 121 0.01233571
116 120 0.09019861
116 118 0.00534875
116 114 0.02254129
116 105 0.00320033
116 115 0.03026948
116 108 0.00222674
116 104 0.00065486
116 109 0.00206392
116 116 0.16807535
116 119 0.01375715
116 110 0.02152931
116 106 0.00191853
116 113 0.17830694
116 112 0.01303816
54 46 0.00081306
54 50 0.01234963
54 55 0.01636089
54 44 0.00534111
54 45 0.00371624
54 52 0.06595932
54 43 0.00366242
54 53 0.03732922
54 51 0.00627235
54 62 0.14938733
54 54 0.16561081
63 64 0.02892344
63 57 0.00111273
63 58 0.00086445
63 59 0.01542535
63 60 0.07931653
63 61 0.02452688
63 71 0.01858163
63 53 0.00078883
63 72 0.00231743
63 63 0.01474054
63 62 0.02954154
102 94 0.00063419
102 107 0.00299363
102 103 0.05056605
102 111 0.00188863
102 102 0.02086317
102 100 0.00385249
102 91 0.00328838
102 97 0.00065154
102 101 0.00231919
102 105 0.00196937
102 92 0.02096649
102 99 0.07802300
102 110 0.00325443
102 96 0.00147749
102 93 0.01079756
53 61 0.23609533
53 52 0.04712086
53 44 0.00859580
53 45 0.00056011
53 50 0.08256400
53 54 0.01666209
53 42 0.00335197
53 49 0.03733719
53 43 0.00072552
53 53 0.07065023
53 51 0.06875575
125 128 0.00231682
125 114 0.00097492
125 126 0.00144624
125 115 0.00057863
125 117 0.00052957
125 122 0.10303863
125 125 0.00293015
125 120 0.01986717
125 121 0.04076998
125 118 0.00091693
125 124 0.01005001
125 112 0.00084564
125 123 0.35556824
125 129 0.02052144
125 119 0.00375435
125 127 0.00461084
51 40 0.00413548
51 50 0.08674009
51 59 0.23615000
51 52 0.01751487
51 48 0.11903014
51 47 0.08152467
51 51 0.10633322
51 49 0.05323302
51 54 0.00273919
51 42 0.01172479
107 98 0.01454896
107 99 0.01239871
107 110 0.01494934
107 106 0.02347802
107 113 0.00051334
107 96 0.00671782
107 112 0.00509412
107 103 0.00050737
107 107 0.11067366
107 111 0.00288428
107 100 0.00463213
107 102 0.00157898
107 105 0.14444247
107 101 0.00347244
107 114 0.00415650
107 97 0.01993080
107 115 0.17359933
107 108 0.03517398
107 104 0.07506772
107 109 0.01504603
41 49 0.21343867
41 37 0.14639980
41 38 0.04300333
41 42 0.02516279
41 39 0.00496541
41 31 0.01687476
41 44 0.01109352
41 40 0.05474551
41 45 0.00173333
41 50 0.00121207
41 41 0.13639690
41 48 0.00121499
41 47 0.00089474
39 43 0.00171486
39 37 0.00473582
39 36 0.03973375
39 38 0.03703655
39 42 0.01224136
39 39 0.07682358
39 29 0.01410063
39 44 0.00057018
39 40 0.00992491
39 47 0.22008900
39 35 0.13836825
46 52 0.00206789
46 35 0.04599022
46 47 0.01534103
46 48 0.00061211
46 50 0.00095982
46 44 0.00293175
46 45 0.05759615
46 46 0.02360812
46 42 0.19420828
46 54 0.21957667
46 36 0.00541428
46 43 0.07779248
46 37 0.00171551
110 106 0.00107127
110 113 0.01573037
110 112 0.01973577
110 99 0.00452996
110 110 0.12891083
110 105 0.00330401
110 101 0.01399503
110 114 0.01041092
110 108 0.02849689
110 115 0.00895317
110 97 0.00051400
110 104 0.00723888
110 116 0.01276734
110 109 0.03477020
110 103 0.00550055
110 107 0.07503757
110 111 0.02370899
110 117 0.00293942
110 100 0.01249962
110 102 0.01493300
110 118 0.00489797
29 37 0.22226967
29 25 0.07746164
29 24 0.00471999
29 36 0.00172663
29 27 0.00526179
29 32 0.01774895
29 26 0.00902181
29 29 0.22423836
29 23 0.00204420
29 28 0.12512417
69 69 0.00562363
69 66 0.06599227
69 62 0.00134860
69 68 0.02342779
69 77 0.00647607
69 67 0.00585926
69 78 0.00417527
69 59 0.01178436
69 60 0.00127902
69 65 0.05591173
69 64 0.00275044
69 55 0.00066265
69 70 0.00710166
69 58 0.02321608
26 33 0.06446867
26 23 0.00424111
26 34 0.15961200
26 31 0.01236946
26 26 0.05723811
26 22 0.16637233
26 25 0.03856531
26 24 0.00442569
26 21 0.00073831
128 133 0.00225326
128 117 0.00186365
128 118 0.00146154
128 120 0.00088706
128 125 0.05553514
128 121 0.00093656
128 115 0.00053155
128 126 0.39126458
128 128 0.00326021
128 116 0.00138070
128 132 0.01783402
128 123 0.00138443
128 127 0.00983116
128 124 0.09707914
105 99 0.00244277
105 98 0.00144799
105 110 0.00332783
105 96 0.00639651
105 113 0.05738900
105 106 0.06199285
105 94 0.00553309
105 103 0.04852732
105 107 0.00429391
105 102 0.07625929
105 100 0.00103854
105 95 0.01665294
105 97 0.00318478
105 108 0.00492803
105 114 0.00061215
105 105 0.01913289
105 109 0.00138743
105 104 0.00517280
140 137 0.47939053
140 142 0.05872668
140 136 0.00560960
140 143 0.00223944
140 139 0.00191980
140 138 0.34101171
140 132 0.00061821
140 141 0.01266879
140 133 0.00467967
21 17 0.02140754
21 28 0.18851533
21 21 0.49599725
21 27 0.02234147
21 22 0.00140827
21 20 0.02162192
21 26 0.01374816
133 134 0.00258847
133 132 0.00247398
133 135 0.01634554
133 126 0.00120978
133 121 0.00074013
133 125 0.00118185
133 122 0.00091140
133 133 0.00171823
133 136 0.00518506
133 137 0.00165068
133 124 0.00065597
133 131 0.27237329
133 130 0.11673629
133 129 0.00681946
65 63 0.00506636
65 66 0.01638188
65 54 0.00074701
65 62 0.08318606
65 74 0.02791267
65 59 0.00065430
65 61 0.01255661
65 60 0.00065555
65 65 0.01116277
65 64 0.01629732
65 55 0.00219105
136 136 0.00156652
136 137 0.00098156
136 138 0.00735562
136 129 0.00440326
136 139 0.00077645
136 134 0.06694409
136 132 0.02624971
136 135 0.00477731
136 128 0.00082396
136 133 0.32483011
6 1 0.00064698
6 7 0.02325640
6 6 0.25263100
6 4 0.00080151
6 11 0.00953833
6 3 0.00145927
6 2 0.10208488
47 44 0.08697110
47 55 0.00968183
47 45 0.00417389
47 46 0.01950181
47 48 0.01688569
47 47 0.07760860
47 43 0.17342776
47 37 0.00324782
47 38 0.00242520
47 36 0.05012727
17 24 0.01560520
17 25 0.00071454
17 21 0.00074950
17 16 0.00115165
17 22 0.02716689
17 20 0.00344073
17 18 0.01042567
17 23 0.00760487
17 13 0.14224595
17 19 0.00052301
17 17 0.54959297
17 15 0.00214433
55 53 0.06549020
55 51 0.02317143
55 63 0.01940893
55 54 0.07677839
55 46 0.00337970
55 45 0.00708142
55 64 0.00057329
55 55 0.13785614
55 44 0.01800107
55 52 0.06871979
55 56 0.00095243
83 82 0.02662581
83 79 0.05488328
83 83 0.00646947
83 70 0.00181349
83 81 0.16693103
83 72 0.00757697
83 90 0.02927733
83 73 0.03300449
83 74 0.00184281
83 92 0.01331387
83 91 0.19871067
83 80 0.01604017
129 132 0.02001272
129 134 0.00089745
129 116 0.00060294
129 126 0.18980804
129 128 0.04709082
129 125 0.12706902
129 121 0.00064286
129 118 0.00128556
129 117 0.00128411
129 122 0.00066539
129 133 0.04443502
129 124 0.00162690
129 131 0.00302780
129 119 0.00112540
129 127 0.25669704
129 129 0.00303717
129 123 0.00057080
20 17 0.00053971
20 19 0.01177258
20 16 0.01087064
20 26 0.01562553
20 20 0.33165791
20 27 0.11579233
20 25 0.00057291
20 21 0.00143905
76 85 0.00954757
76 65 0.00090594
76 79 0.00075562
76 83 0.00191436
76 69 0.00244700
76 72 0.05771077
76 74 0.02442235
76 73 0.11725593
76 77 0.00118480
76 76 0.04636792
76 71 0.00054322
76 75 0.04256827
95 94 0.00709046
95 103 0.22278267
95 84 0.01879801
95 100 0.00050121
95 91 0.00106020
95 95 0.25729887
95 90 0.00062871
95 92 0.07472252
95 86 0.00218618
95 96 0.00835327
95 85 0.02903746
95 93 0.14455914
66 62 0.01758587
66 74 0.01147260
66 67 0.07433558
66 66 0.07223828
66 63 0.05260753
66 75 0.00442687
66 65 0.01386757
66 56 0.00528188
66 64 0.00991492
66 55 0.00314254
126 115 0.00138121
126 128 0.00197973
126 126 0.00226210
126 116 0.00176611
126 122 0.08406947
126 125 0.01453875
126 120 0.01403789
126 121 0.01920795
126 124 0.35137078
126 131 0.00361619
126 129 0.00216292
126 123 0.13854879
126 127 0.00072758
126 130 0.01939983
126 119 0.00076275
89 79 0.00323553
89 78 0.00127354
89 85 0.00439308
89 82 0.00051316
89 98 0.00062736
89 87 0.06411479
89 86 0.05565202
89 77 0.00056396
89 92 0.00095771
89 90 0.00105548
89 88 0.01106455
89 81 0.00072733
89 97 0.22861600
89 80 0.00239029
89 89 0.28531765
75 71 0.08886104
75 84 0.00073843
75 75 0.07262893
75 63 0.00072372
75 72 0.09984062
75 74 0.04033539
75 68 0.00363475
75 73 0.07230724
75 76 0.00111529
75 64 0.00671772
75 70 0.00066823
75 82 0.06595433
75 65 0.00104431
75 61 0.00181926
61 69 0.03535167
61 68 0.00061329
61 62 0.01974028
61 51 0.00070024
61 56 0.00068347
61 59 0.04636188
61 61 0.10853194
61 60 0.03820433
61 50 0.00359656
61 58 0.09666023
61 57 0.04173879
61 70 0.02756393
96 87 0.00803023
96 99 0.00078668
96 85 0.00267906
96 96 0.09413130
96 93 0.07571667
96 94 0.16095612
96 91 0.00057040
96 95 0.08150711
96 97 0.02710406
96 104 0.00812113
96 86 0.00936219
96 92 0.00112495
35 33 0.00381929
35 34 0.07574580
35 31 0.20444855
35 35 0.24197286
35 28 0.00050871
35 25 0.00072842
35 43 0.21013800
35 32 0.03158207
35 38 0.01408786
52 55 0.00108422
52 44 0.00095422
52 50 0.05703357
52 52 0.03273829
52 41 0.00390019
52 48 0.08963261
52 60 0.23611067
52 51 0.09962204
52 49 0.14294359
52 43 0.00214941
52 53 0.00287923
7 11 0.00061735
7 10 0.00431723
7 9 0.00071644
7 3 0.11743789
7 7 0.29492964
7 8 0.19453333
7 12 0.02315539
45 46 0.00405002
45 34 0.01490151
45 44 0.02915226
45 45 0.02349239
45 41 0.19457716
45 48 0.00099362
45 35 0.01034031
45 49 0.00129992
45 43 0.00212260
45 53 0.21947533
45 51 0.00164310
45 36 0.00090630
45 42 0.09660635
23 30 0.09432967
23 20 0.00151917
23 22 0.02483960
23 21 0.00201788
23 28 0.00861100
23 23 0.11977730
23 19 0.04167394
139 142 0.00314166
139 136 0.44957351
139 131 0.00077638
139 137 0.36709246
139 138 0.00227496
139 141 0.07056092
139 132 0.00449650
139 135 0.01826924
139 140 0.00139312
123 112 0.00154878
123 124 0.00061803
123 119 0.05925337
123 127 0.08529369
123 110 0.00101401
123 123 0.02009274
123 116 0.00105311
123 126 0.00766043
123 128 0.00276557
123 120 0.13193141
123 121 0.21257431
123 125 0.00377893
123 118 0.02145644
123 117 0.01725934
123 111 0.00156319
123 122 0.00614170
77 75 0.03653659
77 84 0.09109200
77 77 0.01133848
77 86 0.00955050
77 73 0.05092443
77 76 0.02276694
77 74 0.06383526
77 63 0.00087343
77 72 0.00735946
77 70 0.00178264
77 78 0.00073477
67 55 0.00135972
67 64 0.09357990
67 58 0.00179859
67 57 0.00257926
67 56 0.02692580
67 65 0.02158135
67 75 0.00675233
67 63 0.06213574
67 66 0.01158568
67 67 0.14201563
67 76 0.19904933
67 74 0.00064344
67 68 0.00146846
67 62 0.00277150
14 19 0.09546929
14 15 0.00541340
14 12 0.00147409
14 10 0.04197795
14 21 0.00771683
14 22 0.00125869
14 20 0.00958807
14 14 0.46255203
97 95 0.01149593
97 97 0.07867118
97 88 0.00247549
97 90 0.00056578
97 105 0.10552800
97 92 0.00054909
97 86 0.00950869
97 94 0.07611192
97 89 0.00128644
97 102 0.00089189
97 100 0.00106216
97 96 0.09897477
97 93 0.00110062
97 99 0.00134509
97 87 0.01532355
97 98 0.00179318
135 136 0.00105412
135 137 0.04670812
135 131 0.00381486
135 127 0.00077021
135 138 0.00144043
135 134 0.00489049
135 132 0.31417753
135 135 0.00199057
135 128 0.00412768
135 133 0.08401271
81 81 0.00578035
81 72 0.00067329
81 90 0.00054205
81 88 0.00749780
81 77 0.05814042
81 71 0.00284741
81 89 0.00287394
81 80 0.03043726
81 82 0.00063949
81 78 0.01080328
81 79 0.17253495
81 70 0.01627311
114 106 0.00491614
114 113 0.03414105
114 112 0.03881959
114 119 0.01141284
114 110 0.01165455
114 105 0.00174343
114 101 0.00104279
114 114 0.14908108
114 108 0.02181954
114 115 0.00516505
114 104 0.00454793
114 116 0.00979904
114 109 0.01943094
114 103 0.00384256
114 107 0.00199240
114 111 0.15215997
114 117 0.03437101
114 122 0.00052522
114 120 0.00150442
114 118 0.09372369
114 102 0.00051710
118 107 0.00268511
118 111 0.00172217
118 117 0.02175450
118 122 0.06835852
118 121 0.00979223
118 120 0.00328451
118 118 0.08192403
118 105 0.00135563
118 114 0.01526727
118 115 0.15763868
118 108 0.00169681
118 109 0.00056973
118 116 0.02817481
118 123 0.00938535
118 119 0.00102046
118 110 0.00122861
118 106 0.00091548
118 124 0.00050947
118 113 0.00153071
118 112 0.01975247
80 78 0.17964854
80 79 0.11694288
80 87 0.02410210
80 70 0.03270989
80 69 0.00654997
80 81 0.00184747
80 76 0.05858537
80 77 0.00889251
80 86 0.00084745
80 89 0.00247621
80 80 0.00246847
24 29 0.00361682
24 31 0.00213033
24 23 0.04064611
24 22 0.00252160
24 20 0.07700778
24 32 0.00109169
24 21 0.00193357
24 24 0.13823199
71 60 0.00896778
71 79 0.00482263
71 61 0.00653137
71 59 0.00228200
71 70 0.00882811
71 64 0.00111905
71 68 0.06569442
71 62 0.00074772
71 67 0.02943490
71 69 0.00242150
71 66 0.00454711
71 72 0.00153639
71 80 0.09877167
71 71 0.05904190
117 114 0.17944192
117 105 0.00075768
117 115 0.02368550
117 108 0.00075127
117 104 0.00117437
117 109 0.00167661
117 116 0.02420057
117 117 0.11606626
117 107 0.00161390
117 111 0.02038534
117 122 0.01233182
117 120 0.01088420
117 121 0.06608319
117 118 0.00199530
117 106 0.00310737
117 113 0.01092808
117 112 0.00382775
117 119 0.00391660
117 110 0.00189736
111 103 0.01327656
111 117 0.00795235
111 111 0.22335608
111 107 0.00168631
111 102 0.01315289
111 118 0.00129111
111 100 0.00430802
111 108 0.07591771
111 115 0.02188370
111 114 0.01207315
111 105 0.00947605
111 101 0.01133176
111 116 0.01868639
111 109 0.07864959
111 104 0.00490285
111 98 0.00069611
111 110 0.05830885
111 119 0.00351717
111 113 0.01860047
111 106 0.00496682
111 112 0.02143984
28 27 0.13301359
28 36 0.21856067
28 22 0.00066058
28 26 0.00738200
28 24 0.19183798
28 25 0.00979574
28 28 0.23715367
28 35 0.00543600
28 31 0.00866636
28 23 0.00390246
28 33 0.00168273
93 92 0.00861361
93 90 0.07409826
93 101 0.11504400
93 84 0.00165067
93 89 0.00093790
93 91 0.05748740
93 94 0.00145841
93 93 0.14362780
93 82 0.01803587
93 83 0.02423122
142 142 0.00349217
142 143 0.03362098
142 139 0.24152348
142 144 0.02528386
142 138 0.00170868
142 135 0.00460438
142 141 0.00246576
142 145 0.00056575
142 140 0.31236035
112 119 0.00094591
112 110 0.06873856
112 99 0.00081409
112 112 0.03724396
112 106 0.01653336
112 113 0.01613201
112 120 0.00236396
112 118 0.00339731
112 102 0.01000244
112 111 0.02870958
112 107 0.00853279
112 103 0.00870231
112 117 0.01680625
112 104 0.00909407
112 109 0.08118586
112 116 0.06606346
112 114 0.01263469
112 105 0.00312048
112 101 0.00411239
112 115 0.01282668
112 108 0.00309936
78 71 0.00110645
78 75 0.02184090
78 73 0.00654387
78 77 0.02453601
78 76 0.04699085
78 74 0.05139869
78 78 0.06462177
78 85 0.03011617
78 79 0.03217492
124 124 0.00588906
124 112 0.00060081
124 123 0.01151553
124 119 0.02102501
124 127 0.00441651
124 128 0.06234750
124 126 0.00451668
124 116 0.00055802
124 117 0.00101105
124 111 0.00094254
124 122 0.03766550
124 125 0.00074856
124 121 0.12396784
124 120 0.05696178
124 118 0.01096839
5 3 0.00067036
5 2 0.00108615
5 10 0.00619993
5 6 0.23485367
5 1 0.06644790
5 5 0.53399638
1 2 0.00290396
1 1 0.37875073
74 64 0.00200546
74 83 0.00053298
74 70 0.09534399
74 71 0.02386399
74 75 0.00118964
74 72 0.00993070
74 81 0.06429467
74 63 0.02532691
74 69 0.00075179
74 73 0.01823232
74 74 0.01115938
92 83 0.00149391
92 87 0.00064456
92 85 0.00149671
92 82 0.02162465
92 93 0.00080002
92 89 0.07396302
92 84 0.00102741
92 100 0.07067867
92 91 0.01171469
92 95 0.00170751
92 97 0.00076796
92 88 0.00094995
92 90 0.17808726
92 81 0.01692925
92 101 0.00087316
92 92 0.34216081
62 70 0.01434927
62 57 0.00069816
62 58 0.01827063
62 59 0.18005883
62 52 0.00073272
62 56 0.00103729
62 60 0.06038721
62 61 0.04031798
62 51 0.00297505
62 71 0.00569400
62 63 0.00180400
62 62 0.15975724
73 82 0.00510103
73 59 0.00174662
73 61 0.00391393
73 60 0.00063526
73 70 0.03449273
73 81 0.00091446
73 72 0.04545001
73 63 0.00525900
73 66 0.00338406
73 69 0.08589876
73 73 0.15360760
73 62 0.00135859
73 68 0.00806027
73 74 0.08397003
73 71 0.00862672
73 80 0.04401700
115 119 0.09439172
115 110 0.02193826
115 106 0.00127937
115 113 0.03390154
115 112 0.15445086
115 111 0.01406971
115 103 0.00054167
115 107 0.00410247
115 117 0.00953815
115 121 0.00149436
115 120 0.01197456
115 102 0.00107003
115 118 0.01713028
115 114 0.03627966
115 105 0.00264781
115 115 0.22407597
115 108 0.00260482
115 104 0.00352526
115 109 0.02143103
115 116 0.00979326
9 4 0.00073600
9 10 0.04166500
9 16 0.00059591
9 9 0.21369222
9 14 0.01856376
9 5 0.05120480
108 109 0.02842289
108 116 0.02891063
108 105 0.07534615
108 101 0.00486801
108 114 0.00102119
108 115 0.01044257
108 97 0.00552628
108 108 0.01985130
108 100 0.01405573
108 102 0.00441705
108 111 0.01465993
108 107 0.01575465
108 103 0.00204946
108 112 0.00444721
108 106 0.08845599
108 113 0.00583043
108 110 0.02028880
108 98 0.01572557
108 99 0.01614266
3 3 0.50761956
3 4 0.02003912
90 91 0.00269903
90 80 0.00347095
90 89 0.01119663
90 88 0.03560533
90 90 0.21972941
90 81 0.00255309
90 86 0.00272603
90 98 0.09139133
90 83 0.00074106
90 87 0.05853095
90 82 0.00079040
90 79 0.00186730
90 93 0.00145889
72 71 0.00982371
72 80 0.00058061
72 69 0.07689638
72 72 0.02102183
72 81 0.05094067
72 68 0.08144963
72 62 0.00544870
72 73 0.00782094
72 70 0.04869484
72 79 0.03623633
72 61 0.03358661
101 91 0.00186989
101 100 0.00197447
101 102 0.00383127
101 101 0.04923145
101 105 0.00054471
101 90 0.00070203
101 104 0.00244344
101 92 0.00108564
101 109 0.01553003
101 98 0.07867333
101 99 0.00256654
101 106 0.00145035
10 11 0.03524000
10 10 0.19638645
10 16 0.00067208
10 15 0.00980865
10 17 0.00146737
10 6 0.00669808
49 46 0.02997934
49 39 0.00242098
49 57 0.14634433
49 50 0.01039557
49 40 0.00399955
49 45 0.12179358
49 47 0.01905284
49 48 0.09325678
49 52 0.00772656
49 49 0.02965872
49 38 0.04427527
91 96 0.00056905
91 82 0.00292133
91 99 0.00233754
91 83 0.00073597
91 87 0.00114320
91 88 0.07190367
91 90 0.03548988
91 81 0.02792305
91 92 0.00122843
91 94 0.00175261
91 89 0.04301854
91 84 0.00097448
91 91 0.32252891
91 80 0.02266897
4 1 0.00099458
4 5 0.24649011
4 6 0.00065582
4 4 0.25959879
4 9 0.00321162
4 3 0.00126279
4 2 0.01187291
106 106 0.01906923
106 96 0.02439922
106 98 0.00756564
106 99 0.00294639
106 110 0.00220902
106 114 0.20619167
106 101 0.00128662
106 105 0.00929986
106 97 0.01499560
106 95 0.00330721
106 108 0.00955691
106 104 0.10235386
106 109 0.01052215
106 107 0.04929760
106 103 0.07570132
106 111 0.00402963
106 100 0.00291006
56 65 0.00210979
56 47 0.00082150
56 52 0.04050729
56 56 0.04164862
56 57 0.01801564
56 46 0.00394067
56 45 0.02805959
56 64 0.03999567
56 55 0.06870103
56 44 0.00099216
56 54 0.06732521
56 53 0.00692889
8 13 0.00639533
8 8 0.17180509
8 12 0.00076704
8 4 0.07180108
8 10 0.00053334
8 11 0.00055067
8 9 0.08721067
144 140 0.00152821
144 141 0.18655612
144 145 0.03954182
144 144 0.00742962
144 143 0.00398752
144 142 0.36681908
144 146 0.00788761
144 137 0.00542174
64 64 0.04957848
64 58 0.00110688
64 59 0.00077795
64 65 0.05615559
64 60 0.01235143
64 61 0.01545456
64 63 0.01078316
64 72 0.00442053
64 62 0.00532058
64 73 0.00474307
134 137 0.01080965
134 131 0.16266740
134 136 0.00712923
134 123 0.00050661
134 127 0.00295810
134 130 0.06159828
134 135 0.00175319
134 126 0.00092680
134 134 0.00216320
134 132 0.26402592
134 133 0.00753215
109 98 0.00496951
109 99 0.01414448
109 110 0.02573013
109 106 0.07492838
109 113 0.00599503
109 112 0.01517027
109 107 0.03203805
109 103 0.00576561
109 111 0.01983882
109 117 0.01094663
109 100 0.01507954
109 102 0.00523399
109 105 0.00058005
109 114 0.00884059
109 101 0.01451443
109 115 0.00339708
109 108 0.10758166
109 104 0.00272157
109 109 0.20512279
109 116 0.00414370
36 41 0.00051140
36 28 0.00102692
36 35 0.04031306
36 39 0.00089997
36 34 0.00551961
36 44 0.21086067
36 33 0.02853390
36 36 0.10583307
36 26 0.00282676
36 32 0.11341412
36 37 0.00057137
22 28 0.00228173
22 19 0.00057220
22 29 0.00227076
22 18 0.06968270
22 22 0.26924808
22 21 0.04494975
32 40 0.00340733
32 29 0.00056479
32 31 0.05477672
32 35 0.00468150
32 28 0.20991726
32 25 0.00077689
32 26 0.00257188
32 32 0.06222602
32 30 0.00102451
32 27 0.00156086
100 99 0.00406329
100 98 0.00226071
100 96 0.00055287
100 102 0.00104524
100 89 0.00147116
100 91 0.00139858
100 100 0.00726504
100 103 0.00070672
100 92 0.00052795
100 108 0.03585867
100 97 0.07832733
100 105 0.00093396
100 90 0.00279714
121 121 0.00438991
121 120 0.00752737
121 125 0.09118486
121 118 0.19774720
121 117 0.07795202
121 111 0.00192471
121 116 0.02562564
121 109 0.00134518
121 126 0.00604081
121 108 0.00110436
121 115 0.01666015
121 119 0.11747252
121 110 0.00223546
121 123 0.00383521
121 124 0.01063238
37 38 0.00514735
37 27 0.01423368
37 36 0.04319326
37 37 0.09355233
37 35 0.00597319
37 41 0.00086055
37 33 0.20310839
37 40 0.01155523
37 45 0.00466270
37 34 0.03828270
148 146 0.63742205
148 144 0.00518005
148 145 0.23847690
148 141 0.00237896
