39 71 39 71 0.00059895
39 65 39 65 0.57648800
47 58 47 58 0.70126000
20 25 20 24 0.00088345
20 27 20 27 0.01109660
74 88 74 87 0.00070138
144 148 144 148 0.06118680
114 120 114 120 0.26771100
11 36 11 36 0.00358996
11 145 11 145 0.17815200
67 147 67 147 0.00115833
30 75 30 75 0.34805100
29 77 29 77 0.01102320
29 74 29 74 0.01855380
29 76 29 76 0.72969200
33 72 33 72 0.39621000
76 86 76 85 0.00152333
113 120 113 120 0.17472200
141 151 141 151 0.00511703
4 15 4 15 0.00133926
4 144 4 144 0.00168427
4 75 4 75 0.00085922
4 9 4 9 0.00084698
4 78 4 78 0.00100000
40 64 40 64 0.67280200
119 125 118 125 0.00055610
38 66 38 66 0.86767900
38 72 38 72 0.00070402
9 143 9 143 0.01897670
9 71 9 71 0.00620252
9 148 9 148 0.46081900
73 89 73 88 0.00167028
75 87 75 86 0.00072899
143 149 143 149 0.02420170
49 56 49 56 0.70265400
72 148 72 148 0.00480516
72 88 72 88 0.01216130
19 28 19 28 0.00428862
19 26 19 26 0.18381300
16 27 16 27 0.74013300
16 24 16 24 0.03474450
14 21 14 21 0.01490330
14 29 14 29 0.18253600
7 150 7 150 0.61091100
7 12 7 12 0.01314460
45 60 45 60 0.06355330
45 61 45 61 0.58581900
35 69 35 69 0.64761600
68 145 68 145 0.00116877
13 143 13 143 0.13829000
13 22 13 22 0.01214680
13 30 13 30 0.04348140
13 69 13 69 0.00291985
13 33 13 33 0.00732560
43 63 43 63 0.29682300
43 62 43 62 0.06216060
37 68 37 68 0.00854861
37 67 37 67 0.68158400
15 28 15 28 0.30978200
15 20 15 20 0.01564190
28 77 28 77 0.14023300
28 78 28 78 0.02260260
28 75 28 75 0.00178662
3 76 3 76 0.00297211
3 79 3 79 0.00117351
3 149 3 149 0.00800716
3 145 3 145 0.00201839
3 9 3 9 0.00109486
69 145 69 145 0.00191089
69 144 69 144 0.00341266
46 60 46 60 0.52720800
12 144 12 144 0.20360100
12 145 12 145 0.07858620
12 35 12 35 0.01087630
12 70 12 70 0.00686087
50 55 50 55 0.87062700
77 85 77 84 0.00055586
77 84 77 84 0.39438700
44 62 44 62 0.60405400
142 150 142 150 0.01683480
18 27 18 27 0.04031820
18 25 18 24 0.00083016
5 74 5 74 0.00112271
5 77 5 77 0.00180695
5 147 5 147 0.00475327
5 14 5 14 0.00272877
5 151 5 151 0.01179840
8 149 8 149 0.49727400
8 144 8 144 0.01117190
8 72 8 72 0.00320123
41 63 41 63 0.45036800
41 65 41 65 0.01188590
2 146 2 146 0.00227941
2 150 2 150 0.01862400
17 28 17 28 0.01860900
17 26 17 26 0.35901000
36 68 36 68 0.66808900
36 69 36 69 0.01171510
26 79 26 79 0.00627049
6 76 6 76 0.00852894
6 13 6 13 0.01413170
6 151 6 151 0.85517900
48 57 48 57 0.60028400
78 83 78 83 0.39343600
70 150 70 150 0.00228632
71 149 71 149 0.00302001
71 89 71 89 0.01404580
