23 19 0.00776096
23 20 0.00080417
23 22 0.12825900
23 21 0.69667900
96 107 0.73462300
58 57 0.12293200
58 56 0.00422858
58 55 0.01871870
58 66 0.00067856
58 63 0.00152320
58 60 0.01207710
58 58 0.28626400
117 128 0.94866800
10 9 0.89786200
10 10 0.00768794
10 7 0.00129187
10 6 0.00149868
16 15 0.67047500
16 14 0.13485600
16 13 0.00141396
16 12 0.00393709
90 101 0.27983900
90 95 0.02538030
90 96 0.05341070
14 11 0.00165683
14 12 0.01107690
14 13 0.87020400
14 10 0.00190632
32 28 0.02345580
32 30 0.01358610
32 31 0.05983800
83 88 0.02674780
83 90 0.00500521
83 94 0.59338100
26 22 0.00710218
26 23 0.00084625
26 24 0.67243200
26 25 0.07554870
7 3 0.00116324
7 7 0.12371600
7 6 0.78680100
7 4 0.00053326
123 134 0.99324800
132 143 0.99545900
54 51 0.08072970
54 54 0.00173609
54 52 0.00622002
54 53 0.14586900
56 53 0.03197830
56 55 0.06890830
56 56 0.00827456
56 54 0.01025340
18 14 0.00449586
18 15 0.00799294
18 16 0.02958760
18 17 0.16762700
86 91 0.08013810
86 98 0.00072004
86 93 0.00071802
86 97 0.74100500
53 50 0.11649500
53 51 0.05700530
53 52 0.19957800
92 101 0.00114238
92 103 0.58717900
92 100 0.00088596
92 98 0.00442668
63 71 0.00794574
63 72 0.00259980
63 70 0.00060956
63 73 0.00264171
63 62 0.01884830
63 64 0.00261088
63 67 0.00329634
63 59 0.00128868
63 63 0.02844060
63 65 0.03863270
63 66 0.00119803
63 74 0.00219861
63 61 0.00270228
63 68 0.04893180
63 60 0.02386270
133 144 0.59834700
64 62 0.00223099
64 65 0.01286950
64 63 0.31355500
64 60 0.00109733
64 74 0.00371740
64 73 0.00346321
64 72 0.00775177
64 70 0.00132038
64 71 0.00163989
64 64 0.16169600
64 75 0.01609770
64 66 0.06583700
64 69 0.06030090
64 67 0.00181335
64 61 0.00775481
64 68 0.01090700
76 87 0.04205160
76 81 0.02055150
76 86 0.00050969
71 76 0.19379400
71 75 0.00070790
71 82 0.30822200
101 112 0.41799600
45 44 0.01971900
45 43 0.00488246
80 85 0.14570300
80 87 0.00426407
80 91 0.35872800
80 90 0.00075427
80 86 0.00206880
75 80 0.00510152
75 86 0.69090500
110 121 0.94929800
79 85 0.00358616
79 89 0.00089529
79 90 0.72879300
79 86 0.00428108
79 84 0.16488400
36 34 0.02511500
36 35 0.03439790
1 1 0.40795100
93 102 0.00161163
93 104 0.76755100
93 99 0.00137251
93 100 0.00124639
93 101 0.00130712
3 1 0.00204958
3 3 0.26763700
3 4 0.00138134
3 2 0.56891100
112 123 0.94971900
136 147 0.96774200
128 139 0.61229800
38 37 0.09104980
38 36 0.00185084
97 108 0.04190920
97 105 0.00087177
22 21 0.13625000
22 18 0.00746368
22 20 0.47978900
134 145 0.88928100
43 41 0.02364910
43 42 0.96197000
91 102 0.59562700
91 97 0.01566330
12 11 0.94236700
12 9 0.00174930
12 8 0.00162216
28 26 0.14037300
28 25 0.00084574
28 27 0.10402900
28 24 0.00127033
106 117 0.71618100
106 118 0.00052309
70 74 0.00095384
70 75 0.10038000
70 70 0.00061022
70 81 0.30389900
2 1 0.52424900
2 3 0.00074197
2 2 0.26471800
19 18 0.47607300
19 15 0.00431679
19 17 0.04972680
125 136 0.90422400
34 32 0.00905305
34 33 0.30087200
34 31 0.00831167
84 89 0.02096530
84 91 0.00277492
84 95 0.27961400
99 110 0.91285600
109 120 0.94912400
98 109 0.91248900
74 85 0.26685900
74 86 0.00062498
74 79 0.11420300
60 58 0.01586830
60 60 0.10279100
60 59 0.06787020
60 65 0.00521606
60 62 0.03916160
60 57 0.03618110
60 68 0.00217856
124 135 0.89723400
115 126 0.94995300
111 122 0.94941500
5 3 0.00062846
5 6 0.00095507
5 2 0.00592123
5 5 0.04961360
5 4 0.71187000
52 51 0.05734430
52 50 0.55431300
52 49 0.00675090
72 77 0.11643900
72 83 0.23000300
8 7 0.82198700
8 4 0.00114581
8 8 0.08824240
8 5 0.00056208
103 114 0.50351200
69 70 0.00081720
69 73 0.00123241
69 66 0.00058323
69 69 0.00101456
69 80 0.22342400
69 74 0.07974090
44 42 0.00706672
44 43 0.97873900
78 89 0.72957100
78 83 0.16989800
78 85 0.00840903
78 84 0.00689748
122 132 0.00106254
122 125 0.00080319
122 128 0.00065766
122 133 0.93055200
135 146 0.81160500
104 115 0.40693900
42 40 0.04144170
42 41 0.94541600
49 48 0.09194260
49 47 0.20846300
65 71 0.00676002
65 73 0.01469130
65 70 0.05754980
65 72 0.00639659
65 64 0.33048200
65 76 0.13649900
65 67 0.02154760
65 69 0.07482320
65 75 0.01166830
65 66 0.10599900
65 68 0.00620600
65 62 0.00320530
65 65 0.09838120
65 63 0.00253192
65 74 0.00934800
116 127 0.94982400
137 148 0.99989600
51 50 0.22588200
51 49 0.28730000
107 119 0.00057671
107 118 0.60494200
120 131 0.49483700
120 126 0.00076460
33 31 0.13338800
33 32 0.14167600
66 77 0.02002680
66 63 0.00211082
66 65 0.05390020
66 74 0.00088185
66 71 0.07950700
66 72 0.00473017
66 70 0.05507580
66 73 0.00263971
66 64 0.00054152
66 76 0.00140234
66 67 0.09664980
66 69 0.00192325
66 66 0.01261030
66 75 0.01299490
66 68 0.01021090
21 20 0.21096400
21 19 0.53285000
21 17 0.00572567
131 142 0.99377000
13 9 0.00166710
13 12 0.93293800
13 11 0.00151773
13 10 0.00193541
95 106 0.82485900
95 101 0.00085812
95 105 0.00179123
95 104 0.00068945
119 122 0.00079373
119 125 0.00415287
119 130 0.52310900
119 129 0.00105850
11 11 0.00115905
11 10 0.93768100
11 8 0.00169947
11 7 0.00162050
37 36 0.23648000
37 35 0.06443400
59 56 0.01690170
59 57 0.03047490
59 58 0.16825400
59 59 0.04090720
59 64 0.00210415
59 61 0.03135880
59 67 0.00170455
105 116 0.30868000
130 141 0.56553300
48 47 0.03218470
48 46 0.04751530
108 119 0.38140200
15 11 0.00296166
15 13 0.07329680
15 12 0.00114363
15 14 0.80417600
88 94 0.01166510
88 95 0.00060242
88 100 0.00112670
88 93 0.14983300
88 99 0.74071700
39 38 0.00981753
39 37 0.00197056
35 32 0.00270283
35 33 0.21438900
35 34 0.30633100
62 62 0.01508860
62 65 0.00062764
62 59 0.01412030
62 60 0.00088818
62 70 0.00594252
62 64 0.03778150
62 67 0.03089100
62 61 0.23278700
24 20 0.00330017
24 22 0.67969900
24 21 0.00078612
24 23 0.07720800
55 52 0.00228471
55 53 0.00593502
55 55 0.00384394
55 54 0.09907070
77 83 0.00070797
77 88 0.73109400
77 87 0.00085933
77 84 0.00146454
77 82 0.14292500
57 62 0.00129751
57 55 0.13686500
57 54 0.01387750
57 56 0.05900760
57 57 0.02474910
57 59 0.00440414
121 131 0.00096511
121 127 0.00083770
121 132 0.26959800
102 113 0.34704100
31 28 0.00088420
31 27 0.00764730
31 29 0.02383610
31 30 0.09366010
50 48 0.00766736
50 49 0.05171470
89 100 0.48296800
89 95 0.07396290
89 94 0.08754910
89 96 0.00056047
27 25 0.34703000
27 26 0.01767820
27 24 0.00211382
27 23 0.00063357
73 78 0.19668300
73 84 0.23820200
4 5 0.00106328
4 4 0.18128900
4 2 0.00120738
4 1 0.00592214
4 3 0.70287500
47 45 0.00427789
47 46 0.08184770
25 23 0.77412000
25 21 0.00445626
25 24 0.12840500
25 22 0.00087021
61 59 0.00243013
61 63 0.03974540
61 60 0.16680800
61 58 0.11270700
61 64 0.00130582
61 66 0.01846660
61 69 0.00417471
61 61 0.01498310
20 19 0.34704500
20 18 0.04616330
20 16 0.00505132
67 77 0.01049730
67 78 0.31799300
67 74 0.00255477
67 63 0.00130491
67 76 0.00572379
67 64 0.00381762
67 70 0.00120988
67 72 0.01587740
67 71 0.01884830
67 68 0.00478777
67 66 0.01119850
67 67 0.00670385
67 69 0.00184562
41 40 0.87949200
41 39 0.00285970
127 138 0.92239400
17 16 0.52516000
17 13 0.00443198
17 14 0.00489939
17 15 0.14878800
85 96 0.74078400
85 92 0.00151885
85 90 0.01973200
118 129 0.94865400
118 128 0.00110521
40 38 0.10988900
40 39 0.03578700
29 25 0.02366760
29 26 0.00150746
29 28 0.08418930
29 27 0.33142700
94 100 0.00992933
94 102 0.00053600
94 103 0.00331493
94 101 0.00076402
94 105 0.62077000
82 89 0.00538103
82 87 0.12241600
82 88 0.00054641
82 93 0.73201300
6 6 0.08221370
6 3 0.00070932
6 5 0.77978900
6 2 0.00067433
6 7 0.00065839
30 28 0.33361000
30 29 0.00684583
100 111 0.34647400
81 91 0.00051717
81 88 0.00291129
81 87 0.00058579
81 86 0.10516900
81 92 0.47413600
113 124 0.94977700
9 6 0.00096318
9 9 0.04817910
9 8 0.85733700
9 5 0.00135343
126 137 0.61389900
46 45 0.19347300
46 44 0.02169180
114 125 0.94996600
68 65 0.00411533
68 79 0.69010100
68 77 0.00105596
68 78 0.00260558
68 75 0.00105233
68 69 0.00937764
68 67 0.00487987
68 68 0.00722281
68 70 0.00109224
68 72 0.01885100
68 73 0.18834000
68 71 0.00320474
87 93 0.00557507
87 98 0.74077100
87 99 0.00088249
87 92 0.15591700
87 94 0.00063097
129 140 0.27295100
