119 119 0.79187800
131 131 0.94078500
94 94 0.65697200
106 106 0.93950100
147 147 0.99655600
65 65 0.98796100
114 114 0.77837300
50 50 0.29574300
29 29 0.29325300
66 66 0.98796200
148 148 0.99649800
101 101 0.86027500
155 155 0.39651800
111 111 0.64571300
68 68 0.34791700
129 129 0.66698200
2 2 0.32056100
33 33 0.29872000
53 53 0.29435800
1 1 0.39264900
150 150 0.31901300
121 121 0.96063300
81 81 0.29435900
45 45 0.41399200
103 103 0.74519700
93 93 0.84443700
46 46 0.94588200
25 25 0.29850600
133 133 0.71955600
158 158 0.39651800
141 141 0.39651700
135 135 0.32482300
27 27 0.25488500
26 26 0.27552400
49 49 0.73747300
5 5 0.30004500
84 84 0.29573900
52 52 0.39901800
44 44 0.93624200
116 116 0.71932300
123 123 0.56855000
23 23 0.39648700
99 99 0.83772900
100 100 0.93843800
42 42 0.98169500
54 54 0.39963700
72 72 0.09836510
128 128 0.66586800
130 130 0.94072500
10 10 0.29850700
8 8 0.48734200
19 19 0.86042200
48 48 0.26109200
117 117 0.65715700
115 115 0.68815300
125 125 0.93313700
14 14 0.32337400
91 91 0.83896500
132 132 0.90962600
153 153 0.29317900
92 92 0.32772800
57 57 0.98224500
126 126 0.62651500
154 154 0.39651800
6 6 0.29740100
15 15 0.83306600
105 105 0.90834000
109 109 0.60407000
124 124 0.48057700
20 20 0.99998400
156 156 0.97516400
3 3 0.30338100
75 75 0.99766700
75 76 0.00059244
17 17 0.99998000
110 110 0.52041800
12 12 0.39648800
31 31 0.29282700
13 13 0.39810200
34 34 0.62080400
39 39 0.76100100
41 41 0.95881200
71 71 0.83205200
64 64 0.98795500
87 87 0.36042800
70 70 0.48912000
32 32 0.28943800
102 102 0.78949600
76 76 0.99721000
76 77 0.00100392
152 152 0.71224300
80 80 0.39962700
89 89 0.83840700
62 62 0.36353200
83 83 0.29421800
108 108 0.59763300
56 56 0.99832300
86 86 0.08677260
136 136 0.39651700
97 97 0.97798700
145 145 0.14395000
9 9 0.55570600
127 127 0.29980200
78 78 0.99663700
28 28 0.29325300
35 35 0.85198300
107 107 0.82591000
104 104 0.75743500
73 73 0.99599100
21 21 0.29602600
96 96 0.95036000
120 120 0.91749900
4 4 0.29944500
43 43 0.38676500
144 144 0.32239600
139 139 0.99998800
38 38 0.99657800
58 58 0.10051700
90 90 0.53294500
112 112 0.22091000
60 60 0.41686700
113 113 0.88922800
160 160 0.36310200
88 88 0.94702700
143 143 0.30758700
74 74 0.99601800
137 137 0.39651800
157 157 0.31342400
142 142 0.29318000
63 63 0.39299400
47 47 0.40407100
37 37 0.99657600
22 22 0.39810200
146 146 0.99659800
36 36 0.99659600
11 11 0.33618500
24 24 0.33618500
61 61 0.41924400
59 59 0.98342500
67 67 0.42017600
159 159 0.39651800
138 138 0.28860500
79 79 0.00860573
18 18 0.99997000
16 16 0.99997000
40 40 0.85058600
98 98 0.90100100
118 118 0.72980600
82 82 0.39902000
122 122 0.94289300
30 30 0.29448000
140 140 0.39651700
151 151 0.59194700
77 78 0.00130360
77 77 0.99654200
51 51 0.29421800
85 85 0.98068600
134 134 0.68749400
7 7 0.48258600
69 69 0.50005400
55 55 0.00878582
95 95 0.81253800
149 149 0.14056900
