43 43 0.55744500
11 11 0.60935100
10 10 0.87630200
132 132 0.91652000
3 3 0.99927000
35 35 0.68419500
67 67 0.71002200
2 2 0.99936200
69 69 0.41499500
46 46 0.45500100
114 114 0.64320300
64 64 0.54254800
74 74 0.40091300
126 126 0.94266400
16 16 0.87426200
73 73 0.31221400
51 51 0.99855800
36 36 0.68011000
93 93 0.94273400
29 29 0.89695200
144 144 0.78350400
41 41 0.95896600
111 111 0.98782800
50 50 0.99851100
56 56 0.99874800
135 136 0.00074682
135 135 0.91621800
42 42 0.51470000
44 44 0.44597900
49 49 0.22324400
37 37 0.95272200
122 122 0.94219700
62 62 0.46606400
125 125 0.94261700
6 6 0.78171900
25 25 0.69928900
134 134 0.91624100
134 135 0.00059977
22 22 0.99402500
147 147 0.92230200
136 136 0.91603600
12 12 0.66047600
14 14 0.43729500
123 123 0.94228600
80 80 0.66066500
105 105 0.83079100
59 59 0.97653000
128 128 0.94278100
52 52 0.99858700
79 79 0.48760800
119 119 0.73467900
82 82 0.72922800
131 131 0.91663200
121 121 0.94220100
115 115 0.96903300
108 108 0.56248600
63 63 0.57748900
133 133 0.91638800
142 142 0.94141100
39 39 0.74403600
85 85 0.68518800
5 5 0.52272800
31 31 0.89685500
31 30 0.00086753
140 140 0.84164700
130 130 0.83890100
9 9 0.75867200
72 72 0.42672900
113 113 0.56249900
61 61 0.46696000
47 47 0.97661600
104 104 0.96468800
101 101 0.94277300
33 33 0.92250200
40 40 0.66268800
18 18 0.46264600
152 152 0.64773000
98 98 0.94276100
112 112 0.98774900
148 148 0.90963800
153 153 0.85120900
155 155 0.97884900
77 77 0.86049300
117 117 0.83072600
28 28 0.47141000
84 84 0.69260500
143 143 0.88625600
83 83 0.90841100
106 106 0.96889400
19 19 0.34213900
109 109 0.98778000
81 81 0.72453700
78 78 0.86772800
76 76 0.81485400
99 99 0.94280000
65 65 0.84493100
45 45 0.44882900
68 68 0.40030000
120 120 0.77480300
139 139 0.91899400
145 145 0.77883500
116 116 0.96901000
102 102 0.72497800
151 151 0.94511700
60 60 0.47068300
70 70 0.86100900
54 54 0.99865400
20 20 0.43604800
15 15 0.87600000
100 100 0.94275700
88 88 0.91055300
8 8 0.72462200
38 38 0.89162400
103 103 0.78712200
27 27 0.46532000
127 127 0.94273300
89 89 0.91064700
23 23 0.39922300
137 137 0.56847700
124 124 0.94227800
149 149 0.74480800
138 138 0.87156400
24 24 0.49150400
34 34 0.51044900
94 94 0.94265400
53 53 0.99854200
146 146 0.81330700
21 21 0.43478500
156 156 0.99280000
86 86 0.67879400
118 118 0.96443100
17 17 0.94230800
4 4 0.22503900
110 110 0.98785900
7 7 0.68869600
32 32 0.89716500
32 31 0.00070485
90 90 0.87618600
154 154 0.05997700
141 141 0.81825000
96 96 0.94273700
58 58 0.22032200
66 66 0.99065000
95 95 0.94278100
75 75 0.82266000
1 1 0.99998700
57 57 0.22327200
150 150 0.69478100
26 26 0.47129300
55 55 0.99873600
71 71 0.43113900
13 13 0.50292700
92 92 0.93846000
129 129 0.92308500
30 29 0.00085827
30 30 0.89685800
87 87 0.85176400
97 97 0.94265800
107 107 0.64318500
91 91 0.92653600
48 48 0.22034000
