22 22 0.94806000
22 24 0.00071680
22 23 0.00071966
134 134 0.08643230
125 125 0.99675700
62 62 0.91321300
25 26 0.00089537
25 27 0.00133446
25 25 0.96417500
6 6 0.78668200
122 122 0.99674100
37 37 0.82425900
37 39 0.04181360
37 36 0.00174592
44 44 0.89207500
49 49 0.93909500
50 50 0.86668700
56 56 0.36461300
42 42 0.86261800
42 41 0.00061100
135 135 0.33948800
111 111 0.99062800
111 110 0.00605759
29 30 0.00078687
29 29 0.27935300
29 31 0.01280630
41 41 0.97805700
41 40 0.00212343
144 144 0.94889700
36 36 0.86352700
36 38 0.06990700
51 51 0.66904800
93 93 0.99600000
126 126 0.99673700
73 72 0.00066693
73 74 0.00545509
73 73 0.93016600
16 16 0.89899300
64 65 0.02010570
64 64 0.14311600
74 75 0.00295647
74 74 0.94795300
114 113 0.00296520
114 114 0.99353000
69 70 0.00225563
69 69 0.56411000
46 46 0.98820100
2 2 0.64556400
2 3 0.00085794
67 67 0.95143100
67 68 0.03373000
3 3 0.99866900
35 35 0.86417100
35 37 0.08722890
43 43 0.82460700
10 10 0.98393000
132 132 0.99674300
11 11 0.76910000
101 101 0.99686400
33 33 0.86291200
33 35 0.00348580
33 32 0.00085999
33 34 0.00062419
47 47 0.93918800
104 104 0.99680300
72 72 0.92373300
72 71 0.00123577
72 73 0.02272200
61 61 0.94362900
113 113 0.99328300
113 112 0.00332973
9 9 0.85785800
140 140 0.86025000
130 130 0.74024500
39 38 0.00726968
39 41 0.00392819
39 40 0.00105955
39 39 0.93784900
142 142 0.30627800
5 5 0.91578600
31 32 0.00105414
31 31 0.86312000
31 33 0.07856610
31 30 0.00078473
85 85 0.31731300
133 133 0.01393450
108 108 0.99342800
108 107 0.00057524
63 63 0.91001300
63 64 0.00200334
82 82 0.97156200
115 115 0.99267200
115 114 0.00299839
121 121 0.99678800
131 131 0.99665000
119 119 0.99617500
79 79 0.88155100
105 105 0.99668400
52 52 0.75814900
128 128 0.99679400
59 59 0.95095800
123 123 0.99676900
80 80 0.97215300
147 147 0.69654300
136 136 0.35685800
14 14 0.81169500
12 12 0.66356400
124 124 0.99678900
149 149 0.99503500
137 137 0.44948200
138 138 0.45877100
24 24 0.94535900
24 25 0.00084576
24 26 0.00111878
127 127 0.99676500
23 23 0.92628000
23 25 0.00091124
23 24 0.00078390
89 89 0.99642700
38 40 0.02923540
38 39 0.00101416
38 37 0.00827226
38 38 0.86044600
27 29 0.00675421
27 28 0.00065710
27 27 0.41371700
103 103 0.99677300
100 100 0.99684100
8 8 0.98814900
88 88 0.01351990
151 150 0.00054713
151 151 0.99560900
60 60 0.87892900
15 15 0.90733400
20 21 0.00054675
20 20 0.79358600
70 70 0.12720200
70 71 0.00349884
54 54 0.96566600
116 116 0.99270200
116 115 0.00334287
102 102 0.99685600
68 68 0.94901900
68 69 0.03593140
120 120 0.99668900
145 145 0.97339400
139 139 0.98164100
45 45 0.93709000
65 65 0.57964600
65 66 0.02251400
81 81 0.93848300
99 99 0.99681100
78 78 0.69811200
76 76 0.90037300
106 106 0.99667400
19 19 0.19433700
109 108 0.00341585
109 109 0.99051500
83 83 0.49893200
84 84 0.29133700
143 143 0.92435400
155 155 0.79460200
77 77 0.89412600
117 117 0.99415600
117 116 0.00195216
28 29 0.00186503
28 28 0.44486300
28 30 0.03763060
112 112 0.99083200
112 111 0.00573334
148 148 0.99587600
153 153 0.72736800
152 152 0.69670600
98 98 0.99684700
40 42 0.00059133
40 39 0.00471905
40 40 0.95032500
18 18 0.97551400
48 48 0.95094300
91 91 0.74001100
107 107 0.99627500
87 87 0.08283670
97 97 0.99682400
13 13 0.29755000
129 129 0.99695700
92 92 0.99664400
30 31 0.00090058
30 32 0.02283950
30 30 0.86959500
71 70 0.00260632
71 72 0.02543380
71 71 0.91144100
26 27 0.00065115
26 28 0.00272727
26 26 0.89292800
55 55 0.96634800
150 149 0.00104335
150 150 0.99497900
57 57 0.42842100
95 95 0.99671900
66 66 0.96028200
66 67 0.02492950
1 1 0.86308300
1 2 0.00076475
75 75 0.93195300
75 76 0.00050848
90 90 0.99633600
154 154 0.54722900
58 58 0.46818900
96 96 0.99680800
141 141 0.86871100
4 4 0.78245000
17 17 0.88895200
7 7 0.77645100
110 109 0.00617311
110 110 0.99031100
32 33 0.00097673
32 34 0.05003540
32 31 0.00127098
32 32 0.86247000
118 117 0.00053594
118 118 0.99581700
156 156 0.99944800
86 86 0.32631500
146 146 0.77691400
21 21 0.87744200
34 34 0.86378100
34 36 0.07522550
94 94 0.99600000
53 53 0.94995100
