159 159 0.51744521
159 158 0.01224693
56 57 0.01107230
56 56 0.76995327
75 74 0.00050064
75 75 0.85532394
65 65 0.82991504
2 2 0.55463783
108 109 0.00073161
108 107 0.00373007
108 108 0.77373107
146 146 0.59417018
146 147 0.01425385
150 149 0.00254429
150 150 0.90066695
44 43 0.03359198
44 44 0.75719927
118 119 0.00055380
118 118 0.62134408
139 141 0.00136934
139 138 0.00055693
139 139 0.72508331
139 140 0.13075880
154 154 0.65722182
154 153 0.00430052
119 119 0.60077831
104 102 0.00056668
104 105 0.00102489
104 104 0.68058084
104 103 0.01854903
93 91 0.00189332
93 93 0.62923347
93 92 0.01297338
97 97 0.43762293
97 98 0.00652054
43 43 0.57745326
43 42 0.06606189
148 149 0.00105203
148 148 0.60518755
96 95 0.00470765
96 94 0.00074805
96 96 0.43171146
96 97 0.00475788
51 52 0.00292585
51 51 0.84316707
69 69 0.82021166
38 37 0.00496812
38 38 0.62076255
68 68 0.79737690
15 16 0.01410339
15 15 0.73632928
10 10 0.59081052
10 11 0.00536275
33 33 0.53895238
52 52 0.76138844
52 53 0.00494234
141 142 0.00128327
141 140 0.00096382
141 141 0.30640525
34 34 0.72305130
6 6 0.66580946
6 7 0.00090018
110 109 0.01161226
110 110 0.81026575
132 132 0.73201621
132 133 0.13704232
76 75 0.00072620
76 76 0.82276678
60 61 0.00788699
60 60 0.86124500
124 124 0.78852557
124 125 0.00895707
54 54 0.71321410
54 55 0.00833260
145 146 0.01533485
145 145 0.73565110
12 13 0.02238881
12 12 0.53150648
30 31 0.00119046
30 30 0.84728231
70 70 0.82612562
37 36 0.00302666
37 37 0.68872423
74 74 0.84160292
126 127 0.02553085
126 126 0.65857367
98 99 0.00202811
98 98 0.07877836
121 121 0.69249117
121 122 0.00284009
137 138 0.00833039
137 137 0.50622164
155 154 0.01122596
155 155 0.70106523
160 159 0.00277275
160 160 0.96927228
92 90 0.00061427
92 92 0.93712136
92 91 0.00690685
14 14 0.64319782
14 15 0.02003531
77 78 0.00119313
77 76 0.00254818
77 77 0.88598299
63 64 0.00074048
63 63 0.67811976
57 58 0.01076194
57 57 0.81388204
45 45 0.88986138
45 44 0.04354779
138 138 0.55638356
138 140 0.00130283
138 139 0.04126046
80 79 0.00862419
80 81 0.00379691
80 80 0.64914952
83 82 0.00436132
83 83 0.27884361
16 16 0.49006909
16 17 0.01055074
84 84 0.48367206
81 81 0.81455719
81 80 0.00824177
91 90 0.00126983
91 91 0.94726282
66 66 0.59099535
88 88 0.61841543
136 136 0.47334535
136 137 0.05194351
89 89 0.78957474
158 158 0.51676992
158 157 0.01690276
102 101 0.01689901
102 103 0.00715649
102 100 0.00410727
102 102 0.86764593
127 126 0.00415890
127 128 0.01297576
127 127 0.73685491
61 62 0.00727159
61 61 0.81781949
128 127 0.00253758
128 128 0.69024230
128 129 0.00508189
152 151 0.00410784
152 152 0.81938595
114 114 0.52050051
130 131 0.14078832
130 129 0.00144680
130 130 0.56648989
112 112 0.70614725
112 110 0.00080740
112 111 0.00220100
36 36 0.61585923
36 35 0.00105839
25 25 0.92579381
25 26 0.00987988
3 3 0.50053381
49 49 0.76897180
49 50 0.00056212
140 141 0.14621373
140 140 0.61465650
140 139 0.00079230
78 77 0.02087048
78 78 0.78274347
78 79 0.00076911
156 155 0.01534770
156 156 0.73705288
101 100 0.01733570
101 99 0.02314927
101 101 0.61644058
47 47 0.47782118
47 46 0.00519510
64 64 0.66874289
64 65 0.00061099
20 20 0.28025509
133 133 0.77244423
133 134 0.15042045
46 46 0.69723477
46 45 0.00831177
40 40 0.65352491
40 39 0.06655902
40 41 0.00057082
151 151 0.74134297
151 150 0.00321531
9 10 0.00439361
9 9 0.76230355
142 142 0.51876447
142 141 0.00059779
142 143 0.03459706
27 27 0.45321250
1 1 0.66408788
86 86 0.79302910
86 85 0.00078024
21 21 0.58639095
21 22 0.00153787
35 35 0.83893873
100 101 0.00603594
100 99 0.01643911
100 100 0.60423780
19 20 0.00075952
19 19 0.18844091
24 24 0.77209112
24 25 0.00056164
59 60 0.00847180
59 59 0.85844379
26 26 0.65537953
99 99 0.37437736
99 97 0.00092729
72 72 0.78072054
117 118 0.00069573
117 117 0.78577886
116 116 0.64638798
105 105 0.90110699
105 104 0.01679137
105 106 0.00065918
32 33 0.00055167
32 32 0.79657045
90 90 0.96321955
94 93 0.00599763
94 92 0.01289929
94 95 0.00191033
94 94 0.74875368
58 59 0.01028466
58 58 0.84217426
134 135 0.15229369
134 134 0.80695817
131 132 0.01960299
131 130 0.00059251
131 131 0.52387274
17 17 0.67908138
17 18 0.00348387
115 115 0.68347482
4 4 0.74020135
129 128 0.00247920
129 129 0.73214161
129 130 0.00178404
123 123 0.78342150
123 124 0.00173111
149 149 0.60197284
149 150 0.00050184
48 47 0.00082305
48 48 0.44705411
55 56 0.00488624
55 55 0.75741123
22 23 0.00052978
22 22 0.93032181
18 19 0.00749466
18 18 0.36487648
106 107 0.00062140
106 105 0.01670610
106 106 0.83561012
106 104 0.00050426
73 73 0.84115301
7 8 0.00294272
7 7 0.65405393
8 8 0.68256739
8 9 0.00206763
31 31 0.88123244
31 32 0.00165755
11 12 0.01124498
11 11 0.42995006
42 42 0.70828317
42 43 0.00068420
42 41 0.03092954
5 5 0.88334731
79 80 0.00403612
79 78 0.00652778
79 79 0.69390471
28 28 0.27518442
28 29 0.00140470
71 71 0.83765857
111 111 0.72377422
111 110 0.00742698
87 87 0.95576450
144 145 0.01542714
144 144 0.71914404
62 62 0.85646832
62 63 0.00132169
135 135 0.74637555
135 136 0.00215787
53 54 0.00673614
53 53 0.77811545
157 156 0.02338678
157 157 0.69045237
39 39 0.53162307
39 38 0.01746000
120 120 0.59757498
120 121 0.00056160
29 29 0.62928993
29 30 0.00133676
85 85 0.48128645
85 84 0.00102858
143 144 0.01788989
143 143 0.48991105
153 153 0.55053975
153 152 0.00769859
95 95 0.70397549
95 96 0.00238687
95 94 0.00225593
95 93 0.01120271
82 83 0.00221709
82 82 0.26834036
82 81 0.00639118
41 41 0.57240152
41 42 0.00068602
41 40 0.01264685
67 67 0.75739675
122 123 0.00272926
122 124 0.00060307
122 122 0.42548881
107 106 0.00208777
107 108 0.00068106
107 105 0.00142049
107 107 0.75845718
113 113 0.74033146
109 107 0.00206411
109 110 0.00083997
109 109 0.79312440
109 108 0.00484913
23 23 0.81718684
23 24 0.00378056
125 124 0.00071634
125 125 0.76460014
125 126 0.01730250
50 50 0.82749816
50 51 0.00073974
147 147 0.74183998
147 148 0.00170585
103 102 0.01776848
103 104 0.00320383
103 103 0.84225499
103 101 0.00098379
13 13 0.79566397
13 14 0.02268393
