66 66 0.99896200
45 45 0.95758400
65 65 0.99895400
60 60 0.32539300
141 141 0.75515300
141 142 0.14016000
29 29 0.92280400
136 136 0.65425700
136 137 0.28677900
96 96 0.95304700
24 24 0.96636900
142 143 0.03466580
142 142 0.85813300
142 141 0.00055406
110 110 0.95322100
78 78 0.98281600
144 145 0.00267564
144 144 0.98082100
88 88 0.95324600
20 20 0.85803800
46 46 0.96666900
107 107 0.95325100
82 82 0.82426200
21 21 0.96642800
109 109 0.95323100
87 87 0.95316900
108 108 0.95320500
51 51 0.29991600
111 111 0.95313800
120 120 0.73722300
120 121 0.00211020
119 119 0.81039100
119 120 0.00117604
42 42 0.89017300
98 98 0.95324500
79 79 0.87541100
71 71 0.16805000
63 63 0.99886700
93 93 0.95305200
74 74 0.29853900
124 125 0.00168955
124 124 0.93570500
86 86 0.95322900
14 14 0.96044100
67 67 0.44958400
39 39 0.63316800
128 128 0.96189200
49 49 0.97827900
146 146 0.99939200
2 2 0.39991900
8 8 0.98472100
53 53 0.29854000
57 57 0.16796800
113 113 0.95302100
89 89 0.95324400
55 55 0.02131660
133 134 0.04831880
133 133 0.21282000
92 92 0.95317700
106 106 0.95325100
135 135 0.70696900
135 136 0.27698900
147 147 0.99984200
97 97 0.95319500
129 129 0.96838100
81 81 0.56646200
33 33 0.75111300
76 76 0.29991400
145 145 0.99723600
145 146 0.00058127
138 139 0.27277900
138 138 0.64833100
94 94 0.95313200
15 15 0.38973000
130 130 0.97626200
137 137 0.64779000
137 138 0.29115300
116 117 0.00115973
116 116 0.95124800
70 70 0.41406300
5 5 0.99217000
5 6 0.00069591
62 62 0.44957000
11 11 0.96044700
36 36 0.90924000
104 104 0.95326200
7 7 0.99247500
85 85 0.95323900
131 131 0.86707900
131 132 0.00133875
84 84 0.95325000
122 122 0.93390400
122 123 0.00363444
72 72 0.02131820
37 37 0.75647300
35 35 0.74181700
64 64 0.99892000
68 68 0.37549800
30 30 0.68618900
1 1 0.71856000
28 28 0.94375200
13 13 0.96038800
3 3 0.99935100
99 99 0.95322600
126 127 0.00075670
126 126 0.78894300
123 124 0.00268042
123 122 0.00067961
123 123 0.93398800
17 17 0.76534000
6 6 0.99189100
117 118 0.00113331
117 117 0.95129300
127 127 0.84876500
52 52 0.40386400
101 101 0.95324000
19 19 0.81404700
50 50 0.30896200
83 83 0.82462600
102 102 0.95321200
40 40 0.72749200
140 140 0.66476600
140 141 0.24321100
18 18 0.21967000
125 125 0.21432300
125 126 0.00085555
43 43 0.93177400
77 77 0.30894800
73 73 0.40444100
115 116 0.00112268
115 115 0.95145400
91 91 0.95318600
58 58 0.41383600
80 80 0.88966100
103 103 0.95325400
61 61 0.37540300
121 122 0.00305702
121 121 0.93499700
22 22 0.96648700
41 41 0.87286300
114 114 0.95206300
114 115 0.00069527
134 135 0.22800500
134 134 0.75626400
32 32 0.82838600
118 119 0.00104426
118 118 0.95149400
38 38 0.77659200
9 9 0.97841500
27 27 0.96859700
31 31 0.84512100
139 140 0.33418100
139 139 0.64891700
69 69 0.32578100
100 100 0.95325500
59 59 0.99830600
112 112 0.95316300
10 10 0.97085300
56 56 0.99996400
4 4 0.99895800
4 5 0.00071345
12 12 0.96029000
47 47 0.96663600
48 48 0.66949600
34 34 0.36126300
44 44 0.95115200
16 16 0.73120200
105 105 0.95325300
75 75 0.40386500
54 54 0.40444200
143 142 0.00066419
143 143 0.96436200
143 144 0.01867850
25 25 0.96187800
95 95 0.95314200
132 133 0.01168360
132 132 0.81428800
23 23 0.96637100
26 26 0.96556000
148 148 0.99996800
90 90 0.95314400
