134 139 123 128 0.00947581
134 140 123 128 0.00063577
134 140 123 130 0.00334347
70 74 68 72 0.06735379
22 142 22 130 0.00237219
22 142 22 132 0.11332671
22 138 22 128 0.01342113
22 138 22 130 0.00068219
22 52 22 51 0.01480137
22 52 22 50 0.03722967
22 52 21 50 0.00113530
22 52 21 51 0.00340900
127 136 118 126 0.00302455
127 131 120 124 0.04904830
12 150 9 140 0.00600510
12 150 12 145 0.00072510
24 51 24 49 0.03829200
24 51 23 49 0.00547853
24 50 24 47 0.00298698
24 50 24 49 0.01675416
24 50 23 49 0.01064194
24 143 23 131 0.00059969
24 139 23 129 0.00960330
109 143 104 131 0.00093866
109 143 104 136 0.04016833
62 82 60 78 0.07016892
62 82 61 77 0.20946201
62 82 54 73 0.00107694
62 82 62 76 0.00581897
90 97 86 93 0.00249735
90 97 89 96 0.00088675
133 140 123 130 0.00505723
133 140 122 129 0.02678898
133 141 122 129 0.00160362
133 141 122 131 0.02014310
28 46 27 44 0.14647892
28 46 28 43 0.00594976
28 46 26 46 0.00061461
126 132 119 125 0.04772394
117 136 108 126 0.10937933
117 136 109 125 0.00219214
11 151 8 141 0.01215209
11 151 10 139 0.00087847
11 151 11 146 0.00060061
11 19 11 18 0.00071624
11 152 11 146 0.00141593
50 99 48 94 0.00135088
50 99 49 91 0.00118474
50 99 50 94 0.00084846
50 127 49 117 0.02974005
50 127 50 116 0.00812360
50 94 49 89 0.13663067
50 94 49 88 0.00122289
50 94 48 90 0.00645533
50 102 50 97 0.00117055
50 102 48 96 0.00163529
105 147 96 138 0.00090472
105 147 97 137 0.02240160
61 83 61 77 0.00558785
61 83 60 78 0.21034999
23 52 22 51 0.00208257
23 52 22 50 0.00172764
13 155 11 146 0.00187237
13 149 10 139 0.00767699
13 149 13 137 0.06878910
13 107 13 102 0.01228597
16 146 13 137 0.00065214
16 146 16 134 0.05337218
16 146 14 136 0.00698898
16 144 14 136 0.00130452
16 144 16 134 0.05883367
16 144 16 133 0.00128705
16 105 16 100 0.01645793
116 137 107 127 0.10954100
116 137 108 126 0.00221506
18 103 18 98 0.10541867
18 145 16 134 0.00054554
18 145 18 134 0.00143920
18 145 15 135 0.00277784
18 26 16 25 0.00579607
18 142 16 134 0.00109732
18 142 18 134 0.00126037
57 87 56 82 0.15322914
57 87 54 84 0.00134198
57 87 55 83 0.09370939
15 145 15 135 0.05925567
15 145 13 137 0.00125254
15 147 14 136 0.00057643
15 147 15 135 0.07041752
15 147 13 137 0.00744547
69 77 68 72 0.00959167
69 74 68 72 0.01918719
54 90 54 84 0.00498930
54 90 53 85 0.18864638
54 90 52 86 0.11586417
54 98 52 92 0.00169190
99 124 94 113 0.03576172
99 124 92 115 0.00346948
99 124 92 114 0.00074139
48 94 47 89 0.00316848
48 130 47 120 0.04455944
48 130 47 119 0.03272548
14 154 12 145 0.00057729
14 106 14 101 0.00894010
14 148 13 137 0.00060903
14 148 14 136 0.11587178
101 122 95 112 0.12949998
101 122 96 111 0.07962028
101 122 94 113 0.00525067
128 135 119 125 0.00211956
5 157 2 147 0.01010636
5 157 5 144 0.05650071
33 40 33 38 0.05082328
33 40 31 40 0.00088681
33 40 32 39 0.32152871
58 86 55 83 0.00132695
58 86 56 82 0.13192874
108 144 99 135 0.00095685
9 150 7 142 0.00056018
9 150 9 140 0.04753633
9 153 9 140 0.04444986
9 153 9 148 0.00082811
9 153 8 141 0.00057183
9 153 6 143 0.01065367
9 152 9 140 0.00131374
9 157 9 148 0.02212579
9 159 7 150 0.00155514
19 25 17 24 0.00376370
19 143 17 133 0.00072439
19 143 16 133 0.00151523
19 144 16 134 0.00167556
106 146 97 137 0.00088967
106 146 98 136 0.02250257
107 145 99 135 0.00607327
107 145 98 136 0.00091074
6 156 3 146 0.01063844
6 156 5 144 0.00055296
6 156 6 151 0.00068588
6 156 6 143 0.04683738
49 128 49 117 0.00452877
49 128 47 119 0.00093673
49 96 49 91 0.00067083
49 96 48 90 0.00895657
49 96 47 91 0.00189162
49 95 48 90 0.12222033
49 95 47 91 0.00168369
49 95 49 89 0.00164966
49 93 49 88 0.00067355
49 100 47 95 0.00151284
49 100 49 95 0.00215170
49 129 47 119 0.01009403
125 133 118 126 0.02340291
125 133 114 122 0.00773643
120 134 110 124 0.02554003
120 134 111 123 0.00073681
43 104 42 99 0.00203691
113 139 104 129 0.10490733
124 130 115 119 0.00124691
124 130 119 125 0.00138077
124 130 114 119 0.00214438
4 158 1 148 0.00752870
47 95 46 90 0.00952420
47 131 47 120 0.00096524
66 78 58 70 0.00155130
66 78 65 75 0.07347898
66 78 64 76 0.05172625
26 48 26 46 0.00988158
26 48 26 45 0.00249751
26 48 26 48 0.00725601
26 48 25 47 0.08931006
26 141 23 131 0.00203750
26 141 23 129 0.00203044
26 137 23 127 0.00085824
53 94 52 86 0.01407273
53 90 52 86 0.00568815
53 90 53 85 0.00485041
53 99 51 93 0.01772607
100 123 94 113 0.13706941
100 123 95 112 0.08120736
67 79 65 75 0.01960873
67 79 63 75 0.00215333
67 77 65 75 0.12219767
88 99 84 95 0.00654261
88 99 87 93 0.00383337
88 99 86 94 0.00448358
88 99 86 93 0.00800539
135 146 128 136 0.00078630
8 158 8 149 0.03722910
118 135 110 124 0.00127620
118 135 109 125 0.07575933
21 51 21 50 0.00053323
21 51 21 51 0.00086149
21 132 21 122 0.00168830
25 49 25 49 0.00603083
25 49 25 47 0.01693227
25 49 24 47 0.00673863
25 142 22 132 0.00374985
25 142 22 130 0.00308600
131 138 123 130 0.00152413
10 156 10 147 0.08492711
10 149 10 139 0.06990619
68 78 68 72 0.00089173
68 76 60 68 0.00061823
92 134 92 129 0.00082720
93 133 92 129 0.00279805
98 125 92 115 0.06242636
98 125 92 114 0.00076259
65 78 64 76 0.00094185
65 78 63 75 0.00323850
52 141 50 131 0.00652907
52 91 52 86 0.01683573
52 93 52 87 0.00056111
52 93 49 89 0.00052295
52 100 50 94 0.00453658
52 100 52 92 0.00054193
52 100 52 95 0.00157131
52 97 52 92 0.00233795
52 92 52 86 0.00391283
52 92 52 87 0.00356453
52 125 50 116 0.01274200
52 125 50 115 0.01461530
52 125 51 114 0.00773610
52 125 51 115 0.01460553
52 95 50 90 0.00323176
137 147 127 137 0.01723620
138 146 128 136 0.01713510
89 98 86 93 0.00233800
89 98 87 93 0.00103488
89 98 88 97 0.00066556
34 39 33 38 0.17718579
34 39 32 39 0.00097030
60 84 60 78 0.00350833
55 89 52 86 0.00074325
55 89 55 83 0.00585694
55 89 54 84 0.22849523
55 89 53 85 0.14357037
20 24 18 23 0.00753158
20 133 20 123 0.00941233
20 26 17 24 0.00062028
129 134 120 124 0.00074673
129 138 118 127 0.00099758
129 138 122 131 0.00117205
110 142 105 135 0.00571003
27 47 25 47 0.00081336
27 47 26 45 0.07470337
27 47 26 46 0.10672186
27 47 27 44 0.00449607
30 43 30 41 0.11164436
30 43 28 43 0.00194770
30 43 29 42 0.15519184
30 43 31 40 0.00050172
102 121 97 110 0.03467994
102 121 95 112 0.00577465
102 121 96 111 0.06070758
123 131 118 126 0.00177178
56 88 56 82 0.00408569
56 88 55 83 0.15279542
56 88 53 85 0.00134371
56 88 54 84 0.13736464
121 133 111 123 0.02759777
121 133 112 122 0.00207076
59 85 56 82 0.00090120
130 139 122 131 0.00144239
130 137 119 126 0.00914510
94 132 92 129 0.00395690
94 132 93 128 0.00060873
51 98 50 90 0.00082136
51 98 51 93 0.00118889
51 94 49 89 0.00307261
51 94 48 90 0.00087845
51 94 50 90 0.00058685
51 127 49 117 0.01718066
51 127 50 116 0.00318674
51 101 48 96 0.00098965
51 101 49 95 0.00327719
51 101 51 96 0.00335942
51 142 49 132 0.00120759
51 126 49 117 0.00796788
51 126 51 115 0.00385094
51 126 50 116 0.00978029
51 126 50 115 0.00094424
17 146 14 136 0.00638903
17 27 15 26 0.00338500
17 104 17 99 0.05808100
17 143 15 135 0.00132168
17 143 17 132 0.00363517
17 143 17 133 0.13816933
115 138 106 128 0.10757000
115 138 107 127 0.00072797
103 149 95 140 0.00087909
103 120 96 111 0.00254245
103 120 97 110 0.05846347
104 148 96 138 0.02174340
104 119 97 110 0.00536273
104 117 97 110 0.00069410
32 41 30 41 0.00196672
32 41 33 38 0.00079098
32 41 31 40 0.26087661
32 41 32 39 0.08187954
31 42 30 41 0.28533401
31 42 29 42 0.00112320
31 42 32 39 0.00088453
31 42 31 40 0.11395651
63 81 61 77 0.12225394
63 81 60 78 0.00083427
63 81 62 76 0.13792073
63 81 63 75 0.00563818
63 81 55 72 0.00123831
