120 120 0.99913200
98 98 0.99975000
42 42 0.93371600
42 43 0.00717831
71 71 0.99907200
40 40 0.99290800
15 15 0.99054300
15 14 0.00185881
1 1 0.99994400
69 69 0.99903500
135 135 0.38402500
148 148 0.62033400
124 124 0.99946700
153 153 0.84255700
37 37 0.77786800
62 62 0.99921200
143 143 0.02620330
59 59 0.80417100
7 7 0.63802800
32 32 0.99032600
32 33 0.00083925
55 55 0.99704700
46 46 0.69095400
46 47 0.00869381
20 20 0.99166300
114 114 0.99917600
144 144 0.99602800
122 122 0.99930000
113 113 0.99880000
17 16 0.00283392
17 17 0.98967900
24 24 0.61610700
77 77 0.99949500
73 73 0.99939700
41 42 0.00144547
41 41 0.99256600
152 152 0.63957900
10 10 0.91144300
99 99 0.99975500
128 128 0.60257500
70 70 0.99895200
106 106 0.99894100
121 121 0.99933400
13 13 0.99208400
13 12 0.00068746
35 35 0.99133600
27 27 0.99646800
54 54 0.99711900
136 136 0.99973700
147 147 0.46618400
154 154 0.99993000
96 96 0.86697800
137 137 0.99971000
85 85 0.37245300
5 5 0.99816300
5 6 0.00163033
133 133 0.99945500
149 149 0.54629400
140 140 0.68079600
67 67 0.99913600
51 51 0.79994200
81 81 0.99787600
81 82 0.00106775
118 118 0.99934900
134 134 0.22643700
16 16 0.98975700
16 15 0.00256756
6 6 0.84237900
6 7 0.00175445
88 88 0.99944600
33 34 0.00055894
33 33 0.99051900
104 104 0.99937400
28 28 0.99638300
31 32 0.00081600
31 31 0.99058200
129 129 0.86458900
4 4 0.99825000
4 5 0.00149374
9 9 0.15239600
87 87 0.99945700
146 146 0.06233070
130 130 0.06394950
38 38 0.99316800
60 60 0.99932500
105 105 0.99889800
63 63 0.99907800
103 103 0.99952300
26 26 0.99645400
14 13 0.00123952
14 14 0.99130300
132 132 0.02791900
109 109 0.99962900
86 86 0.88880300
119 119 0.99911400
92 91 0.00484052
92 93 0.00144509
92 92 0.98870200
49 50 0.02912820
49 49 0.92244000
101 101 0.86744300
36 36 0.99220900
3 3 0.99961600
94 93 0.00881911
94 94 0.98992900
79 80 0.00105974
79 79 0.37134400
50 50 0.96967800
50 51 0.00395722
50 49 0.00052713
47 47 0.14411300
47 48 0.05623330
125 125 0.99945900
139 139 0.99803400
117 117 0.99928000
115 115 0.99920600
91 90 0.00075266
91 92 0.00104905
91 91 0.99350800
150 150 0.83765600
45 46 0.00594834
45 45 0.90463900
80 81 0.00120952
80 80 0.99764300
83 83 0.94175800
56 56 0.99717000
65 65 0.99906700
127 127 0.52207500
131 131 0.38813700
11 11 0.91386800
21 21 0.99185500
44 45 0.00635461
44 44 0.90757400
68 68 0.99927500
112 112 0.99848000
112 111 0.00070869
34 34 0.99066000
78 78 0.88813400
78 79 0.00083645
64 64 0.99912100
58 58 0.72233900
100 100 0.99975700
107 107 0.99947800
29 29 0.61592600
116 116 0.99947000
19 19 0.99067600
19 18 0.00088972
72 72 0.99910500
25 25 0.99655700
110 110 0.99952000
39 39 0.99303000
2 2 0.99990100
138 138 0.99889400
57 57 0.74373200
30 30 0.61384100
82 82 0.77934700
82 83 0.00057040
95 94 0.00437698
95 95 0.86498700
111 111 0.99860600
93 94 0.00086235
93 93 0.98838700
93 92 0.00918175
89 89 0.99933000
76 76 0.78090700
8 8 0.70325200
61 61 0.99915200
53 53 0.74366100
48 48 0.74150100
48 49 0.06845010
102 102 0.86941500
18 18 0.99030100
18 17 0.00201004
75 75 0.94276100
84 84 0.94216700
12 12 0.94051800
145 145 0.38753300
97 97 0.99965300
22 22 0.99162300
108 108 0.99955800
141 141 0.65927400
126 126 0.48717200
52 52 0.72185900
142 142 0.26494700
90 90 0.99852200
123 123 0.99937700
43 43 0.94716900
43 44 0.04669120
151 151 0.89930900
23 23 0.61429800
74 74 0.94268200
66 66 0.99894700
