98 98 0.45365200
136 136 0.27990300
14 14 0.76999700
57 57 0.74771000
51 51 0.94083700
50 50 0.44044000
36 36 0.72199700
79 79 0.57038700
102 102 0.79985100
112 112 0.29034800
77 77 0.85918400
127 127 0.97251100
41 41 0.76822900
55 55 0.42738000
116 116 0.43666000
120 120 0.85842700
122 122 0.58198000
142 142 0.30027200
13 13 0.95663800
83 83 0.51276400
119 119 0.72425900
78 78 0.38029900
103 103 0.71760300
24 24 0.41161700
111 111 0.95349600
28 28 0.49592200
86 86 0.36481100
47 47 0.99618600
43 43 0.68157000
128 128 0.97253300
12 12 0.97392600
123 123 0.54346900
22 22 0.41258200
133 133 0.36120600
3 3 0.45142300
32 32 0.85125900
141 141 0.35054900
53 53 0.43068000
93 93 0.98169700
45 45 0.99626400
134 134 0.38598700
9 9 0.69261400
99 99 0.47178000
84 84 0.50208700
113 113 0.27990300
21 21 0.49188800
143 143 0.33914500
109 109 0.33687200
121 121 0.56320000
5 5 0.59126600
44 44 0.64092700
146 146 0.85527000
104 104 0.80408300
76 76 0.94700000
118 118 0.77207200
15 15 0.71213000
145 145 0.39145500
95 95 0.62724300
100 100 0.51415500
63 63 0.40732100
7 7 0.69873500
10 10 0.72205400
94 94 0.94796200
129 129 0.36001700
19 19 0.56613500
16 16 0.53904700
115 115 0.39960400
139 139 0.81737600
62 62 0.40513900
61 61 0.30205900
75 75 0.33098500
17 17 0.49301100
125 125 0.97250800
114 114 0.38591200
117 117 0.68007600
52 52 0.52968500
88 88 0.46809600
48 48 0.52902900
144 144 0.39560500
46 46 0.99622700
135 135 0.38591300
40 40 0.88953500
8 8 0.88774400
54 54 0.54072300
106 106 0.39153500
73 73 0.40716900
4 4 0.55804200
87 87 0.86648100
65 65 0.89594200
37 37 0.95129000
72 72 0.40875300
34 34 0.85496600
138 138 0.95524500
70 70 0.79409700
38 38 0.92133700
110 110 0.27078900
64 64 0.31372400
29 29 0.50620100
35 35 0.93457400
30 30 0.66099000
132 132 0.72217500
66 66 0.79409300
11 11 0.82872700
26 26 0.98333200
49 49 0.42973300
89 89 0.58513400
108 108 0.29258300
82 82 0.39109300
130 130 0.38684700
60 60 0.33627700
25 25 0.55670800
56 56 0.47685100
101 101 0.49713000
67 67 0.99949300
137 137 0.30704500
97 97 0.42336400
124 124 0.84914800
20 20 0.49771200
68 68 0.99951500
126 126 0.97250100
1 1 0.88670700
31 31 0.85815300
107 107 0.33318200
105 105 0.38257600
39 39 0.96159100
6 6 0.65090100
92 92 0.98171000
42 42 0.70481400
140 140 0.40946300
69 69 0.89619200
91 91 0.77691300
81 81 0.62302900
131 131 0.33615400
85 85 0.42044700
90 90 0.45996200
59 59 0.52679400
23 23 0.52073700
80 80 0.54523600
74 74 0.30408900
96 96 0.39404900
58 58 0.68774200
18 18 0.51260800
33 33 0.89498900
2 2 0.36481400
71 71 0.31401900
147 147 0.74510500
27 27 0.98326100
