118 136 119 136 0.38443200
122 131 122 130 0.00529069
122 131 121 131 0.00919563
120 134 121 134 0.90952100
1 159 1 156 0.13419100
1 159 1 158 0.20005300
4 158 4 155 0.00096387
4 157 4 154 0.00102671
4 156 3 156 0.00086726
4 156 4 153 0.11605900
4 156 4 155 0.15708600
4 156 4 154 0.00059306
113 142 114 142 0.06363570
51 55 51 55 0.07965400
115 141 115 141 0.01957220
48 58 48 58 0.21302700
9 153 9 150 0.01943290
124 129 123 129 0.00702112
124 129 125 130 0.00394214
124 130 125 130 0.12856700
116 138 117 138 0.27989100
3 158 3 155 0.00265345
3 156 3 156 0.09503950
3 156 3 153 0.00846787
3 156 3 155 0.00191163
3 157 3 154 0.08314480
3 157 3 156 0.16484800
3 157 2 157 0.00113751
8 152 8 149 0.02929670
10 152 10 149 0.02877380
2 158 1 158 0.00216821
2 158 2 157 0.10836700
2 158 2 155 0.08939650
50 56 50 56 0.05305700
50 55 50 55 0.20613100
49 56 49 56 0.22368200
121 132 121 131 0.00527459
121 132 122 133 0.00231889
117 137 118 137 0.91023400
7 153 7 150 0.02387080
46 60 46 60 0.09001780
6 153 5 153 0.00067554
6 153 6 150 0.02387060
123 130 123 129 0.00473851
123 130 122 130 0.00675063
5 154 5 152 0.00108486
5 154 5 154 0.37325600
5 154 5 151 0.10220200
5 154 5 153 0.04939950
5 156 5 153 0.00371011
5 157 5 154 0.00063667
119 135 120 135 0.28264300
