32 32 0.71588200
158 158 0.99052700
25 27 0.29471100
25 25 0.00621663
36 36 0.99326400
62 62 0.97882800
75 75 0.89783300
143 143 0.31058500
143 142 0.34241400
143 144 0.04174230
16 17 0.11976000
16 16 0.14330700
16 18 0.70916400
16 15 0.00426688
45 45 0.88065000
74 74 0.98438300
42 42 0.75077300
95 95 0.68012500
38 38 0.85804800
154 154 0.97885100
4 5 0.12268100
4 3 0.00211500
4 4 0.48317000
4 7 0.01322730
4 6 0.13471200
112 112 0.97861900
68 68 0.97881200
153 153 0.97872500
130 130 0.78569800
120 120 0.98242300
86 86 0.50354600
52 52 0.97875900
66 66 0.97886500
43 43 0.86665700
97 97 0.83844700
20 22 0.78685300
20 21 0.04848650
20 19 0.00253901
20 20 0.09603830
79 79 0.98991400
15 17 0.40958300
15 14 0.00107038
15 18 0.00128536
15 16 0.10640900
15 15 0.22202100
132 133 0.01318670
132 132 0.97052400
132 131 0.00366892
113 113 0.97850600
26 28 0.15552100
26 27 0.00319216
26 26 0.00774127
80 80 0.98980300
137 136 0.08056620
137 138 0.05678400
137 137 0.29827800
124 124 0.82872400
129 129 0.33470700
89 89 0.99542700
100 99 0.00078791
100 100 0.97546200
100 101 0.00171076
152 152 0.97819800
5 4 0.00074294
5 6 0.12475500
5 7 0.14007100
5 8 0.01444130
5 5 0.56752900
145 145 0.59362700
145 144 0.26680900
145 146 0.07536480
24 23 0.00058821
24 26 0.00923711
24 24 0.00580936
37 37 0.99331600
76 76 0.83841300
82 82 0.98983800
40 40 0.71835300
50 50 0.01696420
84 84 0.99021100
2 4 0.10623000
2 2 0.75752100
2 3 0.11926800
2 5 0.00394156
92 92 0.99525600
106 106 0.97868300
69 69 0.97885400
7 8 0.14486100
7 7 0.67001900
7 6 0.00108147
7 9 0.15103100
7 10 0.01913230
9 12 0.02025890
9 8 0.00144111
9 9 0.56258600
9 11 0.17052900
9 10 0.22956200
90 90 0.99540900
156 156 0.98544400
140 141 0.18082400
140 140 0.26354100
140 139 0.34632800
91 91 0.99526000
31 31 0.47180200
31 32 0.00105045
31 33 0.00073462
103 104 0.00087066
103 103 0.97759400
13 13 0.25197700
13 14 0.44578400
13 12 0.00084895
13 15 0.25906300
13 16 0.01126740
59 59 0.97884100
139 140 0.19219900
139 139 0.25787600
139 138 0.20105800
54 54 0.97885100
125 124 0.00085357
125 125 0.82249900
39 39 0.81921200
65 65 0.97887100
18 20 0.77336100
18 19 0.09025830
18 17 0.00374737
18 18 0.11066300
34 34 0.98995500
28 29 0.02936830
28 30 0.02301850
28 28 0.43617100
109 109 0.97887400
60 60 0.97881300
101 100 0.00133832
101 101 0.97541700
101 102 0.00129733
29 31 0.00830464
29 30 0.03925490
29 29 0.58712000
22 21 0.00064762
22 22 0.00584769
22 24 0.41727400
148 148 0.42205800
148 147 0.00421271
148 149 0.00349295
8 8 0.65478300
8 10 0.12286400
8 11 0.01956400
8 9 0.15360100
8 7 0.00159662
121 121 0.98125100
134 134 0.94548900
134 135 0.03456250
134 133 0.00926948
146 146 0.76603700
146 147 0.03091320
146 145 0.13972100
3 6 0.00979489
3 4 0.11910800
3 2 0.00262119
3 3 0.73146300
3 5 0.12599700
87 87 0.59697000
150 150 0.99224900
93 93 0.67686900
96 96 0.73616100
35 35 0.99084200
119 119 0.46217500
131 132 0.00183037
131 131 0.98526800
151 151 0.11891600
133 133 0.95627900
133 132 0.00680415
133 134 0.02481200
63 63 0.97888100
118 118 0.44218400
46 46 0.60230600
47 47 0.01973260
51 51 0.97877800
88 88 0.62505400
67 67 0.97884300
102 103 0.00088810
102 102 0.97645500
102 101 0.00079726
81 81 0.98984000
21 23 0.05431100
21 22 0.00065757
21 21 0.00670789
21 20 0.00080711
49 49 0.42394100
142 143 0.17447300
142 141 0.34996300
142 142 0.29786100
27 29 0.09395040
27 27 0.21999500
27 28 0.03508030
1 1 0.92044200
1 3 0.00916201
1 2 0.06638850
11 13 0.04467440
11 14 0.01490490
11 12 0.05104980
11 11 0.28901700
56 56 0.97885800
61 61 0.97873000
141 141 0.28458600
141 140 0.52145100
141 142 0.17572100
83 83 0.98998500
122 122 0.85643700
108 108 0.97885200
12 12 0.27683000
12 15 0.01279700
12 14 0.22095500
12 13 0.42790400
30 32 0.00211862
30 31 0.00374625
30 30 0.84560300
138 139 0.10928900
138 137 0.01809890
138 138 0.26277100
17 19 0.75641500
17 17 0.13055900
17 16 0.00416910
17 18 0.08672990
107 107 0.97865000
33 33 0.65154300
123 123 0.98784800
123 122 0.00210144
126 126 0.98555400
126 125 0.00155751
127 127 0.71408400
128 128 0.52468200
85 85 0.61830600
41 41 0.98647100
94 94 0.71013200
71 71 0.97871600
48 48 0.42638300
135 135 0.75037000
135 136 0.01756120
135 134 0.01043660
159 159 0.95792500
70 70 0.97880900
144 143 0.39086500
144 146 0.00060137
144 145 0.11963600
144 144 0.42494500
77 77 0.75425400
116 116 0.99591100
105 105 0.97859000
73 73 0.83858200
149 148 0.00050657
149 149 0.42838100
149 150 0.00280051
55 55 0.97885800
53 53 0.97870700
98 98 0.83646100
160 160 0.74768700
78 78 0.98982800
19 18 0.00282420
19 21 0.78015800
19 19 0.10870000
19 20 0.08641990
115 115 0.11903300
57 57 0.97885000
72 72 0.83682200
58 58 0.97883700
114 114 0.97829700
99 99 0.97681000
99 100 0.00100501
110 110 0.97886700
136 137 0.00446400
136 135 0.01816410
136 136 0.72368600
64 64 0.97888000
14 14 0.23514700
14 16 0.32311600
14 15 0.29762200
14 13 0.00130652
14 17 0.00582110
104 104 0.97772700
23 22 0.00061424
23 23 0.00577046
23 25 0.41960900
117 117 0.43236500
155 155 0.97887500
6 7 0.06634050
6 6 0.47465900
6 9 0.01691150
6 8 0.14541400
6 5 0.00071178
147 148 0.01595890
147 146 0.01277810
147 147 0.41855100
111 111 0.97882800
157 157 0.94372900
44 44 0.14003100
10 10 0.46941500
10 9 0.00159225
10 11 0.30429100
10 13 0.02088820
10 12 0.18820700
