58 78 56 75 0.00618234
58 77 56 76 0.00288890
58 77 56 75 0.01181750
58 77 58 74 0.03608540
58 77 57 74 0.00244655
61 70 62 70 0.00807968
61 70 61 69 0.00053126
61 70 61 71 0.03639760
56 77 54 77 0.00501159
56 77 56 75 0.00213664
56 77 56 76 0.00105395
56 78 55 76 0.06484040
56 78 56 75 0.15148800
56 78 54 77 0.02205630
56 78 53 78 0.00129316
64 70 62 68 0.14785400
64 70 62 70 0.04190090
64 70 64 68 0.00619238
64 70 64 69 0.00276832
55 79 55 76 0.07953020
55 79 53 78 0.02289010
55 79 54 77 0.06838710
55 79 52 79 0.00112093
65 69 64 69 0.00313725
65 69 64 68 0.00571800
60 71 60 72 0.09098480
60 71 60 70 0.00544110
60 71 61 71 0.01212130
60 71 59 71 0.00138774
53 81 51 80 0.01416460
53 81 51 81 0.00675979
53 81 52 79 0.05433440
53 81 53 78 0.15821200
53 81 50 82 0.00051209
54 80 52 79 0.02154640
54 80 53 78 0.05705980
54 80 54 77 0.11931800
54 80 51 80 0.00125380
57 78 55 76 0.00566200
57 78 56 75 0.00363022
57 77 55 76 0.01924620
57 77 57 74 0.05073660
57 77 56 75 0.05976860
57 77 54 77 0.00228542
52 82 50 83 0.00050932
52 82 50 82 0.00280176
52 82 52 79 0.05473720
52 82 52 83 0.02092930
52 82 51 80 0.03649900
52 82 51 81 0.00097839
62 72 62 70 0.01405500
62 72 62 69 0.00276913
62 72 60 70 0.24771300
62 72 60 72 0.08161450
62 72 61 71 0.00554955
63 71 61 71 0.07482180
63 71 61 69 0.25541500
63 71 62 70 0.00561837
59 77 57 74 0.00602426
59 77 58 74 0.00270232
