85 103 85 103 0.03217030
78 145 78 145 0.07874086
78 85 78 85 0.03772851
91 95 91 95 0.21316105
76 85 76 85 0.00200175
31 40 31 40 0.12863850
77 146 77 146 0.34736834
134 141 134 141 0.03154884
109 117 109 117 0.39111886
109 119 109 119 0.00136944
80 143 80 143 0.15353580
73 89 73 89 0.00182296
56 67 56 68 0.01046468
86 102 86 102 0.03226823
74 88 74 88 0.00224021
110 116 111 117 0.00151052
110 116 110 115 0.00261591
110 118 110 118 0.00420571
90 96 90 96 0.05071012
79 144 79 144 0.05125986
79 86 79 86 0.01199210
105 121 105 121 0.39320005
58 65 58 66 0.01050551
84 104 84 104 0.01153770
12 16 12 16 0.03132283
12 59 12 58 0.00131834
111 117 111 117 0.01195291
9 19 9 19 0.06425500
89 97 89 97 0.07002055
104 122 104 122 0.45604463
107 121 107 121 0.00594336
107 119 107 119 0.46003217
107 119 108 120 0.00136472
11 60 11 59 0.00063431
106 120 107 121 0.00200894
106 120 106 120 0.31302907
10 19 10 19 0.01578533
10 18 10 18 0.06874007
54 69 54 70 0.00594330
63 70 63 70 0.02275282
108 118 108 118 0.40637051
108 120 108 120 0.00333001
55 68 55 69 0.01123283
30 41 30 41 0.22556436
