115 120 115 120 0.02511790
115 145 116 145 0.41254700
115 121 115 121 0.00235958
115 137 116 137 0.00512142
51 100 51 102 0.22404300
66 85 66 87 0.68507200
73 81 73 81 0.15250800
105 157 107 157 0.16390000
60 91 60 91 0.00260898
61 90 61 92 0.60323100
61 90 61 90 0.00117227
61 92 61 92 0.02456710
117 146 118 146 0.07062880
117 135 118 135 0.00176699
117 143 118 143 0.13042900
117 148 118 148 0.02797140
18 35 18 35 0.66786000
75 79 75 80 0.00054631
75 79 75 79 0.25557600
15 38 15 38 0.57276800
125 140 125 140 0.73924700
125 135 125 135 0.12717600
24 31 24 30 0.00156573
108 158 109 158 0.07342160
108 158 106 158 0.00136327
10 42 10 42 0.12557400
74 80 74 80 0.32863800
67 84 67 86 0.66300900
114 149 114 149 0.00960270
114 149 115 149 0.12811500
114 149 116 149 0.00338899
114 121 115 121 0.00474328
114 121 114 121 0.01990610
114 120 114 120 0.00363629
114 120 115 120 0.02755180
114 120 115 121 0.01431090
124 139 124 139 0.03100720
124 139 125 139 0.00132699
124 138 125 138 0.00135412
124 138 124 138 0.01085270
124 130 124 130 0.00547636
124 130 125 130 0.00064670
124 143 124 143 0.02913360
124 141 124 141 0.31814600
124 141 125 141 0.00063136
124 135 125 135 0.00062522
124 135 124 135 0.00248664
48 103 48 103 0.03480450
48 102 48 103 0.00086616
48 101 48 103 0.69450600
119 144 119 144 0.05838780
120 135 120 135 0.00086122
120 143 121 143 0.03035820
120 143 120 143 0.08744690
47 104 47 104 0.02343370
54 97 54 97 0.02620840
65 86 65 88 0.96228500
23 31 23 31 0.97543700
12 41 12 41 0.72990400
12 43 12 43 0.01570580
129 137 129 137 0.03257970
131 135 131 135 0.06504640
127 133 127 133 0.26993200
127 135 127 135 0.04794480
16 37 16 37 0.57276500
111 155 112 155 0.02746340
111 155 109 155 0.00269333
111 153 112 153 0.00779234
111 153 111 153 0.00470880
111 121 113 122 0.00208828
111 121 111 121 0.00218699
111 149 113 149 0.02027490
111 125 113 125 0.00093699
69 82 69 84 0.95272200
69 83 69 84 0.00502642
49 100 49 102 0.28164300
72 79 72 80 0.00211994
72 79 72 79 0.13520100
118 134 119 134 0.00096646
118 145 119 145 0.06457520
118 147 119 147 0.01763580
118 142 119 142 0.10842700
110 156 108 156 0.00274901
110 152 112 152 0.06612660
110 152 111 152 0.77408200
110 122 110 122 0.03427600
130 137 130 137 0.01043600
130 136 130 136 0.03411550
112 120 112 120 0.00132211
112 121 114 121 0.00162834
112 121 113 122 0.07488450
112 153 110 153 0.00064148
112 153 112 153 0.00426286
11 42 11 42 0.40057300
153 159 153 159 0.03294060
70 81 70 83 0.47661900
121 140 122 140 0.05332010
121 133 121 133 0.00067073
121 133 122 133 0.00066413
121 143 121 143 0.04809870
121 143 122 143 0.05473540
121 146 121 146 0.00672284
126 134 126 134 0.50593300
126 136 126 136 0.26330600
21 33 21 32 0.00070101
21 33 21 34 0.00053121
21 34 21 34 0.20310700
21 31 21 30 0.00077510
109 153 111 153 0.01389260
109 153 110 153 0.14442500
109 157 107 157 0.00105915
109 157 110 157 0.06339730
109 155 109 155 0.04903990
104 158 106 158 0.24923100
50 101 50 101 0.02339830
50 101 50 103 0.08223550
50 99 50 101 0.26733100
50 99 50 99 0.00190690
20 32 20 31 0.00233413
17 36 17 36 0.98839400
122 137 123 137 0.00874929
122 145 123 145 0.00294696
122 132 123 132 0.00083411
122 142 123 142 0.03110120
116 147 117 147 0.08309160
116 147 114 147 0.00069095
116 147 116 147 0.01153400
116 144 117 144 0.21318900
116 149 117 149 0.04633060
116 149 116 149 0.00168040
116 136 117 136 0.00388775
4 13 4 13 0.00645310
57 96 57 96 0.00199078
57 94 57 96 0.86374300
57 95 57 95 0.00113385
58 93 58 95 0.58527700
58 95 58 95 0.00433699
113 153 114 153 0.00571365
113 121 114 122 0.00405726
113 121 114 121 0.02239230
113 120 114 120 0.00250762
113 120 114 121 0.02557970
113 120 115 120 0.00110363
113 147 114 147 0.10101800
113 147 115 147 0.00146933
132 138 132 138 0.00614583
55 96 55 96 0.02091040
64 87 66 87 0.00052047
64 87 64 89 0.58343300
103 159 105 159 0.52791600
107 159 108 159 0.02626920
107 159 105 159 0.00172279
22 32 22 33 0.00076767
22 27 22 27 0.00415481
62 91 62 91 0.01706040
154 158 154 158 0.11821300
52 100 52 102 0.04175560
14 40 14 40 0.03030910
14 39 14 39 0.65074300
63 90 63 90 0.00852394
63 88 63 90 0.85012700
53 99 53 99 0.00166660
53 99 53 101 0.05102120
53 98 53 98 0.02535930
53 98 53 100 0.40343800
123 136 123 136 0.00813270
123 137 123 137 0.02156180
123 144 123 144 0.03976210
123 131 123 131 0.00290638
123 142 123 142 0.24170600
25 30 25 29 0.00193759
56 95 56 97 0.57989500
56 95 56 95 0.02064110
56 97 56 97 0.00093330
68 84 68 85 0.00095298
9 159 9 159 0.03460650
