74 74 0.89033333
140 140 0.77132606
140 138 0.00161027
140 139 0.13182671
147 147 0.45525226
147 146 0.03030223
122 122 0.60139547
122 121 0.00891220
53 52 0.02615298
53 53 0.39091731
92 92 0.36033777
56 56 0.64704681
56 55 0.04810689
132 131 0.07347264
132 132 0.49157046
113 112 0.00085290
113 113 0.95156485
134 133 0.02977928
134 134 0.42803089
127 126 0.01382064
127 127 0.75805465
29 30 0.05155685
29 29 0.89421482
18 18 0.65354656
18 19 0.00294527
65 65 0.54612548
119 119 0.77742810
119 118 0.00808181
141 139 0.00164261
141 141 0.67228499
67 67 0.67137922
156 156 0.68835930
158 158 0.87913907
58 58 0.80296842
58 57 0.00521223
52 52 0.71758009
52 51 0.00092691
26 27 0.05428586
26 26 0.75868119
26 28 0.00066119
47 47 0.92356577
118 117 0.00773426
118 119 0.00077816
118 118 0.65506782
109 109 0.84540330
109 108 0.00055943
14 14 0.76826490
51 51 0.74989341
51 50 0.00381773
16 17 0.00270641
16 16 0.81083520
155 155 0.59266542
36 36 0.85797335
36 38 0.00081392
36 37 0.00720191
36 35 0.01043961
5 5 0.81668543
10 10 0.88749414
25 26 0.05497139
25 25 0.86354975
25 27 0.00055373
114 114 0.76927917
114 113 0.00083344
80 80 0.92361086
117 118 0.00079422
117 117 0.63938761
117 116 0.00387309
115 114 0.00103614
115 115 0.62794636
112 112 0.73543241
112 111 0.00088009
145 145 0.54359900
145 144 0.10637913
145 143 0.00064305
75 75 0.92049539
104 104 0.93730833
135 135 0.33361130
83 83 0.66155462
31 32 0.00114361
31 31 0.92322578
148 147 0.00524063
148 146 0.00057417
148 148 0.61640357
41 40 0.03446544
41 41 0.85329919
41 42 0.00072730
124 123 0.00949115
124 124 0.87213738
22 24 0.00155966
22 22 0.61633429
22 23 0.02255510
22 21 0.00171932
64 63 0.00486846
64 64 0.96187861
151 150 0.00505853
151 151 0.69907381
99 99 0.77172918
8 8 0.80571902
136 135 0.00325214
136 136 0.40981788
110 110 0.61387196
110 109 0.00078243
50 50 0.67644254
61 60 0.01424808
61 61 0.83766293
126 126 0.78231610
126 125 0.00922296
76 76 0.94472987
94 94 0.57814640
125 125 0.87313282
125 124 0.01161660
150 148 0.00075187
150 150 0.79156042
150 149 0.01400316
105 105 0.71022846
3 3 0.86171059
21 22 0.02590961
21 23 0.00082817
21 21 0.61364563
21 20 0.00188714
98 98 0.77276886
79 79 0.93252206
32 34 0.00147875
32 32 0.88341689
32 33 0.00309613
101 101 0.70187878
159 159 0.95046319
131 130 0.03723754
131 131 0.19275352
96 96 0.98185140
59 58 0.00582923
59 59 0.58290788
85 85 0.60759543
157 157 0.70988015
46 46 0.90938552
7 7 0.71852147
60 60 0.78183547
60 59 0.00747686
111 111 0.74297859
111 110 0.00096375
128 128 0.73516484
128 127 0.01788208
12 12 0.76931324
33 33 0.89851287
33 34 0.00257268
19 20 0.01427676
19 19 0.68874128
91 91 0.68228046
160 160 0.96268625
100 100 0.72655490
152 152 0.73411590
152 151 0.00362402
55 55 0.78190543
55 54 0.06304087
93 93 0.50372086
88 88 0.81087850
82 82 0.83393153
66 66 0.75673063
69 69 0.98317965
90 90 0.89930520
2 2 0.97858196
142 142 0.42390864
142 141 0.00270176
146 146 0.45549950
146 145 0.05371120
146 144 0.00211316
102 102 0.94859017
9 9 0.72997498
139 138 0.13193413
139 137 0.00111709
139 139 0.70467606
45 45 0.95816055
121 121 0.82455101
121 120 0.00849823
133 132 0.10324641
133 133 0.37115879
15 16 0.00062364
15 15 0.81728411
144 144 0.44897983
144 143 0.03426697
106 106 0.72675205
28 28 0.89117790
28 29 0.06580315
130 128 0.00051430
130 129 0.00067788
130 130 0.66586196
13 13 0.68022148
71 71 0.53293204
23 24 0.04134960
23 22 0.00113019
23 23 0.51769774
23 25 0.00094824
54 54 0.70073840
54 53 0.00339259
44 44 0.84314764
43 42 0.00090028
43 43 0.88598144
43 45 0.00079320
34 34 0.91163012
34 35 0.01552677
34 33 0.00082537
95 95 0.98196713
57 57 0.76734266
57 56 0.00512847
73 73 0.91782905
1 1 0.99626303
24 25 0.05484609
24 26 0.00076273
24 24 0.88725429
17 17 0.55482119
17 18 0.02691074
149 148 0.07573431
149 149 0.59765349
149 147 0.00074258
72 72 0.85092010
70 70 0.98317248
39 40 0.00227213
39 39 0.86522346
39 38 0.04347798
77 77 0.96617134
4 4 0.71462366
37 39 0.00079745
37 37 0.85915911
37 38 0.00228670
37 36 0.02930794
153 152 0.00051304
153 153 0.74007462
81 81 0.83638902
108 107 0.00050443
108 108 0.79819142
20 20 0.68768371
20 21 0.04007665
20 22 0.00090854
129 128 0.04381593
129 129 0.61271538
87 87 0.61177600
38 38 0.87236577
38 39 0.00210113
38 40 0.00096328
38 37 0.00558652
143 141 0.00244702
143 143 0.44195166
143 142 0.00292642
137 136 0.00362892
137 137 0.67097826
35 36 0.00957875
35 35 0.92275668
35 34 0.00577866
120 120 0.85226453
120 119 0.00817347
11 11 0.88403661
6 6 0.74159265
63 62 0.00931358
63 63 0.94527820
68 68 0.67942888
42 44 0.00056969
42 42 0.90942312
42 41 0.00381823
62 62 0.86579742
62 61 0.01371623
103 103 0.76767560
107 107 0.82735702
40 39 0.03736852
40 40 0.86052142
40 41 0.00128671
89 89 0.73636716
123 123 0.56505158
123 122 0.00906209
78 78 0.94657415
27 29 0.00060640
27 27 0.56531336
27 28 0.06703408
84 84 0.60535071
116 116 0.74445293
116 115 0.00156952
86 86 0.33666647
48 48 0.58495633
30 31 0.02435268
30 30 0.88451359
97 97 0.98198213
138 138 0.75057399
138 137 0.13222256
154 154 0.70562303
49 49 0.70072508
