33 44 0.02489403
33 50 0.06273507
33 51 0.00375492
33 46 0.00520369
33 48 0.00567617
33 49 0.01606575
33 54 0.16454654
33 47 0.00251449
33 43 0.00310725
33 52 0.01556623
33 45 0.10430455
33 53 0.23280404
73 94 0.84382614
6 11 0.00570627
6 19 0.00642446
6 9 0.37587141
6 6 0.01708231
6 21 0.02353131
6 23 0.00461584
6 18 0.00209294
6 13 0.00134368
6 5 0.00330790
6 8 0.03071353
6 22 0.00297512
6 20 0.00142275
6 14 0.00156828
6 10 0.06285081
6 15 0.07133751
6 12 0.09870478
6 26 0.00096568
6 7 0.00073365
6 16 0.01038280
37 58 0.12391674
37 52 0.01208866
37 53 0.00065224
37 50 0.00075526
37 56 0.00200728
37 51 0.00111908
37 48 0.00242755
37 57 0.07548893
37 49 0.00957402
37 54 0.00342380
47 68 0.58027285
47 65 0.00146634
47 61 0.00630477
47 60 0.00365493
47 62 0.00097665
47 59 0.00535700
47 58 0.00124484
47 67 0.08319981
47 66 0.03083650
47 69 0.00363926
47 64 0.00139322
11 24 0.04397044
11 26 0.02616837
11 29 0.00574018
11 12 0.00085437
11 15 0.00050733
11 16 0.00424611
11 14 0.08697746
11 20 0.02108952
11 22 0.00471850
11 10 0.00209672
11 25 0.00111973
11 18 0.00084246
11 17 0.12216238
11 27 0.09984592
11 13 0.00118055
11 19 0.00497249
11 28 0.02101105
11 23 0.00127364
11 21 0.00232287
60 81 0.59370357
110 131 0.95275189
82 103 0.81152363
67 88 0.72101969
85 106 0.75505736
88 109 0.96515482
98 119 0.81982382
14 31 0.19817625
14 22 0.00708538
14 20 0.02291376
14 25 0.00513295
14 24 0.00069642
14 26 0.00058840
14 29 0.03000470
14 19 0.00087156
14 23 0.00328155
14 28 0.00076119
14 18 0.00221250
14 30 0.05569960
14 17 0.00760005
14 27 0.02151686
14 32 0.05884415
17 22 0.00149256
17 25 0.00190380
17 26 0.00240241
17 34 0.05237071
17 28 0.00059994
17 21 0.00052313
17 23 0.10287935
17 30 0.01163509
17 33 0.00439382
17 35 0.02023148
96 118 0.00204871
96 117 0.45586628
61 82 0.66646395
49 68 0.00795679
49 61 0.00127050
49 60 0.00089000
49 71 0.00300873
49 67 0.00086833
49 69 0.02052980
49 66 0.00054105
49 70 0.78590692
78 99 0.11319126
64 85 0.68373217
22 29 0.00256829
22 24 0.00058576
22 39 0.02748889
22 38 0.05536603
22 31 0.11585143
22 42 0.02179723
22 41 0.00302261
22 30 0.00395550
22 35 0.00186955
22 33 0.01736290
22 40 0.15425617
22 27 0.00099302
22 32 0.00411168
22 34 0.00960900
22 28 0.06047147
2 12 0.00084352
2 15 0.02006417
2 7 0.00105024
2 16 0.00188718
2 2 0.37513283
2 14 0.00101851
2 1 0.00242109
2 10 0.00192573
2 17 0.00225223
2 5 0.29748265
2 4 0.14985725
2 8 0.01006463
2 11 0.01559422
2 9 0.00676407
2 6 0.00491550
2 3 0.00443669
5 6 0.00088017
5 21 0.00128490
5 19 0.00202832
5 11 0.10841001
5 9 0.06439894
5 13 0.00323150
5 5 0.04253583
5 8 0.12312447
5 4 0.00403086
5 17 0.00268435
5 18 0.00795558
5 10 0.00612919
5 22 0.00253309
5 20 0.02178336
5 14 0.10626086
5 7 0.05835256
5 15 0.00567185
5 12 0.00085469
111 132 0.99587316
68 89 0.82679969
9 17 0.00089201
9 18 0.04373493
9 13 0.00212453
9 27 0.00263371
9 8 0.00154446
9 11 0.00265450
9 19 0.00449501
9 9 0.00323635
9 21 0.00755293
9 23 0.00289988
9 15 0.26822928
9 29 0.00209239
9 12 0.26429805
9 26 0.02476389
9 24 0.00734931
9 16 0.00272197
9 22 0.01941602
9 20 0.00150600
9 14 0.01488002
9 25 0.03826053
52 72 0.00177598
52 73 0.88371588
87 108 0.96299933
48 65 0.00063464
48 68 0.06515498
48 63 0.00171266
48 59 0.00093243
48 62 0.00365385
48 60 0.00182750
48 61 0.00058011
48 70 0.00342003
48 69 0.61490460
48 66 0.00132331
48 67 0.02162493
38 59 0.12645639
38 52 0.01016870
38 58 0.14762594
38 53 0.00190187
38 55 0.03749584
38 50 0.00386141
38 51 0.00728846
38 57 0.00168247
38 49 0.03433225
38 54 0.02196036
57 78 0.80977957
74 95 0.92083572
25 43 0.28702395
25 34 0.05387780
25 37 0.03199793
25 32 0.00246454
25 35 0.02039512
25 33 0.00274582
25 45 0.03769451
25 46 0.00638130
25 44 0.02731274
25 42 0.01792381
25 41 0.04889320
25 31 0.00330951
25 36 0.03978800
25 39 0.00068911
25 38 0.00241108
40 55 0.00116416
40 53 0.00144332
40 59 0.01296213
40 52 0.00335756
40 60 0.22997938
40 61 0.19944826
40 58 0.00057345
40 57 0.15419680
40 54 0.00541191
40 56 0.00851545
40 51 0.05292156
35 48 0.01169677
35 49 0.00462549
35 54 0.00307859
35 46 0.05629861
35 51 0.02702025
35 50 0.01598058
35 56 0.18606092
35 45 0.00071333
35 55 0.25602473
35 47 0.10852909
35 52 0.07083187
92 114 0.00168116
92 113 0.34379781
8 20 0.00264997
8 22 0.00349895
8 14 0.23073154
8 10 0.00424469
8 25 0.01644177
8 12 0.00361095
8 15 0.00164962
8 26 0.00051896
8 24 0.00461623
8 7 0.00168375
8 11 0.33117514
8 21 0.00456563
8 23 0.00686125
8 17 0.00820475
8 18 0.00792403
8 13 0.01307739
8 8 0.00348954
80 101 0.34059389
34 54 0.03899432
34 49 0.00692830
34 48 0.00487250
34 51 0.05599505
34 46 0.12773796
34 50 0.02876245
34 44 0.00122225
34 53 0.00170196
34 55 0.23404408
34 45 0.05569513
34 47 0.00990988
34 52 0.00124195
43 58 0.00051479
43 63 0.20769559
43 61 0.00056966
43 60 0.03672189
43 62 0.01034683
43 59 0.00065596
43 64 0.36982963
19 36 0.13549224
19 39 0.00090196
19 38 0.00152587
19 24 0.00123333
19 26 0.00068605
19 25 0.12329607
19 35 0.05407276
19 27 0.00243999
19 32 0.00551347
19 28 0.02199816
19 37 0.04358056
79 100 0.65800117
69 90 0.61468611
39 53 0.00388140
39 55 0.02918810
39 58 0.00465756
39 60 0.07045656
39 52 0.00772475
39 59 0.15717292
39 51 0.00196520
39 56 0.12411491
39 50 0.03354067
12 25 0.03816782
12 14 0.00066233
12 22 0.00792769
12 20 0.00408024
12 16 0.00057094
12 24 0.00071932
12 26 0.00118189
12 15 0.03644049
12 29 0.15544211
12 23 0.00669350
12 21 0.00296630
12 28 0.01980867
12 11 0.00164137
12 19 0.00111722
12 27 0.02212093
12 13 0.00110206
12 18 0.09431901
12 30 0.00514011
12 17 0.00823714
26 47 0.01263734
26 43 0.01680853
26 34 0.00172262
26 37 0.03024480
26 35 0.03832161
26 45 0.02651530
26 40 0.00089891
26 33 0.00126689
26 32 0.00242420
26 42 0.02503431
26 46 0.04578955
26 44 0.43275468
26 36 0.02123260
26 39 0.00215785
26 38 0.17724915
24 34 0.01485829
24 43 0.00524007
24 30 0.00627834
24 32 0.00249037
24 33 0.07115449
24 40 0.01405123
24 35 0.03576104
24 31 0.00337062
24 44 0.00107762
24 41 0.01488681
24 42 0.11294653
24 36 0.01988802
41 53 0.00148366
41 55 0.00062937
41 61 0.00812609
41 62 0.02955550
41 52 0.00103214
41 58 0.00112239
41 56 0.00126867
1 10 0.00602348
1 1 0.46638831
1 14 0.02167610
1 2 0.00883789
1 16 0.00158052
1 7 0.00360019
1 15 0.00138509
1 3 0.14080507
1 6 0.00095504
1 9 0.00280961
1 8 0.00213900
1 4 0.26451933
1 13 0.00148585
1 5 0.00690139
44 64 0.14637901
44 56 0.00475585
44 57 0.00068192
44 66 0.00106026
44 61 0.05848080
44 62 0.00140159
44 59 0.00603591
44 60 0.00397559
44 58 0.01240684
44 63 0.01722011
44 65 0.29668227
51 70 0.00119070
51 73 0.00080687
51 71 0.01297964
51 62 0.00074854
51 72 0.80397301
20 29 0.07327275
20 26 0.06153912
20 38 0.07111113
20 36 0.05838952
20 39 0.00360134
20 25 0.00106826
20 30 0.00066182
20 33 0.00172182
20 40 0.00729176
20 32 0.00146761
20 27 0.00147749
20 37 0.12163992
20 28 0.00116615
91 112 0.25312062
83 104 0.58772619
27 44 0.01508416
27 46 0.03221179
27 48 0.01901163
27 38 0.00499429
27 36 0.03017068
27 39 0.16427206
27 37 0.02363689
27 34 0.00097882
27 47 0.11142148
27 43 0.00599480
27 45 0.41192892
27 40 0.00151210
27 33 0.00190210
27 35 0.00057666
102 123 0.75813530
53 74 0.92473791
53 73 0.00488841
30 48 0.19815490
30 39 0.00404513
30 49 0.02279975
30 41 0.04431298
30 42 0.06620606
30 44 0.00103886
30 50 0.33628357
30 46 0.00974012
30 51 0.02931006
30 45 0.00700488
30 40 0.00971357
30 47 0.06114327
101 122 0.78850148
100 121 0.05686580
23 31 0.00209478
23 41 0.33529389
23 42 0.00398728
23 29 0.02685452
23 36 0.00194516
23 39 0.11842713
23 34 0.02873955
23 43 0.00743731
23 28 0.00055715
23 30 0.00224305
23 40 0.02053297
23 33 0.00489763
23 35 0.03037356
23 32 0.09810992
59 80 0.73381041
7 15 0.00213197
7 12 0.00692182
7 24 0.01272202
7 7 0.00658421
7 16 0.10080423
7 22 0.03247625
7 20 0.00733507
7 14 0.00204558
7 10 0.33324327
7 17 0.01069745
7 13 0.22053206
7 27 0.00102936
7 19 0.00319904
7 11 0.01457945
7 9 0.01083230
7 6 0.00164476
7 21 0.00152570
7 23 0.01000981
16 31 0.00584969
16 20 0.00076033
16 22 0.20172052
16 25 0.00325370
16 24 0.00289367
16 29 0.01604597
16 34 0.03282867
16 19 0.00087806
16 28 0.00085049
16 21 0.00311448
16 30 0.00126116
16 32 0.11539782
16 27 0.00139781
16 33 0.07987863
54 75 0.86920458
54 74 0.00077203
77 98 0.03437828
31 40 0.00661349
31 45 0.00170460
31 52 0.03873213
31 43 0.05670562
31 47 0.00925108
31 49 0.10309982
31 48 0.06737534
31 46 0.00637697
31 51 0.39341260
31 50 0.03231443
31 44 0.00176570
31 42 0.01162847
31 41 0.01663130
13 18 0.00135297
13 30 0.25215075
13 17 0.00075858
13 27 0.00208462
13 19 0.20373380
13 23 0.00180857
13 21 0.00738333
13 28 0.03540801
13 24 0.00400053
13 26 0.00980582
13 15 0.00064085
13 29 0.08047939
13 12 0.00079100
13 16 0.03063833
13 31 0.02242141
13 14 0.00106233
13 22 0.00370725
13 20 0.00113670
13 25 0.00069790
86 107 0.88494307
81 102 0.83329630
108 129 0.86184976
84 105 0.21526486
106 127 0.62938424
42 59 0.00471858
42 62 0.12575018
42 61 0.00104534
42 63 0.35733609
42 53 0.00055629
42 56 0.00210801
42 54 0.00062441
42 57 0.00227152
10 14 0.00171023
10 20 0.00296208
10 22 0.00472620
10 10 0.00101752
10 25 0.01898183
10 24 0.00145748
10 26 0.01484552
10 12 0.00124078
10 15 0.02588213
10 16 0.24924150
10 9 0.00257203
10 19 0.02486106
10 28 0.00941356
10 21 0.00427145
10 23 0.02243059
10 18 0.00265420
10 17 0.00145876
10 30 0.00121172
10 27 0.01443510
10 13 0.12003399
50 70 0.01792589
50 69 0.00252042
50 62 0.00062644
50 72 0.00271374
50 61 0.00083557
50 71 0.79107674
75 96 0.91979067
107 128 0.83838556
76 97 0.56935113
32 42 0.00413738
32 41 0.00225339
32 51 0.02292064
32 46 0.00140705
32 50 0.01270661
32 44 0.14498845
32 49 0.06677640
32 48 0.00897513
32 43 0.02348412
32 47 0.00476993
32 52 0.41758043
32 53 0.02826803
32 45 0.00219613
99 120 0.14562423
65 86 0.79080644
58 79 0.75035405
3 3 0.17701339
3 6 0.25019807
3 9 0.06954700
3 11 0.00141062
3 8 0.00134180
3 4 0.00278068
3 13 0.00258396
3 5 0.03488381
3 18 0.00801830
3 17 0.00121283
3 10 0.00205685
3 2 0.00366171
3 16 0.01925864
3 7 0.00244756
3 15 0.00222610
3 12 0.08893245
71 92 0.76305009
104 125 0.74420941
21 30 0.00587330
21 40 0.00250463
21 33 0.00116425
21 27 0.01480036
21 32 0.00411526
21 34 0.00186964
21 37 0.05725412
21 29 0.00185125
21 39 0.18324544
21 38 0.04959421
21 41 0.01832894
93 115 0.00512466
93 114 0.78594626
62 83 0.47712457
66 87 0.69869871
36 49 0.00603925
36 57 0.13877941
36 48 0.05313283
36 51 0.01329551
36 56 0.12145941
36 50 0.01094220
36 55 0.00337865
36 53 0.03566195
36 52 0.02493659
36 47 0.05419886
29 36 0.00051573
29 39 0.02147807
29 38 0.00694569
29 48 0.02851056
29 49 0.25226590
29 46 0.02809695
29 50 0.02568080
29 44 0.00075819
29 42 0.00053570
29 41 0.09039732
29 40 0.03208043
29 45 0.00349183
29 47 0.27919210
95 117 0.00050123
95 116 0.44317379
56 77 0.91046985
45 64 0.02617007
45 66 0.44583819
45 67 0.00181454
45 57 0.00747252
45 63 0.00554084
45 58 0.00502578
45 59 0.00742864
45 62 0.02296253
45 60 0.00227183
45 61 0.00169549
45 65 0.02468728
90 111 0.84638913
4 20 0.00087464
4 14 0.00630387
4 10 0.08754413
4 12 0.00125420
4 7 0.27100243
4 16 0.00170909
4 19 0.02097506
4 11 0.00067251
4 9 0.00154530
4 6 0.01320658
4 3 0.00435487
4 17 0.01262507
4 18 0.00086617
4 13 0.11399226
4 5 0.00143786
4 8 0.00366311
4 4 0.14424914
18 23 0.00239674
18 19 0.00058658
18 34 0.13493894
18 37 0.00080700
18 27 0.02246915
18 35 0.17723253
18 31 0.01029798
18 36 0.13748433
18 24 0.18716446
18 26 0.00577813
55 76 0.91331976
97 119 0.00153136
97 118 0.76160828
109 130 0.95205546
28 47 0.03262386
28 37 0.01604616
28 34 0.00070594
28 35 0.00068275
28 40 0.17048403
28 45 0.02702991
28 41 0.00236022
28 46 0.34184044
28 44 0.00273599
28 49 0.02077200
28 48 0.18144097
28 39 0.01696722
28 38 0.02381428
63 84 0.75463602
72 93 0.82289478
105 126 0.78303204
70 91 0.53287928
89 110 0.92619569
15 18 0.00295719
15 30 0.01923789
15 32 0.26905148
15 27 0.00104136
15 33 0.03005925
15 19 0.00155771
15 28 0.02488030
15 21 0.16300450
15 23 0.00514981
15 24 0.00475773
15 26 0.00286400
15 29 0.00155026
15 16 0.00067030
15 31 0.09450908
15 20 0.00544899
15 22 0.00082337
15 25 0.00063644
94 115 0.76299713
94 116 0.00190481
46 61 0.00088436
46 60 0.00496919
46 59 0.00280658
46 58 0.00424096
46 63 0.01072265
46 68 0.00168670
46 65 0.04527580
46 64 0.00537818
46 57 0.00108492
46 67 0.38201295
46 66 0.03588803
103 124 0.83740300
