52 57 0.00781556
52 54 0.00301267
52 49 0.00170179
52 44 0.00101011
52 56 0.00157870
52 50 0.00156790
52 46 0.00076787
52 55 0.06034569
52 58 0.00085087
52 61 0.00066294
52 47 0.00098776
52 43 0.00456722
52 52 0.66691192
9 8 0.00206722
9 13 0.06012355
9 5 0.00501507
9 18 0.00190906
9 21 0.00565938
9 23 0.00197404
9 3 0.01715800
9 6 0.02077080
9 9 0.49382140
9 19 0.00687540
9 11 0.00907793
9 16 0.01276548
9 7 0.00568360
9 26 0.00080904
9 15 0.04481091
9 12 0.01926867
9 10 0.00597829
9 1 0.00142739
9 14 0.00584594
9 2 0.00382826
9 22 0.00085294
9 20 0.00076511
68 70 0.00711535
68 66 0.02255307
68 69 0.00408940
68 67 0.00314690
68 64 0.00054452
68 65 0.00126918
68 68 0.58568750
68 58 0.00251027
68 60 0.00150742
68 62 0.00192396
68 59 0.00161738
68 61 0.02152346
111 111 0.73546584
5 12 0.00102254
5 15 0.00982767
5 7 0.01910591
5 16 0.00074260
5 20 0.00289391
5 2 0.05903711
5 14 0.01572875
5 1 0.00501432
5 10 0.00143969
5 17 0.00051573
5 18 0.00050186
5 5 0.37142131
5 8 0.00714064
5 4 0.00304641
5 11 0.01118466
5 9 0.02336543
5 6 0.00503434
5 3 0.00351712
118 118 0.63933098
25 25 0.20564775
25 31 0.00985934
25 22 0.00146449
25 36 0.01307351
25 26 0.00234577
25 24 0.00073760
25 29 0.01988235
25 21 0.00070466
25 23 0.00069536
25 28 0.00761414
25 19 0.00201452
25 34 0.00240719
25 37 0.03429199
25 27 0.00161604
25 32 0.06684675
25 35 0.00715435
25 18 0.00479858
25 30 0.00126783
25 17 0.00050878
74 75 0.00066893
74 74 0.91082379
74 73 0.00070712
57 53 0.00078328
57 59 0.00925487
57 60 0.11290008
57 61 0.01045644
57 57 0.57332553
57 49 0.00054431
57 48 0.03577783
57 56 0.00114894
57 51 0.00884546
48 41 0.00058993
48 51 0.04845595
48 46 0.00164309
48 50 0.00454472
48 56 0.00499874
48 54 0.00052410
48 49 0.00298877
48 57 0.00113127
48 48 0.71095548
48 39 0.00118483
48 43 0.00076803
48 47 0.00541070
48 52 0.00586699
48 53 0.00593118
48 55 0.00540573
48 40 0.00269404
87 87 0.49392938
38 35 0.00050100
38 45 0.00752154
38 40 0.00251205
38 30 0.00114282
38 37 0.00095970
38 39 0.05409128
38 38 0.40994072
38 46 0.00261414
38 44 0.13830823
38 42 0.00169247
38 41 0.00118197
43 45 0.00067688
43 47 0.00056705
43 43 0.21304189
43 49 0.00398017
43 48 0.00223172
43 46 0.00622964
43 51 0.06997155
43 44 0.01706366
43 50 0.00671923
19 23 0.02606129
19 21 0.00452033
19 28 0.03037131
19 19 0.17620661
19 4 0.00064230
19 27 0.00339536
19 13 0.00274132
19 33 0.00089121
19 18 0.00074865
19 30 0.03861415
19 17 0.00130528
19 25 0.00954129
19 31 0.02440172
19 22 0.00296960
19 20 0.00560249
19 16 0.01576497
19 24 0.00712714
19 26 0.01299763
19 15 0.00100689
19 12 0.00150338
19 29 0.00175618
34 41 0.00556497
34 31 0.00120935
34 36 0.00510216
34 39 0.00145548
34 38 0.03205693
34 23 0.00324082
34 34 0.27295461
34 37 0.00252037
34 35 0.03278020
34 40 0.00347991
34 33 0.00080749
34 32 0.00231654
79 79 0.72004410
80 80 0.77465345
119 119 0.70821726
35 42 0.00179593
35 41 0.04066176
35 39 0.00402137
35 36 0.01621224
35 38 0.00252324
35 24 0.00306060
35 37 0.00131447
35 34 0.00100992
35 32 0.00119555
35 35 0.24844802
35 33 0.00226014
40 42 0.00505766
40 41 0.04399964
40 46 0.08404013
40 44 0.00262289
40 48 0.04841393
40 39 0.00329212
40 38 0.00160399
40 43 0.00270778
40 47 0.01112462
40 37 0.00054072
40 33 0.00054826
40 45 0.00119096
40 40 0.56378742
40 32 0.00120048
8 9 0.00710622
8 19 0.00109399
8 11 0.01195072
8 6 0.00186119
8 18 0.00677524
8 17 0.00398789
8 4 0.00286770
8 8 0.37309125
8 13 0.00762681
8 5 0.01329633
8 14 0.04901620
8 2 0.00500704
8 22 0.00068246
8 20 0.00525985
8 10 0.03637665
8 1 0.00107684
8 24 0.00052759
8 15 0.00353012
8 12 0.02839510
8 7 0.00283331
92 92 0.60744115
91 91 0.55985009
20 19 0.00249311
20 28 0.00285291
20 23 0.00243547
20 21 0.00422494
20 18 0.00077506
20 17 0.00195240
20 30 0.00175755
20 32 0.01385058
20 27 0.01257156
20 13 0.00062200
20 14 0.00260026
20 31 0.00388489
20 20 0.15154387
20 22 0.00213830
20 25 0.00143607
20 26 0.00567700
20 24 0.05896690
20 29 0.00465180
20 16 0.00231557
1 10 0.00340930
1 1 0.57319249
1 14 0.00573327
1 2 0.00538577
1 16 0.00148702
1 7 0.00134138
1 15 0.00124335
1 3 0.05712928
1 6 0.00075464
1 9 0.00240095
1 4 0.02670777
1 8 0.00151905
1 5 0.00530865
41 40 0.00259196
41 45 0.00127614
41 33 0.00124674
41 43 0.00087727
41 47 0.03530934
41 34 0.00062593
41 49 0.04268166
41 48 0.00659090
41 39 0.00120187
41 38 0.00204071
41 42 0.01622944
41 41 0.34719237
41 46 0.00122584
41 44 0.00308458
51 53 0.00190413
51 55 0.00444611
51 47 0.00051471
51 60 0.00054610
51 54 0.00188825
51 49 0.00066469
51 48 0.00093580
51 51 0.47466161
51 46 0.00086500
51 56 0.00541500
44 52 0.06510569
44 43 0.00241864
44 47 0.00669004
44 45 0.01122990
44 46 0.00080926
44 51 0.00546986
44 50 0.00202492
44 44 0.54926049
44 49 0.00711298
44 48 0.00073903
12 22 0.00331275
12 20 0.00064811
12 14 0.00217522
12 10 0.00276923
12 15 0.02203942
12 29 0.00151240
12 12 0.46414149
12 24 0.00366865
12 26 0.00304376
12 7 0.00052945
12 16 0.07930392
12 19 0.00510421
12 11 0.00172166
12 9 0.01870682
12 6 0.00525804
12 21 0.00467902
12 23 0.00138735
12 3 0.00976451
12 17 0.00233915
12 18 0.00339720
12 13 0.00248966
12 5 0.00118234
12 8 0.00214531
12 27 0.00091717
114 114 0.83374887
24 34 0.00873642
24 19 0.00055565
24 28 0.02016398
24 21 0.00116117
24 23 0.00151143
24 17 0.01232551
24 30 0.00671362
24 33 0.00221986
24 35 0.02702403
24 27 0.01174808
24 20 0.01178602
24 22 0.00071060
24 31 0.08590925
24 25 0.00318407
24 29 0.00141913
24 24 0.16324522
24 26 0.00679398
24 36 0.11269774
26 20 0.00083351
26 31 0.00150384
26 25 0.00225505
26 29 0.02208335
26 26 0.15450985
26 38 0.07669671
26 36 0.00418138
26 37 0.01064036
26 34 0.00052748
26 19 0.00262175
26 28 0.00083574
26 23 0.00146306
26 30 0.01151350
26 18 0.00103240
26 33 0.03583398
26 35 0.00414102
26 32 0.02678305
26 27 0.00209087
69 67 0.00574638
69 70 0.00529364
69 69 0.73743436
69 66 0.00052479
69 68 0.00723350
69 59 0.00109105
69 62 0.01358243
69 60 0.00056473
69 63 0.00183549
69 71 0.00268443
39 45 0.11143550
39 40 0.05382565
39 47 0.02573543
39 43 0.00359881
39 39 0.62034922
39 38 0.00344088
39 31 0.00121097
39 42 0.00072103
39 41 0.00829702
39 46 0.01004621
39 44 0.00065838
11 19 0.00112581
11 11 0.48474924
11 9 0.00241533
11 6 0.00080450
11 23 0.00428043
11 21 0.00373982
11 17 0.00331183
11 18 0.01030910
11 5 0.01135733
11 13 0.00856400
11 4 0.00192873
11 8 0.03059100
11 20 0.00665470
11 22 0.00146869
11 2 0.00646853
11 14 0.02754362
11 10 0.00327694
11 25 0.00346317
11 12 0.00245312
11 15 0.07228044
11 7 0.00321607
11 16 0.01283429
47 52 0.01092028
47 47 0.73317033
47 55 0.04880501
47 53 0.00199055
47 45 0.00112585
47 56 0.00146390
47 50 0.03518017
47 51 0.00712680
47 46 0.00565934
47 49 0.00325379
47 54 0.00237653
47 38 0.00059517
47 39 0.00311423
47 48 0.01523562
37 29 0.00102448
37 36 0.00087044
37 39 0.00140365
37 38 0.06112318
37 44 0.00146472
37 42 0.00269378
37 41 0.01760487
37 35 0.00139570
37 40 0.00142026
37 43 0.00256178
37 37 0.18326544
37 34 0.00093181
60 58 0.00051512
60 63 0.04176000
60 61 0.00052207
60 60 0.03993241
60 52 0.00192076
60 59 0.00116233
60 62 0.00459068
60 65 0.00090135
60 51 0.01118678
60 56 0.00112521
60 64 0.03911190
60 66 0.00060535
129 129 0.85144355
6 10 0.01892603
6 1 0.00059097
6 2 0.00313759
6 16 0.00188513
6 7 0.00087916
6 15 0.00564653
6 12 0.02253315
6 21 0.00156163
6 3 0.00774191
6 6 0.20392213
6 9 0.00567720
6 11 0.00182576
6 4 0.00080795
6 8 0.00910969
6 5 0.00159988
6 18 0.00077861
73 74 0.00381756
73 73 0.85950962
127 127 0.77744112
33 39 0.00147332
33 36 0.00417214
33 31 0.00191838
33 32 0.00076745
33 35 0.00145338
33 40 0.00100519
33 33 0.15038527
33 30 0.00093074
33 34 0.01443176
33 37 0.00584997
98 98 0.31976931
85 85 0.47664927
88 88 0.52236754
14 7 0.00188470
14 29 0.00059193
14 12 0.00100085
14 15 0.00535224
14 26 0.00181578
14 24 0.00188827
14 10 0.00161472
14 25 0.00424996
14 20 0.01119358
14 22 0.00131226
14 14 0.54433403
14 5 0.00437160
14 13 0.00362723
14 8 0.00243459
14 17 0.01143815
14 18 0.01272581
14 28 0.00098620
14 23 0.00593462
14 21 0.00575910
14 11 0.03919484
14 19 0.01826241
82 82 0.56215282
67 70 0.00090519
67 69 0.01658876
67 66 0.00847083
67 67 0.51697950
67 57 0.00293816
67 64 0.00307951
67 65 0.03115816
67 68 0.00313724
67 63 0.00111075
67 58 0.00136846
67 59 0.00318797
67 62 0.00056403
67 60 0.01329639
67 61 0.00361684
110 110 0.90175617
61 64 0.03638013
61 66 0.00112703
61 57 0.00104109
61 58 0.00075173
61 63 0.00596885
61 61 0.25315840
61 52 0.05425528
61 60 0.00365749
61 59 0.00092175
61 68 0.00101829
61 65 0.07070321
61 55 0.00197481
96 96 0.82862068
17 16 0.00195692
17 26 0.01428528
17 24 0.01887583
17 29 0.00615017
17 10 0.00333809
17 25 0.00131245
17 14 0.02377338
17 31 0.00123289
17 20 0.00720759
17 22 0.01532643
17 32 0.00085763
17 27 0.00333000
17 13 0.00102003
17 18 0.00084638
17 17 0.25113928
17 28 0.01055157
17 21 0.09508490
17 23 0.00660044
17 19 0.00295022
121 122 0.00057239
121 121 0.36497108
2 17 0.00174690
2 5 0.02599585
2 8 0.00194260
2 4 0.05086413
2 11 0.00980731
2 9 0.00427510
2 6 0.00312543
2 3 0.00317876
2 15 0.00697810
2 7 0.00066088
2 16 0.00144558
2 2 0.55654977
2 1 0.00576564
2 10 0.00144609
64 64 0.44886695
64 56 0.02080234
64 67 0.00542160
64 57 0.02938395
64 66 0.02406401
64 62 0.00332231
64 59 0.00067014
64 60 0.00953146
64 61 0.00079620
64 63 0.00148516
64 58 0.00667914
64 65 0.00529876
64 55 0.01665386
64 68 0.00140933
22 25 0.00513698
22 20 0.00083924
22 22 0.50800228
22 31 0.00298652
22 16 0.00205194
22 29 0.07959999
22 15 0.00119428
22 24 0.00161007
22 26 0.02849805
22 28 0.00232982
22 21 0.00163764
22 23 0.00383115
22 34 0.05906046
22 19 0.00070712
22 33 0.01352948
22 32 0.00967454
22 27 0.00204603
22 30 0.00068474
22 18 0.00590776
128 128 0.94026270
132 132 0.98553764
49 49 0.68994549
49 54 0.00509534
49 57 0.00524660
49 48 0.00099991
49 51 0.00396191
49 46 0.00061974
49 56 0.00058694
49 44 0.00098192
49 50 0.00133409
49 41 0.00064379
49 55 0.00162343
49 53 0.00622746
49 40 0.00150068
49 52 0.05252358
49 47 0.00122844
49 58 0.00170481
78 78 0.76646149
93 93 0.68999036
62 62 0.29262265
62 63 0.00094679
62 65 0.00719018
62 53 0.00702273
62 64 0.00259232
62 56 0.00087466
62 57 0.00053822
62 69 0.00089724
62 66 0.03219238
58 65 0.00050658
58 55 0.00138860
58 61 0.00067219
58 52 0.00947292
58 58 0.28661271
58 57 0.00064508
58 54 0.00932377
58 49 0.05763638
58 64 0.00071736
58 50 0.00121633
71 70 0.00249784
71 71 0.68897876
71 61 0.00082057
71 72 0.00969891
104 104 0.63024245
21 16 0.00070270
21 24 0.00201027
21 26 0.00146848
21 29 0.00067638
21 15 0.00181195
21 25 0.00423520
21 14 0.00063788
21 31 0.00093642
21 20 0.00167870
21 22 0.00405258
21 32 0.02074187
21 27 0.00103749
21 33 0.05452919
21 18 0.00095319
21 17 0.00154121
21 30 0.00872283
21 28 0.00398270
21 21 0.17085531
21 23 0.00186277
21 19 0.00155343
3 9 0.00265446
3 3 0.46275349
3 6 0.00950785
3 18 0.00220470
3 4 0.00908836
3 5 0.00552717
3 2 0.00243931
3 10 0.00054601
3 1 0.02004942
3 12 0.02298878
3 16 0.00196228
3 7 0.00074434
65 65 0.30444786
65 68 0.00139723
65 63 0.00795448
65 58 0.03722253
65 60 0.00135150
65 62 0.00086206
65 59 0.01150140
65 61 0.01252189
65 66 0.00745812
65 69 0.00080557
65 67 0.03687238
65 57 0.00181006
65 56 0.00553446
65 64 0.00320954
99 99 0.28279699
32 30 0.00174469
32 33 0.02233946
32 35 0.00506868
32 32 0.46489856
32 37 0.00138963
32 34 0.00504248
32 21 0.00231400
32 29 0.00088945
32 38 0.00088167
32 36 0.07937478
32 39 0.00965941
32 31 0.00094335
32 41 0.00088444
76 76 0.86887576
56 50 0.00455124
56 56 0.55339667
56 57 0.00060724
56 48 0.00074722
56 47 0.00835054
56 59 0.05807999
56 52 0.00080440
56 60 0.00435106
56 58 0.00468701
56 53 0.00085877
56 55 0.00156667
95 95 0.83193030
29 26 0.00107907
29 29 0.17080016
29 39 0.00272769
29 36 0.00387814
29 38 0.00473397
29 31 0.00549778
29 25 0.00068008
29 42 0.00153988
29 41 0.03625692
29 30 0.00831899
29 27 0.00094208
29 32 0.02001121
29 35 0.03489090
29 33 0.01507747
29 19 0.00056522
29 34 0.01505700
29 37 0.00181672
29 21 0.00111543
29 28 0.00132168
123 123 0.80548831
66 64 0.00441857
66 57 0.00136842
66 67 0.00499581
66 66 0.58604782
66 69 0.00100248
66 61 0.00092833
66 60 0.00625440
66 59 0.01213819
66 62 0.00165462
66 58 0.00546378
66 63 0.00108305
66 68 0.01146228
66 65 0.00786311
126 126 0.69610166
36 39 0.00156607
36 36 0.16195718
36 38 0.00130050
36 25 0.00177719
36 41 0.00427773
36 35 0.00064366
36 40 0.02566485
36 33 0.00102588
36 43 0.00217647
36 37 0.02859667
36 34 0.00124294
113 113 0.31272379
72 73 0.00053315
72 71 0.00168198
72 62 0.00071674
72 72 0.70717030
122 122 0.80683532
122 123 0.00053593
109 109 0.94438412
97 97 0.63587359
28 25 0.00139310
28 20 0.00415860
28 31 0.02034950
28 38 0.00139954
28 36 0.00098818
28 39 0.00180251
28 29 0.00236759
28 26 0.00177080
28 24 0.00071024
28 28 0.16294210
28 37 0.00495308
28 34 0.03677916
28 40 0.04575836
28 33 0.00683940
28 35 0.01028504
28 32 0.01064244
28 27 0.00221737
28 30 0.00990486
63 58 0.00084309
63 63 0.62406471
63 61 0.00128453
63 62 0.00383655
63 59 0.01088473
63 60 0.00107394
63 55 0.00112180
63 65 0.00376116
63 56 0.00231394
63 64 0.00154832
63 69 0.00107999
63 66 0.00503842
63 57 0.00527958
63 54 0.00344282
63 67 0.00885437
55 64 0.00067190
55 50 0.00572764
55 56 0.00092505
55 51 0.00057777
55 46 0.00447191
55 57 0.00069633
55 49 0.00626661
55 54 0.00125242
55 59 0.00560053
55 52 0.00125141
55 60 0.00140870
55 47 0.00054056
55 58 0.06630588
55 55 0.32177782
55 53 0.00052427
18 28 0.00316029
18 23 0.01262561
18 21 0.00510037
18 11 0.00246067
18 19 0.00107577
18 32 0.00112239
18 27 0.01558937
18 17 0.00131661
18 30 0.00910837
18 18 0.17003817
18 25 0.01986799
18 20 0.00236649
18 22 0.09757843
18 14 0.00068305
18 16 0.00082929
18 29 0.02665629
18 12 0.00098428
18 15 0.01547343
18 24 0.00499807
18 26 0.00126644
45 48 0.00918448
45 49 0.00140504
45 54 0.00066079
45 50 0.01181161
45 44 0.00288023
45 51 0.00230818
45 46 0.01182840
45 40 0.00086478
45 45 0.74408125
45 53 0.06679311
45 52 0.00581281
45 37 0.00354188
45 34 0.00057172
45 47 0.00134965
4 19 0.00443897
4 3 0.00805715
4 6 0.00195148
4 17 0.00113009
4 8 0.00151956
4 4 0.49409386
4 5 0.00196814
4 13 0.02391922
4 14 0.00614821
4 2 0.00632705
4 10 0.00434960
4 1 0.04819078
4 12 0.00053835
4 7 0.00450245
90 90 0.54791115
103 103 0.84434589
94 94 0.84417974
46 49 0.01018733
46 54 0.00192987
46 38 0.00241672
46 48 0.00292343
46 50 0.00612494
46 51 0.01261151
46 46 0.74107715
46 41 0.00083269
46 55 0.00097797
46 53 0.00486666
46 45 0.00466539
46 52 0.00179950
46 47 0.01102862
15 9 0.00200935
15 19 0.09108208
15 11 0.00071189
15 23 0.00197845
15 21 0.01396788
15 6 0.00289624
15 18 0.00409070
15 27 0.00270434
15 8 0.00245556
15 13 0.00081181
15 14 0.00378877
15 20 0.01779804
15 2 0.00058708
15 22 0.00890087
15 25 0.00186542
15 24 0.00834648
15 26 0.00628147
15 12 0.04961686
15 29 0.00431232
15 15 0.47004050
15 16 0.00895106
105 105 0.28315252
70 68 0.00134436
70 72 0.00145474
70 60 0.00087210
70 71 0.00879417
70 63 0.00170117
70 69 0.00236564
70 70 0.70582953
89 89 0.89627197
116 116 0.54701275
59 56 0.00073326
59 50 0.07649767
59 62 0.00148333
59 59 0.39006530
59 52 0.00059039
59 58 0.00152032
59 63 0.00109470
59 53 0.00630101
59 55 0.01663191
59 65 0.00105443
101 101 0.22878989
23 34 0.00911505
23 19 0.01244606
23 28 0.00219166
23 21 0.00092354
23 23 0.18715612
23 17 0.00053959
23 30 0.08533284
23 33 0.00950037
23 35 0.03435839
23 32 0.00197683
23 27 0.02078080
23 20 0.00124867
23 22 0.00252923
23 25 0.00816693
23 29 0.00466062
23 24 0.00340424
23 26 0.00860217
23 16 0.00579966
100 100 0.59471069
102 102 0.79853392
30 31 0.00647835
30 20 0.00060718
30 29 0.00140858
30 36 0.00571313
30 39 0.00146131
30 38 0.00121218
30 19 0.00051720
30 34 0.02504595
30 37 0.00356245
30 28 0.00131139
30 30 0.21162001
30 27 0.00083709
30 32 0.00333331
30 35 0.01060571
30 40 0.00231181
30 33 0.00807188
53 58 0.00375416
53 62 0.00072619
53 47 0.00154660
53 55 0.00334443
53 53 0.13533930
53 51 0.00056836
53 50 0.00068546
53 44 0.00122039
53 56 0.04116393
53 48 0.00168122
53 49 0.00050344
53 57 0.00276419
83 83 0.56503986
27 19 0.00086462
27 34 0.02039880
27 37 0.00231145
27 28 0.00674134
27 30 0.02196773
27 17 0.00055208
27 33 0.04090542
27 27 0.34604991
27 32 0.00182596
27 20 0.01144762
27 31 0.03416723
27 25 0.00059500
27 29 0.00105026
27 26 0.00604945
27 24 0.00335516
27 36 0.00583619
27 39 0.01287945
31 37 0.00095781
31 34 0.00597716
31 28 0.00086257
31 30 0.00090899
31 32 0.01013590
31 35 0.04095307
31 33 0.00561800
31 40 0.00081716
31 31 0.16984129
31 20 0.00101838
31 41 0.00075961
31 29 0.00081044
31 36 0.00757452
31 39 0.00099578
31 38 0.00470159
54 50 0.00145677
54 56 0.00379981
54 51 0.00054924
54 48 0.00083111
54 57 0.08567176
54 54 0.16540794
54 49 0.00506948
54 58 0.00775919
54 59 0.00278127
54 52 0.00072260
54 45 0.00319089
54 55 0.00073362
77 77 0.86396221
7 8 0.00617235
7 4 0.01302584
7 13 0.04145297
7 5 0.00217672
7 17 0.00377455
7 3 0.00185534
7 6 0.00142209
7 9 0.03680668
7 11 0.01597521
7 19 0.00206589
7 16 0.00758259
7 7 0.25922379
7 12 0.00351300
7 10 0.00983880
7 1 0.00234267
7 14 0.00161123
7 22 0.00204188
7 2 0.00059846
16 22 0.02057772
16 20 0.09284886
16 31 0.00122775
16 25 0.01187922
16 10 0.00064397
16 15 0.00739846
16 12 0.00107737
16 24 0.00172331
16 26 0.00270047
16 7 0.00078415
16 16 0.34314326
16 19 0.00954057
16 9 0.00428857
16 23 0.01390726
16 21 0.01832602
16 28 0.00720775
16 30 0.00415684
16 17 0.00103964
16 18 0.00219137
16 13 0.03046283
16 27 0.00824297
131 131 0.81051283
108 108 0.95316875
130 130 0.85832731
86 86 0.67184676
81 81 0.48818992
115 115 0.75958764
13 25 0.00151578
13 10 0.04373399
13 22 0.00646461
13 20 0.00741368
13 14 0.00552256
13 7 0.00360549
13 16 0.01184832
13 15 0.00118999
13 12 0.00175391
13 24 0.00367582
13 6 0.00182269
13 23 0.00146862
13 21 0.00090494
13 28 0.00067227
13 11 0.00238521
13 19 0.01183204
13 9 0.00173837
13 13 0.53641733
13 27 0.00177203
13 4 0.01001776
13 17 0.00938343
13 18 0.00235217
124 124 0.74462863
112 112 0.29769742
75 75 0.81341074
107 107 0.78051505
42 46 0.00060535
42 44 0.00104950
42 50 0.06176131
42 42 0.16933504
42 41 0.00238045
42 48 0.02122418
42 49 0.00605699
42 43 0.00712160
42 47 0.00170856
42 34 0.00135923
42 35 0.00052382
42 45 0.00365009
117 117 0.33640384
10 10 0.50240860
10 1 0.00176021
10 14 0.06886578
10 2 0.00087813
10 22 0.00441602
10 20 0.00575172
10 16 0.02347743
10 7 0.02261939
10 24 0.00324101
10 15 0.00539458
10 12 0.00627459
10 21 0.00062395
10 3 0.00182694
10 6 0.00325516
10 9 0.00213515
10 19 0.00482457
10 11 0.00250631
10 4 0.01860951
10 27 0.00072790
10 8 0.00341512
10 13 0.02854877
10 5 0.00059231
10 17 0.01118883
50 53 0.05149669
50 55 0.01414547
50 45 0.00111039
50 47 0.00191127
50 52 0.00413700
50 59 0.00068871
50 58 0.00080562
50 54 0.00093381
50 48 0.00199103
50 42 0.00067664
50 41 0.00418806
50 46 0.00071898
50 51 0.00092429
50 50 0.66907708
125 125 0.73850265
120 120 0.35739525
84 84 0.58510866
106 106 0.64674486
