85 134 83 131 0.21317894
85 134 82 132 0.09831229
4 11 4 12 0.00465554
4 11 5 12 0.03947465
4 134 5 144 0.00193205
4 15 4 13 0.00064994
4 15 3 14 0.00069015
3 135 4 145 0.00226124
3 12 3 13 0.02228996
3 12 4 13 0.09511949
3 16 3 14 0.00057930
3 16 3 17 0.01480792
39 71 39 72 0.26636025
83 136 80 134 0.10287472
83 136 81 133 0.12738227
52 58 51 59 0.31284634
52 58 52 59 0.00128735
7 134 8 135 0.00064546
7 16 7 16 0.00288845
7 15 8 15 0.01341337
7 15 7 16 0.00348703
7 12 6 11 0.00245721
7 22 7 22 0.00053110
7 140 7 142 0.00465300
7 140 8 137 0.00642120
9 138 10 135 0.00292564
9 138 9 135 0.00233178
9 138 9 136 0.01090760
5 142 5 144 0.01790773
5 142 6 143 0.01958410
5 133 6 143 0.00459467
5 10 6 11 0.20232448
5 14 5 12 0.00161760
5 14 4 13 0.00227100
109 114 106 112 0.00259644
109 114 107 111 0.06726442
109 114 107 112 0.17280991
109 114 109 113 0.00119300
45 65 46 64 0.00393649
45 65 45 65 0.08243683
103 120 101 118 0.20539526
103 120 101 117 0.02857616
103 117 103 116 0.00178411
19 144 20 151 0.00786563
51 59 50 60 0.28242804
51 59 51 59 0.08899295
20 143 20 151 0.00149189
20 143 21 150 0.00900517
20 143 21 148 0.00172144
12 136 13 134 0.00252129
12 137 12 135 0.00459090
12 137 13 134 0.00854507
12 143 19 150 0.00250870
90 129 87 127 0.10980660
90 129 88 126 0.07221832
95 126 93 124 0.00431203
95 126 94 124 0.00094690
95 128 92 126 0.08254833
95 128 93 125 0.09554385
88 130 86 128 0.00105935
50 60 49 61 0.42169643
50 60 51 59 0.00168748
50 60 50 60 0.12399615
11 137 12 135 0.00165383
11 144 18 151 0.00088242
92 128 89 126 0.02497573
92 128 90 125 0.00989875
32 76 32 77 0.03471314
32 78 32 79 0.02955583
47 63 47 63 0.07647627
47 63 48 62 0.00394495
47 63 46 64 0.32340897
87 132 85 129 0.16679973
87 132 84 130 0.11232021
87 131 85 129 0.00069177
6 132 7 142 0.00109324
6 141 7 142 0.00643260
6 141 6 143 0.01977613
6 16 7 16 0.00345550
6 13 5 12 0.00196837
6 13 6 11 0.00159259
6 22 7 22 0.00199217
108 115 108 114 0.00115558
108 115 106 112 0.04784559
108 115 106 113 0.09784362
108 115 105 113 0.00339918
36 73 36 74 0.31511533
40 70 41 70 0.00298132
40 69 41 70 0.00253073
104 119 101 118 0.00074571
104 119 101 117 0.00068130
104 119 102 117 0.14109951
104 115 104 115 0.00089165
105 115 104 114 0.00050467
105 115 104 115 0.00116942
105 114 105 113 0.00403692
46 64 47 63 0.00333659
46 64 46 64 0.08948863
46 64 45 65 0.31871620
96 127 93 125 0.07297060
96 127 94 125 0.02742693
96 127 94 124 0.14392208
44 67 43 68 0.28017140
86 133 83 131 0.08096474
86 133 84 130 0.12664754
1 17 2 18 0.05323304
94 127 93 125 0.00148500
94 127 91 125 0.00241061
94 129 92 126 0.08349511
106 115 105 113 0.00063662
106 115 104 114 0.00197093
106 114 106 113 0.00060037
106 114 105 113 0.00211341
100 123 98 121 0.20698853
100 123 97 122 0.00077879
100 120 101 118 0.00982003
107 114 105 112 0.02215429
107 114 105 113 0.00153190
107 114 106 113 0.00066318
107 114 106 112 0.00091387
84 135 81 133 0.11229836
84 135 82 132 0.16487863
41 68 42 69 0.00366032
41 68 41 66 0.00070019
42 69 43 68 0.00248352
42 69 41 70 0.22640892
42 69 42 69 0.01141402
89 129 87 127 0.00219488
89 130 87 127 0.16462534
89 130 86 128 0.06538084
128 134 136 144 0.00129842
127 135 135 145 0.00410658
13 136 14 133 0.00867250
13 136 13 134 0.00119206
99 121 99 120 0.09830019
8 139 8 137 0.00224776
8 139 8 136 0.00139785
8 139 9 136 0.00432280
8 14 8 15 0.00187963
8 14 9 15 0.00457530
33 76 34 76 0.00054588
33 76 33 76 0.00067715
34 75 34 76 0.11411434
34 75 35 75 0.00080695
102 118 102 117 0.02694041
102 118 103 116 0.00107820
102 121 99 120 0.00092151
101 119 101 118 0.02215762
101 119 102 117 0.00208943
101 122 98 121 0.00137952
101 122 99 120 0.20718053
43 68 42 69 0.28060525
43 68 43 68 0.01020099
43 67 43 68 0.00143092
43 67 42 68 0.00747559
93 128 92 126 0.00152365
93 128 91 125 0.02975240
35 74 35 75 0.11814222
2 17 2 18 0.09167073
2 17 3 17 0.00495850
2 16 3 17 0.00596287
2 13 3 14 0.05801686
37 72 38 73 0.00300694
37 72 37 70 0.00272534
38 72 38 73 0.23173064
38 71 39 72 0.00239174
38 71 38 69 0.00105897
