25 22 0.03776671
25 26 0.02506220
25 24 0.05870811
25 27 0.27915022
25 28 0.01603024
25 25 0.39131730
25 23 0.00073227
135 135 0.49296257
15 15 0.17261161
15 14 0.01765140
15 16 0.00529725
15 17 0.26735887
15 22 0.00500722
15 13 0.00416820
63 63 0.09306331
63 67 0.00128724
63 66 0.00086374
63 71 0.00065738
14 13 0.01177385
14 12 0.00352273
14 15 0.00587195
14 16 0.30134053
14 14 0.19952737
14 17 0.00064582
14 21 0.00201536
16 21 0.00080694
16 14 0.09492560
16 17 0.01289511
16 16 0.30460107
16 15 0.02829277
16 18 0.29942275
16 23 0.01572287
106 108 0.10141062
106 106 0.29973546
79 83 0.00234949
79 79 0.52942771
75 79 0.06070247
75 75 0.47991771
149 149 0.97793349
149 148 0.00191163
134 134 0.59618476
80 84 0.12217279
80 80 0.57529700
101 101 0.58788642
101 103 0.11435775
138 138 0.96176008
157 157 0.55980363
23 21 0.00272106
23 23 0.13126065
23 25 0.28103969
23 20 0.04119460
23 26 0.01664327
23 24 0.00261748
23 22 0.05423012
47 49 0.00270553
47 45 0.00103357
47 48 0.00414148
47 47 0.46828197
47 56 0.00084770
47 55 0.00492304
47 52 0.00643397
47 50 0.01529389
47 46 0.00265149
47 51 0.00979010
21 22 0.00360443
21 24 0.00772158
21 19 0.04732755
21 20 0.05511960
21 28 0.01029220
21 23 0.22234150
21 18 0.00582420
21 21 0.27667862
56 56 0.54926316
56 60 0.04467818
56 61 0.00289638
56 59 0.02802169
56 64 0.00558926
71 73 0.00054733
71 76 0.00275921
71 71 0.69875427
71 75 0.00124042
92 92 0.41061852
92 93 0.01665377
92 94 0.00142352
46 51 0.00684835
46 46 0.65875157
46 54 0.00121096
46 50 0.00269248
46 55 0.00198493
46 43 0.00055023
46 47 0.00327922
46 44 0.00104655
46 48 0.01125268
46 49 0.02970743
46 45 0.00538065
100 100 0.50934586
10 12 0.28745186
10 8 0.02981541
10 7 0.00060375
10 15 0.00051100
10 17 0.00759141
10 14 0.00078740
10 9 0.03590279
10 10 0.26184395
10 11 0.00451465
27 35 0.00063423
27 36 0.00469185
27 28 0.05119830
27 29 0.20352782
27 34 0.00855357
27 27 0.31986092
27 30 0.01145073
27 24 0.00284340
27 26 0.10371501
3 6 0.00349345
3 4 0.00785338
3 3 0.63166232
3 5 0.02975877
88 92 0.01942543
88 88 0.72897174
88 89 0.01637669
133 133 0.58631464
19 22 0.00291673
19 20 0.00713111
19 26 0.00454180
19 19 0.20339537
19 16 0.00180242
19 17 0.09001114
19 21 0.22575319
19 18 0.02310304
72 76 0.00434348
72 77 0.00065074
72 72 0.66617438
72 74 0.00055578
108 108 0.37632261
108 110 0.02643128
45 50 0.00630533
45 46 0.00408667
45 54 0.00773593
45 45 0.67476916
45 49 0.00127790
45 48 0.08331460
45 42 0.00107024
45 44 0.02696570
53 52 0.00052330
53 54 0.00234760
53 55 0.00101822
53 61 0.00222026
53 56 0.03161687
53 57 0.01351812
53 58 0.00539694
53 53 0.63173261
17 18 0.01582257
17 17 0.42151881
17 16 0.02812245
17 15 0.09513446
17 24 0.00153773
17 19 0.26918673
17 20 0.00173501
17 22 0.00089942
151 151 0.39100649
151 150 0.00156722
40 41 0.09192610
40 43 0.05689058
40 40 0.04472726
40 42 0.10179915
40 44 0.00189215
40 37 0.04644813
40 39 0.19041430
40 38 0.00116443
40 49 0.00186213
40 45 0.00248044
74 74 0.66146928
74 78 0.00517257
89 90 0.02260539
89 89 0.72593631
89 93 0.04287313
54 57 0.00915254
54 58 0.04820424
54 59 0.00051373
54 54 0.69270791
54 55 0.00116282
2 2 0.63772544
2 4 0.07060540
2 3 0.04075376
2 5 0.00684840
90 94 0.00076420
90 92 0.00122322
90 93 0.00492248
90 91 0.02705827
90 90 0.71853177
5 6 0.00151786
5 4 0.00164927
5 7 0.02438827
5 8 0.00886941
5 12 0.00095156
5 5 0.31876416
83 83 0.62916235
83 87 0.12217116
83 84 0.00782737
114 116 0.00741552
114 114 0.71657764
114 115 0.02092391
60 64 0.06541829
60 65 0.00054449
60 60 0.63607982
60 63 0.00075773
60 68 0.00566806
26 33 0.01106479
26 29 0.01469159
26 27 0.03764353
26 26 0.37118336
26 24 0.00078651
26 35 0.00237857
26 25 0.07379413
26 28 0.28198754
26 23 0.06011739
11 10 0.02748544
11 11 0.19392138
11 9 0.03522063
11 13 0.35037265
11 18 0.01055862
11 12 0.00670160
11 15 0.00070776
7 10 0.00111670
7 11 0.00213217
7 9 0.23722844
7 6 0.01454526
7 14 0.00358534
7 7 0.36569964
7 5 0.00176839
7 8 0.00169312
48 49 0.00149039
48 53 0.00535418
48 47 0.00064385
48 48 0.63317156
48 56 0.00401071
48 51 0.03605576
48 50 0.00087537
48 52 0.00881281
37 36 0.23037070
37 38 0.06565134
37 39 0.02193479
37 37 0.18206993
37 42 0.00097688
37 35 0.00152310
37 34 0.05114721
37 46 0.00068719
37 40 0.00785010
61 65 0.06193594
61 61 0.37377662
61 64 0.00886518
61 69 0.00155657
145 145 0.58151504
155 155 0.41001347
155 154 0.00061468
84 84 0.68248457
84 85 0.00897715
84 88 0.12619872
84 83 0.00067100
55 58 0.03698866
55 63 0.00106023
55 55 0.64598371
55 59 0.00647760
142 142 0.64307732
51 53 0.00053533
51 56 0.00811401
51 55 0.02423594
51 59 0.00632876
51 51 0.66628230
51 54 0.07994952
51 52 0.00172117
51 50 0.00087098
117 117 0.65990202
117 118 0.00537798
117 119 0.00091648
68 68 0.05015635
68 72 0.03553845
68 70 0.00052722
36 41 0.00088493
36 34 0.00183140
36 33 0.05188982
36 39 0.05249923
36 38 0.08241180
36 36 0.20602422
36 37 0.13222895
36 35 0.25344215
36 45 0.01466153
152 151 0.00081116
152 152 0.34405489
107 109 0.00657563
107 107 0.59214551
137 137 0.96433518
122 122 0.45100890
96 96 0.59660126
96 97 0.00158636
96 98 0.05414305
59 62 0.01256236
59 63 0.00212407
59 67 0.00750485
59 64 0.00054185
59 59 0.66465370
6 13 0.00661072
6 6 0.31896102
6 9 0.00246397
6 7 0.00117718
6 5 0.00364384
6 8 0.15523642
70 75 0.00202099
70 70 0.30082205
70 74 0.12131170
124 124 0.76773006
41 50 0.01425291
41 41 0.15362964
41 46 0.00341503
41 43 0.10602831
41 40 0.22698652
41 42 0.07245587
41 44 0.07553813
41 38 0.04368912
41 39 0.00082608
41 45 0.00194034
49 57 0.00592526
49 48 0.00167255
49 53 0.01097477
49 49 0.49267371
49 51 0.00186595
49 54 0.00595849
49 50 0.00109690
49 52 0.02778955
119 119 0.47911662
119 120 0.00293370
32 34 0.17953302
32 31 0.10869895
32 33 0.06868353
32 29 0.05146920
32 35 0.04305168
32 32 0.01746551
69 73 0.00106899
69 74 0.00363968
69 69 0.38274633
57 60 0.01639339
57 61 0.02253092
57 65 0.00749136
57 57 0.48171995
57 62 0.00335117
78 78 0.48144795
78 82 0.00898897
139 139 0.58009252
130 130 0.63488173
131 131 0.50612952
129 129 0.63487053
86 90 0.12705475
86 87 0.00093994
86 86 0.78844047
29 29 0.14927329
29 31 0.15772694
29 26 0.05365684
29 30 0.00869951
29 37 0.00063475
29 38 0.00885412
29 36 0.00460906
29 32 0.00197403
29 28 0.15435011
9 16 0.00809281
9 7 0.02000103
9 8 0.03405576
9 10 0.00205482
9 11 0.29232391
9 9 0.31510477
9 13 0.00137181
125 125 0.69526656
126 126 0.52308167
76 80 0.04579955
76 76 0.54497728
153 152 0.00216347
153 153 0.46931576
94 95 0.02712413
94 94 0.63064811
94 96 0.10801618
35 33 0.00111269
35 34 0.20012937
35 37 0.11938433
35 44 0.00669751
35 35 0.22951308
35 38 0.02499790
35 36 0.11089700
35 32 0.05053645
127 127 0.72289804
154 154 0.52556113
154 153 0.00120019
95 95 0.53279328
95 97 0.01807561
95 96 0.00359261
38 41 0.05616736
38 43 0.00114903
38 40 0.09493937
38 47 0.00806234
38 35 0.05053175
38 37 0.23702732
38 36 0.00182322
38 38 0.04363170
38 39 0.06725760
22 23 0.00403650
22 25 0.01665322
22 21 0.05186721
22 19 0.02156710
22 24 0.23896319
22 20 0.02530716
22 22 0.27138296
22 29 0.01258977
136 136 0.92804398
156 156 0.47479929
13 12 0.01254706
13 14 0.00549148
13 15 0.32680448
13 11 0.00770747
13 13 0.20786668
81 81 0.70692630
81 85 0.02092281
81 82 0.00062149
50 49 0.00109060
50 53 0.03004476
50 58 0.00282164
50 55 0.00711834
50 51 0.00199301
50 54 0.03438220
50 52 0.00066366
50 50 0.53762047
97 97 0.47297777
97 98 0.00124621
97 99 0.00368758
146 145 0.00051460
146 146 0.49970973
123 123 0.50913732
116 116 0.45530586
116 118 0.00680241
116 117 0.01252697
24 27 0.01600248
24 22 0.00111245
24 26 0.26399623
24 24 0.25942470
24 21 0.02168441
24 25 0.00861333
24 23 0.05007215
73 73 0.62197287
73 77 0.02897390
148 148 0.78180695
148 147 0.00170390
141 141 0.74212358
4 4 0.52700876
4 6 0.01377518
4 5 0.00350203
4 7 0.00082817
105 105 0.39367105
105 107 0.00086406
64 68 0.03047768
64 64 0.36720920
31 33 0.16168989
31 31 0.11041850
31 34 0.03342523
31 30 0.06531174
31 32 0.03736854
31 28 0.05325811
144 144 0.59926021
18 25 0.01493571
18 18 0.28989751
18 15 0.00056237
18 17 0.02906642
18 16 0.09355279
18 21 0.00100633
18 19 0.01550009
18 20 0.27376670
1 2 0.02117585
1 4 0.00550776
1 1 0.72751594
1 3 0.01133234
93 95 0.00124741
93 94 0.00248892
93 93 0.08410729
104 104 0.04594233
104 106 0.01578876
66 70 0.08387344
66 66 0.30737001
66 71 0.00151510
98 100 0.02435536
98 98 0.52114231
58 62 0.00177627
58 58 0.43013395
58 63 0.00052058
58 61 0.00052888
58 66 0.00545743
111 111 0.23340294
111 113 0.00145020
111 112 0.00326066
20 21 0.00402537
20 17 0.00318812
20 18 0.08392586
20 23 0.00098628
20 27 0.00443789
20 19 0.02901677
20 20 0.27767330
20 22 0.24419288
30 27 0.04087989
30 31 0.04668797
30 29 0.04553602
30 33 0.02464592
30 30 0.15110603
30 39 0.01143810
30 37 0.00227500
30 32 0.01513028
65 69 0.00566467
65 65 0.59173869
65 70 0.01107544
33 33 0.25323984
33 34 0.08050182
33 30 0.05143204
33 35 0.16574773
33 36 0.05278957
33 32 0.02650334
99 99 0.60804766
99 101 0.00313901
87 91 0.01482624
87 90 0.00088298
87 87 0.56961986
87 88 0.00723174
34 34 0.10863156
34 33 0.19982412
34 31 0.05101232
34 43 0.01368298
34 36 0.14814483
34 35 0.09304494
34 37 0.06211032
91 92 0.02213693
91 91 0.66879509
91 93 0.04464619
132 132 0.53515446
42 41 0.21934858
42 46 0.00153774
42 43 0.02865379
42 39 0.04140538
42 44 0.05355022
42 42 0.18739203
42 47 0.00361627
42 45 0.08133158
39 41 0.10418525
39 43 0.00102785
39 40 0.07556834
39 39 0.17068566
39 38 0.04680172
39 36 0.04880584
39 37 0.00129211
39 48 0.01049355
39 44 0.00142538
39 42 0.06934159
140 140 0.63897972
147 146 0.00088760
147 147 0.67338588
28 28 0.27481628
28 25 0.05877057
28 37 0.00666519
28 35 0.00650539
28 36 0.00074019
28 26 0.00058818
28 30 0.17998292
28 31 0.01127915
28 29 0.00419604
28 27 0.12493846
113 115 0.01997068
113 113 0.71556607
113 114 0.03302253
112 112 0.35368341
112 113 0.00163912
112 114 0.00571054
121 121 0.53535260
120 120 0.66301293
118 118 0.48123329
118 120 0.00273982
118 119 0.00416362
143 143 0.62680892
109 111 0.00081443
109 109 0.39948431
109 110 0.00052558
67 72 0.00098267
67 71 0.00057026
67 67 0.38309141
85 85 0.79318937
85 86 0.00060729
85 89 0.13292572
77 77 0.69376782
77 81 0.08734637
52 52 0.63501848
52 51 0.00055818
52 54 0.00189624
52 55 0.04933440
52 60 0.00550137
52 56 0.02922124
52 57 0.00461396
52 53 0.00134462
12 12 0.15296936
12 14 0.32150969
12 10 0.06236806
12 11 0.01075888
12 13 0.00294432
8 15 0.01097528
8 7 0.01967758
8 12 0.00199297
8 8 0.27670247
8 10 0.35547634
8 9 0.00173841
8 6 0.01043709
128 128 0.52305107
103 105 0.00106353
103 103 0.39853080
62 65 0.00120820
62 70 0.00059493
62 66 0.03290384
62 62 0.24595626
44 46 0.00811051
44 41 0.00408836
44 43 0.04098262
44 48 0.00295805
44 44 0.43574085
44 47 0.00876256
44 53 0.00755744
44 45 0.00620129
44 49 0.00631261
110 110 0.40147026
110 112 0.04921823
102 102 0.32157695
102 104 0.08816980
82 86 0.00442481
82 84 0.00129714
82 82 0.10832170
82 83 0.00434861
43 40 0.03565082
43 43 0.21621745
43 46 0.02412915
43 45 0.03135141
43 44 0.01751740
43 42 0.11466622
43 48 0.00680576
115 115 0.45192772
115 117 0.00631895
150 150 0.44482670
150 149 0.00135812
