74 71 0.03544643
74 74 0.62714327
74 72 0.00377821
74 70 0.03580610
74 69 0.08055693
74 68 0.00076922
89 85 0.03286587
89 86 0.00938932
89 88 0.05695931
89 89 0.83011255
89 87 0.03878829
54 54 0.66573056
54 46 0.00123014
54 49 0.00873725
54 45 0.00746118
54 53 0.00108240
2 1 0.01036984
2 2 0.30642705
90 87 0.00126074
90 89 0.06742821
90 90 0.71420666
90 88 0.01760159
90 86 0.02601350
151 150 0.00062739
151 151 0.48121081
40 39 0.07385932
40 38 0.01100333
40 35 0.12850191
40 43 0.00340063
40 40 0.06914783
40 34 0.00734969
40 41 0.02178129
17 20 0.00423511
17 10 0.01130668
17 11 0.00821644
17 13 0.00210546
17 18 0.00161388
17 12 0.00152298
17 16 0.21477829
17 17 0.37550923
17 14 0.09283864
17 15 0.13781565
108 107 0.01815475
108 108 0.36732760
53 48 0.00321321
53 44 0.00323936
53 53 0.37733314
53 52 0.00086967
45 36 0.01367968
45 44 0.00326989
45 45 0.69799239
45 46 0.00116391
45 40 0.15722117
72 69 0.00070135
72 68 0.02123320
72 67 0.06032232
72 64 0.00093245
72 66 0.00121580
72 70 0.00317775
72 72 0.63437391
19 13 0.00394754
19 19 0.18424099
19 22 0.00413237
19 14 0.00300088
19 17 0.06677487
19 16 0.01281089
19 18 0.27238316
88 87 0.04799551
88 84 0.02837522
88 86 0.04016561
88 85 0.02115183
88 88 0.80159496
133 133 0.54396839
3 2 0.00962975
3 3 0.42121527
3 1 0.14494513
46 46 0.64339538
46 41 0.09870134
46 45 0.00117145
46 37 0.00050602
10 9 0.02083762
10 4 0.00398972
10 6 0.00183118
10 10 0.15887424
10 11 0.01320379
10 8 0.39956113
10 7 0.08555306
27 28 0.01772846
27 25 0.03370051
27 21 0.02198161
27 26 0.33117174
27 30 0.01092797
27 20 0.00574031
27 22 0.12744921
27 27 0.31559452
100 100 0.29200937
100 98 0.00098601
92 91 0.02110136
92 90 0.00252450
92 92 0.24985836
71 66 0.03350090
71 65 0.00057277
71 71 0.66022430
71 67 0.01068585
71 63 0.00214640
71 69 0.00347426
56 51 0.09931742
56 56 0.54151300
56 48 0.00402354
56 47 0.00061891
56 49 0.00056701
47 38 0.00052233
47 42 0.00455749
47 47 0.49527583
21 24 0.00844459
21 20 0.27103833
21 19 0.06585835
21 16 0.00986631
21 14 0.00121044
21 21 0.27425810
21 15 0.00527940
23 23 0.15742686
23 18 0.00403443
23 16 0.00166894
23 17 0.02073271
23 21 0.03856219
23 22 0.29907535
23 26 0.00831150
23 20 0.00055670
80 78 0.03443162
80 77 0.02491163
80 80 0.35056007
80 76 0.06294886
101 101 0.54945889
138 138 0.93700496
157 157 0.51579797
106 106 0.22676057
79 76 0.00061204
79 75 0.05305149
79 79 0.35876615
79 77 0.00866229
75 73 0.00123743
75 71 0.03068533
75 75 0.13293395
75 70 0.02486115
75 72 0.00281175
149 150 0.00064669
149 148 0.00090021
149 149 0.82281339
134 134 0.73690874
63 58 0.03715451
63 63 0.13990421
15 10 0.00105277
15 11 0.00313500
15 9 0.02116050
15 13 0.17671077
15 14 0.17179679
15 16 0.00324024
15 15 0.18660323
15 18 0.00422473
15 8 0.01237935
15 12 0.01522746
14 10 0.00305886
14 11 0.02215422
14 9 0.00175017
14 13 0.16524711
14 7 0.00421784
14 8 0.01112535
14 12 0.20427586
14 14 0.21955958
14 17 0.00398303
14 15 0.00412923
16 14 0.19343970
16 16 0.28552934
16 17 0.00077219
16 15 0.17287449
16 12 0.00093433
16 10 0.00705603
16 9 0.00386947
16 13 0.04279584
16 19 0.00413005
25 28 0.00818067
25 25 0.37154587
25 23 0.03344913
25 18 0.01432840
25 22 0.00058082
25 20 0.10306818
25 24 0.31141994
25 26 0.00259957
25 19 0.02593258
135 135 0.44055772
29 32 0.01122569
29 28 0.01289639
29 23 0.00489329
29 22 0.00678280
29 30 0.00830789
29 24 0.04709353
29 27 0.03214471
29 29 0.26794455
9 7 0.28817654
9 8 0.00938538
9 10 0.00773090
9 6 0.02362656
9 9 0.25353971
130 130 0.64163813
131 131 0.49206740
129 129 0.64149390
86 83 0.00474857
86 82 0.00397924
86 85 0.00068523
86 86 0.80070183
86 84 0.01416753
57 49 0.00675591
57 57 0.55542022
57 52 0.03163301
78 76 0.00327996
78 74 0.00700388
78 78 0.34964250
139 139 0.55485117
49 40 0.00069831
49 50 0.00096038
49 49 0.50115914
49 44 0.04076039
32 26 0.01845692
32 30 0.00608693
32 33 0.01561112
32 31 0.07694726
32 34 0.00105782
32 27 0.13156590
32 25 0.00230137
32 32 0.06422137
32 35 0.01194275
119 119 0.52632515
69 65 0.00138633
69 61 0.00260690
69 64 0.02828075
69 69 0.27801710
59 59 0.65096424
59 54 0.01389823
59 51 0.00530465
6 5 0.00414971
6 7 0.00356330
6 3 0.01431263
6 4 0.03112308
6 6 0.29262889
41 34 0.00070106
41 41 0.49676933
41 40 0.07327097
41 35 0.00462240
41 42 0.02639309
41 44 0.00125711
41 39 0.01888477
41 36 0.08200417
124 124 0.82795829
70 62 0.00079658
70 68 0.00157274
70 65 0.09986895
70 70 0.19568450
70 66 0.00455355
137 137 0.96604486
96 94 0.00878739
96 95 0.00713619
96 96 0.52147450
122 122 0.37003229
117 117 0.69608171
68 63 0.00223726
68 68 0.14097728
107 107 0.59678822
107 106 0.00433636
36 29 0.01228873
36 31 0.11140237
36 34 0.02633273
36 27 0.00497817
36 30 0.00207712
36 35 0.27981558
36 37 0.05118867
36 38 0.00077863
36 39 0.01052842
36 36 0.38322077
36 28 0.00078360
152 152 0.43398203
142 142 0.64701740
51 51 0.66397290
51 46 0.06453540
51 50 0.00076404
61 53 0.00170191
61 61 0.33112096
61 56 0.08918864
145 144 0.00063827
145 145 0.58156673
155 155 0.51198391
84 81 0.04787437
84 80 0.02998039
84 84 0.38380066
84 82 0.04641449
84 83 0.00193988
55 54 0.00097837
55 46 0.00204083
55 50 0.02078594
55 55 0.55460717
55 47 0.00659277
48 43 0.10070983
48 40 0.00077625
48 47 0.00069336
48 48 0.60526611
48 39 0.01570190
48 49 0.00054380
37 29 0.00066348
37 40 0.00831827
37 30 0.00913037
37 38 0.04819975
37 36 0.27227210
37 37 0.34408815
37 35 0.02718710
37 32 0.09983723
37 28 0.00705643
7 6 0.00535759
7 4 0.00548968
7 5 0.31575811
7 8 0.00539852
7 7 0.30510510
11 11 0.10117730
11 10 0.08944612
11 9 0.28952408
11 14 0.00076181
11 7 0.00125484
11 5 0.00050912
11 8 0.00457700
11 12 0.00853471
26 25 0.32332437
26 21 0.12616681
26 20 0.02420538
26 19 0.01365507
26 24 0.03237993
26 26 0.34121343
26 27 0.00512079
26 29 0.00962208
60 52 0.00378254
60 55 0.00391697
60 60 0.55601205
114 113 0.00190911
114 114 0.82587809
5 5 0.29182148
5 3 0.21125216
5 2 0.00571352
5 4 0.00118151
5 6 0.00146308
83 80 0.00082952
83 81 0.07131935
83 79 0.00197287
83 82 0.00092308
83 83 0.23800374
93 91 0.00894808
93 89 0.00934207
93 93 0.04467037
93 92 0.02051360
104 104 0.22120018
104 103 0.05283973
104 102 0.00101940
66 61 0.08352136
66 66 0.20071750
66 58 0.00554438
1 1 0.60256922
144 144 0.60019921
144 143 0.00069649
18 11 0.00387977
18 13 0.00099289
18 21 0.00412217
18 16 0.12451303
18 17 0.24419643
18 15 0.02583674
18 18 0.28990996
18 12 0.00127606
4 1 0.05560191
4 3 0.00344202
4 5 0.00057355
4 2 0.26845340
4 4 0.43020714
105 104 0.00073935
105 105 0.34223252
64 56 0.00588115
64 64 0.29374541
64 59 0.08287370
31 34 0.01140885
31 31 0.29528970
31 29 0.02954404
31 33 0.00063867
31 30 0.28862587
31 26 0.11721875
31 32 0.01503579
31 25 0.00053928
24 18 0.00148334
24 23 0.30671446
24 25 0.00054411
24 21 0.00061877
24 17 0.00092339
24 19 0.00312047
24 24 0.29440539
24 22 0.03538871
24 27 0.00805051
73 68 0.05536999
73 67 0.00087448
73 69 0.03386725
73 70 0.00174854
73 71 0.00332440
73 73 0.44831420
148 147 0.00096688
148 148 0.68903502
141 141 0.74239125
123 123 0.50637553
116 116 0.32268895
97 96 0.00832362
97 95 0.00287295
97 97 0.28341521
146 145 0.00057540
146 146 0.51886959
13 6 0.00278638
13 13 0.13203967
13 9 0.00504902
13 11 0.22049308
13 10 0.02493223
13 14 0.00239525
13 16 0.00378202
13 8 0.00072693
13 12 0.15824010
13 7 0.00430836
81 81 0.75426894
81 77 0.06718401
81 79 0.01261547
81 78 0.00640825
50 50 0.51044295
50 41 0.00649919
50 45 0.01973310
22 20 0.06151974
22 22 0.28833223
22 25 0.00842273
22 21 0.27443971
22 17 0.04567417
22 16 0.01565190
22 15 0.00501045
136 136 0.93081106
156 156 0.43474711
94 93 0.01884622
94 92 0.01099161
94 94 0.62669758
127 127 0.71654249
35 38 0.01223899
35 36 0.05314706
35 35 0.37894729
35 37 0.00094281
35 28 0.01445723
35 34 0.28339814
35 27 0.00067286
35 29 0.01166679
35 33 0.02814595
35 30 0.13833825
35 26 0.00252883
154 154 0.51853011
95 95 0.34127837
95 94 0.07588262
38 41 0.00463785
38 33 0.03115479
38 29 0.00925412
38 31 0.00146179
38 32 0.00229546
38 39 0.01655850
38 36 0.01214216
38 38 0.05621181
38 37 0.18664068
153 153 0.46022400
126 126 0.58966002
76 72 0.00531366
76 76 0.46717102
76 71 0.00435357
125 125 0.57583297
150 150 0.52052683
150 149 0.00086298
150 151 0.00086401
115 115 0.50749460
43 43 0.26518512
43 41 0.01809474
43 34 0.00623833
43 44 0.01730424
43 42 0.00339595
43 37 0.00060435
43 38 0.06799441
44 43 0.00816730
44 45 0.00510418
44 38 0.00064439
44 39 0.15433597
44 35 0.00374769
44 44 0.57904970
44 42 0.00269825
44 37 0.00161893
110 110 0.37870363
102 102 0.25169223
102 101 0.00542457
82 78 0.01301015
82 82 0.02152136
82 80 0.00202090
82 79 0.00282339
12 15 0.00358848
12 7 0.00060581
12 8 0.00674188
12 12 0.13846515
12 11 0.14940095
12 10 0.23117655
12 13 0.00282536
12 6 0.00608024
12 9 0.07528786
128 128 0.54491450
8 8 0.28845943
8 5 0.02046323
8 7 0.00784687
8 6 0.24823164
8 9 0.00632201
62 57 0.11449606
62 62 0.17240672
103 101 0.00099732
103 102 0.03549754
103 103 0.34948028
77 77 0.70357093
77 72 0.00064887
77 73 0.01672210
77 75 0.00192442
52 47 0.03691902
52 52 0.66932864
52 51 0.00103324
85 83 0.00254895
85 82 0.00252624
85 84 0.00176590
85 85 0.79511513
85 81 0.02048202
143 142 0.00065249
143 143 0.62712567
118 118 0.25797955
109 109 0.50392834
67 59 0.00858310
67 67 0.27867585
67 62 0.05166981
113 113 0.71108518
28 22 0.02156948
28 26 0.03305780
28 29 0.02041623
28 31 0.01119794
28 27 0.34786490
28 28 0.31380707
28 23 0.00521747
28 21 0.01443525
112 112 0.35893598
121 121 0.51579347
120 120 0.65729514
140 140 0.55469018
147 147 0.53465442
147 146 0.00063687
42 43 0.02479654
42 40 0.01842290
42 41 0.01906194
42 45 0.00050599
42 36 0.00053628
42 37 0.12740371
42 35 0.00050996
42 42 0.28117050
39 30 0.01195680
39 40 0.04813460
39 34 0.02445954
39 37 0.00093558
39 42 0.00419625
39 39 0.42205788
39 38 0.15554458
132 132 0.47654488
99 97 0.00165242
99 98 0.00131101
99 99 0.59937160
33 35 0.00173619
33 36 0.01402284
33 32 0.29320640
33 28 0.11565335
33 31 0.00283506
33 33 0.32291703
33 27 0.01398938
33 34 0.03855600
33 26 0.01831839
87 86 0.01382995
87 84 0.02225564
87 85 0.06544494
87 87 0.76401641
87 83 0.02316176
34 35 0.04658988
34 37 0.01334613
34 36 0.00231769
34 28 0.01391864
34 32 0.03152440
34 29 0.13605209
34 33 0.17866080
34 34 0.11406438
34 27 0.01665968
91 89 0.00525833
91 87 0.00147061
91 90 0.05091895
91 91 0.45527222
20 15 0.01187303
20 21 0.00051855
20 17 0.00291595
20 16 0.00086831
20 14 0.00271998
20 23 0.00771755
20 18 0.04987636
20 20 0.23415665
20 19 0.27189800
30 25 0.11188171
30 32 0.00057270
30 28 0.02957650
30 30 0.27701354
30 31 0.01048487
30 33 0.01115636
30 29 0.02524427
65 65 0.57389828
65 60 0.13126656
65 57 0.00943870
98 97 0.00204084
98 98 0.20406880
98 96 0.00740424
58 50 0.00250192
58 58 0.40711985
58 53 0.11327565
111 110 0.00086388
111 111 0.21490072
