90 86 0.00223199
90 89 0.00091147
90 88 0.02377169
90 92 0.01587953
90 90 0.46721525
96 94 0.02664103
96 97 0.00194806
96 95 0.00083896
96 96 0.35645792
96 92 0.01226664
96 98 0.00197466
96 99 0.00209048
152 148 0.00126264
152 147 0.00103467
152 146 0.02124816
152 152 0.57088694
56 56 0.65563323
56 57 0.00075308
141 137 0.00051352
141 135 0.07724102
141 142 0.02388280
141 141 0.33067308
141 139 0.00152287
141 140 0.02120785
109 109 0.40952953
109 110 0.02296644
109 105 0.01206382
109 108 0.00509850
109 112 0.00160309
109 111 0.00747552
109 106 0.00065330
85 86 0.00281551
85 84 0.00558871
85 83 0.01370861
85 81 0.00677879
85 85 0.26342127
114 113 0.00068242
114 110 0.06458444
114 114 0.52962134
114 115 0.00267028
114 111 0.00416876
114 108 0.00405522
114 112 0.00097947
53 53 0.22791537
43 43 0.37080681
93 95 0.04423396
93 89 0.00154414
93 94 0.00126347
93 91 0.04250802
93 93 0.17799748
78 75 0.00202622
78 78 0.60965880
78 74 0.00121183
78 79 0.02226341
78 80 0.00117096
78 76 0.00656645
78 77 0.01040780
138 139 0.02674513
138 138 0.46378918
138 132 0.07510047
138 137 0.02221034
138 136 0.00099116
146 140 0.07652944
146 143 0.00053475
146 145 0.00145582
146 146 0.76225905
146 142 0.00070241
146 147 0.01969068
103 103 0.42183010
103 101 0.02436853
103 105 0.00508509
103 104 0.04107012
103 106 0.00981298
103 99 0.07423726
103 100 0.00061755
103 102 0.00085654
136 130 0.02541305
136 135 0.01997756
136 136 0.30606589
136 137 0.02878065
59 60 0.00109113
59 59 0.68637951
121 115 0.03771728
121 121 0.56481690
121 118 0.00118463
121 117 0.00105650
121 116 0.00330264
28 28 0.29749305
28 29 0.00067818
28 27 0.00327981
102 104 0.01936413
102 105 0.00935796
102 103 0.02829054
102 98 0.06137095
102 100 0.02537663
102 102 0.53206288
102 99 0.00062674
23 22 0.01872683
23 24 0.01109436
23 23 0.62618000
25 26 0.04079312
25 25 0.63818186
25 24 0.00364437
149 149 0.77587878
149 143 0.06704151
149 150 0.00537800
149 148 0.00366054
149 146 0.00060462
38 38 0.73141597
38 39 0.01980096
38 37 0.00214110
63 62 0.01085759
63 64 0.00136162
63 63 0.32635915
118 112 0.02027393
118 114 0.00791247
118 115 0.00417948
118 119 0.00085141
118 113 0.00455668
118 118 0.85297873
50 50 0.84708631
97 93 0.01008483
97 96 0.00129694
97 99 0.04534319
97 98 0.00581214
97 97 0.56380757
97 95 0.03007818
20 22 0.00716859
20 18 0.00427603
20 20 0.63561101
140 138 0.00051750
140 136 0.00051261
140 140 0.40573101
140 134 0.01614291
140 141 0.02430628
140 139 0.01970804
91 91 0.56458896
91 93 0.00540625
91 92 0.00073724
91 87 0.00410614
91 94 0.00058868
91 89 0.01633997
47 47 0.82338228
13 11 0.00082698
13 15 0.03319300
13 14 0.00258006
13 13 0.77110809
89 85 0.00095033
89 89 0.22944821
89 91 0.00327927
89 87 0.00637020
88 88 0.37757834
88 87 0.00805569
88 90 0.02701393
88 86 0.01488049
88 84 0.04088193
88 89 0.00109387
134 128 0.00074956
134 135 0.01852615
134 133 0.00922503
134 134 0.47345710
1 2 0.00059996
1 1 0.48309047
1 3 0.00458750
7 5 0.00073457
7 7 0.54727494
7 9 0.01109135
14 12 0.00432637
14 16 0.02748068
14 14 0.74272998
130 124 0.07837358
130 127 0.00900483
130 131 0.00504369
130 130 0.87866820
130 129 0.00285390
74 71 0.00168167
74 75 0.00428828
74 76 0.00377845
74 73 0.02320765
74 72 0.00057684
74 74 0.26761857
119 115 0.03221631
119 120 0.00069922
119 114 0.00090356
119 119 0.74247591
119 113 0.02112715
119 116 0.00122404
3 4 0.00078242
3 5 0.02435302
3 3 0.62528505
113 109 0.00899439
113 110 0.00337948
113 113 0.48627960
113 114 0.00305616
113 112 0.00126707
113 108 0.00057485
113 111 0.00117031
11 13 0.00104972
11 11 0.52365333
71 71 0.52751890
71 73 0.00534412
71 70 0.00427768
71 72 0.00675790
144 141 0.00064042
144 145 0.00379901
144 143 0.02036912
144 140 0.00064104
144 142 0.00050233
144 144 0.42598340
144 138 0.00563259
22 22 0.54677048
22 24 0.00503295
22 23 0.02854951
22 21 0.00194700
31 31 0.16960669
79 75 0.00063451
79 78 0.00937180
79 79 0.67261971
79 80 0.03501692
79 77 0.02819882
79 76 0.00366132
65 66 0.00855851
65 65 0.22475298
66 68 0.00075334
66 66 0.17748431
66 67 0.00926206
87 88 0.00711195
87 87 0.40092908
87 86 0.00168061
87 85 0.00056960
87 83 0.00151251
87 89 0.03749854
27 28 0.00529247
27 26 0.00060939
27 27 0.29551743
154 154 0.78412329
154 152 0.00087169
154 148 0.00132628
129 129 0.87958784
129 128 0.00230171
129 130 0.00463453
129 126 0.00900622
129 123 0.07835235
60 61 0.00147015
60 60 0.40442977
15 17 0.01875077
15 16 0.00156842
15 15 0.41498676
15 13 0.00431166
18 20 0.02374070
18 16 0.00126312
18 18 0.73283913
18 19 0.00066819
62 63 0.00976920
62 62 0.71618724
62 61 0.00326204
52 52 0.32967807
16 18 0.03102930
16 14 0.00194684
16 16 0.66598909
16 17 0.00295619
67 68 0.00997156
67 69 0.00119292
67 67 0.42215819
123 123 0.35710516
123 117 0.02421187
83 82 0.00978009
83 85 0.00281123
83 83 0.30533266
83 81 0.01538140
83 84 0.00417094
83 79 0.03290671
83 80 0.00102086
81 83 0.00305258
81 81 0.32190448
81 77 0.00799265
81 79 0.02526152
81 80 0.01008638
81 82 0.01684069
150 150 0.65899540
150 147 0.00081611
150 144 0.03055711
150 146 0.00108195
9 9 0.43067865
9 11 0.00274962
9 7 0.00300219
124 124 0.35759354
124 118 0.02486396
98 95 0.00126920
98 94 0.00262188
98 97 0.00072419
98 99 0.00600049
98 98 0.64598921
98 100 0.00097099
98 96 0.02821818
92 92 0.32387916
92 93 0.00223449
92 90 0.04780583
92 88 0.02368982
92 94 0.01777699
92 95 0.00200154
29 30 0.00053268
29 29 0.16679089
29 28 0.00299999
142 141 0.01837269
142 143 0.02296310
142 140 0.00155407
142 136 0.07714227
142 135 0.00054202
142 142 0.49436375
142 138 0.00061211
104 100 0.08201699
104 102 0.02189118
104 106 0.00453167
104 104 0.52327508
104 107 0.00189524
104 103 0.00130897
104 105 0.01256455
151 151 0.57341358
151 146 0.00095651
151 147 0.00170193
151 148 0.00111805
151 145 0.00295008
151 152 0.00069743
30 30 0.41607250
4 6 0.00186757
4 4 0.47737261
107 106 0.00188716
107 108 0.02333873
107 105 0.00090308
107 107 0.43360741
107 103 0.00766499
40 41 0.00235895
40 40 0.90415794
40 39 0.00664723
105 106 0.00193141
105 105 0.45811494
105 107 0.00903376
105 103 0.00347213
105 101 0.04792070
105 104 0.00297032
10 8 0.00185783
10 10 0.39900185
10 12 0.00069299
32 32 0.37156100
108 104 0.00491395
108 109 0.04985927
108 111 0.00438052
108 108 0.46040128
108 106 0.00064538
86 87 0.01542143
86 82 0.01053676
86 88 0.03131888
86 85 0.00152853
86 84 0.02968433
86 86 0.30662325
76 73 0.01661049
76 77 0.01924039
76 76 0.43307625
76 74 0.00226987
76 78 0.00701198
76 75 0.00658434
45 45 0.09553718
153 153 0.56083717
153 147 0.01054221
153 148 0.00127357
125 119 0.00074577
125 125 0.50509323
120 117 0.00119816
120 116 0.01633958
120 114 0.02329718
120 120 0.86953397
120 115 0.00535196
115 111 0.05887362
115 112 0.00418053
115 115 0.53179259
115 116 0.00206100
115 113 0.00083923
115 110 0.00108722
115 109 0.00085406
34 35 0.03761740
34 34 0.35069025
33 33 0.19943032
106 107 0.00685545
106 105 0.00082895
106 104 0.00138074
106 108 0.00663271
106 106 0.45873708
106 102 0.00514285
101 102 0.01742226
101 99 0.00237647
101 104 0.01685766
101 97 0.06454838
101 101 0.67330083
101 103 0.02988040
116 116 0.37244685
116 110 0.01200596
116 113 0.00386197
116 117 0.00118332
116 112 0.05456644
116 111 0.00095701
19 19 0.41836533
19 20 0.00081740
19 21 0.00220471
131 125 0.07836863
131 131 0.87699110
131 128 0.00900150
131 132 0.00616369
131 130 0.00337810
126 126 0.42203674
126 120 0.03372260
69 69 0.28210576
69 70 0.01136545
69 68 0.00231589
69 71 0.00307756
133 134 0.01158108
133 127 0.03372654
133 133 0.40141431
133 132 0.00640226
68 67 0.00120568
68 69 0.01184759
68 70 0.00215912
68 68 0.15425890
2 2 0.83648472
2 3 0.00170348
2 4 0.00106026
111 108 0.00239274
111 112 0.01066230
111 111 0.74101964
111 109 0.00078270
111 107 0.00301233
111 113 0.00376284
111 110 0.00454841
112 109 0.00074380
112 113 0.00708438
112 110 0.00170392
112 114 0.00084598
112 108 0.07366135
112 111 0.00274349
112 112 0.76980048
44 44 0.34926279
17 15 0.00125934
17 17 0.65065127
17 18 0.00221440
17 19 0.00815262
72 71 0.01830070
72 72 0.43574926
72 73 0.00121374
95 91 0.00943578
95 96 0.00131576
95 93 0.02637157
95 95 0.39899576
95 97 0.01378872
95 94 0.00073008
148 149 0.00050217
148 142 0.01408661
148 147 0.01484734
148 148 0.48757572
137 134 0.00071526
137 138 0.02907782
137 131 0.07508638
137 136 0.02149164
137 137 0.43315550
137 135 0.00063556
6 6 0.45357048
6 8 0.00098016
73 73 0.63053921
73 72 0.00391464
73 71 0.00402321
42 42 0.74301759
147 148 0.00304045
147 147 0.25011699
147 146 0.00917166
147 141 0.04105394
26 26 0.58657290
26 25 0.02242442
26 27 0.00075170
143 137 0.07724596
143 144 0.02223800
143 142 0.01933401
143 139 0.00054377
143 141 0.00087771
143 140 0.00063780
143 143 0.49386024
145 146 0.02065185
145 142 0.00073434
145 144 0.01942987
145 145 0.73987576
145 139 0.05550459
145 141 0.00057388
54 54 0.37284984
35 34 0.02914017
35 35 0.76541923
35 36 0.02936608
84 84 0.64970318
84 83 0.00266845
84 85 0.00284331
84 80 0.02846905
84 82 0.01053603
82 84 0.00249707
82 83 0.01944743
82 81 0.00684657
82 80 0.02812918
82 79 0.00160779
82 78 0.00141791
82 82 0.35320246
21 22 0.00198465
21 20 0.00052508
21 23 0.00389572
21 21 0.52776951
12 13 0.00082320
12 12 0.58108606
12 14 0.02035305
70 71 0.00715154
70 69 0.00727072
70 72 0.00406662
70 70 0.27655553
117 117 0.55032097
117 118 0.00101956
117 113 0.05079150
117 114 0.00090445
117 111 0.00119934
117 112 0.00283696
46 46 0.33204873
58 59 0.00125939
58 58 0.97443518
132 132 0.34821849
132 129 0.00487406
132 126 0.00182010
132 131 0.00387098
132 133 0.00869182
51 51 0.80577370
5 3 0.00117762
5 5 0.25804828
5 7 0.01005535
24 24 0.35372535
24 23 0.00214345
135 134 0.01283391
135 135 0.31276397
135 136 0.02412900
135 129 0.02510258
110 109 0.00106390
110 110 0.37299116
110 113 0.00075792
110 106 0.02750552
110 108 0.00059135
110 112 0.00673943
110 111 0.01309201
55 56 0.00054453
55 55 0.37302971
99 102 0.00579286
99 98 0.00069279
99 100 0.00726780
99 99 0.71886240
99 96 0.00112947
99 95 0.03046528
99 97 0.02722031
99 101 0.00209988
100 102 0.02870290
100 100 0.68677233
100 98 0.00272162
100 96 0.03081689
100 101 0.00838418
100 103 0.00881060
127 128 0.00191718
127 127 0.35990523
127 124 0.00488202
127 121 0.00181937
8 10 0.01243705
8 8 0.30831216
139 133 0.07663872
139 140 0.02684418
139 139 0.82257673
139 138 0.02300412
139 137 0.00094197
61 61 0.97885434
61 62 0.00340882
61 60 0.00114266
64 65 0.00301690
64 64 0.19415457
80 82 0.00385065
80 78 0.02272315
80 80 0.59988968
80 79 0.00967325
80 76 0.00271063
80 77 0.00812780
80 81 0.04485966
77 74 0.00173647
77 79 0.00789746
77 73 0.00205059
77 76 0.00269606
77 77 0.69509463
77 75 0.00392543
77 78 0.02600055
49 49 0.97551865
57 57 0.52639499
57 58 0.00096373
36 37 0.01557391
36 35 0.04122482
36 36 0.55635093
122 122 0.48609695
122 116 0.05556914
122 119 0.00120043
75 75 0.24607281
75 76 0.00768051
75 77 0.00382072
75 73 0.00247573
75 74 0.00170718
39 38 0.02638485
39 40 0.00922459
39 39 0.81904445
37 36 0.00260687
37 38 0.01511303
37 37 0.44543610
48 48 0.97526772
128 125 0.00900707
128 129 0.00327001
128 128 0.88147834
128 122 0.07835872
128 127 0.00173632
41 41 0.34356270
94 95 0.00096617
94 94 0.36405838
94 92 0.02650148
94 90 0.01395510
94 96 0.03300927
94 93 0.00082757
