45 45 0.31648900
100 100 0.19455600
31 33 0.00137672
31 30 0.04709000
31 31 0.79728900
31 32 0.04081740
54 54 0.97557800
106 106 0.69075600
38 39 0.01130190
38 37 0.00656276
38 38 0.79978100
16 13 0.00055776
16 18 0.09806170
16 16 0.81396600
16 17 0.02042620
16 15 0.00102156
55 55 0.87773100
104 104 0.53493400
69 70 0.08484850
69 69 0.70082400
69 67 0.10816300
69 65 0.02670450
69 66 0.00405950
81 78 0.00085876
81 79 0.00411701
81 77 0.03140230
81 80 0.00982898
81 81 0.69596200
81 82 0.10386300
72 70 0.01852530
72 71 0.00077947
72 68 0.08086630
72 72 0.68876700
72 73 0.10030400
21 23 0.10531000
21 22 0.00367608
21 21 0.29980500
21 20 0.00802902
2 2 0.99805500
65 63 0.00764094
65 61 0.01700200
65 64 0.00251922
65 65 0.77083000
65 66 0.01804300
53 53 0.97662100
26 26 0.14069300
26 24 0.00051580
26 28 0.00378551
42 41 0.00255564
42 42 0.91033500
42 44 0.00102131
14 11 0.00531027
14 14 0.81959900
14 16 0.02574790
14 15 0.01571600
58 54 0.00116356
58 58 0.81316200
89 86 0.00519437
89 85 0.15483400
89 89 0.69667000
89 88 0.02108580
89 90 0.10267100
89 87 0.00297480
10 12 0.01064410
10 10 0.88875700
10 11 0.00263350
90 91 0.07941660
90 89 0.01971260
90 88 0.00253062
90 86 0.14051300
90 90 0.71614600
90 87 0.00815391
101 101 0.53488400
111 111 0.99975700
115 115 0.41904200
4 4 0.98541700
56 56 0.91148800
77 78 0.09353860
77 73 0.11695400
77 77 0.65749800
94 92 0.00058477
94 91 0.00561510
94 93 0.00379699
94 90 0.00149926
94 94 0.88459300
94 95 0.00185692
6 6 0.59693500
70 66 0.04969570
70 67 0.00275998
70 68 0.06955410
70 70 0.69565100
70 71 0.08949980
117 117 0.53488100
28 28 0.74811900
28 30 0.01681900
28 25 0.00123003
28 27 0.00109007
28 29 0.04288010
113 113 0.71340600
5 5 0.96927800
88 87 0.01840710
88 84 0.06955850
88 89 0.10869300
88 88 0.69398000
88 85 0.00472621
88 86 0.00204490
19 20 0.01128300
19 18 0.00082296
19 21 0.10639300
19 19 0.59548100
19 17 0.00076684
19 16 0.00052997
109 109 0.99981800
59 60 0.00060049
59 55 0.00211120
59 59 0.96699900
91 87 0.06981570
91 90 0.03311840
91 89 0.00185846
91 92 0.05516660
91 88 0.02170990
91 91 0.78376500
80 76 0.05896790
80 80 0.70007300
80 81 0.10106100
80 77 0.00077103
80 79 0.00678439
80 78 0.00553259
75 73 0.00140034
75 75 0.70510100
75 71 0.12349900
75 76 0.09462360
122 122 0.97525100
3 3 0.98763100
82 82 0.69329100
82 81 0.01183820
82 80 0.00403876
82 79 0.00121569
82 83 0.10747100
82 78 0.17010400
52 52 0.93861300
74 73 0.00074656
74 74 0.69585500
74 72 0.00781751
74 75 0.09721540
74 70 0.06906320
92 91 0.04794230
92 93 0.01507830
92 92 0.81569700
92 88 0.03221770
92 89 0.03415600
92 90 0.00241986
87 88 0.10727600
87 86 0.01658240
87 85 0.00169108
87 83 0.06929220
87 84 0.00470842
87 87 0.69443500
27 28 0.00114785
27 27 0.68815900
27 29 0.06734830
27 24 0.00598560
103 103 0.41904100
15 14 0.00069706
15 16 0.01485670
15 17 0.01814630
15 15 0.81977900
15 12 0.00082678
99 99 0.19619700
11 11 0.83686900
11 13 0.06533420
11 12 0.03337510
76 76 0.57684700
76 75 0.00055136
76 72 0.07119010
76 77 0.09280800
18 20 0.10997800
18 18 0.76023000
18 15 0.00059279
18 19 0.01172710
18 17 0.00080683
18 16 0.00087055
105 105 0.85622500
63 59 0.01668400
63 63 0.77942100
63 61 0.05997530
63 64 0.00986845
63 62 0.00193236
34 33 0.00821270
34 35 0.00082218
34 34 0.68252700
35 34 0.03022380
35 35 0.69022900
35 36 0.00884870
123 123 0.98455700
37 38 0.01420840
37 37 0.65299800
37 36 0.00457230
60 60 0.95790700
60 61 0.00087127
60 59 0.00146784
60 56 0.00885807
66 66 0.76683200
66 65 0.00265342
66 64 0.11131800
66 62 0.01703500
66 67 0.02215390
7 7 0.77417800
7 9 0.00078591
118 118 0.19455200
62 63 0.00627207
62 61 0.00612865
62 60 0.00911230
62 58 0.01645560
62 62 0.79107000
44 44 0.97719500
44 45 0.00051568
43 45 0.00093278
43 43 0.86135900
48 48 0.74442400
8 8 0.91362000
8 9 0.00377006
8 10 0.00222146
46 46 0.19967300
97 96 0.00082462
97 97 0.97602700
17 18 0.01579960
17 20 0.00050170
17 14 0.00069301
17 16 0.00076307
17 17 0.81657400
17 19 0.08069280
93 91 0.00118653
93 93 0.87027700
93 92 0.07650160
93 89 0.00556850
93 94 0.00870182
93 90 0.02083870
67 63 0.01709290
67 66 0.00221923
67 65 0.06075530
67 67 0.76184100
67 68 0.02620160
57 57 0.79959500
23 23 0.69604200
23 24 0.00446894
23 22 0.00130829
23 25 0.00438242
121 121 0.90132600
114 114 0.53493800
124 124 0.91418100
50 50 0.87854200
1 1 0.99837300
29 28 0.01969400
29 31 0.00990566
29 29 0.72477600
29 30 0.04155980
112 112 0.33330500
41 40 0.00470999
41 42 0.00165329
41 41 0.76381700
51 51 0.94310000
20 21 0.00528267
20 22 0.10484800
20 19 0.00161740
20 20 0.59509800
20 18 0.00061738
13 15 0.12064500
13 14 0.00856488
13 13 0.55010000
13 10 0.00423063
110 110 0.99981200
85 81 0.13780600
85 85 0.68823400
85 86 0.10613800
85 82 0.00307979
85 83 0.00253897
85 84 0.01770050
64 62 0.01383290
64 63 0.00152841
64 65 0.01392000
64 60 0.01684770
64 64 0.77472600
22 23 0.00529986
22 24 0.08161030
22 21 0.01478320
22 22 0.15673300
9 10 0.00201062
9 11 0.00390960
9 9 0.90961800
33 32 0.00528222
33 33 0.25427700
33 34 0.00111955
120 120 0.11587300
25 24 0.00478092
25 26 0.00530637
25 25 0.70802600
25 27 0.00809115
107 107 0.49933500
86 87 0.10618000
86 83 0.00302838
86 84 0.00164353
86 82 0.14047200
86 85 0.01639630
86 86 0.69631000
73 73 0.69116800
73 74 0.09891570
73 69 0.11315500
73 71 0.01143950
73 72 0.00084888
24 26 0.12103000
24 25 0.00650209
24 23 0.00313076
24 24 0.76837200
30 32 0.00256139
30 31 0.04143150
30 30 0.82178500
30 29 0.03838590
119 119 0.19621800
47 47 0.86857200
102 102 0.46834800
83 79 0.16963800
83 83 0.68671500
83 84 0.11305200
83 82 0.01245330
83 80 0.00150774
83 81 0.00400378
78 74 0.00543520
78 79 0.01348770
78 78 0.13360100
108 108 0.99959800
79 79 0.13085900
79 78 0.00101736
79 75 0.13994500
79 80 0.01399520
96 96 0.89449700
96 95 0.00645481
40 39 0.01918670
40 40 0.72853100
40 41 0.00211938
71 67 0.07587770
71 71 0.69156100
71 69 0.04273860
71 72 0.09415530
71 68 0.00054334
39 38 0.01692050
39 40 0.00659528
39 39 0.41998700
36 35 0.08097650
36 36 0.25872800
36 37 0.00685978
84 80 0.12923300
84 81 0.00319489
84 85 0.11132900
84 82 0.00442018
84 84 0.68501300
84 83 0.01425680
116 116 0.46834800
68 68 0.75178700
68 69 0.03511250
68 67 0.00112581
68 66 0.13111400
68 65 0.00094233
68 64 0.01786620
32 33 0.04074840
32 32 0.80160800
32 31 0.07868190
61 59 0.00120525
61 57 0.01566150
61 61 0.90099800
61 60 0.00212390
61 62 0.00264355
95 94 0.04092880
95 95 0.93199500
95 92 0.00084050
95 96 0.00077379
12 12 0.75383000
12 9 0.00060649
12 13 0.02116350
12 14 0.09167130
49 49 0.92889600
98 98 0.11576600
