95 96 0.00645481
95 94 0.00185692
95 95 0.93199500
12 11 0.03337510
12 10 0.01064410
12 12 0.75383000
12 15 0.00082678
61 62 0.00612865
61 63 0.05997530
61 65 0.01700200
61 60 0.00087127
61 61 0.90099800
98 98 0.11576600
49 49 0.92889600
68 67 0.02620160
68 72 0.08086630
68 68 0.75178700
68 71 0.00054334
68 70 0.06955410
32 30 0.00256139
32 33 0.00528222
32 31 0.04081740
32 32 0.80160800
84 87 0.00470842
84 84 0.68501300
84 83 0.11305200
84 85 0.01770050
84 86 0.00164353
84 88 0.06955850
36 36 0.25872800
36 37 0.00457230
36 35 0.00884870
116 116 0.46834800
39 38 0.01130190
39 39 0.41998700
39 40 0.01918670
71 73 0.01143950
71 75 0.12349900
71 72 0.00077947
71 70 0.08949980
71 71 0.69156100
40 40 0.72853100
40 39 0.00659528
40 41 0.00470999
96 95 0.00077379
96 97 0.00082462
96 96 0.89449700
47 47 0.86857200
78 79 0.00101736
78 78 0.13360100
78 82 0.17010400
78 77 0.09353860
78 81 0.00085876
78 80 0.00553259
102 102 0.46834800
83 82 0.10747100
83 86 0.00302838
83 85 0.00253897
83 83 0.68671500
83 84 0.01425680
83 87 0.06929220
119 119 0.19621800
108 108 0.99959800
79 79 0.13085900
79 83 0.16963800
79 78 0.01348770
79 82 0.00121569
79 80 0.00678439
79 81 0.00411701
73 77 0.11695400
73 72 0.10030400
73 75 0.00140034
73 74 0.00074656
73 73 0.69116800
24 27 0.00598560
24 25 0.00478092
24 26 0.00051580
24 22 0.08161030
24 23 0.00446894
24 24 0.76837200
30 31 0.04709000
30 28 0.01681900
30 30 0.82178500
30 29 0.04155980
86 88 0.00204490
86 89 0.00519437
86 86 0.69631000
86 85 0.10613800
86 87 0.01658240
86 90 0.14051300
107 107 0.49933500
9 8 0.00377006
9 12 0.00060649
9 9 0.90961800
9 7 0.00078591
120 120 0.11587300
33 33 0.25427700
33 34 0.00821270
33 31 0.00137672
33 32 0.04074840
64 65 0.00251922
64 66 0.11131800
64 64 0.77472600
64 63 0.00986845
64 68 0.01786620
22 20 0.10484800
22 23 0.00130829
22 22 0.15673300
22 21 0.00367608
25 25 0.70802600
25 23 0.00438242
25 24 0.00650209
25 28 0.00123003
13 11 0.06533420
13 13 0.55010000
13 16 0.00055776
13 12 0.02116350
20 19 0.01128300
20 17 0.00050170
20 21 0.00802902
20 18 0.10997800
20 20 0.59509800
85 87 0.00169108
85 84 0.11132900
85 86 0.01639630
85 85 0.68823400
85 89 0.15483400
85 88 0.00472621
110 110 0.99981200
29 28 0.04288010
29 29 0.72477600
29 27 0.06734830
29 30 0.03838590
112 112 0.33330500
41 42 0.00255564
41 41 0.76381700
41 40 0.00211938
51 51 0.94310000
1 1 0.99837300
23 24 0.00313076
23 23 0.69604200
23 22 0.00529986
23 21 0.10531000
114 114 0.53493800
121 121 0.90132600
57 61 0.01566150
57 57 0.79959500
50 50 0.87854200
124 124 0.91418100
93 92 0.01507830
93 93 0.87027700
93 94 0.00379699
67 66 0.02215390
67 67 0.76184100
67 71 0.07587770
67 69 0.10816300
67 70 0.00275998
67 68 0.00112581
46 46 0.19967300
97 97 0.97602700
8 8 0.91362000
17 18 0.00080683
17 15 0.01814630
17 16 0.02042620
17 17 0.81657400
17 19 0.00076684
118 118 0.19455200
44 44 0.97719500
44 42 0.00102131
62 62 0.79107000
62 63 0.00193236
62 61 0.00264355
62 64 0.01383290
62 66 0.01703500
48 48 0.74442400
43 43 0.86135900
66 66 0.76683200
66 65 0.01804300
66 68 0.13111400
66 70 0.04969570
66 69 0.00405950
66 67 0.00221923
37 37 0.65299800
37 36 0.00685978
37 38 0.00656276
60 59 0.00060049
60 64 0.01684770
60 61 0.00212390
60 60 0.95790700
60 62 0.00911230
123 123 0.98455700
7 7 0.77417800
35 34 0.00082218
35 35 0.69022900
35 36 0.08097650
63 63 0.77942100
63 64 0.00152841
63 65 0.00764094
63 67 0.01709290
63 62 0.00627207
34 33 0.00111955
34 35 0.03022380
34 34 0.68252700
99 99 0.19619700
11 9 0.00390960
11 14 0.00531027
11 11 0.83686900
11 10 0.00263350
105 105 0.85622500
76 76 0.57684700
76 80 0.05896790
76 75 0.09462360
18 16 0.09806170
18 17 0.01579960
18 19 0.00082296
18 20 0.00061738
18 18 0.76023000
15 15 0.81977900
15 16 0.00102156
15 13 0.12064500
15 14 0.01571600
15 18 0.00059279
87 90 0.00815391
87 87 0.69443500
87 91 0.06981570
87 86 0.10618000
87 89 0.00297480
87 88 0.01840710
103 103 0.41904100
27 28 0.00109007
27 27 0.68815900
27 25 0.00809115
80 79 0.01399520
80 84 0.12923300
80 83 0.00150774
80 82 0.00403876
80 80 0.70007300
80 81 0.00982898
3 3 0.98763100
122 122 0.97525100
75 76 0.00055136
75 74 0.09721540
75 75 0.70510100
75 79 0.13994500
91 90 0.07941660
91 94 0.00561510
91 93 0.00118653
91 91 0.78376500
91 92 0.04794230
82 85 0.00307979
82 86 0.14047200
82 82 0.69329100
82 81 0.10386300
82 83 0.01245330
82 84 0.00442018
52 52 0.93861300
74 73 0.09891570
74 78 0.00543520
74 74 0.69585500
92 94 0.00058477
92 95 0.00084050
92 92 0.81569700
92 93 0.07650160
92 91 0.05516660
19 17 0.08069280
19 19 0.59548100
19 18 0.01172710
19 20 0.00161740
59 59 0.96699900
59 63 0.01668400
59 60 0.00146784
59 61 0.00120525
109 109 0.99981800
113 113 0.71340600
28 29 0.01969400
28 27 0.00114785
28 26 0.00378551
28 28 0.74811900
117 117 0.53488100
70 74 0.06906320
70 69 0.08484850
70 70 0.69565100
70 72 0.01852530
88 91 0.02170990
88 92 0.03221770
88 88 0.69398000
88 89 0.02108580
88 90 0.00253062
88 87 0.10727600
5 5 0.96927800
94 93 0.00870182
94 95 0.04092880
94 94 0.88459300
6 6 0.59693500
56 56 0.91148800
56 60 0.00885807
77 80 0.00077103
77 81 0.03140230
77 77 0.65749800
77 76 0.09280800
4 4 0.98541700
90 92 0.00241986
90 89 0.10267100
90 93 0.02083870
90 91 0.03311840
90 90 0.71614600
90 94 0.00149926
111 111 0.99975700
101 101 0.53488400
115 115 0.41904200
14 14 0.81959900
14 13 0.00856488
14 12 0.09167130
14 17 0.00069301
14 15 0.00069706
58 62 0.01645560
58 58 0.81316200
10 10 0.88875700
10 13 0.00423063
10 8 0.00222146
10 9 0.00201062
89 90 0.01971260
89 89 0.69667000
89 92 0.03415600
89 88 0.10869300
89 91 0.00185846
89 93 0.00556850
65 64 0.01392000
65 65 0.77083000
65 66 0.00265342
65 67 0.06075530
65 69 0.02670450
65 68 0.00094233
53 53 0.97662100
21 20 0.00528267
21 19 0.10639300
21 22 0.01478320
21 21 0.29980500
2 2 0.99805500
42 41 0.00165329
42 42 0.91033500
26 25 0.00530637
26 26 0.14069300
26 24 0.12103000
81 85 0.13780600
81 82 0.01183820
81 81 0.69596200
81 80 0.10106100
81 84 0.00319489
81 83 0.00400378
72 76 0.07119010
72 74 0.00781751
72 72 0.68876700
72 71 0.09415530
72 73 0.00084888
69 71 0.04273860
69 69 0.70082400
69 68 0.03511250
69 73 0.11315500
38 39 0.01692050
38 37 0.01420840
38 38 0.79978100
54 58 0.00116356
54 54 0.97557800
106 106 0.69075600
104 104 0.53493400
55 59 0.00211120
55 55 0.87773100
16 19 0.00052997
16 17 0.00076307
16 16 0.81396600
16 15 0.01485670
16 18 0.00087055
16 14 0.02574790
100 100 0.19455600
31 31 0.79728900
31 32 0.07868190
31 29 0.00990566
31 30 0.04143150
45 44 0.00051568
45 43 0.00093278
45 45 0.31648900
