9 139 9 139 0.03679900
9 135 9 135 0.00093135
52 61 52 61 0.11002333
52 56 52 56 0.00503493
52 143 52 143 0.00259955
75 131 75 131 0.01339287
75 132 75 132 0.24848848
34 55 34 55 0.00208274
34 46 34 46 0.00422141
34 40 34 40 0.10724000
60 134 60 134 0.04496500
55 70 55 70 0.01890949
55 141 55 141 0.12061708
55 64 55 64 0.00409083
8 140 8 140 0.04685433
8 136 8 136 0.00117700
8 139 8 139 0.01781960
58 138 58 138 0.17806187
6 145 6 145 0.00070089
6 47 6 47 0.00390717
6 141 6 141 0.08471464
6 138 6 138 0.00156061
6 13 6 13 0.45028214
62 135 62 135 0.02068693
62 136 62 136 0.00754520
62 69 62 69 0.01349536
62 67 62 67 0.06501200
11 136 11 136 0.04559300
7 12 7 12 0.12399448
7 141 7 141 0.02909170
7 137 7 137 0.00182039
18 47 18 47 0.01097985
18 41 18 41 0.00833060
81 126 81 123 0.01269196
81 126 81 126 0.27248782
81 126 81 125 0.00460891
40 49 40 49 0.01256033
84 123 85 120 0.02764223
84 123 84 123 0.18646927
84 123 84 121 0.01101327
38 53 38 53 0.00141968
38 51 38 51 0.00620173
4 154 4 154 0.01751607
4 143 4 143 0.25322231
59 137 59 137 0.17388328
100 106 100 106 0.29289200
98 108 97 109 0.00066980
98 108 98 108 0.48191385
61 135 61 135 0.03477692
61 135 61 133 0.00105603
61 136 61 136 0.02440096
61 68 61 68 0.10216733
61 133 61 133 0.01365390
61 66 61 66 0.01346347
61 72 61 72 0.00145973
51 145 51 145 0.00487073
51 62 51 62 0.03525060
51 57 51 57 0.00450147
51 56 51 56 0.00386165
78 129 78 129 0.28808240
78 128 78 128 0.00294236
79 128 79 128 0.37583853
42 47 42 47 0.03983500
90 117 90 117 0.11453857
63 135 63 135 0.01101000
85 122 86 119 0.05106424
85 122 85 120 0.05434715
85 122 85 122 0.17660364
85 122 85 119 0.03328753
74 134 74 134 0.01048229
74 132 74 132 0.03213276
48 143 48 143 0.00125079
48 56 48 56 0.00442962
12 136 12 136 0.00204492
12 135 12 135 0.04059000
95 111 94 112 0.00057098
95 111 95 111 0.37667095
67 129 67 129 0.00166940
25 45 25 45 0.01939655
35 45 35 45 0.01603438
35 54 35 54 0.00185523
35 39 35 39 0.10632100
27 32 27 32 0.02575313
27 47 27 47 0.01990901
27 38 27 38 0.00684417
37 54 37 54 0.00120008
53 61 53 61 0.10434584
53 143 53 143 0.02220597
96 110 96 110 0.37861805
83 124 84 121 0.05280541
83 124 83 122 0.02007031
83 124 83 124 0.16875891
66 130 66 130 0.00199743
66 137 66 137 0.00132520
28 37 28 37 0.01109037
28 46 28 46 0.03594109
88 119 88 116 0.00446514
88 119 88 117 0.03553656
88 119 89 118 0.00697623
88 119 87 117 0.00584025
65 131 65 131 0.00314246
77 129 77 129 0.01101467
77 130 77 130 0.33067928
24 46 24 46 0.00741651
24 50 24 50 0.00994883
24 40 24 40 0.01041050
41 48 41 48 0.01136530
30 38 30 38 0.00465501
49 144 49 144 0.00490723
49 55 49 55 0.01608087
49 58 49 58 0.00261763
14 47 14 47 0.05608033
14 56 14 56 0.00609813
101 105 101 105 0.39981440
101 105 100 106 0.00069573
1 147 1 147 0.01325693
1 146 1 146 0.15731893
1 149 1 149 0.01028697
1 18 1 18 0.05662200
3 144 3 144 0.20214169
3 155 3 155 0.00475363
50 145 50 145 0.00206034
50 63 50 63 0.03109309
50 54 50 54 0.02025313
50 57 50 57 0.00328818
36 55 36 55 0.00085094
29 45 29 45 0.03224399
76 131 76 131 0.21982446
76 130 76 130 0.01054200
13 48 13 48 0.05382100
13 18 13 18 0.00523747
10 17 10 17 0.00430030
10 137 10 137 0.03771200
47 144 47 144 0.00116395
20 44 20 44 0.01744820
56 65 56 65 0.00057038
56 69 56 69 0.02126379
56 140 56 140 0.18273436
94 112 94 112 0.55741250
80 127 80 124 0.01325728
80 127 80 127 0.32522001
87 120 86 119 0.00075954
69 127 69 127 0.00062786
69 134 69 134 0.05385302
16 54 16 54 0.02758943
16 45 16 45 0.10805000
33 47 33 47 0.01392255
33 41 33 41 0.07429900
33 56 33 56 0.00119410
54 59 54 59 0.01772481
54 60 54 60 0.00726431
54 65 54 65 0.00207748
54 142 54 142 0.09396033
54 71 54 71 0.00232765
5 48 5 48 0.00485030
5 142 5 142 0.19197626
5 10 5 10 0.00613300
5 146 5 146 0.00085618
5 14 5 14 0.12301897
32 42 32 42 0.13664500
32 48 32 48 0.01316923
39 50 39 50 0.00920207
23 41 23 41 0.00859580
23 47 23 47 0.00504839
82 125 83 122 0.04268734
82 125 82 124 0.01939198
70 133 70 133 0.25602959
70 126 70 126 0.00090517
2 145 2 145 0.20451877
2 17 2 17 0.08524412
2 9 2 9 0.00141221
97 109 96 110 0.00066985
97 109 97 109 0.48191187
57 139 57 139 0.16550650
21 39 21 39 0.00363607
68 128 68 128 0.00151193
17 42 17 42 0.03137373
17 48 17 48 0.01295910
17 53 17 53 0.01000147
99 107 98 108 0.00056524
99 107 99 107 0.37863865
89 118 90 116 0.04146763
89 118 88 116 0.01545998
89 118 88 117 0.00089272
89 118 89 115 0.01243322
89 118 89 118 0.16114020
15 46 15 46 0.07481833
15 55 15 55 0.01090167
