105 112 105 112 0.01510017
105 118 105 118 0.00542387
105 118 105 117 0.00081152
105 117 105 117 0.00737610
105 113 105 113 0.09195776
105 114 105 114 0.01887183
105 119 104 119 0.00191378
29 34 27 32 0.33436795
117 122 117 122 0.08920199
108 116 107 115 0.00762100
108 116 108 115 0.00142932
108 116 108 117 0.00072542
66 73 66 73 0.01879893
68 93 68 92 0.00440973
68 93 67 93 0.00152382
116 123 116 123 0.03685941
116 121 116 121 0.02090181
116 121 117 122 0.00267870
112 124 112 124 0.00201470
109 115 108 115 0.00235865
109 115 108 114 0.01326102
109 115 109 115 0.13120367
109 115 109 114 0.00158934
74 85 74 85 0.20191067
74 88 74 88 0.00329907
74 87 74 87 0.00479460
59 102 59 102 0.05668067
115 121 115 122 0.00105855
15 19 15 19 0.01109582
6 16 6 16 0.07628334
5 17 5 17 0.07000034
62 98 62 98 0.31825867
77 85 77 85 0.01058627
77 82 77 82 0.26235400
104 117 104 116 0.00443610
7 15 7 15 0.05454612
101 117 101 117 0.14644061
63 97 63 96 0.00417250
81 93 81 93 0.01789387
65 95 64 95 0.00301228
65 95 65 94 0.00570830
65 74 65 74 0.17894314
67 93 66 93 0.00085606
67 93 67 93 0.08321900
27 36 26 33 0.00563983
27 36 25 34 0.33296416
14 20 14 20 0.02808130
114 122 115 122 0.00051957
114 122 114 122 0.06110934
80 94 80 94 0.04670567
24 39 22 37 0.19707983
24 39 23 36 0.00557883
28 35 27 32 0.00558797
28 35 26 33 0.23626605
2 8 2 8 0.06922555
106 116 106 116 0.02617862
61 100 60 100 0.00204439
61 100 61 100 0.27769867
61 100 61 99 0.00156695
26 37 25 34 0.00533210
26 37 24 35 0.31258336
60 101 60 100 0.00071398
60 101 60 101 0.11010200
71 87 71 87 0.09988100
71 90 70 90 0.00077146
71 90 71 90 0.02602297
12 19 12 19 0.01608980
20 43 19 41 0.01304600
20 43 20 40 0.00470080
20 42 20 40 0.21275733
20 42 18 40 0.01022693
20 42 19 41 0.00052836
20 44 19 41 0.00075842
69 92 69 91 0.00803810
69 92 68 92 0.00363400
79 83 79 83 0.00426853
75 84 75 84 0.12274333
75 86 75 86 0.00290777
82 92 82 92 0.04492733
78 84 78 84 0.00385397
76 83 76 83 0.23087933
76 86 76 86 0.01449050
110 114 109 113 0.01090905
110 114 109 114 0.00090246
110 125 111 125 0.00079397
111 116 111 116 0.00222801
3 7 3 7 0.01243643
13 18 13 18 0.02533262
13 21 13 21 0.00118490
22 41 21 38 0.00254580
22 41 20 40 0.00183364
22 40 21 38 0.00364237
22 40 20 40 0.00066993
22 40 20 38 0.00379667
22 40 22 37 0.00064089
70 88 70 88 0.07735400
70 91 70 91 0.03781033
70 91 70 90 0.00245352
70 91 69 91 0.00155218
64 96 64 95 0.00372013
64 96 64 96 0.28260633
64 96 63 96 0.00211805
64 75 64 75 0.00134003
107 112 107 112 0.01852621
107 117 106 116 0.00285473
107 117 107 118 0.00051022
107 111 107 111 0.01573823
107 114 107 114 0.02442715
107 113 107 113 0.02867763
102 124 102 124 0.01156853
102 116 102 116 0.11985344
21 41 19 41 0.00477937
21 41 21 38 0.00116854
25 38 23 36 0.23575189
25 38 24 35 0.00568510
84 90 84 90 0.02295217
23 40 21 38 0.18237166
23 40 22 37 0.00507470
83 91 83 91 0.01905500
103 117 103 117 0.00805563
8 147 8 148 0.00096907
72 86 72 86 0.10765767
