25 26 0.52812000
25 25 0.41108300
149 150 0.00054110
149 148 0.00054827
149 149 0.23809600
102 103 0.00078471
102 102 0.63913000
102 104 0.00183871
23 24 0.38192000
23 23 0.08293080
121 121 0.95669300
28 29 0.01553130
28 28 0.14208300
50 50 0.99821100
97 97 0.53509500
118 121 0.00096757
118 120 0.00679197
118 118 0.95024700
118 119 0.00375687
38 38 0.71765200
38 39 0.15303700
63 64 0.05738280
63 63 0.29672200
91 93 0.00103158
91 91 0.96381800
47 47 0.99791500
140 140 0.94491900
140 143 0.00060136
140 144 0.00554160
140 142 0.00080214
140 139 0.01089030
140 141 0.00190336
20 21 0.02499150
20 22 0.00736743
20 20 0.24438500
89 91 0.00721280
89 89 0.94913100
13 14 0.02859490
13 15 0.00114242
13 13 0.90910900
56 56 0.98010100
152 152 0.99463000
141 141 0.94646600
141 143 0.00062207
141 145 0.00528038
141 140 0.01017100
141 142 0.00204860
141 144 0.00065621
90 90 0.95971200
90 92 0.00104037
96 96 0.64308100
85 89 0.00196996
85 85 0.02293360
109 111 0.00177424
109 110 0.01427180
109 109 0.92310600
78 78 0.90886200
78 79 0.00250202
78 80 0.00304684
43 43 0.44126700
93 93 0.06715560
53 53 0.44732100
114 114 0.89171300
114 115 0.00374634
59 59 0.36890400
59 60 0.00093011
103 105 0.00268900
103 103 0.48798700
103 104 0.00674108
136 135 0.00936471
136 136 0.93949900
136 137 0.00467374
136 140 0.00591316
136 138 0.00070437
146 147 0.01015520
146 146 0.91518900
146 145 0.00534851
138 142 0.00589863
138 138 0.94190500
138 137 0.01128910
138 139 0.00242829
154 154 0.96398300
87 87 0.62078900
87 88 0.00054004
27 27 0.14899200
27 28 0.21942900
66 67 0.00504640
66 66 0.06160850
18 18 0.88956800
18 19 0.00919033
18 20 0.03014010
60 61 0.00221787
60 60 0.72515900
129 129 0.95315200
129 130 0.00194941
129 128 0.00130594
15 15 0.89537000
15 17 0.00669337
15 16 0.03295670
52 52 0.38896100
62 62 0.96031300
62 63 0.02014120
123 123 0.95726500
83 84 0.00101763
83 85 0.00067857
83 83 0.69866000
81 85 0.00070537
81 83 0.00122580
81 81 0.24109600
81 84 0.00144209
81 82 0.00059713
67 68 0.17716200
67 67 0.02147540
16 17 0.03790820
16 16 0.89548300
16 18 0.00828560
7 7 0.94200200
7 9 0.00361989
1 1 0.99445800
1 2 0.00221394
1 3 0.00060648
134 137 0.00069186
134 135 0.00440480
134 138 0.00575048
134 133 0.00353675
134 134 0.94612400
88 88 0.94835100
88 90 0.00231956
119 119 0.95111700
119 122 0.00106114
119 120 0.00335260
119 121 0.00599258
113 113 0.88040900
113 114 0.00076295
3 5 0.00322731
3 3 0.98067000
3 4 0.00232033
74 75 0.00113073
74 74 0.27162500
130 129 0.00201820
130 130 0.95268600
130 131 0.00251419
14 16 0.00365825
14 14 0.69681600
14 15 0.00330279
71 72 0.05331450
71 71 0.62791400
11 11 0.91996500
11 12 0.00654050
65 66 0.11358200
65 65 0.67658300
31 32 0.58107200
31 31 0.18700200
79 81 0.00050621
79 80 0.00129199
79 82 0.00184520
79 79 0.72529800
144 148 0.00099564
144 146 0.00061212
144 143 0.00861542
144 145 0.00336776
144 144 0.90136300
22 24 0.00623334
22 22 0.59602000
22 23 0.20007700
34 35 0.40194500
34 34 0.42182300
106 106 0.77429100
106 107 0.00782946
106 108 0.00680027
33 33 0.33118300
33 34 0.00820178
115 117 0.00063228
115 115 0.92861000
115 116 0.00304859
120 120 0.95167000
69 70 0.13797500
69 69 0.22916400
126 126 0.95693600
101 101 0.95145900
116 117 0.00260568
116 116 0.94726700
131 131 0.95161400
131 130 0.00202509
131 132 0.00293670
19 20 0.03318220
19 19 0.46103500
19 21 0.00365987
44 44 0.44498500
2 2 0.99010400
2 3 0.00403239
2 4 0.00132617
68 68 0.02214260
68 69 0.13496800
111 111 0.92489700
111 112 0.00458176
112 112 0.80588500
112 113 0.00105901
133 133 0.94979200
133 132 0.00291800
133 134 0.00394440
42 42 0.98006700
73 73 0.90564500
73 74 0.02342730
147 148 0.00722086
147 147 0.95504100
147 146 0.00494721
148 148 0.96546700
148 149 0.00367609
148 147 0.00068024
137 139 0.00058555
137 141 0.00577136
137 137 0.94013600
137 136 0.01184320
137 138 0.00369768
6 6 0.96026500
6 8 0.00256225
72 73 0.03841930
72 72 0.03415470
95 95 0.71756400
17 17 0.88787700
17 18 0.03488360
17 19 0.00073686
29 29 0.18346000
29 30 0.01517730
92 92 0.63646900
92 94 0.00053554
98 98 0.42554000
124 124 0.95723600
150 150 0.81342600
9 10 0.00122426
9 9 0.93893700
9 11 0.00251431
105 107 0.00161645
105 105 0.45573400
105 106 0.00760274
40 41 0.00092860
40 40 0.92785600
107 109 0.00121121
107 107 0.20760300
107 108 0.00972732
104 104 0.95097100
104 105 0.00785731
104 106 0.00318961
151 151 0.49761100
4 4 0.97312000
4 6 0.00528159
4 5 0.00085776
30 31 0.05268240
30 30 0.01205010
142 146 0.00517150
142 145 0.00071623
142 143 0.00323699
142 144 0.00053483
142 142 0.94653100
142 141 0.00916134
108 109 0.01423140
108 108 0.93485500
108 110 0.00117888
32 32 0.23154200
32 33 0.24499300
10 10 0.92167900
10 12 0.00202332
10 11 0.00710249
125 125 0.95699200
153 153 0.48667300
76 79 0.00089226
76 78 0.00205914
76 76 0.38585100
76 77 0.00435592
45 45 0.44730900
86 86 0.05101030
86 90 0.00180374
139 138 0.01073160
139 140 0.00210666
139 143 0.00557639
139 139 0.94462900
61 61 0.97517900
61 62 0.00532786
8 10 0.00372244
8 8 0.94045000
127 128 0.00088064
127 127 0.95587000
100 100 0.95153300
55 55 0.44125100
99 99 0.76978900
57 57 0.02143090
36 36 0.09879520
36 37 0.18371800
77 77 0.89648400
77 78 0.00519808
77 80 0.00135840
77 79 0.00309131
49 49 0.99815600
64 64 0.32535400
64 65 0.13969900
80 82 0.00178227
80 80 0.34688000
80 81 0.00060215
80 83 0.00197558
80 84 0.00053303
39 39 0.82270300
39 40 0.04802120
37 37 0.69288700
37 38 0.22233200
75 78 0.00087013
75 77 0.00213732
75 76 0.00428426
75 75 0.12778200
122 122 0.95716000
94 94 0.04011150
41 41 0.01249070
48 48 0.99782900
128 129 0.00144525
128 128 0.95442500
128 127 0.00052889
54 54 0.44498300
143 147 0.00403624
143 144 0.00412541
143 142 0.00877447
143 143 0.94599900
143 145 0.00052638
145 145 0.94887200
145 146 0.00257601
145 144 0.00629044
26 26 0.07543210
26 27 0.00947125
84 88 0.00500919
84 84 0.94148100
35 35 0.48005600
35 36 0.30104100
35 37 0.00076678
21 21 0.16125800
21 22 0.05350450
21 23 0.00852609
82 82 0.80462500
82 83 0.00102274
82 85 0.00054374
82 84 0.00122100
110 110 0.92373500
110 111 0.01382400
110 112 0.00050348
135 136 0.00549004
135 139 0.00589321
135 135 0.94202300
135 134 0.00648910
24 25 0.01707550
24 24 0.46731500
5 5 0.93242400
5 7 0.01186930
132 131 0.00250295
132 132 0.95071500
132 133 0.00334399
51 51 0.99839600
12 12 0.91426900
12 14 0.00071323
12 13 0.01119800
117 119 0.00338291
117 118 0.00147511
117 117 0.94864300
117 120 0.00062978
70 71 0.03527550
70 70 0.02806550
58 58 0.96524000
58 59 0.00063478
46 46 0.38888600
