91 91 0.40281400
91 93 0.18961100
47 47 0.95288600
20 20 0.95136400
140 140 0.93107600
140 141 0.00459084
140 139 0.02940910
13 13 0.95155400
89 89 0.03793390
89 91 0.33108200
25 23 0.00218645
25 25 0.95447100
149 149 0.97036700
149 148 0.00168818
28 26 0.00053403
28 28 0.95808800
28 27 0.00203279
121 121 0.96516600
23 23 0.95296200
23 21 0.00063315
102 102 0.26476900
102 105 0.00052548
102 101 0.23584700
102 103 0.00482572
102 104 0.29455600
97 96 0.02468620
97 99 0.35543800
97 100 0.00096750
97 97 0.53448100
50 50 0.95288100
63 63 0.95232200
38 38 0.93450100
38 37 0.00096894
118 119 0.00090135
118 117 0.00198657
118 118 0.96241500
93 94 0.00099975
93 95 0.36015100
93 93 0.51070100
93 96 0.00102890
93 92 0.02311500
43 43 0.95224700
43 42 0.00067864
78 78 0.90917400
78 77 0.00054658
78 79 0.05777270
78 80 0.00753380
114 113 0.01457930
114 115 0.00069937
114 114 0.94989700
53 53 0.95296800
136 137 0.00363106
136 136 0.90379100
136 135 0.05424890
103 104 0.00634203
103 103 0.17620300
103 105 0.04209390
103 102 0.35322400
59 59 0.95263400
138 138 0.90775200
138 137 0.05365510
138 139 0.00312332
146 146 0.95995000
146 147 0.00126595
146 145 0.00285779
90 92 0.29529000
90 90 0.18635600
96 96 0.08775600
96 98 0.36140700
96 99 0.00163247
96 95 0.01453320
56 56 0.95264800
152 152 0.09216570
141 142 0.00480373
141 141 0.95181700
141 140 0.00851980
85 87 0.00712235
85 85 0.03022900
85 84 0.00197063
85 86 0.01886060
109 111 0.00262162
109 108 0.35578800
109 109 0.60447300
109 110 0.00059383
52 52 0.95296800
62 62 0.95241400
67 68 0.00786234
67 67 0.94412200
67 69 0.00053350
81 83 0.23259000
81 81 0.63524400
81 80 0.00068389
81 82 0.02238370
83 82 0.00408989
83 83 0.51209000
83 85 0.04172210
83 84 0.00302398
123 123 0.96543300
16 16 0.95172700
16 14 0.04349100
27 26 0.00140789
27 25 0.00066328
27 27 0.95755600
87 88 0.00153821
87 87 0.53948600
87 86 0.00055177
87 89 0.04062350
154 154 0.99017300
66 67 0.00283398
66 66 0.94951600
18 18 0.95158700
18 16 0.04349100
15 13 0.04348390
15 15 0.95178200
60 60 0.95251000
129 128 0.00928770
129 129 0.95387600
11 11 0.95148900
11 9 0.01101150
71 71 0.91829400
71 73 0.00054394
71 72 0.03295050
65 65 0.95028300
65 66 0.00205801
22 20 0.01130330
22 22 0.95212300
144 144 0.95521200
144 145 0.00414310
144 143 0.00390076
79 78 0.00075956
79 79 0.89446300
79 80 0.06251390
79 81 0.01720450
31 31 0.78567200
1 1 0.10546200
7 7 0.47795300
7 6 0.00062183
88 88 0.33472100
88 90 0.27999100
134 135 0.00170386
134 133 0.03842960
134 134 0.91232400
113 114 0.00058585
113 112 0.03850140
113 113 0.92506500
3 2 0.00489740
3 1 0.00069932
3 3 0.96193800
119 118 0.00139148
119 119 0.96309300
119 120 0.00082230
14 14 0.95164200
14 12 0.04348750
130 130 0.95213200
130 129 0.01105030
74 74 0.55263500
74 75 0.00067696
111 113 0.00108567
111 110 0.14942600
111 111 0.81216400
111 112 0.00077436
112 113 0.00073083
112 111 0.06237640
112 112 0.90016800
2 2 0.97382500
2 1 0.00058875
68 68 0.93866600
68 69 0.01282620
68 70 0.00069111
44 44 0.95256100
133 133 0.92624900
133 134 0.00072625
133 132 0.02554140
6 6 0.92998600
6 5 0.00225531
137 136 0.05685510
137 137 0.90388300
137 138 0.00343338
148 148 0.96858600
148 147 0.00171503
147 147 0.96159300
147 146 0.00223882
42 42 0.95035900
42 41 0.00250552
73 73 0.02780800
73 74 0.00473230
17 15 0.04349360
17 17 0.95153400
95 98 0.00160674
95 95 0.16025400
95 94 0.00240289
95 97 0.36242000
72 72 0.02761170
72 73 0.02016320
33 33 0.94361500
106 105 0.01590660
106 106 0.46674200
106 108 0.00348120
34 34 0.94351800
120 120 0.96376000
120 119 0.00078712
115 115 0.95372300
115 114 0.01086820
115 116 0.00071464
19 19 0.95134500
19 17 0.04348720
131 131 0.95040000
131 130 0.01279820
116 115 0.00711054
116 117 0.00102721
116 116 0.95710500
101 104 0.00148611
101 101 0.38244800
101 103 0.33024700
101 102 0.00095376
101 100 0.11351400
126 126 0.96437800
69 71 0.00084675
69 69 0.93338000
69 70 0.01773990
108 108 0.12095600
108 109 0.00058534
108 107 0.30626800
108 110 0.00205138
10 10 0.95157700
32 32 0.95375400
45 45 0.95284900
76 77 0.01080850
76 76 0.87718600
76 78 0.00248040
125 125 0.96526500
153 153 0.98533200
86 87 0.01904290
86 88 0.26839100
86 85 0.00106727
86 86 0.52273000
92 94 0.31488900
92 93 0.00141025
92 92 0.26760900
92 91 0.00889002
29 29 0.95812200
29 27 0.00199290
29 28 0.00234521
9 9 0.61313000
150 150 0.91831800
150 149 0.00091275
124 124 0.96542300
98 100 0.02446480
98 98 0.15461200
98 99 0.00050544
98 97 0.07266750
98 101 0.00088468
40 39 0.01570450
40 40 0.93712100
107 106 0.09003270
107 108 0.00052360
107 109 0.00276093
107 107 0.11353500
105 106 0.00064370
105 104 0.09395550
105 105 0.44311100
105 107 0.00512878
142 142 0.95459300
142 143 0.00553541
142 141 0.00513259
4 4 0.47602700
4 2 0.00063801
30 28 0.00111222
30 29 0.00313665
30 30 0.79051900
104 103 0.47448100
104 105 0.00249707
104 104 0.19703600
104 106 0.00929877
151 151 0.89444700
37 36 0.00051412
37 37 0.77085200
39 39 0.93529900
39 38 0.01435120
122 122 0.96537900
75 76 0.03941240
75 75 0.51722800
41 41 0.93886900
41 40 0.01391080
94 94 0.38171700
94 97 0.00109797
94 96 0.36969700
94 93 0.00245466
48 48 0.95280600
128 128 0.95551700
128 127 0.00762101
8 6 0.00050390
8 8 0.08829730
61 61 0.95254500
139 138 0.03281360
139 139 0.92885700
139 140 0.00338443
99 101 0.02693210
99 99 0.51036400
99 102 0.00102106
99 98 0.08682860
99 100 0.00074404
55 55 0.95284600
100 99 0.10048300
100 100 0.49764200
100 102 0.36689500
100 103 0.00134195
127 126 0.00103734
127 127 0.95760500
49 49 0.95291400
77 78 0.05193290
77 79 0.00496555
77 77 0.91782200
57 57 0.95256800
36 36 0.77197900
36 35 0.00058445
80 82 0.08688520
80 79 0.00092707
80 80 0.80874000
80 81 0.07825630
80 83 0.00050597
64 65 0.00120173
64 64 0.95137500
21 21 0.95161500
21 19 0.00082915
82 82 0.50304400
82 84 0.01303720
82 81 0.00136752
82 83 0.04117000
24 24 0.95350100
24 22 0.00210198
5 4 0.00071719
5 5 0.53551000
135 134 0.05121900
135 135 0.90667300
135 136 0.00377571
110 111 0.00067900
110 112 0.00192764
110 109 0.17332300
110 110 0.78791700
46 46 0.95289100
58 58 0.95261400
70 71 0.02267150
70 72 0.00069453
70 70 0.92843300
12 10 0.00088888
12 12 0.95152700
117 118 0.00097127
117 117 0.96175300
117 116 0.00257288
51 51 0.95296500
132 131 0.01453670
132 132 0.93918300
132 133 0.00052445
54 54 0.95295100
26 24 0.00226783
26 26 0.95574000
26 25 0.00134931
143 144 0.00589752
143 142 0.00443232
143 143 0.95442900
145 146 0.00233127
145 144 0.00337983
145 145 0.95752200
35 35 0.94333600
84 86 0.00551457
84 84 0.03255120
84 85 0.00444532
84 83 0.00275775
