126 126 0.50337200
69 69 0.34374900
101 101 0.96754200
116 117 0.00480653
116 116 0.97443500
131 131 0.99822800
19 19 0.43919000
115 115 0.97425800
115 116 0.00495659
120 120 0.97836400
34 34 0.58047400
33 33 0.42554300
106 106 0.73931900
72 72 0.34652000
95 95 0.99532700
17 17 0.82056600
42 42 0.99925600
73 73 0.90479700
147 147 0.31810600
137 137 0.97501600
148 148 0.69652600
6 6 0.60237200
133 133 0.53802500
44 44 0.44994800
68 68 0.45509500
2 2 0.99994500
112 112 0.98006500
111 111 0.98022200
104 104 0.95387800
151 151 0.58346700
4 4 0.63427800
30 30 0.99985400
142 142 0.97864000
105 105 0.83067000
107 107 0.98128500
40 40 0.99936000
98 98 0.67453500
124 124 0.40454000
150 150 0.85806900
9 9 0.62215600
29 29 0.45504000
92 92 0.99634600
86 86 0.30997000
125 125 0.93437200
153 153 0.62757600
76 76 0.56595200
45 45 0.45004100
32 32 0.99993700
10 10 0.33439800
108 108 0.87316200
64 64 0.42554200
80 80 0.37125700
36 36 0.50999200
57 57 0.99908600
77 77 0.94497000
49 49 0.99993300
127 127 0.41505100
100 100 0.78929200
55 55 0.44983300
99 99 0.78487500
139 138 0.00133354
139 139 0.97744600
61 61 0.99994200
8 8 0.75632700
48 48 0.99993100
128 128 0.99811200
94 94 0.63288000
41 41 0.08728740
75 75 0.34264700
122 122 0.97894800
39 39 0.99934600
37 37 0.83690900
84 84 0.97453800
35 35 0.73866100
143 143 0.97869000
145 145 0.94333500
26 26 0.02473280
54 54 0.44994600
132 132 0.42466000
51 51 0.99993400
12 12 0.80137800
117 118 0.00402051
117 117 0.97744500
70 70 0.34680300
46 46 0.38851800
58 58 0.99911300
135 135 0.46898300
110 110 0.98015800
24 24 0.58551300
5 5 0.08707740
82 82 0.53251000
21 21 0.87178300
118 118 0.90528300
118 119 0.00336699
38 38 0.55376300
63 63 0.31917100
50 50 0.99993300
97 97 0.60773000
102 102 0.72248300
23 23 0.71181800
121 121 0.97935700
28 28 0.34358300
149 149 0.91783000
25 25 0.35435500
89 89 0.99474900
13 13 0.77249600
140 140 0.97739800
140 139 0.00130524
20 20 0.66238500
91 91 0.88814000
47 47 0.99993000
109 109 0.97990900
85 85 0.69961900
56 56 0.08727390
152 152 0.06271180
141 141 0.97795400
141 140 0.00075132
96 96 0.58783800
90 90 0.99493200
146 146 0.80571000
138 137 0.00117532
138 138 0.97497800
59 59 0.99911900
103 103 0.78788300
136 136 0.51388000
53 53 0.45003900
114 114 0.79839600
114 115 0.00156617
78 78 0.68350700
43 43 0.44984300
93 93 0.26367200
60 60 0.39044400
129 129 0.99815500
15 15 0.61773200
18 18 0.75427900
66 66 0.34976300
154 154 0.70266300
87 87 0.98768500
27 27 0.34634000
16 16 0.84183000
123 123 0.39770300
81 81 0.49413100
83 83 0.92513700
67 67 0.99987400
62 62 0.50999300
52 52 0.38852000
130 130 0.99818300
74 74 0.56700400
14 14 0.78572700
119 120 0.00284683
119 119 0.94076300
3 3 0.70264700
113 114 0.00054000
113 113 0.97990500
134 134 0.99343300
88 88 0.98770100
7 7 0.90931300
1 1 0.99998400
31 31 0.34976900
79 79 0.71368400
144 144 0.92425400
22 22 0.68618100
65 65 0.99985900
71 71 0.02519460
11 11 0.63362800
