6 30 6 30 0.12474116
6 30 6 28 0.00089987
6 30 5 29 0.00145045
6 30 4 30 0.00664221
14 22 14 21 0.38540495
14 22 13 22 0.00491247
48 131 48 131 0.01176470
11 25 10 25 0.00511000
11 25 11 24 0.52697275
47 132 47 132 0.00884197
10 26 10 25 0.59104881
10 26 9 26 0.00444421
10 26 8 26 0.00722524
37 47 37 47 0.03609727
8 28 6 28 0.01566345
8 28 8 27 0.32668174
8 28 7 27 0.00140727
123 128 123 128 0.01567933
142 153 142 153 0.23734106
137 158 137 158 0.18276138
42 129 42 129 0.00552807
42 126 42 126 0.02871080
32 41 32 41 0.00806581
32 38 32 38 0.01556657
7 29 5 29 0.00747015
7 29 7 29 0.12558101
7 29 6 28 0.00220481
39 45 39 45 0.04751281
39 129 39 129 0.04782970
140 155 140 155 0.17869811
122 129 122 129 0.01265992
13 23 13 22 0.32717393
13 23 12 23 0.00370763
31 39 31 39 0.00735304
31 42 31 42 0.00502470
34 39 34 39 0.02098818
12 24 12 23 0.56529349
12 24 11 24 0.00482801
40 44 40 44 0.11482136
40 128 40 128 0.07335012
3 32 3 31 0.00147544
138 157 138 157 0.38733747
15 22 14 21 0.00085904
15 22 15 21 0.01038328
15 19 15 19 0.10848559
136 159 136 159 0.21106603
1 33 1 33 0.14552059
2 32 2 32 0.15841584
119 129 119 129 0.03358948
143 152 143 152 0.12104815
44 123 44 123 0.02844627
44 125 44 125 0.01212831
5 31 5 31 0.10342029
5 31 4 30 0.00112396
5 31 3 31 0.00456014
38 46 38 46 0.04091573
135 160 135 160 0.55319271
45 124 45 124 0.01588299
45 122 45 122 0.04497267
46 121 46 121 0.05041533
144 150 144 150 0.25175897
120 128 120 128 0.02535559
96 101 96 101 0.03817888
43 128 43 128 0.01281209
43 124 43 124 0.04458868
9 27 9 26 0.48246826
9 27 7 27 0.00655181
9 27 8 26 0.00092527
9 27 8 27 0.00230311
145 149 145 149 0.35682808
