71 71 0.99438600
77 77 0.98755500
80 80 0.74100500
148 148 0.99998900
82 82 0.67252200
133 133 0.73257200
97 97 0.29180300
67 67 0.39491300
73 73 0.84606100
140 140 0.99775500
72 72 0.02485790
115 115 0.91185700
24 24 0.92409600
147 147 0.39492400
102 102 0.99994800
30 30 0.40230200
113 113 0.89606600
20 20 0.68609600
134 134 0.66032000
51 51 0.40771100
74 74 0.66388300
2 2 0.91016000
29 29 0.49121000
130 130 0.29318600
110 110 0.99863900
9 9 0.43814200
52 52 0.30434200
27 27 0.36418800
8 8 0.41535000
46 46 0.85385400
1 1 0.93130000
146 146 0.39492400
128 128 0.39492300
40 40 0.60447500
17 17 0.92895900
106 106 0.35898000
118 118 0.47244800
131 131 0.33928700
53 53 0.99995200
127 127 0.39492300
92 92 0.99725500
33 33 0.35744800
149 149 0.34827000
65 65 0.06738730
135 135 0.99867800
10 10 0.98811300
55 55 0.29317600
43 43 0.98146300
4 4 0.37662100
7 7 0.38995800
81 81 0.67260100
61 61 0.99698000
123 123 0.12061000
13 13 0.59335700
137 137 0.99874100
142 142 0.99876500
142 141 0.00081949
57 57 0.12061100
37 37 0.94329500
18 18 0.99319200
90 90 0.06738350
154 154 0.47333400
126 126 0.99998700
88 88 0.39491300
94 94 0.99735700
150 150 0.29042400
70 70 0.39527100
83 83 0.44845900
124 124 0.29042300
96 96 0.99813700
28 28 0.41872600
44 44 0.98152000
155 155 0.97425800
121 121 0.39492300
129 129 0.39492500
47 47 0.49956200
14 14 0.98078800
86 86 0.39491300
144 144 0.29318500
21 21 0.99114600
49 49 0.35886600
76 76 0.55046400
79 79 0.99114700
99 99 0.39492300
15 15 0.92236100
120 120 0.26860300
125 125 0.34826700
108 108 0.38687100
143 143 0.33924000
138 138 0.99878800
122 122 0.29042300
107 107 0.37686300
84 84 0.58246000
75 75 0.98730700
36 36 0.89791500
89 89 0.39489800
111 111 0.56761700
98 98 0.12061500
60 60 0.53683300
103 103 0.30435200
69 69 0.39493600
31 31 0.42966200
63 63 0.99713300
48 48 0.37283600
87 87 0.29042000
85 84 0.00057210
85 85 0.39469600
58 58 0.29184000
132 132 0.96930400
16 16 0.95688000
117 117 0.44986100
38 38 0.78619400
5 5 0.50508100
141 141 0.99780700
141 140 0.00050675
26 26 0.34472800
23 23 0.98838800
42 42 0.98152600
145 145 0.39492200
19 19 0.90448200
56 56 0.39492100
22 22 0.64905100
3 3 0.40701900
32 32 0.67266600
6 6 0.43858100
25 25 0.40195700
59 59 0.99781400
93 93 0.36101800
119 119 0.55794100
152 152 0.29042400
62 62 0.36095000
114 114 0.83062200
41 41 0.95628900
100 100 0.29318300
39 39 0.03257310
112 112 0.03343990
45 45 0.29761800
91 91 0.29376100
78 78 0.98755200
101 101 0.99996900
105 105 0.99987700
136 136 0.99871600
151 151 0.12061400
66 66 0.39489700
116 116 0.87699700
95 95 0.53723300
68 68 0.29042200
104 104 0.40773700
153 153 0.39492300
50 50 0.99990600
139 139 0.36405200
54 54 0.99992300
109 109 0.31412800
11 11 0.64779200
64 64 0.29375600
12 12 0.98983500
35 35 0.42822100
34 34 0.47338400
