45 45 0.97502700
91 91 0.98289400
91 90 0.00095729
101 100 0.00188255
101 101 0.98190500
78 79 0.00429741
78 78 0.97427400
105 105 0.98382800
136 135 0.00761162
136 136 0.98502900
151 151 0.99967300
66 66 0.98390000
116 117 0.00250766
116 116 0.98346400
95 94 0.00112127
95 95 0.98033300
68 68 0.98396600
104 104 0.98369100
153 153 0.99871000
153 154 0.00083277
50 50 0.98323200
50 49 0.00058429
139 138 0.00882693
139 139 0.75301100
54 54 0.98347300
54 53 0.00054494
109 109 0.07460370
11 11 0.90815000
11 12 0.00064454
64 64 0.98372200
12 12 0.99652600
35 35 0.91428000
34 34 0.41104300
141 141 0.98954700
141 140 0.01002690
26 26 0.91579200
23 23 0.64863000
42 42 0.97170900
145 144 0.00407478
145 145 0.99506100
19 19 0.98290500
56 56 0.98403300
22 22 0.67866900
3 3 0.99937100
32 32 0.60654500
25 25 0.92965800
6 6 0.99927100
93 92 0.00061865
93 93 0.98339000
59 59 0.98387400
119 119 0.99747000
152 152 0.99953800
114 114 0.97848100
114 115 0.01219230
62 62 0.98347600
41 41 0.88253000
39 39 0.05976960
100 99 0.01089770
100 100 0.97263900
112 113 0.01215720
112 112 0.97577900
122 122 0.99997000
107 107 0.98377600
84 85 0.00166977
84 84 0.98074200
75 75 0.97790200
75 76 0.00134593
36 36 0.96532000
89 89 0.98396500
111 112 0.00093155
111 111 0.97399300
60 60 0.98360000
98 98 0.96005600
98 97 0.02293160
103 103 0.98379100
69 69 0.98386000
31 31 0.28576000
63 63 0.98369000
48 48 0.89604700
85 85 0.98217200
87 87 0.98400800
58 58 0.98404400
132 131 0.00259548
132 132 0.99568500
16 16 0.91057800
38 38 0.95068900
117 117 0.85501800
117 118 0.00111640
5 5 0.99931800
83 84 0.00313266
83 83 0.97916900
28 28 0.99129200
96 96 0.96253100
96 95 0.00341433
124 124 0.99997700
44 44 0.97181300
155 155 0.99917700
121 121 0.99990100
129 128 0.00052492
129 129 0.99767700
47 47 0.98540500
14 14 0.88030800
86 86 0.98382500
144 143 0.00549938
144 144 0.99384400
49 49 0.98335400
21 21 0.68739800
76 77 0.00226069
76 76 0.97685500
79 79 0.97425600
79 80 0.00406193
79 78 0.00074002
99 98 0.02113320
99 99 0.96235300
15 15 0.92714300
120 120 0.99958200
125 125 0.99993200
108 108 0.73432000
143 143 0.99359500
143 142 0.00582253
138 137 0.00867757
138 138 0.98392700
10 11 0.00065926
10 10 0.99835200
55 55 0.98376000
4 4 0.99936000
43 43 0.97178600
7 7 0.99895500
81 81 0.97711000
81 82 0.00466003
81 80 0.00054137
13 13 0.79314300
123 123 0.99998800
61 61 0.98346300
137 137 0.98449300
137 136 0.00815034
142 141 0.00867475
142 142 0.99068200
57 57 0.98407500
37 37 0.95107900
18 18 0.98293200
90 90 0.98301700
126 126 0.99989300
154 154 0.99867400
88 88 0.98405100
94 94 0.98289400
94 93 0.00064227
150 150 0.99967900
70 70 0.98391500
46 46 0.98541300
146 145 0.00283786
146 146 0.99629200
1 1 0.99942300
128 128 0.99943400
106 106 0.98386900
40 40 0.71948800
17 17 0.98292800
118 118 0.63430700
131 130 0.00240246
131 131 0.99729200
53 52 0.00055831
53 53 0.98346200
127 127 0.99966300
92 91 0.00085806
92 92 0.98320100
149 149 0.99963200
33 33 0.68297800
65 65 0.98389500
135 135 0.98553600
135 134 0.00374850
102 102 0.98367700
30 30 0.99157600
113 113 0.97840700
113 114 0.01182530
20 20 0.98289200
134 134 0.98949900
134 133 0.00496850
51 50 0.00081273
51 51 0.98298000
74 74 0.97907600
2 2 0.90895200
29 29 0.99136100
130 129 0.00219828
130 130 0.99749400
110 111 0.00143232
110 110 0.97391700
52 52 0.98297800
52 51 0.00097653
9 9 0.99884200
27 27 0.99132400
8 8 0.99879900
71 71 0.97995100
77 78 0.00333342
77 77 0.97582800
80 81 0.00614773
80 79 0.00052171
80 80 0.97560000
148 148 0.99936300
82 83 0.00450595
82 82 0.97900000
133 133 0.76091400
133 132 0.00416679
97 96 0.02090810
97 97 0.96013500
97 98 0.00058459
67 67 0.98402400
73 73 0.97919800
140 139 0.01230570
140 140 0.98467200
72 72 0.97952400
115 115 0.74162800
115 116 0.01089860
24 24 0.39401800
147 147 0.99777300
147 146 0.00155189
