48 48 0.71657081
94 94 0.42630995
132 132 0.79815775
14 14 0.92730303
31 31 0.92251505
31 32 0.00096379
46 46 0.94370799
116 116 0.82810302
116 117 0.12590264
8 8 0.80060099
24 24 0.84349925
45 45 0.98370143
129 131 0.00124559
129 129 0.79541327
3 3 0.94808378
10 10 0.88118208
41 41 0.74792677
103 103 0.40911005
122 123 0.01848847
122 122 0.53493878
122 124 0.00136441
117 117 0.73481615
117 118 0.12441473
5 5 0.79548860
124 126 0.00130573
124 125 0.00451022
124 124 0.96693706
30 31 0.00224636
30 30 0.81431177
29 29 0.91911529
29 28 0.00178658
29 30 0.00365123
155 155 0.87709920
111 112 0.02457907
111 111 0.20011548
32 33 0.00134147
32 32 0.86681135
15 15 0.91511968
135 135 0.91143352
19 19 0.79253192
66 66 0.10495627
66 65 0.51155131
73 71 0.00113691
73 73 0.51300779
73 72 0.02642350
28 29 0.00473811
28 28 0.84609302
51 49 0.00121943
51 51 0.69133359
51 50 0.01565270
107 107 0.96492560
107 108 0.00509447
104 104 0.47049737
109 109 0.90464577
109 110 0.00617476
79 78 0.00066964
79 79 0.79333852
23 23 0.72193411
53 52 0.17637436
53 53 0.56350782
53 51 0.00102385
53 50 0.00052954
152 152 0.80148049
151 151 0.77121547
16 16 0.77756692
65 65 0.22958777
65 64 0.49932772
87 87 0.76183629
119 120 0.07038674
119 119 0.75580584
82 82 0.70444279
6 6 0.81394065
86 86 0.75433171
92 92 0.73089991
22 22 0.85259574
112 112 0.30517311
112 113 0.03790945
50 50 0.79175874
50 48 0.00108014
50 49 0.00225231
113 114 0.06007271
113 113 0.26146057
141 140 0.00207771
141 142 0.00074943
141 141 0.79354724
78 78 0.78616883
78 77 0.00266171
27 28 0.00366508
27 27 0.79990371
121 123 0.00070607
121 121 0.51753076
121 122 0.00243841
38 38 0.87732389
114 114 0.61875484
114 115 0.04486659
7 7 0.82072515
136 136 0.99060347
12 12 0.88921833
71 70 0.17403754
71 71 0.07500613
102 102 0.29890906
1 1 0.95220177
144 143 0.00209108
144 142 0.00083506
144 145 0.00097256
144 144 0.75771624
88 88 0.50697532
61 61 0.28542151
61 60 0.13959956
130 130 0.75693505
130 132 0.00122633
138 138 0.78621966
142 140 0.00056766
142 143 0.00087540
142 142 0.67955105
142 141 0.00182540
37 37 0.80703445
118 118 0.84842517
118 119 0.12752656
69 69 0.44012643
69 68 0.41790325
147 146 0.00084191
147 145 0.00128091
147 147 0.99253628
123 125 0.00134278
123 123 0.55785970
123 124 0.00662313
100 100 0.48801590
95 95 0.53463060
33 34 0.00090521
33 33 0.87488368
85 85 0.78563404
134 134 0.99021638
68 68 0.36335126
68 67 0.47427183
18 18 0.86014862
35 35 0.91310422
4 4 0.88390625
128 130 0.00130393
128 128 0.76061043
108 108 0.96060323
108 109 0.00952653
54 51 0.00080121
54 52 0.00115432
54 53 0.26278471
54 54 0.55254961
47 47 0.88271646
83 83 0.76751812
159 159 0.95634028
62 61 0.46593324
62 62 0.21936046
81 81 0.75897602
120 121 0.07839348
120 120 0.45836531
52 52 0.55337081
52 51 0.09938385
52 50 0.00120098
110 111 0.04222593
110 110 0.62432698
64 64 0.28529556
64 63 0.48953613
49 47 0.00073849
49 49 0.82103836
80 80 0.79886823
97 97 0.53479753
153 153 0.79986382
149 149 0.78702676
101 101 0.62684547
131 131 0.75672365
70 70 0.20702722
70 69 0.29520660
99 100 0.00086010
99 99 0.93692899
36 36 0.86811331
158 158 0.85478516
96 96 0.53639805
115 115 0.42789760
115 116 0.04731555
43 43 0.94480735
60 60 0.37478782
60 59 0.05872786
9 9 0.86164342
59 58 0.04315659
59 59 0.39729718
84 84 0.59502792
125 127 0.00127483
125 126 0.00241318
125 125 0.77729168
77 76 0.00317590
77 77 0.67293136
40 40 0.84576572
133 133 0.97800574
146 146 0.99128470
146 144 0.00170978
146 145 0.00131711
146 147 0.00071387
137 137 0.99058848
90 90 0.98798165
91 91 0.98812855
106 107 0.00067236
106 106 0.96953325
139 140 0.00056696
139 139 0.75621927
25 26 0.00155395
25 25 0.85499584
57 57 0.46470311
57 55 0.00316941
57 56 0.32853986
57 54 0.00156904
42 42 0.84459718
72 71 0.24332894
72 72 0.15127599
67 66 0.48083945
67 67 0.37086775
154 154 0.89991659
34 34 0.85281020
20 20 0.85984737
127 127 0.79381264
127 129 0.00131179
156 156 0.88263375
75 74 0.03840506
75 75 0.59021437
58 56 0.00102763
58 57 0.32905832
58 58 0.16129074
143 142 0.00183729
143 144 0.00099557
143 141 0.00075955
143 143 0.79106458
44 44 0.87988682
26 26 0.85960795
26 27 0.00277942
21 21 0.82956656
17 17 0.87118657
63 62 0.45715868
63 63 0.28241711
93 93 0.77140664
150 150 0.80936272
140 141 0.00054687
140 140 0.75933079
74 72 0.00319021
74 73 0.18360856
74 74 0.64532784
11 11 0.93751003
39 39 0.87074259
13 13 0.88802759
13 14 0.00051972
76 75 0.00560747
76 76 0.66120965
55 55 0.42896485
55 53 0.00270601
55 54 0.30476924
55 52 0.00086598
56 55 0.31588533
56 53 0.00141237
56 54 0.00293544
56 56 0.47638291
98 98 0.95877085
98 99 0.00056967
145 143 0.00088487
145 145 0.75793076
145 144 0.00133162
145 146 0.00087402
105 105 0.32648705
148 148 0.99400759
148 146 0.00088573
2 2 0.94249822
89 89 0.96867271
157 157 0.87730165
126 128 0.00131266
126 126 0.75791874
