142 157 142 157 0.05078500
83 143 83 143 0.05715220
103 123 103 123 0.70857600
49 55 49 55 0.00193193
148 157 148 157 0.14347100
148 154 148 154 0.02510780
8 78 8 78 0.58687800
8 81 8 81 0.01051790
86 140 86 140 0.87867300
109 115 109 115 0.12079900
109 116 109 116 0.17437600
109 118 109 118 0.51810900
145 156 145 156 0.34947900
149 156 149 156 0.17504200
84 143 84 143 0.01538850
27 59 27 59 0.82270600
147 155 147 155 0.01094830
147 152 147 152 0.02963800
147 154 147 154 0.28592300
23 63 23 63 0.54900800
105 121 105 121 0.60448900
35 49 35 49 0.07504920
35 48 35 48 0.44861600
35 43 35 43 0.01966970
40 44 40 44 0.16738500
40 47 40 47 0.00580489
40 50 40 50 0.00157326
33 53 33 53 0.60843500
33 40 33 40 0.00075814
33 45 33 45 0.00950853
30 48 30 48 0.00391835
30 53 30 53 0.00602724
30 56 30 56 0.57471000
19 68 19 68 0.55265700
19 66 19 66 0.03570350
89 137 89 137 0.60507200
21 65 21 65 0.45605000
21 66 21 66 0.09511140
107 118 107 118 0.00740539
107 119 107 119 0.59408600
150 155 150 155 0.28027200
108 116 108 116 0.00524159
108 119 108 119 0.12405700
108 118 108 118 0.41494500
75 80 75 80 0.00152968
15 72 15 72 0.48453300
15 69 15 69 0.03564110
15 21 15 21 0.01016060
15 19 15 19 0.00259971
141 158 141 158 0.00804884
3 83 3 83 0.50060600
22 64 22 64 0.65634000
96 130 96 130 0.60507200
29 57 29 57 0.64265200
29 52 29 52 0.00118030
29 50 29 50 0.00056761
29 55 29 55 0.00768649
93 133 93 133 0.70957000
18 67 18 67 0.02286110
18 69 18 69 0.51136800
94 132 94 132 0.93255200
95 131 95 131 0.60507200
106 120 106 120 0.93144700
87 139 87 139 0.70957200
7 79 7 79 0.50188300
7 82 7 82 0.01037030
7 80 7 80 0.15479100
79 147 79 147 0.00455861
37 46 37 46 0.55102000
31 52 31 52 0.00891563
31 50 31 50 0.00484897
31 47 31 47 0.00714921
31 55 31 55 0.51693800
112 117 112 117 0.10184800
39 46 39 46 0.01469530
39 43 39 43 0.06923330
39 45 39 45 0.08835120
144 157 144 157 0.41316700
144 155 144 155 0.01920310
26 60 26 60 0.55462100
26 59 26 59 0.02946840
36 42 36 42 0.03386880
36 50 36 50 0.01312780
36 47 36 47 0.58042100
4 82 4 82 0.62282300
24 62 24 62 0.54921900
2 84 2 84 0.58740300
50 54 50 54 0.00536075
143 156 143 156 0.02233570
143 158 143 158 0.44435500
99 127 99 127 0.56906100
43 52 43 52 0.00082471
12 73 12 73 0.03674500
12 75 12 75 0.56602400
11 77 11 77 0.02682890
11 74 11 74 0.03845880
11 76 11 76 0.48582600
101 125 101 125 0.65145900
101 128 101 128 0.01378250
17 69 17 69 0.07126230
17 71 17 71 0.07210910
17 67 17 67 0.04046710
151 157 151 157 0.00219468
9 76 9 76 0.05979430
9 77 9 77 0.52384900
9 79 9 79 0.02374980
9 80 9 80 0.01053380
146 155 146 155 0.31463200
41 46 41 46 0.01176870
41 49 41 49 0.00121869
110 117 110 117 0.25728800
110 114 110 114 0.17913600
82 144 82 144 0.02660850
82 148 82 148 0.00097949
16 70 16 70 0.16164600
16 68 16 68 0.04064330
32 49 32 49 0.00627042
32 46 32 46 0.00735069
32 54 32 54 0.56488100
13 23 13 23 0.00081571
13 74 13 74 0.54917200
13 72 13 72 0.02878100
6 81 6 81 0.09385770
6 83 6 83 0.00829641
34 50 34 50 0.09470100
34 39 34 39 0.00224788
34 51 34 51 0.04416180
34 52 34 52 0.51408800
34 44 34 44 0.01163970
10 75 10 75 0.07779370
10 78 10 78 0.04385540
10 25 10 25 0.00065029
152 156 152 156 0.00583599
81 145 81 145 0.01304580
54 61 54 61 0.00097021
104 126 104 126 0.00063314
104 122 104 122 0.70849100
28 56 28 56 0.00680371
28 58 28 58 0.64991500
28 53 28 53 0.00084925
92 135 92 135 0.02332510
92 134 92 134 0.66261600
38 45 38 45 0.48143000
38 46 38 46 0.03489720
102 127 102 127 0.00427030
102 124 102 124 0.70564700
55 60 55 60 0.00106189
55 59 55 59 0.00235523
14 73 14 73 0.59265000
14 70 14 70 0.03281490
14 22 14 22 0.00339956
80 146 80 146 0.01166620
111 117 111 117 0.04113560
88 138 88 138 0.87938400
85 141 85 141 0.91807300
90 136 90 136 0.70681400
5 81 5 81 0.46799000
97 129 97 129 0.70543400
