103 112 103 112 0.06209379
103 142 103 142 0.06415067
87 111 87 111 0.00061121
87 99 87 99 0.00628077
87 99 81 94 0.00102515
90 96 84 91 0.00129818
90 96 84 92 0.00180569
90 96 85 90 0.00523129
90 116 90 116 0.09908270
90 154 90 154 0.00735913
6 77 6 77 0.40099226
6 77 6 71 0.00058415
92 114 92 114 0.18403831
24 58 24 58 0.45004712
24 58 29 53 0.00565097
24 58 25 57 0.00205290
84 154 84 154 0.01862580
84 91 85 90 0.00194527
84 91 84 91 0.04850633
84 91 84 92 0.00416717
84 121 84 121 0.01825986
84 122 84 122 0.16072065
11 70 12 65 0.00054864
11 70 12 70 0.00134550
11 70 11 65 0.00385049
11 70 11 70 0.29779036
11 70 10 71 0.00100964
11 70 16 65 0.01206088
11 70 7 70 0.00075058
11 70 17 65 0.00966863
11 70 6 71 0.00334165
127 149 125 149 0.00076360
127 149 127 147 0.00483400
127 149 127 149 0.03373088
21 61 19 62 0.00374456
21 61 20 61 0.00330067
21 61 14 62 0.00063825
21 61 21 61 0.09979353
21 61 26 56 0.00116691
21 64 21 64 0.00253217
21 65 21 65 0.00361457
21 63 21 63 0.00151145
108 122 108 122 0.01832430
20 65 20 65 0.00389177
20 61 14 62 0.00167297
20 61 21 61 0.01826024
20 61 15 62 0.00055208
20 61 18 61 0.00097941
20 61 26 56 0.03215227
20 61 16 61 0.00139069
20 61 19 62 0.00954570
20 61 20 61 0.20922652
122 126 122 126 0.02627666
99 147 99 147 0.04384417
135 143 133 141 0.00977482
98 148 98 148 0.03692013
98 108 98 108 0.02123729
125 151 125 151 0.02934782
125 151 125 149 0.00327641
86 100 80 96 0.00086045
86 100 80 95 0.00159541
86 100 86 100 0.00511913
86 100 81 94 0.01334690
86 112 86 112 0.00052044
101 106 101 106 0.02169995
101 145 101 145 0.02002994
129 147 127 147 0.00052541
129 147 129 145 0.01478975
129 147 129 147 0.08824007
15 66 21 61 0.02245496
15 66 10 67 0.00074943
15 66 16 61 0.00170991
15 66 14 66 0.00057583
15 66 20 61 0.01705666
15 66 15 66 0.47182635
15 66 18 61 0.00120422
15 71 15 71 0.01484037
95 153 95 153 0.02969213
95 111 95 111 0.01885076
134 144 132 142 0.01228061
113 117 113 117 0.03833499
113 156 113 156 0.00166957
104 141 104 141 0.05589500
104 111 104 111 0.03364900
102 113 102 113 0.00360931
102 143 102 143 0.05444226
37 45 34 47 0.00146828
37 45 36 45 0.01002466
37 45 37 44 0.01207540
29 50 34 47 0.00267756
29 50 33 48 0.00069171
29 50 31 50 0.00164398
29 51 34 47 0.00349044
29 51 29 51 0.05574914
29 51 33 48 0.00316690
85 120 85 120 0.09359538
85 101 80 96 0.00565777
85 101 80 95 0.00449819
85 90 85 90 0.12970826
85 153 85 153 0.02241273
121 127 121 127 0.02723623
110 120 110 120 0.07439467
17 69 17 69 0.00190368
119 129 119 129 0.04217634
119 126 119 126 0.02034779
106 124 106 124 0.00879530
106 139 106 139 0.06045933
117 152 117 152 0.02698841
117 128 117 128 0.01602039
118 127 118 127 0.01670913
27 53 32 49 0.00216422
27 53 29 53 0.00070585
27 55 31 50 0.01533790
27 55 32 49 0.00211552
27 55 26 56 0.02507220
27 55 27 55 0.52243423
13 68 18 63 0.02422696
13 68 8 69 0.00629850
13 68 13 63 0.00465103
13 68 13 69 0.00209757
13 68 19 62 0.00222706
13 68 12 63 0.00069461
13 68 12 69 0.00187934
13 68 14 68 0.00255945
14 67 14 62 0.00463962
14 67 21 61 0.00163636
14 67 15 62 0.00159374
14 67 19 62 0.02839296
14 67 20 61 0.00126870
82 124 82 124 0.01086033
7 76 10 71 0.00087792
7 76 6 71 0.00289249
7 76 7 76 0.18314021
7 76 5 76 0.00107859
35 45 34 47 0.00218600
35 46 35 46 0.31947247
35 46 34 47 0.03289221
8 73 9 73 0.00081257
8 75 12 70 0.00093880
8 75 11 70 0.00115336
8 75 13 70 0.00066938
8 75 6 75 0.00080326
8 75 8 69 0.00067484
8 75 7 70 0.00435830
89 117 89 117 0.09295189
89 97 84 92 0.02754463
89 97 84 91 0.01449690
89 97 83 93 0.00205546
89 109 89 109 0.00104321
38 44 37 44 0.02722185
38 44 35 46 0.00069884
23 59 24 58 0.00172703
23 59 29 53 0.00078452
23 59 19 60 0.00095238
23 63 23 63 0.00497263
114 155 114 155 0.00159653
105 140 105 140 0.18246300
12 69 8 69 0.00137272
12 69 18 63 0.00259033
12 69 13 69 0.00177014
12 69 13 70 0.00070899
12 69 7 70 0.00463893
12 69 11 70 0.00122338
12 69 12 69 0.26131780
12 69 12 70 0.00100045
4 76 4 76 0.00143888
26 54 32 49 0.00056020
26 54 31 50 0.00319598
26 56 30 52 0.00054437
26 56 31 50 0.00315666
26 56 26 56 0.60056408
26 56 25 57 0.02515932
36 44 35 46 0.00107473
128 148 128 146 0.00912003
128 148 128 148 0.03031668
111 119 111 119 0.03483067
120 128 120 128 0.05388324
25 57 26 56 0.00150009
25 57 25 57 0.41858474
25 57 24 58 0.03465342
25 57 30 52 0.00929031
25 56 26 56 0.00052186
25 56 30 52 0.00157616
91 153 91 153 0.01686093
91 115 91 115 0.08434853
9 73 9 73 0.04921642
9 72 15 66 0.00161892
9 74 13 69 0.00184615
9 74 8 69 0.00558600
9 74 12 69 0.00166578
9 74 9 74 0.14533892
112 118 112 118 0.04498245
33 48 37 44 0.00629847
33 48 35 46 0.00127494
33 48 34 47 0.01105974
33 48 33 48 0.43705584
33 48 32 49 0.02246105
32 49 33 48 0.00983821
32 49 32 49 0.34681156
32 49 31 50 0.02615734
32 49 34 47 0.00134105
93 113 93 113 0.11335726
126 150 126 150 0.02721364
18 64 18 64 0.05248761
18 61 19 62 0.00566448
18 61 14 62 0.00092386
18 61 18 61 0.00207771
18 63 24 58 0.04502786
18 63 18 63 0.29930593
18 63 13 63 0.00372792
18 63 25 57 0.00324371
18 63 16 64 0.00083261
18 63 19 62 0.00094835
18 63 12 63 0.00055739
34 46 33 48 0.00212818
34 47 34 47 0.44585274
34 47 35 46 0.00586783
34 47 36 45 0.00061440
34 47 37 44 0.00516170
34 47 33 48 0.02622603
34 53 34 47 0.00062204
2 76 2 76 0.00092817
116 153 116 153 0.00245720
19 67 19 67 0.00055387
19 60 20 61 0.00267258
19 60 19 60 0.01105103
19 60 21 61 0.00352127
19 62 13 63 0.00152121
19 62 25 57 0.04592467
19 62 14 62 0.00394262
19 62 21 61 0.00069869
19 62 15 62 0.00135190
19 62 18 63 0.00739552
19 62 26 56 0.00324731
19 62 19 62 0.42494164
19 62 20 61 0.00055335
22 61 22 61 0.01174945
22 64 22 64 0.00413997
22 63 22 63 0.00263698
22 59 24 58 0.00055963
22 59 29 53 0.00110994
100 106 100 106 0.03329221
16 65 16 65 0.48409855
16 65 11 65 0.00195667
16 65 15 66 0.00272865
16 65 19 60 0.00144592
16 65 17 65 0.00502964
16 70 16 70 0.00201401
115 154 115 154 0.00157152
10 71 6 71 0.00169391
10 71 10 71 0.28630214
10 71 14 66 0.00131556
10 71 16 65 0.00060855
10 71 15 66 0.01544572
10 72 11 72 0.00120027
10 73 10 73 0.07030089
94 154 94 154 0.02207643
28 51 33 48 0.00432149
28 51 34 47 0.00073812
28 53 32 49 0.00463036
28 53 33 48 0.00162379
28 53 29 53 0.00220622
124 152 124 152 0.04998600
109 121 109 121 0.02461920
88 98 83 93 0.02823962
88 98 88 98 0.00805420
88 110 88 110 0.00070038
88 118 88 118 0.10440221
