11 70 8 75 0.00217462
11 70 6 77 0.00111343
11 70 7 76 0.00267256
11 70 16 65 0.00296196
11 70 10 71 0.00224705
11 70 11 70 0.38055053
11 70 17 64 0.02281338
11 70 12 69 0.00313204
103 142 103 142 0.00568240
103 108 103 108 0.00131525
103 112 103 112 0.05797297
103 109 103 109 0.00078627
87 124 87 124 0.00480816
87 124 87 125 0.00395397
87 120 87 120 0.06558603
87 125 86 125 0.00089626
87 125 86 126 0.00227463
87 125 87 125 0.03713675
87 125 87 124 0.00455423
87 123 87 123 0.01375773
87 99 86 100 0.00074735
24 58 18 63 0.01708110
24 58 24 58 0.42747246
24 58 26 56 0.00052073
24 58 22 59 0.00078670
24 58 16 65 0.00267412
24 58 23 59 0.00650067
24 58 19 62 0.00068248
24 58 17 64 0.01477490
24 58 25 57 0.01831325
24 58 30 52 0.00200882
6 77 6 77 0.32797743
6 77 11 70 0.00068317
90 116 90 116 0.29349040
90 119 90 119 0.00647542
90 118 90 118 0.00125904
90 96 89 97 0.00089571
90 96 90 96 0.00186854
90 96 84 91 0.00053967
92 115 92 115 0.00262801
92 114 92 114 0.27121834
84 113 84 113 0.00435645
84 154 84 154 0.00058335
84 91 84 91 0.00291672
84 91 90 96 0.00092713
84 91 89 97 0.00207617
84 128 84 128 0.11178874
84 128 85 127 0.00284479
84 121 84 121 0.07037369
84 122 84 122 0.19636304
79 129 79 129 0.01440700
79 125 79 125 0.00863953
79 126 85 127 0.00067434
79 126 79 126 0.05081822
79 127 79 127 0.02504169
79 133 79 133 0.00194405
79 132 79 132 0.00361560
127 151 127 151 0.00701939
127 149 127 149 0.00612846
21 59 21 59 0.00745522
21 61 14 67 0.00230434
21 61 21 61 0.05742563
21 61 19 62 0.00069439
21 61 15 66 0.00226648
21 61 20 61 0.00292160
142 151 142 151 0.00071246
142 150 142 150 0.00148059
142 147 142 147 0.06138600
142 149 142 149 0.01423452
142 146 142 146 0.02671565
20 61 16 65 0.00059194
20 61 20 61 0.30499772
20 61 23 59 0.00050014
20 61 19 62 0.00506895
20 61 27 55 0.01322766
20 61 26 56 0.01331880
20 61 21 61 0.00233211
20 61 14 67 0.00648472
20 61 15 66 0.00952974
20 61 13 68 0.00087583
20 61 25 57 0.00057759
20 59 23 59 0.00233464
20 59 15 66 0.00067627
20 59 16 65 0.00266800
20 59 22 59 0.00147679
122 129 122 129 0.00083059
122 126 122 126 0.00606536
122 156 122 156 0.00253689
81 124 81 124 0.04352805
81 126 81 126 0.07817627
140 145 140 145 0.03102203
140 146 140 146 0.02043142
140 150 140 150 0.00833843
140 151 140 151 0.00827809
140 149 140 149 0.08245867
140 147 140 147 0.03509501
98 148 98 148 0.00180369
98 108 98 108 0.01372407
98 117 98 117 0.00448998
98 107 98 107 0.16458527
98 109 98 109 0.11532749
135 143 135 143 0.01302190
135 154 135 154 0.00286140
135 152 135 152 0.31153794
99 106 99 106 0.19207849
99 116 99 116 0.00079359
99 104 99 104 0.00494377
99 147 99 147 0.00257941
99 105 99 105 0.01131320
139 147 139 147 0.01734877
139 149 139 149 0.01451001
139 149 138 149 0.00527247
139 151 139 151 0.01220103
139 150 139 150 0.10459467
139 146 139 146 0.02146200
139 145 139 145 0.00168819
101 145 101 145 0.00051978
101 105 101 105 0.04915670
101 106 101 106 0.02609334
86 123 86 123 0.00841912
86 126 87 125 0.00523580
86 126 86 125 0.02192465
86 126 86 126 0.07663880
86 126 85 127 0.00186307
86 126 80 125 0.00063441
86 125 86 125 0.01090472
86 125 86 126 0.01752022
86 125 87 125 0.00164859
86 120 86 120 0.05895415
86 100 86 100 0.00988869
86 100 87 99 0.00156265
86 124 86 124 0.00716633
125 151 125 151 0.00371414
15 66 20 61 0.00285384
15 66 23 59 0.00135730
15 66 19 62 0.00058708
15 66 10 71 0.00599195
15 66 16 65 0.00994495
15 66 22 59 0.00085799
15 66 9 72 0.00147661
15 66 15 66 0.50090110
15 66 21 61 0.00137826
15 66 14 67 0.00251535
134 144 134 144 0.00982385
134 153 134 153 0.20730234
95 111 95 111 0.01774917
95 109 95 109 0.01457290
95 112 95 112 0.19563534
95 153 95 153 0.00116258
95 108 95 108 0.00256134
83 126 83 126 0.00465863
83 129 83 129 0.02252060
83 114 83 114 0.00324310
83 124 83 124 0.15535895
129 147 129 147 0.01654494
129 149 129 149 0.00074334
3 78 5 78 0.00145295
3 78 3 77 0.00106038
85 125 85 125 0.00730936
85 123 85 123 0.01623940
85 126 85 127 0.00554304
85 126 85 126 0.00238320
85 90 90 96 0.00070538
85 90 85 90 0.02037655
85 120 85 120 0.07078506
85 101 85 101 0.00244950
85 101 86 100 0.00078607
85 153 85 153 0.00138141
85 124 85 124 0.00439535
85 127 79 126 0.00050076
85 127 85 127 0.09253784
85 127 85 126 0.00669210
85 127 86 126 0.00411797
85 127 84 128 0.00132516
121 127 121 127 0.00358428
104 111 104 111 0.03009458
104 108 104 108 0.00162860
104 141 104 141 0.00431266
113 117 113 117 0.00267062
113 156 113 156 0.00100917
102 143 102 143 0.00402463
102 113 102 113 0.00259249
102 106 102 106 0.00312627
76 131 76 131 0.00288881
76 128 76 128 0.00132065
76 155 76 155 0.00061207
37 45 33 48 0.00114644
37 45 37 45 0.20342246
37 45 38 44 0.00225541
37 45 34 47 0.00053243
29 50 29 50 0.01903213
29 50 34 47 0.00117709
29 50 35 46 0.00083164
29 50 32 49 0.00075868
29 51 33 48 0.00106023
29 51 29 51 0.08247389
29 51 35 46 0.00108412
29 51 34 47 0.00249965
143 148 143 148 0.02460170
137 153 137 153 0.00504180
137 142 137 142 0.00080008
137 148 137 148 0.02036347
137 141 137 141 0.02139270
80 126 80 126 0.00712703
80 125 86 126 0.00084379
80 125 80 125 0.06910742
80 132 80 132 0.00266881
80 124 80 124 0.00460080
80 127 80 127 0.07672867
117 128 117 128 0.00063819
117 152 117 152 0.09250164
110 120 110 120 0.00744947
119 126 119 126 0.00158332
119 129 119 129 0.00277459
106 139 106 139 0.00503714
78 126 78 126 0.00489213
78 129 78 129 0.04635976
78 84 78 84 0.00871671
78 153 78 153 0.00868968
78 133 78 133 0.00083446
5 78 5 78 0.13691194
5 75 5 75 0.01058591
27 53 32 49 0.00088677
27 53 33 48 0.00120433
27 53 27 53 0.00826597
27 55 33 48 0.00108982
27 55 32 49 0.00725273
27 55 20 61 0.01012800
27 55 19 62 0.00265145
27 55 27 55 0.42616387
27 55 26 56 0.01192358
27 55 26 54 0.00083840
27 55 25 57 0.00059366
14 67 18 63 0.00076556
14 67 13 68 0.00273778
14 67 14 67 0.27411065
14 67 21 61 0.00213358
14 67 15 66 0.00104636
14 67 19 62 0.00364443
14 67 20 61 0.01493727
77 130 77 130 0.02999030
77 154 77 154 0.00111302
77 85 77 85 0.00431510
13 68 17 64 0.00104224
13 68 13 68 0.41795726
13 68 9 74 0.01604507
13 68 12 69 0.00477112
13 68 14 67 0.00111678
13 68 8 75 0.00394395
13 68 18 63 0.00359147
13 68 19 62 0.01488494
13 68 20 61 0.00111986
23 59 25 57 0.00058904
23 59 17 64 0.01140788
23 59 15 66 0.00242826
23 59 24 58 0.01278986
23 59 18 63 0.00058450
23 59 22 59 0.00573106
23 59 16 65 0.01229305
23 59 20 61 0.00060502
23 59 23 59 0.36242880
132 146 132 146 0.00799192
132 155 132 155 0.26299865
114 155 114 155 0.00126079
82 126 82 126 0.01090850
82 115 82 115 0.00276105
82 124 82 124 0.03836755
141 150 141 150 0.00982096
141 151 141 151 0.00087148
141 149 141 149 0.00941793
141 147 141 147 0.01668141
141 145 141 145 0.03914282
141 146 141 146 0.02912320
7 76 8 75 0.00081504
7 76 6 77 0.00096817
7 76 7 76 0.23667019
7 76 11 70 0.00341388
7 76 12 69 0.00118156
89 123 89 123 0.00257206
89 123 93 122 0.00097739
89 120 89 120 0.00257621
89 117 89 117 0.28600041
89 97 90 96 0.00183929
89 97 89 97 0.01393959
89 97 88 98 0.00089819
8 73 8 73 0.04678698
8 75 8 75 0.17226758
8 75 13 68 0.00226315
8 75 7 76 0.00190584
8 75 11 70 0.00070459
8 75 12 69 0.01862350
8 75 9 74 0.00149797
35 45 37 45 0.00070456
35 46 33 48 0.00078827
35 46 29 51 0.00110456
35 46 29 50 0.00132423
35 46 35 46 0.33000282
35 46 34 47 0.01233839
38 44 33 48 0.00193024
38 44 37 45 0.00157260
38 44 38 44 0.21693190
38 44 34 47 0.00248501
31 52 31 52 0.02311251
12 69 11 70 0.00079710
12 69 19 62 0.00156326
12 69 9 74 0.00326172
12 69 12 69 0.35019335
12 69 7 76 0.00199876
12 69 8 75 0.01433416
12 69 13 68 0.00649981
131 156 130 156 0.00120337
131 156 131 156 0.23338468
133 154 133 154 0.21302669
133 145 133 145 0.00871030
105 140 105 140 0.04614973
128 148 128 148 0.00689838
120 128 120 128 0.00468972
111 119 111 119 0.00163253
136 153 136 153 0.00663790
136 142 136 142 0.01553094
4 76 4 76 0.02046761
4 77 4 76 0.00089966
4 77 3 77 0.00204635
4 77 6 77 0.00127306
130 156 130 156 0.00985420
130 156 131 156 0.00074157
130 148 130 148 0.00095964
26 56 20 61 0.01659937
26 56 19 62 0.01227973
26 56 26 56 0.49988872
26 56 27 55 0.01751842
26 56 18 63 0.00146880
26 56 32 49 0.00138416
26 56 21 61 0.00070620
26 56 25 56 0.00051824
26 56 25 57 0.01060356
26 54 26 54 0.00690739
26 54 32 49 0.00154836
36 44 37 45 0.00067615
138 146 138 146 0.00114504
138 150 138 150 0.01397543
138 152 138 152 0.00927210
138 151 138 151 0.11382600
138 149 138 149 0.02767924
138 149 139 149 0.00529646
138 147 138 147 0.01645630
112 118 112 118 0.00300351
9 73 9 73 0.01489961
9 72 9 72 0.08978591
9 72 10 71 0.00146146
9 72 16 65 0.00197346
9 74 8 75 0.00356579
9 74 13 68 0.02151730
9 74 9 74 0.16323064
9 74 12 69 0.00105752
33 48 35 46 0.00207197
33 48 34 47 0.02395990
33 48 29 51 0.00080506
33 48 38 44 0.00172751
33 48 27 53 0.00136248
33 48 27 55 0.00200174
33 48 37 45 0.00079416
33 48 30 52 0.00067885
33 48 33 48 0.43276952
33 48 32 49 0.00929402
33 48 28 51 0.00401291
33 48 28 53 0.00238520
32 49 34 47 0.00208513
32 49 28 53 0.00124079
32 49 27 55 0.00532429
32 49 27 53 0.00130166
32 49 26 54 0.00172853
32 49 26 56 0.00246346
32 49 33 48 0.02042714
32 49 32 49 0.34829104
25 56 25 56 0.00291124
25 57 20 61 0.00060597
25 57 19 62 0.01727607
25 57 26 56 0.01401322
25 57 27 55 0.00068765
25 57 18 63 0.01434589
25 57 24 58 0.01244474
25 57 30 52 0.00297413
25 57 17 64 0.00282941
25 57 25 57 0.39499991
91 117 91 117 0.00094379
91 115 91 115 0.26084238
19 62 20 61 0.01391123
19 62 19 62 0.37790351
19 62 26 56 0.01211770
19 62 27 55 0.00133597
19 62 18 63 0.00443006
19 62 24 58 0.00065881
19 62 12 69 0.00111003
19 62 21 61 0.00182543
19 62 14 67 0.01251431
19 62 25 57 0.01419390
19 62 13 68 0.00666222
19 60 15 66 0.00181601
97 106 97 106 0.00597314
97 110 97 110 0.18435192
97 118 97 118 0.00065035
100 106 100 106 0.03221880
100 104 100 104 0.02258789
100 105 100 105 0.11472211
16 65 17 64 0.01299832
16 65 15 66 0.00450578
16 65 24 58 0.00148814
16 65 23 59 0.01333890
16 65 20 61 0.00092957
16 65 11 70 0.00727681
16 65 10 71 0.00290497
16 65 22 59 0.00800934
16 65 16 65 0.45582605
22 59 24 58 0.00238342
22 59 17 64 0.00203102
22 59 16 65 0.00385178
22 59 22 59 0.04565762
22 59 15 66 0.00085041
22 59 23 59 0.00404668
115 154 115 154 0.00107410
10 72 8 72 0.00105878
10 72 10 72 0.01204447
10 73 10 73 0.04919138
10 71 17 64 0.00115108
10 71 14 67 0.00069732
10 71 15 66 0.00240188
10 71 9 72 0.00344029
10 71 6 77 0.00056873
10 71 7 76 0.00121101
10 71 16 65 0.01897139
10 71 10 71 0.34946518
10 71 11 70 0.00270589
93 122 89 123 0.00064885
93 113 93 113 0.25570230
123 155 123 155 0.00221434
123 128 123 128 0.00238423
126 150 126 150 0.00378053
126 152 126 152 0.00206295
34 47 33 48 0.01120171
34 47 32 49 0.00078637
34 47 30 52 0.00140294
34 47 28 53 0.00106209
34 47 28 51 0.00355812
34 47 38 44 0.00186333
34 47 29 51 0.00261406
34 47 29 50 0.00263065
34 47 34 47 0.37100367
34 47 35 46 0.02526668
18 61 13 68 0.00052716
18 61 14 67 0.00293260
18 61 19 62 0.00070881
18 61 20 61 0.00294894
18 63 13 68 0.01185221
18 63 25 57 0.01604645
18 63 17 64 0.00462851
18 63 12 69 0.00295564
18 63 18 63 0.37568282
18 63 24 58 0.01409095
18 63 26 56 0.00076134
18 63 19 62 0.01289801
18 63 23 59 0.00052789
116 153 116 153 0.00238840
124 152 124 152 0.00517325
124 154 124 154 0.00115546
109 121 109 121 0.00079745
96 107 96 107 0.00591122
96 109 96 109 0.01702830
96 111 96 111 0.18496785
96 108 96 108 0.01964315
88 122 88 122 0.00882790
88 121 88 121 0.00488925
88 98 88 98 0.01425193
88 98 89 97 0.00184886
88 118 88 118 0.27077371
88 119 88 119 0.04577473
28 51 34 47 0.00208464
28 51 28 51 0.00973225
28 51 33 48 0.00153775
28 53 28 53 0.14374662
28 53 34 47 0.00069191
28 53 30 52 0.00064509
28 53 33 48 0.00282924
28 53 32 49 0.00149229
94 154 94 154 0.00063636
94 110 94 110 0.01628502
94 113 94 113 0.06728085
94 121 94 121 0.00089939
