82 82 0.26763484
152 152 0.51010029
84 84 0.26783136
119 119 0.47850747
72 72 0.86224227
149 149 0.88400384
145 145 0.84707440
62 62 0.31499423
48 48 0.99423595
33 33 0.26925091
31 31 0.26954505
14 14 0.94135115
112 112 0.47840502
108 108 0.74552356
30 30 0.26807117
57 57 0.97021237
148 148 0.81640234
40 40 0.32750178
86 86 0.28253791
95 95 0.96508677
60 60 0.01553081
37 37 0.71802929
141 141 0.31376395
7 7 0.85760950
63 63 0.22836952
50 50 0.31499410
66 66 0.31643806
128 128 0.85358804
41 41 0.32274371
150 150 0.82915072
61 61 0.22167075
43 43 0.68801944
73 74 0.00068463
73 73 0.80873829
27 27 0.25995159
143 143 0.35572580
77 77 0.45623612
111 111 0.59125036
135 135 0.81772365
146 146 0.86583524
80 80 0.25097659
69 69 0.97487989
103 102 0.00071946
103 103 0.31657683
59 59 0.23058048
70 70 0.36789463
99 99 0.76981217
102 102 0.69759991
130 130 0.84264439
158 158 0.65914880
2 2 0.71882567
15 15 0.77480276
6 6 0.86158791
20 20 0.27969924
151 151 0.52235786
139 139 0.91597115
36 36 0.38637873
75 75 0.64088729
75 76 0.00074694
67 67 0.31631654
88 88 0.91599064
58 58 0.25005640
142 142 0.35637584
54 54 0.25004137
4 4 0.81553207
83 83 0.26469087
89 89 0.31848155
10 10 0.75743402
51 51 0.22167084
87 87 0.97058300
22 22 0.64398371
137 137 0.91540350
155 155 0.66327697
24 24 0.67302177
138 138 0.91570800
131 131 0.39429321
116 116 0.69409632
126 126 0.44434286
19 19 0.92579777
39 39 0.77218809
117 117 0.58701296
104 103 0.00094776
104 104 0.73811098
125 125 0.36079378
17 17 0.51553383
26 26 0.97659534
160 160 0.96130415
1 1 0.74673933
106 106 0.76514447
106 105 0.00054979
71 71 0.25281496
23 23 0.78955000
90 90 0.70752901
5 5 0.85090916
96 96 0.62401741
120 120 0.52345331
13 13 0.83196321
136 136 0.91607663
97 97 0.70161639
157 157 0.49665400
11 11 0.68332355
35 35 0.94746196
121 121 0.51373726
159 159 0.94649807
134 134 0.35038248
12 12 0.72002171
16 16 0.83060859
118 118 0.60430599
29 29 0.27424332
47 47 0.76708489
74 74 0.99468842
74 75 0.00055858
25 25 0.97666801
56 56 0.97009923
42 42 0.99922637
91 91 0.93576834
144 144 0.33470163
32 32 0.37787058
9 9 0.74992666
44 44 0.31630028
21 21 0.49714918
79 79 0.02153795
8 8 0.82447074
65 65 0.76171386
38 38 0.19443352
28 28 0.26300450
123 123 0.39308579
101 101 0.74956676
85 85 0.28205969
34 34 0.01860790
78 78 0.58517658
147 147 0.81852936
156 156 0.46833162
3 3 0.28943040
55 55 0.97019452
64 64 0.76720373
53 53 0.22562986
105 104 0.00079080
105 105 0.89715522
114 114 0.64937994
107 107 0.76187008
94 94 0.56511604
153 153 0.80462088
18 18 0.42638966
132 132 0.22705088
93 93 0.45920348
46 46 0.76716501
49 49 0.22837191
140 140 0.92764008
100 100 0.90611601
81 81 0.35341671
133 133 0.31960338
45 45 0.31644963
110 110 0.58202906
122 122 0.67291166
92 92 0.44213269
154 154 0.71986556
52 52 0.01553017
127 127 0.65112963
76 76 0.58418445
68 68 0.70191613
115 115 0.69586190
109 109 0.63108720
129 129 0.85547463
98 98 0.73656537
124 124 0.63268225
113 113 0.54759389
