94 100 94 100 0.00401102
94 104 94 104 0.22552881
40 69 40 69 0.01611373
40 71 40 71 0.16032628
41 68 41 68 0.02259433
41 70 41 70 0.23223165
49 63 48 63 0.01360258
53 59 53 59 0.11772578
48 67 48 67 0.02564313
48 65 48 65 0.02689107
48 65 47 65 0.01480040
48 69 48 69 0.00312057
119 131 119 131 0.01701570
96 102 96 102 0.07760868
2 19 2 19 0.27524177
1 20 1 20 0.11669176
44 65 43 65 0.00082176
95 101 95 101 0.00934541
95 99 95 99 0.00797382
95 103 95 103 0.19289233
51 61 51 61 0.38920777
47 66 46 66 0.01387269
118 132 118 132 0.01927263
118 133 118 132 0.00059988
4 155 4 156 0.00196311
4 17 4 17 0.13099180
52 61 51 61 0.02322635
39 72 39 72 0.16556107
5 154 5 155 0.00098408
5 16 5 16 0.32100033
3 18 3 18 0.12905028
50 62 49 62 0.01395967
45 64 44 64 0.00693137
45 68 44 68 0.00949349
45 68 45 68 0.00537897
43 67 42 67 0.00236866
43 67 43 67 0.26008867
38 73 38 73 0.15931527
