116 142 116 142 0.00723143
115 143 115 143 0.01265353
3 113 3 113 0.00081481
3 157 3 157 0.39966030
3 156 3 157 0.00118882
117 141 117 141 0.00233080
126 143 126 143 0.01440307
127 142 127 142 0.00974597
110 149 110 149 0.02614463
136 141 136 141 0.01606194
136 145 136 145 0.00575789
136 142 136 142 0.00114871
136 140 136 140 0.06846884
130 139 130 139 0.00232768
130 145 130 145 0.16209856
128 147 128 147 0.11732922
128 141 128 141 0.00255480
109 150 109 150 0.03179567
137 144 137 144 0.00706794
129 140 129 140 0.00134827
129 146 129 146 0.16210958
13 155 13 155 0.03456233
134 141 134 141 0.08414691
134 142 134 142 0.23004773
118 140 118 140 0.00374813
95 103 95 103 0.03815564
135 146 135 146 0.01417167
135 140 135 140 0.12645574
135 142 135 142 0.02397944
135 141 135 141 0.12551774
12 156 12 156 0.03386270
111 117 111 117 0.02923842
102 110 102 110 0.05651489
103 109 103 109 0.28085460
99 112 99 112 0.01887697
4 112 4 112 0.01342737
4 155 4 156 0.00491224
4 156 4 156 0.35470026
112 147 112 147 0.02254510
104 108 104 108 0.25653062
2 158 2 159 0.00435451
1 159 1 160 0.00164456
1 159 1 159 0.14998709
96 102 96 102 0.04481716
119 139 119 139 0.00078427
113 146 113 146 0.02367453
