30 84 30 84 0.18862967
30 80 30 80 0.00350147
30 81 30 81 0.01042093
120 154 120 154 0.28218900
4 156 4 156 0.16258798
4 112 4 112 0.24264594
4 23 4 23 0.00238886
52 58 52 58 0.07833837
52 60 52 60 0.22429462
52 63 52 63 0.00511053
103 109 103 109 0.15150393
31 83 31 83 0.20771467
102 110 102 110 0.05368038
125 149 125 149 0.20115967
44 68 44 68 0.18394227
135 141 135 141 0.14247623
135 140 135 140 0.07635076
135 146 135 146 0.00260441
135 139 135 139 0.02742477
111 119 111 119 0.00116518
111 117 111 117 0.00576867
111 118 111 118 0.03405833
114 119 114 119 0.00838433
114 156 114 156 0.01089967
12 109 12 109 0.00269925
12 156 12 156 0.01824906
12 102 12 102 0.04789000
118 159 118 159 0.17197033
47 65 47 65 0.26548113
34 77 34 77 0.22223433
51 61 51 61 0.35816498
51 64 51 64 0.03886967
51 59 51 59 0.00429798
9 21 9 21 0.02135630
9 106 9 106 0.06167533
9 18 9 18 0.02113257
95 110 95 110 0.01588310
95 103 95 103 0.17814377
37 74 37 74 0.20169067
119 158 119 158 0.06541333
119 154 119 154 0.01109893
113 159 113 159 0.00406743
2 160 2 160 0.02900840
133 140 133 140 0.00225191
133 139 133 139 0.00098737
133 141 133 141 0.01798443
96 102 96 102 0.06496497
96 109 96 109 0.00851540
11 19 11 19 0.01895347
11 110 11 110 0.00600253
11 103 11 103 0.04549267
40 71 40 71 0.25802243
27 87 27 87 0.22333000
122 152 122 152 0.23603900
124 150 124 150 0.23606567
24 90 24 90 0.05142067
24 89 24 89 0.13419167
28 86 28 86 0.19956100
112 160 112 160 0.00577377
48 63 48 63 0.11857933
6 109 6 109 0.05260933
6 23 6 23 0.00500030
6 156 6 156 0.00627990
53 59 53 59 0.20076778
53 62 53 62 0.00242026
49 63 48 63 0.00195539
121 153 121 153 0.20106233
41 70 41 70 0.32214774
104 108 104 108 0.16636370
127 146 127 146 0.00361623
15 23 15 23 0.00916900
38 73 38 73 0.25726670
110 119 110 119 0.00904237
46 66 46 66 0.19487864
126 148 126 148 0.23514467
29 85 29 85 0.23070100
29 82 29 82 0.00565490
33 78 33 78 0.23652400
117 160 117 160 0.05263367
117 159 117 159 0.01466350
36 75 36 75 0.22223433
50 65 50 65 0.00472797
3 113 3 113 0.06965963
3 157 3 157 0.28016686
5 155 5 155 0.00834875
5 157 5 157 0.00840060
5 24 5 24 0.00296132
5 113 5 113 0.00320191
116 159 116 159 0.00297670
116 160 116 160 0.03858533
8 19 8 19 0.01741443
8 22 8 22 0.01229177
8 107 8 107 0.06495500
123 151 123 151 0.20115967
22 91 22 91 0.12815767
115 155 115 155 0.01703530
115 157 115 157 0.00356440
129 146 129 146 0.24077315
129 145 129 145 0.00955947
134 139 134 139 0.00137880
134 147 134 147 0.00141972
134 140 134 140 0.00817657
134 142 134 142 0.40005473
134 141 134 141 0.03846375
39 72 39 72 0.25892503
130 145 130 145 0.24185059
128 146 128 146 0.00989570
128 147 128 147 0.20350837
137 144 137 144 0.00845385
35 76 35 76 0.20169100
10 111 10 111 0.01219070
10 159 10 159 0.00050913
10 105 10 105 0.04182333
10 20 10 20 0.01818147
10 15 10 15 0.02756803
26 87 26 87 0.01031413
26 88 26 88 0.20904300
23 90 23 90 0.10607300
23 93 23 93 0.01186417
23 92 23 92 0.01508253
32 82 32 82 0.01191107
32 79 32 79 0.27135200
32 80 32 80 0.00742910
32 81 32 81 0.00415777
136 140 136 140 0.12686087
136 145 136 145 0.00403675
136 141 136 141 0.01712776
