102 126 102 126 0.00999244
61 109 61 109 0.03746400
61 103 61 103 0.01998842
61 105 61 105 0.00816067
61 101 61 101 0.03562433
128 136 128 136 0.00194549
128 141 128 141 0.18440916
71 93 71 93 0.38389946
71 95 71 95 0.00116534
133 147 133 147 0.00078217
133 137 133 137 0.04723955
21 153 21 153 0.00421987
21 131 21 131 0.00261034
21 47 21 47 0.00136092
78 87 78 87 0.39626206
70 96 70 96 0.00110337
70 94 70 94 0.51946875
53 118 53 118 0.01755200
53 109 53 109 0.00221478
53 114 53 114 0.00397951
53 105 53 105 0.00051211
53 111 53 111 0.06223733
3 131 3 131 0.00410885
3 13 3 13 0.16969863
123 147 123 147 0.00346383
123 145 123 145 0.02561884
129 135 129 135 0.00278259
129 140 129 140 0.19240973
118 123 118 123 0.06006646
118 125 118 125 0.00065198
118 146 118 146 0.00079138
54 113 54 113 0.00217225
54 102 54 102 0.00065185
54 104 54 104 0.00053125
54 116 54 116 0.08966691
54 108 54 108 0.00241792
54 110 54 110 0.06884900
120 148 120 148 0.00221665
120 126 120 126 0.00057744
43 120 43 120 0.00876770
43 123 43 123 0.01214163
43 125 43 125 0.07957194
43 127 43 127 0.01262053
43 121 43 121 0.00921747
23 153 23 153 0.00449291
23 29 23 29 0.00170265
23 126 23 126 0.00065196
23 45 23 45 0.00293205
23 147 23 147 0.00398523
124 146 124 146 0.02743573
124 140 124 140 0.00068045
124 130 124 130 0.00105754
124 144 124 144 0.02359698
12 18 12 18 0.00053157
40 131 40 131 0.00056065
140 148 140 148 0.03785270
114 121 114 121 0.00178578
57 102 57 102 0.00176204
57 64 57 64 0.00625010
57 99 57 99 0.00070304
57 107 57 107 0.02900590
57 113 57 113 0.10464819
57 62 57 62 0.01127613
57 108 57 108 0.02896000
41 130 41 130 0.00088077
41 127 41 127 0.00851260
44 128 44 128 0.00401590
44 126 44 126 0.00945303
44 122 44 122 0.01220083
44 118 44 118 0.00934457
44 119 44 119 0.00803541
44 124 44 124 0.08640448
55 115 55 115 0.09258694
55 65 55 65 0.00074252
55 112 55 112 0.00271483
55 101 55 101 0.00094704
55 103 55 103 0.00068607
55 109 55 109 0.06609667
58 112 58 112 0.10534187
58 105 58 105 0.01044587
58 101 58 101 0.00260613
58 63 58 63 0.01443474
58 109 58 109 0.00293164
58 98 58 98 0.00061566
126 143 126 143 0.04513902
126 146 126 146 0.00488789
126 142 126 142 0.03526933
126 138 126 138 0.00084234
126 144 126 144 0.05918602
26 129 26 129 0.00080463
26 148 26 148 0.03218412
26 128 26 128 0.00272371
26 147 26 147 0.05679100
47 120 47 120 0.06798893
47 123 47 123 0.00606443
47 104 47 104 0.00113558
47 125 47 125 0.00648863
47 116 47 116 0.03957432
47 121 47 121 0.06801002
80 86 80 86 0.00255492
80 85 80 85 0.25287633
69 97 69 97 0.00095276
69 95 69 95 0.31799236
20 150 20 150 0.10402758
20 149 20 149 0.00597077
20 26 20 26 0.00260637
20 151 20 151 0.01283177
20 25 20 25 0.00650517
20 27 20 27 0.00227945
20 36 20 36 0.03109021
121 145 121 145 0.00123354
121 147 121 147 0.00702283
63 108 63 108 0.01613417
63 107 63 107 0.02870957
63 102 63 102 0.05066567
63 99 63 99 0.03917900
18 151 18 151 0.00851267
18 38 18 38 0.29755698
18 152 18 152 0.12384810
122 144 122 144 0.00103336
122 146 122 146 0.02043791
122 127 122 127 0.00055087
5 11 5 11 0.15074901
5 13 5 13 0.03905788
5 20 5 20 0.00252732
5 153 5 153 0.00059791
50 102 50 102 0.03199961
50 64 50 64 0.00244951
50 123 50 123 0.00068655
50 113 50 113 0.07980433
50 120 50 120 0.02533437
50 117 50 117 0.06879500
50 121 50 121 0.01131973
60 111 60 111 0.00450840
60 109 60 109 0.05270767
60 103 60 103 0.00707343
60 105 60 105 0.03150205
22 148 22 148 0.01153539
22 153 22 153 0.00407137
77 88 77 88 0.43801154
136 147 136 147 0.00208759
65 104 65 104 0.06737156
65 99 65 99 0.18933591
73 92 73 92 0.09110116
73 91 73 91 0.25617330
19 150 19 150 0.01044767
19 151 19 151 0.12180409
19 152 19 152 0.01301450
19 154 19 154 0.02615813
19 37 19 37 0.05790165
125 129 125 129 0.00368333
125 139 125 139 0.00074808
125 147 125 147 0.00120564
125 145 125 145 0.05619723
76 89 76 89 0.39694519
139 144 139 144 0.00523370
139 149 139 149 0.02650736
45 121 45 121 0.01363417
45 117 45 117 0.01350783
45 127 45 127 0.00895097
45 125 45 125 0.00995583
45 123 45 123 0.10696635
45 120 45 120 0.00528013
138 145 138 145 0.03425285
52 111 52 111 0.03173750
52 115 52 115 0.00591163
52 119 52 119 0.00870020
52 118 52 118 0.02846397
52 112 52 112 0.03503100
101 127 101 127 0.10573237
74 91 74 91 0.20790684
141 147 141 147 0.04650299
28 41 28 41 0.01997777
28 147 28 147 0.12333640
17 153 17 153 0.07430448
17 39 17 39 0.03017761
72 93 72 93 0.00561066
72 92 72 92 0.28430326
10 18 10 18 0.02229328
6 19 6 19 0.00359832
6 11 6 11 0.02753155
68 96 68 96 0.42657416
64 105 64 105 0.08251670
64 101 64 101 0.07713497
64 100 64 100 0.03507367
64 98 64 98 0.04641367
11 16 11 16 0.00268800
11 17 11 17 0.01726946
25 129 25 129 0.00292302
25 148 25 148 0.10412200
25 153 25 153 0.00154873
25 124 25 124 0.00076788
142 147 142 147 0.00239723
27 147 27 147 0.02549432
27 148 27 148 0.03054816
27 128 27 128 0.00179327
8 20 8 20 0.00468183
104 124 104 124 0.01408918
103 125 103 125 0.10629528
119 149 119 149 0.00059213
75 90 75 90 0.39437581
127 137 127 137 0.00178281
127 145 127 145 0.00974013
67 97 67 97 0.51443635
9 19 9 19 0.01267156
59 112 59 112 0.00205133
59 105 59 105 0.01544827
59 103 59 103 0.00681100
59 111 59 111 0.10325753
32 39 32 39 0.18282369
117 124 117 124 0.00391707
51 112 51 112 0.06336700
51 119 51 119 0.02855693
51 118 51 118 0.00283278
51 122 51 122 0.00074769
4 130 4 130 0.00410089
4 149 4 149 0.00056526
4 14 4 14 0.04539174
4 154 4 154 0.00175568
4 21 4 21 0.00278579
4 12 4 12 0.17518044
7 18 7 18 0.00189734
7 11 7 11 0.01747098
137 143 137 143 0.00128491
137 146 137 146 0.00373743
137 144 137 144 0.00096894
137 151 137 151 0.00834308
1 152 1 152 0.00887944
1 23 1 23 0.00161841
1 16 1 16 0.01270070
1 17 1 17 0.09196195
1 15 1 15 0.09458523
130 139 130 139 0.26248316
24 154 24 154 0.00278517
24 152 24 152 0.00355954
24 125 24 125 0.00072175
24 146 24 146 0.00317702
24 149 24 149 0.15214030
24 150 24 150 0.01100784
42 122 42 122 0.00472397
42 126 42 126 0.03378449
42 129 42 129 0.00349950
42 128 42 128 0.00255856
42 124 42 124 0.00451143
13 17 13 17 0.00102399
48 124 48 124 0.00660307
48 103 48 103 0.00119690
48 119 48 119 0.07848125
48 115 48 115 0.05074936
48 54 48 54 0.00129054
131 149 131 149 0.00055149
131 138 131 138 0.31472751
131 154 131 154 0.00140906
49 114 49 114 0.06511714
49 118 49 118 0.07765900
49 122 49 122 0.01368080
66 103 66 103 0.06670478
66 97 66 97 0.09322612
105 123 105 123 0.01654087
56 103 56 103 0.00139113
56 109 56 109 0.01747213
56 114 56 114 0.09524013
56 63 56 63 0.00696609
56 65 56 65 0.00207478
56 100 56 100 0.00118796
56 111 56 111 0.00296939
135 153 135 153 0.00686675
135 145 135 145 0.00166515
135 148 135 148 0.00186693
62 100 62 100 0.03781067
62 103 62 103 0.04015896
62 109 62 109 0.01110680
62 101 62 101 0.00670161
29 40 29 40 0.01304127
29 42 29 42 0.13714367
29 146 29 146 0.04074252
81 85 81 85 0.00809887
79 86 79 86 0.37590395
46 122 46 122 0.11347771
46 126 46 126 0.00765449
46 105 46 105 0.00153094
46 119 46 119 0.00515980
46 118 46 118 0.01142420
46 124 46 124 0.00906077
134 146 134 146 0.00167975
134 154 134 154 0.00569487
134 149 134 149 0.07961549
110 119 110 119 0.00898244
30 41 30 41 0.23430967
30 39 30 39 0.02879477
2 15 2 15 0.00909957
2 9 2 9 0.00087301
2 16 2 16 0.09186042
2 151 2 151 0.00258644
2 7 2 7 0.16262586
2 23 2 23 0.00154155
2 14 2 14 0.14307293
2 22 2 22 0.00103031
31 38 31 38 0.02500609
31 40 31 40 0.18150098
109 120 109 120 0.04889995
109 125 109 125 0.00051076
