9 18 9 18 0.30112425
7 20 7 20 0.13270544
116 125 116 125 0.00053700
117 124 117 124 0.00411065
51 58 50 58 0.00089974
4 62 4 62 0.03022747
4 23 4 23 0.15642708
4 52 4 52 0.02406113
66 75 66 75 0.01696303
66 131 66 130 0.00086109
131 138 131 137 0.00221623
131 138 130 138 0.00129439
130 139 130 138 0.00151470
24 32 24 33 0.00050068
24 32 24 31 0.00334877
24 32 24 32 0.03148811
24 34 24 33 0.00384674
24 34 23 34 0.00142912
24 31 24 31 0.02585347
24 31 24 30 0.00148747
24 30 24 30 0.01224862
24 30 24 29 0.00102495
112 117 111 117 0.00333954
105 123 106 122 0.00228907
105 123 105 123 0.27242189
56 63 56 63 0.07827535
29 38 28 37 0.00491237
36 41 35 41 0.00133322
79 86 79 84 0.00508421
107 122 107 121 0.00142099
2 25 2 25 0.11798643
2 64 2 64 0.15968400
109 120 109 119 0.00523941
110 119 109 119 0.00283600
110 119 110 118 0.00259178
65 99 65 100 0.00174259
76 87 76 87 0.08150167
76 89 75 88 0.00918102
76 89 76 87 0.00271942
141 147 141 147 0.10588351
141 148 141 148 0.01066097
74 89 74 89 0.16842500
52 67 52 67 0.05099900
52 63 52 63 0.02050095
52 68 51 68 0.00066075
101 127 101 127 0.42671518
101 127 101 126 0.00273552
28 39 27 38 0.00438957
10 18 9 18 0.00091878
68 96 68 96 0.25083251
11 16 11 16 0.27366994
11 16 10 16 0.00065521
104 124 104 124 0.21226539
104 124 105 123 0.00201938
75 90 75 88 0.00264512
75 90 74 89 0.00838022
103 125 103 125 0.42518005
103 125 104 124 0.00220056
8 19 8 19 0.06501594
67 133 67 133 0.08740084
67 74 67 74 0.04810867
67 130 67 129 0.00129306
142 147 142 147 0.02988327
25 33 24 33 0.00163671
25 33 24 32 0.00762595
27 39 26 39 0.00206754
27 39 27 38 0.00074457
27 33 28 33 0.00099022
57 62 57 62 0.08885171
57 64 56 63 0.00075538
41 48 41 48 0.02129027
26 41 25 41 0.00104342
111 118 110 118 0.00629638
111 118 111 117 0.00275708
58 63 57 62 0.00077157
77 86 77 86 0.16649067
77 88 76 87 0.01117442
77 88 77 86 0.00528910
100 128 101 127 0.00058065
102 126 101 126 0.00082822
102 126 103 125 0.00229810
78 87 77 86 0.00905065
70 94 70 94 0.40100455
53 67 52 67 0.00163331
3 63 3 63 0.02211630
3 24 3 24 0.04138507
106 122 107 121 0.00160793
106 122 106 122 0.25455282
23 33 23 34 0.00124885
140 148 140 148 0.10913810
