102 119 102 119 0.00416120
70 94 70 94 0.42309478
133 149 131 149 0.00064818
133 149 134 149 0.24181377
3 24 3 24 0.00051098
118 123 118 123 0.14931342
124 129 124 130 0.00920966
12 45 12 45 0.09537593
140 148 140 148 0.05093335
114 141 114 141 0.00227300
57 62 57 62 0.04584368
58 101 58 101 0.02643405
20 36 20 36 0.14584038
50 58 50 58 0.09301600
50 102 50 102 0.15779367
50 64 50 64 0.02432072
60 105 60 105 0.00828239
18 38 18 38 0.42002081
77 86 78 87 0.01516432
77 86 77 88 0.00618391
14 43 14 43 0.29996499
65 100 65 99 0.00228324
136 146 137 146 0.03727690
76 87 77 88 0.01334023
76 87 76 89 0.00444785
19 37 19 37 0.21092951
141 147 141 147 0.05296823
74 89 75 90 0.01404511
74 89 74 91 0.00575716
101 120 101 120 0.00143415
101 126 101 127 0.00501598
101 127 101 127 0.06803933
52 100 52 100 0.00798230
17 39 17 39 0.15243202
15 41 15 41 0.22729723
11 16 11 16 0.01629279
64 101 64 101 0.19946034
68 96 68 96 0.27376144
67 97 67 97 0.57073679
75 88 75 90 0.00434513
75 88 76 89 0.01531384
104 124 104 124 0.06876494
8 19 8 19 0.00101361
103 125 103 125 0.18680791
142 147 142 147 0.00822116
59 100 59 100 0.00692363
9 18 9 18 0.00523988
116 138 116 139 0.00376030
4 23 4 23 0.00161383
51 57 51 57 0.02840113
51 101 51 101 0.02301850
117 124 117 124 0.03212392
117 137 117 137 0.00947933
49 103 49 103 0.03879867
131 137 131 138 0.01262644
130 138 131 138 0.00489252
130 138 130 139 0.01112515
13 44 13 44 0.22738474
1 16 1 16 0.01775104
137 145 135 145 0.00061129
137 145 138 145 0.15566954
105 123 105 123 0.06525079
62 103 62 103 0.03937212
62 101 62 101 0.00989391
115 140 115 140 0.00278106
135 147 136 147 0.03153930
56 63 56 63 0.04380200
134 148 135 148 0.03257246
79 84 80 85 0.01337672
79 84 79 86 0.00630172
107 121 107 122 0.00073859
109 119 109 120 0.00226036
2 15 2 15 0.00809866
2 7 2 7 0.25813604
