56 56 0.98854700
3 3 0.92823300
144 144 0.99624800
71 71 0.98369400
105 105 0.98207500
10 10 0.69911400
18 18 0.71983400
104 104 0.98215100
69 69 0.98379300
124 124 0.64095100
123 123 0.82781000
50 50 0.99006900
151 151 0.61862900
92 92 0.99268300
31 31 0.99062800
102 102 0.66826900
68 68 0.98380700
17 17 0.95505300
9 9 0.42097700
155 155 0.80954800
7 7 0.05111460
73 73 0.98339400
142 142 0.99863700
126 126 0.60998900
135 135 0.92015500
61 61 0.97659700
61 62 0.00599941
91 91 0.26079500
21 21 0.99385800
83 83 0.81456800
136 136 0.95183500
36 36 0.99073300
43 43 0.99043400
143 143 0.97388900
121 121 0.99895000
89 89 0.99747800
33 33 0.99062400
78 78 0.98330300
125 125 0.75614400
145 145 0.99573200
111 111 0.97045400
96 96 0.81235500
131 131 0.82975700
19 19 0.67731300
153 153 0.67443700
37 37 0.99073400
74 74 0.98335300
25 25 0.99072700
12 12 0.92187500
67 67 0.98368900
157 157 0.63191500
28 28 0.99071600
15 15 0.94612800
77 77 0.98319000
52 52 0.98962900
48 48 0.99030400
55 55 0.98919400
53 53 0.98910900
53 54 0.00055154
23 23 0.99069100
22 22 0.51385400
87 87 0.99762000
100 99 0.00054435
100 100 0.98237700
101 101 0.70166400
129 129 0.59670100
114 114 0.62988800
128 128 0.51203700
110 110 0.97057000
106 106 0.34984500
147 147 0.59063900
132 132 0.84156500
80 80 0.86750900
57 57 0.98745400
57 58 0.00080240
40 40 0.99048100
63 64 0.00096716
63 63 0.97951300
84 84 0.81979000
98 99 0.00050991
98 98 0.98303500
86 86 0.26046900
156 156 0.81061900
79 79 0.98323000
159 159 0.99975800
148 148 0.04434520
32 32 0.99062400
13 13 0.76603400
137 137 0.95192300
134 134 0.98240100
154 154 0.77717200
29 29 0.99074200
99 99 0.98229700
99 100 0.00078487
120 120 0.92629700
38 38 0.99073500
4 4 0.93059900
93 93 0.82009100
20 20 0.99393900
117 117 0.73962200
24 24 0.99071700
62 62 0.97684400
62 61 0.00081820
62 63 0.00374804
72 72 0.98367300
130 130 0.25210400
64 64 0.98277500
158 158 0.92615100
60 60 0.97773100
60 61 0.00575778
5 5 0.72902100
14 14 0.84540300
94 94 0.81471300
122 122 0.63361000
103 103 0.03604940
90 90 0.99772000
82 82 0.87083100
1 1 0.99991400
49 49 0.99008500
113 113 0.75463900
76 76 0.98298900
139 139 0.02101720
119 119 0.74491600
118 118 0.73061200
116 116 0.77863700
44 44 0.99057500
66 66 0.98374200
51 51 0.99022100
108 108 0.60520100
112 112 0.52350400
85 85 0.99208300
109 109 0.94698100
8 8 0.66889800
58 58 0.98061000
58 59 0.00301246
35 35 0.99072900
152 152 0.65476100
30 30 0.99072900
42 42 0.99054500
46 46 0.99054700
149 149 0.37139300
97 97 0.86753000
115 115 0.49975600
34 34 0.99062800
127 127 0.50414900
54 53 0.00076723
54 54 0.98914900
88 88 0.99746700
45 45 0.99067900
81 81 0.81234800
6 6 0.99769300
11 11 0.74080000
2 2 0.99996600
65 65 0.98362500
95 95 0.87084600
140 140 0.59351100
133 133 0.87309100
27 27 0.99074300
59 60 0.00519484
59 59 0.97833900
26 26 0.99074600
39 39 0.99066800
141 141 0.48903200
70 70 0.98369500
75 75 0.98323300
150 150 0.34207300
16 16 0.88571700
41 41 0.99057400
107 107 0.68403800
146 146 0.48598800
47 47 0.99041500
138 138 0.58482400
