78 77 0.01857240
78 78 0.41505900
113 113 0.33893600
92 92 0.99911700
106 105 0.00851584
106 107 0.00190818
106 106 0.96439800
142 142 0.39969400
137 137 0.99194300
3 3 0.55559700
52 52 0.29281400
52 51 0.04600990
28 28 0.64477200
94 94 0.92592700
61 61 0.01043720
61 60 0.10515400
141 141 0.66534300
121 121 0.14852300
138 138 0.99197000
72 71 0.00138787
72 72 0.24635800
53 52 0.09382560
53 53 0.17404000
67 67 0.02207290
67 66 0.05722060
50 50 0.32981200
50 49 0.00104910
87 87 0.39678500
110 110 0.39069500
8 8 0.57749800
89 89 0.99954600
159 159 0.99998600
4 4 0.74706300
86 86 0.29232100
124 124 0.33414100
27 27 0.84075700
63 62 0.01829190
63 64 0.00205048
63 63 0.12195500
37 37 0.13658900
6 6 0.99995500
70 70 0.84806900
70 69 0.13485800
5 5 0.99992900
55 55 0.00997574
55 54 0.01722870
99 99 0.98985800
99 100 0.00219558
12 12 0.99998100
109 109 0.96889500
109 108 0.00356600
15 15 0.88948600
130 130 0.97363600
93 93 0.13641300
126 126 0.36573600
153 153 0.77136200
45 45 0.29232100
105 105 0.96563700
105 104 0.00758261
105 106 0.00162765
102 103 0.00113606
102 102 0.97468500
58 57 0.24448200
58 58 0.00291083
91 91 0.89413800
116 116 0.13808800
23 23 0.88948100
34 34 0.75856700
133 133 0.97603700
73 73 0.02013600
73 72 0.03876920
81 81 0.29269400
56 56 0.05686300
56 55 0.01591450
32 32 0.45447900
64 63 0.52617800
64 64 0.44377800
64 65 0.00263772
16 16 0.99990900
139 139 0.99993000
13 13 0.89987400
10 10 0.74983600
155 155 0.90041400
157 157 0.65515800
101 101 0.97718600
101 102 0.00050985
149 149 0.86480100
123 123 0.41935900
118 119 0.00075226
118 118 0.96538800
43 43 0.06990340
156 156 0.70004200
35 35 0.80545600
82 82 0.12295500
65 64 0.14848800
65 65 0.82204000
65 66 0.00215591
80 80 0.93729900
80 79 0.00213771
74 74 0.07528310
74 73 0.05257590
11 11 0.58239400
158 158 0.66954500
128 128 0.95555200
115 115 0.43257100
57 57 0.04065660
57 56 0.01609890
77 76 0.00337674
77 77 0.34244300
14 14 0.92647500
154 154 0.04176590
127 127 0.95554900
17 17 0.99995100
90 90 0.99941100
51 51 0.89876600
51 50 0.01115960
44 44 0.39678600
151 151 0.99988700
145 145 0.99985100
60 60 0.13573300
60 59 0.84653400
25 25 0.99982900
97 97 0.66486700
20 20 0.99995700
40 40 0.99943100
146 146 0.99993400
125 125 0.48090900
96 96 0.39965500
152 152 0.86929700
136 136 0.97779500
98 98 0.72114500
98 99 0.00449719
42 42 0.99238700
147 147 0.99994300
2 2 0.62252300
148 148 0.77255500
59 59 0.01056010
59 58 0.28610800
9 9 0.54708300
84 84 0.33616700
120 120 0.96550500
160 160 0.99998900
66 66 0.86839400
66 67 0.00084008
66 65 0.10286200
131 131 0.97364900
71 70 0.00954117
71 71 0.28776200
54 53 0.22892000
54 54 0.13265800
21 21 0.99993300
39 39 0.89427200
143 143 0.64026500
36 36 0.99941100
31 31 0.99977500
1 1 0.99996300
132 132 0.97603900
41 41 0.99965700
69 68 0.00940300
69 69 0.10660400
95 95 0.71404800
107 106 0.00918193
107 108 0.00219848
107 107 0.96343900
79 79 0.97348900
79 78 0.01950330
30 30 0.99974900
114 114 0.39752000
24 24 0.92645500
7 7 0.04175930
112 112 0.97560600
134 134 0.97706300
19 19 0.89986600
48 48 0.39804100
76 75 0.08374470
76 76 0.11913800
103 103 0.96815300
103 104 0.00190203
103 102 0.00122264
111 111 0.49303800
26 26 0.99980700
129 129 0.97363600
18 18 0.99996000
38 38 0.99943000
150 150 0.91856800
22 22 0.99992200
68 67 0.00166868
68 68 0.00951853
108 108 0.96387200
108 107 0.00736592
108 109 0.00106908
135 135 0.97705000
140 140 0.72566200
100 101 0.01053780
100 100 0.98119200
46 46 0.33746200
49 49 0.12190100
104 105 0.00166279
104 104 0.96630500
104 103 0.00685488
85 85 0.33746200
75 75 0.79758900
75 74 0.04662010
88 88 0.06990960
119 119 0.96546700
119 120 0.00069559
62 61 0.00841762
62 62 0.00329263
62 63 0.00065491
117 117 0.96571400
117 118 0.00055088
144 144 0.99986200
29 29 0.99989700
33 33 0.72569900
47 47 0.33616400
122 122 0.38144000
83 83 0.39812600
