90 100 0.00072470
90 97 0.00141993
90 90 0.22730823
90 87 0.00054861
90 92 0.09136513
90 91 0.16653742
90 95 0.00063477
90 98 0.00247512
90 93 0.00186731
90 94 0.00115365
88 91 0.00321268
88 98 0.00082472
88 96 0.00200556
88 89 0.04875653
88 97 0.00073763
88 90 0.08837749
88 88 0.46134385
88 92 0.00208520
88 93 0.00138849
13 17 0.00953397
13 16 0.00828055
13 19 0.01698694
13 18 0.01680012
13 20 0.00579204
13 13 0.31819080
13 14 0.02932544
13 15 0.00461864
70 71 0.00172789
70 75 0.00146986
70 74 0.00552395
70 73 0.00208488
70 70 0.53299300
70 76 0.00421351
70 72 0.00786745
70 79 0.00057548
70 77 0.00267408
119 118 0.03007114
119 119 0.57838939
97 99 0.10525820
97 100 0.00112515
97 97 0.34924825
97 98 0.16151269
97 96 0.00089136
40 48 0.00275017
40 49 0.00356210
40 46 0.18977483
40 47 0.01465497
40 40 0.53085888
40 50 0.00551279
126 125 0.00948114
126 126 0.42351516
74 74 0.51881422
74 75 0.00346647
74 80 0.00241753
74 76 0.00519864
74 79 0.01222328
74 77 0.00818825
74 81 0.00065462
14 21 0.02927848
14 15 0.13647003
14 14 0.26119740
14 17 0.00807938
14 16 0.00317561
14 18 0.07392619
14 20 0.03689693
14 19 0.02160039
32 32 0.25351941
32 39 0.00137125
32 42 0.00051839
32 40 0.02110424
48 57 0.01045980
48 48 0.26255515
48 55 0.02339036
48 53 0.00128142
48 58 0.01004855
48 54 0.17686486
48 56 0.00267882
44 44 0.28796715
44 50 0.01238936
44 51 0.02078630
44 53 0.00145899
111 112 0.00899265
111 111 0.31825493
111 110 0.00366357
60 69 0.00187251
60 66 0.19270076
60 65 0.01475543
60 67 0.00379221
60 60 0.22089308
60 64 0.00127043
60 70 0.00078730
84 85 0.00173209
84 86 0.00511014
84 88 0.00120263
84 87 0.00231262
84 84 0.06548297
23 23 0.41411630
23 31 0.00087079
23 30 0.26210154
23 28 0.04679033
23 29 0.00674889
7 8 0.00091330
7 7 0.37847064
67 67 0.12405479
67 76 0.00091847
67 72 0.01075721
67 73 0.07079540
67 71 0.00449888
28 28 0.25631752
28 35 0.14955887
28 36 0.00161270
127 127 0.73470195
122 122 0.48289785
122 121 0.00108472
122 123 0.00195029
91 94 0.00147154
91 93 0.11057861
91 91 0.31059333
91 95 0.00071673
91 98 0.00155745
91 96 0.00053598
91 92 0.15985440
91 90 0.00055697
68 76 0.00114571
68 72 0.00603332
68 77 0.00088533
68 71 0.00081493
68 75 0.00130069
68 74 0.01424234
68 68 0.18855908
68 73 0.03485989
22 30 0.00050398
22 22 0.40995045
22 29 0.00125170
109 109 0.41537424
109 108 0.24173655
109 110 0.00579010
101 103 0.02878181
101 102 0.03707546
101 100 0.00288725
101 101 0.43848145
81 81 0.22451655
81 82 0.00232996
81 83 0.03830912
81 84 0.00128983
35 43 0.00091916
35 41 0.00114558
35 42 0.02315298
35 44 0.00139722
35 45 0.00147658
35 35 0.40047098
83 83 0.55479162
83 84 0.00363333
11 11 0.26958618
121 121 0.44689687
26 26 0.22787719
26 33 0.00241456
37 43 0.00488879
37 37 0.37572789
37 44 0.04234709
37 47 0.00050273
37 45 0.00226733
37 46 0.00196152
15 18 0.01544084
15 20 0.02062642
15 19 0.07854248
15 17 0.00216607
15 16 0.04947436
15 22 0.04991300
15 15 0.15319641
15 21 0.09333599
55 64 0.00200756
55 62 0.01390329
55 59 0.00172532
55 55 0.30941992
55 61 0.10177983
55 65 0.00079843
55 58 0.00124573
55 68 0.00097153
55 63 0.00266997
10 13 0.00084358
10 14 0.00052249
10 10 0.28663048
10 11 0.00995078
27 27 0.16516051
58 58 0.48573468
58 66 0.00117667
58 71 0.00113754
58 68 0.00067029
58 63 0.01506782
58 64 0.00378402
58 62 0.00054627
58 67 0.00492345
31 31 0.25818350
31 38 0.03149321
128 128 0.55823513
42 52 0.00065114
42 51 0.00114360
42 50 0.00329162
42 49 0.06346016
42 42 0.34672179
42 48 0.20960522
46 46 0.35268311
46 55 0.00219881
46 54 0.00056658
46 53 0.00402840
46 52 0.00954528
46 56 0.00629325
117 116 0.00826842
117 118 0.00154497
117 117 0.48568119
12 12 0.30884477
12 15 0.00964545
12 14 0.00369872
12 13 0.14030005
12 16 0.03709900
12 17 0.00151155
12 18 0.00918338
12 19 0.00283660
107 107 0.48597577
107 106 0.18133363
38 47 0.00942208
38 45 0.01482258
38 46 0.00228444
38 44 0.14214411
38 48 0.00394409
38 38 0.28687961
93 95 0.11342385
93 96 0.00085967
93 100 0.00150777
93 92 0.00058656
93 101 0.00257588
93 94 0.16561968
93 93 0.51869098
53 63 0.02124351
53 53 0.47888872
53 58 0.01048381
53 61 0.00153427
53 59 0.09213013
53 62 0.01942848
53 57 0.00128931
53 60 0.00140637
54 60 0.00615103
54 57 0.00176002
54 64 0.00080312
54 62 0.00487556
54 61 0.01880333
54 59 0.00209369
54 54 0.23212618
54 58 0.00266076
54 63 0.02352427
1 1 0.94758167
33 40 0.01620963
33 33 0.09269111
33 41 0.00124067
106 106 0.48815366
106 105 0.00551994
45 45 0.18960001
45 55 0.00449431
45 54 0.01591667
45 51 0.05546497
45 52 0.00390924
125 125 0.50570783
118 117 0.00216373
118 118 0.47511311
51 56 0.00071797
51 51 0.29489047
51 54 0.00098731
51 58 0.01613589
51 59 0.00120564
51 61 0.00425320
51 57 0.10174227
99 99 0.37089381
99 101 0.05606545
99 100 0.02617492
99 98 0.00074699
94 94 0.36611056
94 101 0.00139403
94 96 0.00369402
94 95 0.15482630
100 101 0.07720008
100 99 0.00310696
100 102 0.04319621
100 100 0.23976438
62 75 0.00125032
62 69 0.00088984
62 68 0.00222469
62 71 0.00163320
62 67 0.00067486
62 70 0.00224757
62 62 0.46743147
62 72 0.03777882
72 72 0.59149101
72 76 0.00148113
72 77 0.01023053
72 73 0.11658363
72 75 0.00158264
72 74 0.01617986
5 5 0.28550600
24 31 0.00112785
24 24 0.23420276
105 104 0.21662319
105 103 0.00326435
105 105 0.53757866
2 2 0.41886650
2 4 0.00092099
25 30 0.00140566
25 25 0.21380739
25 32 0.07010651
30 37 0.00192884
30 38 0.00692307
30 30 0.09827955
114 115 0.00087975
114 113 0.13384339
114 114 0.45089678
82 84 0.00825886
82 83 0.07896984
82 82 0.20116978
82 87 0.00061834
82 86 0.00072740
82 85 0.00066939
9 11 0.00272921
9 10 0.07814856
9 13 0.00455636
9 9 0.28068595
47 53 0.01282699
47 54 0.04558574
47 56 0.00391821
47 47 0.24211634
47 57 0.00938416
47 55 0.00489043
34 34 0.07433022
34 40 0.00052402
34 44 0.00285881
34 42 0.01214854
34 41 0.10115871
17 23 0.04825950
17 24 0.02665645
17 17 0.57868000
17 25 0.00084111
17 22 0.01563883
17 21 0.00255446
71 71 0.49027327
71 74 0.00230677
71 75 0.00287041
71 73 0.00765628
71 76 0.00072689
71 80 0.00051655
71 72 0.06134427
87 92 0.00177325
87 87 0.51682484
87 88 0.17790446
87 90 0.00384783
87 97 0.00111961
87 89 0.06891310
87 96 0.00065546
87 95 0.00081091
87 91 0.00325505
89 90 0.01093635
89 89 0.33419024
89 91 0.01606801
61 71 0.00080381
61 66 0.01522463
61 65 0.00234931
61 69 0.00274210
61 70 0.00520872
61 61 0.14821267
61 67 0.19701998
79 87 0.00092884
79 82 0.00226757
79 81 0.01242181
79 79 0.16007099
79 80 0.17636708
57 63 0.19087353
57 65 0.00347914
57 66 0.01636692
57 67 0.05096136
57 57 0.45393849
57 62 0.01628290
57 70 0.00109751
76 86 0.00073963
76 76 0.45542054
76 80 0.00718401
76 79 0.03495176
76 77 0.06596987
76 81 0.00192783
64 77 0.00095352
64 64 0.27233678
64 70 0.00275429
64 72 0.00632042
64 74 0.00254960
64 73 0.00788408
64 71 0.00081285
96 98 0.00165479
96 96 0.21026889
96 97 0.00341791
95 94 0.00062483
95 97 0.00225234
95 96 0.07315336
95 95 0.33616971
3 6 0.00060263
3 4 0.00090485
3 3 0.14378857
4 6 0.00139050
4 4 0.35942022
123 123 0.55261851
123 122 0.00201859
129 129 0.73893309
103 104 0.01126674
103 102 0.02000886
103 103 0.44522591
103 101 0.00269300
103 105 0.00314175
19 19 0.63159808
19 23 0.00068866
19 27 0.00144980
19 25 0.00119549
19 26 0.00962147
116 116 0.37773371
116 117 0.00246405
116 115 0.00964931
85 86 0.12474826
85 94 0.00111590
85 85 0.32424139
85 89 0.00125690
85 88 0.00259651
85 87 0.01766740
86 86 0.25928977
86 96 0.00052955
86 91 0.00103162
86 89 0.00142613
86 88 0.04303625
86 87 0.00506759
36 46 0.00092295
36 45 0.00306483
36 44 0.00405604
36 42 0.02424214
36 36 0.50872043
36 43 0.00306417
112 113 0.01996403
112 111 0.01493598
112 112 0.48023138
39 45 0.05691129
39 47 0.00199515
39 46 0.00340195
39 48 0.01025290
39 39 0.26357563
113 113 0.47729338
113 114 0.00058914
113 112 0.01389874
104 105 0.00123198
104 103 0.11603562
104 102 0.00148394
104 106 0.00089249
104 104 0.48192113
49 59 0.00924657
49 55 0.18126359
49 49 0.20849095
49 57 0.00522719
49 56 0.00544600
49 54 0.00585255
49 58 0.00904695
21 27 0.00441518
21 26 0.00054566
21 28 0.00366219
21 21 0.49964028
75 75 0.50295751
75 80 0.00357672
75 76 0.00256476
75 81 0.00090303
75 77 0.00358342
75 79 0.01363333
73 76 0.00058454
73 77 0.00563518
73 81 0.00092748
73 73 0.58863127
73 85 0.00053886
73 74 0.17552938
52 62 0.01435492
52 57 0.01326312
52 59 0.00824004
52 55 0.00123324
52 61 0.00325299
52 58 0.15138266
52 52 0.46897346
6 10 0.03413837
6 9 0.00107058
6 7 0.15267139
6 6 0.25351815
6 8 0.01529493
78 81 0.00386610
78 79 0.17830221
78 88 0.00079842
78 80 0.02762855
78 83 0.00166350
78 78 0.23382773
78 86 0.00093821
102 101 0.00962391
102 104 0.01432388
102 100 0.00303980
102 102 0.44216933
102 103 0.07361471
120 120 0.47753629
120 119 0.04127701
98 98 0.34452655
98 97 0.00170954
98 100 0.05047266
98 101 0.00050725
98 99 0.14472058
50 55 0.00260771
50 59 0.00292718
50 50 0.27270571
50 57 0.00772363
50 56 0.01914951
50 58 0.00146132
29 37 0.00052979
29 29 0.15186188
29 36 0.19035248
43 53 0.00073336
43 52 0.00162855
43 51 0.00120751
43 43 0.44749921
43 50 0.04134168
43 49 0.05268623
16 21 0.00251851
16 19 0.00404259
16 18 0.00114042
16 23 0.05447387
16 20 0.06559050
16 22 0.06267515
16 17 0.01407952
16 16 0.63108977
77 80 0.00401474
77 81 0.00070407
77 79 0.01640858
77 77 0.03444384
77 74 0.00266436
77 78 0.00203301
77 85 0.00097929
59 69 0.01943908
59 68 0.00123342
59 63 0.00069150
59 65 0.00378857
59 66 0.00850177
59 59 0.21821621
59 64 0.00188200
108 108 0.33645780
108 107 0.00996133
69 72 0.00235954
69 69 0.01773303
69 74 0.00764632
69 73 0.00582437
69 78 0.00065809
124 124 0.45060040
124 123 0.00389108
20 26 0.00168371
20 25 0.00438211
20 27 0.08052795
20 20 0.42719355
63 72 0.00883014
63 76 0.00098480
63 71 0.00463646
63 73 0.01984071
63 63 0.51129678
63 69 0.07084685
41 51 0.00292183
41 41 0.35539689
41 48 0.04473786
41 47 0.16299590
41 49 0.00365413
41 50 0.00167698
110 109 0.22976719
110 110 0.45737516
110 111 0.00752072
92 94 0.11404730
92 93 0.16544979
92 91 0.00073678
92 95 0.00089272
92 100 0.00270695
92 92 0.59642995
115 114 0.01528349
115 116 0.00056530
115 115 0.45466003
80 88 0.00091641
80 81 0.00263649
80 82 0.00065513
80 83 0.00542580
80 80 0.20202362
8 8 0.36430525
8 9 0.00106279
8 11 0.00154680
8 12 0.00050987
8 10 0.00248316
56 69 0.00103494
56 63 0.01287019
56 56 0.29988733
56 65 0.01033445
56 66 0.04816085
56 61 0.00279157
56 62 0.13697066
56 64 0.00145170
18 18 0.65568368
65 70 0.00539947
65 72 0.00161378
65 65 0.21380037
65 71 0.00280626
65 69 0.00255271
65 74 0.00131822
65 73 0.00228402
66 75 0.00117946
66 73 0.00055704
66 66 0.16767980
66 71 0.00063411
66 70 0.00198685
66 72 0.13453955
