47 47 0.05738892
47 46 0.07898907
47 50 0.00151991
47 52 0.01574662
47 53 0.03054477
34 41 0.19288898
34 33 0.00067679
34 40 0.00109688
34 34 0.02270975
82 80 0.00361251
82 84 0.00291604
82 83 0.30408147
82 82 0.02623271
82 81 0.00942784
9 9 0.16002898
9 13 0.00228140
9 11 0.00318471
9 12 0.00050640
9 10 0.12194520
17 21 0.00252556
17 18 0.00162340
17 23 0.10211709
17 24 0.06666156
17 19 0.00106068
17 17 0.30104955
17 25 0.00227881
17 22 0.01788880
71 70 0.00144123
71 72 0.16573235
71 74 0.00621394
71 75 0.01386205
71 69 0.13502754
71 73 0.02401819
71 71 0.14905937
62 68 0.00365181
62 60 0.00181292
62 62 0.13622743
72 76 0.01288012
72 70 0.16109793
72 72 0.14413270
72 75 0.00501435
72 74 0.04230460
72 73 0.34146570
72 71 0.00217715
100 99 0.06065102
100 101 0.00091679
100 100 0.18744990
100 98 0.05264323
2 2 0.60533560
2 4 0.00057176
25 25 0.08430411
25 30 0.00131878
25 32 0.18610693
30 29 0.02024715
30 37 0.00970111
30 30 0.01275802
114 109 0.00089224
114 112 0.00704413
114 111 0.35802061
114 110 0.00555054
24 31 0.01381358
24 24 0.02768642
5 5 0.04399466
5 6 0.00450967
5 9 0.00056200
105 104 0.01850176
105 100 0.00506928
105 102 0.04309872
105 103 0.19615407
105 101 0.00086560
105 105 0.00779790
129 124 0.01844229
129 125 0.00166561
129 126 0.08552075
103 100 0.00136170
103 103 0.22520627
103 102 0.20920804
103 101 0.14481477
86 84 0.00220294
86 87 0.07660177
86 88 0.00504542
86 89 0.00537073
86 86 0.42095311
86 85 0.04646980
36 42 0.08209791
36 35 0.03894236
36 43 0.00505665
36 36 0.11341278
112 108 0.00316948
112 107 0.03185124
112 110 0.08081797
112 109 0.58109955
19 25 0.00281790
19 26 0.03214421
19 19 0.19270689
19 23 0.00077188
19 27 0.00506322
116 113 0.61279002
116 111 0.00461318
116 114 0.02422086
116 112 0.01630956
85 85 0.00483625
85 86 0.00602755
85 87 0.00304078
85 88 0.00310325
85 84 0.00787802
85 83 0.00320666
76 76 0.14143174
76 77 0.12858576
76 74 0.03013244
76 75 0.00828725
57 57 0.14462850
57 62 0.04086384
57 61 0.00078592
57 55 0.00338243
57 58 0.00092076
57 56 0.00345290
57 63 0.46325020
64 62 0.00351132
64 64 0.06695850
64 70 0.00454977
64 67 0.00084797
64 63 0.00074307
96 94 0.00530706
96 95 0.07668301
96 96 0.29476540
96 97 0.00181085
95 94 0.12278501
95 93 0.10731890
95 95 0.50480752
95 96 0.00618317
3 3 0.09928265
3 4 0.00107342
4 3 0.00065397
4 4 0.29168987
4 6 0.00198651
87 86 0.00169479
87 85 0.00618443
87 90 0.00413110
87 88 0.06684836
87 87 0.44865964
87 89 0.00389159
89 91 0.00062271
89 89 0.01955553
89 90 0.00297023
89 88 0.12967499
89 87 0.17259438
89 92 0.00089063
61 60 0.00108204
61 64 0.00734093
61 59 0.11068359
61 61 0.02772989
61 67 0.46654081
61 66 0.05994513
61 65 0.01234528
79 80 0.47753033
79 83 0.00092886
79 77 0.14187211
79 79 0.01899182
79 81 0.05940592
79 82 0.01826679
79 78 0.00428531
123 119 0.00652287
123 120 0.02281493
123 118 0.00437524
120 118 0.00119099
120 116 0.00403255
120 115 0.13439854
120 117 0.27776972
98 98 0.36357999
98 96 0.01146241
98 97 0.15750007
98 99 0.00094102
50 53 0.00395111
50 56 0.07542682
50 49 0.02760635
50 50 0.02183366
50 48 0.00521640
50 55 0.02216300
29 36 0.46946435
29 28 0.00255543
29 29 0.05082168
102 102 0.32896320
102 100 0.02373914
102 99 0.00067283
102 101 0.11146731
16 21 0.00421879
16 19 0.00483376
16 20 0.08486422
16 23 0.12993643
16 18 0.01754913
16 22 0.14805686
16 16 0.31488321
16 17 0.03759616
43 45 0.00053913
43 49 0.48467870
43 48 0.00155019
43 42 0.08103080
43 43 0.02960988
104 102 0.16145093
104 103 0.11080511
104 104 0.05433791
104 101 0.01153528
49 52 0.00192542
49 54 0.02956936
49 48 0.04759928
49 55 0.45218305
49 47 0.00194979
49 49 0.06352479
21 29 0.00422698
21 21 0.17286330
21 28 0.01206702
21 26 0.00061715
21 27 0.01120431
39 46 0.00059457
39 45 0.11304197
39 39 0.08208194
39 38 0.05870222
113 109 0.00428170
113 108 0.00963848
113 111 0.00121592
113 110 0.39784346
75 79 0.00084328
75 76 0.00459689
75 75 0.14293533
75 74 0.00751415
75 73 0.00376918
73 72 0.00687793
73 77 0.00054960
73 71 0.00746139
73 73 0.14366442
73 75 0.00067174
73 74 0.46959683
52 54 0.00053181
52 58 0.48495364
52 53 0.00106690
52 56 0.00054935
52 52 0.10665648
52 51 0.03793585
52 50 0.00937422
52 57 0.06658783
52 55 0.00248208
6 7 0.30981354
6 6 0.29248505
6 8 0.01670829
6 5 0.00102826
6 10 0.01966676
6 9 0.00074329
78 78 0.04505513
78 81 0.01598295
78 82 0.00392078
78 79 0.48344455
78 76 0.12299181
78 80 0.05984366
80 79 0.00202779
80 82 0.00068184
80 81 0.00497600
80 83 0.00602151
80 80 0.05007300
80 78 0.14234932
110 105 0.00198403
110 106 0.00729711
110 107 0.38163342
110 108 0.00259770
92 90 0.00584117
92 92 0.41695240
92 91 0.07279810
92 93 0.01212048
115 110 0.03374666
115 113 0.00486062
115 111 0.00421097
115 112 0.35598347
65 70 0.01029685
65 71 0.00460224
65 65 0.05632227
65 63 0.09746585
65 69 0.00187105
66 72 0.33080062
66 64 0.00640840
66 70 0.00164842
66 71 0.00119268
66 66 0.05590786
8 9 0.00391033
8 10 0.00713974
8 12 0.00064495
8 11 0.00432730
8 7 0.00058603
8 8 0.13150338
56 62 0.33091650
56 57 0.00089833
56 61 0.00486774
56 55 0.00508720
56 54 0.02696687
56 56 0.06600999
18 18 0.16626674
18 24 0.02227602
18 25 0.00551267
18 22 0.00087523
108 103 0.03273164
108 106 0.00326091
108 105 0.49915101
77 78 0.00380752
77 75 0.00350281
77 76 0.00995295
77 77 0.00345740
59 57 0.10840018
59 62 0.00270219
59 64 0.00303779
59 59 0.05164947
59 58 0.00605398
59 65 0.00497247
59 63 0.00088212
69 69 0.00348421
69 74 0.01898589
69 73 0.02116470
69 72 0.01161127
69 67 0.09088888
20 27 0.11497987
20 20 0.25908765
20 25 0.00188585
20 26 0.00175875
124 121 0.23770624
124 119 0.00215093
63 63 0.15150570
63 69 0.12387401
63 61 0.08206372
63 62 0.00114860
41 40 0.03278718
41 47 0.35914245
41 41 0.11788720
40 39 0.00116889
40 46 0.42731397
40 40 0.14388568
97 97 0.32655753
97 96 0.01474909
97 98 0.00113685
97 95 0.01708839
119 115 0.00997528
119 117 0.01111910
119 116 0.09483901
119 114 0.00453506
126 123 0.51901997
126 121 0.00493581
126 122 0.00146197
74 73 0.00754172
74 74 0.14364661
74 75 0.00607022
74 72 0.11746721
74 76 0.01042569
74 77 0.00184379
130 125 0.00580689
130 126 0.00107515
130 127 0.43904473
70 70 0.14984892
70 72 0.02856432
70 71 0.00185483
70 75 0.00139628
70 74 0.02388974
70 73 0.00874339
70 68 0.09189742
88 86 0.07620949
88 91 0.00481213
88 89 0.00522095
88 88 0.42323048
88 87 0.13692198
90 89 0.00508673
90 92 0.00114904
90 90 0.38674201
90 88 0.09249665
90 91 0.02290402
90 93 0.00114574
13 14 0.07950804
13 13 0.17216567
13 15 0.01114218
13 12 0.00127178
13 19 0.04276878
13 20 0.01897157
13 18 0.01363146
13 16 0.01902836
13 17 0.00646822
122 117 0.05895072
122 120 0.00315606
122 119 0.41193632
127 122 0.03322724
127 125 0.00055056
127 124 0.01683206
127 123 0.00152892
91 93 0.00081962
91 89 0.13070730
91 90 0.04328796
91 92 0.02301143
91 91 0.44317838
67 73 0.18915980
67 65 0.08341744
67 71 0.01138879
67 67 0.02095481
67 70 0.00627240
67 72 0.03706880
28 27 0.00717137
28 35 0.28017506
28 28 0.09366500
22 27 0.00064020
22 22 0.08907498
22 30 0.00458212
22 28 0.00106956
22 29 0.00953280
109 105 0.00075981
109 106 0.34265216
109 107 0.11775103
109 104 0.00384576
101 100 0.07907779
101 99 0.03587030
101 101 0.23829578
68 72 0.02021196
68 66 0.03210441
68 71 0.00926050
68 68 0.04937327
68 73 0.04404850
68 74 0.02488131
84 87 0.00223903
84 82 0.00429097
84 83 0.00961723
84 84 0.08775262
84 85 0.00659569
84 86 0.00159870
60 63 0.00914677
60 65 0.06347846
60 58 0.12600851
60 66 0.46618301
60 59 0.00198152
60 64 0.00665553
60 60 0.06843361
14 21 0.06627294
14 13 0.00128088
14 14 0.16121612
14 15 0.30083233
14 17 0.01017387
14 16 0.00887459
14 19 0.01533260
14 18 0.05916607
14 20 0.07477010
32 31 0.00309472
32 32 0.02300138
32 39 0.01016810
48 53 0.00996946
48 54 0.45670390
48 51 0.00177577
48 47 0.06090923
48 48 0.06218635
44 46 0.00075713
44 49 0.00286391
44 50 0.28411085
44 44 0.00785605
44 43 0.15294098
111 106 0.02897869
111 108 0.13485873
111 107 0.00827786
111 109 0.07994531
7 11 0.00068056
7 10 0.00081130
7 8 0.00816076
7 7 0.07587450
7 6 0.00072358
23 28 0.02389707
23 29 0.00869396
23 23 0.22968957
23 31 0.00169793
23 30 0.49284139
10 11 0.03377089
10 10 0.10715010
10 13 0.00205725
132 127 0.06647685
132 129 0.67582065
132 128 0.01947423
37 36 0.12858222
37 43 0.00949295
37 44 0.02502445
37 37 0.12501402
55 53 0.02524308
55 58 0.00157759
55 54 0.05357420
55 61 0.20784540
55 55 0.04911509
55 60 0.00059336
15 21 0.18236127
15 15 0.11974866
15 16 0.13334441
15 17 0.01293791
15 22 0.12439616
15 20 0.01473860
15 18 0.01273559
15 19 0.08236937
58 64 0.00622025
58 57 0.00664875
58 62 0.00050857
58 58 0.14511240
58 56 0.00343523
58 63 0.03900445
131 126 0.06383409
131 127 0.00455171
131 128 0.03281694
31 38 0.21374240
31 31 0.02816768
31 30 0.00596161
27 27 0.02645340
27 26 0.00612893
27 34 0.00872345
35 41 0.00723775
35 35 0.04056491
35 34 0.01005428
35 42 0.07072908
11 12 0.00994924
11 11 0.08485012
11 13 0.00541139
11 14 0.00849178
11 17 0.00472712
83 82 0.02866762
83 81 0.05985010
83 84 0.00855116
83 83 0.18858012
121 117 0.00440791
121 119 0.00365872
121 118 0.12680857
121 116 0.08838438
81 79 0.00372645
81 81 0.04604449
81 82 0.00477515
81 80 0.00595457
81 83 0.02078055
26 26 0.12189674
26 25 0.00250103
26 32 0.00051530
26 33 0.00387156
45 44 0.10150374
45 50 0.01042117
45 45 0.06747218
45 51 0.14424656
1 1 0.97402769
33 40 0.53277510
33 33 0.00273488
33 32 0.02086765
106 102 0.00622879
106 103 0.28468029
106 106 0.00110041
106 104 0.21993719
106 105 0.00583363
106 101 0.01965925
94 93 0.12962203
94 94 0.43932064
94 92 0.10023018
94 95 0.00168470
118 115 0.11280283
118 113 0.00341696
118 114 0.01027605
118 116 0.01335633
125 122 0.28070792
125 120 0.00395994
51 50 0.00940828
51 57 0.46312302
51 49 0.01229685
51 54 0.00192824
51 53 0.00066530
51 51 0.03690304
51 56 0.00227126
99 97 0.11509445
99 98 0.11374311
99 99 0.11065703
46 52 0.02855260
46 51 0.01340245
46 45 0.09122576
46 46 0.07419113
12 15 0.01452902
12 14 0.00623690
12 13 0.33093401
12 11 0.00150206
12 12 0.18356512
12 18 0.01397833
12 19 0.00785023
12 16 0.03127873
12 17 0.00118153
117 112 0.07297697
117 114 0.11246781
117 115 0.02240328
117 113 0.00468855
107 105 0.20408230
107 103 0.00694585
107 102 0.02987372
107 104 0.53611945
42 42 0.10714491
42 44 0.00051339
42 48 0.49683042
42 41 0.04967924
128 125 0.27713055
128 123 0.12544696
53 53 0.06480015
53 58 0.06446616
53 51 0.01667471
53 52 0.01137573
53 56 0.00177269
53 57 0.00077931
53 55 0.00052553
53 59 0.42789376
54 60 0.01041508
54 57 0.00157099
54 59 0.00130205
54 54 0.03913750
54 53 0.10414659
54 58 0.00067952
54 52 0.02113670
38 44 0.29660381
38 37 0.06398502
38 45 0.00137171
38 38 0.09704723
93 94 0.00663903
93 93 0.47786025
93 91 0.01633899
93 92 0.13537701
