87 85 0.00900267
87 86 0.00908977
87 90 0.00079571
87 87 0.31886219
87 88 0.02294489
89 88 0.26668786
89 87 0.13921562
89 89 0.00463898
79 80 0.12482602
79 76 0.00053281
79 79 0.33604768
79 77 0.02813191
79 81 0.00545802
79 78 0.02959262
79 75 0.00123992
61 58 0.00671458
61 66 0.00563785
61 67 0.04839219
61 61 0.37338240
61 59 0.07842521
61 62 0.00098826
61 57 0.07230783
61 60 0.00682479
57 58 0.00197187
57 53 0.00841758
57 54 0.00711622
57 63 0.31303502
57 56 0.01658521
57 62 0.01511955
57 57 0.30982809
57 55 0.00369002
64 63 0.00193357
64 64 0.33387186
64 62 0.00254255
64 70 0.00381255
64 60 0.03140898
64 67 0.00516813
64 61 0.00088192
76 72 0.01178121
76 76 0.30432858
76 77 0.00290246
76 73 0.00633470
76 75 0.01737577
76 74 0.09831199
96 95 0.13036776
96 96 0.11048634
96 97 0.00085283
96 94 0.00805579
3 3 0.49087771
95 94 0.30120590
95 93 0.29369880
95 95 0.15277200
95 96 0.00126284
4 4 0.39658991
123 120 0.03443203
123 121 0.00238650
123 119 0.01752029
123 118 0.00454069
129 124 0.06128924
129 125 0.00333963
129 126 0.23572698
103 101 0.22305700
103 100 0.00200626
103 102 0.30415621
103 103 0.10720326
19 26 0.01141405
19 25 0.00113420
19 23 0.00092656
19 27 0.00141107
19 19 0.26423625
116 111 0.00638095
116 113 0.41501868
116 114 0.16718789
116 112 0.03985796
85 85 0.00293756
85 86 0.00168854
85 88 0.00068879
85 84 0.21588053
85 83 0.00663480
86 89 0.00078178
86 90 0.00091197
86 87 0.02352056
86 84 0.00405803
86 85 0.23385630
86 86 0.11777999
36 35 0.13391461
36 42 0.04398718
36 32 0.00127582
36 33 0.00111269
36 36 0.20396861
36 43 0.00281796
112 108 0.00625357
112 107 0.02539333
112 110 0.33901165
112 109 0.36151421
100 101 0.00119429
100 99 0.05778395
100 98 0.10365291
100 100 0.10310286
62 59 0.00135967
62 61 0.00413545
62 62 0.32320103
62 60 0.00068900
62 68 0.00112751
62 58 0.02197499
72 72 0.35122841
72 70 0.14587040
72 76 0.00098255
72 73 0.19660828
72 68 0.04952288
72 74 0.01065514
72 71 0.00417235
5 6 0.00082105
5 5 0.08849084
24 24 0.04967350
24 31 0.00571356
105 100 0.00515500
105 102 0.02810714
105 103 0.40328232
105 104 0.02983397
105 105 0.00410741
105 101 0.00086080
2 2 0.68052494
25 25 0.26118533
25 32 0.07324840
114 110 0.01355349
114 111 0.16048992
114 112 0.02053365
114 109 0.00050353
30 37 0.00614063
30 29 0.04303961
30 30 0.10312154
82 80 0.00519987
82 83 0.19732353
82 81 0.05581620
82 82 0.12101534
9 9 0.51709185
9 13 0.00179767
9 11 0.00126757
9 10 0.04326213
47 46 0.13156074
47 47 0.32444892
47 50 0.00148875
47 44 0.01561569
47 53 0.01511728
47 43 0.00820065
47 52 0.00521001
34 33 0.00371541
34 40 0.00069533
34 34 0.32592859
34 41 0.10761818
71 71 0.36081303
71 73 0.00693885
71 75 0.00084842
71 69 0.00773793
71 74 0.00091425
71 72 0.09631503
71 70 0.00278994
71 67 0.00284774
17 18 0.00077166
17 23 0.06121495
17 24 0.02189942
17 17 0.50931559
17 25 0.00061886
17 22 0.00915822
17 21 0.00231363
77 75 0.01229349
77 74 0.00684224
77 78 0.00112433
77 73 0.01042972
77 77 0.30026786
77 76 0.02141105
59 60 0.00153579
59 57 0.06798926
59 59 0.31236700
59 55 0.01859276
59 58 0.01349371
59 65 0.00168399
59 56 0.00301487
108 105 0.33999343
108 103 0.03357242
108 106 0.00800222
69 65 0.02906470
69 73 0.00123252
69 68 0.00212433
69 74 0.00499526
69 69 0.37806286
69 72 0.00176011
69 67 0.09913564
20 26 0.00072315
20 25 0.00126274
20 27 0.03298686
20 20 0.50090490
124 121 0.32254075
124 122 0.00150593
124 120 0.00059557
124 119 0.00099740
63 61 0.04003200
63 59 0.02244246
63 60 0.00074110
63 62 0.00297738
63 63 0.32455295
63 69 0.00273061
41 38 0.00811903
41 41 0.35857408
41 47 0.11041569
41 40 0.04058989
110 106 0.00901425
110 107 0.25393096
110 108 0.01278012
110 105 0.00197484
92 91 0.26529440
92 92 0.27801693
92 90 0.05021412
92 93 0.00440388
115 112 0.29374659
115 110 0.03887973
115 111 0.01479209
115 113 0.01910770
80 78 0.10700136
80 81 0.00159950
80 79 0.03033841
80 80 0.28903791
8 8 0.25790921
8 9 0.00147456
8 10 0.00287954
8 11 0.00175935
56 53 0.01065543
56 58 0.00074844
56 54 0.01329921
56 52 0.01052396
56 56 0.30932647
56 62 0.20359808
56 57 0.00196513
56 55 0.02689545
18 18 0.16349028
18 24 0.01049821
18 25 0.00194644
65 62 0.00064026
65 64 0.00163863
65 70 0.00480160
65 61 0.02292411
65 65 0.32598840
65 71 0.00389724
65 63 0.08913749
66 63 0.00070185
66 69 0.00100966
66 66 0.32817347
66 71 0.00095869
66 65 0.00170945
66 72 0.21091992
66 62 0.02536807
66 64 0.00363245
39 38 0.12339574
39 36 0.00608581
39 37 0.00085868
39 39 0.34820551
39 35 0.00420744
39 45 0.02760487
113 108 0.01801681
113 111 0.00409854
113 110 0.33205799
113 109 0.01068725
104 104 0.02608200
104 102 0.30972496
104 103 0.15943418
104 101 0.00943126
49 54 0.00351154
49 52 0.00170543
49 47 0.00530413
49 46 0.00082518
49 45 0.00300447
49 49 0.30394927
49 55 0.12152699
49 48 0.07989053
21 28 0.00481069
21 29 0.00087908
21 21 0.20904379
21 27 0.00375536
75 75 0.31588688
75 74 0.01560975
75 73 0.00852297
75 71 0.02728359
75 79 0.00516807
75 76 0.00385639
75 72 0.00323168
52 48 0.00973130
52 55 0.00063314
52 57 0.01988204
52 49 0.00623588
52 50 0.00584810
52 52 0.26807720
52 51 0.04309133
52 53 0.00221065
52 58 0.30277222
52 54 0.00279219
73 71 0.00453215
73 73 0.31419008
73 69 0.00163242
73 74 0.29730268
73 72 0.01419652
73 77 0.00582347
78 78 0.34003889
78 74 0.01725790
78 75 0.01928814
78 80 0.00558129
78 76 0.13663810
78 79 0.04822033
78 77 0.03040753
6 7 0.11252082
6 6 0.66705594
6 8 0.00738277
6 10 0.01090851
102 100 0.06270228
102 102 0.19067248
102 99 0.00112038
102 101 0.09630322
120 115 0.15777972
120 117 0.38765268
120 116 0.01157445
120 118 0.00385349
98 98 0.16166287
98 96 0.01150464
98 97 0.28295255
98 99 0.00156533
50 49 0.02282350
50 46 0.00540331
50 47 0.00313449
50 50 0.11193207
50 48 0.00824528
50 53 0.00229429
50 56 0.00382179
29 29 0.25892111
29 28 0.00400728
29 36 0.32160630
29 27 0.00062338
43 43 0.08308851
43 41 0.00072501
43 49 0.15442410
43 40 0.00170613
43 42 0.16767648
16 16 0.52833647
16 17 0.02051407
16 22 0.05509303
16 20 0.03658101
16 23 0.07176836
16 18 0.00692576
16 19 0.00332828
16 21 0.00280330
14 15 0.05091609
14 14 0.61039210
14 21 0.03488424
14 18 0.04451013
14 20 0.02442469
14 19 0.01236081
14 17 0.00673813
14 16 0.00425001
32 39 0.00412342
32 32 0.07382506
32 31 0.00539775
48 48 0.31640046
48 45 0.01347599
48 47 0.12835036
48 46 0.00050963
48 51 0.00161753
48 53 0.00205207
48 54 0.10409171
44 41 0.00070774
44 43 0.20634886
44 50 0.07595787
44 40 0.00533559
44 44 0.03469206
44 42 0.00111279
111 109 0.26325366
111 108 0.17009077
111 107 0.00659950
111 106 0.03579788
84 85 0.00256456
84 84 0.01194124
84 83 0.02064534
84 82 0.01721638
84 87 0.00067417
60 66 0.12519690
60 65 0.00563686
60 58 0.07575035
60 56 0.06816939
60 60 0.36427405
60 57 0.00871579
60 59 0.01550977
60 61 0.00140781
7 8 0.00336046
7 7 0.13789843
23 29 0.00214309
23 28 0.01491931
23 31 0.00051708
23 30 0.05989672
23 23 0.57652232
67 67 0.36604251
67 64 0.00149399
67 70 0.00078255
67 72 0.01021790
67 73 0.11089350
67 63 0.06587684
67 65 0.08760976
67 66 0.00208955
28 28 0.31762628
28 35 0.18275128
28 27 0.01066232
127 122 0.06024807
127 124 0.02216157
127 125 0.00613982
127 123 0.00177109
122 117 0.05491476
122 120 0.01202448
122 119 0.48338885
122 118 0.00053558
91 93 0.00077939
91 92 0.01066933
91 90 0.25651947
91 89 0.15255842
91 91 0.15746076
68 64 0.07974269
68 72 0.00092410
68 67 0.00209616
68 65 0.00139771
68 66 0.02492335
68 71 0.00093760
68 74 0.01411592
68 68 0.37877131
68 73 0.01287653
22 29 0.00251498
22 30 0.00065773
22 22 0.10413531
109 106 0.24136125
109 104 0.00396410
109 107 0.24863554
109 105 0.00075629
101 100 0.14925438
101 102 0.00063586
101 99 0.11226296
101 101 0.14292621
88 86 0.10403114
88 91 0.00064582
88 88 0.31077023
88 87 0.32622223
90 91 0.00604975
90 90 0.13429808
90 92 0.00095194
90 88 0.14238491
90 89 0.01741972
13 19 0.02285586
13 18 0.01212986
13 20 0.00589407
13 17 0.00739326
13 16 0.01040660
13 13 0.43898411
13 14 0.02451925
13 15 0.00217242
70 71 0.00124685
70 66 0.00325304
70 74 0.00153920
70 69 0.00179544
70 73 0.00119979
70 68 0.07667624
70 70 0.37396743
70 72 0.00902178
119 114 0.00442566
119 116 0.24878865
119 117 0.05585056
119 115 0.02569128
97 97 0.13771779
97 95 0.01817602
97 98 0.00092094
97 96 0.01087311
40 36 0.00067908
40 39 0.00447565
40 37 0.00083907
40 46 0.19811941
40 40 0.34607066
126 124 0.00160421
126 123 0.32284391
126 122 0.00371867
126 121 0.00508327
74 74 0.31115854
74 75 0.00515044
74 73 0.01552797
74 76 0.00480697
74 70 0.02477380
74 72 0.16192629
130 125 0.01000472
130 126 0.00215041
130 127 0.48043606
42 39 0.00702081
42 48 0.14777116
42 44 0.00050903
42 42 0.33989596
42 38 0.00268871
42 41 0.11634349
128 125 0.22019370
128 126 0.00670634
128 124 0.00116277
128 123 0.12259584
46 42 0.00828797
46 46 0.27928837
46 45 0.16887507
46 52 0.01406923
46 51 0.00220927
46 43 0.01565203
12 12 0.49808367
12 13 0.12111939
12 14 0.00255524
12 15 0.00328618
12 17 0.00116005
12 16 0.02593364
12 19 0.00397272
12 18 0.00888356
117 113 0.01522139
117 115 0.08747475
117 112 0.07570573
117 114 0.24967280
107 103 0.00712427
107 102 0.02970760
107 104 0.30007037
107 105 0.47895430
38 35 0.00169564
38 34 0.00343576
38 37 0.13865912
38 44 0.09548306
38 38 0.37692345
93 91 0.09214405
93 92 0.26979223
93 94 0.00176150
93 93 0.27277648
53 58 0.02105410
53 53 0.16047939
53 54 0.00226676
53 51 0.01061611
53 52 0.01680909
53 49 0.00731188
53 50 0.00219836
53 59 0.12112522
53 55 0.00240438
54 57 0.00084713
54 50 0.00162357
54 60 0.00427300
54 55 0.00188588
54 53 0.09523350
54 54 0.30022930
54 51 0.00398783
54 52 0.01522015
54 56 0.00064357
1 1 0.94351092
33 33 0.02582132
33 32 0.03690939
33 40 0.30397021
106 104 0.48184989
106 103 0.16253581
106 102 0.00620877
106 106 0.00055245
106 101 0.01955034
106 105 0.01272542
45 43 0.00127774
45 51 0.04242530
45 41 0.00478733
45 45 0.30201963
45 50 0.00172709
45 44 0.20424052
118 113 0.00377201
118 115 0.26429058
118 116 0.07561758
118 114 0.02802722
125 123 0.00151695
125 121 0.00058372
125 122 0.34605810
125 120 0.00389956
51 50 0.01482682
51 57 0.30382621
51 47 0.00633253
51 49 0.00824278
51 48 0.00544031
51 54 0.00218934
51 53 0.00128314
51 51 0.16860978
99 99 0.13381105
99 98 0.27084301
99 100 0.00077435
99 97 0.21206865
94 93 0.27127221
94 94 0.14498145
94 92 0.16321016
81 80 0.03667209
81 83 0.00755507
81 81 0.27109307
81 82 0.00163388
81 79 0.00591878
11 17 0.00409736
11 12 0.00397124
11 11 0.11886278
11 14 0.00395622
11 13 0.00274167
35 31 0.00102257
35 41 0.00426095
35 35 0.10522745
35 34 0.12920643
35 42 0.03745011
83 82 0.14532108
83 81 0.06622515
83 84 0.00064917
83 83 0.13773802
121 117 0.01154392
121 119 0.03510222
121 118 0.10216736
121 116 0.07832026
26 33 0.00059796
26 26 0.36969343
26 25 0.00367258
37 44 0.00798321
37 37 0.33968328
37 33 0.00242439
37 34 0.00271759
37 35 0.00091173
37 43 0.00526125
37 36 0.14073198
55 58 0.00086647
55 53 0.01578240
55 54 0.05849151
55 56 0.00186583
55 51 0.00280692
55 52 0.00150901
55 57 0.00073413
55 61 0.03383958
55 55 0.29490236
15 22 0.04100981
15 17 0.00531084
15 16 0.06220092
15 19 0.05464204
15 18 0.00948097
15 20 0.00759169
15 21 0.10212905
15 15 0.56913315
10 11 0.01209399
10 10 0.26108614
10 13 0.00105785
132 127 0.06340022
132 128 0.01944950
132 129 0.72960053
27 34 0.00106982
27 26 0.00758867
27 27 0.04826178
58 54 0.01462557
58 58 0.31832914
58 56 0.00231962
58 63 0.01341424
58 57 0.01540002
58 64 0.00229601
58 55 0.00472774
58 59 0.00189948
131 128 0.03639568
131 127 0.00434105
131 126 0.11443109
31 30 0.02791305
31 31 0.08303936
31 38 0.09522249
