13 52 13 52 0.01459433
13 37 13 37 0.00372751
13 22 13 22 0.14763733
13 34 12 32 0.00285424
13 34 12 35 0.00256723
13 34 13 34 0.12695134
13 34 10 34 0.00162378
13 32 16 32 0.00051496
13 64 13 64 0.00931967
55 143 55 143 0.07251200
55 150 55 150 0.01390000
55 124 55 124 0.00835447
117 128 117 128 0.15279733
64 135 64 135 0.10803800
64 141 64 141 0.01493907
58 121 58 121 0.00711053
58 141 58 141 0.15531400
58 147 58 147 0.01758847
122 146 122 146 0.00233469
95 105 95 105 0.00296176
95 107 95 107 0.00326227
95 106 95 106 0.01203507
95 120 95 120 0.00993053
95 118 95 118 0.03231573
138 148 138 148 0.00060578
63 143 63 143 0.03891887
63 136 63 136 0.10622667
75 88 75 88 0.34007443
75 124 75 124 0.01150447
75 156 75 156 0.00480307
75 95 75 95 0.01031293
75 125 75 125 0.00793093
75 99 75 99 0.01620047
75 87 75 87 0.01600767
48 146 48 146 0.29774042
48 158 48 158 0.00088774
88 120 88 120 0.00080817
6 28 6 28 0.08836533
6 72 6 72 0.00590875
6 30 6 30 0.00625289
6 147 6 147 0.00638026
121 125 121 125 0.01774587
121 148 121 148 0.00154386
123 146 123 146 0.02085790
46 148 46 148 0.24480946
46 152 46 152 0.00367672
46 61 46 61 0.00196573
46 157 46 157 0.00080433
46 156 46 156 0.00100924
46 160 46 160 0.00085795
30 37 30 37 0.16994800
30 40 30 40 0.00361430
116 128 116 128 0.06946400
105 110 105 110 0.01082761
15 30 15 30 0.03766446
15 30 17 31 0.00248974
15 62 15 62 0.00869073
15 50 15 50 0.02497927
31 36 31 36 0.26768754
31 39 31 39 0.00632211
54 139 54 139 0.00254343
54 61 54 61 0.01159947
54 125 54 125 0.00760093
54 144 54 144 0.05061453
54 151 54 151 0.01592460
67 134 67 134 0.02159473
67 113 67 113 0.28189133
84 114 84 114 0.00101635
84 92 84 92 0.00251710
84 91 84 91 0.01252280
127 145 127 145 0.00164885
127 142 127 142 0.02929185
127 141 127 141 0.04635993
127 133 127 133 0.00702693
96 105 96 105 0.01223660
96 117 96 117 0.04527367
96 107 96 107 0.00194354
96 106 96 106 0.00687960
96 104 96 104 0.00321063
96 123 96 123 0.00091576
14 20 14 20 0.15138467
14 31 15 30 0.00054738
14 31 17 31 0.00172105
14 31 16 32 0.00107592
14 51 14 51 0.03734480
14 63 14 63 0.01678793
72 108 72 108 0.19804200
72 127 72 127 0.01943413
72 102 72 102 0.09069733
72 130 72 130 0.01752880
85 113 85 113 0.00101048
8 145 8 145 0.00533945
8 70 8 70 0.00879547
8 27 8 27 0.11028267
8 28 8 28 0.01367047
140 146 140 146 0.00444101
18 31 17 31 0.00083862
18 31 18 31 0.00826782
18 48 18 48 0.01076233
18 27 18 27 0.02828961
18 30 18 30 0.01588769
18 47 18 47 0.02375900
79 96 79 96 0.00378655
79 95 79 95 0.00604251
79 152 79 152 0.00367229
79 119 79 119 0.00867300
79 83 79 83 0.06589620
1 13 1 13 0.00505025
1 10 1 10 0.02422880
125 147 125 147 0.00084310
125 132 125 132 0.00081527
125 135 125 135 0.00060941
125 141 125 141 0.00185689
125 145 125 145 0.00257025
69 111 69 111 0.28702000
69 132 69 132 0.01538493
69 129 69 129 0.00868120
16 33 16 33 0.00547020
16 29 16 29 0.03836235
16 29 17 28 0.00068144
16 29 18 30 0.00097915
16 32 16 32 0.02343875
120 130 120 130 0.00197997
120 148 120 148 0.00224097
120 125 120 125 0.22764467
59 140 59 140 0.20962667
59 120 59 120 0.00853200
59 122 59 122 0.00784947
59 131 59 131 0.00058483
45 62 45 62 0.00109978
45 153 45 153 0.00495573
45 149 45 149 0.18099439
45 149 44 149 0.00218852
21 29 21 29 0.03633760
21 44 21 44 0.03073613
21 45 21 45 0.01035407
21 26 20 25 0.01619233
61 120 61 120 0.01176500
61 145 61 145 0.02821167
61 138 61 138 0.13628800
61 135 61 135 0.00204657
129 146 129 146 0.00148593
129 139 129 139 0.29781002
76 124 76 124 0.00867100
76 94 76 94 0.01351493
76 81 76 81 0.00444245
76 155 76 155 0.00437928
76 87 76 87 0.36314167
76 98 76 98 0.00907227
97 116 97 116 0.08422333
97 118 97 118 0.00131293
97 104 97 104 0.01396040
97 123 97 123 0.00127619
97 106 97 106 0.00433233
97 105 97 105 0.00739220
28 39 28 39 0.09766467
111 128 111 128 0.00578887
154 158 154 158 0.05141607
71 131 71 131 0.02526267
71 109 71 109 0.27206200
71 133 71 133 0.00335754
24 43 24 43 0.04239020
43 150 43 150 0.24829899
43 155 43 155 0.00514586
81 92 81 92 0.03219660
81 91 81 91 0.01138540
81 120 81 120 0.00072549
81 121 81 121 0.00062584
139 147 139 147 0.00172943
2 9 2 9 0.05249767
2 12 2 12 0.00878293
107 113 107 113 0.00899147
98 104 98 104 0.01196027
98 105 98 105 0.00668273
98 117 98 117 0.00141991
98 115 98 115 0.05171887
98 122 98 122 0.00156405
50 59 50 59 0.07637326
50 144 50 144 0.22231895
50 152 50 152 0.00230152
90 103 90 103 0.02579753
90 100 90 100 0.13763400
60 136 60 136 0.00178623
60 146 60 146 0.02062067
60 119 60 119 0.00640025
60 139 60 139 0.17243733
60 130 60 130 0.00152962
128 141 128 141 0.06539545
128 147 128 147 0.00133880
128 132 128 132 0.01247360
128 140 128 140 0.10879600
26 41 26 41 0.08075333
41 152 41 152 0.40630314
94 120 94 120 0.00865167
94 121 94 121 0.01190480
10 159 10 159 0.02706847
10 157 10 157 0.00825447
10 68 10 68 0.00801087
10 40 10 40 0.00224817
10 25 10 25 0.10664400
10 37 9 38 0.00248926
10 37 9 35 0.00266230
10 37 11 36 0.00213373
10 37 10 37 0.12164862
10 24 10 24 0.02668491
10 143 10 143 0.00287194
10 34 11 36 0.00098223
10 34 13 34 0.00440227
10 34 10 34 0.00341362
10 34 12 35 0.00977467
113 131 113 131 0.00803060
113 126 113 126 0.00706107
51 64 51 64 0.00254103
51 58 51 58 0.07414192
51 148 51 148 0.00861833
51 143 51 143 0.13020964
51 155 51 155 0.00055153
114 130 114 130 0.01283520
114 125 114 125 0.00508879
65 140 65 140 0.00764827
65 133 65 133 0.03263753
65 115 65 115 0.25210467
53 126 53 126 0.00837747
53 145 53 145 0.01875673
53 140 53 140 0.01239208
53 62 53 62 0.01050813
53 142 53 142 0.03350574
126 134 126 134 0.00343379
126 146 126 146 0.00173710
126 144 126 144 0.00724560
83 115 83 115 0.00174110
83 90 83 90 0.05111513
83 93 83 93 0.00196503
83 92 83 92 0.00867627
91 100 91 100 0.08100267
91 124 91 124 0.00225976
91 125 91 125 0.00683780
91 99 91 99 0.10737467
110 129 110 129 0.00397727
104 113 104 113 0.00653893
104 108 104 108 0.03277653
104 110 104 110 0.05142787
52 153 52 153 0.00204746
52 63 52 63 0.00483381
52 141 52 141 0.02056471
52 147 52 147 0.01139573
52 57 52 57 0.12377756
130 145 130 145 0.00097147
130 138 130 138 0.25832640
25 42 25 42 0.05248753
92 124 92 124 0.00917507
92 99 92 99 0.08779867
92 98 92 98 0.12596333
40 153 40 153 0.31690940
82 93 82 93 0.00785987
82 90 82 90 0.01557233
82 116 82 116 0.00555305
82 91 82 91 0.03879440
80 118 80 118 0.00477035
80 121 80 121 0.00127371
80 93 80 93 0.03780560
80 92 80 92 0.00873293
80 122 80 122 0.00108222
124 147 124 147 0.00089395
124 145 124 145 0.01659009
7 29 7 29 0.01915713
7 71 7 71 0.00844727
7 146 7 146 0.00741453
153 159 153 159 0.02513407
66 114 66 114 0.24344467
66 133 66 133 0.02151507
66 132 66 132 0.01885020
19 28 19 28 0.00502810
19 31 19 31 0.01003487
19 50 19 50 0.00143369
19 47 19 47 0.01088100
19 46 19 46 0.02535520
19 30 19 30 0.01061849
74 130 74 130 0.00202771
74 125 74 125 0.01572473
74 96 74 96 0.00808620
74 157 74 157 0.00479816
74 128 74 128 0.01242480
74 88 74 88 0.02901873
74 100 74 100 0.04877927
87 92 87 92 0.00566900
87 121 87 121 0.00064107
4 30 4 30 0.09173067
4 10 4 10 0.01741947
4 74 4 74 0.00179431
11 36 11 36 0.13889411
11 36 12 35 0.00215126
11 36 10 34 0.00284981
11 36 10 37 0.00264447
11 66 11 66 0.01098780
11 33 13 34 0.00922598
11 33 12 35 0.00097009
11 33 11 33 0.00723622
11 23 11 23 0.03251280
11 39 11 39 0.00496462
11 158 11 158 0.03487240
5 29 5 29 0.12374800
5 73 5 73 0.00728647
106 113 106 113 0.00501991
77 93 77 93 0.01144433
77 122 77 122 0.00347515
77 121 77 121 0.00422776
77 154 77 154 0.00501820
77 123 77 123 0.01162540
77 86 77 86 0.64664869
131 144 131 144 0.00110557
131 137 131 137 0.36671331
112 127 112 127 0.00706113
62 144 62 144 0.04467360
62 119 62 119 0.02672567
62 137 62 137 0.15214600
17 28 16 26 0.00082676
17 28 12 23 0.00162093
17 28 17 28 0.05530467
17 48 17 48 0.02942640
17 31 17 31 0.03228287
17 31 16 29 0.00065994
99 121 99 121 0.00145555
99 114 99 114 0.03712400
12 53 12 53 0.01703173
12 38 12 38 0.00812227
12 32 12 32 0.00835469
12 32 13 34 0.00067812
12 65 12 65 0.01172760
12 23 12 23 0.16071400
12 35 12 35 0.14127642
12 35 13 34 0.00210040
12 35 9 35 0.00182748
12 35 11 36 0.00265724
12 35 11 33 0.00288751
27 40 27 40 0.07488467
134 142 134 142 0.00119904
78 92 78 92 0.00564129
78 122 78 122 0.00815553
78 121 78 121 0.00282172
78 85 78 85 0.47060238
78 153 78 153 0.00377026
78 120 78 120 0.00531731
119 131 119 131 0.00296171
119 149 119 149 0.00148589
119 126 119 126 0.27536467
57 148 57 148 0.01511487
57 143 57 143 0.00752920
20 25 20 25 0.05955312
20 49 20 49 0.00133635
20 29 20 29 0.00529527
20 45 20 45 0.02579727
39 154 39 154 0.23099000
3 31 3 31 0.06076507
3 11 3 11 0.01450240
93 97 93 97 0.16877933
93 98 93 98 0.10374533
73 107 73 107 0.19186600
73 129 73 129 0.01969133
73 131 73 131 0.00272201
73 101 73 101 0.06443627
73 126 73 126 0.02451453
47 159 47 159 0.00079373
47 156 47 156 0.00093683
47 155 47 155 0.00138681
47 61 47 61 0.00782895
108 112 108 112 0.01510867
56 149 56 149 0.01769200
56 142 56 142 0.13321867
56 123 56 123 0.01219940
56 140 53 140 0.00206604
42 156 42 156 0.00671320
42 151 42 151 0.38556332
68 131 68 131 0.01113793
68 133 68 133 0.01738880
68 112 68 112 0.28815600
44 149 44 149 0.28058970
44 149 45 149 0.00160303
44 154 44 154 0.00697113
70 110 70 110 0.27764867
70 128 70 128 0.00694800
70 134 70 134 0.00398281
9 35 9 35 0.00301708
9 35 11 36 0.00955244
9 35 12 35 0.00456745
9 35 10 37 0.00093591
9 158 9 158 0.01082773
9 69 9 69 0.00903447
9 144 9 144 0.00459259
9 38 9 38 0.04393132
9 38 10 37 0.00200772
9 26 9 26 0.13930467
9 160 9 160 0.04036640
132 136 132 136 0.29698744
132 143 132 143 0.00076355
22 43 22 43 0.01143700
22 47 22 47 0.00237010
22 46 22 46 0.00438457
22 27 22 27 0.01930027
22 28 22 28 0.03003727
100 120 100 120 0.00215672
100 109 100 109 0.02335328
100 111 100 111 0.00776333
100 112 100 112 0.00439146
100 114 100 114 0.01037980
49 153 49 153 0.00160617
49 145 49 145 0.21588107
49 60 49 60 0.03370625
23 42 23 42 0.00502905
23 27 23 27 0.04954827
23 46 23 46 0.00456820
103 117 103 117 0.00252704
103 114 103 114 0.00514119
103 112 103 112 0.00852473
103 111 103 111 0.04145853
103 109 103 109 0.01677480
118 127 118 127 0.24596467
101 108 101 108 0.14136519
101 110 101 110 0.00949393
101 119 101 119 0.00313027
101 113 101 113 0.02906113
