90 107 91 107 0.45254300
90 107 92 106 0.00648044
90 107 90 108 0.00430268
90 104 91 107 0.02277790
90 104 92 106 0.00269063
89 108 91 107 0.00971236
89 108 90 108 0.46613400
89 108 89 108 0.00663126
89 108 89 109 0.00301349
76 120 76 121 0.34873300
10 133 10 133 0.24464100
94 103 95 103 0.01451560
94 99 95 103 0.00222829
94 99 96 102 0.12139200
94 105 93 105 0.77496100
94 105 94 104 0.00374772
65 133 66 133 0.00326913
65 133 65 133 0.05756070
82 115 83 116 0.44309500
82 115 82 116 0.01808560
82 115 82 117 0.01951440
82 115 84 115 0.01330730
82 116 82 116 0.00818652
82 116 82 117 0.01167840
82 116 81 117 0.00061914
82 116 83 116 0.10231200
144 153 146 154 0.41850200
144 153 144 153 0.11371800
144 153 145 155 0.01144800
145 152 145 152 0.10079100
145 152 147 153 0.07346540
145 152 146 154 0.01200140
5 132 4 133 0.00050969
78 119 80 120 0.00078562
78 119 79 120 0.12420300
78 119 78 120 0.47231700
78 117 78 118 0.00560708
78 117 79 118 0.01380560
78 118 78 120 0.00212685
78 118 78 118 0.00519559
78 118 79 118 0.11813900
78 118 80 118 0.00630239
93 106 92 106 0.78749400
93 106 93 105 0.00427502
93 100 94 104 0.00221373
93 100 95 103 0.14126300
93 100 96 102 0.00126828
87 110 88 111 0.32484900
87 110 88 109 0.00053733
87 110 89 109 0.00896913
87 110 87 111 0.00212551
87 110 87 110 0.00839501
15 29 15 28 0.00972766
15 28 15 28 0.10431300
69 129 69 130 0.25736800
69 129 70 129 0.09646890
69 130 69 130 0.22920600
73 119 73 120 0.00210954
73 124 74 124 0.02068920
73 125 74 125 0.05236280
70 128 70 129 0.30197500
70 128 71 128 0.05028220
66 132 66 133 0.23126600
66 132 67 132 0.01535590
83 114 82 114 0.05097150
83 114 85 113 0.00061281
83 114 85 114 0.01451770
83 114 83 116 0.03033290
83 114 84 114 0.19817800
83 114 84 115 0.67966600
72 127 72 128 0.00772224
72 126 72 126 0.10893300
86 111 87 111 0.26024700
86 111 87 110 0.00057610
86 111 86 113 0.02969180
86 111 88 111 0.00765538
92 101 93 105 0.00248937
92 101 94 104 0.14111900
92 101 95 103 0.00143753
92 107 91 107 0.16374700
92 107 92 106 0.00155745
2 128 2 128 0.00215180
84 113 84 114 0.00054394
84 113 84 115 0.03026680
84 113 86 113 0.01011600
84 113 83 113 0.01990160
84 113 85 114 0.48309800
84 113 85 113 0.07559880
64 134 64 135 0.02172710
64 134 64 134 0.06981600
1 129 1 129 0.02736420
143 150 145 152 0.05338530
68 131 68 131 0.12529300
68 130 69 130 0.07882880
68 130 68 131 0.20854300
8 135 7 136 0.00324906
8 156 8 157 0.29617000
8 129 7 129 0.00190793
8 129 8 130 0.00136943
77 120 78 120 0.15021500
77 120 79 120 0.00477529
91 102 92 106 0.00245581
91 102 93 105 0.14026400
91 102 94 104 0.00143833
81 118 80 118 0.04351590
81 117 80 118 0.00151745
81 117 82 117 0.19406900
81 117 81 117 0.04530010
79 116 79 118 0.00501558
79 120 78 120 0.01652820
79 120 80 120 0.04056790
79 120 79 120 0.10591600
67 132 67 132 0.17736000
80 116 81 117 0.43609200
80 116 82 116 0.00603506
80 116 82 117 0.00199679
80 116 80 118 0.02039960
80 120 79 120 0.01181260
80 120 80 120 0.01345630
74 123 75 123 0.07374560
74 123 74 123 0.15455300
74 123 74 124 0.20579500
74 122 75 122 0.01066940
74 122 74 123 0.02717270
74 124 75 124 0.01977800
74 124 74 124 0.07125590
74 124 74 125 0.16035300
96 103 95 103 0.81253200
96 103 96 102 0.00441397
75 123 75 123 0.09632410
75 123 75 124 0.18973300
75 121 76 121 0.12534500
75 121 75 122 0.24294000
75 122 75 122 0.10463000
75 122 75 123 0.04867300
9 155 9 156 0.82610100
19 27 20 27 0.00124890
19 25 19 24 0.02254990
129 134 130 135 0.00050450
129 134 130 136 0.00092430
71 128 72 128 0.01155920
71 128 71 128 0.15157500
71 128 71 129 0.01717220
71 126 72 126 0.04617640
71 126 71 126 0.07675740
71 127 71 128 0.46719400
71 127 71 129 0.00052450
88 109 88 109 0.01837150
88 109 88 111 0.01412310
88 109 89 109 0.74043300
88 109 89 108 0.00056063
88 109 90 108 0.00959542
97 102 96 102 0.80548600
142 151 144 153 0.00206036
18 26 18 25 0.02275940
85 112 87 111 0.00304216
85 112 84 112 0.05409720
85 112 85 114 0.03054740
85 112 85 113 0.00062716
85 112 86 113 0.67522100
7 130 6 130 0.00115767
7 157 6 158 0.00159354
3 128 3 128 0.00622080
