42 72 42 72 0.67377400
53 61 53 61 0.67405000
37 75 37 75 0.23075900
37 77 37 77 0.04723560
8 35 8 35 0.07350420
8 134 8 134 0.07220070
107 114 107 114 0.14185600
52 62 52 62 0.56459800
48 66 48 66 0.67695800
40 75 40 75 0.01303780
40 74 40 74 0.87577700
40 137 40 137 0.00120441
46 68 46 68 0.67983200
47 67 47 67 0.57112100
82 88 82 88 0.98244900
82 87 82 88 0.00122666
82 87 83 87 0.00063082
9 133 9 133 0.09373700
9 34 9 34 0.08833100
25 34 25 34 0.28282500
39 137 39 137 0.00551450
39 138 39 138 0.01345020
81 88 81 89 0.00053362
81 88 82 88 0.00053099
81 89 81 89 0.49908300
80 90 80 90 0.82262700
100 121 100 121 0.63259200
26 33 26 33 0.28730600
50 64 50 64 0.97972000
79 90 79 91 0.00158128
29 33 29 33 0.04939760
7 36 7 36 0.04767760
32 36 32 36 0.01162090
108 113 108 113 0.16241800
106 110 106 110 0.10155100
31 37 31 37 0.01062480
102 122 102 122 0.02290480
102 119 102 119 0.19611600
102 120 102 120 0.12463400
99 104 99 104 0.00294000
99 122 99 122 0.91288400
127 138 127 138 0.25660900
98 123 98 123 0.43229200
101 123 101 123 0.01763010
101 121 101 121 0.16788000
105 111 105 111 0.10989400
105 116 105 116 0.11244700
28 34 28 34 0.03078600
24 35 24 35 0.17176400
23 36 23 36 0.07335560
4 139 4 139 0.95780700
30 38 30 38 0.01009460
45 69 45 69 0.67688700
97 124 97 124 0.96247900
128 137 128 137 0.26074800
54 60 54 60 0.88431400
43 71 43 71 0.56936900
55 60 55 60 0.03904850
35 141 35 141 0.00145506
35 77 35 77 0.10579700
35 41 35 41 0.00128392
36 140 36 140 0.00076809
36 76 36 76 0.51083100
36 78 36 78 0.04877360
104 112 104 112 0.55832000
103 121 103 121 0.15355400
