85 98 0.00297113
85 103 0.17053600
85 101 0.31772000
85 102 0.42216600
85 99 0.04385650
85 100 0.01379310
124 145 0.16334700
124 144 0.00058690
97 117 0.88400800
97 115 0.01660650
97 116 0.01663780
43 52 0.00152874
43 51 0.00581924
43 49 0.01353400
43 55 0.01692180
43 47 0.00823404
43 53 0.01281300
43 54 0.11540900
43 46 0.19420900
43 45 0.33828900
43 48 0.00248892
43 50 0.00434462
110 131 0.21862400
110 130 0.71910800
110 129 0.00187949
110 132 0.01063720
41 51 0.00079113
41 52 0.00329325
41 47 0.00256021
41 44 0.00664368
41 48 0.00117619
41 43 0.21409000
109 128 0.00331523
109 129 0.06298250
109 130 0.04029030
109 131 0.00716130
77 93 0.00937578
77 94 0.17744100
77 90 0.03402940
77 92 0.03805300
77 91 0.70677700
77 87 0.00170412
77 95 0.00199487
94 114 0.11806600
94 113 0.00710967
94 112 0.63341500
10 10 0.76910200
10 11 0.19355800
10 13 0.00134511
51 56 0.00123160
51 63 0.01255930
51 61 0.00568110
51 62 0.10729400
112 131 0.00129745
112 134 0.00344070
112 133 0.40592500
112 132 0.53588000
84 102 0.07858350
84 97 0.00544686
84 99 0.03083920
84 100 0.35986300
84 101 0.39261700
84 98 0.10338800
8 8 0.51280400
8 9 0.04577030
91 109 0.85228500
91 110 0.03115280
91 111 0.00282046
91 108 0.00188954
40 42 0.02266570
40 43 0.06587340
40 46 0.00187059
40 51 0.00259835
40 52 0.00110394
40 47 0.00113105
74 90 0.00097270
74 92 0.00207846
74 89 0.02814760
74 91 0.00409445
74 87 0.00901509
74 88 0.56397800
74 84 0.00056372
100 119 0.00100619
100 120 0.96403500
100 118 0.00066036
44 53 0.00634342
44 47 0.09201360
44 55 0.24713400
44 49 0.01398480
44 52 0.04154010
44 51 0.01509790
44 50 0.06382610
44 56 0.12380600
44 48 0.05501170
44 46 0.30098200
44 54 0.01275610
39 45 0.00250233
39 46 0.00092846
39 39 0.00161132
39 50 0.00176219
39 42 0.12973500
39 41 0.75631700
39 51 0.00089355
113 134 0.57179800
113 135 0.00117802
113 132 0.00131463
113 133 0.37230400
16 19 0.07547040
16 17 0.14860100
16 22 0.00098312
16 16 0.41875900
16 18 0.00127161
14 15 0.25484200
14 14 0.38776300
14 17 0.00497726
36 37 0.00060067
36 38 0.29662300
36 36 0.00326862
36 47 0.00055283
36 48 0.00081464
36 42 0.00193740
36 39 0.13800400
36 44 0.00055235
108 130 0.00616083
108 131 0.00059666
108 129 0.02407040
108 127 0.00233369
108 128 0.66394300
106 127 0.01067410
106 129 0.00206834
106 125 0.00069648
106 126 0.95374400
106 128 0.00235626
87 100 0.00159741
87 105 0.86294200
87 102 0.00057612
87 101 0.00623438
87 103 0.01223450
87 104 0.08529940
87 106 0.00245785
61 71 0.00178457
61 74 0.03062920
61 75 0.58005400
61 73 0.29635700
15 16 0.43307600
15 18 0.01046210
15 15 0.31139500
37 49 0.00081197
37 40 0.20143500
37 37 0.00223253
37 45 0.00053230
37 39 0.20273300
37 43 0.00168801
37 48 0.00066693
78 88 0.00147301
78 95 0.22976800
78 91 0.01705220
78 96 0.00168790
78 92 0.68666600
78 93 0.02433350
78 94 0.00935438
2 2 0.99767700
2 3 0.00191865
118 139 0.89266700
118 138 0.09089540
118 140 0.00145954
72 89 0.00185873
72 87 0.00125033
72 86 0.19395100
72 85 0.21205400
72 90 0.00157688
54 65 0.03286720
54 67 0.00225001
54 66 0.83415300
54 68 0.07811340
46 49 0.01790100
46 55 0.00208388
46 51 0.00614848
46 52 0.02579430
46 58 0.17883000
46 53 0.00554147
46 54 0.00299866
46 50 0.01745700
46 56 0.01394070
46 57 0.55286700
46 48 0.14271900
64 78 0.25468500
64 79 0.00300384
64 76 0.00803521
64 77 0.09043280
92 110 0.75118100
92 109 0.00057254
92 112 0.00534981
92 111 0.00668177
93 113 0.02710560
93 112 0.11100000
93 111 0.51217000
68 81 0.00702120
68 82 0.22114500
68 86 0.00073507
19 19 0.34515700
19 22 0.10849200
19 25 0.00182396
19 21 0.14166400
19 20 0.22512300
49 61 0.06670630
49 53 0.00536805
49 55 0.00242486
49 59 0.00399528
49 51 0.00668143
49 58 0.00080464
49 52 0.00092472
49 60 0.02168530
49 54 0.03597870
88 104 0.00786405
88 106 0.89545900
88 107 0.00266159
88 101 0.00141568
88 105 0.05774300
88 102 0.00562951
70 84 0.76603400
70 83 0.12513000
70 88 0.00092795
70 87 0.00167137
70 85 0.00060725
24 28 0.00057078
24 30 0.00473923
24 25 0.04171340
24 26 0.33647400
24 35 0.00077848
24 27 0.10170000
24 24 0.48428900
98 118 0.92575400
98 117 0.00317046
98 116 0.00426120
33 34 0.02945150
33 45 0.00077808
33 39 0.00276960
33 35 0.74848200
33 33 0.01638980
33 36 0.17042500
35 46 0.00052295
35 43 0.00062234
35 41 0.00236577
35 47 0.00082869
35 36 0.00384164
35 38 0.01107690
35 35 0.00406232
35 37 0.58514000
11 14 0.00139080
11 11 0.60221400
11 12 0.36106800
121 141 0.00980190
121 142 0.97750700
20 22 0.21808300
20 24 0.00144995
20 26 0.00212684
20 23 0.10381200
20 20 0.49033700
20 21 0.14553300
30 30 0.13544000
30 31 0.01279490
30 41 0.00087618
30 32 0.69115800
30 33 0.12519300
30 36 0.00484863
102 122 0.96507000
50 61 0.19834100
50 52 0.00299158
50 55 0.03081320
50 59 0.00062231
50 62 0.16318900
50 57 0.00051795
50 56 0.00135672
50 60 0.00534805
50 54 0.00152398
114 136 0.00080822
114 135 0.08123880
114 134 0.20901000
28 34 0.00522177
28 39 0.00097506
28 30 0.54243700
28 31 0.10923500
28 28 0.30765600
28 29 0.00569452
21 22 0.11007300
21 24 0.10053200
21 27 0.00263291
21 23 0.25671000
21 25 0.00123232
21 21 0.49439900
62 77 0.00059104
62 72 0.00083847
62 75 0.03965400
62 74 0.22446000
62 76 0.64817100
22 28 0.00320438
22 25 0.09749760
22 26 0.00104222
22 23 0.07979400
22 24 0.29358700
22 22 0.49035400
80 98 0.00186910
80 95 0.00463017
80 91 0.00079446
80 96 0.03328210
80 90 0.00052775
80 93 0.00745796
80 97 0.30543500
80 94 0.61754300
122 142 0.00191853
122 143 0.66179700
53 67 0.01327090
53 64 0.00305254
53 66 0.00389267
53 65 0.07804340
104 124 0.96362200
104 125 0.00053790
63 78 0.00857241
63 75 0.20436000
63 73 0.00115386
63 76 0.05174030
63 77 0.68243700
45 51 0.02580500
45 52 0.01916810
45 55 0.00887131
45 49 0.01845770
45 47 0.09206980
45 53 0.00873035
45 54 0.00302023
45 57 0.15700200
45 48 0.06343710
45 56 0.47531000
45 50 0.01912260
120 140 0.01945180
120 142 0.00061488
120 141 0.96742500
99 119 0.96196500
99 118 0.00121577
99 117 0.00251587
125 146 0.99988100
71 86 0.00093836
71 85 0.77052100
71 89 0.00144012
71 84 0.21733800
71 88 0.00191923
13 13 0.31142700
13 14 0.44209200
13 16 0.00206386
57 70 0.00177183
57 69 0.78702500
57 71 0.14730000
57 68 0.01072780
1 1 0.99894500
1 2 0.00097518
47 54 0.00180320
47 57 0.00227089
47 50 0.00236171
47 56 0.00057146
47 58 0.57873700
47 52 0.00564396
47 51 0.00359897
47 59 0.24977700
47 49 0.09988040
47 55 0.00066425
47 53 0.00865070
101 120 0.00059716
101 121 0.92019500
52 66 0.00053689
52 64 0.02343760
52 63 0.00581643
52 62 0.00358568
79 93 0.66021800
79 97 0.00179227
79 94 0.01833430
79 90 0.00079883
79 92 0.00887907
79 89 0.00066409
79 96 0.26984100
79 95 0.01088660
96 116 0.83970000
96 114 0.10348800
96 115 0.02415760
117 139 0.00312220
117 137 0.11111600
117 138 0.76525800
89 106 0.03005120
89 108 0.00487625
89 107 0.78974000
89 103 0.00140159
89 105 0.00412757
38 41 0.22536400
38 50 0.00082267
38 44 0.00263726
38 45 0.00050562
38 40 0.75874300
38 38 0.00206989
38 49 0.00159218
23 34 0.00059420
23 25 0.03094490
23 29 0.00383460
23 24 0.04404050
23 27 0.00079006
23 23 0.48657900
23 26 0.09712390
6 6 0.79893800
6 7 0.00844541
67 81 0.50528000
67 80 0.07703950
25 27 0.35694300
25 26 0.02303350
25 36 0.00087497
25 31 0.00515595
25 25 0.48114200
25 28 0.10298900
31 37 0.00471703
31 32 0.01548470
31 33 0.68705300
31 31 0.11295300
31 42 0.00084789
31 34 0.14896100
4 4 0.97722800
4 5 0.00926597
4 7 0.00227560
29 40 0.00092998
29 32 0.11714100
29 35 0.00502592
29 29 0.21837200
29 31 0.61598000
29 30 0.01213840
59 71 0.01749590
59 69 0.00209587
59 73 0.01335530
115 135 0.02151360
115 134 0.00054539
115 136 0.49233700
115 137 0.00052528
58 70 0.02374710
58 71 0.00083081
58 72 0.07281860
73 90 0.00199762
73 86 0.14056500
73 88 0.00277182
73 91 0.00161738
73 87 0.29564400
103 123 0.82788800
18 18 0.44419100
18 24 0.00135379
18 19 0.29310100
18 21 0.10725500
18 20 0.08066670
107 130 0.00158390
107 127 0.67860800
107 129 0.00575515
107 128 0.01410730
107 126 0.00284973
3 4 0.00363666
3 6 0.00193293
3 3 0.98335400
123 144 0.66290100
123 143 0.00103031
65 77 0.00526249
65 78 0.00882948
65 80 0.00050167
65 79 0.11294100
12 15 0.00160228
12 12 0.43467500
12 13 0.36634400
66 79 0.01413390
66 80 0.07306380
66 78 0.00332987
82 99 0.35715300
82 100 0.01162230
82 97 0.01007060
82 95 0.00583903
82 98 0.21324700
82 96 0.37068300
86 104 0.64994300
86 103 0.26783700
86 101 0.00186915
86 105 0.00053683
86 102 0.03999990
86 99 0.00168358
86 100 0.00955228
56 70 0.11624400
56 69 0.00766654
56 68 0.80219000
56 67 0.02071980
60 73 0.00468845
60 70 0.00318839
60 74 0.10364500
60 72 0.00895914
119 140 0.95729000
119 139 0.02906710
119 141 0.00105609
42 50 0.00086162
42 48 0.00365395
42 45 0.06445150
42 44 0.47929200
42 46 0.00270002
42 54 0.00357500
42 53 0.01796560
42 47 0.00068203
42 49 0.00758247
42 52 0.00179189
42 51 0.00050884
81 95 0.57402300
81 98 0.33478400
81 96 0.00377028
81 99 0.00277890
81 92 0.00077118
81 94 0.00601263
81 97 0.04872800
105 126 0.00088373
105 128 0.00435898
105 127 0.00056175
105 124 0.00054961
105 125 0.79736100
55 66 0.02227900
55 67 0.82082500
55 68 0.00255470
55 69 0.10117700
83 97 0.25865500
83 99 0.29167700
83 100 0.38317300
83 96 0.00625365
83 101 0.02144930
83 98 0.00945179
76 91 0.05202270
76 89 0.05192430
76 93 0.12765300
76 94 0.00268148
76 90 0.72846400
76 92 0.00596874
32 43 0.00050860
32 44 0.00070756
32 34 0.72303700
32 38 0.00419691
32 32 0.04079860
32 35 0.16035600
32 33 0.04012160
111 132 0.37454300
111 133 0.00568333
111 130 0.00132233
111 131 0.53432300
75 89 0.69900000
75 91 0.01106430
75 88 0.01017990
75 93 0.00252745
75 92 0.03133450
75 85 0.00054346
75 90 0.05484250
34 34 0.00994693
34 45 0.00052339
34 46 0.00081357
34 42 0.00058535
34 36 0.76007400
34 35 0.01647720
34 40 0.00242550
34 37 0.01848720
5 8 0.00052992
5 6 0.01391360
5 5 0.11701700
90 104 0.00086810
90 107 0.00473327
90 106 0.00054721
90 108 0.89603100
90 109 0.00867784
90 110 0.00060650
7 8 0.00770257
7 7 0.69473800
69 82 0.06428880
69 86 0.00168079
69 87 0.00080637
69 83 0.02895610
116 137 0.50182500
116 136 0.12017000
116 138 0.00067439
48 54 0.00767732
48 57 0.00062265
48 60 0.02171510
48 50 0.02138460
48 51 0.00140488
48 58 0.00314010
48 52 0.00561994
48 55 0.00077235
48 59 0.16924600
48 53 0.03467390
17 20 0.09023510
17 23 0.00115977
17 18 0.39581500
17 17 0.39628400
17 19 0.01149610
95 115 0.23815900
95 113 0.54273400
95 114 0.06835670
9 12 0.00184636
9 10 0.11388000
9 9 0.84913400
9 11 0.00073319
27 28 0.00535715
27 30 0.10038900
27 38 0.00097187
27 27 0.39200900
27 33 0.00537373
27 29 0.46694400
26 26 0.46916400
26 37 0.00095257
26 27 0.01314330
26 32 0.00537601
26 29 0.09886850
26 28 0.37922800
