36 36 0.30805300
7 6 0.00098084
7 7 0.93286200
7 8 0.00613223
45 45 0.98677600
116 116 0.99861100
41 42 0.00349615
41 41 0.98435500
65 65 0.95014100
26 26 0.98066800
83 83 0.99755900
110 110 0.99885000
39 39 0.48512100
61 61 0.12202600
111 111 0.99882600
134 134 0.43494500
108 108 0.99883600
17 17 0.98741400
96 96 0.35277400
107 107 0.99886500
89 89 0.59932200
91 91 0.87683400
56 56 0.97268400
123 123 0.99889800
70 70 0.37827000
46 46 0.29827800
88 88 0.98518300
84 84 0.99754800
76 76 0.02024940
121 121 0.99881500
72 72 0.39811000
35 35 0.38766500
130 130 0.99889400
54 54 0.96818100
54 53 0.00103832
6 6 0.92983900
6 7 0.02526450
6 5 0.00101995
38 38 0.13169100
86 86 0.41854700
135 135 0.37913200
95 95 0.41196200
78 78 0.53632400
66 66 0.99997800
29 29 0.98872800
40 40 0.98523200
40 41 0.00116260
23 23 0.01976820
75 75 0.29855200
73 73 0.12202300
58 58 0.02021630
129 129 0.99891000
132 132 0.31180500
49 49 0.96110800
15 15 0.95673900
106 106 0.99891200
69 69 0.99996900
100 100 0.99870400
71 71 0.39811300
1 3 0.00141267
1 2 0.01937060
1 1 0.97622200
99 99 0.99872700
32 32 0.98869800
127 127 0.99885300
43 42 0.00086237
43 44 0.00078344
43 43 0.98715000
8 8 0.95259400
8 9 0.00315806
8 7 0.00073787
118 118 0.99879400
44 44 0.38127600
133 133 0.35869200
20 20 0.48526900
117 117 0.99885600
85 85 0.99755900
31 31 0.98868700
97 97 0.31060200
112 112 0.99860400
126 126 0.99890900
59 59 0.29854900
114 114 0.99861700
64 64 0.42811300
74 74 0.34067000
105 105 0.99897000
128 128 0.99888500
5 4 0.00080829
5 6 0.02793750
5 5 0.92736700
124 124 0.99882400
55 55 0.97174300
55 54 0.00098181
34 34 0.41154100
119 119 0.99888700
47 47 0.40243900
37 37 0.02038770
103 103 0.99896800
125 125 0.99890600
4 5 0.03061670
4 3 0.00055515
4 4 0.92759000
18 18 0.98740000
28 28 0.82160600
63 63 0.39811200
2 1 0.00215146
2 4 0.00251778
2 3 0.03775400
2 2 0.95270600
62 62 0.39811100
102 102 0.99896200
82 82 0.78433200
115 115 0.99852000
25 25 0.43124700
109 109 0.99880400
81 81 0.87092800
3 1 0.00066656
3 4 0.04282550
3 3 0.60757700
3 2 0.00397356
80 80 0.99454200
101 101 0.99887100
13 13 0.98150700
19 19 0.98740700
52 51 0.00077961
52 52 0.96094700
50 50 0.96105500
50 49 0.00076739
22 22 0.20111600
24 24 0.28835200
67 67 0.99994600
113 113 0.99852800
14 14 0.41199400
79 79 0.62876500
131 131 0.02229430
93 93 0.97546100
94 94 0.35464700
77 77 0.81840500
90 90 0.98278700
57 57 0.97301700
122 122 0.99889700
120 120 0.99889100
104 104 0.99896900
12 12 0.28914500
16 16 0.98743900
68 68 0.99996300
21 21 0.91748300
11 11 0.38658500
51 51 0.96099200
51 50 0.00077870
33 33 0.98873000
48 48 0.39284500
87 87 0.41664500
92 92 0.97542900
27 27 0.52218600
60 60 0.34067000
9 9 0.95026500
53 53 0.96577100
53 52 0.00076913
10 10 0.38074200
42 42 0.98452600
42 43 0.00256718
30 30 0.98869700
98 98 0.02226780
