104 126 103 126 0.00406131
104 126 104 125 0.07402200
49 53 49 53 0.00629913
49 60 49 60 0.00906095
103 127 103 126 0.07195699
108 123 108 122 0.02007944
91 140 91 139 0.04245200
91 140 91 140 0.10818833
12 150 12 150 0.00713540
12 53 12 53 0.02434600
22 155 22 155 0.00857007
22 46 22 46 0.10081800
4 158 4 158 0.04505657
4 12 4 12 0.00210458
50 59 50 59 0.08099035
5 18 5 18 0.06760156
19 48 19 48 0.06335600
26 42 26 42 0.11397067
107 124 107 124 0.08755933
107 124 107 123 0.02773683
43 47 43 47 0.00082004
43 49 43 49 0.00085750
7 154 7 154 0.05048606
7 16 7 16 0.01571101
7 13 7 13 0.03434400
47 53 47 53 0.04515651
47 60 47 60 0.00086532
47 55 47 55 0.00188670
97 134 96 134 0.05280842
97 134 97 133 0.06415231
20 158 20 158 0.01589567
20 47 20 47 0.09697333
6 155 6 155 0.06127188
6 14 6 14 0.02132200
113 118 113 118 0.10263986
45 55 45 55 0.04851344
8 153 8 153 0.06716467
8 12 8 12 0.09899000
96 135 96 134 0.06356428
96 135 95 135 0.04332844
102 128 101 127 0.00267039
102 129 101 129 0.00128514
102 129 102 129 0.24005630
102 129 100 129 0.00067348
27 41 26 41 0.00131405
105 125 104 125 0.00491650
105 125 105 124 0.05626917
111 120 111 120 0.09797139
89 141 89 141 0.16219886
13 155 13 155 0.08144587
13 149 13 149 0.01132920
13 23 13 23 0.00055481
93 138 92 138 0.04857133
93 138 93 137 0.06320835
3 10 3 10 0.00438157
23 45 23 45 0.10992167
23 154 23 154 0.00749870
14 148 14 148 0.01099997
14 22 14 22 0.00101384
14 154 14 154 0.09685295
14 52 14 52 0.04989867
14 157 14 157 0.00279252
1 158 1 158 0.05078743
1 12 1 12 0.00147875
18 150 18 151 0.00072512
18 48 18 48 0.13812267
48 52 48 52 0.04652117
48 61 48 61 0.00416650
48 59 48 59 0.00311790
48 54 48 54 0.00257361
101 130 100 129 0.00291712
101 130 99 130 0.00067957
101 130 101 129 0.05544354
101 130 101 130 0.23862367
101 129 101 129 0.05332321
101 129 100 129 0.00803405
21 157 21 157 0.00684573
21 156 21 156 0.00784080
21 47 21 47 0.04614600
99 132 98 132 0.05248234
99 132 98 131 0.00165127
98 133 98 132 0.07566380
98 133 98 131 0.00051073
98 133 97 133 0.02529676
17 151 17 152 0.00114295
17 151 18 151 0.00066963
17 49 17 49 0.15945033
2 157 2 157 0.06774192
15 153 15 153 0.07979264
15 147 15 147 0.01197387
15 156 15 156 0.00311849
15 51 15 51 0.05526067
112 119 112 119 0.10944179
24 44 24 44 0.25159567
24 153 24 153 0.00179812
46 54 46 54 0.05596129
92 139 92 138 0.07332633
92 139 91 139 0.04212982
10 153 10 153 0.00478106
10 158 10 158 0.03203616
44 48 44 48 0.00647161
16 155 16 155 0.00257649
16 50 16 50 0.07250867
16 152 17 152 0.00056070
11 54 11 54 0.02948223
11 157 11 157 0.05792930
100 131 99 130 0.00279480
94 137 94 136 0.03170658
94 137 93 137 0.06666528
88 142 88 142 0.13198741
