77 124 77 124 0.01272057
42 55 42 54 0.00111000
42 51 42 51 0.03464967
76 123 76 123 0.15016041
140 153 140 153 0.00128878
34 137 34 137 0.10617293
34 62 34 62 0.01604371
28 68 28 68 0.01331853
28 143 28 143 0.17743343
53 63 53 63 0.01720616
64 135 64 135 0.01406853
64 138 64 138 0.00103045
64 130 64 130 0.01007651
61 68 63 68 0.00093726
4 23 4 23 0.07193000
4 149 4 149 0.21401147
4 10 4 10 0.00161413
4 126 4 126 0.03813796
22 156 22 156 0.00415767
22 37 22 37 0.00333029
22 145 22 145 0.00291240
85 115 85 115 0.23652601
89 112 89 112 0.26197668
73 126 73 126 0.28449618
73 125 73 125 0.00339932
3 150 3 150 0.16632582
3 62 3 62 0.00270064
59 65 59 65 0.02315915
19 149 19 149 0.00099517
19 42 19 42 0.00065440
19 27 19 27 0.00228947
41 52 41 52 0.03731267
25 33 25 33 0.00501585
25 34 25 34 0.01160031
27 69 27 69 0.00486720
27 144 27 144 0.10751124
27 155 27 155 0.00363911
36 135 36 135 0.11403067
36 60 36 60 0.03563408
39 57 39 57 0.06683515
39 132 39 132 0.07608005
97 106 97 106 0.41186241
79 120 79 120 0.24733357
98 104 98 104 0.01068324
98 105 98 105 0.30828775
98 105 97 106 0.00051217
24 35 24 35 0.00834352
24 154 24 154 0.01592809
24 143 24 143 0.00138954
24 147 24 147 0.02252143
67 131 67 131 0.02019876
67 135 67 135 0.00237018
132 150 132 150 0.13876590
132 150 133 149 0.00552720
132 150 131 151 0.00991217
132 139 132 139 0.00141470
46 50 46 50 0.04568267
54 62 54 62 0.02721373
143 151 143 151 0.00199482
44 53 44 53 0.06288367
44 53 43 53 0.00079330
91 112 91 112 0.13765274
90 110 90 110 0.00545180
90 113 90 113 0.03712782
7 157 7 157 0.00354043
7 21 7 21 0.11669369
7 146 7 146 0.03082043
7 22 7 22 0.01502619
58 66 58 66 0.13021021
84 116 84 116 0.26735364
86 114 86 116 0.00154606
86 114 86 114 0.22614001
137 145 138 144 0.00542502
137 145 137 145 0.07870345
137 145 136 146 0.00719790
95 108 95 108 0.37808722
23 155 23 155 0.01139237
23 36 23 36 0.00397222
23 144 23 144 0.00387492
100 104 100 104 0.14903668
70 129 70 129 0.21485867
70 127 70 127 0.00348819
70 128 70 128 0.00382097
11 142 11 142 0.04045935
11 18 11 18 0.19384391
21 40 21 40 0.00053268
69 128 69 128 0.00227198
69 130 69 130 0.12954075
69 129 69 129 0.00774275
8 20 8 20 0.13356171
8 145 8 145 0.10170113
8 156 8 156 0.00088921
12 17 12 17 0.16160322
12 141 12 141 0.00523235
35 61 35 61 0.02771163
35 136 35 136 0.11735581
6 22 6 22 0.05052917
6 21 6 21 0.04354798
6 124 6 124 0.01474763
6 147 6 147 0.09417335
6 23 6 23 0.01519041
81 118 81 118 0.29717162
66 133 66 133 0.02601540
66 136 66 136 0.00186823
66 132 66 132 0.01297555
71 128 71 128 0.26250125
71 126 71 126 0.00182223
144 150 144 150 0.00749717
75 123 75 123 0.04427827
133 138 133 138 0.00178680
133 149 132 150 0.00939160
133 149 133 149 0.16236783
72 127 72 127 0.22829732
72 125 72 125 0.00145287
40 131 40 131 0.06244619
82 117 82 117 0.23354400
82 118 82 118 0.00310612
62 69 62 69 0.04001661
62 132 62 132 0.00958300
37 134 37 134 0.10298164
37 59 37 59 0.04531932
20 26 20 26 0.00583393
139 144 139 144 0.00343245
65 137 65 137 0.00133741
65 134 65 134 0.02161633
65 129 65 129 0.00368409
43 54 43 53 0.00485245
138 144 137 145 0.00982767
138 144 138 144 0.19044909
138 155 138 155 0.00072652
88 113 88 113 0.29533731
88 113 88 112 0.00319180
136 146 137 145 0.00549038
136 146 136 146 0.18558655
136 157 136 157 0.00055825
9 144 9 144 0.03523801
9 155 9 155 0.00080745
9 19 9 19 0.09572052
60 69 62 69 0.00293412
60 64 60 64 0.02122343
26 32 26 32 0.00497251
26 156 26 156 0.00338337
26 33 26 33 0.00963136
26 145 26 145 0.07923807
5 125 5 125 0.04379690
5 22 5 22 0.06130112
2 151 2 151 0.19870715
2 63 2 63 0.00190670
2 152 2 152 0.02345178
2 24 2 24 0.01203060
2 156 2 156 0.01639220
78 123 78 123 0.00472380
78 121 78 121 0.29755968
96 107 95 108 0.00065154
96 107 96 107 0.47916244
94 109 94 109 0.39361056
131 151 132 150 0.00571692
131 151 130 152 0.00456335
131 151 131 151 0.05202966
131 140 131 140 0.00058635
80 119 80 119 0.24733305
29 142 29 142 0.11671894
29 67 29 67 0.00694533
38 58 38 58 0.05630631
38 133 38 133 0.08977333
63 131 63 131 0.00906116
63 130 63 130 0.00286923
63 68 63 68 0.04984289
63 137 63 137 0.00208105
74 125 74 125 0.21772921
74 124 74 124 0.01896153
13 140 13 140 0.01668395
33 138 33 138 0.11648923
1 153 1 153 0.07543913
1 157 1 157 0.03243067
1 25 1 25 0.00950323
10 19 10 19 0.12616775
93 110 93 110 0.25820009
130 152 131 151 0.00326278
130 152 130 152 0.12352206
31 140 31 140 0.11381162
45 51 45 51 0.02168281
45 52 45 51 0.00219423
45 52 45 52 0.06599880
141 152 141 152 0.00134339
