29 142 29 142 0.22098161
63 68 61 68 0.00068547
63 68 63 68 0.01032295
31 132 31 132 0.00137100
31 140 31 140 0.29206935
30 133 30 133 0.00398777
10 144 10 144 0.00816518
1 151 2 151 0.00145723
1 153 1 153 0.11263010
33 130 33 130 0.00495697
33 138 33 138 0.21639856
141 152 141 152 0.00059565
45 61 45 61 0.00744187
37 134 37 134 0.21476286
62 69 60 69 0.00373214
62 69 62 69 0.02513421
40 131 40 131 0.14294235
20 26 20 26 0.01081841
20 41 20 41 0.00106433
32 131 32 131 0.00116735
17 44 17 44 0.00067537
60 64 60 64 0.05214622
60 65 60 65 0.04288021
60 69 60 69 0.00239065
9 144 9 144 0.02146713
2 150 3 150 0.00159361
2 150 2 151 0.00251585
2 18 2 18 0.00449042
2 152 2 152 0.06200173
2 152 2 151 0.00063756
26 33 26 33 0.00646062
26 145 26 145 0.19659348
26 32 26 32 0.00413825
5 149 4 149 0.00077116
5 26 5 26 0.00430117
46 60 46 60 0.00866066
54 62 54 62 0.00160812
24 35 24 35 0.00612206
24 146 24 146 0.03334067
24 147 24 148 0.00056467
24 147 24 147 0.05514452
24 143 24 143 0.00538873
58 66 58 66 0.29677788
23 144 23 144 0.00757215
23 36 23 36 0.00413252
21 40 21 40 0.00152021
18 149 18 150 0.00072928
8 145 8 145 0.03673433
6 25 6 25 0.01008303
6 148 6 148 0.08152540
6 147 6 147 0.06521157
35 136 35 136 0.21960257
34 137 34 137 0.19489182
4 148 4 149 0.00225704
4 149 4 149 0.30870305
4 27 4 27 0.00074466
22 37 22 37 0.00652668
61 68 61 68 0.00176962
28 143 28 143 0.23381273
19 148 19 149 0.00558823
19 42 19 42 0.00271325
19 149 19 149 0.07260173
59 70 59 70 0.00306497
59 65 59 65 0.06276368
3 149 4 149 0.00108752
3 149 3 150 0.00543243
3 151 3 150 0.00228198
3 151 2 151 0.00126888
3 17 3 17 0.02135020
27 144 27 144 0.19988092
25 33 25 33 0.00282894
25 34 25 34 0.00787109
39 132 39 132 0.18056249
36 135 36 135 0.21942657
