120 125 130 137 0.00162654
71 80 80 88 0.00462135
71 80 79 89 0.01392594
71 80 79 88 0.00231060
71 80 78 89 0.03506599
71 89 75 93 0.00090650
71 89 75 94 0.00078215
71 89 74 94 0.00069027
71 88 74 94 0.00415547
71 88 74 93 0.00050433
71 88 74 95 0.00680698
71 88 75 93 0.21947621
71 88 75 94 0.00089901
29 37 29 42 0.13435198
29 37 33 39 0.00574438
29 37 30 41 0.22199368
29 37 32 41 0.01104696
29 37 31 40 0.00643706
29 37 31 42 0.00268654
27 38 29 42 0.00141982
27 38 29 44 0.00215496
27 38 30 41 0.09930124
27 38 32 41 0.00255420
27 38 31 42 0.00249896
27 38 31 40 0.00601081
27 38 28 43 0.02549090
27 38 28 45 0.00199235
27 39 31 42 0.00350990
27 39 27 45 0.00739327
27 39 27 44 0.02737410
27 39 28 45 0.00310817
27 39 28 43 0.19093167
27 39 29 42 0.00362986
27 39 29 44 0.00059987
67 83 76 92 0.16732095
67 83 74 94 0.00058215
67 92 70 98 0.00197454
67 92 69 99 0.00215402
67 92 71 97 0.28101287
72 87 74 94 0.00116931
72 87 76 92 0.21840224
72 87 75 93 0.00488505
72 87 75 94 0.00327539
72 88 75 93 0.00311427
72 88 76 92 0.00784673
72 88 74 94 0.00091138
72 79 81 87 0.00478966
72 79 79 88 0.03902490
72 79 80 87 0.00250552
72 79 80 88 0.01559199
4 12 4 12 0.34133613
51 112 53 115 0.00690295
51 112 54 122 0.00145741
22 31 23 32 0.06445526
22 43 26 46 0.00629301
22 43 26 47 0.00370517
22 43 23 48 0.00054315
22 43 23 50 0.14040132
22 43 25 48 0.02551902
22 43 24 49 0.00900086
22 43 22 51 0.04370294
22 43 27 45 0.00139896
24 29 25 30 0.04012394
24 29 24 31 0.00155728
24 41 26 47 0.00836479
24 41 29 44 0.00333164
24 41 25 48 0.24330509
24 41 24 49 0.03592651
24 41 24 47 0.02482583
24 41 27 44 0.06692637
24 41 27 45 0.02453544
24 41 28 43 0.00584216
24 41 28 45 0.00317933
110 117 119 126 0.01591097
110 124 118 136 0.00066434
110 124 119 133 0.00063466
110 124 119 135 0.03187321
110 127 123 140 0.01165366
110 128 123 140 0.00607780
110 128 122 141 0.00143465
18 48 23 50 0.00800364
18 48 21 52 0.10534265
18 48 19 54 0.00456717
18 48 19 55 0.02647896
18 48 20 54 0.00142008
18 48 22 51 0.00560355
18 48 18 55 0.16245638
18 104 19 116 0.00064244
18 104 18 116 0.00164788
18 104 18 117 0.00948905
30 35 34 39 0.00215705
30 35 33 38 0.00160647
30 35 33 39 0.00137670
30 35 31 40 0.01633562
30 36 31 40 0.22710592
30 36 31 42 0.00268114
30 36 32 41 0.00136169
30 36 33 39 0.10622347
30 36 30 41 0.06908258
30 36 34 39 0.00074636
30 36 34 38 0.00522290
123 130 132 141 0.00274614
123 130 133 140 0.11708176
78 82 81 87 0.01815315
78 82 80 87 0.01699936
3 13 3 13 0.33311024
107 123 116 136 0.00059783
107 125 116 136 0.01748247
107 125 116 138 0.00072286
60 103 62 105 0.00072899
68 91 70 98 0.00221203
68 91 72 96 0.21099167
68 91 71 97 0.00319188
68 82 77 91 0.27341349
68 82 77 90 0.00323894
68 90 71 97 0.00639658
68 90 72 96 0.00244171
63 100 65 102 0.00086091
63 95 64 103 0.00060975
63 95 66 101 0.00158478
63 95 67 100 0.12450032
63 95 65 102 0.00478541
74 86 77 91 0.01335988
74 86 77 90 0.00874248
74 86 76 92 0.00422239
74 86 78 89 0.02626469
14 52 16 57 0.00084747
14 52 18 55 0.00085967
14 52 17 56 0.01401777
114 125 124 137 0.00093947
114 123 127 136 0.03439279
19 103 19 115 0.00171071
19 103 19 116 0.00332362
19 47 21 52 0.00841225
19 47 23 50 0.00833246
19 47 19 54 0.19925479
19 47 19 55 0.01430785
19 47 20 54 0.07448539
19 47 24 49 0.00818059
19 47 22 51 0.10874959
19 46 21 52 0.00475768
23 42 24 49 0.26105411
23 42 24 47 0.00246099
23 42 28 45 0.00249652
23 42 27 44 0.00353900
23 42 27 45 0.00258124
23 42 26 47 0.04427985
23 42 26 46 0.03283619
23 42 23 50 0.02082742
23 42 23 48 0.01012423
23 42 25 48 0.00488811
23 30 24 31 0.03777940
76 84 80 87 0.03189637
76 84 80 88 0.06340508
76 84 78 89 0.01301742
76 84 79 89 0.00805423
76 84 79 88 0.02684875
26 39 31 42 0.00277088
26 39 27 44 0.03564277
26 39 27 45 0.00216864
26 39 28 45 0.00290550
26 39 28 43 0.00195861
26 39 30 41 0.00315541
26 39 29 44 0.01054900
26 39 29 42 0.09656792
26 39 26 47 0.00503466
124 129 133 140 0.00276791
16 106 16 119 0.01333872
16 106 18 115 0.00139127
16 106 17 118 0.00050230
16 106 19 115 0.01386313
16 50 18 55 0.00505391
16 50 16 57 0.18148740
16 50 19 54 0.06716817
16 50 17 56 0.00204866
16 50 21 52 0.00642030
16 117 18 126 0.00109036
16 117 17 127 0.00073977
16 117 19 126 0.00147048
108 126 117 137 0.02279021
108 126 118 136 0.00064828
108 129 121 142 0.00115023
77 83 79 88 0.00839906
77 83 80 87 0.00164210
77 83 80 88 0.00820412
77 83 81 87 0.00773202
20 46 20 54 0.01929781
20 46 22 51 0.00851975
20 46 24 49 0.00756792
20 46 21 52 0.00702358
20 46 23 50 0.10515129
20 46 25 48 0.00793467
115 124 124 137 0.00109537
115 124 127 136 0.00099770
62 101 64 103 0.00113988
62 96 66 101 0.12434073
62 96 65 102 0.00337216
62 96 64 103 0.00559279
53 110 55 113 0.00396579
21 44 22 51 0.28721267
21 44 24 47 0.00736042
21 44 24 49 0.02892114
21 44 26 47 0.00161932
21 44 26 46 0.00366607
21 44 21 52 0.03640646
21 44 23 50 0.00865720
21 44 25 48 0.00356373
66 84 75 93 0.36761457
106 126 115 137 0.02302637
17 49 17 56 0.08737539
17 49 21 52 0.00797159
17 49 19 55 0.00168529
17 49 19 54 0.00626074
17 49 22 51 0.00472037
17 49 18 55 0.00411536
17 105 17 118 0.00453534
17 105 18 117 0.00139719
17 105 20 114 0.00567817
59 104 61 106 0.00052118
59 102 62 105 0.00115141
59 102 60 108 0.00164297
59 102 61 106 0.00118066
57 104 58 110 0.00262811
57 104 59 109 0.00433875
103 109 112 121 0.00106179
103 130 110 141 0.00091131
103 111 112 121 0.05073759
103 111 113 120 0.00084287
103 127 113 139 0.00050406
103 112 112 121 0.13102000
58 103 59 109 0.00130167
58 103 61 106 0.00080648
105 110 113 120 0.00564167
105 110 114 119 0.09187356
104 113 112 121 0.00615735
104 126 113 139 0.00777140
104 129 113 139 0.03047887
104 110 114 119 0.00058204
104 110 113 120 0.02440333
64 96 65 102 0.00097687
64 96 66 101 0.03098472
31 35 33 37 0.00212052
31 35 33 38 0.00442093
31 35 33 39 0.00455778
31 35 34 39 0.00471118
31 35 34 38 0.10677472
31 35 32 41 0.00114330
31 35 32 37 0.00899279
31 35 31 40 0.13936581
2 14 2 14 0.31749168
70 95 70 98 0.00051584
70 89 74 94 0.28689989
70 89 72 96 0.00138120
70 90 72 96 0.00103514
70 90 74 93 0.00054527
70 90 74 95 0.00440962
70 90 74 94 0.00132042
70 81 77 90 0.00648395
70 81 79 89 0.00331071
70 81 78 89 0.00114788
111 123 120 132 0.00085756
111 123 119 133 0.00068042
113 121 122 131 0.00687131
113 121 120 129 0.01654076
113 124 126 137 0.03532087
113 117 122 127 0.02783295
109 129 121 142 0.00135819
109 129 122 141 0.00677382
109 125 118 136 0.01965477
109 125 119 135 0.00437273
28 38 28 43 0.10825541
28 38 31 42 0.01119788
28 38 32 41 0.00354383
28 38 30 41 0.00507312
28 38 29 44 0.00368715
28 38 29 42 0.22193013
15 118 17 127 0.00113367
15 118 16 128 0.00201450
15 118 18 127 0.00191670
15 118 14 121 0.00167304
15 51 19 54 0.00402604
15 51 17 56 0.00441968
15 51 18 55 0.06120878
15 51 16 57 0.00237234
75 85 78 89 0.02741756
75 85 79 89 0.03497975
75 85 79 88 0.03120383
75 85 77 90 0.01323932
75 85 77 91 0.00252689
112 125 125 138 0.01895081
112 118 121 128 0.13861250
65 85 72 96 0.00062769
65 85 74 94 0.14263423
65 95 68 100 0.00233470
65 95 67 100 0.03012214
65 95 66 101 0.00090167
50 113 53 123 0.00146148
73 78 81 87 0.01031138
73 78 80 87 0.02945521
