112 112 0.62999600
66 66 0.93248100
88 88 0.64222800
27 27 0.93565700
28 28 0.93548500
12 12 0.97555600
73 73 0.97640400
7 7 0.92493500
103 103 0.97031200
48 48 0.98821700
20 20 0.92395700
100 100 0.98598600
105 105 0.99299300
85 85 0.54749500
104 104 0.99285200
78 78 0.97019600
84 84 0.52793100
34 34 0.92467100
97 97 0.82674600
64 64 0.94137300
9 9 0.98277000
90 90 0.98262500
90 89 0.00078717
6 6 0.97796200
59 59 0.80686900
77 77 0.91229400
98 98 0.92796500
106 106 0.70791200
110 110 0.96683000
110 109 0.00052528
125 125 0.99998600
74 74 0.97633800
44 44 0.88458700
79 79 0.77652100
65 65 0.90190400
62 62 0.64260500
82 82 0.16500900
91 91 0.35491800
61 61 0.95717800
42 42 0.92207100
95 95 0.83399900
101 101 0.77748200
67 67 0.89667600
117 116 0.00093784
117 117 0.95281600
14 14 0.96886700
56 56 0.41170700
32 32 0.86942400
124 124 0.91751300
115 114 0.00050727
115 115 0.82604900
4 4 0.93366600
99 99 0.75274000
2 2 0.99982700
3 3 0.97500300
46 46 0.79434600
52 52 0.11927700
109 109 0.96668100
17 17 0.96883900
47 47 0.11589000
58 58 0.72113900
122 122 0.20272500
75 75 0.92376900
30 30 0.89196400
120 120 0.58393500
10 10 0.98278800
92 92 0.61568900
25 25 0.88577100
114 114 0.98254900
69 69 0.86342700
71 71 0.97636500
80 80 0.90091600
49 49 0.99011900
41 41 0.31718500
38 38 0.61415900
16 16 0.96887700
123 123 0.90694500
45 45 0.90278100
1 1 0.99993300
63 63 0.91894500
107 107 0.46309100
22 22 0.95938800
72 72 0.94491300
119 119 0.58840000
15 15 0.96888600
70 70 0.91557900
94 94 0.87568600
68 68 0.83521000
86 86 0.17865700
111 111 0.96739800
55 55 0.96870500
23 23 0.95576900
108 108 0.13562700
118 118 0.19155500
5 5 0.84860600
33 33 0.92469600
39 39 0.53980000
87 87 0.98527800
51 51 0.99080500
29 29 0.93537000
35 35 0.66718000
43 43 0.92199600
13 13 0.96886000
57 57 0.68118100
36 36 0.88790300
93 93 0.31275100
21 21 0.93267400
60 60 0.80190300
121 121 0.47863700
18 18 0.96861500
19 19 0.96868600
50 50 0.99076700
50 51 0.00059358
8 8 0.88693100
37 37 0.62527200
113 113 0.34568400
76 76 0.91196200
24 24 0.88672400
26 26 0.85902400
81 81 0.96361700
89 89 0.98373600
54 54 0.94629100
31 31 0.89062600
83 83 0.43430400
102 102 0.93560000
11 11 0.98274900
53 53 0.79788400
116 116 0.81046000
40 40 0.61282500
96 96 0.89166800
