38 38 0.76076700
16 16 0.79498200
123 123 0.80913900
45 45 0.57223400
1 1 0.83383900
63 63 0.29042300
114 114 0.48095600
69 69 0.99647400
71 71 0.99647600
80 80 0.73112300
49 49 0.59881100
41 41 0.50456600
55 55 0.50123100
111 111 0.93284900
108 108 0.76162400
23 23 0.43097200
118 118 0.37987300
5 5 0.81855600
33 33 0.66218700
39 39 0.39338900
87 87 0.42026600
51 51 0.56486700
107 107 0.48424600
22 22 0.57374900
119 119 0.49265000
72 72 0.39462300
70 70 0.99647300
15 15 0.84240800
94 94 0.92701600
68 68 0.42476900
86 86 0.41745700
121 121 0.48048600
18 18 0.39764500
19 19 0.72829200
8 8 0.47010200
50 50 0.59578700
37 37 0.69037200
29 29 0.67480800
43 43 0.56704800
35 35 0.76377700
13 13 0.77307600
57 57 0.64044500
36 36 0.66618400
93 93 0.89614100
21 21 0.53273200
60 60 0.79433700
102 102 0.84638500
11 11 0.55292100
53 53 0.41947000
116 116 0.39338900
40 40 0.42448400
96 96 0.86377300
113 113 0.24614900
76 76 0.29132500
26 26 0.38364600
24 24 0.53285700
89 89 0.97692200
81 81 0.45319800
54 54 0.63804800
83 83 0.29859200
31 31 0.77813200
7 7 0.72858900
103 103 0.83175900
48 48 0.66160800
20 20 0.73293100
100 100 0.40966200
105 105 0.44559100
85 85 0.46044300
104 104 0.82878800
84 84 0.40499800
78 78 0.28840400
34 34 0.53851900
112 112 0.48507300
66 66 0.29634700
88 88 0.42867900
27 27 0.71608200
28 28 0.67417400
73 73 0.35619100
12 12 0.77519100
77 77 0.28958600
59 59 0.52181100
110 110 0.98082400
98 98 0.83522200
106 106 0.50221500
125 125 0.97863700
74 74 0.29283800
44 44 0.40831200
97 97 0.65799800
64 64 0.29318200
9 9 0.48324400
90 90 0.52671400
6 6 0.59398800
67 67 0.33096400
117 117 0.36654200
56 56 0.63358300
14 14 0.44788600
32 32 0.59542200
124 124 0.85827800
115 115 0.89662300
99 99 0.58930700
4 4 0.61351100
2 2 0.58443500
79 79 0.37964700
65 65 0.40073500
62 62 0.29334400
82 82 0.31324900
91 91 0.25545000
61 61 0.33659700
42 42 0.60284000
101 101 0.82121900
95 95 0.80517300
30 30 0.76748900
10 10 0.46000300
120 120 0.52428700
92 92 0.48841800
25 25 0.67586200
3 3 0.65393600
46 46 0.65045300
52 52 0.70136400
109 109 0.89862100
17 17 0.74297100
47 47 0.65454100
58 58 0.53117700
75 75 0.39666500
122 122 0.57491100
