56 103 56 103 0.00735513
56 60 56 60 0.02941039
56 112 56 112 0.00960465
56 69 56 69 0.01941950
56 115 56 115 0.00096741
118 153 118 153 0.09318400
118 154 118 154 0.00502700
12 23 12 23 0.48855009
6 29 6 29 0.40435158
63 67 63 67 0.03041204
63 70 63 70 0.01295767
50 75 50 75 0.12797423
50 55 50 55 0.04063363
50 63 50 63 0.02298394
55 70 55 70 0.02106598
55 116 55 116 0.00133440
55 71 55 71 0.11340123
55 61 55 61 0.01056911
55 104 55 104 0.01525937
132 138 132 138 0.05165585
132 139 132 139 0.05139854
132 137 132 137 0.16688912
132 136 132 136 0.00294466
132 140 132 140 0.14997767
1 34 1 34 0.32287595
39 112 39 112 0.01914998
39 115 39 115 0.03852451
123 147 123 147 0.40278566
41 51 41 51 0.01780152
41 113 41 113 0.04852467
40 111 40 111 0.01156087
40 114 40 114 0.04734311
59 81 59 81 0.03139163
61 79 61 79 0.00225465
61 69 61 69 0.08929016
38 113 38 113 0.02203049
38 115 38 115 0.00985056
48 110 48 110 0.08903743
48 65 48 65 0.00729100
48 54 48 54 0.00280677
45 113 45 113 0.06537250
15 19 15 19 0.04817672
54 72 54 72 0.07057023
54 105 54 105 0.00809677
36 117 36 117 0.00402653
36 118 36 118 0.00924323
36 46 36 46 0.00325648
36 47 36 47 0.01007252
36 110 36 110 0.01407082
125 145 125 145 0.39583523
116 154 116 154 0.16818556
116 153 116 153 0.00389933
57 111 57 111 0.00924301
57 69 57 69 0.02077980
57 114 57 114 0.00106118
37 46 37 46 0.01355523
37 116 37 116 0.00948412
37 45 37 45 0.00641173
37 117 37 117 0.01400928
126 142 126 142 0.01318737
70 79 70 79 0.00790520
70 75 70 75 0.01262004
42 50 42 50 0.04771100
42 116 42 116 0.01486960
42 52 42 52 0.00485567
60 67 60 67 0.00922348
60 65 60 65 0.01362456
60 70 60 70 0.07110346
60 80 60 80 0.01408263
72 78 72 78 0.01432010
115 155 115 155 0.15056704
3 32 3 32 0.40134570
64 69 64 69 0.02542283
51 74 51 74 0.09165197
51 62 51 62 0.01644093
13 22 13 22 0.33198956
52 73 52 73 0.08623899
133 138 133 138 0.06914285
133 139 133 139 0.02616679
133 137 133 137 0.12993389
133 140 133 140 0.01058893
7 28 7 28 0.32372878
117 154 117 154 0.05266237
117 153 117 153 0.10591067
58 110 58 110 0.01568257
67 75 67 75 0.00228193
62 72 62 72 0.00493083
49 64 49 64 0.00987810
49 109 49 109 0.06366488
49 56 49 56 0.01057264
49 76 49 76 0.07637126
43 49 43 49 0.03894076
43 51 43 51 0.00500807
43 115 43 115 0.03054388
11 24 11 24 0.40435561
128 142 128 142 0.44205329
71 79 71 79 0.02781560
9 26 9 26 0.40435561
10 25 10 25 0.32372878
127 143 127 143 0.30589304
127 141 127 141 0.01325873
35 48 35 48 0.00745123
46 112 46 112 0.08490482
47 111 47 111 0.08042399
8 27 8 27 0.48855817
121 149 121 149 0.32201889
120 150 120 150 0.39918243
124 146 124 146 0.40278532
119 151 119 152 0.00057274
119 152 119 152 0.35441771
69 76 69 76 0.00785478
69 80 69 80 0.02279503
2 33 2 33 0.47049237
122 148 122 148 0.40278542
