58 62 58 62 0.00796173
58 65 58 65 0.00100955
58 110 58 110 0.01423048
58 66 58 66 0.00052204
117 154 117 154 0.05030215
133 137 133 137 0.10168979
133 137 132 137 0.00061012
133 139 133 139 0.00387480
133 138 133 138 0.01013553
77 93 77 93 0.30198541
76 94 76 94 0.27826187
7 28 7 28 0.32372878
128 142 128 142 0.47147477
11 24 11 24 0.40435561
43 115 43 115 0.00406733
43 49 43 49 0.05775788
49 64 49 64 0.08360425
49 109 49 109 0.01011255
49 56 49 56 0.04116452
49 65 49 65 0.00200141
62 105 62 105 0.03620808
62 106 62 106 0.02465824
66 106 66 106 0.01218510
66 105 66 105 0.01517680
13 22 13 22 0.33201311
64 107 64 107 0.00781453
64 103 64 103 0.06932169
64 108 64 108 0.00202450
64 106 64 106 0.00682188
51 98 51 98 0.00064427
51 64 51 64 0.00270386
51 116 51 116 0.00051475
51 62 51 62 0.12834846
82 89 82 89 0.21472608
79 91 79 91 0.24583564
52 60 52 60 0.03663419
52 63 52 63 0.00426046
52 59 52 59 0.00954800
52 115 52 115 0.00085786
3 32 3 32 0.40180702
109 115 109 115 0.00863807
107 117 107 117 0.00338183
8 27 8 27 0.42520337
121 149 121 149 0.32308427
2 33 2 33 0.39159622
122 148 122 148 0.40370502
81 90 81 90 0.39286801
120 150 120 150 0.40104680
124 146 124 146 0.40370514
119 151 119 151 0.20165667
119 152 119 151 0.00062976
10 25 10 25 0.32372878
35 48 35 48 0.00370412
35 111 35 111 0.08688167
127 143 127 143 0.31703686
108 116 108 116 0.00354067
9 26 9 26 0.40435561
71 79 71 79 0.00071900
71 99 71 99 0.24441088
80 89 80 89 0.00352799
47 55 47 55 0.00434922
47 111 47 111 0.01287471
47 58 47 58 0.01754439
46 112 46 112 0.01361409
46 59 46 59 0.01586729
75 95 75 95 0.24567949
48 65 48 65 0.06403778
48 54 48 54 0.00766448
48 110 48 110 0.01613505
48 66 48 66 0.00445522
65 105 65 105 0.01274014
65 107 65 107 0.01334336
65 106 65 106 0.00732833
61 69 61 69 0.03863155
38 108 38 108 0.10795333
38 113 38 113 0.04388106
38 115 38 115 0.00442918
78 92 78 92 0.30279489
45 60 45 60 0.01089079
45 113 45 113 0.01070555
129 141 129 141 0.26061411
106 118 106 118 0.00086447
56 112 56 112 0.00729762
56 60 56 60 0.04097101
40 55 40 55 0.00233677
40 114 40 114 0.00290099
40 111 40 111 0.01793402
123 147 123 147 0.40370525
39 107 39 107 0.20598433
39 112 39 112 0.03272041
39 115 39 115 0.00281574
59 64 59 64 0.00257936
59 109 59 109 0.01549573
59 65 59 65 0.00079577
114 155 114 155 0.01057537
132 137 132 137 0.25668306
55 61 55 61 0.02884930
55 71 55 71 0.01567039
50 63 50 63 0.07780449
50 55 50 55 0.04650191
50 60 50 60 0.00240782
50 99 50 99 0.00088130
63 67 63 67 0.03058217
63 104 63 104 0.10231182
63 109 63 109 0.00102097
6 29 6 29 0.40435158
12 23 12 23 0.48855009
1 34 1 34 0.32340771
42 116 42 116 0.00192365
42 50 42 50 0.03029496
70 100 70 100 0.23554025
74 97 74 97 0.01180239
74 96 74 96 0.31094128
73 98 73 98 0.01297601
37 46 37 46 0.00803737
37 109 37 109 0.10384400
37 117 37 117 0.00336744
37 116 37 116 0.00580444
115 155 115 155 0.18153738
72 98 72 98 0.29443887
110 114 110 114 0.01836675
60 64 60 64 0.00158162
60 70 60 70 0.02574346
60 67 60 67 0.00075227
15 19 15 19 0.04817672
116 154 116 154 0.18389330
125 145 125 145 0.39682679
57 63 57 63 0.00306762
57 111 57 111 0.00912294
54 60 54 60 0.00674547
54 72 54 72 0.01078378
54 114 54 114 0.00113055
54 113 54 113 0.00122268
54 59 54 59 0.10094584
36 110 36 110 0.09901673
36 47 36 47 0.00584764
36 117 36 117 0.00513830
