31 70 31 70 0.08430250
36 64 36 64 0.60506700
26 32 26 32 0.02198260
80 90 78 90 0.02429270
80 90 79 89 0.00095968
27 31 27 31 0.00989138
29 71 29 71 0.91563200
29 72 29 71 0.00417498
4 11 4 10 0.00216134
4 158 5 158 0.03485010
4 158 4 159 0.00384712
35 65 35 65 0.99132200
89 108 89 108 0.00478119
2 13 2 12 0.00711910
2 160 3 160 0.02393650
96 110 96 110 0.90530600
3 12 3 11 0.00630879
3 159 3 160 0.00451683
3 159 3 159 0.60939700
3 159 4 159 0.03523060
41 58 41 58 0.62865100
9 24 9 24 0.10824200
46 53 46 53 0.70819700
45 54 45 54 0.70957200
101 105 101 105 0.18961500
12 22 12 22 0.58638400
14 131 13 131 0.00704926
28 72 28 72 0.21437200
1 158 1 158 0.22558900
90 107 90 107 0.00531650
116 126 116 126 0.68828700
39 60 39 60 0.03373630
39 61 39 61 0.67892000
82 88 80 88 0.01241540
40 60 40 60 0.66387200
43 56 43 56 0.66670200
93 104 93 104 0.00510044
81 89 79 89 0.01665500
81 89 80 88 0.00129195
99 107 99 107 0.28089700
99 106 99 106 0.12356700
97 108 97 108 0.07815740
97 109 97 109 0.30249600
37 63 37 63 0.60507000
44 55 44 55 0.70957100
33 68 33 67 0.00640610
6 156 6 157 0.00460735
6 156 7 156 0.02777120
5 157 6 157 0.02817960
5 157 5 158 0.00743079
92 105 92 105 0.00521784
7 26 7 26 0.20044500
47 52 47 52 0.70125500
91 106 91 106 0.00610850
42 57 42 57 0.60506700
15 130 14 130 0.00055849
38 62 38 62 0.98053300
