10 81 10 79 0.01863590
17 128 17 128 0.05094780
26 32 26 32 0.01847140
31 70 31 69 0.00210523
31 70 31 70 0.05698090
31 71 31 70 0.00145353
31 69 31 69 0.30975300
36 64 36 64 0.60018900
34 66 33 66 0.00112823
34 66 34 68 0.00737278
34 66 35 66 0.01108050
29 71 29 71 0.90605400
29 69 29 71 0.00628797
29 72 29 71 0.01597690
35 65 35 67 0.00424021
35 65 35 66 0.00073871
35 65 36 65 0.00597168
4 158 4 158 0.01423740
27 31 27 31 0.00739638
8 153 8 153 0.17486800
8 25 8 25 0.01710860
9 24 9 24 0.01250390
41 58 41 58 0.62859100
46 53 46 53 0.70957100
96 110 96 110 0.90753800
3 156 3 156 0.91375900
3 159 3 159 0.03942320
39 60 39 60 0.03437040
39 61 39 61 0.67160300
101 105 101 105 0.17068300
12 79 12 77 0.14810000
28 72 28 72 0.20683900
14 131 14 131 0.66702700
45 54 45 54 0.70957000
16 129 16 129 0.05393990
1 158 1 158 0.86753500
99 106 99 106 0.03785150
99 107 99 107 0.71117500
97 109 97 109 0.29395100
40 60 40 60 0.65638500
43 56 43 56 0.66670000
124 129 124 129 0.40437100
6 27 6 27 0.01182220
6 85 6 83 0.05627820
33 68 33 70 0.00621697
33 68 33 66 0.00254251
33 68 33 69 0.00123955
33 68 33 67 0.02255980
33 68 34 68 0.01142840
5 155 5 155 0.90626200
44 55 44 55 0.70957000
37 63 37 63 0.60477900
7 26 7 26 0.03779670
7 84 7 82 0.03772010
11 80 11 78 0.02790950
42 57 42 57 0.60505200
123 130 123 130 0.29516100
15 130 15 130 0.05726810
38 62 38 62 0.97972100
47 52 47 52 0.70680200
