4 28 4 28 0.00198653
4 158 4 158 0.01674120
29 69 29 71 0.00978300
29 71 29 71 0.82779700
29 137 29 137 0.10917700
29 72 29 71 0.01058970
34 66 34 68 0.01299250
34 66 33 66 0.00183832
8 153 8 153 0.13684800
8 25 8 25 0.09417170
20 75 20 72 0.00320666
27 31 27 31 0.00517481
19 76 19 73 0.00128011
19 75 19 73 0.00552504
26 32 26 32 0.00983633
26 30 26 30 0.00506811
10 81 10 79 0.01189870
36 64 36 64 0.60405700
31 69 31 68 0.01306760
31 69 31 69 0.40400200
31 67 31 69 0.00084231
31 71 31 70 0.00067814
31 70 31 70 0.06548090
31 70 31 69 0.00115718
31 70 31 72 0.00086956
31 135 31 135 0.00779613
23 72 23 69 0.00233495
23 76 23 78 0.00056647
39 60 39 60 0.03437380
39 61 39 61 0.67167000
1 158 1 158 0.85220100
101 105 101 105 0.16969800
12 79 12 77 0.10652500
28 72 28 72 0.30698100
28 72 28 74 0.00160000
45 54 45 54 0.70957000
25 31 25 31 0.00101721
46 53 46 53 0.70957100
9 24 9 24 0.06889920
41 58 41 58 0.62863300
3 156 3 156 0.90121000
3 159 3 159 0.04805900
96 110 96 110 0.90687700
96 110 95 110 0.00124836
22 73 22 70 0.00139070
22 149 22 149 0.20865900
5 155 5 155 0.90101200
6 27 6 27 0.07719220
33 68 33 70 0.01110980
33 68 33 67 0.02259360
33 68 33 66 0.00135551
33 68 34 68 0.00092634
32 134 32 134 0.00520447
37 63 37 63 0.60500100
44 55 44 55 0.70956900
99 107 99 107 0.25432000
99 106 99 106 0.12629000
30 136 30 136 0.01134220
97 109 97 109 0.29378300
43 56 43 56 0.66670000
124 129 124 129 0.35775000
40 60 40 60 0.65644000
21 150 21 150 0.03768290
21 74 21 71 0.00231478
38 62 38 62 0.97984200
42 57 42 57 0.60506200
123 130 123 130 0.26690400
47 52 47 52 0.70680200
7 26 7 26 0.20909900
11 80 11 78 0.01793660
