54 54 0.71554791
147 147 0.48710406
106 106 0.66783264
82 82 0.87665859
82 81 0.00058691
82 83 0.00147665
99 99 0.75714374
99 100 0.00065727
124 124 0.50722289
43 43 0.56865535
40 40 0.77282500
140 141 0.00434879
140 140 0.54466932
114 114 0.72462611
128 128 0.61728489
128 129 0.07160913
96 95 0.00079253
96 96 0.57276103
71 71 0.53881356
71 72 0.00081320
84 83 0.00108837
84 84 0.93183854
102 102 0.77719039
70 70 0.46856449
53 53 0.76764723
95 94 0.00097480
95 95 0.67499446
148 148 0.55415645
129 130 0.15798908
129 129 0.60391270
149 150 0.00145618
149 149 0.64746119
118 118 0.56741610
34 34 0.71985389
34 35 0.02895081
34 33 0.00113619
90 89 0.00151412
90 91 0.00154475
90 90 0.55806687
90 92 0.00120868
69 69 0.59670973
93 95 0.00054422
93 92 0.00122698
93 93 0.60192800
63 63 0.67206587
50 51 0.00234316
50 50 0.70724015
18 18 0.09531978
122 122 0.52161565
14 16 0.00167362
14 14 0.53320939
33 34 0.03944321
33 33 0.84135176
33 32 0.00123078
151 151 0.69699280
151 152 0.00151072
41 41 0.70163856
85 84 0.00145916
85 86 0.00298119
85 85 0.72666724
58 58 0.82218869
144 144 0.84984372
98 98 0.94804805
145 145 0.72941638
153 154 0.00090071
153 153 0.76981565
88 87 0.00095551
88 88 0.51412622
15 15 0.69486508
15 17 0.00096355
16 16 0.73146031
35 36 0.02248312
35 34 0.00179755
35 35 0.92903963
6 6 0.91267082
108 108 0.84968694
10 10 0.87030218
11 13 0.00096702
11 11 0.65071326
127 127 0.14215710
127 128 0.05120465
104 104 0.67730885
75 75 0.52921145
83 84 0.00405773
83 82 0.00068189
83 83 0.96528463
25 26 0.01439150
25 25 0.85742034
142 143 0.00281541
142 142 0.90907795
27 27 0.87566900
27 26 0.00198351
27 28 0.01940265
38 39 0.00479175
38 38 0.17162364
73 73 0.56475074
73 74 0.00138631
65 65 0.58619524
136 137 0.08357062
136 136 0.75701445
87 87 0.56448229
87 86 0.00096161
125 125 0.25257136
125 126 0.00239181
19 19 0.35500624
152 153 0.00136558
152 152 0.72060578
138 138 0.53748611
138 139 0.02030416
139 140 0.00481521
139 139 0.53511950
141 141 0.60393417
141 142 0.00367813
52 52 0.74762495
52 53 0.00221721
62 62 0.69150239
56 56 0.70406952
29 29 0.72719154
29 30 0.02295948
29 28 0.00245833
89 88 0.00169336
89 89 0.53038005
36 36 0.66625235
36 35 0.00064410
36 37 0.01756446
79 79 0.59103485
46 46 0.81095853
30 30 0.70343064
30 29 0.00241351
30 31 0.03347676
31 31 0.77646296
31 30 0.00250211
31 32 0.03688724
110 110 0.85464293
92 92 0.60064211
92 94 0.00076029
92 93 0.00125485
92 91 0.00143893
32 32 0.73283814
32 31 0.00162993
32 33 0.03484460
9 9 0.82413297
7 7 0.36538396
117 117 0.73011948
51 52 0.00225972
51 51 0.77347479
48 48 0.76732334
66 66 0.70116327
1 1 0.72596684
137 137 0.69403548
137 138 0.01658932
24 24 0.62654817
24 25 0.00139885
13 15 0.00106046
13 13 0.58429390
112 112 0.73940893
120 120 0.72976009
23 23 0.76760697
23 24 0.00171455
146 146 0.75356747
12 12 0.70725434
12 14 0.00089141
154 154 0.75355640
61 61 0.76326906
100 100 0.80457556
21 21 0.83228732
21 22 0.00173731
78 79 0.00269742
78 78 0.57501269
133 134 0.07430009
133 133 0.68442191
3 3 0.78757078
123 123 0.31458953
20 20 0.49092943
121 121 0.79526914
5 5 0.75219949
60 60 0.88151993
91 90 0.00165163
91 92 0.00167494
91 93 0.00122660
91 91 0.52883842
37 36 0.00052649
37 38 0.01573730
37 37 0.50542327
22 22 0.90303346
22 23 0.00238862
77 77 0.51938370
57 57 0.65190423
44 44 0.64511021
126 127 0.04538662
126 126 0.60084440
47 47 0.75153259
26 26 0.87079551
26 25 0.00108849
26 27 0.01873416
55 55 0.73069020
111 111 0.73363100
80 81 0.00141570
80 80 0.67534188
72 73 0.00283037
72 72 0.70025472
113 113 0.74362995
28 29 0.02697039
28 27 0.00136322
28 28 0.77221696
17 17 0.51770901
143 144 0.00169155
143 143 0.89832785
64 64 0.62025567
68 68 0.50118074
119 119 0.69328065
86 85 0.00105185
86 86 0.55677927
103 103 0.25851372
8 8 0.93672759
67 67 0.49554745
76 76 0.52112610
132 132 0.77397861
132 133 0.16255917
94 93 0.00101808
94 94 0.47905616
45 45 0.63487423
74 74 0.65102833
101 101 0.14121171
115 115 0.76271385
135 136 0.16992925
135 135 0.74412040
81 82 0.00188690
81 81 0.88317521
81 80 0.00050936
134 134 0.74104899
134 135 0.16705160
150 150 0.75343900
150 151 0.00157657
107 107 0.88346726
39 40 0.00109977
39 39 0.47810895
2 2 0.19867507
109 109 0.62525328
59 59 0.88101975
116 116 0.74938522
97 98 0.00056104
97 96 0.00071694
97 97 0.44626281
4 4 0.67967218
131 130 0.00061257
131 131 0.44344188
131 132 0.17915434
49 50 0.00145394
49 49 0.70347456
130 130 0.50654442
130 131 0.14740521
42 42 0.75463799
105 105 0.58012697
