64 64 0.62686002
68 68 0.50388783
86 85 0.00298585
86 87 0.00096537
86 86 0.55859063
119 119 0.71822934
103 103 0.28038365
8 8 0.92363972
67 67 0.49866172
28 28 0.69781747
28 29 0.00087529
28 27 0.02771351
17 17 0.49223836
17 15 0.00072005
113 113 0.73268941
72 72 0.70205782
72 71 0.00081312
143 143 0.91172850
143 142 0.00298576
45 45 0.57957650
94 95 0.00097978
94 94 0.48095601
94 92 0.00084886
101 101 0.15755844
74 74 0.65274717
74 73 0.00138618
132 131 0.18992886
132 132 0.76249034
76 76 0.52306839
134 133 0.07379593
134 134 0.73196143
150 150 0.76371446
107 107 0.87748129
39 39 0.45946160
39 38 0.00489330
2 2 0.20624519
109 109 0.66368999
115 115 0.74792268
135 135 0.73541452
135 134 0.17078589
81 80 0.00141789
81 81 0.88433916
81 82 0.00058803
130 131 0.00071167
130 129 0.16929913
130 130 0.52445656
42 42 0.70310061
49 49 0.74266226
49 48 0.00055620
131 131 0.43991416
131 130 0.15938792
105 105 0.60701698
59 59 0.89114606
4 4 0.68338506
116 116 0.75127056
97 97 0.44545628
120 120 0.77182153
154 153 0.00053633
154 154 0.74949364
23 22 0.00261108
23 23 0.77899986
146 146 0.71535274
12 12 0.62132086
3 3 0.79782266
123 123 0.33230671
100 99 0.00068491
100 100 0.81779685
61 61 0.77666725
133 133 0.67696538
133 132 0.18422442
21 21 0.83307798
78 78 0.57694431
5 5 0.75207477
60 60 0.89519277
22 22 0.88432167
22 21 0.00165038
77 77 0.52126863
37 36 0.01765330
37 37 0.48251569
91 92 0.00144576
91 90 0.00154459
91 91 0.53080481
20 20 0.48604655
121 121 0.80605923
55 55 0.73577281
111 111 0.73362013
126 126 0.59170252
126 125 0.00388577
47 47 0.74034593
26 26 0.84450203
26 25 0.01744016
26 27 0.00136419
80 81 0.00051134
80 80 0.67714391
57 57 0.64841542
44 44 0.44909458
11 11 0.68840491
25 24 0.00197191
25 26 0.00086995
25 25 0.82052570
142 141 0.00392144
142 142 0.92054042
38 38 0.14104260
38 37 0.01324425
27 26 0.02477705
27 28 0.00074053
27 27 0.79441384
127 126 0.05616686
127 127 0.16234917
75 75 0.53115762
104 104 0.70056724
83 83 0.96641513
83 84 0.00109023
83 82 0.00147892
15 13 0.00106443
15 15 0.55697049
16 16 0.86234939
16 14 0.00120038
10 10 0.86039302
108 108 0.83849410
35 36 0.00065066
35 34 0.03177071
35 35 0.92287724
6 6 0.90037899
139 139 0.53261604
139 138 0.02234032
138 137 0.01690526
138 138 0.55618377
52 51 0.00239184
52 52 0.75526403
141 140 0.00461777
141 141 0.59315638
136 135 0.17341623
136 136 0.76251091
65 65 0.58544247
73 73 0.56652466
73 72 0.00283010
19 19 0.33514292
152 151 0.00081468
152 152 0.74115608
125 125 0.28815553
87 88 0.00095992
87 87 0.56640725
46 46 0.77862799
79 78 0.00270163
79 79 0.59284248
110 110 0.86951049
30 29 0.04198655
30 30 0.61349367
30 31 0.00083140
31 32 0.00091370
31 31 0.72536747
31 30 0.04558269
56 56 0.69559906
62 62 0.69234943
36 35 0.02354396
36 37 0.00052473
36 36 0.64000854
29 29 0.68010822
29 30 0.00084774
29 28 0.03961098
89 89 0.53230196
89 90 0.00152111
1 1 0.80725423
137 137 0.67533834
137 136 0.08553442
24 24 0.63755506
24 23 0.00232051
13 13 0.38515961
13 11 0.00095322
48 48 0.78161507
66 66 0.70122348
112 112 0.73520166
9 9 0.81820205
92 93 0.00123303
92 90 0.00129997
92 92 0.60262310
92 91 0.00167474
32 32 0.72585203
32 33 0.00096068
32 31 0.04798180
117 117 0.73304613
51 50 0.00260610
51 51 0.78305881
7 7 0.32922233
40 40 0.81931864
40 39 0.00110017
140 139 0.00512102
140 140 0.53407775
114 114 0.71139742
82 83 0.00068304
82 81 0.00188982
82 82 0.87779591
106 106 0.75220399
147 147 0.47575649
99 99 0.76005371
54 54 0.72570331
43 43 0.28482642
124 124 0.51682028
148 148 0.50518951
129 128 0.08102646
129 129 0.58041942
149 149 0.65236384
118 118 0.55912609
34 33 0.04609295
34 35 0.00181584
34 34 0.71344413
102 102 0.79639181
71 71 0.54066678
128 127 0.06318469
128 128 0.61325554
96 97 0.00072141
96 96 0.57538018
84 85 0.00146166
84 83 0.00406399
84 84 0.93296975
95 93 0.00062929
95 96 0.00079650
95 95 0.67708570
53 53 0.78426386
53 52 0.00240133
70 70 0.47055471
18 18 0.09520012
122 122 0.58476228
50 49 0.00138449
50 50 0.70874413
14 14 0.25490349
14 12 0.00088861
33 34 0.00101215
33 33 0.83262994
33 32 0.04214376
69 69 0.59888384
93 91 0.00131145
93 93 0.60374627
93 94 0.00102286
93 92 0.00125465
90 91 0.00165893
90 90 0.55998618
63 63 0.67111964
58 58 0.78071683
144 143 0.00171252
144 144 0.82963030
98 98 0.95750754
98 97 0.00057522
88 88 0.51600052
88 89 0.00170064
145 145 0.69028416
153 152 0.00086266
153 153 0.75847953
151 151 0.68795373
151 150 0.00067967
41 41 0.46117211
85 85 0.72848792
85 86 0.00105601
