95 93 0.00064998
95 94 0.00056520
95 96 0.00061922
95 95 0.51798953
53 52 0.00166559
53 53 0.85133807
53 54 0.00074844
70 70 0.23359803
102 102 0.62434247
84 83 0.00496039
84 85 0.00052616
84 84 0.98681463
128 128 0.60132657
71 71 0.38654144
96 96 0.36073954
96 97 0.00051294
96 95 0.00059620
34 33 0.01513065
34 35 0.01732363
34 34 0.74501924
118 118 0.70758875
118 117 0.00100526
129 128 0.00748578
129 129 0.67251073
149 149 0.71105630
149 148 0.00053923
148 147 0.00053492
148 148 0.52224937
43 42 0.00092924
43 43 0.60309913
124 124 0.39155860
99 99 0.43912039
99 100 0.00092374
82 82 0.98717977
82 81 0.00494078
147 147 0.40248426
147 146 0.00064533
106 106 0.46167608
54 54 0.80268657
54 53 0.00071609
114 114 0.83230602
140 139 0.00789881
140 140 0.49196295
40 41 0.00120215
40 40 0.68292574
85 85 0.78336383
41 41 0.84285406
41 40 0.00502113
41 42 0.00067105
151 150 0.00143810
151 151 0.75976325
88 88 0.35618081
153 153 0.80286563
153 152 0.00169653
145 144 0.00182919
145 145 0.68146871
98 98 0.65295658
98 99 0.00093126
58 58 0.78312642
144 143 0.00321298
144 144 0.80773335
63 63 0.56440274
69 69 0.51961819
93 93 0.38434918
93 94 0.00051721
93 92 0.00177905
93 91 0.00149775
90 91 0.00086221
90 90 0.46176964
33 34 0.02864885
33 33 0.84341969
33 32 0.01548032
14 14 0.52422140
18 18 0.26227688
122 122 0.30120491
50 49 0.00196432
50 50 0.75018065
50 51 0.00340194
152 151 0.00149199
152 152 0.84770357
19 19 0.13358418
125 125 0.23634400
87 88 0.00050095
87 87 0.40183612
136 136 0.91765082
136 135 0.01875603
65 65 0.27648274
73 72 0.00302907
73 73 0.33199935
52 51 0.00211263
52 52 0.69285794
52 53 0.00187729
141 141 0.51127351
141 140 0.00492869
139 139 0.51743906
139 138 0.00653021
138 137 0.00404639
138 138 0.65830529
10 10 0.69955177
108 108 0.87796568
108 109 0.00062237
6 6 0.81689105
35 34 0.01648668
35 35 0.90646193
35 36 0.03475206
16 16 0.70149908
16 18 0.00098583
15 15 0.85410780
15 17 0.00104725
38 39 0.00224190
38 38 0.54484830
27 28 0.01771908
27 26 0.00671683
27 27 0.76745558
142 141 0.00416408
142 142 0.73539254
25 25 0.75686722
25 26 0.01541380
83 83 0.98692938
83 82 0.00495864
75 75 0.45596615
104 104 0.47482557
127 127 0.28214354
127 126 0.00326914
11 13 0.00101570
11 11 0.44207702
117 117 0.70433209
117 116 0.00062293
51 50 0.00225157
51 52 0.00267580
51 51 0.69655909
7 7 0.61784340
9 9 0.58646781
32 31 0.01524844
32 33 0.02401855
32 32 0.72410623
92 93 0.00061378
92 90 0.00203902
92 92 0.45978002
92 91 0.00259284
112 112 0.68245106
13 13 0.62719260
24 24 0.55489896
24 25 0.00124598
1 1 0.80095887
137 137 0.76031783
137 136 0.01809021
66 66 0.38353961
48 48 0.69312900
48 47 0.00051547
48 49 0.00107718
36 36 0.83018194
36 37 0.02473338
36 35 0.00989323
89 89 0.31421609
89 90 0.00073915
29 30 0.02568069
29 29 0.57938596
29 28 0.00407057
56 56 0.66553931
62 62 0.67829477
110 110 0.65777403
110 109 0.00104458
31 31 0.73357993
31 30 0.00377762
31 32 0.02861571
30 31 0.02712290
30 30 0.49470475
30 29 0.00326806
79 78 0.00490492
79 79 0.40096009
46 46 0.79016615
133 134 0.00055824
133 132 0.01247175
133 133 0.78130659
21 21 0.69660762
21 22 0.00259368
78 78 0.46321442
100 100 0.65808906
61 61 0.88159815
123 123 0.29004646
3 3 0.73643152
154 153 0.00159593
154 154 0.65861555
12 14 0.00077495
12 12 0.72000495
23 24 0.00130897
23 23 0.51370595
146 146 0.78006990
146 145 0.00095070
120 120 0.55643673
44 44 0.54380545
57 57 0.58789876
80 80 0.77893701
111 111 0.69402079
55 55 0.82987998
47 47 0.60669468
47 48 0.00076970
26 26 0.84440815
26 25 0.00348225
26 27 0.01754176
126 126 0.51168899
121 121 0.67839665
121 120 0.00055361
20 20 0.46368017
20 21 0.00061085
77 77 0.22570901
22 22 0.90961433
22 23 0.00430624
37 38 0.00871147
37 36 0.00890472
37 37 0.70392712
91 91 0.32738201
91 92 0.00073133
91 90 0.00325059
60 60 0.91489642
5 5 0.66099152
132 131 0.01226325
132 132 0.83379295
132 133 0.00056013
76 76 0.40123977
101 101 0.30353773
74 73 0.00354091
74 74 0.65401454
45 45 0.61009757
94 93 0.00070253
94 92 0.00087374
94 94 0.23231155
143 143 0.88512689
143 142 0.00436204
17 17 0.57295385
28 28 0.62202430
28 29 0.02473212
28 27 0.00798688
113 113 0.88885955
72 72 0.48862109
72 71 0.00251487
67 67 0.43521576
86 86 0.25580761
86 85 0.00489296
119 119 0.61713548
119 118 0.00254382
8 8 0.79105182
103 103 0.25033504
68 68 0.36178650
64 64 0.55524304
4 4 0.39307879
97 96 0.00050178
97 97 0.50633282
116 116 0.85815679
59 59 0.92991203
105 105 0.34735128
42 43 0.00056773
42 41 0.00149286
42 42 0.86165803
130 131 0.00066522
130 129 0.01018183
130 130 0.64205629
49 50 0.00249465
49 49 0.71079546
49 48 0.00068738
131 132 0.00103377
131 130 0.01083030
131 131 0.52499133
81 81 0.97920510
81 80 0.00493809
135 135 0.84638941
135 134 0.01865347
115 115 0.86091045
109 110 0.00113302
109 108 0.00057793
109 109 0.48210921
2 2 0.43026177
39 39 0.41381472
39 40 0.00511447
107 107 0.89951978
150 149 0.00128405
150 150 0.89140865
134 134 0.84117461
134 133 0.00318804
