63 63 0.13219300
36 36 0.99717100
79 79 0.99950500
83 83 0.99989600
37 37 0.82129600
45 45 0.01063200
21 21 0.12274000
77 77 0.96244800
97 97 0.99991000
1 1 0.60040100
27 27 0.49466500
107 107 0.99990300
57 57 0.33212000
31 31 0.46154400
56 56 0.31662100
43 43 0.49463300
64 64 0.56834200
108 108 0.62857800
111 111 0.57710300
39 39 0.25409900
125 125 0.86423500
9 9 0.99925800
94 94 0.84289000
42 42 0.63121400
102 102 0.99977100
41 41 0.71315100
92 92 0.99991900
149 149 0.99993600
30 30 0.26387300
44 44 0.99965500
54 54 0.29319000
122 122 0.61952900
95 95 0.89216600
23 23 0.29456200
119 119 0.51307500
127 127 0.99474000
91 91 0.99988400
3 3 0.53293500
20 20 0.39964400
90 90 0.99984600
26 26 0.99920900
62 62 0.53294500
138 138 0.99076400
5 5 0.19284000
136 136 0.76743000
17 17 0.29390300
84 84 0.99992400
71 71 0.71771100
72 72 0.95186300
50 50 0.39964800
35 35 0.99717100
53 53 0.29396100
140 140 0.91445900
133 133 0.99470800
76 76 0.99992200
112 112 0.66663900
110 110 0.60251400
129 129 0.99462800
115 115 0.99948800
135 135 0.99454400
139 139 0.91551900
6 6 0.45332500
120 120 0.51700600
118 118 0.64491200
87 87 0.99997300
2 2 0.29510300
28 28 0.34638800
25 25 0.01065450
69 69 0.99991800
67 67 0.99961700
55 55 0.06937850
89 89 0.84283500
137 137 0.83271700
7 7 0.65626600
148 148 0.99969800
48 48 0.29456100
4 4 0.62237100
14 14 0.31111800
73 73 0.99962900
75 75 0.99989500
121 121 0.58194300
103 103 0.99984500
65 65 0.89002600
99 99 0.99990100
113 113 0.34832400
32 32 0.99717400
49 49 0.12274300
104 104 0.92601800
106 106 0.99978500
81 81 0.99976400
105 105 0.86939800
128 128 0.99472100
147 147 0.99972600
101 101 0.99989500
124 124 0.76746100
151 151 0.99990700
145 145 0.99975900
86 86 0.99995600
141 141 0.93595100
146 146 0.99974000
74 74 0.99959000
16 16 0.29292500
11 11 0.99889700
11 10 0.00074879
142 142 0.93025900
58 58 0.45758300
144 144 0.99994800
116 116 0.99944700
52 52 0.12264700
38 38 0.64670700
100 100 0.99994600
19 19 0.99975000
152 152 0.76987800
153 153 0.76877700
82 82 0.99988600
114 114 0.99947200
131 131 0.99464900
8 8 0.67493300
93 93 0.99995900
123 123 0.83272300
10 10 0.99883000
10 9 0.00050517
98 98 0.99979500
85 85 0.99995000
70 70 0.58406500
150 150 0.99995400
132 132 0.99468000
18 18 0.12263700
134 134 0.99464400
46 46 0.39970600
60 60 0.34892600
15 15 0.06875540
109 109 0.66635000
59 59 0.44183200
24 24 0.39971800
96 96 0.99996200
126 126 0.92086300
143 143 0.95618300
68 68 0.99987400
22 22 0.29456000
33 33 0.99716100
88 88 0.89216700
40 40 0.99586000
51 51 0.99982300
13 13 0.45912200
34 34 0.99716200
47 47 0.29456200
61 61 0.62238900
66 66 0.84345200
117 117 0.34823200
78 78 0.89865800
130 130 0.99463700
12 12 0.61776300
29 29 0.99574800
80 80 0.99976300
