75 100 74 100 0.00223314
48 157 48 157 0.05347950
48 55 48 55 0.04292900
17 23 17 23 0.93212500
60 101 60 101 0.19007100
60 70 60 70 0.03287180
4 159 3 159 0.00100049
4 35 4 34 0.00069212
4 35 4 35 0.13672200
4 153 4 153 0.03877390
63 97 63 97 0.01235090
49 156 49 156 0.05661350
72 97 72 97 0.02633660
72 103 71 103 0.00113782
3 36 3 36 0.14083000
3 154 3 154 0.04448120
3 152 2 152 0.00067016
74 101 73 101 0.00635546
65 103 65 103 0.04491560
65 104 65 104 0.13184300
65 70 65 70 0.01255240
69 99 69 99 0.14352900
69 90 69 90 0.02218260
69 85 69 85 0.01346230
62 69 62 69 0.04938060
62 82 62 82 0.01885440
62 98 62 98 0.01383880
62 68 62 68 0.05792260
76 92 77 92 0.00100407
66 103 66 103 0.08477560
66 102 66 102 0.04474700
66 77 66 77 0.02337260
6 103 6 103 0.00307973
6 157 6 157 0.07304580
6 157 5 157 0.00066748
58 103 58 103 0.14790300
58 86 58 86 0.01056390
61 83 61 83 0.02700040
61 100 61 100 0.07229730
83 91 83 91 0.07207460
83 93 83 93 0.02192480
67 76 67 76 0.10550300
67 102 67 102 0.27689200
5 150 4 150 0.00080248
5 158 4 158 0.00252794
91 97 91 97 0.44387100
14 26 14 26 0.66670200
81 88 81 88 0.08647430
79 89 79 89 0.21547400
56 74 56 74 0.04837050
56 105 56 105 0.78967900
2 37 2 37 0.31303200
45 156 45 156 0.02384460
37 63 37 63 0.00861906
37 46 37 46 0.22415800
90 98 90 98 0.28565400
13 27 13 27 0.70819000
89 99 89 99 0.16074300
16 24 16 24 0.60507100
73 102 72 102 0.00159524
85 89 85 89 0.12698000
38 49 38 49 0.05640460
38 45 38 45 0.24765400
38 62 38 62 0.00576422
12 28 12 28 0.70513200
8 155 8 155 0.31038700
8 155 7 155 0.00097605
8 101 8 101 0.02449330
84 90 84 90 0.09459170
7 102 7 102 0.00368721
57 104 57 104 0.35669500
57 62 57 62 0.04541710
59 102 59 102 0.08978680
59 85 59 85 0.00865657
59 71 59 70 0.00076552
39 44 39 44 0.75252500
39 61 39 61 0.00237742
39 48 39 48 0.01990520
82 94 82 94 0.02180040
68 101 68 101 0.16606400
68 86 68 86 0.00924896
68 100 68 100 0.11466300
70 84 70 84 0.02044090
70 98 70 98 0.10597200
70 89 70 89 0.02411160
55 60 55 60 0.00492113
15 25 15 25 0.60507200
