121 130 121 130 0.47731200
121 130 120 130 0.00123830
30 99 30 99 0.00252742
30 39 30 39 0.00165364
106 145 106 145 0.65925400
6 34 6 34 0.40571800
100 156 100 156 0.05092060
103 153 103 153 0.14086700
50 83 50 83 0.10094600
50 79 50 79 0.12725700
50 77 50 77 0.19186200
41 87 41 87 0.53680100
41 82 41 82 0.00508108
47 76 47 76 0.02575280
47 86 47 86 0.05096320
29 100 29 100 0.00124294
99 154 99 154 0.02965850
10 28 10 28 0.00835552
10 31 10 31 0.33081100
105 146 105 146 0.86829000
44 79 44 79 0.01423920
44 85 44 85 0.37517100
44 83 44 83 0.01489870
44 90 44 90 0.00761984
71 77 71 77 0.03638360
40 83 40 83 0.00372832
40 88 40 88 0.53902200
42 86 42 86 0.29730300
95 159 95 159 0.11508800
17 23 17 23 0.89658400
112 139 112 139 0.70957200
122 129 121 129 0.00168037
49 78 49 78 0.18060200
49 84 49 84 0.07708160
72 76 72 76 0.10072700
4 36 4 36 0.47245200
4 92 4 92 0.06215950
116 135 116 135 0.60507200
48 85 48 85 0.06095650
48 79 48 79 0.23418400
94 160 94 160 0.07323420
94 98 94 98 0.12136200
102 154 102 154 0.12114900
69 79 69 79 0.00425145
108 143 108 143 0.70543400
109 142 109 142 0.66075000
104 147 104 147 0.61744700
118 133 118 133 0.68847600
3 93 3 93 0.10661800
3 154 3 154 0.08842120
3 156 3 156 0.11099500
46 88 46 88 0.01835120
46 83 46 83 0.38884900
46 77 46 77 0.01629420
11 27 11 27 0.00535067
11 29 11 29 0.38896700
11 30 11 30 0.22107000
7 33 7 33 0.51864300
96 100 96 100 0.03960900
96 158 96 158 0.12288300
119 131 119 131 0.16841700
84 90 84 90 0.00097839
113 138 113 138 0.70957200
15 25 15 25 0.48999600
55 69 55 69 0.41775400
55 78 55 78 0.00649678
43 86 43 86 0.29730300
39 89 39 89 0.49612900
39 44 39 44 0.00699563
39 84 39 84 0.00318236
70 78 70 78 0.00967632
93 102 93 102 0.08442390
93 99 93 99 0.13524400
114 137 114 137 0.70957200
53 71 53 71 0.49345700
53 81 53 81 0.01430930
52 77 52 77 0.23254400
9 29 9 29 0.01701900
56 68 56 68 0.95955000
2 94 2 94 0.04795620
2 157 2 157 0.11803500
2 155 2 155 0.16542000
45 78 45 78 0.01272960
45 84 45 84 0.34464800
45 89 45 89 0.01061400
45 82 45 82 0.01819630
5 35 5 35 0.51868100
107 144 107 144 0.98015800
91 104 91 104 0.02208510
91 97 91 97 0.01430600
14 26 14 26 0.55641900
31 98 31 98 0.00169857
31 38 31 38 0.00272230
16 24 16 24 0.48999500
51 82 51 82 0.08825830
51 78 51 78 0.14703900
89 99 89 99 0.00308614
13 27 13 27 0.60183400
98 155 98 155 0.05359850
98 157 98 157 0.03481050
54 70 54 70 0.41020200
54 79 54 79 0.00981835
115 136 115 136 0.70957200
85 89 85 89 0.00309909
38 85 38 85 0.00233270
38 45 38 45 0.00203803
38 90 38 90 0.43720300
12 28 12 28 0.59221900
123 128 122 128 0.00157143
123 128 123 128 0.62746700
37 46 37 46 0.00081545
37 91 37 91 0.51047600
111 140 111 140 0.70819700
92 100 92 100 0.10307200
92 103 92 103 0.08821890
117 134 117 134 0.70679000
120 132 120 132 0.34520000
1 39 1 39 0.00573364
1 95 1 95 0.04098750
1 158 1 158 0.22464600
90 105 90 105 0.00096305
90 98 90 98 0.00501223
101 155 101 155 0.52326400
