157 157 0.55056027
74 74 0.43413935
125 124 0.03472929
125 123 0.00140968
125 125 0.81530453
125 128 0.00083857
125 126 0.04004439
125 127 0.00799827
90 90 0.55038388
129 129 0.69994551
129 128 0.05010084
129 131 0.00200089
129 127 0.00206606
129 130 0.02751826
64 64 0.54302726
141 140 0.00087533
141 142 0.00429104
141 141 0.26169453
42 45 0.00277796
42 42 0.48824543
42 43 0.04132645
42 44 0.04409001
22 22 0.53421463
3 3 0.83020186
124 124 0.49137750
124 123 0.04240373
124 125 0.03128372
124 126 0.00614478
119 118 0.00070292
119 120 0.00107925
119 119 0.39652039
47 46 0.00466282
47 48 0.08674620
47 49 0.03266262
47 47 0.85107547
76 76 0.53529836
37 38 0.00294675
37 39 0.00384206
37 37 0.37474142
110 110 0.52653710
66 66 0.59786856
102 102 0.59479785
16 16 0.66364990
67 67 0.61077098
111 111 0.50775349
120 121 0.00155058
120 119 0.00094418
120 120 0.39981891
68 68 0.85172175
18 18 0.67026623
55 55 0.44134256
55 56 0.00078409
55 57 0.00169846
152 152 0.48164123
15 15 0.76721791
78 78 0.27831966
117 118 0.00053941
117 117 0.95878327
139 138 0.00287612
139 139 0.76407946
139 140 0.02471891
10 10 0.49534891
98 98 0.49505737
71 71 0.86023000
123 125 0.00456026
123 123 0.38222446
123 124 0.02799846
123 122 0.01710067
86 86 0.50161877
36 36 0.43944667
36 38 0.01041967
31 31 0.80584298
31 33 0.00114798
31 29 0.00605376
51 52 0.00162920
51 50 0.00103752
51 51 0.71105443
158 158 0.49867807
147 147 0.61390675
92 92 0.48166499
17 17 0.78060360
83 83 0.93947024
63 63 0.72489104
99 99 0.65781396
19 19 0.82141500
118 119 0.00094224
118 118 0.99556920
60 60 0.67318511
93 93 0.37000164
130 131 0.03208120
130 128 0.01968712
130 129 0.06636992
130 132 0.00084116
130 130 0.37904303
137 138 0.00941766
137 136 0.02919795
137 137 0.86016334
30 30 0.47132840
30 31 0.00060229
30 32 0.00089335
30 28 0.00181583
122 123 0.00969084
122 124 0.00126492
122 122 0.42460029
122 121 0.00352471
69 69 0.72182700
28 29 0.00114692
28 28 0.88460316
28 27 0.00100622
148 148 0.80477198
142 142 0.77998555
142 141 0.00089498
142 143 0.00251627
25 24 0.00083560
25 26 0.00138466
25 25 0.62838177
57 59 0.00468708
57 58 0.00087219
57 56 0.00227647
57 57 0.50018572
45 44 0.00706810
45 47 0.02683941
45 43 0.00091469
45 45 0.84559143
45 46 0.09396113
1 1 0.98451344
72 72 0.85040708
62 62 0.31850298
94 94 0.51123804
24 24 0.58469922
24 25 0.00142759
70 70 0.81197287
116 116 0.42194637
97 97 0.61437088
48 50 0.00261316
48 49 0.01303193
48 47 0.00554442
48 48 0.52311929
41 41 0.83227928
41 43 0.00149623
41 42 0.00133251
41 40 0.00078429
107 107 0.36978517
79 79 0.51853726
104 104 0.45385437
20 20 0.72546613
145 145 0.65738078
88 88 0.56799774
138 138 0.85107365
138 137 0.00141591
138 139 0.01861435
108 108 0.88527688
126 124 0.01365199
126 125 0.08394974
126 126 0.81270753
126 128 0.00756758
126 127 0.03926215
154 154 0.55042602
135 134 0.00276654
135 136 0.01189474
135 135 0.75817490
5 5 0.97305989
105 105 0.19920861
103 103 0.45236731
35 33 0.01285582
35 37 0.00056224
35 35 0.44943190
134 135 0.01246816
134 134 0.85363176
134 132 0.00146402
134 133 0.02421202
91 91 0.48552926
43 44 0.07181340
43 46 0.00241962
43 43 0.48775991
43 45 0.01958499
58 58 0.30708304
58 56 0.00121274
58 60 0.00081234
133 133 0.80042777
133 134 0.01282846
133 132 0.02409235
133 131 0.00643773
100 100 0.46941668
127 125 0.01448578
127 128 0.03919540
127 127 0.82628724
127 126 0.07048429
127 129 0.00612709
128 126 0.01869612
128 127 0.05065340
128 128 0.71681193
128 129 0.03595967
128 130 0.00205614
153 153 0.48548664
75 75 0.64174307
49 48 0.00862492
49 49 0.48597207
49 50 0.00420170
49 51 0.00300670
80 80 0.62561376
150 150 0.51584676
109 109 0.86935515
115 115 0.45327628
106 106 0.40289442
4 4 0.96054496
54 56 0.00569905
54 54 0.35528398
131 130 0.01548648
131 129 0.01387553
131 132 0.02290723
131 131 0.66046472
29 31 0.00063641
29 27 0.00053507
29 29 0.59964095
29 28 0.00116738
61 61 0.45012168
95 95 0.55059292
144 144 0.52204112
144 143 0.00241707
23 23 0.52851887
27 28 0.00142855
27 26 0.00096391
27 27 0.93651790
32 32 0.46692900
32 34 0.00287411
32 30 0.00082757
46 46 0.84743648
46 48 0.02456212
46 45 0.00468539
46 47 0.09939476
160 160 0.66299405
96 96 0.83617267
8 8 0.74562662
77 77 0.42369513
21 21 0.87788178
132 133 0.01138480
132 132 0.65176589
132 131 0.00648446
132 130 0.00151713
85 85 0.66990589
11 11 0.48343999
89 89 0.52660380
14 14 0.49986113
2 2 0.74366395
33 33 0.30006810
33 31 0.00902168
33 35 0.00346053
65 65 0.46320537
59 57 0.00056442
59 61 0.00075364
59 59 0.46826495
101 101 0.95933478
155 155 0.99352908
73 73 0.27418450
56 58 0.00869251
56 56 0.46600002
56 57 0.00323577
12 12 0.31880001
53 53 0.49288842
87 87 0.49850189
9 9 0.88533400
40 40 0.71994230
40 42 0.00096193
84 84 0.74956837
6 6 0.94161877
112 112 0.98065931
136 136 0.88907792
136 135 0.02893095
136 137 0.01371926
113 113 0.98066595
140 139 0.02905545
140 140 0.74058285
140 141 0.02258833
7 7 0.82587480
82 82 0.87352022
121 120 0.00120126
121 121 0.19380680
121 122 0.00457814
39 38 0.00091401
39 40 0.00051304
39 39 0.37966691
39 42 0.00058414
39 41 0.00058156
149 149 0.55741965
151 151 0.36995322
13 13 0.43589552
156 156 0.52646220
146 146 0.49474715
143 143 0.79254968
143 142 0.01073402
114 114 0.98068537
38 38 0.48821847
38 40 0.02479590
34 34 0.46530424
34 35 0.00051153
34 33 0.00204943
34 32 0.00530712
52 52 0.37683102
52 53 0.00361182
81 81 0.87925667
50 52 0.00051309
50 49 0.00175440
50 50 0.48469572
50 51 0.00177620
44 46 0.01773682
44 43 0.00599084
44 45 0.09366760
44 44 0.52132126
159 159 0.50176816
26 25 0.00082098
26 27 0.00148340
26 26 0.86378030
