151 151 0.37005411
149 149 0.57490731
13 13 0.46550728
156 156 0.59826328
146 146 0.49462837
114 114 0.98213156
143 143 0.57973153
34 32 0.00558433
34 33 0.00109952
34 34 0.47862770
38 37 0.00137838
38 38 0.49956331
38 36 0.00357169
38 40 0.00240161
81 81 0.86558521
52 52 0.47672823
52 53 0.00143721
50 49 0.00582939
50 48 0.01392262
50 50 0.51363347
50 51 0.00230017
44 44 0.57375230
44 46 0.02570558
44 43 0.01598307
44 42 0.01049720
44 45 0.01916991
44 47 0.00058211
159 159 0.49885037
26 27 0.00095719
26 26 0.76726659
26 25 0.00084353
59 61 0.00098265
59 59 0.47008167
155 155 0.99973734
101 101 0.95041927
56 57 0.00148531
56 54 0.00439199
56 58 0.00661563
56 56 0.45269774
73 73 0.23812833
12 12 0.51459897
87 87 0.49627923
53 53 0.50029427
53 52 0.00149957
53 55 0.00071767
40 41 0.00193933
40 42 0.00158904
40 40 0.62503399
40 38 0.00264423
9 9 0.78088903
84 84 0.67282979
6 6 0.92045785
7 7 0.62436684
136 136 0.90708114
113 113 0.98211323
140 140 0.72329295
112 112 0.94874179
82 82 0.83696081
121 120 0.00122787
121 121 0.27598039
121 122 0.00484843
39 42 0.00125680
39 39 0.47664146
39 41 0.00414303
39 37 0.00348456
109 109 0.86323053
115 115 0.45594650
150 150 0.53205870
4 4 0.95452259
106 106 0.40425731
54 54 0.43554481
54 56 0.00790319
131 130 0.01652946
131 132 0.00661828
131 131 0.67348208
95 95 0.52454200
144 144 0.53161354
29 29 0.61610887
29 28 0.00113248
29 31 0.00055656
61 61 0.43672832
23 23 0.59510992
27 27 0.88920434
27 26 0.00098926
27 28 0.00094114
46 45 0.02220190
46 48 0.03051689
46 46 0.89719165
46 47 0.02677119
46 44 0.00334624
160 160 0.67109237
32 32 0.43394473
32 34 0.00133223
32 30 0.00089834
77 77 0.45035680
96 96 0.97958298
8 8 0.65761563
21 21 0.76232308
132 131 0.00822445
132 132 0.70188305
132 133 0.00079126
89 89 0.59838972
2 2 0.68171806
14 14 0.49121457
85 85 0.64429816
11 11 0.47395614
65 65 0.39358431
33 33 0.32539755
33 35 0.00107719
33 31 0.00954161
138 138 0.89831900
108 108 0.88280169
126 125 0.01851310
126 126 0.91894949
126 127 0.01487377
154 154 0.63421237
103 103 0.44592781
135 134 0.00082516
135 135 0.69607069
5 5 0.97550075
105 105 0.28121167
91 91 0.48511427
35 35 0.46176401
35 33 0.00688322
35 37 0.00058035
134 134 0.77825511
134 133 0.00326719
43 43 0.55177655
43 42 0.00918212
43 45 0.02311198
43 46 0.00398646
43 41 0.00157518
43 44 0.01684492
100 100 0.44973875
133 133 0.69019051
133 132 0.00214238
58 58 0.37333609
58 56 0.00080219
58 60 0.00064588
128 129 0.01445578
128 128 0.67644779
128 127 0.01589099
127 126 0.01648837
127 127 0.84579399
127 128 0.01679873
75 75 0.63423966
153 153 0.48507751
80 80 0.68364524
49 48 0.00799349
49 47 0.00719430
49 49 0.49986788
49 51 0.01011830
49 50 0.00734940
142 142 0.55585975
148 148 0.93735340
25 24 0.00091749
25 26 0.00090365
25 25 0.63236816
57 57 0.49019643
57 55 0.00112613
57 56 0.00149368
57 59 0.00362045
45 44 0.01913515
45 47 0.02977767
45 45 0.90016245
45 42 0.00154115
45 43 0.00657516
45 46 0.02203855
1 1 0.97729668
72 72 0.77015790
62 62 0.25909278
70 70 0.71366205
116 116 0.41825329
24 25 0.00097848
24 24 0.58821257
94 94 0.49139444
41 40 0.00294715
41 42 0.00333537
41 39 0.00450445
41 43 0.00162056
41 41 0.91042039
107 107 0.38024067
48 50 0.02958834
48 47 0.02020164
48 49 0.01195015
48 48 0.53980293
48 46 0.00341711
97 97 0.61393321
104 104 0.46263361
79 79 0.56893957
20 20 0.76379383
145 145 0.63258194
88 88 0.56631879
36 38 0.00315382
36 36 0.45295257
86 86 0.49885939
51 49 0.00535061
51 51 0.61406334
51 50 0.00165660
31 31 0.77822355
31 33 0.00208559
31 29 0.00634600
158 158 0.49632263
92 92 0.48177117
147 147 0.61743234
83 83 0.89468616
17 17 0.75422065
63 63 0.52403505
99 99 0.65543763
19 19 0.74499754
118 119 0.00090884
118 118 0.98388855
137 137 0.85336935
130 131 0.01456589
130 129 0.01676270
130 130 0.54333165
93 93 0.37010280
60 60 0.67480123
60 62 0.00070557
30 30 0.45960964
30 28 0.00175439
30 32 0.00078985
30 29 0.00050602
122 123 0.00930441
122 121 0.00474664
122 122 0.44284140
69 69 0.73857876
28 29 0.00082481
28 28 0.86600642
28 27 0.00083703
111 111 0.52446895
67 67 0.61161870
120 119 0.00098800
120 120 0.37136427
120 121 0.00127586
68 68 0.69904435
18 18 0.69571240
55 55 0.45317494
55 57 0.00218697
78 78 0.47025206
15 15 0.72970026
152 152 0.48175028
117 117 0.91536625
117 118 0.00053101
10 10 0.47714106
98 98 0.49447998
139 139 0.81994322
71 71 0.77672508
123 122 0.00900438
123 124 0.01518643
123 123 0.43190372
157 157 0.56633244
74 74 0.42395656
125 126 0.02137409
125 125 0.91695656
125 124 0.01111980
90 90 0.63415292
129 129 0.63651463
129 128 0.01389125
129 130 0.01771045
64 64 0.48833592
141 141 0.27779472
3 3 0.73963978
124 125 0.01157864
124 124 0.59259446
124 123 0.01497680
119 120 0.00098266
119 119 0.37801702
119 118 0.00077278
22 22 0.54928622
42 44 0.02246719
42 40 0.00157597
42 41 0.00515128
42 45 0.00459268
42 39 0.00121629
42 43 0.00936737
42 42 0.56170934
47 47 0.89723654
47 49 0.02397801
47 48 0.02560154
47 46 0.02128761
47 45 0.00346251
76 76 0.54243330
37 38 0.00131039
37 35 0.00084561
37 37 0.45466054
37 39 0.00311565
110 110 0.54311578
66 66 0.59972139
102 102 0.62912690
16 16 0.71013755
