26 26 0.55196600
40 40 0.28285700
139 139 0.99992600
16 16 0.32475000
31 31 0.29373700
73 73 0.39485800
79 79 0.29268200
76 76 0.33186800
159 159 0.53454200
84 84 0.63034500
140 140 0.99992800
118 118 0.77247800
135 135 0.99992000
88 88 0.44503800
142 142 0.99994100
58 58 0.31128800
35 35 0.99704900
143 143 0.37647200
120 120 0.38388900
101 101 0.88302600
52 52 0.26525600
65 65 0.40744100
29 29 0.27676700
50 50 0.39485900
15 15 0.75180900
81 81 0.36665700
109 109 0.37573900
61 61 0.97002200
154 154 0.30419900
130 130 0.30558400
94 94 0.76527600
116 116 0.67749200
71 71 0.40012400
74 74 0.29026100
44 44 0.59093700
6 6 0.88989900
127 127 0.30524000
49 49 0.29026000
18 18 0.55552400
78 78 0.38020500
55 55 0.94405200
37 37 0.29455000
36 36 0.40821400
54 54 0.95450300
108 108 0.35860800
103 103 0.42521400
106 106 0.41261100
93 93 0.86575000
119 119 0.27385500
147 147 0.41088100
28 28 0.24759800
72 72 0.33904300
11 11 0.75672900
146 146 0.30581700
4 4 0.71837200
41 41 0.31815300
32 32 0.40731700
148 148 0.30468500
70 70 0.79862400
7 7 0.88378900
152 152 0.41133700
153 153 0.30605000
129 129 0.41056800
20 20 0.50796800
63 63 0.97885300
82 82 0.15514000
117 117 0.82837300
60 60 0.35839900
131 131 0.99940400
56 56 0.92230700
48 48 0.39436100
114 114 0.70970100
22 22 0.82219800
1 1 0.99997900
83 83 0.85905800
102 102 0.62756900
105 105 0.42812700
51 51 0.28137200
115 115 0.68238600
8 8 0.81844300
136 136 0.99992600
151 151 0.99011300
42 42 0.34027200
107 107 0.83575600
128 128 0.30399900
99 99 0.60313600
90 90 0.30492500
85 85 0.74639500
87 87 0.43815300
39 39 0.27452200
95 95 0.98280300
23 23 0.84868600
46 46 0.28614900
97 97 0.98270900
145 145 0.99962800
158 158 0.51497000
43 43 0.62759700
112 112 0.53513700
98 98 0.50871000
132 132 0.32587600
66 66 0.47147400
141 141 0.99994400
24 24 0.83401000
122 122 0.30119900
67 67 0.96824700
12 12 0.81833700
121 121 0.29531900
10 10 0.77253800
64 64 0.32006500
21 21 0.79489000
138 138 0.99993300
144 144 0.32584300
92 92 0.99128000
38 38 0.39235700
89 89 0.30581500
91 91 0.67239000
155 155 0.29646000
9 9 0.87792700
96 96 0.98276600
137 137 0.99993300
3 3 0.75618700
86 86 0.28919400
126 126 0.98730500
133 133 0.50177900
5 5 0.95559300
124 124 0.40837400
113 113 0.75746800
68 68 0.99598800
157 157 0.27486200
47 47 0.33186800
77 77 0.28614900
100 100 0.77639300
17 17 0.66326200
30 30 0.39137800
110 110 0.52236100
150 150 0.98997700
33 33 0.99667000
25 25 0.55703900
156 156 0.38493500
134 134 0.87460900
160 160 0.41854300
45 45 0.38020400
123 123 0.30308700
57 57 0.85156400
14 14 0.58969100
125 125 0.98730700
75 75 0.39436000
13 13 0.64926200
111 111 0.57479600
80 80 0.35363100
34 34 0.99683300
62 62 0.97005200
2 2 0.99991400
104 104 0.42724500
27 27 0.40400100
53 53 0.63090000
149 149 0.30785900
59 59 0.46540700
19 19 0.49304400
69 69 0.64294100
