148 148 0.56479566
148 150 0.00107885
148 151 0.00073930
97 97 0.69903983
98 98 0.73967041
40 40 0.88308649
81 81 0.94685059
24 24 0.50327246
24 23 0.00455976
2 4 0.01423838
2 2 0.69796159
2 3 0.02568326
2 1 0.00747136
93 93 0.78839127
115 115 0.54215740
115 114 0.00555898
111 111 0.53412881
111 110 0.00259034
73 73 0.39369312
73 74 0.00080110
73 72 0.00345001
73 71 0.00070073
90 89 0.00089915
90 90 0.68233380
41 41 0.87469827
30 29 0.05242474
30 31 0.00201625
30 30 0.75185505
75 80 0.00090327
75 76 0.00057873
75 79 0.00098390
75 74 0.00181899
75 75 0.67558093
117 116 0.00869400
117 117 0.83252525
135 135 0.78647226
83 83 0.81960033
127 127 0.56256219
11 11 0.42492445
11 13 0.00284893
11 10 0.00307262
11 12 0.06895784
11 16 0.00094104
116 115 0.00811169
116 116 0.44703349
147 149 0.02835329
147 147 0.48376558
147 150 0.00088321
86 91 0.00064691
86 85 0.00056454
86 86 0.55782886
53 53 0.74141873
53 54 0.00255900
53 59 0.00108783
68 68 0.92268627
68 67 0.01184643
68 73 0.00052362
68 69 0.00255212
112 112 0.84567412
112 111 0.00360167
5 4 0.00429509
5 5 0.46592681
5 7 0.00459738
5 10 0.00342611
5 6 0.02304004
60 59 0.00175756
60 60 0.91117457
60 61 0.00099002
71 70 0.00803275
71 71 0.73511131
71 72 0.00091977
71 76 0.00503751
107 107 0.57927099
124 124 0.69254083
87 92 0.00058089
87 87 0.40751233
87 86 0.00070789
91 91 0.46512615
91 90 0.00068707
74 75 0.00069640
74 73 0.00237706
74 79 0.00189430
74 74 0.54281882
74 78 0.00108763
74 72 0.00070825
63 68 0.01235542
63 62 0.00467857
63 63 0.67910668
63 64 0.00353824
103 103 0.59962778
136 135 0.00227119
136 136 0.77671606
61 60 0.00290589
61 61 0.67007077
61 62 0.00136182
80 80 0.94683997
29 29 0.72902278
29 28 0.08970948
29 30 0.00320730
29 34 0.00421190
89 89 0.75400326
89 88 0.00091408
20 18 0.00064162
20 20 0.69234177
20 24 0.00056125
20 19 0.00608918
12 17 0.00426181
12 12 0.36628127
12 11 0.01103000
12 13 0.02834912
12 14 0.00098239
110 110 0.68732549
138 140 0.00053118
138 138 0.58718771
96 96 0.70007779
134 134 0.88969074
109 109 0.61280140
39 39 0.69228462
39 45 0.01174987
113 112 0.00406676
113 113 0.93301613
125 125 0.77822421
105 105 0.74202866
101 101 0.68199287
44 50 0.00351288
44 44 0.60914469
92 92 0.94906883
130 130 0.85582741
130 129 0.00187699
104 104 0.67003673
58 64 0.00506431
58 58 0.69139459
154 156 0.02264661
154 155 0.00088456
154 154 0.77475030
160 160 0.86702446
21 21 0.60250956
21 20 0.00466282
21 25 0.00109041
21 26 0.00340145
129 128 0.00075943
129 129 0.75730614
1 1 0.71381634
1 3 0.01546315
1 6 0.00135624
1 2 0.03169278
79 83 0.00064614
79 79 0.92714937
137 137 0.93450579
137 136 0.00135871
7 8 0.02594685
7 9 0.01765399
7 7 0.64494552
7 6 0.00205272
94 94 0.48718474
157 157 0.85043581
157 159 0.00226308
157 158 0.00122175
106 106 0.51873174
42 42 0.63533309
42 48 0.00423692
43 43 0.61101681
27 26 0.14004660
27 32 0.00350822
27 27 0.70032598
27 28 0.00166308
84 84 0.42686178
28 29 0.00243727
28 28 0.60518209
28 27 0.12117209
144 144 0.47314325
144 146 0.00693306
35 34 0.00788595
35 40 0.00081136
35 35 0.70236829
126 126 0.66028166
120 120 0.53116535
120 119 0.00135347
17 16 0.13125157
17 17 0.59395562
17 22 0.00730432
17 15 0.00073372
77 77 0.94530427
77 76 0.00105711
64 65 0.00369723
64 64 0.67758144
64 69 0.01235241
64 63 0.01077371
159 159 0.83592294
18 17 0.03859404
18 18 0.60190498
18 16 0.00113773
18 22 0.00073088
18 23 0.00235991
67 66 0.01221115
67 72 0.00290596
67 68 0.00299442
67 67 0.76111667
26 31 0.00329542
26 26 0.53145131
26 25 0.14316604
8 7 0.00293781
8 8 0.59410231
8 9 0.03563035
8 10 0.00691267
8 13 0.00210646
100 100 0.84842763
54 54 0.35082097
45 51 0.00324663
45 46 0.00196443
45 45 0.33498548
59 60 0.00069106
59 58 0.00127935
59 59 0.72613618
151 153 0.00062325
151 151 0.78974858
6 6 0.42903728
6 5 0.00219976
6 7 0.01092691
6 8 0.00382997
65 65 0.56412325
65 70 0.01235331
65 66 0.00379083
65 63 0.00152831
65 64 0.01118955
149 152 0.00074966
149 149 0.75980703
149 151 0.01316182
85 85 0.68858912
85 90 0.00070036
82 83 0.00063227
82 82 0.91608963
122 122 0.85671208
121 120 0.00059344
121 121 0.40554332
48 48 0.48033068
48 54 0.00653958
48 49 0.00137986
50 57 0.00107116
50 56 0.00636193
50 50 0.78788361
50 51 0.01303308
153 153 0.89015677
153 154 0.00104557
153 155 0.03470901
141 143 0.01233189
141 141 0.52949550
141 142 0.00105258
36 42 0.00053230
36 35 0.00276329
36 41 0.00077788
36 36 0.54480586
33 38 0.00161242
33 34 0.00097113
33 33 0.62250714
33 32 0.01909736
52 51 0.00072307
52 53 0.00561585
52 58 0.00135237
52 52 0.81530881
32 38 0.00069180
32 31 0.00256149
32 33 0.00281897
32 37 0.00603447
32 32 0.61180337
22 21 0.00447690
22 22 0.58793956
22 27 0.00260644
142 143 0.00137747
142 142 0.84063577
142 144 0.00274140
156 158 0.01114236
156 156 0.65196675
156 157 0.00100313
128 128 0.42601793
16 15 0.08460845
16 21 0.00729476
16 17 0.00110447
16 16 0.61432188
145 147 0.00445724
145 145 0.92958599
10 12 0.01014588
10 10 0.54797181
10 9 0.00289554
10 11 0.04561534
10 15 0.00734166
108 108 0.64382400
19 19 0.61273401
19 18 0.06749622
51 57 0.00767920
51 52 0.01589627
51 50 0.00060124
51 51 0.80626151
72 72 0.38328972
72 71 0.00481620
72 77 0.00643863
72 73 0.00084715
146 148 0.02092270
146 146 0.91290312
152 153 0.00100032
152 154 0.00066232
152 152 0.85694748
119 119 0.52800607
119 118 0.00179193
9 11 0.00811522
9 14 0.00240387
9 9 0.43077046
9 8 0.00198400
9 10 0.03671351
158 158 0.85397574
3 3 0.71149462
3 8 0.00838626
3 2 0.00617478
3 5 0.01878268
3 4 0.06700431
23 22 0.08872524
23 28 0.00829210
23 23 0.51897535
23 27 0.00084009
14 15 0.00092151
14 14 0.59762490
14 13 0.02861979
14 19 0.00666424
140 142 0.00277153
140 140 0.65146016
140 141 0.00110879
62 67 0.00286841
62 63 0.00164504
62 61 0.00382361
62 62 0.72088183
155 156 0.00145850
155 157 0.00101647
155 155 0.71672931
78 78 0.89130472
78 82 0.00409235
76 76 0.38667100
118 118 0.54465161
118 117 0.00136579
25 30 0.00145462
25 24 0.00594997
25 25 0.52815235
99 99 0.68733877
123 123 0.68813620
70 69 0.01117751
70 70 0.65936088
70 71 0.00097657
70 75 0.00505946
143 145 0.01194085
143 144 0.00087427
143 141 0.00056035
143 143 0.42987158
95 95 0.55741782
49 56 0.00061446
49 49 0.81301261
49 50 0.00978453
49 55 0.00651664
139 141 0.00087948
139 139 0.68728476
102 102 0.62912945
4 5 0.02903407
4 4 0.62778013
4 9 0.00263030
4 3 0.00390739
4 6 0.01771944
37 37 0.59189012
37 36 0.00065240
37 43 0.00078619
37 42 0.00052367
132 132 0.34755145
57 57 0.47373675
57 63 0.00505908
13 14 0.00543898
13 13 0.67549695
13 18 0.00341866
13 12 0.01118788
47 54 0.00072539
47 47 0.72831994
47 48 0.01032214
47 53 0.00684259
114 113 0.00434889
114 114 0.80731750
15 14 0.03362168
15 15 0.62425272
15 20 0.00640369
15 16 0.00861934
69 70 0.00179586
69 69 0.44036809
69 67 0.00053077
69 68 0.01148276
46 47 0.00595970
46 52 0.00798702
46 46 0.63831234
66 66 0.49477007
66 71 0.01236416
66 67 0.00342697
66 65 0.01180582
150 153 0.00070449
150 150 0.79744434
150 152 0.01161028
133 133 0.56818931
133 132 0.00051186
38 38 0.60445778
38 44 0.00644690
88 89 0.00056272
88 87 0.00063433
88 88 0.39610838
31 31 0.66988972
31 30 0.04180857
131 130 0.00590954
131 131 0.81497280
56 56 0.77000872
56 62 0.00650882
55 61 0.00129177
55 55 0.64320596
34 39 0.00084477
34 33 0.01764716
34 35 0.00065340
34 34 0.73583963
