118 117 0.00192386
118 111 0.00116676
118 104 0.00431042
118 115 0.02331203
118 105 0.00203865
118 108 0.00754129
118 118 0.00381898
118 100 0.00137746
118 114 0.02979057
118 112 0.02045763
118 113 0.00423723
118 106 0.00333565
118 116 0.03351116
118 102 0.00068168
118 97 0.02637202
118 96 0.02236509
38 34 0.05958961
38 33 0.00062089
38 37 0.00455930
38 38 0.49570097
38 35 0.05179864
38 30 0.00378205
38 36 0.00096323
105 105 0.32214277
105 92 0.02201181
105 104 0.07592663
105 103 0.00079691
105 94 0.00142663
105 86 0.06143849
105 85 0.00119743
105 93 0.01398423
105 84 0.00416787
105 87 0.01349356
8 7 0.00078958
8 1 0.00053959
8 8 0.56352645
8 9 0.00076972
55 55 0.38541972
55 51 0.00961885
55 48 0.00297548
55 49 0.05020168
55 50 0.03652016
55 46 0.00287897
55 52 0.03162530
55 47 0.00144173
55 45 0.00176710
54 49 0.06926588
54 43 0.00080367
54 48 0.00373984
54 51 0.04225256
54 44 0.00222810
54 54 0.49108164
54 47 0.03888421
54 45 0.00339076
54 46 0.00100600
54 50 0.02535286
43 38 0.01510499
43 35 0.00190767
43 32 0.00453301
43 36 0.00169123
43 41 0.00179875
43 40 0.00834282
43 37 0.00052770
43 43 0.09226770
43 42 0.01712678
43 39 0.06993722
92 93 0.00062820
92 91 0.00836551
92 79 0.15609629
92 75 0.00359556
92 92 0.34808818
92 74 0.10935048
24 25 0.00329035
24 22 0.00150443
24 24 0.65125489
24 23 0.01028698
117 107 0.00169088
117 96 0.07050268
117 99 0.00055170
117 112 0.00559747
117 113 0.00254183
117 106 0.01117134
117 116 0.00710383
117 114 0.11856863
117 95 0.00379927
117 115 0.01318969
117 105 0.00200522
117 111 0.00823270
117 104 0.00576409
117 103 0.00420255
117 110 0.00073042
117 117 0.01057682
26 24 0.00206182
26 26 0.48121326
26 23 0.00145824
26 17 0.00768618
26 25 0.01846817
96 96 0.39677391
96 78 0.01966860
96 95 0.02362277
96 77 0.02223334
96 83 0.00166447
151 131 0.00771069
151 132 0.42356962
151 130 0.06956237
4 3 0.00339298
4 4 0.94869654
53 49 0.02959193
53 48 0.00138012
53 44 0.00053686
53 47 0.00383873
53 46 0.02399123
53 50 0.00553043
53 53 0.49155837
53 42 0.00176237
39 39 0.18210665
39 34 0.01045775
39 37 0.00106888
39 31 0.00145795
39 36 0.00678838
39 38 0.00404387
39 35 0.02057159
112 112 0.19001807
112 91 0.05181755
112 102 0.02995008
112 94 0.00212252
112 107 0.00085799
112 93 0.00690283
112 98 0.00062566
112 90 0.01598237
112 110 0.00788196
112 92 0.00113251
112 103 0.00060188
112 111 0.13671372
112 101 0.04558984
112 109 0.00106068
112 108 0.00392827
112 100 0.02370840
116 94 0.02963804
116 114 0.00322981
116 102 0.00397202
116 116 0.02881291
116 106 0.12795759
116 113 0.11210021
116 112 0.00404523
116 105 0.00614114
116 115 0.01417860
116 95 0.05135696
116 100 0.00058348
116 98 0.00055073
116 110 0.00079223
116 103 0.00730308
116 104 0.01562510
116 111 0.00638290
141 129 0.00143745
141 120 0.17666577
141 128 0.03245947
141 130 0.00297780
141 132 0.00139634
141 131 0.00992204
141 123 0.00329999
141 119 0.00477748
141 127 0.00175316
141 126 0.00263649
32 30 0.00095843
32 32 0.54524381
32 31 0.12667278
32 29 0.01894776
32 24 0.00442133
32 28 0.01190425
130 112 0.00226838
130 121 0.00145617
130 123 0.26928000
130 127 0.00054121
130 117 0.00794341
130 110 0.00122603
130 108 0.00180111
130 120 0.02875228
130 109 0.05686369
130 125 0.00091792
9 8 0.00103351
9 9 0.69183626
9 10 0.00061687
9 2 0.00088024
21 20 0.04864083
21 12 0.00205344
21 21 0.51899618
21 19 0.00220562
16 16 0.43226562
16 15 0.00444661
31 30 0.07335732
31 23 0.00109238
31 27 0.00738170
31 31 0.38676145
31 22 0.00105367
31 29 0.00055430
31 28 0.02933744
57 54 0.00067815
57 57 0.38384319
57 51 0.02850677
57 49 0.00179570
57 53 0.00365932
57 52 0.00212886
57 50 0.01379795
131 109 0.00971677
131 128 0.06306858
131 118 0.00799932
131 117 0.00124004
131 110 0.05867438
131 111 0.00122163
131 124 0.28221467
131 113 0.00228178
131 121 0.03078035
72 60 0.02516854
72 58 0.04223691
72 57 0.00112077
72 72 0.25494866
72 61 0.00228943
72 62 0.00098552
72 59 0.11105439
72 71 0.00069542
110 91 0.02275619
110 88 0.00501083
110 94 0.00050856
110 89 0.04563410
110 96 0.00073261
110 97 0.00192533
110 92 0.00077454
110 110 0.22564873
110 90 0.00453272
110 98 0.00280107
110 108 0.01803923
110 109 0.02463682
98 85 0.05300590
98 97 0.00239813
98 80 0.00143597
98 79 0.02664794
98 98 0.01239662
28 24 0.00169804
28 26 0.00319069
28 27 0.02833113
28 25 0.00269340
28 28 0.62847093
28 19 0.00609445
15 15 0.66192688
15 14 0.00398631
69 60 0.01849961
69 58 0.00637014
69 55 0.00204119
69 57 0.05784918
69 61 0.00127198
69 62 0.00173215
69 59 0.02837298
69 69 0.47772994
69 68 0.00128470
107 105 0.00163850
107 95 0.00368465
107 87 0.00588803
107 106 0.05716614
107 88 0.05382727
107 89 0.02390263
107 94 0.05761830
107 107 0.24290069
107 86 0.00471951
86 73 0.07488681
86 69 0.00278247
86 86 0.43806970
86 70 0.00073996
86 68 0.08134521
86 75 0.00625594
86 74 0.02776806
122 106 0.00061740
122 116 0.00546477
122 112 0.01697141
122 102 0.00066551
122 122 0.00086163
122 119 0.06386565
122 117 0.03695033
122 104 0.00130591
122 101 0.10329112
122 108 0.00114452
122 120 0.02594658
122 115 0.04577767
122 100 0.01808081
123 120 0.06769999
123 118 0.00230330
123 117 0.00260579
123 110 0.00237534
123 101 0.02056218
123 103 0.00060470
123 123 0.00154835
123 119 0.00065241
123 102 0.19627017
123 112 0.00147654
123 121 0.00097745
123 113 0.15313228
123 116 0.00594473
148 127 0.12120407
148 131 0.02998502
148 132 0.00472050
148 129 0.01203227
148 130 0.03474821
148 128 0.00681485
73 73 0.07117110
73 62 0.00060165
73 59 0.04437298
73 61 0.09113116
73 72 0.00122913
73 58 0.00277557
73 60 0.12945550
91 80 0.00116923
91 79 0.00198854
91 91 0.44712739
91 73 0.04887823
91 78 0.04199809
91 75 0.00510493
91 90 0.01648747
91 74 0.02477498
91 92 0.00073639
139 126 0.00193366
139 121 0.00126442
139 127 0.00382581
139 131 0.00225506
139 132 0.15041368
139 117 0.01008799
139 129 0.02064872
139 130 0.00060976
139 128 0.00286078
139 118 0.12230146
46 43 0.05148173
46 38 0.00062923
46 41 0.01839503
46 40 0.00136273
46 42 0.16133462
46 39 0.00573915
46 46 0.49333039
46 45 0.02333420
82 64 0.00274827
82 82 0.45004437
82 65 0.00272497
82 69 0.01539260
82 70 0.02057244
82 71 0.00067403
82 67 0.02035565
82 66 0.00199251
36 35 0.00471121
36 32 0.02197616
36 36 0.41495841
36 33 0.04279154
36 31 0.00549718
61 52 0.00253748
61 53 0.00191946
61 50 0.00096746
61 61 0.48773089
61 49 0.00206972
61 51 0.06253540
61 54 0.00230354
61 55 0.00251988
7 8 0.00060199
7 7 0.60659082
30 28 0.00060187
30 27 0.00588295
30 30 0.40604820
30 26 0.00136855
30 29 0.07586905
60 49 0.00216965
60 51 0.03694960
60 54 0.00186860
60 55 0.00646352
60 60 0.48250555
60 52 0.00424826
60 53 0.01754668
60 50 0.04734159
48 40 0.00067936
48 41 0.01298804
48 48 0.49238007
48 44 0.04387396
48 43 0.01852504
48 45 0.00563215
48 47 0.00412497
48 42 0.00351071
48 46 0.00082960
132 112 0.00271732
132 114 0.00291999
132 119 0.00269798
132 122 0.00122360
132 111 0.07296397
132 110 0.02591134
132 118 0.00131873
132 125 0.28753633
132 129 0.00151658
14 14 0.48636702
14 13 0.03834777
45 46 0.00070414
45 39 0.00123405
45 42 0.20369585
45 34 0.00111532
45 45 0.33031240
45 43 0.00059407
45 44 0.02585668
45 37 0.00059614
45 41 0.14603330
45 40 0.01621153
45 38 0.00412246
127 106 0.21523969
127 121 0.00235806
127 113 0.00147095
127 114 0.00735471
127 107 0.00063256
127 122 0.01053273
127 123 0.00496278
127 124 0.11051143
127 117 0.16536766
127 125 0.00138411
127 118 0.00066392
127 105 0.03310144
127 120 0.23642967
127 109 0.00072863
67 60 0.02229271
67 58 0.08064332
67 55 0.00403383
67 57 0.05613004
67 59 0.00470953
67 61 0.00296156
67 53 0.00364573
67 67 0.38291169
67 56 0.00157991
137 116 0.06338583
137 126 0.00122236
137 119 0.00112837
137 127 0.05893273
137 124 0.00185441
137 131 0.00169510
137 130 0.26547596
137 115 0.00066218
147 128 0.00694616
147 130 0.01061227
147 129 0.01893129
147 131 0.00382255
147 132 0.00798273
147 127 0.00794617
147 126 0.14353060
87 74 0.10168460
87 75 0.02667771
87 76 0.00092024
87 87 0.46736915
87 73 0.00144133
87 88 0.00064334
87 70 0.03582716
87 69 0.00692380
87 86 0.01824102
138 127 0.00143931
138 126 0.00213324
138 120 0.00116931
138 130 0.00066209
138 128 0.08915257
138 131 0.19293481
138 132 0.00054202
138 117 0.17246178
143 126 0.00098705
143 127 0.00058633
143 123 0.00435849
143 124 0.00053411
143 122 0.18061351
143 131 0.00505867
143 132 0.00167261
143 128 0.00533020
143 130 0.05010889
143 125 0.00196919
143 129 0.00150207
65 55 0.00092393
65 60 0.00089555
65 58 0.02594100
65 57 0.00361253
65 51 0.00362303
65 54 0.00582534
65 59 0.02551935
65 65 0.40681151
65 53 0.00055303
65 56 0.00134736
5 5 0.82089880
5 4 0.00246866
109 108 0.11622723
109 109 0.23989923
109 90 0.07836191
109 96 0.01078755
109 107 0.00964584
109 88 0.02678917
109 89 0.01126133
109 91 0.00498553
109 87 0.00097384
146 132 0.00704889
146 131 0.00597132
146 125 0.18198003
146 128 0.00528572
146 130 0.00615620
146 129 0.00666320
146 126 0.00523015
146 127 0.00604118
58 50 0.00444226
58 53 0.02802512
58 52 0.01444741
58 58 0.38442107
58 48 0.00070641
58 51 0.00942186
58 54 0.00059641
58 49 0.00590613
44 43 0.02626729
44 33 0.00167090
44 37 0.00340748
44 44 0.11292236
44 40 0.04301923
44 41 0.20154569
44 36 0.00077570
44 38 0.00106044
44 42 0.00123702
44 39 0.01728330
77 64 0.00132132
77 63 0.00230572
77 77 0.33913333
77 60 0.00603391
77 59 0.02213432
77 61 0.01143663
77 78 0.00115158
77 65 0.04089429
77 76 0.00171209
77 66 0.00085403
77 68 0.00104487
85 85 0.35200833
85 71 0.00051858
85 67 0.02046573
85 68 0.04512174
85 73 0.01946182
85 74 0.00166534
85 72 0.03020447
149 129 0.01478046
149 128 0.07738252
149 130 0.04659338
149 132 0.01655109
149 131 0.04046684
124 120 0.00076875
124 103 0.17969511
124 104 0.00088464
124 110 0.00121582
124 117 0.13218033
124 119 0.03439433
124 124 0.00066532
124 122 0.02320378
124 106 0.00108693
124 121 0.03480821
124 113 0.00313127
124 102 0.05806290
124 114 0.15487974
102 102 0.37713618
102 82 0.00150384
102 84 0.04374995
102 89 0.00354399
102 101 0.05794313
102 83 0.05152668
102 81 0.00334515
42 42 0.41435977
42 39 0.03719722
42 34 0.00066272
42 37 0.01520065
42 41 0.00501619
42 40 0.00261593
42 38 0.04160524
42 35 0.00084268
42 36 0.00050753
13 13 0.39419262
13 3 0.00501331
13 14 0.00155087
13 12 0.06140464
140 131 0.00246866
140 132 0.00131866
140 129 0.00077323
140 128 0.00234602
140 130 0.02543634
140 126 0.00088426
140 122 0.00193152
140 119 0.17110515
140 127 0.00986056
76 65 0.00780193
76 76 0.39244349
76 62 0.00286687
76 59 0.00381455
76 61 0.00499759
76 77 0.00174396
76 63 0.01003809
76 60 0.00520806
76 75 0.00362200
76 58 0.00520293
100 82 0.03815066
100 87 0.16168207
100 99 0.01121804
100 88 0.00169763
100 100 0.04459647
100 81 0.04220187
83 68 0.00527154
83 67 0.02500090
83 70 0.05515251
83 71 0.01841711
83 66 0.00091432
83 82 0.00465134
83 65 0.06526734
83 83 0.41372169
83 72 0.00260478
111 93 0.00213482
111 89 0.01229817
111 99 0.00111968
111 91 0.00147395
111 100 0.01329523
111 109 0.00177926
111 111 0.19355935
111 101 0.01888121
111 92 0.01939702
111 98 0.00801521
111 90 0.02642193
111 110 0.13230269
104 83 0.00137830
104 103 0.01130876
104 104 0.34864242
104 92 0.00138070
104 91 0.13534942
104 84 0.00120022
104 93 0.00076136
104 86 0.01218292
104 85 0.05706231
6 6 0.64468030
6 5 0.00135044
20 19 0.03244355
20 11 0.00383008
20 18 0.02701639
20 10 0.00189759
20 20 0.52051005
19 19 0.61835332
19 10 0.00564003
19 18 0.04810960
19 9 0.00131456
19 17 0.00719662
19 20 0.00776262
68 68 0.48676307
68 56 0.00174010
68 54 0.00253316
68 57 0.00370263
68 60 0.00238971
68 58 0.06138762
68 59 0.05125444
68 61 0.02548243
66 56 0.00751026
66 66 0.27417207
66 57 0.08964358
66 60 0.00895686
66 58 0.00502531
66 59 0.02462191
25 25 0.61478054
25 23 0.01059188
25 16 0.00521363
25 26 0.00141395
25 24 0.01644028
150 129 0.03905604
150 130 0.01376453
150 131 0.10671790
150 132 0.10268387
10 9 0.00186602
10 3 0.00084757
10 11 0.00289230
10 10 0.88130127
142 124 0.00171670
142 127 0.00342873
142 121 0.14371568
142 129 0.01214724
142 120 0.00080114
142 128 0.00419710
142 130 0.00235241
142 131 0.00355108
142 132 0.00501654
79 63 0.00050154
79 64 0.00065949
79 62 0.00475009
79 61 0.09741692
79 65 0.00564521
79 79 0.18527753
79 66 0.00193423
79 68 0.00910817
79 67 0.01712006
50 43 0.04034115
50 44 0.00814504
50 46 0.02366714
50 50 0.49174554
50 39 0.00074149
50 42 0.00147363
50 47 0.05157491
50 45 0.00972880
18 9 0.00171267
18 8 0.00286645
18 17 0.00360010
18 18 0.50599061
2 1 0.00105627
2 2 0.96415234
40 39 0.00340954
40 38 0.00080535
40 35 0.01359283
40 36 0.02598510
40 32 0.00501492
40 40 0.57064908
40 37 0.03224818
49 42 0.02822194
49 46 0.00775705
49 45 0.03680889
49 47 0.00073662
49 48 0.00054833
49 44 0.01009930
49 43 0.00636236
49 38 0.00061572
49 41 0.00415783
49 49 0.49194823
129 111 0.00107326
129 109 0.00111442
129 108 0.05514340
129 120 0.00112880
129 126 0.00803679
129 123 0.00113671
129 124 0.00464650
129 122 0.07701767
129 107 0.00744939
129 119 0.01786967
115 114 0.00895900
115 102 0.00926669
115 112 0.07041328
115 113 0.00248361
115 94 0.20548556
115 93 0.00808109
115 97 0.00062993
115 110 0.00107484
115 111 0.05692200
115 101 0.00232389
115 104 0.01970755
115 103 0.02601171
115 115 0.10229397
115 105 0.04127362
133 111 0.00240542
133 130 0.00302559
133 115 0.00101745
133 129 0.00188529
133 120 0.00286519
133 112 0.17678613
133 113 0.00243362
133 126 0.21180900
133 123 0.16953560
62 51 0.01416485
62 57 0.03790988
62 55 0.00093722
62 62 0.20430807
62 53 0.05082119
62 56 0.06277774
120 120 0.00078680
120 115 0.01814263
120 118 0.01496285
120 98 0.01423709
120 117 0.02215275
120 110 0.04764638
120 104 0.00073444
120 99 0.03497811
120 119 0.00071007
120 114 0.07571433
120 102 0.00110426
120 106 0.00376158
120 113 0.00357767
120 116 0.00305832
12 11 0.02486475
12 2 0.00083729
12 13 0.00431851
12 12 0.48771286
12 3 0.00078532
29 28 0.02779184
29 25 0.02029051
29 29 0.44242366
29 20 0.00695490
29 26 0.00562230
29 27 0.00133510
3 2 0.00196952
3 4 0.00069605
3 3 0.94866539
33 30 0.01181691
33 32 0.09806867
33 31 0.00183565
33 33 0.48678119
33 29 0.05951436
33 25 0.00171906
51 44 0.04987464
51 51 0.49173086
51 48 0.00348976
51 47 0.07410634
51 45 0.00207971
51 46 0.00598736
51 42 0.00063135
103 90 0.00165412
103 103 0.34662325
103 85 0.00115250
103 84 0.07390747
103 102 0.04315637
144 126 0.00214271
144 127 0.00122496
144 123 0.25847696
144 124 0.00397099
144 131 0.00667131
144 132 0.00368966
144 128 0.00258048
144 130 0.01106101
144 125 0.00304240
144 129 0.00575197
90 89 0.01352665
90 73 0.00078995
90 91 0.00126445
90 78 0.01274765
90 72 0.00086060
90 90 0.46844451
90 74 0.01015600
90 77 0.10564258
63 63 0.33223371
63 57 0.07298232
63 51 0.00847909
63 54 0.00093035
63 58 0.01518645
63 53 0.00164126
63 56 0.00329077
94 94 0.42449344
94 93 0.00979225
94 76 0.00283400
94 81 0.02436594
94 75 0.00532128
94 83 0.00064569
113 108 0.00658353
113 109 0.01745830
113 100 0.00946953
113 95 0.00066777
113 92 0.17557165
113 110 0.00246339
113 103 0.04224193
113 111 0.00470676
113 101 0.04455878
113 94 0.00571319
113 91 0.02167634
113 102 0.05582071
113 113 0.15054156
113 112 0.06319436
52 46 0.00926402
52 42 0.00184845
52 52 0.49163346
52 47 0.01257812
52 45 0.03570904
52 43 0.00065667
52 48 0.01846544
52 49 0.05255663
52 41 0.00351312
135 114 0.28098406
135 113 0.01517396
135 112 0.00051719
135 117 0.00106133
135 132 0.04634635
135 128 0.01511070
135 125 0.02332746
136 132 0.00457678
136 118 0.00128061
136 129 0.05220100
136 115 0.14004926
136 113 0.00067502
136 114 0.01989968
136 126 0.04218142
136 123 0.01026637
126 104 0.07719238
126 117 0.00094106
126 120 0.00174470
126 105 0.09959751
126 121 0.02825987
126 106 0.00189010
126 113 0.00685829
126 116 0.00498862
126 119 0.22897033
126 123 0.12756484
126 124 0.01419542
126 122 0.00143772
81 65 0.01893407
81 66 0.00052972
81 70 0.00121102
81 68 0.03817216
81 69 0.06628946
81 63 0.00091210
81 81 0.40397857
27 26 0.01653644
27 24 0.00157477
27 23 0.00071070
27 27 0.53552654
27 18 0.00243485
27 25 0.00777243
108 108 0.11074648
108 95 0.00249676
108 90 0.01175799
108 88 0.00619443
108 94 0.00057189
108 89 0.05287800
108 96 0.03744946
108 86 0.00121872
108 107 0.04526757
108 106 0.00479775
108 87 0.01432183
59 54 0.00180231
59 51 0.00428750
59 59 0.38911204
59 49 0.01183423
59 50 0.02414048
59 52 0.00441096
59 53 0.05412864
17 16 0.02149898
17 17 0.32926709
17 7 0.00067689
75 58 0.00229667
75 75 0.45109834
75 60 0.00332166
75 57 0.00188177
75 63 0.00208257
75 74 0.00161971
75 61 0.00835462
75 62 0.00223625
75 59 0.00272691
75 76 0.00177175
37 35 0.00050372
37 36 0.00606041
37 32 0.00064674
37 33 0.01804606
37 37 0.29165622
37 34 0.03565702
64 64 0.40684020
64 58 0.01873309
64 55 0.00091600
64 57 0.01204631
64 59 0.00292520
64 53 0.00936194
74 73 0.00066017
74 65 0.00746749
74 61 0.12123024
74 62 0.06534494
74 59 0.00302275
74 58 0.00100734
74 75 0.00099235
74 60 0.01506369
74 57 0.00220151
74 63 0.00093341
74 74 0.43533846
93 93 0.36491603
93 80 0.00408138
93 82 0.00110125
93 75 0.24545660
93 74 0.01241509
93 92 0.00278091
119 103 0.00070713
119 101 0.00063195
119 98 0.06502273
119 117 0.02799457
119 118 0.00102580
119 105 0.00156567
119 115 0.02920887
119 109 0.00146155
119 106 0.00544346
119 116 0.10077991
119 113 0.00226695
119 112 0.00239770
119 114 0.00699007
119 97 0.00422566
56 56 0.40190909
56 53 0.01667645
56 52 0.00095430
56 50 0.05111489
56 49 0.00919477
56 51 0.03386400
97 78 0.00076624
97 84 0.00197938
97 79 0.00053047
97 96 0.01609360
97 97 0.25841776
70 60 0.01644375
70 58 0.06252035
70 57 0.02174455
70 61 0.00299439
70 59 0.00491266
70 56 0.00575129
70 69 0.00132184
70 70 0.40246163
89 76 0.13202988
89 88 0.01055455
89 71 0.00094370
89 89 0.47144479
89 75 0.00623646
89 90 0.00126465
89 77 0.01969121
89 78 0.00096699
121 114 0.00871387
121 116 0.03641200
121 99 0.02053097
121 119 0.05273025
121 117 0.00059754
121 111 0.00872045
121 103 0.00127465
121 115 0.06765500
121 108 0.00177071
121 118 0.03703168
121 100 0.02944070
84 84 0.38309830
84 73 0.00324859
84 66 0.04425256
84 71 0.01674517
84 67 0.03962343
84 70 0.00092568
84 68 0.01096012
84 69 0.00136770
84 72 0.00882872
84 83 0.00694230
78 66 0.00561091
78 67 0.00308440
78 65 0.02044038
78 62 0.00394892
78 78 0.15320702
78 61 0.01351502
78 77 0.00189972
78 60 0.08176992
1 1 0.99725194
125 112 0.00090024
125 114 0.00189544
125 122 0.06969399
125 123 0.04093686
125 103 0.05929079
125 104 0.21975232
125 118 0.01382297
125 115 0.00225989
125 120 0.03813867
125 105 0.00053936
23 23 0.59894310
23 21 0.00901847
23 22 0.03509951
23 24 0.00527330
23 14 0.00374201
128 114 0.00143630
128 121 0.10161300
128 106 0.03325999
128 113 0.00054218
128 122 0.00102739
128 123 0.00770313
128 119 0.00064704
128 107 0.05928663
128 110 0.00100846
128 108 0.00073093
128 125 0.05114988
128 118 0.15854161
35 30 0.00101113
35 35 0.47139051
35 32 0.04971936
35 27 0.00109566
35 31 0.04559525
35 24 0.00051252
35 34 0.00295367
95 77 0.05933420
95 95 0.38615208
95 76 0.01559867
95 84 0.00172292
95 82 0.16409786
95 94 0.02620663
41 41 0.43129069
41 40 0.00318917
41 38 0.00507800
41 36 0.01376038
41 37 0.02445021
41 33 0.00177877
41 39 0.00090501
22 13 0.00341852
22 21 0.02050351
22 23 0.00313580
22 20 0.02406969
22 22 0.40425728
101 101 0.11866585
101 83 0.03126276
101 100 0.03031584
101 81 0.00087433
101 82 0.03471263
101 88 0.16136935
34 26 0.00088498
34 31 0.03522498
34 33 0.07835046
34 30 0.04095977
34 32 0.00107130
34 34 0.49293444
11 11 0.73837643
11 10 0.00816325
11 12 0.00082628
80 62 0.00310992
80 64 0.00798793
80 63 0.00069308
80 69 0.00592678
80 66 0.00348683
80 80 0.26990455
80 68 0.08431394
80 70 0.00166548
80 67 0.00214499
80 65 0.00068575
88 74 0.00106198
88 77 0.00113600
88 75 0.12666026
88 88 0.46911996
88 70 0.04485111
88 89 0.00122314
88 76 0.02538094
88 87 0.01286573
47 36 0.00118495
47 40 0.00876944
47 41 0.00167251
47 44 0.05179503
47 43 0.13198867
47 47 0.49300812
47 39 0.00058739
47 42 0.01428601
47 46 0.00698374
145 124 0.16248810
145 127 0.00361170
145 126 0.00346329
145 129 0.00272483
145 128 0.00183512
145 130 0.00459637
145 125 0.00591479
145 132 0.01306253
145 131 0.00427579
71 57 0.03710523
71 60 0.00289480
71 58 0.05355651
71 59 0.07491741
71 62 0.00617767
71 61 0.01582803
71 71 0.31981891
71 70 0.00116250
99 87 0.00086903
99 86 0.05372554
99 99 0.24379097
99 80 0.00392936
99 98 0.00819830
99 81 0.00123354
134 124 0.06305353
134 127 0.24307933
134 114 0.00102485
134 112 0.03483993
134 116 0.00102492
134 113 0.18916982
134 130 0.00259187
134 131 0.05933076
106 104 0.00191411
106 105 0.09000726
106 87 0.08281231
106 106 0.03564528
106 93 0.09189625
106 85 0.00234376
106 86 0.00365089
106 88 0.02902757
106 94 0.01834055
114 96 0.00079694
114 93 0.21269091
114 102 0.03347580
114 113 0.01497030
114 112 0.00488393
114 114 0.12740500
114 100 0.00073033
114 109 0.00058031
114 103 0.04488258
114 104 0.06582711
114 101 0.02403602
114 111 0.01787612
114 92 0.00405633
114 110 0.05435967
