114 113 0.01433686
114 115 0.02703713
114 116 0.04056122
114 114 0.83222284
114 117 0.00399453
46 46 0.70993260
150 153 0.87554613
59 59 0.55646433
4 4 0.35848214
7 7 0.81345594
45 45 0.40522262
58 58 0.63585034
62 62 0.64872445
60 60 0.81478032
55 55 0.41162849
103 104 0.00150800
103 103 0.98245648
124 125 0.01860732
124 126 0.05196262
124 124 0.20639399
124 122 0.00080434
124 127 0.05884581
120 118 0.00127194
120 120 0.22356603
120 121 0.15615307
120 123 0.18312452
120 119 0.00885570
120 122 0.04821866
52 52 0.50538644
9 9 0.95049791
104 105 0.00074241
104 104 0.89000445
65 66 0.00103731
65 65 0.85092766
77 78 0.00086224
77 77 0.63436112
119 117 0.00088501
119 119 0.13674162
119 122 0.02966568
119 120 0.06140917
119 118 0.01018984
119 121 0.04412420
30 30 0.84273979
49 49 0.24256303
71 71 0.79651537
71 72 0.00050853
83 83 0.42870402
83 84 0.00247649
88 87 0.00274018
88 89 0.00597502
88 88 0.25332741
143 146 0.71661357
27 27 0.78907317
25 25 0.67060253
135 138 0.54021761
35 35 0.39137439
96 96 0.30417195
53 53 0.64122541
53 54 0.00059272
12 12 0.79918374
121 124 0.06520619
121 120 0.00746334
121 121 0.19423641
121 123 0.03026081
121 119 0.00095144
121 122 0.10091709
95 95 0.37470847
67 67 0.62585299
90 90 0.59321870
90 89 0.03241856
90 91 0.04938241
74 74 0.75167873
102 102 0.96148988
102 103 0.00084142
79 80 0.00063042
79 79 0.43855804
78 78 0.57021445
78 79 0.00050744
134 137 0.42867183
134 135 0.00167018
16 16 0.36824718
69 69 0.52478656
54 54 0.52392187
94 94 0.16653008
94 93 0.00066365
80 81 0.00102659
80 80 0.42095371
20 20 0.81471046
139 142 0.52986732
56 56 0.39834407
113 114 0.02374772
113 115 0.01075813
113 116 0.00074685
113 113 0.86345087
137 140 0.55014172
50 50 0.67071033
29 29 0.84920299
10 10 0.94886636
152 155 0.67089681
153 156 0.96995900
15 15 0.52806989
92 93 0.00593601
92 92 0.69680179
92 91 0.02251508
148 151 0.90683623
73 73 0.78626998
99 99 0.30111558
17 17 0.40586388
110 110 0.29820125
57 57 0.67095036
64 64 0.71819279
97 97 0.31072173
70 70 0.46926816
23 23 0.88413219
117 120 0.03625192
117 118 0.08654107
117 117 0.15349548
117 119 0.13985569
117 116 0.00191907
115 117 0.12337417
115 114 0.02371777
115 116 0.06417526
115 115 0.53526724
115 118 0.01023889
26 26 0.76942894
112 114 0.00552790
112 113 0.00725397
112 112 0.28145716
43 43 0.28884820
147 150 0.86668483
86 86 0.54325497
86 85 0.00811786
86 87 0.05329864
5 5 0.23346390
51 51 0.62269514
61 61 0.24283919
100 100 0.72687980
98 98 0.20859966
84 84 0.44579693
84 85 0.00205879
40 40 0.78902012
91 92 0.01249612
91 90 0.03342345
91 91 0.64852699
38 38 0.83893889
22 22 0.93296337
144 147 0.83956284
81 81 0.47000529
81 82 0.00637989
18 18 0.47823389
6 6 0.05700564
11 11 0.94301005
146 149 0.80386727
34 34 0.72702612
8 8 0.93716770
75 75 0.68661150
75 76 0.00053729
142 145 0.55880593
149 152 0.90665496
24 24 0.73192181
41 41 0.78383150
127 127 0.17120106
127 128 0.00521666
127 130 0.18825452
127 129 0.04556575
141 144 0.50655678
133 134 0.01412026
133 133 0.00095868
133 136 0.70945375
28 28 0.74668266
66 67 0.00053218
66 66 0.72909348
72 73 0.00051025
72 72 0.82518476
37 37 0.74233528
19 19 0.82889015
48 48 0.50665343
63 63 0.66637766
42 42 0.64544110
122 124 0.07062155
122 120 0.00056597
122 125 0.24904406
122 121 0.00184209
122 123 0.06803582
122 122 0.15323478
116 118 0.03833711
116 117 0.04078663
116 119 0.01757144
116 116 0.30506471
116 115 0.00235491
85 85 0.25328339
85 86 0.00637005
85 84 0.00152944
128 130 0.02852447
128 128 0.15647341
128 129 0.00213196
128 131 0.35883783
138 141 0.56495581
87 87 0.63476553
87 88 0.05974368
87 86 0.00283765
33 33 0.51811045
132 135 0.50503122
132 132 0.00222603
132 133 0.00658579
106 106 0.77248014
105 105 0.23477493
47 47 0.43589206
125 123 0.00191557
125 127 0.04975989
125 125 0.23275199
125 126 0.02053982
125 128 0.15358037
151 154 0.49039884
131 131 0.01206130
131 132 0.02041384
131 134 0.61381333
131 133 0.00083566
36 36 0.27951550
76 77 0.00087839
76 76 0.73665709
111 111 0.28928299
111 112 0.00127954
13 13 0.06240873
140 143 0.44089276
93 93 0.86174914
93 92 0.01519859
3 3 0.26760998
108 108 0.30825311
1 1 0.35469071
126 127 0.01550015
126 129 0.23590987
126 126 0.25354129
126 128 0.04934555
126 124 0.00095400
14 14 0.36157972
145 148 0.73071746
109 109 0.31005592
101 101 0.30156621
123 123 0.17844222
123 125 0.05212515
123 121 0.00173730
123 124 0.02369232
123 126 0.15663060
68 68 0.67790704
21 21 0.85219328
31 31 0.27313976
89 89 0.37829324
89 88 0.00145202
89 90 0.00349265
107 107 0.37841733
130 131 0.01095980
130 132 0.00349257
130 133 0.43027669
130 130 0.04589899
136 139 0.68487839
2 2 0.28031038
129 132 0.38869176
129 131 0.00652905
129 129 0.11941797
129 130 0.00290719
82 82 0.59756974
82 83 0.01267161
44 44 0.61439626
39 39 0.83935554
32 32 0.43163274
118 120 0.17699323
118 118 0.26360975
118 121 0.10874678
118 117 0.01032566
118 119 0.16744155
