15 15 0.36498119
148 145 0.81627233
92 91 0.01116696
92 93 0.00565889
92 92 0.62704200
73 73 0.67585128
99 99 0.30463453
17 17 0.39283497
110 110 0.30198755
57 57 0.69532619
97 97 0.31685404
64 64 0.69832503
70 70 0.55634707
23 23 0.78223897
117 116 0.05207055
117 115 0.20810160
117 117 0.07596335
117 114 0.00200135
117 118 0.00255662
26 26 0.75446256
115 113 0.00807053
115 115 0.40434144
115 116 0.00088464
115 114 0.04298756
43 43 0.55439771
112 111 0.00173475
112 112 0.31005810
147 144 0.89701765
155 152 0.73043264
5 5 0.35210070
86 87 0.00120328
86 85 0.00333139
86 86 0.64678255
134 133 0.00742598
134 131 0.57976172
16 16 0.51849400
69 69 0.45059725
54 53 0.00088882
54 54 0.52344670
94 94 0.16997482
80 80 0.27788655
20 20 0.79022705
139 136 0.41702634
56 56 0.47717635
113 112 0.00928135
113 113 0.86871941
113 114 0.00529356
137 134 0.50805108
50 50 0.65346480
50 49 0.00059020
29 29 0.87485092
10 10 0.93894684
152 149 0.90375736
153 150 0.80284747
104 104 0.89402137
104 103 0.00156166
65 65 0.85748624
77 77 0.63200214
119 116 0.01157535
119 117 0.19467084
119 119 0.04594692
119 120 0.00354682
119 118 0.24864313
49 49 0.51896812
30 30 0.85471781
71 71 0.81113752
83 82 0.00583199
83 83 0.26509695
88 88 0.28785954
88 87 0.05399095
143 140 0.48746410
27 27 0.73412487
135 134 0.00128779
135 132 0.65074127
35 35 0.52365881
25 25 0.68059222
53 52 0.00082772
53 53 0.64321687
96 96 0.30836904
12 12 0.83829519
154 151 0.40404112
95 95 0.38034712
67 67 0.62853201
121 121 0.07593669
121 120 0.20975316
121 118 0.21415089
121 122 0.00062990
121 119 0.02189905
121 123 0.00087309
90 91 0.01090420
90 90 0.55301173
90 89 0.00175986
74 74 0.74382277
102 102 0.96811365
79 79 0.50244843
78 78 0.56493186
114 114 0.82280407
114 115 0.00880091
114 112 0.00562382
114 113 0.03480322
46 46 0.75522546
150 147 0.84038765
59 59 0.70736012
4 4 0.27846177
7 7 0.79768663
45 45 0.51978269
58 58 0.73615937
62 62 0.58620219
60 60 0.80806519
55 54 0.00050850
55 55 0.48368882
124 124 0.06732234
124 121 0.09260927
124 123 0.02983213
124 122 0.01471467
103 103 0.98910057
103 102 0.00085463
120 121 0.00317847
120 120 0.07742538
120 118 0.27344615
120 122 0.00054381
120 117 0.05012486
120 119 0.13304271
52 51 0.00072928
52 52 0.38451674
9 9 0.95029111
123 122 0.12291524
123 123 0.05388943
123 120 0.26810808
123 121 0.00280982
68 68 0.56409148
21 21 0.85911029
31 31 0.50948251
89 89 0.27174199
89 88 0.00302339
89 90 0.00935621
136 133 0.62602855
107 107 0.38430771
2 2 0.34278679
130 127 0.37855369
130 128 0.00271660
130 130 0.00461882
130 129 0.00072043
129 127 0.00314475
129 129 0.02732874
129 128 0.00189644
129 126 0.45822935
82 81 0.00669620
82 82 0.49888702
44 44 0.76154399
39 39 0.76541925
118 115 0.00639009
118 116 0.02127294
118 117 0.18171908
118 119 0.00228028
118 120 0.00064406
118 118 0.06194162
32 32 0.52864710
87 86 0.05369027
87 88 0.00102079
87 87 0.69332910
132 129 0.45720950
132 132 0.00149713
132 131 0.00550836
33 33 0.63223236
106 106 0.77893969
105 105 0.24968046
105 104 0.00079148
125 124 0.01399184
125 125 0.12771960
125 123 0.00790874
125 122 0.28675006
47 47 0.54969092
151 148 0.80504282
131 131 0.00829965
131 129 0.00051736
131 128 0.50146182
131 130 0.00083894
36 36 0.52189629
76 76 0.72626101
13 13 0.08714153
111 111 0.29401779
140 137 0.57843469
93 92 0.00548709
93 93 0.81746620
3 3 0.48466130
156 153 0.93538407
108 108 0.31411008
1 1 0.41549432
126 123 0.25733618
126 125 0.02598023
126 124 0.00337892
126 126 0.05311817
14 14 0.39756767
145 142 0.61354724
101 101 0.31830077
109 109 0.31602314
24 24 0.69034658
41 41 0.70164808
127 125 0.00339619
127 126 0.02337905
127 124 0.10039769
127 127 0.03750997
141 138 0.61305429
133 132 0.00237466
133 130 0.57024625
28 28 0.73962992
72 72 0.80510571
66 66 0.74068395
66 65 0.00079175
37 37 0.60792548
19 19 0.83829200
48 48 0.63132061
63 63 0.58462785
42 42 0.68557755
116 116 0.14329177
116 115 0.11161091
116 117 0.00059174
116 114 0.05054023
122 119 0.02909272
122 122 0.03116872
122 121 0.08250891
122 120 0.00375975
85 84 0.00079184
85 86 0.00233238
85 85 0.29490207
128 127 0.00263941
128 125 0.42560030
128 128 0.01498110
128 126 0.00292209
138 135 0.53980007
51 51 0.58533699
51 50 0.00069748
61 61 0.29697231
100 100 0.73083178
98 98 0.21136604
84 84 0.39857229
84 83 0.00075602
40 40 0.86133858
91 90 0.04864925
91 92 0.01058977
91 91 0.56670368
38 38 0.70867057
22 22 0.84154003
144 141 0.53127976
81 81 0.39270722
18 18 0.46909713
6 6 0.08262188
11 11 0.95129307
34 34 0.78312909
146 143 0.79132219
8 8 0.94042259
75 75 0.66891576
142 139 0.51402713
149 146 0.87086588
