22 22 0.56573600
108 108 0.98852900
157 157 0.99992900
21 21 0.99033100
105 105 0.80951400
16 16 0.72046400
20 20 0.70255500
32 32 0.99736800
95 95 0.98995700
41 41 0.97843900
41 42 0.00236668
41 40 0.00666886
94 94 0.98995700
17 17 0.68307200
19 19 0.79037800
56 56 0.98945500
63 63 0.98945800
83 83 0.98973900
138 138 0.98366300
138 139 0.00197872
29 29 0.99814100
29 27 0.00125873
123 124 0.17359100
123 123 0.38007500
98 98 0.98993500
156 156 0.99992600
155 155 0.99991800
145 145 0.84352300
107 107 0.77443000
40 42 0.00069374
40 41 0.00056843
40 40 0.98911000
40 39 0.00600134
116 116 0.80105100
116 117 0.16787600
144 144 0.20908900
86 86 0.98881900
149 148 0.00088140
149 149 0.99703800
122 122 0.53497700
122 123 0.38951200
147 147 0.53163100
57 57 0.98894900
57 58 0.00069964
88 88 0.98974200
64 64 0.98973700
58 58 0.98890700
51 51 0.85932300
51 50 0.00086043
35 35 0.84338900
143 143 0.89984600
77 77 0.98989700
52 51 0.00061757
52 52 0.73629000
131 133 0.00168104
131 132 0.72726800
131 130 0.00188732
131 131 0.25477200
53 53 0.98929900
72 72 0.98959700
4 4 0.96862300
4 3 0.01216320
125 124 0.00050380
125 125 0.33163200
125 126 0.39516500
129 128 0.00251170
129 130 0.72590300
129 129 0.25808400
78 78 0.98981400
37 37 0.89970500
73 73 0.98982300
2 1 0.01763150
2 2 0.96776100
89 89 0.98978700
114 115 0.03040040
114 114 0.54797000
111 112 0.00792211
111 111 0.75744300
36 36 0.20900100
1 1 0.97060100
69 69 0.98845700
69 68 0.00082752
11 11 0.76221800
137 138 0.01243490
137 136 0.00094955
137 137 0.90655600
26 26 0.99870600
38 38 0.92603900
87 87 0.98918900
55 55 0.98979500
5 4 0.00638887
5 5 0.97444000
71 71 0.98957000
158 158 0.99995400
150 150 0.99754900
150 149 0.00052875
140 140 0.99666100
142 142 0.92681900
6 5 0.00083031
6 6 0.74127700
39 41 0.00061653
39 38 0.00057555
39 39 0.99006300
151 151 0.99883900
128 128 0.28330200
128 127 0.00301639
128 129 0.70057700
27 27 0.99812100
50 49 0.00113530
50 50 0.89285600
93 93 0.98995700
92 92 0.98995600
79 79 0.98991400
139 139 0.99484000
90 90 0.98989000
76 76 0.98994000
45 46 0.00123605
45 45 0.98183800
45 44 0.00422324
100 100 0.98989200
66 66 0.98991200
109 109 0.98742400
109 110 0.00118898
18 18 0.99617500
82 82 0.98992500
68 68 0.98885700
110 110 0.98632900
110 111 0.00219680
136 136 0.42598000
136 137 0.08456810
136 135 0.00156760
113 114 0.02097600
113 113 0.66826600
8 8 0.90328000
74 74 0.98991500
96 96 0.98995500
133 134 0.70555700
133 135 0.00178466
133 133 0.26853200
133 136 0.00503694
133 132 0.00160880
30 28 0.00084613
30 30 0.99812400
160 160 0.99998900
134 135 0.63215000
134 133 0.00152280
134 134 0.27918700
134 137 0.00274109
134 136 0.00359894
23 23 0.81008200
103 103 0.98968900
62 62 0.98945700
33 33 0.53164400
49 50 0.00075372
49 48 0.00140575
49 49 0.95548600
24 24 0.84035400
28 26 0.00112347
28 28 0.99816400
148 147 0.00087851
148 148 0.99640000
146 146 0.84947500
85 86 0.00066614
85 85 0.98853300
132 132 0.25607400
132 131 0.00172031
132 133 0.71476300
132 134 0.00165204
31 31 0.99776800
106 106 0.62807800
9 9 0.86145500
84 84 0.98868600
84 85 0.00087512
127 127 0.30600600
127 128 0.67037400
127 126 0.00093872
46 45 0.00215707
46 46 0.98424200
46 47 0.00128487
80 80 0.98992800
25 25 0.99922100
118 119 0.07662000
118 118 0.39361800
126 125 0.00198196
126 126 0.30787200
126 127 0.65307300
59 59 0.98944000
43 42 0.00481933
43 44 0.00188585
43 43 0.98061300
81 81 0.98994300
99 99 0.98983900
117 118 0.24794700
117 117 0.68905100
42 42 0.97804400
42 41 0.00701853
42 43 0.00223204
70 69 0.00103678
70 70 0.98855900
119 120 0.20737000
119 119 0.56468100
13 13 0.74878500
120 121 0.12584700
120 120 0.59556400
3 3 0.62571400
3 2 0.01274990
14 14 0.84463200
91 91 0.98994300
12 12 0.95806800
154 154 0.99976300
159 159 0.99998300
153 153 0.99973100
44 43 0.00452764
44 44 0.98126600
44 45 0.00152876
104 104 0.98042200
135 138 0.00051968
135 137 0.00210275
135 136 0.56047600
135 134 0.00144000
135 135 0.35152300
112 112 0.82368900
112 113 0.01446820
115 115 0.71048500
115 116 0.08782380
47 46 0.00183787
47 48 0.00089420
47 47 0.73790200
60 60 0.98947100
101 101 0.98991200
67 67 0.98975800
15 15 0.80501100
152 152 0.99941700
61 61 0.98937600
48 49 0.00082942
48 47 0.00166948
48 48 0.98582800
124 124 0.45323500
124 123 0.00053298
124 126 0.00062208
124 125 0.51886700
34 34 0.84941300
7 7 0.79589300
141 141 0.99702300
130 129 0.00234534
130 131 0.72723500
130 130 0.25454900
130 132 0.00145056
75 75 0.98992700
121 122 0.34238700
121 121 0.54346000
54 54 0.98977000
102 102 0.98979800
97 97 0.98995400
65 65 0.98990600
10 10 0.74083100
