36 36 0.99990300
111 111 0.87060100
114 114 0.87236700
89 89 0.59119000
2 3 0.03065400
2 2 0.96853300
73 73 0.73754100
78 78 0.99983500
37 37 0.99997200
125 125 0.96542200
129 129 0.99939400
4 5 0.02088320
4 4 0.96925400
72 72 0.68857200
52 52 0.99958700
53 53 0.99969600
131 131 0.99943200
77 77 0.99991700
143 143 0.99935700
35 35 0.99984500
51 51 0.99945500
64 64 0.99891100
58 58 0.99654000
58 59 0.00125499
50 50 0.99952200
92 92 0.99995800
93 93 0.99995800
27 27 0.99998400
151 151 0.99994700
128 128 0.98860400
6 7 0.00254591
6 6 0.98689000
39 39 0.99991000
150 150 0.99984400
140 140 0.99996000
142 142 0.99935300
158 158 0.99983000
71 71 0.91867300
55 55 0.99980100
5 6 0.01232430
5 5 0.97816600
87 87 0.99993500
38 38 0.99997100
69 69 0.99995400
137 137 0.99987300
11 11 0.83296500
26 26 0.99996700
1 1 0.97282300
1 2 0.02673450
29 29 0.99998600
138 138 0.99997000
83 83 0.67401700
63 62 0.00104548
63 64 0.00089650
63 63 0.99732900
19 19 0.91543000
56 56 0.99945100
94 94 0.99995100
17 17 0.92759700
95 95 0.99990400
41 41 0.99975700
32 32 0.99990300
20 20 0.99997200
16 16 0.96866400
157 157 0.99970500
105 105 0.76264900
21 21 0.99997800
108 108 0.30522200
22 22 0.52515700
88 88 0.75529600
57 57 0.99908300
147 147 0.99960000
122 122 0.91714100
149 149 0.99976200
86 86 0.99991600
116 116 0.92237200
144 143 0.00050757
144 144 0.99922100
40 40 0.99986000
107 107 0.73907000
145 145 0.99948500
156 156 0.99956600
155 155 0.99970400
123 123 0.94222000
98 98 0.99993100
112 112 0.81957000
135 135 0.99980900
104 104 0.99995400
44 44 0.99995200
153 153 0.99971100
159 159 0.99996700
154 154 0.99976600
12 12 0.99988200
91 91 0.99994600
14 14 0.67997100
120 120 0.68748900
3 4 0.02987570
3 3 0.96832600
13 13 0.78076800
119 119 0.67246200
70 70 0.99996200
42 42 0.99990300
10 10 0.76438200
65 65 0.99967200
97 97 0.99993200
102 102 0.99989800
121 121 0.66545600
54 54 0.99977100
130 130 0.99944300
75 75 0.99996100
141 141 0.99983400
7 7 0.99723800
124 124 0.95928200
34 34 0.99980900
48 48 0.95923200
101 101 0.99993900
67 67 0.99969700
60 61 0.00182969
60 60 0.99387700
60 59 0.00346348
15 15 0.99992600
152 152 0.99992600
61 62 0.00145475
61 60 0.00273997
61 61 0.99508800
47 47 0.99949400
115 115 0.88131100
103 103 0.99993000
62 63 0.00145481
62 61 0.00193861
62 62 0.99644300
23 23 0.51391700
133 133 0.99969900
134 134 0.99965300
30 30 0.99998500
160 160 0.99998700
96 96 0.99983000
74 74 0.99996300
113 113 0.78414600
8 8 0.99938400
136 136 0.99973800
68 68 0.99993000
110 110 0.94288300
18 18 0.99997200
82 82 0.27988200
109 109 0.96622200
100 100 0.99990500
66 66 0.99974800
45 45 0.99995600
76 76 0.99996100
79 79 0.99993600
139 139 0.99998000
90 90 0.99984800
99 99 0.99984600
117 117 0.82925700
81 81 0.73754200
43 43 0.99994600
59 58 0.00200041
59 59 0.99402100
59 60 0.00222473
126 126 0.97356200
46 46 0.99984500
80 80 0.99995100
25 25 0.99995900
118 118 0.17388400
127 127 0.97366700
9 9 0.99971900
84 84 0.99989100
31 31 0.99997400
106 106 0.77945300
85 85 0.99991900
132 132 0.99967100
24 24 0.99996700
146 146 0.99954400
28 28 0.99998600
148 148 0.99984300
49 49 0.99941800
33 33 0.99974000
