97 93 0.00507212
97 107 0.01737720
97 94 0.49466963
97 108 0.01138242
97 106 0.00153398
74 85 0.00973440
74 83 0.01795465
74 69 0.02900648
74 72 0.00980266
74 71 0.68729608
14 9 0.00284012
14 10 0.00273718
14 13 0.04827119
14 14 0.01390866
14 12 0.00130293
14 20 0.00332443
14 18 0.00110936
14 11 0.03968835
14 8 0.00421047
14 16 0.03157352
14 17 0.00447333
14 15 0.01095158
14 19 0.00848523
94 104 0.03018010
94 105 0.00192953
94 90 0.12786268
94 91 0.71560908
65 63 0.00092851
65 76 0.03274583
65 62 0.61778203
109 109 0.10308625
109 117 0.00072345
109 107 0.02252951
109 106 0.58535318
109 120 0.00072060
109 119 0.00846375
109 108 0.01172032
109 104 0.00205233
109 105 0.07557746
109 116 0.00693941
111 107 0.05713111
111 118 0.00213350
111 110 0.00404852
111 109 0.05536489
111 111 0.16011307
111 122 0.00209732
111 108 0.52739809
111 119 0.00296013
111 120 0.00050452
111 106 0.00522261
111 121 0.00209926
124 122 0.05535200
124 121 0.04078056
124 124 0.40415316
124 130 0.00333432
52 63 0.00123821
52 51 0.00268043
52 49 0.47837901
40 37 0.13586534
40 40 0.08403896
40 51 0.01739833
17 14 0.32727020
17 12 0.00208933
17 13 0.01014938
17 11 0.00155207
17 20 0.00769439
17 18 0.07911755
17 16 0.06748356
17 15 0.00282240
17 19 0.01991869
17 17 0.00972773
71 67 0.00287460
71 68 0.63424311
71 66 0.00062763
71 82 0.01749274
71 69 0.00177720
71 80 0.00051015
51 48 0.43184863
46 45 0.00584923
46 46 0.00299805
46 57 0.00086121
46 43 0.46838478
98 108 0.01151333
98 109 0.00996288
98 95 0.30026766
98 107 0.00182896
98 94 0.00648579
120 129 0.00361348
120 118 0.04189281
120 117 0.08705430
120 114 0.00066576
120 127 0.00413532
120 120 0.42869304
120 115 0.00062272
120 113 0.00589882
120 126 0.02176359
120 128 0.00067870
120 116 0.00817517
20 30 0.00081537
20 21 0.08887019
20 20 0.01169559
20 18 0.00258915
20 23 0.00644457
20 14 0.00160579
20 13 0.00245854
20 19 0.05398267
20 15 0.00904770
20 22 0.01261956
20 17 0.09171885
20 16 0.00518237
69 65 0.00133773
69 64 0.00078835
69 80 0.00411904
69 78 0.00095839
69 66 0.44615205
70 81 0.02280116
70 79 0.00320313
70 65 0.00077363
70 67 0.65972674
70 68 0.00111730
129 127 0.25402551
129 122 0.00131137
129 125 0.00119802
129 132 0.00074578
129 129 0.43421249
129 128 0.00112933
129 134 0.00522024
129 126 0.08885387
129 123 0.00961695
129 130 0.00823741
129 133 0.00197517
50 61 0.00088602
50 47 0.36349601
50 49 0.00099809
62 61 0.00339841
62 73 0.00243738
62 59 0.47265148
86 82 0.06593716
86 95 0.02167366
86 96 0.00215448
86 97 0.00140089
86 83 0.32982688
24 17 0.00124606
24 26 0.00459121
24 22 0.01387992
24 25 0.02382063
24 19 0.00432055
24 27 0.00839195
24 23 0.04349807
24 20 0.01176016
24 18 0.00239852
24 21 0.11102057
24 34 0.00078526
24 24 0.00557642
8 3 0.00085217
8 5 0.11207773
8 6 0.00598613
8 8 0.22522029
8 11 0.00080568
8 7 0.00418040
8 9 0.00923270
8 10 0.01195432
137 135 0.06453561
137 138 0.00386685
137 136 0.00683143
137 132 0.00072208
137 137 0.40094406
137 134 0.00462415
57 68 0.01408898
57 54 0.32085256
5 5 0.45507810
5 3 0.00205805
5 8 0.01726387
5 7 0.00260610
5 6 0.00870907
5 4 0.00183620
5 10 0.00730639
5 9 0.00136653
5 2 0.02150868
55 66 0.00437426
55 51 0.00119302
55 52 0.77865007
121 130 0.00171432
121 121 0.44369091
121 128 0.00271260
121 117 0.00490760
121 118 0.09230434
121 120 0.00050252
121 119 0.04473221
121 127 0.02516632
121 114 0.00346249
26 29 0.01441309
26 25 0.02104096
26 22 0.01397549
26 19 0.00131742
26 26 0.00263390
26 28 0.00273584
26 27 0.04386322
26 36 0.00085461
26 23 0.10671644
26 37 0.00064324
26 24 0.02146253
26 20 0.00137476
26 21 0.00428593
68 63 0.00259501
68 77 0.00059990
68 64 0.00053586
68 65 0.56584239
68 79 0.02310867
130 130 0.52600257
130 123 0.00107218
130 126 0.00086288
130 134 0.00100800
130 124 0.01008999
130 128 0.26443091
130 136 0.00052174
130 132 0.00080121
130 131 0.00301724
130 129 0.00097184
130 135 0.00107346
130 127 0.07472295
19 18 0.00558166
19 20 0.08070093
19 21 0.01416556
19 12 0.00217000
19 14 0.00787444
19 13 0.00195299
19 22 0.00711993
19 15 0.00910411
19 19 0.00743059
19 17 0.00479375
19 16 0.07238591
47 47 0.09671945
47 58 0.00074234
47 44 0.26693403
47 46 0.00729265
119 129 0.00081929
119 117 0.03969615
119 125 0.01838429
119 127 0.00082561
119 119 0.41529037
119 112 0.01228525
119 115 0.01722498
119 116 0.09708250
119 128 0.00358148
119 126 0.00507752
140 140 0.59087027
140 138 0.00340338
140 139 0.00102225
79 76 0.29950275
79 90 0.00491061
79 75 0.00078396
79 88 0.02264315
79 74 0.00374528
45 56 0.00096422
45 45 0.00100975
45 42 0.47387283
45 44 0.00377443
23 25 0.00748713
23 22 0.05545145
23 19 0.00689570
23 17 0.00152288
23 26 0.00601105
23 16 0.00213389
23 24 0.00283484
23 18 0.00203781
23 20 0.33094097
23 21 0.01128501
23 23 0.00808614
23 33 0.00075430
18 12 0.00276278
18 14 0.00989624
18 13 0.00257628
18 11 0.00149252
18 21 0.00768677
18 18 0.00817061
18 20 0.01756009
18 16 0.00281484
18 15 0.19790802
18 19 0.06370126
18 28 0.00054754
18 17 0.03178496
39 38 0.00052288
39 39 0.12309378
39 50 0.00454320
39 36 0.25882124
80 89 0.00420545
80 91 0.00480323
80 76 0.00270967
80 77 0.51184686
44 43 0.00373080
44 55 0.00078482
44 41 0.12956683
44 44 0.02881672
29 24 0.00351559
29 30 0.16643244
29 39 0.00066241
29 31 0.00213650
29 32 0.00774948
29 23 0.00064479
29 27 0.00618493
29 25 0.00374249
29 22 0.00161138
29 26 0.30156942
29 28 0.02431006
29 40 0.00926164
128 126 0.16454277
128 134 0.00564715
128 124 0.00193436
128 128 0.43115347
128 121 0.00282357
128 133 0.00295096
128 122 0.00729283
128 127 0.00126500
128 125 0.09508509
128 129 0.01341387
128 131 0.00050931
128 132 0.00185953
116 125 0.00249312
116 114 0.02462891
116 122 0.00689160
116 111 0.00142090
116 109 0.00404163
116 110 0.00137133
116 116 0.42708021
116 113 0.32561564
116 123 0.00092508
116 112 0.03833852
116 115 0.00357384
105 105 0.02342109
105 102 0.61996946
105 116 0.00971715
105 113 0.00717158
105 104 0.01268702
105 112 0.00547895
105 103 0.01529165
105 115 0.00759758
105 101 0.09359826
16 18 0.00200121
16 11 0.00102315
16 9 0.00075548
16 13 0.31147315
16 10 0.00427568
16 23 0.00090998
16 12 0.01564379
16 14 0.00323823
16 26 0.00148896
16 17 0.06103395
16 19 0.00180383
16 15 0.07184274
16 25 0.00172426
16 16 0.01001740
103 99 0.04847646
103 111 0.00596835
103 110 0.00059282
103 101 0.00455836
103 114 0.00852888
103 100 0.58121857
103 103 0.00790783
103 102 0.00088398
103 113 0.00340628
92 88 0.05147381
92 89 0.38666134
92 102 0.00966975
61 60 0.00133875
61 58 0.36699044
35 35 0.09422453
35 32 0.29057555
35 36 0.17582386
35 33 0.01415063
35 34 0.02294501
35 30 0.00089578
35 31 0.00802239
35 46 0.01858601
107 104 0.57484668
107 103 0.00844425
107 115 0.00665373
107 105 0.03767193
107 117 0.00778989
107 107 0.03149211
107 118 0.00644117
107 106 0.01785030
107 114 0.00580332
41 42 0.00758667
41 41 0.27028111
41 52 0.02469125
41 38 0.51089564
101 100 0.00113678
101 112 0.00936302
101 110 0.00171700
101 109 0.00112762
101 111 0.00905961
101 99 0.00091326
101 101 0.01448355
101 97 0.10274504
101 98 0.55709821
101 108 0.00071021
30 24 0.00368155
30 41 0.00468386
30 31 0.14122068
30 23 0.00147809
30 27 0.33988010
30 33 0.00311196
30 25 0.00430161
30 28 0.01532043
30 26 0.01090355
30 40 0.00059121
30 29 0.02966864
136 136 0.40027592
136 135 0.00163365
136 133 0.00375675
136 137 0.00190496
136 134 0.09037775
95 105 0.02871765
95 91 0.06897186
95 104 0.00077301
95 92 0.49716204
95 106 0.00294816
134 133 0.00062535
134 134 0.46304537
134 128 0.01316426
134 132 0.24856384
134 131 0.02200302
134 135 0.00750367
72 68 0.00097567
72 67 0.02201074
72 70 0.00867673
72 69 0.49297656
72 81 0.00823911
72 83 0.00420340
67 78 0.02515823
67 64 0.65050286
67 62 0.00146777
28 29 0.26665266
28 28 0.00143429
28 26 0.00503063
28 22 0.00282065
28 25 0.18368539
28 38 0.01760659
28 27 0.03344635
28 23 0.00465716
28 31 0.01460086
28 21 0.00183096
28 39 0.00065300
28 30 0.00298087
28 24 0.01012086
77 74 0.48713145
77 88 0.00499137
77 86 0.01104689
77 73 0.00127918
77 72 0.08862845
77 75 0.00451527
33 31 0.03664351
33 44 0.02944502
33 34 0.23884247
33 30 0.41131272
33 33 0.00270144
33 27 0.00137811
33 32 0.02192317
33 28 0.00094428
33 26 0.00073835
33 43 0.00579249
33 29 0.00876267
83 94 0.00300616
83 80 0.80296426
83 79 0.12097761
83 92 0.02893837
83 78 0.00697617
2 5 0.00436827
2 4 0.00336988
2 2 0.85215182
2 1 0.00121631
84 93 0.00108667
84 80 0.00068634
84 95 0.00233092
84 81 0.42777351
37 38 0.00784905
37 33 0.00290225
37 48 0.01918049
37 37 0.00581888
37 35 0.00146634
37 47 0.00270580
37 36 0.01287224
37 34 0.49891712
9 9 0.13896973
9 10 0.00892348
9 4 0.00133718
9 6 0.09564207
9 11 0.02170145
9 7 0.00141330
9 8 0.00953305
12 6 0.00503012
12 8 0.00225775
12 11 0.04956583
12 10 0.00753735
12 13 0.05939084
12 9 0.16256861
12 14 0.03283555
12 12 0.08738230
4 6 0.00301336
4 2 0.00341402
4 1 0.01220404
4 4 0.65850249
4 3 0.00190768
4 5 0.00229291
138 133 0.00069883
138 134 0.00182069
138 137 0.00410709
138 136 0.01451534
138 139 0.00216031
138 138 0.49189787
138 135 0.00066784
99 96 0.44820019
99 95 0.02062244
99 99 0.00364427
99 109 0.00378349
99 110 0.00089439
49 49 0.00151536
49 47 0.00061676
49 46 0.47984160
113 113 0.20987235
113 121 0.00061493
113 112 0.00182334
113 123 0.00753801
113 108 0.00258999
113 122 0.00125461
113 106 0.00168146
113 120 0.01310669
113 119 0.00151825
113 107 0.00089852
113 111 0.19090419
113 109 0.04922251
113 110 0.35672227
78 89 0.00074045
78 74 0.00206206
78 73 0.01947393
78 75 0.52886787
78 87 0.01948365
100 100 0.01384872
100 97 0.51283099
100 108 0.00080047
100 98 0.00132495
100 96 0.10830669
100 107 0.00067799
100 111 0.00932576
100 99 0.00101352
100 110 0.01080966
100 109 0.00185455
115 122 0.01400011
115 114 0.00290280
115 108 0.00321341
115 125 0.00495219
115 110 0.00669091
115 109 0.00064595
115 111 0.04075741
115 124 0.00231973
115 113 0.04506240
115 121 0.00315970
115 115 0.40575368
115 112 0.32439087
82 78 0.05624516
82 91 0.02813132
82 93 0.00312352
82 77 0.01186924
82 79 0.60727628
108 105 0.56964578
108 116 0.00229889
108 104 0.01913963
108 115 0.00661141
108 119 0.00276110
108 106 0.02718898
108 108 0.09186955
108 118 0.00641496
108 107 0.02120544
10 5 0.00093415
10 15 0.00763223
10 12 0.02695253
10 14 0.00051687
10 4 0.00089988
10 13 0.00287132
10 10 0.16544377
10 9 0.02932471
10 8 0.00300028
10 7 0.06229174
10 11 0.01741716
13 14 0.00788158
13 12 0.03817034
13 10 0.26233863
13 13 0.01545546
13 9 0.00329425
13 7 0.00112544
13 8 0.00241490
13 11 0.00166668
13 18 0.00073291
13 16 0.00367410
13 19 0.00057636
13 15 0.03287091
13 17 0.00087843
135 134 0.00232690
135 133 0.22355553
135 135 0.43313665
135 136 0.01932808
135 132 0.01197002
135 129 0.00129176
81 78 0.38895907
81 90 0.02803174
81 76 0.00121371
81 77 0.00165797
81 92 0.00401009
31 28 0.35583261
31 26 0.00262099
31 25 0.00325625
31 29 0.02666319
31 41 0.00185365
31 24 0.00123542
31 30 0.04553551
31 42 0.02352353
31 32 0.09536394
31 27 0.01039211
60 71 0.01130129
60 57 0.38350127
131 127 0.00069023
131 125 0.01066142
131 129 0.28575088
131 131 0.52720472
131 132 0.00660743
131 136 0.00129461
131 128 0.01588353
131 124 0.00090249
131 134 0.00058799
131 133 0.00082528
131 130 0.00230868
21 24 0.00667300
21 31 0.00096808
21 18 0.28260404
21 20 0.04945566
21 21 0.01354114
21 14 0.00246149
21 23 0.01226777
21 22 0.33148702
21 19 0.00587553
21 15 0.00143242
21 17 0.00484331
21 16 0.00751791
132 133 0.00905907
132 130 0.25048778
132 126 0.01142113
132 134 0.00091456
132 137 0.00079085
132 131 0.00057485
132 129 0.01362044
132 132 0.52731848
132 125 0.00066838
110 121 0.00412954
110 105 0.00243124
110 106 0.06918655
110 120 0.00115913
110 108 0.02790322
110 109 0.00547925
110 110 0.13780942
110 117 0.00111437
110 107 0.51255706
110 118 0.00423148
7 5 0.00144782
7 8 0.00454346
7 7 0.37435871
7 6 0.00293839
7 4 0.08898780
7 12 0.01967213
7 9 0.00846526
7 10 0.01162351
11 5 0.00420928
11 16 0.00052493
11 6 0.00283848
11 11 0.10954278
11 7 0.00063098
11 8 0.16744987
11 10 0.05309618
11 13 0.00303997
11 9 0.01312944
11 12 0.02171232
126 132 0.02109906
126 127 0.00185592
126 122 0.00324534
126 125 0.00074009
126 119 0.00441597
126 120 0.00352501
126 133 0.00236050
126 123 0.08113329
126 124 0.14110685
126 126 0.46699734
90 100 0.03295882
90 87 0.57773649
90 86 0.12891052
90 99 0.00053437
93 89 0.00063503
93 90 0.40834110
93 103 0.00381283
112 105 0.00060436
112 121 0.00108022
112 112 0.16446232
112 123 0.00066657
112 122 0.00700603
112 108 0.05555948
112 119 0.00984200
112 120 0.00120610
112 106 0.00057338
112 107 0.00840723
112 118 0.00104730
112 110 0.14578689
112 109 0.40034529
112 111 0.00208410
63 62 0.00462583
63 60 0.52212077
63 74 0.03619112
56 53 0.74548838
56 67 0.03639114
56 52 0.00072412
133 133 0.52978279
133 130 0.04724678
133 134 0.01665481
133 126 0.00064068
133 131 0.34585496
133 132 0.00052043
133 127 0.01252112
123 120 0.04222364
123 129 0.02534240
123 121 0.00778753
123 123 0.39505037
123 130 0.00065905
22 16 0.00126304
22 22 0.00991143
22 25 0.00438973
22 19 0.37308215
22 15 0.00240205
22 17 0.00751653
22 32 0.01820089
22 23 0.01198601
22 24 0.00890397
22 31 0.00417255
22 20 0.00689859
22 18 0.00292652
22 21 0.06143738
114 123 0.00157735
114 112 0.17184040
114 121 0.01356806
114 124 0.00630820
114 113 0.00224224
114 111 0.26031537
114 110 0.04154180
114 109 0.00769980
114 107 0.00296733
114 120 0.00226648
114 114 0.20953449
127 123 0.00269968
127 133 0.00964627
127 121 0.00444787
127 134 0.00156633
127 126 0.00235039
127 124 0.15134002
127 128 0.00802222
127 132 0.00223586
127 131 0.00091437
127 120 0.00431389
127 127 0.54867698
127 125 0.18067453
58 55 0.42934818
106 117 0.00943860
106 106 0.05090290
106 114 0.00707147
106 104 0.04243584
106 103 0.65545125
106 102 0.07958443
106 105 0.02250477
106 116 0.00757534
106 113 0.00558520
139 134 0.00068954
139 137 0.02114151
139 133 0.00267337
139 139 0.56669841
139 138 0.00474319
142 142 0.98252544
142 138 0.00291295
36 34 0.00530566
36 35 0.01677701
36 47 0.01986953
36 32 0.00163277
36 36 0.10005225
36 33 0.36866071
36 37 0.00310410
96 106 0.01883777
96 107 0.01085038
96 93 0.09459371
96 105 0.00065948
96 92 0.00300595
141 139 0.00108608
141 141 0.64854309
141 137 0.00417880
43 42 0.00372853
43 44 0.00174967
43 40 0.27855197
43 43 0.17115179
43 54 0.00879832
75 84 0.01509874
75 86 0.00688029
75 70 0.03736576
75 73 0.01182050
75 72 0.72766891
75 71 0.00699530
3 8 0.00096269
3 6 0.00777124
3 4 0.00091773
3 1 0.00058289
3 2 0.00123590
3 5 0.00414182
3 3 0.82756601
102 112 0.00812447
102 100 0.00170301
102 102 0.02988603
102 113 0.00655093
102 99 0.73246879
102 110 0.00141454
102 109 0.00087614
102 101 0.00081145
102 98 0.07051611
76 87 0.00124710
76 71 0.07406569
76 72 0.00646266
76 73 0.54958461
76 85 0.02188813
76 74 0.00954027
66 77 0.00515464
66 63 0.46579073
66 65 0.00064223
66 62 0.00077790
104 112 0.00685926
104 115 0.00947981
104 103 0.00254527
104 100 0.07658944
104 104 0.00973336
104 102 0.00687217
104 101 0.61957313
104 111 0.00198897
104 114 0.00286411
122 118 0.00160327
122 129 0.00257591
122 119 0.04827508
122 120 0.04757745
122 122 0.40432031
122 115 0.00123014
122 128 0.01874766
48 48 0.00161416
48 45 0.14090054
48 47 0.00707478
48 59 0.02469876
1 4 0.00276937
1 1 0.89904807
125 123 0.18551584
125 131 0.01792841
125 132 0.00363411
125 122 0.05718141
125 125 0.42879523
125 119 0.00060383
27 28 0.14157379
27 26 0.01411176
27 22 0.00423997
27 38 0.00153454
27 25 0.00265304
27 29 0.00350975
27 21 0.00068146
27 20 0.00179507
27 24 0.08515432
27 30 0.01429811
27 37 0.01345958
27 23 0.00413399
27 27 0.00151997
89 100 0.00057050
89 85 0.12892153
89 98 0.00275674
89 99 0.03015829
89 86 0.45959051
85 81 0.05123409
85 94 0.00675075
85 96 0.00170267
85 95 0.00100006
85 82 0.41159720
32 29 0.43918621
32 43 0.02866772
32 25 0.00091201
32 26 0.00264264
32 28 0.00818214
32 27 0.00133299
32 42 0.00657154
32 32 0.00057244
32 33 0.00685194
32 30 0.03861315
32 31 0.04725258
42 39 0.19344068
42 41 0.00239226
42 53 0.00146863
42 42 0.16628954
6 5 0.00100568
6 3 0.07321938
6 4 0.00155134
6 7 0.01379896
6 8 0.00522768
6 6 0.52952835
64 62 0.00099538
64 61 0.55783287
64 63 0.00189479
118 125 0.00741956
118 114 0.01963366
118 127 0.00077353
118 118 0.40520268
118 111 0.01321630
118 117 0.00180573
118 116 0.04088318
118 124 0.00217525
118 128 0.00138773
118 115 0.21575254
88 85 0.47334171
88 97 0.00498358
88 98 0.02788692
88 84 0.12870968
88 99 0.00114071
53 64 0.01257491
53 50 0.41855386
53 52 0.00149281
53 51 0.00082670
117 126 0.00306215
117 113 0.02648929
117 124 0.00072064
117 116 0.00231730
117 115 0.02243854
117 123 0.00953963
117 114 0.29750713
117 125 0.00057042
117 110 0.00451788
117 117 0.49529891
117 111 0.00093097
34 44 0.00501212
34 31 0.32980564
34 34 0.05081441
34 30 0.00811220
34 33 0.02475936
34 32 0.01737875
34 45 0.01414777
34 35 0.20501215
34 29 0.00107011
73 82 0.01315852
73 71 0.01017731
73 68 0.03001272
73 69 0.00247283
73 70 0.36500616
73 84 0.00289615
91 88 0.35796622
91 101 0.02486612
91 87 0.06634607
59 70 0.00077708
59 56 0.42239161
54 51 0.17698928
54 65 0.01250042
25 28 0.00422234
25 26 0.13272666
25 22 0.23234828
25 25 0.00143110
25 19 0.00337153
25 18 0.00223632
25 20 0.00707741
25 21 0.01626884
25 24 0.03941735
25 27 0.00101610
25 35 0.03491207
25 23 0.01664543
38 49 0.02189578
38 34 0.00081922
38 39 0.00573684
38 36 0.00052309
38 35 0.46534782
38 37 0.00129654
38 38 0.10291857
87 97 0.00591124
87 98 0.00115900
87 84 0.54429370
87 83 0.12801832
87 96 0.02671898
15 23 0.00087908
15 12 0.26660489
15 14 0.07250055
15 9 0.00553441
15 13 0.00197189
15 10 0.00112675
15 11 0.01141439
15 24 0.00063316
15 8 0.00064534
15 21 0.00290496
15 20 0.00640871
15 18 0.00325781
15 16 0.03352088
15 15 0.01048961
15 19 0.00070724
15 22 0.00186360
15 17 0.02486935
