104 103 0.02380324
104 105 0.03170146
104 106 0.00085000
104 104 0.79432121
14 14 0.70172116
14 15 0.00122712
14 13 0.00163939
14 16 0.01013133
14 12 0.04745424
41 40 0.00309467
41 41 0.58522470
41 43 0.00443806
41 39 0.00131222
41 42 0.00090852
56 52 0.00096967
56 59 0.00056715
56 53 0.00418661
56 54 0.00358565
56 55 0.00102659
56 56 0.50299884
56 58 0.00076560
100 101 0.00922498
100 100 0.69357447
100 99 0.00800801
127 125 0.00108926
127 129 0.00067742
127 127 0.60454664
127 128 0.03164340
127 126 0.01933438
77 78 0.02223302
77 77 0.56144514
77 76 0.01073603
77 74 0.01891783
77 79 0.02173670
77 80 0.00679245
77 75 0.04742384
108 106 0.00098296
108 108 0.73147443
108 109 0.01464111
108 107 0.02754588
1 3 0.00064049
1 1 0.57386039
1 2 0.00226092
105 106 0.02417212
105 104 0.03094658
105 105 0.71198654
42 42 0.44271321
42 44 0.00714980
42 36 0.00204967
42 41 0.00876752
42 43 0.00164188
42 40 0.00158352
75 74 0.01952117
75 77 0.04740083
75 78 0.01152024
75 76 0.00882988
75 72 0.00549688
75 75 0.48604705
75 73 0.02213311
38 37 0.04189327
38 36 0.04648220
38 38 0.40761330
140 140 0.47207982
140 139 0.00145142
140 141 0.00238208
58 60 0.00810604
58 58 0.22199289
58 56 0.00146215
58 55 0.00494214
98 98 0.57134878
98 99 0.00097804
40 38 0.00325486
40 39 0.00743079
40 40 0.31040113
111 112 0.00950348
111 110 0.01373039
111 111 0.58853741
84 81 0.00341091
84 84 0.55445910
84 83 0.03312964
84 85 0.00654539
18 18 0.45072898
18 16 0.04143965
18 17 0.00095351
18 19 0.00056755
18 11 0.00099238
18 20 0.00712636
95 95 0.66138923
95 96 0.00053886
125 125 0.76265806
125 124 0.00677473
125 127 0.00078110
125 123 0.01092626
125 126 0.01179146
116 117 0.00063781
116 115 0.00074752
116 116 0.63353711
28 28 0.46391711
28 26 0.02694480
28 30 0.00836781
86 86 0.61572582
86 85 0.00090150
16 18 0.00759788
16 16 0.54966838
16 15 0.00131122
16 17 0.00077733
16 14 0.04767231
44 46 0.02247126
44 43 0.00519931
44 44 0.43246425
44 42 0.04633137
44 45 0.00452849
107 107 0.71141039
107 106 0.00575829
107 108 0.02817912
80 82 0.00153967
80 83 0.00530874
80 80 0.59113877
80 79 0.02401829
80 81 0.03635714
80 77 0.00787681
80 78 0.02246529
83 81 0.00253560
83 84 0.03180578
83 80 0.00563359
83 83 0.56210324
83 82 0.00470256
138 139 0.01014570
138 137 0.05074329
138 138 0.33249693
12 12 0.64858274
12 14 0.00946216
12 11 0.00053636
12 10 0.00345259
101 100 0.00901024
101 101 0.72030193
101 102 0.01005736
26 28 0.00712315
26 24 0.00314987
26 27 0.00051384
26 26 0.76126733
37 37 0.81569804
37 35 0.04649803
37 31 0.00280790
37 36 0.05560640
37 39 0.00749356
68 65 0.00569128
68 69 0.00144347
68 68 0.71605016
68 66 0.00053494
68 70 0.00056117
20 20 0.37233773
20 22 0.01004835
20 18 0.03828873
20 13 0.00120303
29 29 0.26315284
29 28 0.00071939
29 31 0.00125079
29 27 0.03892971
5 5 0.40569745
5 3 0.00175948
5 4 0.00522553
5 6 0.01421390
76 74 0.03351424
76 77 0.01018277
76 78 0.03915902
76 76 0.48025198
76 75 0.00889140
76 79 0.01092629
76 73 0.00717747
123 122 0.00171259
123 123 0.76258024
123 124 0.00196190
123 125 0.00109057
123 121 0.01253860
50 44 0.00406973
50 50 0.46568574
50 52 0.00666048
50 46 0.00067401
50 48 0.00580569
4 5 0.00220665
4 3 0.04227823
4 4 0.39382077
36 36 0.81131897
36 38 0.00749286
36 30 0.00152699
36 35 0.05921930
36 34 0.00305830
36 29 0.00088093
36 37 0.00051507
47 45 0.08048837
47 47 0.72596685
47 49 0.01225581
47 41 0.00213179
47 46 0.00423732
21 21 0.29290039
21 23 0.00270290
21 19 0.03956089
21 20 0.00056956
21 14 0.00318283
119 119 0.84105309
119 121 0.00074161
119 117 0.00264850
130 130 0.42997549
130 129 0.05971302
130 128 0.00065532
130 131 0.05089785
61 58 0.00062018
61 62 0.00056161
61 60 0.00300423
61 64 0.00063115
61 61 0.67588229
61 59 0.00457392
61 63 0.00611678
87 87 0.80671301
91 91 0.70246701
39 38 0.02757761
39 39 0.21405943
39 37 0.04648470
59 61 0.00832073
59 56 0.00508383
59 57 0.00123403
59 59 0.32040620
57 56 0.00098222
57 57 0.31509485
57 55 0.00155857
57 54 0.00446600
57 53 0.00070604
57 59 0.00087886
46 46 0.56759996
46 48 0.01535174
46 44 0.05787465
46 45 0.00506209
46 47 0.00375052
99 100 0.00819741
99 98 0.00095499
99 99 0.70954069
128 129 0.04468880
128 127 0.05142798
128 128 0.40595282
128 126 0.00455724
66 63 0.00566067
66 65 0.00050290
66 64 0.00071557
66 66 0.57676969
126 124 0.00368410
126 125 0.01419535
126 126 0.57659703
126 128 0.00089814
126 127 0.01927894
122 120 0.01073128
122 121 0.00157493
122 124 0.00081564
122 122 0.73234934
122 123 0.00135370
88 88 0.72173970
133 132 0.03851824
133 134 0.04347440
133 133 0.49141860
133 135 0.00069389
135 134 0.06823739
135 136 0.04553185
135 133 0.00076971
135 135 0.65417153
135 137 0.00073127
114 114 0.77934480
114 115 0.00192067
114 113 0.00330437
71 68 0.00495239
71 70 0.00616495
71 71 0.75446381
71 72 0.01839010
71 73 0.00623422
71 69 0.00109241
33 32 0.01122521
33 34 0.00089940
33 31 0.02840631
33 33 0.28140314
33 26 0.00220449
72 74 0.00337629
72 71 0.01869198
72 70 0.00114260
72 72 0.67483363
72 75 0.00110614
72 73 0.02129274
72 69 0.00359848
30 28 0.04467738
30 32 0.00297142
30 29 0.00245368
30 23 0.00310683
30 30 0.28372285
30 31 0.00073472
23 22 0.00062603
23 21 0.00863797
23 16 0.00479645
23 23 0.33708212
23 25 0.00115810
23 20 0.00059701
43 44 0.00078649
43 42 0.01368848
43 43 0.35336955
43 41 0.02792730
43 37 0.00326008
121 120 0.00060626
121 121 0.81580713
121 119 0.00506326
121 123 0.00084373
121 122 0.00129726
70 68 0.00062630
70 71 0.00607751
70 70 0.57136242
70 72 0.00103167
70 69 0.00457079
96 95 0.00052345
96 96 0.73170031
25 27 0.00622873
25 18 0.00346416
25 23 0.00278114
25 25 0.34027415
117 117 0.62110203
117 118 0.00052875
117 116 0.00064366
120 120 0.89398462
120 118 0.00609801
120 119 0.00052834
120 122 0.00079425
92 92 0.69481949
22 22 0.53362646
22 21 0.00061318
22 20 0.04477596
22 24 0.00615973
22 19 0.00054723
131 129 0.00071438
131 130 0.07879251
131 131 0.40119055
131 132 0.04497539
55 52 0.00390480
55 53 0.00350945
55 54 0.00109524
55 51 0.00121599
55 55 0.56641045
55 57 0.00080824
55 56 0.00050890
55 58 0.00054219
32 32 0.28711666
32 30 0.01385148
32 31 0.03315611
24 26 0.00138441
24 22 0.02446640
24 24 0.26359835
24 17 0.00478409
85 86 0.00087134
85 90 0.00130129
85 84 0.00675422
85 82 0.00088831
85 85 0.60544767
89 89 0.69345863
27 27 0.78751634
27 22 0.00062394
27 28 0.00053124
27 25 0.02236572
27 29 0.00855883
27 20 0.00531474
90 85 0.00152590
90 90 0.71768207
136 136 0.67042961
136 135 0.04931049
136 137 0.05256311
136 134 0.00086051
49 49 0.38348357
49 51 0.00709796
49 47 0.01261454
15 16 0.00099393
15 13 0.04778206
15 14 0.00187763
15 15 0.66444769
15 17 0.00115796
2 2 0.63244681
2 3 0.00427924
2 1 0.00263254
48 42 0.00350351
48 50 0.00807803
48 47 0.00062313
48 46 0.01833840
48 48 0.35346101
31 29 0.00631266
31 32 0.00150453
31 33 0.00439714
31 31 0.39017917
31 30 0.01135291
102 102 0.84319955
102 103 0.02512328
102 101 0.00986692
134 133 0.04389403
134 135 0.05168090
134 136 0.00084014
134 134 0.67774810
112 112 0.67584867
112 113 0.00178686
112 111 0.00941607
6 8 0.00119910
6 5 0.04938764
6 7 0.00487206
6 6 0.31024766
65 65 0.55348787
65 67 0.00064853
65 63 0.00118486
65 68 0.00065852
65 62 0.00118885
7 6 0.00894535
7 7 0.73698831
7 9 0.00727291
7 8 0.00686021
7 5 0.00096289
142 141 0.00070859
142 142 0.75606418
10 10 0.46743946
10 12 0.00090841
137 134 0.00051870
137 138 0.03107527
137 137 0.51344791
137 135 0.00079120
137 136 0.08156155
93 93 0.58300220
3 4 0.01588189
3 1 0.00070432
3 3 0.48428191
3 2 0.00734351
3 5 0.00095702
9 8 0.00170035
9 11 0.00070058
9 7 0.02869174
9 9 0.28524685
45 44 0.00850681
45 47 0.06079742
45 45 0.32345010
45 46 0.00378136
45 43 0.00134182
103 102 0.02452880
103 103 0.83293491
103 104 0.02434252
69 68 0.00138326
69 66 0.00305962
69 70 0.00452305
69 71 0.00105468
69 69 0.61449845
81 79 0.00235484
81 84 0.00321300
81 80 0.04013764
81 83 0.00245526
81 82 0.00363643
81 78 0.01027593
81 81 0.51554165
115 115 0.59491221
115 116 0.00073994
115 114 0.00193867
54 56 0.00711758
54 51 0.00360209
54 54 0.45105576
54 55 0.00062666
54 53 0.00108089
54 50 0.00145344
54 52 0.00354060
94 94 0.64744496
53 53 0.42206378
53 50 0.00258251
53 52 0.00104418
53 54 0.00066852
53 51 0.00355777
53 55 0.00662840
53 49 0.00222644
52 52 0.41164680
52 50 0.00361152
52 53 0.00062191
52 49 0.00063199
52 54 0.00660672
52 48 0.00379037
52 51 0.00096587
52 46 0.00071034
124 124 0.67062474
124 125 0.00419012
124 126 0.00121326
124 122 0.00160304
124 123 0.00269811
64 61 0.00550800
64 64 0.54405834
64 62 0.00240575
64 66 0.00060175
64 63 0.00076984
64 67 0.00064338
74 72 0.00377594
74 75 0.01929193
74 73 0.02723354
74 74 0.55415361
74 77 0.01651306
74 76 0.03351099
74 71 0.00559901
97 97 0.66785376
51 49 0.00423069
51 51 0.58951236
51 45 0.00239393
51 52 0.00052367
51 47 0.00225903
51 50 0.00069430
51 53 0.00658211
78 81 0.00920204
78 78 0.61753246
78 77 0.02491739
78 76 0.03907057
78 75 0.01334992
78 79 0.02807926
78 80 0.02249032
113 112 0.00177749
113 113 0.72120320
113 114 0.00327704
63 65 0.00153675
63 63 0.55690634
63 66 0.00063647
63 61 0.00377810
63 62 0.00054107
63 60 0.00541949
118 118 0.89039218
118 117 0.00067347
62 60 0.00236987
62 62 0.30527080
62 64 0.00394425
62 61 0.00238658
62 59 0.00070640
129 129 0.50811199
129 130 0.04691335
129 127 0.00250493
129 128 0.06137450
139 138 0.02163444
139 139 0.23500513
139 140 0.00099703
35 33 0.00135598
35 35 0.80086557
35 34 0.06619355
35 28 0.00298359
35 37 0.00749319
35 29 0.00091832
13 15 0.01019796
13 14 0.00119374
13 11 0.04717409
13 12 0.00060210
13 13 0.71393552
132 133 0.03872124
132 131 0.05332687
132 132 0.22782542
34 33 0.04424331
34 32 0.00128400
34 34 0.34979584
19 18 0.00069475
19 12 0.00110618
19 21 0.00911699
19 17 0.04583927
19 19 0.88044918
106 106 0.70103793
106 108 0.00099418
106 104 0.00084579
106 107 0.00578746
106 105 0.02372437
8 8 0.44005306
8 9 0.00063440
8 7 0.01463882
8 6 0.00462605
141 141 0.57776883
141 142 0.00071256
141 140 0.00391905
110 110 0.75887488
110 109 0.01413918
110 111 0.01389759
11 9 0.00266464
11 13 0.01021336
11 11 0.82716827
60 63 0.00063060
60 61 0.00120217
60 57 0.00062387
60 62 0.00177962
60 60 0.90624074
60 58 0.00414467
17 16 0.00108352
17 18 0.00068495
17 17 0.54352311
17 15 0.00652650
17 19 0.00759432
109 109 0.71882381
109 107 0.00051709
109 110 0.01441864
109 108 0.01439027
67 64 0.00563157
67 67 0.61840102
67 65 0.00085342
73 74 0.02683929
73 76 0.00691856
73 71 0.00649820
73 70 0.00211727
73 72 0.02159767
73 75 0.02156583
73 73 0.48740011
82 82 0.54028235
82 83 0.00447547
82 80 0.00163663
82 79 0.00164977
82 85 0.00078392
82 81 0.00397873
79 81 0.00217478
79 76 0.01243627
79 78 0.03109981
79 77 0.02177361
79 82 0.00151835
79 80 0.02138720
79 79 0.55400211
