9 9 0.42321033
9 7 0.17617572
9 10 0.00050983
9 8 0.16095697
45 49 0.00589248
45 43 0.03179818
45 46 0.00099919
45 45 0.55324695
45 44 0.00113205
103 106 0.34531223
103 104 0.20087388
103 100 0.00124784
103 107 0.00791937
103 101 0.00176089
103 105 0.06848289
69 71 0.06670980
69 70 0.00688409
69 68 0.43743985
69 69 0.26997858
69 67 0.02670430
69 72 0.00796130
10 9 0.00384593
10 8 0.00964452
10 15 0.00063195
10 10 0.46113000
137 140 0.57963459
137 139 0.00668992
137 137 0.00795934
137 141 0.00435307
137 138 0.03327678
93 92 0.01172888
93 91 0.03101815
93 94 0.00101122
93 96 0.49585849
93 93 0.00580213
93 90 0.29600456
93 95 0.00154146
3 3 0.51857017
3 2 0.02763668
53 53 0.67650037
53 52 0.01872498
53 57 0.00054079
53 56 0.00367379
53 54 0.00123283
53 51 0.01922453
52 51 0.01821630
52 55 0.00486289
52 56 0.00083962
52 52 0.76838544
52 53 0.00123830
52 50 0.01446817
81 78 0.01108668
81 81 0.02141907
81 80 0.00659541
81 84 0.27178637
81 82 0.00107665
81 83 0.04753674
81 79 0.01709064
115 118 0.43832402
115 116 0.00715571
115 117 0.00070882
115 120 0.00541253
94 92 0.06695355
94 91 0.13100378
94 93 0.00133109
94 94 0.00771779
94 95 0.00115304
94 97 0.46487272
54 52 0.02233358
54 53 0.01247583
54 54 0.75667330
54 55 0.00139095
54 57 0.00401551
85 88 0.42589004
85 84 0.14878471
85 82 0.03035016
85 83 0.08730944
85 87 0.00091581
89 89 0.00170459
89 92 0.36928465
89 87 0.00913722
89 86 0.09991540
89 90 0.00054363
89 88 0.00616844
27 25 0.28821492
27 26 0.00268376
27 27 0.36142901
131 132 0.28117963
131 134 0.32994206
131 133 0.00376308
131 135 0.06635287
131 131 0.00241980
55 54 0.01874765
55 55 0.55668736
55 56 0.00089021
55 58 0.00477461
55 53 0.02734933
32 32 0.41579078
32 35 0.00085347
32 29 0.00354631
32 36 0.00254549
32 31 0.00891103
32 30 0.05210139
32 33 0.01090315
24 23 0.06294062
24 21 0.00059027
24 22 0.27702742
24 24 0.37489624
31 29 0.10972449
31 34 0.00051995
31 35 0.00176778
31 32 0.00186078
31 28 0.00176734
31 30 0.00575886
31 31 0.51553955
31 36 0.00131206
102 101 0.00134019
102 103 0.13917271
102 102 0.00269711
102 105 0.34524692
102 106 0.00095481
102 99 0.01514888
102 100 0.01754652
102 104 0.08515886
112 113 0.49727984
112 115 0.27738813
112 114 0.00064251
6 5 0.26114837
6 6 0.51042411
6 4 0.00141955
134 136 0.02221075
134 135 0.40390976
134 133 0.00060253
134 137 0.29639118
134 138 0.01138135
134 134 0.01648559
65 63 0.07589857
65 67 0.00151737
65 65 0.37480183
65 64 0.01437198
65 68 0.00674447
65 66 0.00111498
7 5 0.00225354
7 7 0.49952265
7 6 0.01474745
90 89 0.00531127
90 91 0.00068277
90 87 0.12517086
90 93 0.30203412
90 88 0.11307912
90 90 0.00244178
136 137 0.16328280
136 140 0.00546682
136 139 0.22320937
136 136 0.00978287
136 138 0.05051044
15 15 0.53814178
15 20 0.00067356
15 14 0.08194608
15 13 0.28196244
49 49 0.83758527
49 48 0.00168832
49 52 0.00073002
49 47 0.03234574
49 53 0.00296341
2 1 0.00327223
2 2 0.68918338
48 48 0.86161534
48 46 0.04765522
48 52 0.00540031
48 47 0.00251070
110 112 0.00152817
110 111 0.49721518
110 113 0.42441369
34 31 0.00096597
34 33 0.01086605
34 32 0.00348806
34 35 0.00065026
34 34 0.33663279
19 20 0.00158646
19 17 0.30981083
19 24 0.00280582
19 19 0.45348797
19 16 0.00171222
19 18 0.01287957
106 107 0.00723273
106 110 0.00734771
106 109 0.35074800
106 108 0.03338294
8 7 0.05850241
8 6 0.01341772
8 8 0.42363629
109 112 0.39099297
109 110 0.49737446
109 113 0.00082074
109 111 0.00921870
67 70 0.00095577
67 66 0.15448170
67 68 0.00092465
67 65 0.01138671
67 69 0.00276403
67 67 0.41177597
73 73 0.05313538
73 75 0.13966170
73 72 0.04698706
73 70 0.00310540
73 71 0.04502193
73 76 0.01552895
73 74 0.02862865
82 81 0.00355604
82 82 0.00317046
82 80 0.00270664
82 84 0.00717902
82 85 0.36978278
79 81 0.03317716
79 77 0.03180517
79 78 0.00374535
79 76 0.00054667
79 80 0.00645997
79 82 0.20471246
79 79 0.03320598
11 11 0.54440368
11 10 0.00639724
11 9 0.00912105
11 16 0.00100355
60 61 0.00298758
60 58 0.01872696
60 60 0.44144663
60 59 0.01735181
60 63 0.00653293
17 16 0.09022314
17 14 0.00128598
17 15 0.29591803
17 17 0.43581875
113 114 0.00607145
113 116 0.35510601
113 115 0.00080029
63 62 0.02106871
63 64 0.00177343
63 61 0.01366905
63 66 0.00205018
63 63 0.41423783
124 124 0.00081824
124 125 0.16776198
124 129 0.00249554
124 126 0.00081650
124 127 0.32199563
124 128 0.03623436
64 67 0.00679386
64 63 0.01209786
64 65 0.00134270
64 64 0.40482736
64 62 0.11665165
74 71 0.00585837
74 76 0.15285939
74 77 0.04451998
74 74 0.16186032
74 73 0.00877907
74 75 0.02068097
74 72 0.02320983
97 99 0.01767046
97 94 0.06197430
97 96 0.00260051
97 95 0.06514431
97 100 0.48047775
97 98 0.02076248
97 97 0.00342841
51 50 0.01144843
51 52 0.00115164
51 54 0.00414928
51 51 0.86638839
51 55 0.00151290
51 49 0.01497042
78 81 0.17960075
78 76 0.02336233
78 78 0.07353840
78 77 0.00457992
78 75 0.02594123
78 79 0.01072607
78 80 0.16838634
13 11 0.25242767
13 12 0.01802743
13 18 0.00075601
13 13 0.54286125
132 136 0.03998127
132 133 0.21890730
132 135 0.33301414
132 134 0.01532081
118 123 0.01216267
118 122 0.00058082
118 121 0.44814269
118 119 0.20516419
118 120 0.00120454
62 61 0.03217751
62 60 0.01888966
62 62 0.09104889
62 65 0.00546162
62 63 0.00286162
129 132 0.06429606
129 130 0.15044994
129 129 0.00122178
129 133 0.00450534
129 131 0.00104135
139 142 0.70707034
139 141 0.00088469
139 139 0.00261675
139 140 0.00052074
35 36 0.00226036
35 39 0.00078124
35 33 0.00777778
35 32 0.00050456
35 35 0.42206692
35 34 0.01389538
16 15 0.10224159
16 14 0.27248031
16 21 0.00212528
16 16 0.49963856
16 13 0.00102569
44 41 0.00165884
44 43 0.00182318
44 48 0.00428908
44 44 0.52297130
44 42 0.12309421
44 45 0.00143185
107 108 0.16424812
107 110 0.41066449
107 111 0.00763130
107 109 0.02782222
80 79 0.09283049
80 83 0.25407049
80 82 0.02113843
80 80 0.03151343
80 77 0.00058187
80 78 0.01753220
80 81 0.00453611
83 85 0.00199436
83 82 0.09239917
83 81 0.00333611
83 86 0.39642858
138 141 0.74197424
138 138 0.00483556
138 139 0.00455509
138 140 0.00198791
12 12 0.53365766
12 17 0.00111098
12 10 0.01806897
12 11 0.07640306
26 26 0.39464868
26 25 0.00258911
26 24 0.17421858
101 104 0.34833573
101 98 0.05594690
101 100 0.01764801
101 99 0.05410895
101 105 0.00701268
101 102 0.18044590
101 103 0.06526417
101 101 0.00450557
116 121 0.00549990
116 119 0.39114605
116 118 0.00072578
116 117 0.04489071
95 92 0.24926349
95 98 0.39666976
95 96 0.00151198
95 93 0.01191895
95 94 0.00452907
125 127 0.00238969
125 128 0.22753380
125 126 0.08461003
125 129 0.05325957
125 125 0.00287593
28 28 0.41438635
28 25 0.00080602
28 33 0.00174943
28 26 0.25701909
28 27 0.04356012
86 83 0.03421482
86 84 0.21451665
86 89 0.40042606
86 85 0.04696301
50 50 0.85507909
50 53 0.00322795
50 49 0.00277843
50 51 0.00071633
50 54 0.00168455
50 48 0.01861348
4 3 0.25537336
4 4 0.49177059
36 35 0.01147991
36 34 0.03873550
36 37 0.00413452
36 36 0.47713506
36 33 0.00261557
47 51 0.00566429
47 46 0.00764235
47 47 0.73564161
47 45 0.12133738
47 44 0.00203100
21 22 0.00212934
21 21 0.37181935
21 18 0.00079351
21 20 0.00858927
21 19 0.27953874
37 36 0.01075581
37 38 0.00573217
37 35 0.22838117
37 34 0.02901983
37 37 0.47796527
68 67 0.32266997
68 69 0.00184431
68 68 0.39560357
68 71 0.00725972
68 70 0.01032143
68 66 0.13653674
20 20 0.33217222
20 25 0.00438190
20 19 0.00992012
20 17 0.00162688
20 21 0.00109630
20 18 0.20525132
29 28 0.05230864
29 25 0.00053542
29 29 0.44543674
29 26 0.00107724
29 27 0.18556501
5 4 0.01967010
5 5 0.34071882
5 3 0.00376745
123 124 0.43084682
123 125 0.00111357
123 127 0.00623091
123 128 0.00357668
123 122 0.00053160
123 126 0.27089516
123 123 0.01703418
76 73 0.01430419
76 79 0.08185282
76 75 0.21668843
76 77 0.00773728
76 78 0.24691491
76 76 0.10040285
76 74 0.00904295
105 109 0.00717438
105 107 0.07391286
105 106 0.04502951
105 108 0.34821962
42 42 0.30788458
42 41 0.00076379
42 43 0.00217790
42 40 0.00794723
75 73 0.00448725
75 75 0.11402778
75 72 0.00112042
75 76 0.01071589
75 77 0.23797792
75 78 0.06048276
75 74 0.07868514
38 37 0.00893093
38 35 0.02555125
38 42 0.00095877
38 39 0.00124647
38 36 0.23723491
38 38 0.62624306
104 102 0.00051902
104 105 0.15773075
104 107 0.34507499
104 108 0.00720805
104 106 0.00749656
14 13 0.02750337
14 12 0.19483127
14 14 0.52394609
14 19 0.00130057
41 41 0.36962743
41 40 0.00097925
41 42 0.00150146
41 39 0.00305836
41 38 0.00051190
56 59 0.00622160
56 54 0.07186741
56 55 0.04570518
56 57 0.00094879
56 56 0.55207994
100 97 0.11436020
100 98 0.12152993
100 100 0.02232161
100 104 0.00235460
100 99 0.03819288
100 102 0.07053458
100 101 0.09430283
100 103 0.37373722
127 127 0.00733258
127 128 0.20459068
127 131 0.03524045
127 129 0.00250953
127 130 0.23832685
108 110 0.00899436
108 112 0.00300220
108 109 0.00620857
108 111 0.27667585
77 75 0.16984301
77 79 0.18423641
77 80 0.13651607
77 74 0.00128275
77 76 0.12056043
77 78 0.01262597
77 77 0.07751544
1 1 0.88362917
111 114 0.42052717
111 112 0.49714568
111 113 0.00081109
84 84 0.00074977
84 82 0.20187879
84 83 0.12780650
84 87 0.42274903
84 86 0.00060844
84 81 0.03022579
18 23 0.00318294
18 16 0.30792565
18 18 0.50828617
18 19 0.00130903
18 17 0.08839372
18 15 0.00176367
58 57 0.00282155
58 56 0.07621944
58 61 0.00603477
58 58 0.07094158
58 59 0.00265923
98 96 0.10854115
98 99 0.03148735
98 97 0.01367561
98 98 0.00873932
98 100 0.02018215
98 95 0.25195433
98 101 0.46848217
40 40 0.53644931
40 37 0.00144388
40 41 0.00053250
40 38 0.03936839
40 39 0.00465651
33 37 0.00374890
33 32 0.00750092
33 34 0.00988373
33 30 0.00990751
33 31 0.13156455
33 33 0.49777170
33 36 0.00107006
30 28 0.19818863
30 34 0.00092390
30 35 0.00234145
30 29 0.03347458
30 27 0.00151812
30 30 0.52167382
30 31 0.00173657
72 73 0.00775098
72 69 0.00187913
72 75 0.01112802
72 72 0.23471009
72 70 0.03887255
72 71 0.40979752
72 74 0.12045701
23 20 0.00073972
23 23 0.47166742
23 22 0.07251064
23 21 0.17443207
88 88 0.00101939
88 86 0.01485951
88 85 0.07482404
88 87 0.00808639
88 91 0.39117042
135 136 0.31947968
135 139 0.01631325
135 135 0.01760426
135 137 0.04356967
135 138 0.25783831
133 134 0.21415652
133 133 0.00194371
133 135 0.01871332
133 136 0.38517268
133 137 0.04781188
71 72 0.02173529
71 73 0.11038222
71 69 0.01764113
71 68 0.00067747
71 74 0.00890275
71 70 0.43189838
71 71 0.28835615
114 115 0.16420726
114 116 0.00082913
114 119 0.00285781
114 117 0.32257126
117 120 0.43428161
117 119 0.00089668
117 118 0.15813783
117 122 0.00854851
92 89 0.01608273
92 91 0.00309725
92 92 0.00551413
92 95 0.41311547
92 90 0.05747447
92 93 0.00100082
120 120 0.00093296
120 125 0.01077366
120 124 0.00138660
120 121 0.35778927
120 122 0.00134841
120 123 0.37235824
22 20 0.16518014
22 19 0.00107631
22 23 0.00142063
22 22 0.45296233
22 27 0.00355815
22 21 0.03130030
43 40 0.00119331
43 41 0.12694711
43 43 0.42893604
43 47 0.00395949
43 44 0.00184108
43 42 0.00149737
121 126 0.00152045
121 123 0.00110950
121 122 0.21889180
121 121 0.00704343
121 125 0.00485177
121 124 0.33331625
70 72 0.07631160
70 67 0.00068670
70 69 0.44479212
70 73 0.00255591
70 68 0.01369303
70 71 0.01168208
70 70 0.18647280
96 96 0.00343734
96 93 0.00971359
96 94 0.02214856
96 99 0.44866203
96 97 0.00454839
96 98 0.00284700
96 95 0.00065248
25 25 0.47784626
25 24 0.07490752
25 22 0.00093701
25 30 0.00119635
25 23 0.18218307
87 85 0.06963658
87 84 0.04732076
87 90 0.41520244
87 86 0.02229260
91 92 0.00080950
91 91 0.00413083
91 89 0.06577884
91 94 0.37871080
91 88 0.15513247
91 90 0.00353403
39 39 0.48058917
39 38 0.00781880
39 36 0.02141638
39 43 0.00196463
39 37 0.23677621
39 40 0.00085064
59 58 0.00268970
59 60 0.00339476
59 62 0.00641025
59 57 0.01344702
59 59 0.07823453
119 120 0.17575573
119 121 0.00131231
119 124 0.00087432
119 123 0.00096047
119 122 0.35805650
130 132 0.00097118
130 134 0.02202924
130 131 0.37226795
130 133 0.21484161
130 130 0.00067509
61 59 0.10764971
61 61 0.24751558
61 64 0.00595409
61 62 0.00348334
61 60 0.01807386
57 55 0.11042521
57 56 0.11415979
57 57 0.24531531
57 58 0.00156809
57 60 0.00657857
46 45 0.00534760
46 47 0.00059709
46 50 0.00569100
46 44 0.20153547
46 43 0.00452164
46 46 0.64897363
99 99 0.00099976
99 96 0.03778081
99 100 0.00374915
99 98 0.00123913
99 97 0.00473535
99 103 0.00122427
99 101 0.02273395
99 102 0.35861251
128 130 0.00103706
128 129 0.40798893
128 128 0.02250998
128 127 0.00666280
128 131 0.17798659
128 132 0.00081367
66 67 0.00135265
66 65 0.05237257
66 69 0.00466974
66 68 0.00186738
66 64 0.00832804
66 66 0.24506434
126 126 0.01455879
126 128 0.00218695
126 127 0.43314755
126 130 0.02317492
126 129 0.35409129
126 125 0.00733248
122 124 0.00168533
122 125 0.34985016
122 121 0.00314110
122 126 0.00294218
122 122 0.00075638
122 123 0.23833194
