150 150 0.98043000
150 152 0.00078834
41 40 0.02200870
41 41 0.75219100
41 43 0.00902527
41 42 0.11075500
41 44 0.00152689
149 149 0.98057900
92 92 0.98082700
53 53 0.92920100
53 54 0.01012130
53 55 0.00055870
26 28 0.23132200
26 27 0.00159521
26 25 0.00269448
26 26 0.74261900
130 130 0.98076400
87 87 0.98081600
141 141 0.98054400
88 88 0.98087200
124 124 0.98052300
120 120 0.98059900
84 84 0.52911300
127 127 0.98085600
1 1 0.99919100
98 98 0.98087300
153 152 0.00213952
153 155 0.00066221
153 153 0.99517700
46 48 0.00190305
46 49 0.00107476
46 47 0.04909270
46 45 0.00405616
46 46 0.89325000
82 82 0.99072400
48 48 0.94226000
48 47 0.00357027
48 49 0.01439790
48 50 0.00221903
59 59 0.83443700
45 46 0.07926910
45 45 0.88703200
45 44 0.00439578
45 48 0.00136139
45 47 0.00201376
43 44 0.04594970
43 46 0.00141715
43 45 0.00323051
43 43 0.72081900
43 42 0.01085740
113 112 0.00092625
113 113 0.97428400
113 114 0.00515263
30 30 0.74401400
30 32 0.23050500
30 29 0.00446488
30 31 0.00124029
2 5 0.00274174
2 2 0.99640900
2 4 0.00062961
89 89 0.98085000
67 67 0.80343400
121 121 0.97986500
121 122 0.00081115
61 61 0.74660200
83 83 0.87645400
64 64 0.61271400
55 56 0.00429060
55 55 0.74450100
70 70 0.97670100
20 23 0.00083597
20 19 0.00080310
20 22 0.20562200
20 21 0.01143090
20 20 0.76166200
22 21 0.00068908
22 22 0.75769700
22 24 0.21122600
22 23 0.01045730
72 72 0.52394200
68 68 0.87144600
36 35 0.02243910
36 38 0.07177240
36 36 0.69182400
36 37 0.00282311
136 136 0.98079400
114 114 0.97501400
114 113 0.00062325
114 115 0.00081629
50 49 0.00056825
50 52 0.00162246
50 51 0.01157390
50 50 0.96572800
99 99 0.98088200
71 71 0.97672300
155 155 0.99161600
155 154 0.00487854
76 76 0.97665800
5 7 0.00979486
5 8 0.01691570
5 6 0.00085429
5 5 0.95383600
47 48 0.03150790
47 49 0.00178322
47 47 0.92422700
47 46 0.00358034
94 94 0.98082300
123 123 0.97945100
21 20 0.00070576
21 21 0.75913800
21 22 0.01236230
21 24 0.00057611
21 23 0.20758900
106 106 0.98077100
139 139 0.98059600
157 158 0.00168836
157 156 0.00888573
157 157 0.98661400
145 145 0.98075600
3 4 0.00059959
3 3 0.97955400
3 5 0.00168350
3 6 0.00260109
146 146 0.98069000
112 111 0.00118861
112 113 0.00513788
112 112 0.97410500
160 160 0.98625100
160 159 0.01137330
91 91 0.98068700
107 107 0.98082800
57 58 0.00083129
57 57 0.85858200
129 129 0.98075900
35 35 0.70579000
35 34 0.01424500
35 36 0.02803660
35 37 0.21856800
152 151 0.00122987
152 152 0.99612600
152 154 0.00085599
25 26 0.00354683
25 25 0.74172600
25 24 0.00203461
25 27 0.23093200
23 23 0.74971900
23 24 0.00901257
23 25 0.21995100
23 22 0.00073900
73 73 0.79260500
144 144 0.98075300
27 27 0.74367800
27 28 0.00133920
27 29 0.23021900
27 26 0.00330405
125 125 0.98068300
86 86 0.98077700
140 140 0.98062600
143 143 0.98054500
126 126 0.98085000
142 142 0.98044700
90 90 0.98069300
16 19 0.00482263
16 15 0.00156512
16 18 0.13626400
16 17 0.01184310
16 16 0.82401300
147 147 0.98060200
138 138 0.98055200
128 128 0.98084500
10 13 0.02636150
10 11 0.00112310
10 10 0.92502300
10 12 0.02557160
10 9 0.00188466
19 22 0.00109614
19 19 0.77851700
19 20 0.00971115
19 18 0.00089404
19 21 0.18926300
137 137 0.98080000
81 81 0.99067000
49 48 0.00094911
49 49 0.96254700
49 50 0.01178040
49 51 0.00223910
58 58 0.98413000
111 111 0.97470800
111 112 0.00490130
134 134 0.98082200
69 69 0.97727900
117 117 0.98070700
39 41 0.14444200
39 40 0.06771770
39 39 0.69575100
39 38 0.02763130
148 148 0.98043900
63 63 0.96958500
7 7 0.93714400
7 9 0.01646160
7 6 0.00088581
7 10 0.02508690
100 100 0.98089600
34 36 0.22365600
34 33 0.00601079
34 34 0.72308800
34 35 0.01417930
159 158 0.01256050
159 159 0.98433000
159 160 0.00212889
74 74 0.76935100
75 75 0.79146100
38 40 0.19225800
38 39 0.05588890
38 38 0.69327000
38 37 0.02705970
31 32 0.00129237
31 33 0.23025600
31 31 0.74426800
31 30 0.00458050
158 158 0.98442600
158 159 0.00216794
158 157 0.01075970
42 41 0.01634950
42 44 0.00415620
42 42 0.79895700
42 45 0.00145828
42 43 0.09880410
78 78 0.67531300
44 47 0.00139759
44 45 0.08380000
44 46 0.00247759
44 43 0.00494966
44 44 0.88423400
62 62 0.84952900
65 65 0.84541900
132 132 0.98076300
40 40 0.70274500
40 41 0.07151070
40 39 0.02752900
40 42 0.06388020
66 66 0.94145600
102 102 0.98079400
105 105 0.98067700
116 116 0.98059900
32 31 0.00446419
32 32 0.74399700
32 34 0.22934200
32 33 0.00177524
54 55 0.00908359
54 54 0.96868700
11 14 0.02648410
11 12 0.00103986
11 11 0.92097400
11 13 0.03035260
11 10 0.00185182
17 16 0.00140758
17 19 0.15104100
17 17 0.80950000
17 20 0.00357173
17 18 0.01364520
13 12 0.00170872
13 16 0.02384690
13 14 0.01462840
13 13 0.87270300
13 15 0.06479510
15 15 0.83446100
15 18 0.00701116
15 17 0.10148900
15 14 0.00267080
15 16 0.01949520
18 19 0.01886490
18 21 0.00235902
18 20 0.16443100
18 17 0.00157280
18 18 0.79221100
6 9 0.02382970
6 7 0.00068431
6 8 0.01262680
6 6 0.94300200
108 108 0.98071900
135 135 0.98070100
96 96 0.98089500
156 157 0.00116736
156 156 0.98894800
156 155 0.00703203
101 101 0.98088000
103 103 0.98085100
60 60 0.68932000
37 39 0.20690900
37 37 0.69110000
37 36 0.02715750
37 38 0.04641130
77 77 0.85598400
14 16 0.08146390
14 14 0.84672400
14 15 0.02566550
14 13 0.00222105
14 17 0.02203660
131 131 0.98076500
115 115 0.97989700
104 104 0.98078200
12 14 0.03437100
12 12 0.91525900
12 11 0.00159284
12 13 0.00270314
12 15 0.02604330
97 97 0.98088100
110 110 0.97930200
110 111 0.00129120
8 7 0.00153259
8 11 0.02534970
8 10 0.01691250
8 8 0.93616700
28 30 0.23018100
28 27 0.00403007
28 28 0.74309800
28 29 0.00128556
33 32 0.00470080
33 34 0.00384483
33 33 0.74118900
33 35 0.22882600
109 110 0.00072780
109 109 0.98000900
80 80 0.90004300
24 26 0.22789700
24 23 0.00147666
24 25 0.00742546
24 24 0.74308700
52 54 0.00073857
52 52 0.90935600
52 53 0.00993135
4 7 0.01505870
4 4 0.95930200
4 6 0.00555440
4 5 0.00300423
151 151 0.98173800
151 153 0.00087730
9 11 0.02108020
9 8 0.00182390
9 10 0.00095782
9 9 0.92980600
9 12 0.02670620
79 79 0.69251600
119 119 0.98070900
93 93 0.98084100
133 133 0.98086200
118 118 0.98080600
95 95 0.98086500
51 52 0.01145860
51 50 0.00054191
51 51 0.96553400
51 53 0.00103758
122 122 0.97938300
122 123 0.00119882
154 154 0.99337900
154 156 0.00057473
154 153 0.00315234
56 57 0.00147434
56 56 0.97825200
29 31 0.23037200
29 29 0.74421400
29 28 0.00455539
29 30 0.00140826
85 85 0.85801500
