135 134 0.06468127
135 136 0.00475345
135 133 0.00139358
135 135 0.81272140
45 46 0.00684312
45 43 0.00371179
45 45 0.27975479
45 44 0.07533182
97 97 0.92925460
97 94 0.00079199
97 95 0.00698073
33 33 0.99459892
82 81 0.06625791
82 80 0.00686439
82 83 0.00278890
82 82 0.68085485
49 50 0.00766673
49 48 0.16381068
49 49 0.76226652
49 47 0.05679703
60 58 0.00166107
60 56 0.00055488
60 59 0.15875450
60 60 0.70888418
103 101 0.05480279
103 102 0.00208676
103 103 0.84365891
37 37 0.80375544
5 4 0.02314531
5 6 0.00649086
5 3 0.09014941
5 5 0.56212021
5 2 0.00062031
62 62 0.64581358
62 58 0.00063608
62 61 0.15720476
62 60 0.00351544
48 49 0.01013924
48 47 0.15743980
48 46 0.05580473
48 48 0.76151546
143 140 0.00127960
143 144 0.00320497
143 143 0.97306932
143 142 0.01649097
70 66 0.00065442
70 68 0.05621245
70 70 0.51752992
70 69 0.09382508
88 88 0.85253200
88 87 0.03225192
92 92 0.97066921
19 18 0.04073356
19 19 0.66735041
19 20 0.00190879
19 17 0.05566324
132 133 0.00582252
132 131 0.05689274
132 129 0.00114315
132 130 0.00471961
132 132 0.83753624
132 134 0.00059732
116 115 0.12915796
116 116 0.85348953
116 114 0.00994555
18 16 0.06234823
18 19 0.00258375
18 17 0.04017324
18 18 0.74440158
72 70 0.06881281
72 71 0.09196696
72 68 0.00063549
72 72 0.60240881
72 73 0.00222196
155 155 0.73362518
155 154 0.00080210
154 154 0.79178880
7 7 0.55105683
7 6 0.02030039
7 8 0.12152629
7 5 0.10091635
25 25 0.86269513
23 23 0.84925634
113 113 0.71344919
113 112 0.00207646
110 108 0.00164601
110 109 0.00332112
110 110 0.77595086
84 84 0.73273333
84 85 0.00107164
84 82 0.00314987
84 83 0.06523439
145 145 0.97053412
145 144 0.00418459
112 112 0.83969812
112 111 0.02385312
153 153 0.72248234
61 57 0.00059986
61 60 0.15807735
61 61 0.58341255
61 59 0.00289940
159 159 0.87517030
104 104 0.87419126
104 103 0.02640501
104 101 0.00452732
104 102 0.05599917
44 43 0.07286693
44 45 0.00621587
44 42 0.00366901
44 44 0.72909116
86 87 0.00075559
86 84 0.00072722
86 85 0.05602825
86 86 0.70072613
150 150 0.86278647
52 50 0.03876500
52 52 0.77107833
52 51 0.12187490
77 77 0.51678169
77 75 0.05899296
77 76 0.09143486
77 78 0.00115219
1 1 0.87572789
1 2 0.05635112
20 21 0.00111258
20 18 0.03422616
20 19 0.06203319
20 20 0.71902977
28 29 0.00082428
28 28 0.95562626
126 126 0.86323983
126 125 0.00849129
30 30 0.95419950
34 34 0.95031824
14 15 0.00641443
14 14 0.45806080
14 12 0.13567110
14 13 0.01076132
50 51 0.00230601
50 48 0.05616147
50 50 0.46499336
50 49 0.15719574
38 37 0.00065839
38 38 0.73151637
99 97 0.03192678
99 98 0.00103662
99 99 0.84498010
151 151 0.83891606
66 66 0.76201084
66 62 0.00070185
66 65 0.13962139
66 64 0.01564511
66 67 0.00204808
106 103 0.00174888
106 106 0.85854877
106 104 0.05791409
106 105 0.06805897
73 72 0.09167614
73 73 0.71694464
73 71 0.06837699
73 69 0.00063190
73 74 0.00149053
76 75 0.09237240
76 76 0.69849595
76 74 0.06057689
114 112 0.01280491
114 114 0.68673826
114 113 0.00208510
127 125 0.00065652
127 126 0.12243688
127 128 0.00085346
127 127 0.85375256
43 44 0.00461591
43 42 0.06053939
43 43 0.61168599
43 41 0.00085797
111 110 0.12675658
111 109 0.02569448
111 111 0.67969816
31 31 0.94078229
39 38 0.00327607
39 39 0.88773422
39 40 0.00063610
69 65 0.00069620
69 68 0.10528114
69 69 0.65669307
69 67 0.04223698
17 17 0.81290122
17 15 0.00123498
17 18 0.00465287
17 16 0.01979927
95 95 0.87906530
95 93 0.01124032
128 129 0.00196643
128 128 0.85074472
128 127 0.02341058
128 126 0.00427404
35 35 0.80599272
125 126 0.00065267
125 125 0.83964871
125 123 0.00051785
125 124 0.00492793
85 86 0.00094241
85 83 0.00183712
85 85 0.65493647
85 84 0.05663784
54 52 0.00366459
54 54 0.64631956
54 53 0.15749526
101 98 0.00445131
101 99 0.00198361
101 100 0.00470967
101 101 0.91526763
71 71 0.66909039
71 70 0.09259346
71 69 0.06775534
71 67 0.00062709
107 106 0.00454801
107 105 0.03436173
107 107 0.84124030
108 106 0.02911139
108 108 0.84416803
108 107 0.09869946
93 93 0.96628542
93 92 0.00058955
109 107 0.02606444
109 109 0.78681196
109 108 0.00402408
156 155 0.00089302
156 156 0.76574262
47 45 0.04540415
47 46 0.15574733
47 47 0.42806885
47 48 0.00894671
64 60 0.00067068
64 64 0.79449824
64 63 0.15136572
64 62 0.00384352
15 14 0.00897995
15 15 0.59972168
15 13 0.04105336
15 16 0.00780548
130 131 0.00328537
130 128 0.00649657
130 130 0.83977145
130 132 0.00088193
130 129 0.12979322
81 81 0.41999779
81 80 0.06819590
81 79 0.00947616
81 82 0.00287486
138 135 0.00158039
138 137 0.03387830
138 138 0.92684238
138 139 0.00323537
41 40 0.02608893
41 42 0.00121480
41 41 0.94878189
42 41 0.03171592
42 42 0.52515312
42 43 0.00281177
129 127 0.00125249
129 128 0.12509199
129 130 0.00211886
129 129 0.84797584
129 126 0.00081195
139 136 0.00192890
139 137 0.00071833
139 140 0.00300400
139 138 0.02736434
139 139 0.96124294
29 30 0.00092440
29 29 0.93858249
56 56 0.60156129
56 54 0.00217123
56 55 0.15864263
105 102 0.00313911
105 105 0.86626567
105 103 0.05844860
105 104 0.05752142
59 59 0.65792522
59 58 0.15979371
59 57 0.00163076
149 149 0.76423510
98 98 0.84445199
98 96 0.00281128
102 102 0.88229380
102 101 0.00952553
102 100 0.00544986
152 152 0.80598951
94 94 0.91480456
94 92 0.00197320
90 89 0.00446725
90 90 0.97354508
75 71 0.00051489
75 76 0.00064388
75 75 0.67405011
75 73 0.06402205
75 74 0.09124393
13 14 0.00306715
13 11 0.13457974
13 13 0.69001177
13 12 0.01161031
57 56 0.15867992
57 55 0.00219641
57 57 0.65362722
134 132 0.00169448
134 134 0.81231079
134 135 0.00490645
134 133 0.04295301
158 158 0.84861904
158 157 0.00068936
24 24 0.86708859
123 123 0.77462107
123 122 0.02319264
40 41 0.00088401
40 39 0.01307671
40 40 0.87566847
58 56 0.00158271
58 58 0.63337754
58 57 0.15969635
160 160 0.84371290
119 117 0.00060834
119 118 0.12374665
119 119 0.70854170
157 156 0.00082724
157 157 0.81032950
51 51 0.69722539
51 50 0.11408543
51 49 0.05350957
118 117 0.12913185
118 116 0.00472448
118 118 0.85789331
12 10 0.13737007
12 12 0.73117545
12 13 0.04206136
12 9 0.00051244
12 11 0.01274895
122 122 0.67926387
122 121 0.00213522
80 79 0.05421153
80 80 0.78114312
80 78 0.02631479
80 81 0.00314500
89 89 0.95314022
89 88 0.02923618
9 7 0.13295369
9 9 0.73096517
9 6 0.00124872
9 10 0.06659195
9 8 0.01754990
2 3 0.10582646
2 2 0.76154590
2 1 0.00955054
136 134 0.00213454
136 135 0.03470907
136 136 0.81899821
136 137 0.00488027
8 9 0.07543512
8 7 0.02096259
8 5 0.00089335
8 8 0.66096732
8 6 0.13234218
133 131 0.00303533
133 133 0.87977212
133 134 0.00554419
133 132 0.04388118
96 96 0.94483763
96 94 0.02017215
115 114 0.00427647
115 115 0.84131383
53 53 0.61600445
53 51 0.00897833
53 52 0.15186114
67 66 0.13301298
67 63 0.00074236
67 67 0.82347267
67 68 0.00229870
67 65 0.02163361
10 7 0.00093966
10 9 0.01560595
10 11 0.06142405
10 10 0.73952542
10 8 0.12494547
100 100 0.84722725
100 99 0.00309449
100 98 0.00173212
6 7 0.07496387
6 5 0.02428813
6 3 0.00074390
6 6 0.46539687
6 4 0.03160412
147 146 0.00112613
147 147 0.85986009
36 36 0.86034315
32 32 0.95068983
121 121 0.85263393
121 120 0.00210196
79 80 0.00269200
79 78 0.06128144
79 77 0.04247217
79 79 0.79880002
137 134 0.00130694
137 138 0.00350431
137 137 0.90159060
137 136 0.02683961
137 135 0.00055585
22 21 0.00127250
22 22 0.70181243
22 20 0.00107779
144 145 0.00078498
144 144 0.98000600
144 143 0.01070165
144 141 0.00087472
55 55 0.68511967
55 53 0.00289506
55 54 0.15800009
87 87 0.81856262
87 85 0.00051875
87 86 0.05247293
65 66 0.00203976
65 61 0.00069726
65 65 0.77933624
65 64 0.14563911
65 63 0.00960213
27 28 0.00074213
27 27 0.99399878
11 11 0.66839604
11 9 0.11957692
11 10 0.01328797
11 8 0.00056470
11 12 0.03589876
16 16 0.70775904
16 15 0.00798269
16 14 0.00161532
16 17 0.00615474
141 140 0.01996194
141 138 0.00189112
141 141 0.96821554
141 142 0.00385467
131 133 0.00150674
131 131 0.82008021
131 130 0.06904962
131 129 0.00810922
131 132 0.00505499
131 128 0.00102461
83 81 0.00438985
83 84 0.00276514
83 83 0.36851119
83 82 0.06658629
142 142 0.97038021
142 143 0.00378806
142 141 0.01876474
142 139 0.00167280
26 26 0.99413136
4 3 0.02441868
4 5 0.04254856
4 4 0.63733039
4 2 0.03482290
63 63 0.80232381
63 59 0.00067018
63 61 0.00365756
63 62 0.15700762
124 124 0.80824563
124 123 0.12255255
124 122 0.00094527
74 74 0.64357403
74 73 0.08979987
74 72 0.06789628
74 75 0.00071305
74 70 0.00059022
117 116 0.13019828
117 117 0.85518928
117 115 0.00680409
148 148 0.75701407
46 47 0.00843194
46 46 0.53531134
46 44 0.02999583
46 45 0.15924525
3 1 0.00757138
3 2 0.02434727
3 4 0.00591682
3 3 0.64983727
146 146 0.99089313
146 145 0.00316725
120 119 0.00424904
120 120 0.71477151
140 137 0.00188886
140 141 0.00345575
140 139 0.02032931
140 140 0.96799220
68 68 0.73890353
68 64 0.00073852
68 69 0.00349283
68 67 0.11906066
68 66 0.02832229
21 21 0.71469011
21 20 0.01323379
21 19 0.01053726
91 91 0.96879089
91 90 0.00087711
78 78 0.79155421
78 76 0.05772209
78 79 0.00196027
78 77 0.06889148
