69 68 0.04834734
69 69 0.54601051
69 67 0.00072708
39 39 0.85062494
39 38 0.00147742
31 31 0.83738966
111 110 0.00209334
111 109 0.16454984
111 111 0.66574163
43 43 0.70115215
43 42 0.05588398
127 127 0.71170407
127 130 0.00088934
127 128 0.00701990
127 129 0.00077693
127 124 0.00139177
127 125 0.00385838
127 126 0.00773036
114 114 0.67301636
114 112 0.00615711
76 74 0.06364550
76 75 0.09561688
76 76 0.60166586
73 69 0.00058886
73 71 0.06851461
73 73 0.60595327
73 72 0.09155807
66 62 0.00065244
66 66 0.64491711
66 65 0.01939607
66 64 0.01563463
106 106 0.76666759
106 104 0.04127560
106 105 0.00277965
151 151 0.85975530
107 106 0.00161534
107 105 0.16367901
107 107 0.67485809
71 69 0.06781128
71 70 0.01462610
71 71 0.43524331
101 102 0.00057242
101 99 0.12707457
101 101 0.77595393
101 100 0.04112677
54 54 0.52281655
54 53 0.16521538
85 84 0.08544689
85 85 0.69352475
85 83 0.00769190
125 127 0.00152068
125 122 0.00308711
125 124 0.00699433
125 123 0.02159374
125 125 0.93433620
125 126 0.01701483
35 35 0.94407173
128 131 0.00063509
128 126 0.00101656
128 129 0.03772947
128 128 0.45660206
128 130 0.00286705
128 127 0.00289203
17 18 0.01010025
17 17 0.70776663
17 19 0.00115811
17 16 0.02531573
95 93 0.02634728
95 95 0.82320364
95 94 0.00294591
52 51 0.01148645
52 52 0.81789511
150 150 0.85038928
104 105 0.00051190
104 102 0.08591713
104 103 0.01377965
104 104 0.77708801
86 84 0.04516577
86 85 0.09557958
86 86 0.70283844
44 43 0.10069631
44 44 0.78017548
159 159 0.83755695
61 61 0.56539039
61 59 0.00148337
61 60 0.00566009
99 100 0.00076866
99 99 0.75441617
99 97 0.06194765
99 98 0.02608813
38 38 0.94859066
50 49 0.16526044
50 50 0.37195082
14 13 0.02629638
14 15 0.00224284
14 14 0.24277078
34 34 0.92280797
126 127 0.00341075
126 128 0.00086955
126 124 0.00650042
126 123 0.00195695
126 125 0.00703570
126 126 0.81142535
30 30 0.79277777
28 29 0.00118278
28 27 0.00087607
28 28 0.86405746
20 21 0.01064312
20 18 0.00117952
20 20 0.80633440
20 19 0.04052327
1 2 0.01475127
1 1 0.89463519
1 3 0.00112621
77 76 0.09539121
77 75 0.06364192
77 77 0.40244258
7 6 0.00429278
7 8 0.01768582
7 5 0.00086641
7 7 0.51421442
7 9 0.00153045
155 155 0.99154380
154 154 0.94738118
72 70 0.01056360
72 71 0.09290049
72 72 0.59270172
18 18 0.85710609
18 17 0.03816054
18 19 0.01157208
18 20 0.00121398
18 16 0.00108272
153 153 0.82845272
112 112 0.82732764
112 110 0.15954195
145 145 0.90041235
145 146 0.00134060
145 144 0.02489090
145 147 0.00119213
110 108 0.10313161
110 110 0.76274422
110 109 0.00226399
84 84 0.62162814
84 83 0.01299205
84 82 0.00108690
113 113 0.70037120
113 111 0.15925739
23 24 0.00857645
23 22 0.00599700
23 23 0.91958597
25 24 0.01943261
25 26 0.00712917
25 25 0.84951691
5 7 0.00094884
5 4 0.00410045
5 6 0.02227549
5 3 0.00083123
5 5 0.66233604
37 37 0.95837720
103 102 0.04376062
103 101 0.08960066
103 103 0.77633285
103 104 0.00069373
60 60 0.72634120
60 59 0.10637487
49 48 0.16530828
49 49 0.82918228
82 81 0.00164444
82 80 0.03066911
82 82 0.49166063
33 33 0.94915040
97 97 0.89240859
97 95 0.04929628
97 96 0.01674043
45 45 0.61547953
45 44 0.01718285
135 132 0.00102503
135 134 0.13615195
135 135 0.40756126
135 131 0.00115789
135 133 0.00077168
135 136 0.26287850
116 115 0.00110523
116 114 0.00604772
116 116 0.83449181
132 133 0.00922235
132 131 0.03954158
132 134 0.00151884
132 132 0.33339336
132 129 0.00058132
92 89 0.00228497
92 92 0.70152300
92 90 0.00451989
92 91 0.00663053
19 21 0.00118079
19 18 0.04009197
19 17 0.00128952
19 19 0.78472250
19 20 0.01206074
70 68 0.02560504
70 69 0.09459917
70 70 0.34019888
88 88 0.72118668
88 87 0.00980225
88 86 0.02513184
143 142 0.05255682
143 146 0.00087381
143 144 0.01673757
143 143 0.33580634
48 48 0.82921639
48 47 0.16342283
48 49 0.00081277
62 62 0.78862414
62 61 0.04453123
63 61 0.00084431
63 62 0.15980401
63 63 0.79772723
4 2 0.00284424
4 6 0.00233175
4 4 0.72425235
4 5 0.01127307
4 3 0.00419771
26 25 0.01403194
26 27 0.00197659
26 26 0.93487201
142 142 0.42626279
142 143 0.00090609
142 141 0.01942348
83 83 0.51833336
83 82 0.00158741
83 81 0.00115077
131 130 0.02659865
131 132 0.01336902
131 131 0.37075328
131 133 0.00328779
141 142 0.00106293
141 140 0.02639215
141 141 0.44665566
16 16 0.71805997
16 17 0.00177382
16 15 0.00964348
11 12 0.01771057
11 10 0.02913891
11 11 0.88841520
11 9 0.00072090
27 26 0.01261421
27 28 0.00122417
27 27 0.95586618
68 68 0.73670001
68 64 0.00068738
68 67 0.00206853
91 89 0.00323819
91 90 0.00818915
91 91 0.75586490
78 78 0.77538010
78 76 0.06398389
78 77 0.01333732
21 21 0.81071048
21 22 0.00886573
21 20 0.03150456
21 19 0.00097923
120 122 0.00119782
120 119 0.01565699
120 118 0.09035433
120 120 0.75242814
120 123 0.00051301
140 141 0.00123739
140 139 0.01005766
140 140 0.63989214
146 147 0.00098336
146 146 0.66828288
146 145 0.01793721
146 148 0.01304357
3 4 0.00933886
3 5 0.00103723
3 3 0.61398487
3 1 0.00512751
3 2 0.00748852
46 45 0.01149780
46 46 0.66285317
148 147 0.00078775
148 148 0.81304139
148 150 0.00148168
117 117 0.85013577
117 115 0.11266135
117 116 0.02161525
74 72 0.06754344
74 73 0.09165932
74 74 0.56054217
124 122 0.03502653
124 121 0.00218468
124 125 0.00825764
124 123 0.00408618
124 126 0.00286666
124 124 0.84325812
121 124 0.00055592
121 123 0.00113918
121 120 0.00660305
121 118 0.00073844
121 121 0.86065223
121 122 0.00098892
121 119 0.05771212
147 148 0.00052149
147 146 0.00329781
147 149 0.00945330
147 147 0.74776867
36 36 0.93814764
32 32 0.88043537
6 5 0.01054522
6 6 0.42253924
6 4 0.00084479
6 8 0.00201396
6 7 0.01090772
100 98 0.11934053
100 101 0.00075229
100 100 0.78188597
100 99 0.01710891
10 11 0.01547057
10 9 0.02922531
10 12 0.00095758
10 8 0.00126573
10 10 0.89779894
67 66 0.00223467
67 67 0.81910319
67 63 0.00069134
67 65 0.00296593
53 52 0.10261533
53 53 0.50655458
115 113 0.00592629
115 115 0.82950811
96 94 0.00970671
96 95 0.00292692
96 96 0.90661252
133 132 0.02512719
133 134 0.14713345
133 133 0.47572151
8 8 0.89191353
8 6 0.00827151
8 9 0.01056703
8 7 0.02919020
136 137 0.26570349
136 136 0.38895160
136 133 0.00056179
136 135 0.13163404
136 134 0.00147483
136 132 0.00071997
2 4 0.00102086
2 3 0.00825459
2 1 0.01338684
2 2 0.88391303
9 8 0.02985055
9 10 0.01710914
9 11 0.00108683
9 9 0.84622480
9 7 0.00472153
89 89 0.68547014
89 88 0.00941887
89 87 0.00103457
65 64 0.14756043
65 65 0.67394206
65 63 0.00960792
87 87 0.71220021
87 86 0.09668663
87 85 0.04136234
55 55 0.51340090
55 54 0.04370265
144 143 0.04783642
144 144 0.61136130
144 145 0.01784434
137 137 0.43965603
137 136 0.12796866
137 135 0.00143125
137 133 0.00061266
137 138 0.13616914
22 23 0.00873729
22 22 0.78357783
22 21 0.00973590
79 77 0.00919311
79 79 0.77345306
79 78 0.09391688
24 24 0.84520076
24 23 0.02472365
24 25 0.00791435
134 134 0.47746314
134 131 0.00056833
134 133 0.06677865
134 135 0.24277291
57 56 0.12720893
57 57 0.41384817
158 158 0.79871993
13 14 0.01650945
13 12 0.00345267
13 13 0.71047046
75 75 0.62711737
75 73 0.06558766
75 74 0.09351485
90 88 0.00073984
90 90 0.76101260
90 89 0.05946182
94 94 0.81052087
94 93 0.01234315
94 92 0.02116122
152 152 0.79848282
102 103 0.00059228
102 102 0.76574066
102 101 0.04351471
102 100 0.10081053
98 97 0.01932989
98 98 0.80635045
98 96 0.05522283
149 149 0.93561605
59 57 0.00055297
59 58 0.11637297
59 59 0.58170798
80 78 0.06651471
80 80 0.60879860
80 79 0.09424557
122 124 0.00213153
122 125 0.00055065
122 123 0.00239062
122 120 0.04793625
122 121 0.00656056
122 122 0.68789776
122 119 0.00177154
12 11 0.01093654
12 14 0.00103976
12 12 0.88238447
12 13 0.00824304
118 116 0.08625587
118 118 0.85264244
118 120 0.00061295
118 117 0.02360358
51 51 0.59773750
51 50 0.10283335
119 118 0.02506356
119 122 0.00050002
119 119 0.70782985
119 121 0.00078049
119 117 0.08760183
157 157 0.84558604
160 160 0.86199588
58 58 0.47465828
58 57 0.13024736
40 39 0.00958049
40 40 0.81094291
123 125 0.00330766
123 123 0.72112994
123 124 0.00412363
123 122 0.00417654
123 121 0.03861751
123 120 0.00222766
41 41 0.83643974
41 40 0.06338176
81 80 0.04294033
81 81 0.42846227
81 79 0.06846498
138 136 0.00131922
138 137 0.12384275
138 138 0.69612973
138 134 0.00059505
138 139 0.11675832
130 127 0.00118125
130 130 0.55404099
130 129 0.04180879
130 131 0.00793905
130 133 0.00097683
15 14 0.01914462
15 15 0.62432778
15 16 0.00109608
64 63 0.15362064
64 64 0.77495417
64 62 0.00362649
47 47 0.64270145
47 46 0.01031524
109 108 0.00243796
109 109 0.70977842
109 107 0.01150756
156 156 0.92905598
93 93 0.70378994
93 92 0.03298828
93 91 0.00060414
108 108 0.74619023
108 106 0.10256062
108 107 0.00364050
105 105 0.77832970
105 103 0.10466308
105 104 0.03350630
56 56 0.31610297
56 55 0.13270071
29 29 0.85048270
29 30 0.00112063
139 140 0.00389626
139 138 0.05127815
139 139 0.73836220
129 129 0.47974102
129 130 0.24348071
129 128 0.03136019
129 127 0.00088357
129 131 0.00092238
129 126 0.00121443
42 42 0.68230787
42 41 0.08260321
