41 62 41 64 0.01865428
41 64 41 64 0.04004768
41 68 41 68 0.02477552
61 71 61 69 0.00057953
46 57 46 59 0.00051049
46 57 47 58 0.00068124
46 63 46 63 0.04916610
138 147 133 141 0.00212773
138 147 130 140 0.06039755
138 147 131 144 0.02177294
138 147 131 139 0.00669240
138 147 132 143 0.29212835
138 147 129 138 0.00075090
130 154 125 150 0.00844457
49 57 50 59 0.00080490
49 57 49 58 0.00148134
134 151 128 147 0.28645573
134 151 127 148 0.01299274
134 151 127 143 0.00320712
135 150 127 143 0.07859402
135 150 130 145 0.03650293
135 150 128 147 0.02286254
135 150 128 142 0.00691532
42 65 42 63 0.00081714
42 61 42 63 0.03970961
42 57 42 57 0.00080822
42 63 42 63 0.03563058
92 118 95 120 0.06592815
103 108 98 103 0.00264776
63 79 63 79 0.00776210
63 79 63 77 0.00451277
7 126 6 120 0.03451933
7 126 7 119 0.00448807
7 15 7 14 0.03716485
7 15 6 15 0.00878827
7 130 7 123 0.02503360
7 130 6 124 0.00812660
139 146 132 143 0.01235052
139 146 132 138 0.00338249
139 146 134 140 0.00188527
139 146 131 139 0.05313209
139 146 133 141 0.06535274
139 146 130 137 0.00069675
140 145 133 141 0.01737971
140 145 132 138 0.07611398
140 145 134 140 0.06894957
140 145 131 136 0.00068326
140 145 140 144 0.00079033
140 145 135 139 0.00217668
132 152 127 148 0.01281166
132 154 125 150 0.02350688
132 154 123 147 0.00074243
70 77 69 75 0.00085669
70 77 69 76 0.00128393
101 110 97 105 0.00727257
101 110 94 103 0.00073212
101 110 104 112 0.12085307
101 110 96 105 0.00059683
62 67 63 67 0.00072138
12 123 9 117 0.00349310
50 57 51 58 0.00572748
50 57 50 57 0.01441074
50 58 50 59 0.00433146
50 58 51 58 0.00135366
99 112 96 106 0.09079646
99 112 95 107 0.00415451
99 112 102 114 0.08576588
102 108 98 103 0.00688887
102 109 105 111 0.10044591
102 109 95 102 0.00090453
102 109 98 103 0.15384856
51 57 51 58 0.00477111
51 57 52 57 0.00059676
51 58 51 58 0.39701608
98 113 95 107 0.08346467
133 152 127 148 0.23017403
133 152 125 145 0.02764616
133 152 126 149 0.01357572
133 152 128 147 0.02438139
133 151 128 147 0.01234664
131 154 123 147 0.01403375
131 154 125 150 0.01104125
131 154 124 151 0.00086136
131 154 126 149 0.00149831
131 155 124 151 0.01986083
131 155 123 151 0.00117850
8 129 7 123 0.00340076
8 129 8 122 0.01751447
8 14 8 13 0.03352137
8 14 7 14 0.00680181
8 125 8 118 0.01155760
8 125 7 119 0.00408443
8 88 8 91 0.00074295
8 127 5 121 0.00142223
8 127 8 122 0.01528300
8 127 8 118 0.00082131
9 124 8 118 0.03034427
9 124 9 117 0.01875883
9 87 9 90 0.00085954
9 126 6 120 0.00341307
9 126 9 117 0.00084407
9 13 8 13 0.01585440
5 130 5 125 0.00861806
5 132 5 125 0.00262700
125 131 120 126 0.00112277
125 131 119 125 0.00088501
44 60 44 61 0.00595887
44 55 44 55 0.00119115
58 72 58 72 0.01831690
47 56 48 57 0.00099404
47 56 47 58 0.00066366
47 62 47 62 0.08939098
11 124 8 118 0.00339670
60 69 61 69 0.00062819
60 69 60 69 0.11100588
69 75 69 75 0.05946416
69 75 69 74 0.01094501
97 113 95 107 0.04769035
43 62 43 62 0.03497151
43 56 43 56 0.00114432
43 60 43 62 0.01342513
43 66 43 66 0.03132759
10 86 10 89 0.00066368
10 125 7 119 0.00068577
100 111 97 105 0.23747117
100 111 103 113 0.07743790
100 111 96 106 0.00626904
100 111 96 105 0.04752763
6 131 5 125 0.00106547
6 131 6 124 0.01232008
6 16 6 15 0.03803585
6 15 6 15 0.15503995
45 64 45 64 0.05206712
45 54 45 54 0.00290362
45 59 45 60 0.00793798
53 60 51 58 0.00079106
53 62 51 58 0.00082114
127 153 121 149 0.23151000
127 153 122 148 0.01426160
136 149 130 145 0.30034821
136 149 127 140 0.00069150
136 149 131 144 0.03402804
136 149 128 142 0.07770014
137 148 128 139 0.00063356
137 148 132 143 0.03700598
137 148 131 144 0.26196285
137 148 130 140 0.00248748
137 148 130 145 0.01365090
48 58 49 60 0.00460784
48 58 48 59 0.00823256
48 61 48 59 0.00069285
94 116 97 118 0.08088211
126 154 121 149 0.00311088
71 76 69 74 0.00708937
57 73 57 73 0.00075152
52 65 50 59 0.00050142
52 63 50 59 0.00081851
52 57 54 59 0.00112053
52 57 52 57 0.17847079
52 61 50 59 0.00132518
