85 105 85 105 0.14873900
132 138 132 138 0.08802870
132 140 132 140 0.60973900
40 117 40 117 0.04998900
40 116 40 116 0.20001400
49 71 49 71 0.11253500
123 154 123 154 0.02564330
123 149 123 149 0.18150300
123 148 123 148 0.40056400
43 114 43 114 0.22869900
43 156 43 156 0.04329790
43 113 43 113 0.15310000
57 62 57 62 0.70402900
122 155 122 155 0.05697200
122 150 122 150 0.27652000
88 102 88 102 0.54209500
117 153 117 153 0.23879100
81 90 81 90 0.00188314
127 145 127 145 0.56559800
9 27 9 27 0.60507200
116 155 116 155 0.15056200
84 105 84 105 0.56049000
126 145 126 145 0.15716400
126 146 126 146 0.70896400
86 103 86 103 0.01809470
86 105 86 105 0.03898050
46 71 46 71 0.02069530
46 154 46 154 0.00128864
46 73 46 73 0.12458500
46 111 46 111 0.06481500
118 155 118 155 0.01518180
118 152 118 152 0.21060100
118 159 118 159 0.03172740
16 21 16 21 0.09485880
82 108 82 108 0.16060500
82 89 82 89 0.00241565
76 114 76 114 0.04323840
76 95 76 95 0.00056970
79 111 79 111 0.15332300
79 92 79 92 0.00059278
90 100 90 100 0.65715400
45 72 45 72 0.17752300
45 74 45 74 0.20598300
45 112 45 112 0.37021400
45 155 45 155 0.00572252
133 138 133 138 0.48929100
133 140 133 140 0.01231480
133 137 133 137 0.05214620
56 63 56 63 0.70819200
83 106 83 106 0.20279500
83 88 83 88 0.00503670
113 157 113 157 0.01070140
113 121 113 121 0.00168896
113 158 113 158 0.03426680
113 122 113 122 0.00276874
8 28 8 28 0.70957300
41 115 41 115 0.17332100
41 116 41 116 0.08637600
41 158 41 158 0.09354070
74 116 74 116 0.00391621
38 118 38 118 0.13679600
38 149 38 149 0.00425330
38 111 38 111 0.00417834
38 160 38 160 0.03946790
124 147 124 147 0.75268600
11 22 11 22 0.14026700
34 42 34 42 0.01563160
34 41 34 41 0.01492290
34 40 34 40 0.01242600
55 64 55 64 0.70819700
5 31 5 31 0.60507300
7 29 7 29 0.60507300
87 103 87 103 0.88871300
1 37 1 37 0.01745960
1 34 1 34 0.13919500
1 157 1 157 0.03288300
1 36 1 36 0.07671080
1 35 1 35 0.19252400
115 155 115 155 0.02161740
115 156 115 156 0.11526400
115 120 115 120 0.01405720
48 71 48 71 0.48136300
128 144 128 144 0.58090800
10 23 10 23 0.09729670
10 26 10 26 0.53024700
93 98 93 98 0.22504200
93 97 93 97 0.19695100
121 150 121 150 0.14263200
121 156 121 156 0.07387150
54 65 54 65 0.60347900
75 97 75 97 0.00096067
130 142 130 142 0.68849900
71 83 71 83 0.03852870
6 30 6 30 0.70957300
39 117 39 117 0.20533900
39 148 39 148 0.00221814
39 118 39 118 0.01735090
120 157 120 157 0.05466080
120 151 120 151 0.10058200
3 33 3 33 0.97179100
3 37 3 37 0.00692670
13 23 13 23 0.36474700
12 25 12 25 0.09987410
12 21 12 21 0.17345700
91 99 91 99 0.54692400
77 94 77 94 0.00063515
14 19 14 19 0.10739600
14 22 14 22 0.35846300
70 106 70 106 0.00853193
42 157 42 157 0.08232370
42 115 42 115 0.16707800
119 151 119 151 0.26762600
119 154 119 154 0.01911630
119 158 119 158 0.04057820
51 68 51 68 0.60345100
35 114 35 114 0.00860904
35 40 35 40 0.02616370
35 42 35 42 0.01262380
35 41 35 41 0.02362850
73 81 73 81 0.20607400
44 156 44 156 0.00472549
44 112 44 112 0.14550500
44 155 44 155 0.01345870
44 113 44 113 0.21613400
37 112 37 112 0.00582796
37 119 37 119 0.12507200
37 150 37 150 0.00830699
112 122 112 122 0.00062492
112 158 112 158 0.00581986
114 157 114 157 0.07547060
114 121 114 121 0.00785610
36 40 36 40 0.04098140
36 41 36 41 0.02152610
36 113 36 113 0.00853443
36 120 36 120 0.09713260
89 101 89 101 0.54568400
2 156 2 156 0.01984500
2 38 2 38 0.04773390
72 82 72 82 0.27220600
52 67 52 67 0.70819300
131 139 131 139 0.01107940
131 141 131 141 0.68088700
53 66 53 66 0.70819600
125 146 125 146 0.13530100
129 143 129 143 0.68850000
4 32 4 32 0.70770900
4 36 4 36 0.00068697
