106 106 0.13414400
126 126 0.92774600
112 112 0.20071300
26 26 0.65392000
40 42 0.07971830
40 40 0.66568500
40 41 0.08023120
40 43 0.00149938
123 123 0.47194600
147 147 0.92568000
13 13 0.27495200
109 109 0.41722200
85 85 0.38735200
2 2 0.99985800
15 15 0.79835500
108 108 0.40897900
93 93 0.34673400
105 105 0.34678800
87 87 0.98313100
86 86 0.18661800
11 11 0.91735400
56 56 0.62358500
56 57 0.05848110
56 58 0.30323300
56 55 0.00055072
74 74 0.97361000
74 75 0.00057415
44 45 0.03680400
44 47 0.00054170
44 44 0.62498900
44 46 0.04859890
27 27 0.88190500
120 120 0.69536300
64 65 0.00189833
64 64 0.61825700
64 66 0.01890930
97 97 0.82021000
129 129 0.93622800
114 114 0.72398000
22 22 0.45027900
62 61 0.00056438
62 64 0.00300312
62 62 0.64599500
113 113 0.44698500
117 117 0.67053400
131 131 0.41896700
115 115 0.71017000
78 78 0.94994100
23 23 0.49972700
63 64 0.00111463
63 65 0.22819500
63 63 0.65148200
130 130 0.86032700
124 124 0.39726200
55 56 0.05652000
55 55 0.62353200
55 57 0.30296200
102 102 0.90774700
128 128 0.90194400
60 60 0.63813700
60 61 0.00446695
60 62 0.00329233
60 59 0.00093124
158 158 0.92392500
90 90 0.40638500
59 58 0.00080312
59 61 0.00306251
59 60 0.00823630
59 59 0.62550800
4 4 0.99988700
139 139 0.82984300
84 84 0.90404100
82 82 0.86969400
125 125 0.82162700
52 55 0.00590279
52 54 0.30323600
52 52 0.62245100
52 53 0.01399790
5 5 0.99989600
34 34 0.32074500
34 35 0.00338639
150 150 0.78156600
69 69 0.97232600
69 70 0.00123605
138 138 0.66002200
145 145 0.62536000
103 103 0.04338970
54 56 0.30313900
54 54 0.62405800
54 57 0.00226199
54 55 0.05485840
42 45 0.00088215
42 44 0.25206700
42 43 0.07266900
42 41 0.00065495
42 42 0.64444200
36 37 0.03035560
36 36 0.45350400
127 127 0.92503600
144 144 0.69541200
111 111 0.99717400
157 157 0.78676800
58 60 0.00311319
58 57 0.00053681
58 58 0.62353900
58 59 0.00245596
57 59 0.30351200
57 56 0.00051402
57 57 0.62372500
57 58 0.03595300
14 14 0.55988100
95 95 0.99958900
94 94 0.04338880
110 110 0.32742400
6 6 0.99143900
89 89 0.40307100
29 29 0.97913900
10 10 0.97374800
35 35 0.59047300
35 36 0.00534891
149 149 0.88864100
99 99 0.99969500
98 98 0.99957800
153 153 0.99942900
151 151 0.99945700
53 53 0.62395300
53 56 0.00395885
53 54 0.04325410
53 55 0.30303900
30 30 0.67575500
119 119 0.32782600
148 148 0.97508400
8 8 0.94628500
152 152 0.99952900
80 80 0.84048900
1 1 0.99991800
92 92 0.13389500
81 81 0.94041600
51 51 0.62084700
51 54 0.01719830
51 53 0.27811400
51 52 0.00584921
47 47 0.61549700
47 49 0.09067740
47 48 0.03086070
33 34 0.00100426
33 33 0.85960500
96 96 0.99950500
160 160 0.99990200
68 70 0.00076537
68 68 0.92805400
68 69 0.00560780
17 17 0.46574400
71 71 0.85672400
37 38 0.02963070
37 37 0.80916200
37 39 0.00200295
118 118 0.34800800
16 16 0.96910100
67 68 0.02555710
67 69 0.00585391
67 67 0.73091100
31 31 0.81589700
136 136 0.89158400
7 7 0.94912100
142 142 0.96734200
18 18 0.76024300
39 42 0.00062473
39 40 0.00685211
39 39 0.72075500
39 41 0.04558590
133 133 0.36949700
121 121 0.70716000
88 88 0.31328000
20 20 0.85441500
66 68 0.03006410
66 67 0.00175132
66 66 0.69513600
134 134 0.56438600
32 32 0.84108100
32 33 0.00056889
137 137 0.71267400
9 9 0.94505600
70 71 0.00063548
70 70 0.92395900
155 155 0.67318800
100 100 0.99964300
140 140 0.94705100
46 46 0.61557900
46 48 0.00368419
46 47 0.00232184
61 60 0.00093566
61 61 0.64167300
61 63 0.08568820
61 62 0.00075984
43 46 0.00053465
43 43 0.62859400
43 45 0.06387120
43 44 0.06432970
41 42 0.14183400
41 40 0.00076452
41 41 0.65744600
41 43 0.17474900
41 44 0.00752196
25 25 0.64160300
72 72 0.79931400
72 73 0.00091553
73 74 0.00064488
73 73 0.22264000
24 24 0.57429000
77 77 0.28025200
141 141 0.95159700
75 75 0.48940100
76 76 0.54011400
79 79 0.91281300
28 28 0.97602300
50 50 0.61905800
50 51 0.02607980
50 52 0.02811090
45 46 0.02335310
45 45 0.61790100
45 47 0.26534000
3 3 0.99978500
146 146 0.88214900
156 156 0.69146100
91 91 0.12778900
132 132 0.34025700
135 135 0.71997800
83 83 0.94399400
38 40 0.00583514
38 38 0.18810600
38 39 0.09993510
19 19 0.94673900
154 154 0.86520800
48 48 0.61580200
48 50 0.00368480
48 49 0.03045720
21 21 0.59259600
143 143 0.69491400
101 101 0.91242200
116 116 0.66530700
107 107 0.12804900
65 65 0.69719900
65 67 0.00275076
65 66 0.00051148
49 50 0.02761210
49 49 0.61612000
49 51 0.00296893
49 52 0.00052264
122 122 0.53109800
12 12 0.59146300
104 104 0.99994700
159 159 0.99993900
