58 58 0.99886544
28 28 0.68880502
138 138 0.68579250
96 96 0.78530050
67 67 0.25367327
10 10 0.61766747
10 9 0.00248498
34 34 0.72297933
105 105 0.85832764
105 104 0.03028685
103 102 0.02533229
103 103 0.83766237
103 101 0.00254906
99 97 0.00085590
99 99 0.78373132
135 136 0.00099102
135 134 0.00083391
135 135 0.96188628
45 45 0.17426107
126 126 0.77427286
152 152 0.72982419
116 114 0.00050774
116 116 0.90572092
116 117 0.00101466
116 115 0.02097098
33 33 0.72439063
26 26 0.46331197
57 57 0.99864148
87 87 0.82495211
36 36 0.58761219
146 146 0.78882013
24 24 0.60154239
123 123 0.46842686
123 122 0.00329248
21 21 0.97666148
68 68 0.97890579
102 102 0.81760713
102 100 0.00151386
102 101 0.00494230
155 155 0.80790645
139 139 0.79409124
84 84 0.72429978
93 93 0.78940527
77 77 0.48783096
11 10 0.00093607
11 11 0.60510472
118 118 0.77695401
118 116 0.00172656
118 119 0.00126582
118 117 0.02584773
37 37 0.53972919
71 71 0.08274189
133 133 0.78224122
83 83 0.74605032
119 118 0.02476693
119 117 0.00185854
119 119 0.79088329
128 128 0.48421710
159 159 0.94839042
131 131 0.55199567
98 96 0.00076972
98 98 0.79587052
56 56 0.69290518
2 2 0.97800861
76 76 0.53030617
121 120 0.00512701
121 121 0.78934401
160 160 0.94855969
140 140 0.48891660
109 108 0.01500781
109 109 0.56319968
150 150 0.90138932
51 51 0.17041276
47 47 0.98476228
63 63 0.25291549
38 38 0.72710574
35 35 0.57422591
60 60 0.53178436
48 48 0.25569227
3 3 0.59157886
85 85 0.66832378
65 65 0.18641059
29 29 0.71521467
74 74 0.92063057
14 14 0.98329589
14 13 0.00097972
108 108 0.66529336
108 107 0.01461849
69 69 0.86737005
12 12 0.48372015
12 11 0.00064033
94 94 0.70283582
15 15 0.89547274
158 158 0.83496321
78 78 0.82454387
64 64 0.17037606
42 42 0.96115401
92 92 0.75345165
32 32 0.56382497
43 43 0.24141087
136 135 0.00115051
136 137 0.00088659
136 136 0.84727063
59 59 0.99899644
129 129 0.46538119
80 80 0.84795807
100 98 0.00140291
100 100 0.82824069
81 81 0.79667104
106 105 0.02307190
106 106 0.75977907
114 115 0.00073114
114 114 0.81717499
114 113 0.02146335
50 50 0.18671747
53 53 0.33741615
30 30 0.82645958
88 88 0.84871874
143 143 0.67379659
19 19 0.80563790
113 113 0.78594940
113 114 0.00071280
113 112 0.01733643
149 149 0.90901076
61 61 0.69316176
41 41 0.72820649
7 7 0.81668766
130 130 0.84389112
112 111 0.01680096
112 112 0.71096625
137 138 0.00061407
137 136 0.00097171
137 137 0.61788689
52 52 0.26659375
89 89 0.53927732
142 142 0.60630964
22 22 0.60196209
145 145 0.57104838
104 104 0.82310545
104 103 0.01780395
111 111 0.71444202
111 110 0.01643553
120 119 0.01428192
120 120 0.77117611
120 118 0.00101065
75 75 0.75447980
72 72 0.31475378
90 90 0.81746249
82 82 0.75419835
79 79 0.86325916
1 1 0.75480079
115 116 0.00085711
115 114 0.01401653
115 115 0.90305814
148 148 0.83595152
86 86 0.45111814
23 23 0.48319002
66 66 0.20271500
153 153 0.71338048
20 20 0.96094843
49 49 0.20347148
46 46 0.87311203
44 44 0.08034506
8 7 0.00067295
8 8 0.43259907
156 156 0.88500214
101 99 0.00150149
101 100 0.00220961
101 101 0.68583976
91 91 0.70021229
5 5 0.58154712
122 121 0.00401118
122 122 0.83733832
13 13 0.58152578
154 154 0.75012143
157 157 0.78187180
6 6 0.61313859
125 125 0.49335840
125 124 0.00055264
16 16 0.89542349
40 40 0.51877542
25 25 0.41627499
9 9 0.59649810
9 8 0.00078182
17 17 0.98447387
151 151 0.90668938
73 73 0.66755508
54 54 0.87492949
4 4 0.79627491
147 147 0.54559153
95 95 0.86892456
132 132 0.84358818
27 27 0.47140149
124 123 0.00122555
124 124 0.65775441
141 141 0.44844824
117 116 0.02570604
117 117 0.92825781
117 118 0.00162187
62 62 0.24793213
39 39 0.29950794
18 18 0.75249935
134 134 0.96300666
134 135 0.00053706
127 127 0.56096116
70 70 0.16974985
110 110 0.85123673
110 109 0.01579083
144 144 0.42782250
97 97 0.78358406
97 95 0.00067312
55 55 0.53218282
107 106 0.00726429
107 107 0.78290081
31 31 0.63992486
