124 124 0.78375786
117 117 0.60897876
33 33 0.73540421
48 48 0.60189202
112 112 0.71472280
126 126 0.45849364
153 153 0.56570789
130 130 0.62105449
43 43 0.59208251
140 140 0.78077420
79 79 0.73978224
10 10 0.81301668
99 99 0.62940855
82 82 0.56546082
9 9 0.86416677
142 142 0.65675548
138 138 0.49684868
87 87 0.64283480
63 63 0.94894532
155 155 0.33948742
30 30 0.48046255
52 52 0.73279846
2 2 0.78053143
106 106 0.88750154
160 160 0.97227131
111 111 0.58390764
72 72 0.84604596
7 7 0.95569886
26 26 0.86565401
95 95 0.52260573
65 65 0.92255903
136 136 0.45795546
74 74 0.80207257
146 146 0.49547326
8 8 0.94745187
12 12 0.93903940
62 62 0.49537092
101 101 0.90499946
66 66 0.45620630
93 93 0.74452688
137 137 0.33702236
118 118 0.66735599
98 98 0.65073621
73 73 0.64927250
76 76 0.50455859
41 41 0.68604724
42 42 0.55404014
127 127 0.57312630
45 45 0.50413700
89 89 0.68624644
100 100 0.69620634
20 20 0.70677803
25 25 0.87831615
156 156 0.88346293
81 81 0.63879910
23 23 0.37802104
22 22 0.32599561
1 1 0.93048043
56 56 0.79869188
47 47 0.46495102
119 119 0.66813736
94 94 0.73976419
77 77 0.68506342
58 58 0.50353210
78 78 0.52895322
53 53 0.84408618
114 114 0.76817393
27 27 0.86738273
3 3 0.75955659
128 128 0.67000585
21 21 0.48727908
132 132 0.63555862
103 102 0.00074572
103 103 0.90316711
4 4 0.78643087
28 28 0.56157146
75 75 0.54462699
144 144 0.46721815
61 61 0.51638574
158 158 0.90719531
139 139 0.63304196
131 131 0.69000595
50 50 0.65525270
141 141 0.59903002
37 37 0.74462791
16 16 0.71921922
157 157 0.91748481
116 116 0.53070017
120 120 0.45758039
105 105 0.89789814
104 104 0.74753159
104 103 0.00083099
97 97 0.82693146
107 107 0.82837481
32 32 0.53949501
109 109 0.65177288
134 134 0.45268825
147 147 0.54391195
5 5 0.78687297
59 59 0.37091495
83 83 0.62155970
57 57 0.53750084
151 151 0.72856125
159 159 0.93017196
68 68 0.61689771
145 145 0.26954511
18 18 0.68423996
123 123 0.84927189
40 40 0.75744257
39 39 0.63156655
38 38 0.75077421
54 54 0.81267858
108 108 0.80435800
152 152 0.66776143
46 46 0.30047118
44 44 0.64578974
92 92 0.73210523
122 121 0.00056241
122 122 0.83362821
129 129 0.72663435
51 51 0.77431891
15 15 0.63224872
80 80 0.66211181
110 110 0.60814195
24 24 0.67173123
13 13 0.71679556
91 91 0.63714367
67 67 0.51376011
6 6 0.75648981
70 70 0.54445554
113 113 0.72869468
60 60 0.58519830
49 49 0.82687299
84 84 0.71745313
88 88 0.87545072
143 143 0.73597790
31 31 0.37585712
90 90 0.59583943
55 55 0.76441440
36 36 0.90167480
86 86 0.82534536
115 115 0.66559153
64 64 0.89602095
69 69 0.48722756
35 35 0.80107527
102 102 0.84460253
102 101 0.00068463
71 71 0.67298577
19 19 0.87037761
133 133 0.81443564
149 149 0.91523554
85 85 0.80034224
11 11 0.78017564
154 154 0.56111169
14 14 0.77810137
125 125 0.36485283
150 150 0.82901836
29 29 0.66115858
34 34 0.88201455
17 17 0.51128878
148 148 0.64829778
96 96 0.62187807
121 121 0.82271988
135 135 0.45356515
