148 150 0.46654992
148 149 0.00131904
148 148 0.29576575
148 151 0.00313599
20 22 0.00085579
20 20 0.01572005
20 15 0.00367703
20 16 0.00118267
20 19 0.00103082
20 14 0.00340532
20 21 0.00258084
11 13 0.00779224
11 17 0.00132864
11 16 0.00648007
11 15 0.00094050
11 11 0.43500428
11 14 0.00151299
11 12 0.11877347
38 43 0.00315209
38 45 0.01827829
38 46 0.00617669
38 39 0.00083281
38 44 0.00322850
38 38 0.29429097
99 103 0.00067261
99 96 0.00086701
99 100 0.00349628
99 97 0.00062919
99 101 0.27792310
99 99 0.29328710
99 102 0.02623969
58 58 0.78392205
32 38 0.00064076
32 40 0.00114735
32 32 0.07826378
32 42 0.00087548
5 5 0.76693636
16 19 0.00194678
16 13 0.00717480
16 16 0.44451781
16 17 0.00232695
16 15 0.02053037
16 11 0.00276221
16 18 0.00065400
16 21 0.00192469
16 14 0.01778125
16 12 0.00182503
127 130 0.01179408
127 125 0.03952224
127 127 0.41350466
127 131 0.01632346
127 129 0.09285576
127 126 0.00741120
127 128 0.03937318
152 153 0.00152328
152 154 0.04544567
152 152 0.37527441
116 117 0.00144038
116 118 0.26196389
116 119 0.00959234
116 120 0.00164876
116 121 0.00093511
116 116 0.24952505
130 134 0.00635205
130 131 0.02727561
130 129 0.01059746
130 133 0.00404503
130 130 0.55211265
130 128 0.01340492
130 132 0.14830648
62 62 0.78861778
86 88 0.02348414
86 87 0.29875441
86 86 0.45793008
86 84 0.00619372
57 57 0.72679073
52 52 0.15704064
95 93 0.00463722
95 98 0.00510467
95 96 0.00293824
95 97 0.32137221
95 94 0.00189681
95 92 0.00060767
95 95 0.61056648
114 119 0.00090403
114 115 0.00418724
114 114 0.66605626
114 118 0.00134763
114 117 0.01360690
114 116 0.24503091
83 84 0.20808472
83 86 0.00082671
83 82 0.00216983
83 85 0.02789729
83 83 0.39192058
83 81 0.00649680
113 113 0.52697980
113 116 0.01574099
113 117 0.00109700
113 118 0.00092346
113 114 0.00398663
113 115 0.24301125
72 72 0.91498645
72 73 0.00059691
72 74 0.00673609
13 17 0.00183874
13 16 0.00116666
13 19 0.00960217
13 13 0.56612515
13 11 0.01105439
13 15 0.00519802
13 10 0.00070377
13 18 0.01401537
13 12 0.01108878
13 14 0.11833834
158 159 0.06883140
158 157 0.00161217
158 158 0.52319782
102 103 0.00999704
102 105 0.03997273
102 104 0.24116301
102 99 0.00089698
102 102 0.60476678
102 106 0.00063641
132 134 0.18933973
132 131 0.00405062
132 133 0.01217157
132 130 0.01104445
132 132 0.36267049
132 135 0.00064396
112 113 0.00292182
112 116 0.00096591
112 115 0.01780856
112 112 0.53032060
112 117 0.00086627
112 114 0.24096178
50 50 0.15488300
80 82 0.03569572
80 79 0.00551587
80 83 0.00220865
80 80 0.60098587
80 81 0.13667160
80 78 0.00455615
12 12 0.75032344
12 14 0.00794888
12 18 0.00360306
12 11 0.01047278
12 15 0.00095147
12 17 0.00736983
12 16 0.00234382
12 13 0.12564504
4 4 0.23288601
23 35 0.00884799
23 28 0.00824555
23 26 0.00101602
23 31 0.00307849
23 30 0.00535589
23 23 0.12391719
23 33 0.00088530
23 24 0.00476897
23 27 0.01133263
23 29 0.02205285
23 32 0.00841102
23 34 0.00222009
23 25 0.05655811
7 7 0.15712431
41 43 0.00420610
41 45 0.00256090
41 42 0.00059366
41 46 0.00092137
41 41 0.14317043
133 133 0.17541534
133 134 0.00142771
133 131 0.00334288
133 132 0.00074936
133 135 0.06820507
43 43 0.48563489
43 45 0.00397523
43 46 0.00054566
43 47 0.00054174
43 42 0.00089826
43 44 0.01817555
43 39 0.00053418
43 37 0.00140913
43 38 0.00113824
67 69 0.00491910
67 65 0.00146936
67 67 0.76406343
24 23 0.00942373
24 33 0.00897820
24 24 0.28942360
24 30 0.02154324
24 27 0.00438153
24 34 0.00483436
24 29 0.00338808
24 32 0.00350105
24 25 0.00198384
24 22 0.00241872
24 28 0.05601433
24 35 0.00216286
24 31 0.01199391
24 26 0.07025089
24 36 0.01691574
89 90 0.24772588
89 87 0.00616390
89 89 0.59323276
89 91 0.07806840
68 66 0.00146173
68 70 0.00508383
68 68 0.74848005
71 73 0.00367153
71 71 0.74245648
71 69 0.00067282
37 42 0.00124105
37 47 0.00107832
37 46 0.00074238
37 45 0.02750154
37 43 0.04174448
37 38 0.00092921
37 37 0.31486552
37 39 0.00115006
37 44 0.00070530
97 97 0.61159267
97 94 0.00072762
97 100 0.00847323
97 96 0.00201451
97 98 0.00290753
97 99 0.30737290
97 95 0.00431894
59 59 0.73389443
155 156 0.02165405
155 155 0.46921269
155 157 0.08154630
103 104 0.00898296
103 106 0.04020985
103 103 0.62952518
103 100 0.00085522
103 105 0.23348326
63 63 0.78685820
63 65 0.00220064
119 124 0.00086586
119 123 0.00192825
119 121 0.25597786
119 122 0.00918697
119 120 0.00186354
119 117 0.00114219
119 119 0.47732022
51 51 0.23708888
49 49 0.21345052
88 88 0.61648968
88 91 0.00071157
88 90 0.04368486
88 86 0.00621759
88 89 0.28036511
44 45 0.00840793
44 43 0.00088539
44 40 0.00058824
44 46 0.00084533
44 44 0.31169639
44 39 0.00050198
129 132 0.01229806
129 128 0.00916046
129 129 0.53829173
129 131 0.12638340
129 127 0.01672150
129 130 0.03777277
129 133 0.00618786
19 18 0.00856040
19 14 0.01596092
19 13 0.01546048
19 19 0.10775433
19 17 0.00083462
19 16 0.00140398
19 15 0.00769212
87 88 0.29612523
87 89 0.02823411
87 87 0.28848825
87 85 0.00622560
28 26 0.01272349
28 22 0.00132086
28 38 0.00192421
28 25 0.00208864
28 34 0.00219728
28 29 0.00124114
28 32 0.00088673
28 23 0.00528433
28 31 0.00474222
28 36 0.00147452
28 28 0.50208212
28 35 0.00057398
28 27 0.00494967
28 24 0.04071291
28 33 0.00147210
28 30 0.00309496
100 100 0.15026992
100 101 0.00425345
100 104 0.00082286
100 103 0.03118657
100 97 0.00093021
100 102 0.26080895
74 76 0.01591665
74 75 0.00339576
74 74 0.87874656
109 112 0.03292242
109 113 0.00075717
109 111 0.22272149
109 109 0.34216052
109 110 0.00300655
109 114 0.00060553
78 78 0.64802091
78 76 0.00298657
78 79 0.11931440
78 81 0.00237854
78 80 0.03483721
78 77 0.00620926
73 75 0.01113829
73 74 0.00279905
73 73 0.87846100
139 139 0.51037140
139 141 0.00970025
1 1 0.72838917
122 121 0.00087179
122 122 0.51009108
122 123 0.00782893
122 125 0.01135681
122 120 0.00688245
122 127 0.00125723
122 124 0.20949469
122 126 0.00197591
64 66 0.00405047
64 64 0.71815831
111 116 0.00088909
111 115 0.00095107
111 114 0.01983024
111 113 0.23457742
111 111 0.62410874
111 112 0.00229026
98 95 0.00080156
98 100 0.28559953
98 101 0.02097101
98 99 0.00338262
98 102 0.00050945
98 98 0.60395750
98 96 0.00374944
98 97 0.00103252
145 147 0.02301538
145 145 0.37552327
21 33 0.00100817
21 30 0.00185241
21 27 0.00884098
21 15 0.01603078
21 16 0.02935323
21 19 0.00074003
21 23 0.00090970
21 21 0.47159390
21 25 0.00051374
21 20 0.00068105
21 22 0.00111567
21 17 0.00085411
159 158 0.00205726
159 159 0.57842392
48 48 0.59941957
54 54 0.93723663
141 141 0.16607065
141 143 0.09900870
141 142 0.00093246
36 36 0.39031261
36 44 0.00474437
36 45 0.00203158
36 43 0.00488559
36 42 0.00061149
36 46 0.00344794
101 104 0.03490691
101 101 0.40990718
101 105 0.00080833
101 102 0.00645749
101 103 0.24953860
101 98 0.00093447
134 136 0.01256881
134 134 0.16220517
107 107 0.38295709
107 108 0.00468362
107 109 0.21926369
107 110 0.03986902
107 111 0.00088613
124 123 0.00087528
124 122 0.02743989
124 124 0.38391261
124 127 0.01980580
124 129 0.00112846
124 125 0.00670883
124 126 0.14888743
124 128 0.01010246
35 35 0.18259345
35 42 0.00142795
35 43 0.06335046
35 45 0.02507739
35 38 0.00133969
35 37 0.00101766
35 39 0.00134477
15 20 0.00103242
15 17 0.00175089
15 13 0.03401033
15 12 0.00554707
15 21 0.00871976
15 15 0.45509940
15 16 0.08724327
15 19 0.00419866
15 14 0.02367947
15 18 0.00251089
18 12 0.00653162
18 17 0.00177195
18 13 0.01546279
18 18 0.20901453
18 14 0.00769186
18 16 0.00056373
18 19 0.00165676
18 15 0.00113372
91 93 0.31978499
91 91 0.12608005
91 89 0.00612648
91 92 0.00947982
153 153 0.39322631
153 156 0.00075407
153 154 0.00410896
153 155 0.16048608
126 124 0.04441620
126 130 0.01280000
126 125 0.00413032
126 129 0.01464712
126 127 0.02471451
126 126 0.39966179
126 128 0.07541420
33 42 0.00091690
33 33 0.16192174
33 43 0.04307759
33 41 0.00079490
33 38 0.00083989
33 37 0.00174567
33 39 0.00337659
9 9 0.15432381
39 46 0.00406986
39 39 0.22310631
39 43 0.00399588
39 45 0.02601368
39 47 0.00117483
39 44 0.00050861
140 142 0.01757543
140 140 0.16144561
22 23 0.01128447
22 21 0.00159608
22 34 0.00433319
22 29 0.00110598
22 25 0.00104326
22 22 0.43419900
22 17 0.00058741
22 26 0.01128045
22 24 0.05532238
22 33 0.00207087
22 30 0.00279961
22 27 0.01443150
22 28 0.02209980
22 31 0.00815317
85 85 0.22906326
85 83 0.00599309
85 86 0.28823820
85 87 0.02246128
90 92 0.28514243
90 88 0.00611067
90 90 0.34237498
90 91 0.04192639
92 95 0.00098340
92 93 0.00581833
92 92 0.27128743
92 94 0.32225263
92 90 0.00600789
31 31 0.40193343
31 36 0.00057294
31 41 0.00781415
31 26 0.00072491
142 142 0.33574506
142 144 0.26275110
142 143 0.00299360
144 144 0.34341874
144 146 0.03619252
79 77 0.00400027
79 81 0.03763347
79 80 0.13061459
79 82 0.00262065
79 78 0.00664396
79 79 0.74644813
156 157 0.03573220
156 156 0.54876663
156 158 0.05969417
3 3 0.40310403
60 60 0.62975192
2 2 0.47420740
30 26 0.03502157
30 38 0.00252481
30 40 0.00058491
30 29 0.00119293
30 32 0.00187677
30 34 0.00115440
30 25 0.00074154
30 36 0.00963850
30 31 0.00353988
30 35 0.00111802
30 28 0.00883964
30 27 0.00053407
30 30 0.51448351
30 33 0.00337416
30 24 0.00136467
56 56 0.69788525
47 47 0.87608026
47 48 0.00079986
53 53 0.16181641
123 127 0.00309402
123 125 0.18156427
123 124 0.00381794
123 128 0.00124472
123 126 0.01749720
123 121 0.00942887
123 123 0.39540777
138 139 0.00547943
138 137 0.00056488
138 136 0.00066139
138 138 0.73607724
138 140 0.24749932
29 25 0.04113199
29 29 0.51459605
29 32 0.00318614
29 34 0.00104651
29 23 0.00137073
29 26 0.00104507
29 37 0.00052503
29 27 0.00832316
29 30 0.00221739
29 24 0.00202302
29 33 0.00089177
29 31 0.00304504
29 35 0.00428052
29 28 0.00291775
34 43 0.00097551
34 42 0.00087126
34 44 0.00296645
34 40 0.00053214
34 34 0.19638193
25 26 0.00091917
25 20 0.00162806
25 37 0.00246809
25 32 0.00357525
25 29 0.04510886
25 34 0.00192209
25 25 0.23980369
25 23 0.00320617
25 19 0.00061391
25 31 0.00939312
25 35 0.00786088
25 28 0.00263965
25 27 0.02407345
25 30 0.00211949
25 24 0.00389638
25 33 0.00129472
147 148 0.00069067
147 149 0.46040879
147 150 0.00329552
147 147 0.26763631
131 132 0.02149425
131 134 0.00240583
131 131 0.33957725
131 129 0.01137666
131 133 0.17206187
131 130 0.00490916
131 135 0.00198627
8 8 0.23704829
69 67 0.00147022
69 69 0.78945501
69 71 0.00509161
108 112 0.00081286
108 111 0.03890395
108 108 0.38337505
108 109 0.00374819
108 110 0.22086141
10 10 0.13889091
10 11 0.00152729
115 120 0.00092818
115 116 0.00307155
115 117 0.24827869
115 115 0.66983437
115 118 0.01173427
115 119 0.00135562
110 112 0.22881689
110 113 0.02674008
110 111 0.00239481
110 110 0.40171462
110 115 0.00083337
110 114 0.00095140
75 77 0.01232188
75 76 0.00627888
75 75 0.54653432
117 118 0.00075966
117 119 0.26486622
117 122 0.00091010
117 121 0.00166607
117 117 0.39214289
117 120 0.00925725
143 144 0.00081752
143 143 0.21770274
143 145 0.25534030
42 36 0.00138318
42 42 0.19195981
42 47 0.00103285
42 45 0.00170110
42 43 0.05730803
42 37 0.00170032
42 38 0.00123014
42 46 0.00480007
14 12 0.02725065
14 13 0.02218272
14 17 0.00102359
14 11 0.00634208
14 20 0.00123940
14 18 0.00212818
14 14 0.43429434
14 19 0.00752496
14 16 0.00232629
14 15 0.06887839
17 18 0.00127878
17 14 0.00188677
17 16 0.03843951
17 19 0.00088892
17 15 0.02145082
17 21 0.00574436
17 12 0.00557214
17 17 0.22237247
17 13 0.00296087
17 11 0.00270945
94 92 0.00505718
94 97 0.00326896
94 94 0.61064473
94 96 0.32295384
94 95 0.00338059
94 93 0.00106269
154 156 0.07209007
154 155 0.01099128
154 154 0.45648132
150 151 0.00073918
150 150 0.33461596
150 152 0.02694033
96 93 0.00066914
96 95 0.00208144
96 97 0.00284351
96 94 0.00447444
96 98 0.31805384
96 96 0.61107766
96 99 0.00697760
82 83 0.15020523
82 84 0.03169786
82 80 0.00685961
82 81 0.00338371
82 82 0.40813877
82 85 0.00129358
149 152 0.00192244
149 150 0.00148666
149 149 0.31915271
149 151 0.47207962
66 66 0.70729319
66 64 0.00136328
66 68 0.00464854
106 106 0.27225885
106 110 0.00073680
106 109 0.04093001
106 108 0.21912100
106 107 0.00477145
46 42 0.00119189
46 47 0.00348848
46 45 0.00061990
46 46 0.89929547
46 40 0.00144620
137 137 0.73675765
137 138 0.00517327
137 139 0.20726032
137 135 0.00155208
77 80 0.00101950
77 77 0.52052773
77 79 0.02866032
77 78 0.09801125
77 76 0.00464531
77 75 0.00130010
118 123 0.00089892
118 121 0.00944856
118 122 0.00179816
118 118 0.30344003
118 119 0.00082212
118 116 0.00058132
118 120 0.26442728
70 72 0.00340335
70 68 0.00094982
70 70 0.62854545
120 124 0.00203317
120 120 0.48555830
120 125 0.00093387
120 118 0.00164867
120 123 0.00906527
120 122 0.24598013
120 121 0.00417435
146 146 0.23241062
146 148 0.02602247
125 124 0.00247853
125 129 0.01077192
125 127 0.08554620
125 125 0.39449595
125 126 0.01429699
125 128 0.01155133
125 123 0.04024309
105 107 0.22032021
105 105 0.50230232
105 108 0.03939756
105 109 0.00075018
105 106 0.00658517
84 82 0.00639078
84 85 0.27198752
84 84 0.33726960
84 86 0.02302795
84 83 0.00093947
45 41 0.00096468
45 46 0.00451514
45 40 0.00115879
45 39 0.01138936
45 45 0.77002585
45 44 0.00090288
135 137 0.00421602
135 135 0.51148994
65 67 0.00437350
65 65 0.72070472
65 63 0.00074352
27 28 0.00111932
27 31 0.00124414
27 30 0.00103662
27 24 0.00165259
27 27 0.40658601
27 26 0.00172848
27 23 0.00067397
27 29 0.00051423
27 25 0.00119084
26 33 0.00403033
26 24 0.00297750
26 30 0.04457019
26 27 0.00145347
26 28 0.02486449
26 35 0.00193134
26 31 0.00379792
26 36 0.02041742
26 25 0.00171047
26 32 0.00404017
26 29 0.00161870
26 34 0.00308509
26 38 0.00088781
26 26 0.14793956
121 126 0.00108086
121 125 0.00201960
121 124 0.01149674
121 119 0.00411688
121 121 0.58244277
121 122 0.00500803
121 123 0.23125442
136 134 0.00568813
136 137 0.00605010
136 138 0.23940064
136 136 0.73852666
81 83 0.03329879
81 84 0.00181257
81 79 0.00569665
81 81 0.47300438
81 80 0.00430562
81 82 0.14535149
40 40 0.10644993
40 46 0.00298246
40 44 0.00290923
40 45 0.00146649
40 43 0.00119076
151 151 0.27926286
151 153 0.02464599
55 55 0.25332782
93 96 0.00178640
93 94 0.00332848
93 91 0.00590171
93 95 0.32435431
93 93 0.61126400
76 79 0.00130025
76 76 0.58803441
76 78 0.01777553
76 74 0.00052259
76 77 0.03492502
128 129 0.05368835
128 127 0.00908246
128 131 0.01207459
128 130 0.08632854
128 128 0.40574938
128 126 0.02533976
128 132 0.00912127
6 6 0.16332094
157 156 0.00128461
157 157 0.42687800
157 158 0.05930993
157 159 0.01818235
61 61 0.71198222
104 106 0.22773787
104 107 0.03900212
104 101 0.00060286
104 105 0.00806209
104 104 0.32710843
104 108 0.00061221
