76 63 0.00357009
76 64 0.45776112
76 66 0.00113585
76 62 0.00696675
76 67 0.00227880
76 65 0.03250065
128 116 0.08713299
128 115 0.02311372
128 114 0.41406937
128 113 0.02177829
128 112 0.00128096
6 4 0.00565963
6 6 0.06722863
157 142 0.06379030
157 143 0.02694590
157 140 0.00211620
157 141 0.33470838
104 92 0.53103304
104 90 0.00233801
104 91 0.00313729
104 93 0.00246986
61 49 0.58878684
61 51 0.00390204
93 80 0.00430676
93 81 0.68975561
93 82 0.00735678
93 84 0.00146217
93 79 0.15906277
81 67 0.01076432
81 69 0.49704153
81 70 0.04237606
81 72 0.00176743
81 68 0.03202339
40 34 0.00478885
40 29 0.00118584
40 32 0.00455764
40 33 0.00244354
40 35 0.00057586
40 28 0.02197848
40 31 0.00200614
136 123 0.00085400
136 122 0.60603901
136 121 0.00549020
136 124 0.00381445
136 120 0.10647200
55 43 0.07376827
55 45 0.01950775
151 135 0.18846437
151 134 0.00122722
151 137 0.02530286
121 106 0.00436852
121 107 0.16591213
121 105 0.00054636
121 109 0.63349267
121 108 0.00534004
26 24 0.34239233
26 22 0.00491025
26 20 0.00113740
26 26 0.00116728
26 23 0.00178407
27 24 0.00599179
27 27 0.00052385
27 22 0.00584954
27 23 0.02437821
27 21 0.04228136
27 25 0.00645859
45 33 0.71261985
45 35 0.00434340
45 36 0.00072472
45 34 0.00652728
45 38 0.00072475
45 37 0.00424257
135 119 0.09808110
135 123 0.00885196
135 122 0.00169650
135 121 0.16802135
135 120 0.00357360
65 53 0.60505663
65 55 0.01715929
65 51 0.00121736
105 92 0.00455657
105 90 0.02074321
105 91 0.13292217
105 93 0.39661833
125 112 0.00621955
125 113 0.19091416
125 111 0.23997649
125 110 0.00956348
146 130 0.10922865
146 132 0.03748703
120 107 0.00335059
120 105 0.00277472
120 108 0.66640787
120 106 0.09116366
84 70 0.00602194
84 72 0.49110659
84 71 0.04601267
84 75 0.00110966
84 73 0.01074263
106 94 0.50482496
106 92 0.03860791
106 93 0.00277734
106 91 0.00639213
66 52 0.00219773
66 56 0.01762050
66 54 0.61118364
77 68 0.00138502
77 64 0.01380792
77 63 0.00792085
77 66 0.02254467
77 65 0.53737260
137 121 0.11449670
137 122 0.00636077
137 123 0.61758808
137 124 0.00061426
118 103 0.00158346
118 106 0.52709548
118 105 0.00053609
118 104 0.04002183
70 60 0.01538828
70 56 0.00276924
70 58 0.49826808
46 35 0.00504369
46 36 0.00605223
46 34 0.86643759
46 37 0.00072325
46 38 0.00093162
17 12 0.01683198
17 17 0.00516022
17 13 0.00261140
17 11 0.00603184
17 14 0.00419127
17 16 0.05857461
17 15 0.10876929
96 85 0.01390688
96 82 0.16255320
96 83 0.00391443
96 87 0.00113576
96 84 0.55262595
82 69 0.00793895
82 73 0.00228075
82 68 0.00331121
82 71 0.03948437
82 70 0.52758211
149 132 0.00108492
149 135 0.64737023
149 134 0.00107468
149 133 0.18812163
94 83 0.00910385
94 81 0.00401786
94 80 0.16073493
94 82 0.56328392
94 85 0.00140743
154 140 0.11169809
154 138 0.30223158
154 137 0.00070071
154 139 0.02860398
150 136 0.02886185
150 135 0.00178275
150 134 0.20615944
150 133 0.00118975
110 95 0.00980718
110 97 0.00292563
110 96 0.05523785
110 98 0.69829434
75 62 0.00121264
75 65 0.00175079
75 61 0.00400824
75 64 0.00726659
75 63 0.46972835
75 66 0.00244829
10 10 0.13614372
108 96 0.69636471
108 94 0.04992325
108 93 0.00886219
108 95 0.00358891
115 100 0.00996536
115 101 0.14013108
115 102 0.00267300
115 103 0.54507867
14 12 0.06643286
14 11 0.01805553
14 13 0.11440844
14 9 0.00236387
14 14 0.29327297
42 34 0.00930773
42 32 0.00064639
42 30 0.07646543
42 33 0.00261231
42 36 0.00066150
42 31 0.10785900
42 35 0.00644160
117 105 0.48669870
117 104 0.00089836
117 103 0.06644746
117 102 0.00341463
143 128 0.00070435
143 129 0.48212458
143 127 0.05469922
8 8 0.22991543
131 117 0.45510825
131 115 0.00459023
131 116 0.01668934
131 118 0.00546911
131 119 0.02547331
69 59 0.01687105
69 55 0.00372847
69 57 0.63817059
29 27 0.00348821
29 24 0.00400183
29 20 0.00069626
29 22 0.00059963
29 25 0.00691171
29 23 0.22435257
34 24 0.00135686
34 30 0.00151552
34 31 0.00185535
34 28 0.00267359
34 29 0.00065041
34 32 0.00579381
34 23 0.00073948
34 22 0.00174769
25 24 0.00139306
25 19 0.03292555
25 23 0.37737537
25 25 0.03038961
25 22 0.00086944
138 123 0.00557968
138 122 0.13792007
138 124 0.69998242
147 131 0.14851898
147 133 0.65264201
123 109 0.18803833
123 108 0.00429968
123 110 0.00277652
123 111 0.33644568
3 1 0.00089549
3 3 0.45483973
3 2 0.00074163
30 22 0.00090502
30 26 0.00312781
30 23 0.00155440
30 21 0.00076740
30 28 0.00247811
30 24 0.22418665
30 27 0.00087372
53 43 0.00734349
53 41 0.06696471
47 35 0.87717374
47 36 0.00126095
47 37 0.01112210
47 39 0.00063514
56 44 0.70459838
56 46 0.00920323
60 50 0.00447582
60 48 0.59358777
2 1 0.00055825
2 2 0.41347980
142 126 0.03386130
142 128 0.52506757
142 127 0.00063593
31 24 0.00413777
31 27 0.00142362
31 22 0.00114235
31 23 0.00182193
31 29 0.02566585
31 25 0.04142629
144 130 0.07626010
144 128 0.08182199
79 68 0.05178339
79 70 0.00258107
79 66 0.05903686
79 67 0.58377152
79 65 0.01866211
156 139 0.00088544
156 142 0.07038619
156 141 0.02591218
156 140 0.40736868
92 79 0.00195017
92 83 0.00088510
92 78 0.04284564
92 80 0.50860363
92 81 0.00421503
39 32 0.00086025
39 34 0.00545328
39 35 0.00145246
39 31 0.00741319
39 33 0.04717912
39 27 0.02526384
9 9 0.15044803
90 81 0.00135422
90 77 0.03581374
90 79 0.00529299
90 76 0.00639350
90 78 0.51444820
22 20 0.03513533
22 22 0.17639284
22 21 0.00718783
22 16 0.00592655
22 19 0.00099676
22 18 0.00078251
140 126 0.05240628
140 125 0.00105973
140 124 0.06880372
85 72 0.04086815
85 71 0.00325867
85 74 0.00107976
85 73 0.42091804
18 12 0.01562909
18 13 0.03887336
18 17 0.06009549
18 18 0.00433882
18 14 0.00256747
18 16 0.00407598
18 15 0.00109199
153 137 0.27842602
153 136 0.00070748
153 138 0.00561355
153 139 0.40332206
91 77 0.00077524
91 79 0.43131724
33 23 0.00051581
33 29 0.00158235
33 31 0.08890447
33 24 0.00116646
33 30 0.00055000
33 27 0.03616468
126 114 0.17035991
126 113 0.01007396
126 111 0.01494191
126 112 0.29569582
101 86 0.00247866
101 87 0.04787605
101 89 0.55352390
101 90 0.00793938
101 88 0.00352514
36 29 0.00126847
36 34 0.00505062
36 32 0.00563445
36 31 0.00851399
36 30 0.05517532
36 33 0.00304404
36 24 0.02413246
134 120 0.04978157
134 122 0.01312936
134 119 0.00186991
134 118 0.03059459
124 110 0.26930244
124 109 0.01007728
124 111 0.00166267
124 112 0.31406047
35 23 0.00481239
35 29 0.00141136
35 30 0.00076469
35 24 0.00114550
35 33 0.03812874
35 27 0.00122959
35 31 0.09823332
15 14 0.06852360
15 10 0.00264514
15 15 0.21676058
15 12 0.01420902
15 11 0.00188732
15 13 0.08530568
107 93 0.05044238
107 95 0.69711947
107 94 0.00292242
107 92 0.00853032
159 143 0.42363326
159 142 0.00255693
21 20 0.06286281
21 17 0.00051558
21 21 0.03945372
21 15 0.09054450
21 16 0.00129359
21 19 0.00861912
141 125 0.01709793
141 127 0.20751966
48 38 0.00094301
48 36 0.70975251
54 44 0.03646718
54 42 0.70177015
64 54 0.01842168
64 52 0.62210835
122 110 0.55354126
122 109 0.01248173
122 108 0.19144019
122 107 0.00462448
122 106 0.00054607
1 1 0.60515509
98 89 0.00062970
98 85 0.00393945
98 84 0.16267542
98 86 0.72138640
98 87 0.01576218
145 130 0.00063072
145 131 0.05256711
145 129 0.13961326
111 97 0.11141623
111 96 0.01912853
111 98 0.00300612
111 99 0.74600978
74 61 0.00131899
74 60 0.00288531
74 65 0.00254845
74 62 0.71538326
74 63 0.00431294
74 64 0.00543408
109 95 0.00162790
109 97 0.73780059
109 96 0.00311147
78 69 0.00083468
78 67 0.04021349
78 65 0.04962130
78 64 0.01464367
78 66 0.49428385
139 125 0.16992124
139 124 0.00610563
139 123 0.16425558
73 62 0.00247856
73 61 0.86039338
73 64 0.00183581
73 63 0.00813622
73 59 0.00245345
19 13 0.03693828
19 17 0.02619890
19 14 0.02474557
19 18 0.02128655
19 15 0.00287899
19 19 0.00234791
44 34 0.00628069
44 32 0.18490491
44 37 0.00546693
44 33 0.01356595
44 36 0.00620220
44 35 0.00098684
129 116 0.02772552
129 115 0.57340594
129 114 0.05110531
129 117 0.09522382
129 113 0.00389198
129 112 0.00077377
87 78 0.00158498
87 74 0.00480086
87 75 0.58351823
87 76 0.01110636
100 89 0.00991212
100 88 0.50352981
100 86 0.00303256
100 87 0.00209555
28 24 0.04169927
28 22 0.22506456
28 26 0.00492856
28 23 0.00607074
28 25 0.00522488
119 106 0.00087496
119 105 0.07826730
119 107 0.59387761
119 104 0.00256957
51 39 0.23009314
49 37 0.20259004
88 77 0.00720959
88 79 0.00158796
88 75 0.14569533
88 76 0.57674826
88 74 0.01193319
89 77 0.55143064
89 80 0.00136821
89 78 0.00580774
89 75 0.01422621
89 76 0.13749115
68 56 0.60865898
68 58 0.01742517
68 54 0.00277347
155 139 0.21689437
155 141 0.09000473
155 138 0.00079121
155 140 0.03266830
63 53 0.02430878
63 51 0.62631178
103 89 0.14140641
103 90 0.00561095
103 92 0.00412517
103 88 0.01400862
103 91 0.51194001
37 30 0.00132418
37 33 0.03495548
37 27 0.00243106
37 35 0.00156920
37 31 0.07867345
37 32 0.00097278
37 34 0.00105050
37 25 0.00426455
97 86 0.01561795
97 84 0.00420661
97 83 0.16276163
97 85 0.54919145
97 88 0.00086827
71 59 0.63486837
71 57 0.00312179
71 61 0.01651007
59 47 0.62760431
59 49 0.02764826
59 46 0.00166996
43 32 0.03194402
43 34 0.00153539
43 37 0.00114288
43 33 0.00968763
43 31 0.28740623
43 36 0.01186051
43 35 0.00698490
67 57 0.01681908
67 53 0.00275419
67 55 0.72676529
24 18 0.00253807
24 24 0.16051825
24 23 0.00368279
24 22 0.39233205
133 117 0.00985804
133 119 0.22427648
133 118 0.00158084
80 71 0.00255152
80 68 0.54687062
80 66 0.01835328
80 69 0.05062539
80 67 0.06344648
102 88 0.14232781
102 89 0.00400366
102 90 0.50870944
102 91 0.00598687
102 87 0.01058803
112 100 0.61430330
112 99 0.00278160
112 98 0.13007125
112 97 0.01837420
132 120 0.00218671
132 116 0.00987863
132 117 0.01764294
132 119 0.00295268
132 118 0.46693753
50 38 0.15138746
4 4 0.02605469
7 7 0.00580315
7 4 0.00072479
12 10 0.01366152
12 12 0.73298745
12 9 0.00256125
12 11 0.08804282
23 19 0.00143663
23 22 0.00698992
23 17 0.00138627
23 23 0.17235314
23 21 0.00464839
41 29 0.04998397
41 34 0.00468203
41 32 0.00055213
41 30 0.00127693
41 33 0.00435640
41 35 0.00158060
41 31 0.00745862
72 62 0.01097039
72 60 0.87763392
72 63 0.00113769
72 58 0.00253397
13 12 0.08539004
13 13 0.60658015
13 11 0.03277286
13 10 0.00611938
13 14 0.00053094
113 101 0.64834203
113 100 0.00389198
113 99 0.13385618
113 98 0.01490592
158 142 0.29919228
158 143 0.08926272
158 141 0.00270202
52 43 0.00051013
52 40 0.00581746
57 45 0.69301498
57 47 0.03201833
57 44 0.00479449
114 100 0.13909771
114 101 0.00345738
114 99 0.01103399
114 102 0.54673678
83 70 0.03416335
83 71 0.54444538
83 72 0.02065907
83 74 0.00141380
83 69 0.00727198
95 84 0.01159260
95 86 0.00136427
95 83 0.52227659
95 82 0.00391735
95 81 0.16235171
116 102 0.03327266
116 103 0.00184868
116 104 0.45094232
116 101 0.00192179
152 135 0.00082479
152 136 0.27094865
152 138 0.05345332
152 137 0.00205889
16 12 0.00395613
16 13 0.01797319
16 11 0.02076105
16 14 0.05499691
16 16 0.00761135
16 15 0.17399869
127 111 0.00052920
127 113 0.39679129
127 112 0.02395947
127 114 0.01654949
127 115 0.18031756
62 50 0.60170546
62 52 0.02776980
86 73 0.14061297
86 74 0.51390483
86 72 0.01116945
130 116 0.49918947
130 115 0.02438011
130 114 0.00569439
130 117 0.00859693
130 113 0.00052858
130 118 0.04798110
32 26 0.00119033
32 29 0.00102895
32 28 0.00268377
32 24 0.00066817
32 30 0.00234367
99 87 0.63549127
99 86 0.00287598
99 85 0.04879181
99 88 0.01269993
58 48 0.00436814
58 46 0.65693519
58 45 0.00341559
5 3 0.00229058
5 5 0.61135529
148 132 0.13604235
148 133 0.00063311
148 131 0.00101538
148 134 0.64838100
38 32 0.01718013
38 34 0.00765041
38 26 0.04095375
38 27 0.00252022
38 33 0.02539237
38 30 0.00100274
38 31 0.00691718
38 36 0.00078363
11 10 0.00178754
11 11 0.65829774
20 14 0.01305066
20 18 0.00267711
20 15 0.00258847
20 19 0.01668781
20 20 0.00416317
