73 73 0.62484600
56 56 0.86475000
12 12 0.96147800
53 53 0.92079200
87 87 0.94839200
59 59 0.82844600
155 155 0.79597000
101 101 0.64030900
121 121 0.82843200
39 39 0.92079400
40 40 0.92085500
9 9 0.34031400
84 84 0.52411900
6 6 0.29497800
113 113 0.44771600
136 136 0.86648400
140 140 0.87176600
7 7 0.44263100
112 112 0.26546300
82 82 0.80875100
114 114 0.40216500
143 143 0.50793200
34 34 0.92086100
38 38 0.92085900
81 81 0.97077200
52 52 0.92076500
151 151 0.91782600
149 149 0.39990200
156 156 0.58553700
13 13 0.36053800
146 146 0.09697760
159 159 0.84839400
26 26 0.89511900
44 44 0.91996200
50 49 0.00100605
50 50 0.91972700
154 154 0.68160400
103 103 0.67381300
105 105 0.71130100
135 135 0.95060000
5 5 0.42234900
138 138 0.65757700
108 108 0.88290200
126 126 0.26222200
100 100 0.86185700
58 58 0.74712400
133 133 0.70878000
128 128 0.60039600
127 127 0.42659900
75 75 0.67328300
153 153 0.61231000
80 80 0.91470300
49 48 0.00152871
49 49 0.91915000
91 91 0.95358800
35 35 0.92087100
134 134 0.76360600
43 43 0.92063200
54 54 0.92078400
131 131 0.42287400
61 61 0.79131800
29 29 0.81957500
144 144 0.73923500
95 95 0.83782200
109 109 0.80730400
115 115 0.19194600
150 150 0.45478800
4 4 0.57449300
106 106 0.77282400
21 21 0.67820600
132 132 0.44501900
2 2 0.57184900
14 14 0.53987100
89 89 0.90885300
11 11 0.61151600
85 85 0.82698500
65 65 0.55211200
33 33 0.92078100
23 23 0.71697900
27 27 0.75531900
46 46 0.91922800
46 45 0.00149892
160 160 0.99998800
32 32 0.68431500
77 77 0.89762200
8 8 0.43146900
96 96 0.57266500
92 92 0.93868900
147 147 0.32396800
83 83 0.75509100
17 17 0.85041200
63 63 0.65725600
36 36 0.92087000
86 86 0.91823800
51 51 0.92055700
31 31 0.78756800
158 158 0.98217400
122 122 0.87337400
69 69 0.94703600
30 30 0.94065900
28 28 0.94332100
99 99 0.76900000
118 118 0.99920800
19 19 0.56634600
130 130 0.73647500
137 137 0.81053000
93 93 0.92214300
60 60 0.95271100
45 44 0.00090276
45 45 0.91924200
1 1 0.75474100
148 148 0.41050100
25 25 0.95467400
142 142 0.66614500
57 57 0.85052300
20 20 0.73272800
145 145 0.44696300
88 88 0.71520900
72 72 0.91265400
62 62 0.60087400
116 116 0.40239200
24 24 0.95469700
70 70 0.51725400
94 94 0.65004900
48 47 0.00152878
48 48 0.91919700
107 107 0.91449300
41 41 0.92084900
97 97 0.76272700
79 79 0.89289600
104 104 0.78919700
129 129 0.31122300
141 141 0.69120000
64 64 0.65189400
119 119 0.99920100
3 3 0.95814800
124 124 0.56118000
22 22 0.82046000
42 42 0.92073700
37 37 0.92086800
47 47 0.91920300
47 46 0.00151883
76 76 0.68057100
157 157 0.56872500
74 74 0.41139000
125 125 0.50257600
90 90 0.95351200
16 16 0.75192200
110 110 0.61069500
66 66 0.84979300
102 102 0.71608800
18 18 0.65872100
55 55 0.92083100
111 111 0.60973900
67 67 0.95219000
120 120 0.99921200
68 68 0.94080500
71 71 0.61898600
123 123 0.89458800
78 78 0.81885100
152 152 0.72464700
15 15 0.96495900
117 117 0.42792700
10 10 0.10928900
98 98 0.77966000
139 139 0.66811100
