69 69 0.78947600
30 30 0.99816800
122 121 0.02116710
122 122 0.91916200
28 28 0.99811900
28 27 0.00077557
118 117 0.00174451
118 118 0.99496400
19 19 0.82062100
99 99 0.98467500
60 60 0.99652900
93 93 0.99998200
130 129 0.05886870
130 131 0.00092825
130 130 0.86905800
137 137 0.94759600
92 92 0.99996200
147 147 0.99956600
63 63 0.82945300
17 17 0.99957000
83 83 0.99994700
51 50 0.00471864
51 51 0.99172500
31 31 0.99851300
86 86 0.99997300
36 36 0.99594900
158 158 0.99997400
145 145 0.99969300
20 20 0.87715000
88 88 0.99994200
94 94 0.92310400
24 24 0.99920600
116 116 0.83382600
70 70 0.63764100
72 72 0.69109400
62 62 0.69154600
104 104 0.96588600
79 79 0.70470300
97 97 0.98520500
48 47 0.01760480
48 49 0.00087937
48 48 0.97719600
107 107 0.69611200
41 40 0.00065640
41 41 0.99492200
1 1 0.99999200
45 44 0.01573510
45 45 0.97588000
45 46 0.00173331
57 57 0.99646800
148 148 0.99962200
142 142 0.52881400
25 25 0.99880700
16 16 0.78901600
66 66 0.99934900
110 110 0.99891900
102 102 0.85143500
141 141 0.45218500
64 64 0.87435200
129 128 0.06251720
129 129 0.68273700
76 76 0.67962100
37 38 0.00061616
37 37 0.99527400
47 48 0.00117600
47 46 0.01743240
47 47 0.97709200
22 22 0.99950800
42 42 0.98889400
42 41 0.00158096
119 118 0.00364209
119 119 0.69053300
3 3 0.84888400
124 124 0.88180200
124 123 0.06407110
124 125 0.00219959
157 157 0.99996600
125 125 0.88255800
125 124 0.03149760
125 126 0.00147756
90 90 0.99990900
74 74 0.68623300
71 71 0.74578000
123 122 0.04650190
123 124 0.00122728
123 123 0.88533800
15 15 0.78920000
152 152 0.99997400
78 78 0.74786700
139 139 0.95917600
10 10 0.98617100
98 98 0.98510700
117 117 0.78864400
55 54 0.00068037
55 55 0.99576000
18 18 0.99946200
67 67 0.99950400
111 111 0.99890100
68 68 0.80329600
120 120 0.42700700
120 119 0.00553459
121 120 0.00824138
121 121 0.28165300
39 39 0.99582500
39 38 0.00063676
6 6 0.96075200
84 84 0.95007300
9 9 0.98626500
40 40 0.99585300
40 39 0.00053005
82 82 0.92015800
112 112 0.79076400
7 7 0.73707900
140 140 0.97072500
136 136 0.96156800
136 135 0.00063538
113 113 0.99923000
73 73 0.59542100
56 56 0.99637600
87 87 0.99991700
53 53 0.99519700
53 52 0.00132124
12 12 0.56378500
101 101 0.90904400
155 155 0.99993300
59 59 0.99659000
26 26 0.99869300
159 159 0.99994100
44 45 0.00181946
44 43 0.01308850
44 44 0.97846100
50 50 0.98049400
50 49 0.01542820
38 38 0.99513900
38 37 0.00053612
34 34 0.99675800
143 143 0.54948300
114 114 0.99924100
52 51 0.00176875
52 52 0.99473400
81 81 0.99991000
156 156 0.99986000
13 13 0.51888700
149 149 0.99985800
151 151 0.99997800
146 146 0.99975200
127 127 0.62239600
127 126 0.07190760
128 127 0.07876700
128 128 0.65735700
133 132 0.00406611
133 133 0.55015000
58 58 0.99657100
100 100 0.91497300
80 80 0.99994800
49 49 0.97872500
49 48 0.01644910
49 50 0.00051466
153 153 0.99997300
75 75 0.99960300
35 35 0.99653200
134 133 0.01673910
134 134 0.55511500
91 91 0.99995400
43 44 0.00190175
43 43 0.98138600
43 42 0.00737449
154 154 0.99997600
105 105 0.30295300
135 134 0.00265000
135 135 0.44053200
5 5 0.99996700
103 103 0.84195500
126 125 0.07624210
126 126 0.88816600
108 108 0.83376500
138 138 0.97786700
11 11 0.56580800
85 85 0.99998100
2 2 0.85181900
14 14 0.56060000
89 89 0.99993500
132 131 0.03804190
132 132 0.89555500
21 21 0.99947600
65 65 0.82184900
33 33 0.81859200
27 26 0.00061206
27 27 0.99851300
23 23 0.99948300
96 96 0.88606100
8 8 0.81079000
77 77 0.73253400
32 32 0.87588700
160 160 0.99988300
46 45 0.01830910
46 46 0.97583700
46 47 0.00152517
131 131 0.87231000
131 132 0.00052175
131 130 0.05703970
54 54 0.99558400
54 53 0.00086357
95 95 0.91381700
29 28 0.00073721
29 29 0.99824100
144 144 0.99965700
61 58 0.00063637
61 61 0.99727500
106 106 0.43532800
4 4 0.97431600
150 150 0.99995400
109 109 0.85691300
115 115 0.85719600
