5 5 0.37359907
123 115 0.91902727
64 64 0.31490365
23 23 0.72232961
103 101 0.00071070
103 99 0.05202000
103 103 0.72089810
44 44 0.09883613
122 114 0.66615761
79 79 0.98544799
152 144 0.47225559
48 48 0.23261756
158 150 0.37012637
107 107 0.66130989
107 103 0.04627831
107 101 0.00418153
107 105 0.00135072
107 100 0.00187274
107 104 0.00154128
102 102 0.71435285
102 98 0.01435173
106 100 0.00339126
106 104 0.00210514
106 99 0.00207881
106 102 0.02768379
106 106 0.65854813
65 65 0.22163051
72 72 0.76995042
109 109 0.61160057
109 105 0.07123775
109 108 0.00102132
109 106 0.01070932
109 102 0.00239104
109 103 0.00270563
125 117 0.87400364
155 147 0.89917570
30 30 0.75899735
30 31 0.00140969
53 53 0.60050932
68 68 0.99974434
149 141 0.83541404
115 107 0.00124613
115 110 0.00246587
115 112 0.01196688
115 108 0.07941116
115 111 0.01876686
115 115 0.00316775
115 109 0.00682823
159 151 0.99237546
50 50 0.86112530
81 81 0.22015839
97 93 0.00422598
97 97 0.72902103
54 54 0.40018059
142 134 0.69025115
17 17 0.90634507
121 113 0.61050287
121 114 0.00116788
55 55 0.73073487
131 123 0.79069719
35 35 0.09020298
31 31 0.82347291
58 58 0.21931838
11 11 0.49483405
38 38 0.90429479
69 69 0.99966967
99 99 0.88705757
99 95 0.02892835
85 85 0.69676038
34 34 0.31368580
80 80 0.22610415
89 89 0.68028258
89 87 0.00063507
89 86 0.00155325
119 112 0.11737333
119 116 0.00052612
119 115 0.00078542
119 113 0.00268539
119 111 0.36602184
130 122 0.71713181
20 20 0.73542516
28 29 0.00119755
28 28 0.73564644
118 112 0.03044984
118 110 0.04919494
118 114 0.00059565
118 115 0.00083857
118 111 0.17192118
118 113 0.00096827
78 78 0.22376964
132 124 0.65904011
32 32 0.36878929
137 129 0.74530722
10 10 0.06637938
146 138 0.72133378
141 133 0.62851426
151 143 0.84636358
60 60 0.99395051
14 14 0.56159942
26 27 0.00278876
26 26 0.80531676
84 84 0.93512676
25 25 0.80148244
25 26 0.00229736
36 36 0.66309271
105 103 0.00061020
105 99 0.00909912
105 101 0.01860869
105 105 0.77110454
9 9 0.36045686
61 61 0.22132618
3 3 0.98957183
67 67 0.76985494
33 33 0.31388387
2 2 0.99428871
57 57 0.21603729
71 71 0.99977467
83 83 0.30959310
136 128 0.93050492
37 37 0.06409035
75 75 0.31489966
134 126 0.77356997
110 106 0.03166328
110 107 0.01145526
110 103 0.00936072
110 110 0.53575959
110 108 0.00057536
110 105 0.00258197
110 109 0.00509823
27 28 0.00344008
27 27 0.23274931
144 136 0.75726989
113 106 0.02827528
113 107 0.00333863
113 108 0.00090603
113 112 0.00385297
113 110 0.01505731
113 109 0.01154915
113 113 0.02982954
113 111 0.00344518
22 22 0.78400597
62 62 0.79707243
114 108 0.00313424
114 112 0.00165025
114 110 0.01317542
114 106 0.00053196
114 107 0.04149620
114 114 0.00645793
114 109 0.00172025
114 111 0.00666934
114 113 0.00296732
117 109 0.00772309
117 114 0.00101251
117 111 0.04550047
117 113 0.00068649
117 115 0.00052501
117 112 0.01072417
117 110 0.04236886
116 109 0.07158582
116 113 0.00234844
116 111 0.00389849
116 112 0.00389542
116 108 0.00246109
116 110 0.03523043
120 113 0.00764435
120 116 0.00076205
120 112 0.65772664
47 47 0.30386143
156 148 0.94384604
66 66 0.22646394
126 118 0.83556216
86 86 0.42487485
128 120 0.55660760
19 19 0.81086311
7 7 0.90652818
4 4 0.97530683
101 101 0.73320035
101 97 0.00190386
112 105 0.08107503
112 111 0.00465577
112 109 0.02031886
112 107 0.00127302
112 106 0.00295628
112 110 0.01204089
112 112 0.06197327
112 108 0.01190370
29 29 0.68737175
29 30 0.00115798
153 145 0.02959574
94 94 0.86955338
94 91 0.00351287
94 90 0.00419787
94 92 0.00219592
74 74 0.22163147
143 135 0.78866789
148 140 0.93274111
150 142 0.89458988
100 96 0.00081674
100 100 0.73343430
82 82 0.21942031
46 46 0.29898017
56 56 0.30049645
43 43 0.85985696
70 70 0.99958934
39 39 0.88760918
45 45 0.29754903
52 52 0.71211372
24 24 0.83560621
160 152 0.99996267
91 91 0.27924227
91 92 0.00086324
91 88 0.00280461
91 89 0.00116687
91 90 0.00221095
95 95 0.74332754
95 91 0.00903952
95 92 0.00395081
40 40 0.95670463
87 84 0.00159247
87 87 0.73778622
111 109 0.00200623
111 111 0.30971832
111 104 0.02771419
111 105 0.00146153
111 108 0.01678304
111 110 0.00368219
111 107 0.02370349
111 106 0.00068263
98 98 0.73227194
98 94 0.04799934
104 104 0.67433739
104 100 0.01633119
104 99 0.00172837
135 127 0.76043386
92 91 0.00342633
92 92 0.83373401
92 90 0.00073195
92 89 0.00372502
13 13 0.61409337
139 131 0.65778901
76 76 0.76243413
93 93 0.78134394
93 91 0.00108853
93 92 0.00080175
93 89 0.00065440
93 90 0.00312113
8 8 0.96338238
51 51 0.85920400
18 18 0.90715096
129 121 0.71290254
16 16 0.34484003
140 132 0.78907865
88 86 0.00067755
88 88 0.74631343
88 85 0.00087717
59 59 0.22588136
96 96 0.74569124
96 92 0.04448790
15 15 0.76410809
77 77 0.79702408
49 49 0.48828041
138 130 0.77972983
108 104 0.04015019
108 105 0.00341238
108 101 0.00216345
108 108 0.63953457
108 102 0.00349493
108 106 0.00053023
133 125 0.76008199
154 146 0.35388870
73 73 0.22647016
12 12 0.81670945
157 149 0.18198637
6 6 0.17244290
145 137 0.66424251
21 21 0.76052041
42 42 0.68532377
1 1 0.99616433
127 119 0.60695523
147 139 0.76969224
90 88 0.00686698
90 90 0.60907588
90 87 0.00172796
41 41 0.07424996
124 116 0.95121342
63 63 0.76250327
