65 65 0.99994400
18 19 0.00094693
18 18 0.99820300
38 38 0.98740000
94 94 0.97668300
66 66 0.32300300
96 96 0.97739700
1 1 0.99740100
1 2 0.00211577
126 126 0.97775700
79 79 0.97533000
12 12 0.99919900
12 13 0.00061398
129 129 0.98295600
11 11 0.99932200
59 59 0.99974000
7 7 0.95183300
29 29 0.95052500
132 132 0.98296300
102 102 0.64644700
31 31 0.98072600
131 131 0.98295500
99 99 0.08386010
56 56 0.99986400
41 41 0.98187900
74 74 0.10720000
27 27 0.99995100
22 22 0.99986300
115 115 0.99886300
119 119 0.80277300
72 72 0.32045200
93 94 0.00057333
93 93 0.97628100
124 124 0.03665980
68 68 0.31990900
113 113 0.83674800
83 83 0.99771100
55 55 0.96088100
103 103 0.84201800
52 52 0.43533300
37 37 0.70034900
42 42 0.32061600
48 48 0.32295500
116 116 0.88648500
58 58 0.99978000
82 82 0.01552520
9 9 0.81750300
47 47 0.42867200
64 64 0.02025510
81 81 0.49695900
25 25 0.71711500
26 26 0.71264600
108 108 0.83736700
44 44 0.99749800
88 88 0.01564440
133 133 0.88925500
85 85 0.99770900
51 51 0.99984500
71 71 0.42805600
122 122 0.05673710
15 16 0.00476392
15 15 0.99458700
101 101 0.81130100
69 69 0.32228300
105 105 0.77690200
77 77 0.82429500
98 98 0.56664200
117 117 0.99879200
24 24 0.82815100
110 110 0.89814800
3 4 0.00059705
3 3 0.99741500
92 93 0.00103718
92 92 0.97586600
89 89 0.49716900
114 114 0.85721100
128 128 0.72225700
2 2 0.99706400
2 3 0.00217504
75 75 0.73496600
36 36 0.28820200
16 17 0.00233452
16 16 0.99486400
53 53 0.32591300
8 8 0.85400400
138 138 0.72842800
109 109 0.99963400
19 19 0.99892500
80 80 0.17151800
70 70 0.99740100
39 39 0.97848300
78 78 0.92841100
50 50 0.02023430
100 100 0.36411600
32 32 0.97145500
120 120 0.87386200
141 141 0.99851900
49 49 0.99985600
112 112 0.44141300
10 10 0.99937500
139 139 0.03998670
127 127 0.72180800
61 61 0.32591600
21 21 0.99968300
125 125 0.97773400
14 15 0.00461078
14 14 0.99504600
135 135 0.98302100
67 67 0.42876700
87 87 0.99773300
54 54 0.11564100
86 86 0.99772300
121 121 0.04424250
43 43 0.42814400
111 111 0.88982500
107 107 0.85785700
137 137 0.72227800
6 6 0.99921100
5 5 0.99912800
5 6 0.00050513
34 34 0.56953400
76 76 0.46728800
95 95 0.97731800
46 46 0.31981900
130 130 0.98288400
40 40 0.10612100
136 136 0.98302300
17 18 0.00164515
17 17 0.99749700
106 106 0.89800900
73 73 0.98292300
28 28 0.96914800
63 63 0.99994000
123 123 0.54959400
62 62 0.43536000
91 91 0.97544000
91 92 0.00149024
23 23 0.92654100
118 118 0.99878600
90 90 0.17132400
60 60 0.07656990
4 4 0.04145260
4 5 0.00054283
134 134 0.91082500
84 84 0.99771600
97 97 0.03637550
45 45 0.32223100
30 30 0.98983000
33 33 0.63476500
13 13 0.99833900
13 14 0.00148329
57 57 0.99981100
20 20 0.99964400
35 35 0.61764700
140 140 0.99778000
104 104 0.43788400
