2 16 2 18 0.00110906
43 72 43 75 0.00053204
43 73 43 73 0.00463004
43 73 43 75 0.00339212
43 73 45 74 0.03710641
43 74 44 76 0.00322017
43 74 43 75 0.00203855
43 74 45 74 0.04490218
43 76 44 76 0.02854889
43 76 43 77 0.00158348
43 76 43 75 0.04202680
43 75 45 74 0.00286767
43 75 43 75 0.04419202
43 75 44 76 0.00132230
102 108 102 108 0.08722154
102 107 102 107 0.02035286
102 111 108 117 0.00244959
102 111 107 118 0.00168893
107 120 106 119 0.00239761
42 77 44 76 0.00325808
42 77 43 77 0.00719460
42 77 42 77 0.58133405
100 114 105 120 0.00356126
27 135 25 135 0.00072422
108 119 107 118 0.00196359
28 134 26 134 0.00266651
109 118 108 117 0.00352396
4 14 4 16 0.00111707
47 68 48 70 0.03339304
47 68 47 71 0.04149803
47 68 49 69 0.19785872
47 70 47 71 0.00098209
47 70 48 70 0.00218323
8 14 8 12 0.00241232
55 60 57 61 0.25554030
55 60 55 63 0.03758026
55 60 56 62 0.03914737
3 15 3 17 0.00109641
41 78 41 78 0.31159058
41 78 42 77 0.01101902
41 78 43 77 0.00115872
120 129 120 129 0.05805513
13 19 13 20 0.00101377
45 71 46 72 0.03405470
45 71 46 73 0.02477856
45 71 47 71 0.07508569
45 71 45 74 0.01937573
45 75 45 74 0.00916923
7 15 7 13 0.00078231
6 16 6 14 0.00488637
32 90 32 90 0.06803231
32 90 33 90 0.00559093
101 113 106 119 0.00369464
103 107 103 107 0.16250100
103 110 108 117 0.00116342
103 110 109 116 0.00241149
48 67 48 70 0.04149853
48 67 51 67 0.00217770
48 67 49 69 0.03240237
48 68 48 70 0.00175451
48 68 49 69 0.00121358
17 25 15 23 0.00509953
17 25 17 25 0.29556567
104 109 110 115 0.00236637
104 109 109 116 0.00113751
25 134 26 134 0.00103626
39 80 40 79 0.01698055
39 80 39 81 0.00112830
39 80 39 80 0.49953884
52 63 52 66 0.02890044
52 63 55 63 0.00262351
52 63 54 64 0.26107591
52 63 53 65 0.03866100
37 86 37 86 0.16974979
37 86 38 85 0.00057211
37 82 38 81 0.00413077
53 62 53 65 0.03897081
53 62 54 64 0.04289328
53 62 55 63 0.18710164
53 62 56 62 0.00304267
11 22 11 23 0.00052892
30 89 28 89 0.00056185
33 86 31 86 0.00089560
33 89 34 88 0.00055337
50 65 52 66 0.24810125
50 65 53 65 0.00250269
50 65 51 67 0.04033448
12 21 12 21 0.01385583
121 128 121 128 0.23263945
44 75 44 76 0.00631355
44 76 44 76 0.12213524
44 71 46 72 0.03096279
44 72 46 72 0.06691186
44 72 46 73 0.01226397
44 72 45 74 0.02322542
44 74 44 76 0.00081754
44 74 46 73 0.00057910
44 74 45 74 0.01126167
44 73 44 76 0.00836406
44 73 45 74 0.00633826
44 73 46 73 0.01336136
44 73 46 72 0.00083650
19 23 17 21 0.00514993
34 88 35 88 0.00474458
34 88 34 88 0.03955177
18 24 18 24 0.05060406
18 24 16 22 0.00311333
46 69 47 71 0.02809443
46 69 46 72 0.03577724
46 69 49 69 0.00090439
46 69 48 70 0.24518708
46 73 46 72 0.00355812
46 73 46 73 0.02782300
46 74 46 73 0.00493805
46 74 45 74 0.00654919
46 72 46 72 0.03910400
46 71 47 71 0.00193476
46 71 46 72 0.00191454
51 64 51 67 0.02835591
51 64 53 65 0.24879506
51 64 52 66 0.04272044
51 64 54 64 0.00335759
36 87 36 87 0.06789575
36 83 36 83 0.07538276
36 83 37 83 0.00091027
35 88 35 88 0.08714509
35 88 36 87 0.00082380
40 79 41 78 0.01462944
40 79 40 79 0.55174183
49 66 49 69 0.04122360
49 66 52 66 0.00347897
49 66 51 67 0.24429548
110 117 109 116 0.00362188
54 61 57 61 0.00276890
54 61 55 63 0.04293847
54 61 54 64 0.02521648
54 61 56 62 0.24332107
38 81 38 81 0.33353847
38 81 39 81 0.01159905
38 81 39 80 0.00843406
14 18 14 19 0.00087572
