89 89 0.94814500
89 90 0.00423574
37 37 0.99996500
123 123 0.99937300
52 53 0.00189290
52 52 0.99413100
28 28 0.99997200
111 111 0.99611600
111 110 0.00056630
111 112 0.00190565
57 57 0.98942700
57 56 0.00192686
57 58 0.00499959
72 72 0.97307100
125 125 0.99931200
121 121 0.99936200
54 54 0.99380800
54 55 0.00206873
54 53 0.00051634
99 100 0.08157940
99 99 0.51772800
92 93 0.19279100
92 92 0.77881700
48 48 0.74527500
61 61 0.73417200
61 60 0.00051185
61 62 0.01575700
39 39 0.71092400
8 8 0.88596200
30 30 0.70955300
98 99 0.13995700
98 98 0.49659200
6 6 0.82225400
107 108 0.13660800
107 107 0.79388400
107 106 0.00097881
14 14 0.72884900
65 65 0.04790420
90 90 0.28901700
90 91 0.00429761
60 59 0.00056479
60 61 0.00783033
60 60 0.64349800
127 127 0.99815700
127 128 0.00087772
140 140 0.81464500
66 66 0.43839100
36 36 0.71093300
68 68 0.81044000
64 65 0.01332480
64 64 0.60658800
115 115 0.99868100
71 71 0.47810800
91 92 0.03255640
91 91 0.01575150
18 18 0.69530900
9 9 0.99922900
144 144 0.99991800
27 27 0.61141600
22 22 0.34044400
70 70 0.38020200
96 96 0.62058900
96 97 0.01604270
62 62 0.61601700
62 63 0.01277450
88 88 0.94811800
93 94 0.01101080
93 93 0.62825100
95 95 0.60658100
95 96 0.35288300
126 126 0.99917600
7 7 0.59699300
45 45 0.70965500
106 107 0.20141700
106 106 0.78770300
118 118 0.99896400
129 130 0.00105492
129 128 0.00074197
129 129 0.99739100
23 23 0.99955600
53 53 0.99374200
53 54 0.00186787
114 114 0.99864100
43 43 0.34053000
29 29 0.71093200
120 120 0.99927200
100 101 0.22809800
100 100 0.76215300
122 122 0.99937400
79 79 0.97750800
19 19 0.99816900
21 21 0.60587300
17 17 0.74529200
101 102 0.22193300
101 101 0.76831700
25 25 0.21412500
87 87 0.44214500
33 33 0.99946000
85 85 0.97300800
12 12 0.99923900
143 143 0.99982400
117 117 0.99892800
69 69 0.94877200
51 51 0.86567200
132 132 0.96897100
4 3 0.00196820
4 4 0.99696600
141 141 0.88625900
55 54 0.00057723
55 55 0.99191600
55 56 0.00305234
16 16 0.66297000
113 113 0.99789900
113 114 0.00052524
94 94 0.59871900
94 95 0.00636678
11 11 0.99917500
2 2 0.99712700
75 75 0.40100200
81 81 0.32170800
47 47 0.69528400
77 77 0.97751700
63 64 0.00508685
63 62 0.00072632
63 63 0.59915200
131 130 0.00057485
131 131 0.99817000
86 86 0.41414200
46 46 0.99809200
134 134 0.75533100
38 38 0.61141100
84 84 0.14530000
26 26 0.71091400
139 139 0.99895800
13 13 0.99921700
110 109 0.00094567
110 110 0.72072000
110 111 0.00258710
102 102 0.77358200
102 103 0.22196300
58 57 0.00192233
58 59 0.01134770
58 58 0.98307800
119 119 0.99919000
116 116 0.99863400
80 80 0.97751300
5 4 0.00176753
5 5 0.99714300
104 105 0.21224400
104 104 0.77865900
76 76 0.29988200
138 138 0.99894200
15 15 0.86899700
145 145 0.99998000
74 74 0.99523100
3 2 0.00228344
3 3 0.99671500
82 82 0.40099500
24 24 0.61123800
59 58 0.00132601
59 59 0.82481500
59 60 0.00391435
10 10 0.99923900
56 55 0.00135580
56 57 0.00399488
56 56 0.99035300
133 133 0.85914600
73 73 0.14530500
97 97 0.62802700
97 98 0.25348800
20 20 0.70965900
67 67 0.95737300
44 44 0.60589200
49 49 0.99663800
108 109 0.07185430
108 108 0.85874600
108 107 0.00074688
130 129 0.00063443
130 131 0.00052213
130 130 0.99748900
137 137 0.99885800
32 32 0.99942900
35 35 0.70953700
1 1 0.99947800
142 142 0.99974700
40 40 0.21415400
112 113 0.00125574
112 112 0.99677100
112 111 0.00055683
103 104 0.21752200
103 103 0.77345700
136 136 0.99874900
50 50 0.66291400
34 34 0.99945000
83 83 0.99515700
124 124 0.99934100
41 41 0.61128200
109 109 0.92379100
109 108 0.00057828
109 110 0.00718428
135 135 0.90632300
31 31 0.99956500
42 42 0.99972000
78 78 0.97750800
128 129 0.00093276
128 128 0.99748900
105 105 0.78384300
105 106 0.20683500
