44 73 53 84 0.10765143
44 73 53 85 0.00248495
44 73 52 83 0.00830393
44 73 52 86 0.00670687
44 73 48 86 0.02258007
44 73 49 84 0.00640048
22 32 25 39 0.00212655
22 32 26 38 0.00153887
22 32 24 40 0.02018983
22 32 23 41 0.12378400
22 32 22 42 0.12811967
101 105 114 119 0.00315237
101 105 112 120 0.01097308
101 106 114 119 0.29608100
101 116 120 137 0.03415227
23 31 23 41 0.09845533
23 31 24 40 0.15071033
23 31 26 38 0.00215897
23 31 25 39 0.01973380
23 31 27 37 0.00155577
95 114 107 127 0.00181195
95 114 105 129 0.00170504
95 111 107 124 0.00562775
95 111 106 128 0.00348543
95 111 106 125 0.00353615
95 111 104 128 0.00210169
95 111 108 124 0.41824126
95 111 105 128 0.00145842
95 112 107 127 0.00085773
95 112 106 125 0.02127766
95 112 105 128 0.00070056
13 111 14 135 0.02707289
102 115 121 136 0.02168038
71 80 81 91 0.00132098
88 94 99 107 0.00300685
88 118 98 133 0.00151130
88 118 99 132 0.00974113
88 116 98 133 0.00224427
88 116 101 129 0.02108757
80 125 91 139 0.00129982
80 125 93 138 0.06526688
80 125 92 138 0.00055928
80 125 92 139 0.00274588
47 69 52 86 0.00189360
47 69 57 79 0.00084721
47 70 56 80 0.16120889
47 70 53 81 0.00243315
47 70 53 85 0.00065325
47 70 53 82 0.00086784
47 70 55 82 0.00225631
47 70 54 82 0.06345475
47 70 52 83 0.00092948
47 70 52 87 0.00570697
47 70 52 86 0.00789626
47 70 51 83 0.00591391
47 70 50 83 0.00094443
99 107 111 121 0.00487430
99 107 112 120 0.53471249
99 107 110 122 0.00829100
99 122 114 143 0.00133377
85 120 98 133 0.11385064
85 120 94 137 0.00680490
85 120 96 135 0.06281772
85 120 97 134 0.00902795
85 120 95 136 0.01065823
85 92 98 108 0.00061094
11 125 11 142 0.15364198
11 125 12 141 0.00603093
74 80 84 91 0.00295737
74 80 85 91 0.00108261
14 110 15 134 0.02053307
14 110 16 133 0.00072504
14 110 14 135 0.00998230
14 71 14 81 0.00223388
48 68 53 85 0.00387935
48 68 57 79 0.00069437
48 68 52 86 0.00146946
48 68 54 85 0.00252712
48 69 57 79 0.32506445
48 69 57 82 0.00169449
48 69 52 87 0.00469143
48 69 52 86 0.01288783
48 69 54 85 0.00682359
48 69 54 82 0.00468741
48 69 55 82 0.13472359
48 69 53 85 0.01056679
48 69 53 81 0.01326321
48 69 53 82 0.00450712
48 69 56 80 0.02928016
37 78 47 89 0.00288069
37 45 47 54 0.00069262
37 79 47 90 0.02147870
37 79 47 89 0.01240123
27 32 27 37 0.00416123
17 107 17 132 0.03952036
7 127 7 146 0.21348072
7 127 8 145 0.00247740
81 124 94 137 0.06809349
81 124 92 139 0.03756576
81 124 92 138 0.00335050
81 124 93 138 0.00378247
84 93 97 109 0.00073439
84 93 98 108 0.00054663
84 121 97 134 0.24894842
84 121 95 136 0.05321283
84 121 96 135 0.00783598
84 121 93 138 0.00667231
84 121 94 137 0.01059893
87 95 98 108 0.00172645
89 116 98 133 0.00717779
89 116 99 132 0.00496430
89 116 102 129 0.22834037
89 116 101 129 0.00275916
89 115 99 132 0.00231196
56 62 64 72 0.00655764
56 62 65 72 0.24040842
56 62 63 74 0.12364164
56 62 66 72 0.08131160
56 62 62 75 0.02082848
56 62 61 76 0.00415253
45 72 49 84 0.02447769
45 72 50 83 0.00641511
45 72 51 83 0.00113314
45 72 52 83 0.00299375
45 72 52 86 0.00891928
45 72 54 82 0.11143133
45 72 55 82 0.01708120
45 72 53 82 0.00491803
45 72 53 84 0.00131946
45 72 53 85 0.00602173
97 109 107 124 0.00174589
97 109 110 122 0.57091536
97 109 109 123 0.00723867
97 109 108 124 0.01025975
98 123 115 142 0.00103082
98 123 113 144 0.00240944
98 108 110 122 0.00490722
98 108 109 123 0.01197785
98 108 111 121 0.37111224
72 79 82 92 0.00050669
72 79 82 90 0.00195619
72 79 82 89 0.00115171
90 116 101 129 0.00866533
90 116 103 130 0.00080238
90 116 103 129 0.02629743
90 116 102 129 0.01497744
90 115 99 132 0.00711703
90 115 103 128 0.17343534
90 115 103 130 0.00054612
3 131 3 150 0.32218580
3 131 4 152 0.00244269
3 131 4 149 0.00206707
103 114 122 135 0.02490574
21 33 21 43 0.10502233
21 33 25 39 0.00148600
21 33 24 40 0.00209750
21 33 23 41 0.00819607
21 33 22 42 0.15314167
21 29 21 29 0.00131321
40 76 48 89 0.00611629
40 76 48 86 0.00351853
40 76 50 87 0.01621193
40 76 47 89 0.02967329
40 76 47 90 0.00148189
40 77 50 87 0.00672103
40 75 48 88 0.00076702
40 75 48 86 0.00083920
115 119 132 136 0.00089424
49 67 54 85 0.00376096
49 67 56 80 0.00149131
49 67 53 85 0.00575139
16 108 17 132 0.04131998
16 108 16 133 0.06969741
12 124 12 141 0.08333640
12 124 13 140 0.00193626
46 71 50 83 0.04928100
46 71 49 84 0.00119086
46 71 52 83 0.00189789
46 71 52 87 0.00425812
46 71 52 86 0.00050120
46 71 54 82 0.01013991
46 71 51 83 0.01172818
46 71 55 82 0.02964309
46 71 53 85 0.01163089
46 71 53 82 0.00101992
46 71 53 84 0.12357442
91 115 102 129 0.00087322
91 115 103 130 0.00106700
91 115 103 128 0.01367505
91 115 104 130 0.00080924
91 115 104 128 0.08968152
91 115 104 129 0.00055915
91 116 102 129 0.02781943
91 116 103 129 0.00070824
91 116 104 129 0.00481123
91 112 102 129 0.00059267
52 66 61 76 0.33276736
52 66 58 79 0.00855070
52 66 60 77 0.01455617
52 66 57 82 0.00205726
52 66 57 79 0.00251872
52 66 59 78 0.24173314
94 113 105 128 0.00126487
94 113 107 127 0.00144997
94 113 106 128 0.00052225
94 113 104 129 0.00063528
86 119 95 136 0.00839574
86 119 97 134 0.04866892
86 119 96 135 0.01005123
86 119 99 132 0.11420638
86 119 98 133 0.00281681
15 70 15 80 0.00121079
15 109 16 133 0.07298133
15 109 15 134 0.00433531
92 115 105 129 0.00061500
92 115 105 128 0.01471850
92 115 104 130 0.00089874
92 115 104 128 0.00362037
92 115 103 128 0.03478585
92 115 103 130 0.00550991
92 112 105 125 0.21464635
92 112 101 129 0.00383217
92 112 102 129 0.00186865
43 75 52 88 0.00586760
43 75 52 86 0.13946367
43 75 52 87 0.00656940
43 75 48 86 0.00104429
43 75 53 85 0.06821600
43 73 50 87 0.00162992
43 73 50 83 0.00054346
43 73 52 83 0.02378543
43 73 51 83 0.00125448
6 128 6 147 0.32025916
6 128 7 146 0.00085713
26 33 26 38 0.00384928
20 34 22 42 0.00807563
20 34 23 41 0.00207004
20 34 20 44 0.05283533
20 34 24 40 0.00139114
20 34 21 43 0.15212100
20 30 20 30 0.00149677
117 121 130 138 0.00112905
24 30 27 37 0.00158716
24 30 24 40 0.06554067
24 30 26 38 0.01412953
24 30 25 39 0.04668633
24 30 28 35 0.00053970
83 122 95 136 0.00788310
83 122 96 135 0.22076716
83 122 93 138 0.01038430
83 122 94 137 0.04618353
83 122 92 139 0.00754837
55 63 62 75 0.27078745
55 63 63 74 0.02501238
55 63 64 72 0.00247989
55 63 61 76 0.02600751
55 63 60 77 0.00188682
54 64 60 77 0.02210280
54 64 61 76 0.22729567
54 64 62 75 0.01368241
54 64 63 74 0.33200662
54 64 59 78 0.00360333
100 106 111 121 0.01162727
100 106 112 120 0.00541970
38 78 48 89 0.01954120
38 78 48 88 0.01770887
38 78 47 89 0.03160306
38 78 47 90 0.00270631
38 79 47 90 0.00640330
38 79 47 89 0.00107527
38 79 48 89 0.00179951
38 77 48 88 0.00441393
38 77 47 90 0.00123282
18 36 18 46 0.13163767
18 36 21 43 0.00184888
18 36 20 44 0.01658313
18 36 22 42 0.00118135
18 36 19 45 0.04387233
50 68 59 78 0.32085258
50 68 55 85 0.00056732
50 68 58 79 0.00096193
39 78 48 88 0.00172285
39 78 48 89 0.00595527
39 77 48 89 0.00252259
39 77 48 88 0.03469401
39 77 47 90 0.00290928
39 76 48 86 0.00330172
39 76 48 89 0.00113131
39 76 48 88 0.00065255
53 65 62 75 0.33085829
53 65 59 78 0.00101131
53 65 61 76 0.00763181
53 65 60 77 0.08856809
116 122 129 139 0.00154240
10 126 10 143 0.15248640
10 126 11 142 0.00639183
25 34 25 39 0.00070339
96 110 105 125 0.00084316
96 110 108 124 0.00518045
96 110 109 123 0.28743624
96 110 106 125 0.00407287
96 110 107 124 0.00154711
96 110 107 127 0.00413810
4 130 4 149 0.31006867
19 31 19 31 0.00924179
19 35 20 44 0.15233367
19 35 21 43 0.01323550
19 35 22 42 0.00202271
19 35 19 45 0.13219233
19 35 23 41 0.00134572
