76 76 0.97138300
22 22 0.97733500
9 9 0.54991000
74 74 0.70779200
83 83 0.98548400
13 13 0.98006000
120 120 0.88759500
59 59 0.90891000
122 122 0.96804500
79 79 0.66359900
96 96 0.93190500
65 65 0.78638700
66 66 0.92760200
93 93 0.84889700
45 44 0.00074725
45 45 0.87988900
157 157 0.98785100
94 94 0.18981000
140 140 0.92600100
47 47 0.96765900
88 88 0.51405600
86 86 0.51983300
129 129 0.96985500
129 128 0.00068856
147 147 0.89593100
35 35 0.97548500
101 101 0.91162700
105 105 0.97004900
58 58 0.85687300
54 54 0.79589600
158 158 0.67376300
61 61 0.89732300
97 97 0.97953800
57 57 0.83472800
14 14 0.90532500
131 131 0.97049000
128 127 0.00256201
128 128 0.96787700
32 32 0.97491600
30 30 0.82041000
92 92 0.89058300
106 106 0.96988600
123 123 0.96884400
123 122 0.00121162
50 49 0.00050370
50 50 0.92251800
38 38 0.80121200
142 142 0.55440500
89 89 0.89025300
133 133 0.97236600
63 63 0.87610000
41 41 0.96923400
78 78 0.67814900
64 64 0.92157400
112 112 0.96951400
34 34 0.97532800
17 17 0.85098200
75 75 0.79446800
144 144 0.54245100
152 152 0.91982700
98 98 0.83956200
125 125 0.96878600
125 124 0.00129746
143 143 0.56463300
3 3 0.81821300
138 138 0.96044700
84 84 0.66643400
117 117 0.92601800
56 56 0.83825700
82 82 0.98539300
4 4 0.70402000
28 28 0.63353900
80 80 0.98371800
12 12 0.72976500
8 8 0.39776900
148 148 0.97229600
141 141 0.68291100
111 111 0.97089500
7 7 0.40795500
107 107 0.97008800
87 87 0.75727300
135 135 0.95461100
85 85 0.61998600
153 153 0.51224900
102 102 0.76113800
23 23 0.93263100
55 55 0.81190100
130 130 0.97007100
118 118 0.97292500
124 123 0.00128087
124 124 0.96922000
39 39 0.81994400
104 104 0.97003700
42 42 0.96915100
151 151 0.14538800
44 44 0.96861700
160 160 0.99998800
72 72 0.65963400
134 134 0.97211800
132 132 0.91626300
146 146 0.92070400
119 119 0.88106800
21 21 0.85764000
24 24 0.98094200
60 60 0.89730900
43 43 0.96872600
29 29 0.81577200
62 62 0.90041300
116 116 0.97453500
15 15 0.92219700
52 52 0.10211600
69 69 0.95182800
20 20 0.64966400
154 154 0.49235100
110 110 0.97167000
113 113 0.88907200
126 126 0.96829600
126 125 0.00178109
100 100 0.94126700
149 149 0.97763700
16 16 0.87465600
81 81 0.98380500
73 73 0.67407900
10 10 0.69927100
150 150 0.54245700
40 40 0.91835700
91 91 0.86374200
145 145 0.32591900
99 99 0.85188400
90 90 0.96374100
33 33 0.97534400
53 53 0.67550200
71 71 0.31828900
109 109 0.97151400
2 2 0.92458100
36 36 0.97547100
103 103 0.71112900
115 115 0.97450400
155 155 0.41824900
156 156 0.47267500
77 77 0.64147700
46 46 0.96621200
46 45 0.00076637
25 25 0.94909800
49 49 0.96988900
49 48 0.00086868
19 19 0.97504800
68 68 0.55362300
48 48 0.96912000
18 18 0.87470800
11 11 0.12798900
114 114 0.88257000
137 137 0.96030600
51 51 0.90063500
127 126 0.00225599
127 127 0.96774500
5 5 0.58460900
95 95 0.77271800
27 27 0.82934800
121 121 0.96807200
70 70 0.95167400
37 37 0.97407500
26 26 0.80005000
67 67 0.20905200
31 31 0.97483200
136 136 0.92563900
139 139 0.72786700
1 1 0.86788100
6 6 0.41049700
108 108 0.92315300
159 159 0.52508000
