123 123 0.54929700
50 50 0.73854100
38 37 0.02535140
38 39 0.00099224
38 38 0.71061500
30 30 0.68186000
32 32 0.24749700
106 106 0.77313200
92 92 0.87167700
41 41 0.68194700
41 40 0.31519600
133 133 0.90159500
89 89 0.90166300
142 142 0.70031000
63 63 0.90497800
158 158 0.56209200
54 54 0.95262900
58 58 0.40546700
57 57 0.63735100
97 97 0.96191400
61 61 0.90489200
101 101 0.95873600
105 105 0.54979300
131 131 0.93340000
128 128 0.99759100
14 14 0.68159900
94 94 0.39653200
47 47 0.90436400
47 46 0.09439010
140 140 0.81531100
157 157 0.54333700
157 156 0.00413975
93 93 0.81641400
45 45 0.71440700
45 44 0.28436500
147 147 0.90695900
129 129 0.05876580
35 35 0.73796800
86 86 0.90106300
88 88 0.90170800
120 120 0.81591900
13 12 0.00126838
13 13 0.03547590
59 59 0.90483600
22 22 0.66417000
76 76 0.97754600
83 83 0.90065900
83 84 0.00091197
9 8 0.00073938
9 9 0.88709800
74 74 0.97732500
79 79 0.39195500
96 96 0.96226500
122 122 0.07366730
65 65 0.90500300
66 66 0.90500700
87 87 0.90133200
107 107 0.94355700
7 7 0.97186800
111 111 0.86935700
85 85 0.90089800
153 152 0.00408081
153 153 0.90656200
135 135 0.90131800
4 4 0.95542100
82 82 0.90168700
148 148 0.82881800
8 7 0.00065483
8 8 0.96824300
141 141 0.78213000
12 11 0.00138993
12 12 0.37605300
28 28 0.38916000
80 80 0.65992800
152 152 0.80663200
98 98 0.96203800
125 125 0.68701000
143 144 0.00102060
143 143 0.89145500
144 145 0.00188205
144 144 0.89049600
75 75 0.97743100
17 17 0.99408900
17 16 0.00060813
117 117 0.26287100
56 56 0.68202300
84 85 0.00058239
84 84 0.90051200
138 138 0.90175300
3 3 0.66543200
112 112 0.10480600
78 78 0.97756500
64 64 0.90495500
34 34 0.99891500
16 16 0.99336600
16 15 0.00099888
113 113 0.60993600
110 110 0.87545400
154 153 0.00202156
154 154 0.86318500
126 126 0.74644000
149 149 0.89650100
100 100 0.95868700
10 10 0.97001100
10 9 0.00094028
73 73 0.39181800
81 81 0.68989500
116 116 0.61851600
43 43 0.68504200
43 42 0.31371200
62 62 0.90498400
29 29 0.63213500
20 20 0.36611400
15 15 0.99336400
15 14 0.00058756
52 52 0.03720000
69 69 0.90482100
146 146 0.88125900
24 24 0.87684800
21 21 0.92439000
119 119 0.82018600
160 160 0.91025900
72 72 0.65988600
44 43 0.29928700
44 44 0.69980400
151 151 0.90968100
151 150 0.00400210
132 132 0.60686000
134 134 0.90140600
60 60 0.90493400
124 124 0.53146300
118 118 0.94039800
23 23 0.63585300
102 102 0.95866400
55 55 0.95262900
130 130 0.46766500
42 42 0.68360000
42 41 0.31513200
39 40 0.00086713
39 39 0.68487500
39 38 0.28789900
104 104 0.91236800
67 67 0.90499000
26 26 0.82225500
37 37 0.62941900
37 36 0.00285822
70 70 0.90214600
121 121 0.82861300
108 108 0.47796600
6 6 0.58046900
159 159 0.57874700
31 31 0.95234900
136 136 0.90139600
139 139 0.87298700
1 1 0.67273200
127 127 0.31623700
5 5 0.74910300
51 51 0.99945300
27 27 0.88174800
95 95 0.96226100
19 19 0.03667320
49 49 0.63970000
49 48 0.00100520
68 68 0.90486600
46 46 0.80911200
46 45 0.18929000
46 44 0.00063683
156 156 0.91545500
156 155 0.00884325
155 154 0.00080533
155 155 0.92906900
77 77 0.97756700
25 25 0.85054600
11 10 0.00367341
11 11 0.96996200
137 137 0.90146400
114 114 0.52663100
48 47 0.01090170
48 48 0.64395500
18 18 0.68259300
99 99 0.92941300
90 90 0.90160100
40 39 0.31328700
40 40 0.68142100
150 150 0.89034400
150 149 0.00063432
145 145 0.88691100
91 91 0.90152500
103 103 0.36435200
36 36 0.63770700
36 35 0.00061433
115 115 0.47429900
71 71 0.69001300
53 53 0.24773500
109 109 0.22861100
33 33 0.03698280
2 2 0.73281000
