21 21 0.18017711
21 18 0.00173397
21 13 0.14788088
21 22 0.00791778
21 20 0.01340041
21 17 0.00148766
15 16 0.02515531
15 8 0.00489780
15 10 0.00063640
15 11 0.00094602
15 15 0.57936723
15 9 0.00091718
15 7 0.07906529
15 12 0.01726310
15 14 0.00213307
82 82 0.11106781
82 74 0.15741030
79 71 0.03752543
79 79 0.83405764
135 135 0.41068833
60 51 0.02305897
60 57 0.05543212
60 53 0.00075347
60 60 0.71882435
60 52 0.01988566
60 59 0.00109101
6 7 0.00389785
6 5 0.00337982
6 3 0.03505281
6 6 0.68883981
146 146 0.15927699
5 6 0.00425763
5 4 0.00351350
5 2 0.05986709
5 5 0.58408793
114 110 0.00978594
114 109 0.00102337
114 114 0.77922087
94 86 0.03073370
94 87 0.00105078
94 94 0.46164753
94 88 0.12578510
61 54 0.00071868
61 53 0.01412436
61 60 0.00139596
61 58 0.03872889
61 61 0.71124928
61 52 0.00480698
61 59 0.00087041
8 8 0.45849830
8 6 0.00183554
8 9 0.00401911
8 5 0.01655101
8 7 0.00146693
84 84 0.21437103
84 76 0.00352876
134 134 0.63070370
37 34 0.05200398
37 29 0.00141532
37 37 0.58697412
37 33 0.00378803
98 92 0.06440453
98 98 0.02689693
4 4 0.57368969
4 1 0.06716063
4 5 0.00241709
4 3 0.00151605
85 85 0.81913291
85 77 0.00176435
119 116 0.00066707
119 115 0.00676861
119 119 0.80955931
119 118 0.00900645
119 114 0.00357532
107 101 0.07960520
107 103 0.02991073
107 102 0.03035283
107 107 0.71478196
49 46 0.00174643
49 49 0.54777930
49 40 0.00086982
49 41 0.05714305
49 47 0.00137624
109 105 0.06265745
109 104 0.00060660
109 109 0.42532260
109 103 0.02007848
73 73 0.24813329
73 65 0.02406854
73 64 0.00212125
40 37 0.01632802
40 32 0.16511233
40 40 0.63882657
30 27 0.00185461
30 26 0.00052591
30 22 0.16330796
30 30 0.45923868
147 147 0.37975555
48 40 0.16309357
48 45 0.00764753
48 47 0.00057745
48 48 0.64306925
16 17 0.02433398
16 11 0.00056942
16 8 0.12000514
16 13 0.00508148
16 16 0.62976405
16 7 0.00052553
16 9 0.00084105
16 15 0.00523571
56 55 0.00187654
56 54 0.01885201
56 56 0.50646017
56 47 0.00282378
56 48 0.00315199
56 53 0.11738227
90 84 0.00128623
90 82 0.15851155
90 90 0.79594972
9 9 0.50710545
9 5 0.00117150
9 10 0.00970110
9 6 0.16600329
9 8 0.00080828
9 4 0.00090739
39 36 0.04148427
39 39 0.51925193
39 31 0.16512942
28 24 0.00271665
28 28 0.40778499
28 25 0.06892433
28 20 0.06927536
136 136 0.38045424
83 83 0.13234996
83 75 0.15737718
104 98 0.00165224
104 104 0.33332493
50 50 0.55069336
50 49 0.00065039
50 42 0.02080958
50 47 0.00137503
32 29 0.01593653
32 32 0.66552189
32 24 0.00905781
69 61 0.12267363
69 60 0.03422304
69 69 0.37112804
78 70 0.13769997
78 78 0.21036662
151 151 0.93646771
35 32 0.15905051
35 27 0.00144828
35 35 0.36105143
35 31 0.00379494
76 76 0.14037656
76 68 0.04024431
64 62 0.00115062
64 56 0.12469079
64 55 0.01880503
64 64 0.62993758
64 61 0.01808314
55 55 0.60521767
55 52 0.01031152
55 47 0.08176376
52 52 0.48274119
52 49 0.04724217
52 44 0.00401142
18 13 0.00063282
18 19 0.02265890
18 10 0.14640135
18 17 0.01245092
18 15 0.04661650
18 18 0.41206153
120 119 0.00693747
120 115 0.00174859
120 120 0.76505647
120 116 0.00226026
120 117 0.00079194
1 1 0.60025518
110 105 0.04500557
110 104 0.01396654
110 106 0.07853764
110 110 0.61475499
110 109 0.00051261
152 152 0.34299664
81 81 0.46170167
81 73 0.15747849
97 97 0.21036503
97 91 0.00274139
124 119 0.01298078
124 123 0.00316137
124 124 0.72308095
115 115 0.67806292
115 111 0.04814506
115 110 0.00463198
29 21 0.07081255
29 29 0.39732515
29 26 0.00294346
13 14 0.02131092
13 12 0.00119003
13 7 0.00754053
13 5 0.00474558
13 10 0.15279812
13 6 0.00315138
13 13 0.40230832
13 8 0.00775113
27 24 0.00579089
27 28 0.00067339
27 26 0.00070778
27 27 0.42766175
27 19 0.16457661
62 53 0.00327407
62 62 0.51755270
62 60 0.00091315
62 54 0.00504059
62 59 0.03401025
62 61 0.00101022
36 28 0.00165845
36 33 0.15904854
36 32 0.00379731
36 36 0.60683372
102 96 0.15971950
102 102 0.24873871
87 87 0.82770452
87 79 0.15972701
129 129 0.69922784
129 128 0.07651476
129 127 0.00104100
129 125 0.00147228
129 124 0.00579381
22 14 0.14831958
22 18 0.00059332
22 23 0.00614396
22 21 0.01380064
22 19 0.06316507
22 22 0.56168908
20 21 0.01439924
20 12 0.14749496
20 17 0.00135720
20 20 0.41632456
20 19 0.01307227
42 39 0.13188483
42 42 0.45382580
42 34 0.16516358
108 102 0.03443526
108 104 0.00279580
108 108 0.33353284
108 103 0.01834652
122 118 0.00212858
122 117 0.02277824
122 122 0.61565205
122 121 0.05120257
122 120 0.00056209
148 148 0.37920013
70 62 0.00133568
70 70 0.82423840
70 61 0.01274245
141 141 0.99552416
131 127 0.00093657
131 128 0.00244809
131 131 0.60131434
131 130 0.00764890
131 129 0.00091190
72 64 0.11546558
72 72 0.20005643
72 63 0.00147848
58 58 0.61351468
58 55 0.03560274
58 49 0.01142944
58 50 0.13209074
111 110 0.00173018
111 109 0.00055117
111 106 0.01253008
111 111 0.64807286
111 105 0.00948867
111 107 0.05395218
43 42 0.00064120
43 40 0.06778111
43 43 0.46653673
43 35 0.16527846
113 107 0.00332931
113 113 0.67275506
113 109 0.14189482
113 108 0.00848707
51 48 0.00318117
51 51 0.52998550
51 43 0.02815137
150 150 0.62861289
31 23 0.00633182
31 31 0.59152798
31 28 0.00952791
121 119 0.00090737
121 116 0.01186840
121 120 0.06516201
121 118 0.00051375
121 117 0.01480837
121 121 0.76200540
24 20 0.00107135
24 25 0.00425824
24 16 0.00548996
24 23 0.01049551
24 24 0.55345255
24 21 0.15664732
3 2 0.00243771
3 3 0.49289888
3 1 0.00360046
3 4 0.00068726
106 102 0.01988111
106 100 0.10614816
106 101 0.03131002
106 106 0.48668897
140 140 0.82959083
117 112 0.00103572
117 113 0.00091354
117 116 0.00220095
117 117 0.55154284
99 99 0.14038132
99 93 0.15989463
145 145 0.31585487
17 9 0.14228902
17 12 0.00077391
17 18 0.02436454
17 14 0.04702820
17 8 0.00073493
17 13 0.00136116
17 16 0.00884271
17 17 0.38620297
68 60 0.04300795
68 59 0.00501560
68 68 0.56527573
132 133 0.00073246
132 131 0.02163155
132 128 0.00098766
132 129 0.00326731
132 130 0.00192002
132 132 0.64880077
100 94 0.01187168
100 100 0.06558388
71 63 0.00630338
71 71 0.33314403
71 62 0.00080761
95 88 0.00056222
95 95 0.16100906
95 89 0.13669017
95 87 0.02041659
149 149 0.40809520
138 138 0.15949334
128 128 0.64657651
128 127 0.00235300
128 124 0.00198438
45 44 0.00084980
45 42 0.07143401
45 45 0.33699601
45 37 0.00165689
7 6 0.00286262
7 4 0.06834838
7 8 0.00173976
7 7 0.58958706
7 5 0.00132176
101 101 0.47924122
101 95 0.00313333
47 46 0.00071657
47 44 0.15364426
47 39 0.05024837
47 47 0.61194613
116 112 0.00283228
116 111 0.00184629
116 116 0.64879019
38 38 0.55402421
38 35 0.11894202
38 30 0.16527692
74 74 0.47853174
96 90 0.14734049
96 96 0.81608808
96 88 0.01023636
66 57 0.00457430
66 58 0.05193414
66 63 0.00375657
66 66 0.49812551
125 124 0.00125999
125 121 0.00355562
125 125 0.75224649
123 119 0.00834273
123 118 0.02267374
123 123 0.67417404
123 122 0.02738745
105 101 0.00154249
105 99 0.00158860
105 105 0.80095161
153 153 0.73174370
34 31 0.12382691
34 34 0.51278743
34 26 0.05042320
126 121 0.01324720
126 125 0.01594358
126 126 0.51759294
41 33 0.16513805
41 38 0.09378310
41 41 0.53880405
2 2 0.58464277
2 1 0.00338922
118 113 0.00080278
118 116 0.00068199
118 115 0.00350680
118 118 0.75719216
118 117 0.00681866
118 114 0.02018573
53 51 0.00223505
53 53 0.57368433
53 50 0.04682302
53 45 0.16119312
26 27 0.00241450
26 25 0.00398012
26 26 0.24178045
26 23 0.15351804
26 18 0.03298370
142 142 0.99571631
89 81 0.01183073
89 89 0.81971254
11 6 0.01239710
11 10 0.00102849
11 11 0.55082732
11 8 0.05251598
11 12 0.02021805
11 7 0.00139396
11 5 0.00369024
143 143 0.99572166
88 88 0.82772694
88 80 0.00312867
93 87 0.05862169
93 85 0.09632437
93 86 0.00255767
93 93 0.11106785
57 55 0.00202756
57 49 0.13501964
57 54 0.04699989
57 57 0.63019199
80 80 0.15594794
80 72 0.08470908
65 65 0.68615225
65 62 0.01277413
65 57 0.00383110
65 56 0.03268015
46 46 0.58340829
46 38 0.00144597
46 43 0.00603394
127 127 0.59564257
127 126 0.00254887
75 67 0.15337107
75 75 0.06557501
63 54 0.01852341
63 60 0.00384663
63 63 0.52559250
63 55 0.00409029
14 10 0.00138761
14 6 0.02877895
14 11 0.14113310
14 8 0.00549230
14 13 0.00169742
14 7 0.00607705
14 14 0.51259628
14 15 0.02146212
14 9 0.00155231
137 137 0.38102154
33 25 0.09350674
33 33 0.53658317
33 30 0.05188711
112 108 0.02292196
112 106 0.00520535
112 112 0.58170786
112 107 0.01127619
23 22 0.01357390
23 20 0.10409777
23 15 0.14853208
23 23 0.54930375
23 24 0.00444211
59 51 0.12257449
59 56 0.06120040
59 52 0.00074449
59 50 0.01390485
59 59 0.58985199
103 103 0.20017182
103 97 0.06332610
144 144 0.86774332
12 4 0.00196047
12 8 0.00195991
12 13 0.02069973
12 11 0.00075317
12 6 0.00553135
12 9 0.06573034
12 12 0.26481439
12 7 0.01196618
19 16 0.00315827
19 19 0.40333397
19 20 0.02088185
19 11 0.14726711
19 18 0.01292386
10 7 0.03572934
10 9 0.00084999
10 5 0.00746788
10 11 0.01540481
10 6 0.00366228
10 10 0.63826787
77 69 0.07636003
77 77 0.02689329
54 51 0.00132471
54 54 0.61715463
54 46 0.00363582
54 45 0.00150932
54 52 0.00063653
44 44 0.36168258
44 41 0.00302552
44 36 0.00141628
44 43 0.00088089
139 139 0.33824525
92 92 0.13234992
92 84 0.00147099
92 86 0.00133757
91 91 0.20760861
91 83 0.06275115
133 132 0.00729357
133 130 0.00219793
133 134 0.00074944
133 133 0.95878686
133 131 0.00151962
25 21 0.00408901
25 24 0.00724411
25 25 0.58848924
25 26 0.00405992
25 22 0.15360674
25 17 0.08653310
86 78 0.06334336
86 86 0.79597163
130 129 0.01374735
130 130 0.81800717
130 127 0.00453655
130 125 0.00111581
130 128 0.00144030
67 58 0.03355353
67 67 0.54882660
67 59 0.12486887
67 64 0.00055826
