53 62 46 55 0.00420363
92 102 87 97 0.04692151
92 102 89 95 0.00284548
92 102 86 98 0.15561106
92 102 86 96 0.07798269
92 102 88 96 0.10072885
90 104 87 97 0.00190316
90 104 85 99 0.03984782
90 104 85 100 0.00188273
90 104 84 100 0.18870878
90 104 84 98 0.12818214
90 104 84 102 0.00278919
90 104 86 98 0.16818256
94 100 89 95 0.06756221
94 100 88 93 0.00062051
94 100 88 94 0.08832007
94 100 88 96 0.11498050
94 100 90 96 0.00053030
94 100 90 94 0.09753156
84 111 80 104 0.00637773
84 111 79 105 0.07256551
84 111 77 107 0.00090124
84 111 78 106 0.01551689
11 52 30 73 0.01479748
11 52 29 74 0.00521087
11 22 8 20 0.00200541
79 117 76 111 0.00095917
79 117 76 110 0.00116450
125 145 119 141 0.28736194
125 145 118 142 0.00590635
4 151 3 151 0.00153367
86 108 81 103 0.03421483
86 108 80 104 0.20338243
86 110 80 104 0.13524867
86 110 82 104 0.02982558
124 146 117 143 0.01652745
124 146 118 142 0.08403672
12 21 9 19 0.00521740
12 51 31 72 0.01422626
12 51 30 73 0.00564664
128 142 124 137 0.00097393
128 142 123 138 0.00166940
128 142 121 139 0.01716495
129 142 123 138 0.26358372
129 141 123 137 0.00068796
129 141 124 137 0.00199740
13 20 10 18 0.00476830
13 50 31 72 0.00565463
13 50 32 71 0.01083856
83 110 77 108 0.00505743
83 110 77 109 0.00066462
83 110 80 104 0.00163639
83 112 79 105 0.00729206
83 112 78 106 0.06928897
83 112 77 107 0.01595249
83 112 77 109 0.00253591
83 112 77 108 0.20723707
18 44 36 65 0.00578213
18 44 18 42 0.03645314
18 44 37 64 0.01529213
10 23 7 21 0.00474503
23 40 42 59 0.00111758
23 40 23 37 0.05195849
23 39 42 59 0.00116156
23 39 23 37 0.00448857
82 114 76 111 0.01222777
82 114 76 112 0.00204284
82 114 76 110 0.10504407
82 114 77 108 0.08640133
80 116 76 110 0.02682197
80 114 77 107 0.00591701
80 114 77 108 0.00077033
126 144 119 141 0.01895567
126 144 120 140 0.13191603
85 111 81 105 0.00437489
85 111 79 105 0.09130100
29 34 47 54 0.00302616
29 36 27 33 0.00807440
29 35 27 33 0.00243966
56 62 49 55 0.00893764
127 143 123 138 0.00092258
127 143 121 139 0.22938167
127 143 120 140 0.00849833
24 40 23 37 0.00146629
24 39 23 37 0.00124484
24 39 24 36 0.07934460
24 39 43 58 0.00560092
24 39 42 59 0.00221368
9 54 28 75 0.00570001
87 107 81 105 0.00339193
87 107 81 103 0.09677267
87 107 84 100 0.00178955
16 46 16 44 0.03369646
16 46 34 67 0.00281955
16 46 34 68 0.00067466
16 46 35 66 0.01391765
16 46 17 43 0.00220868
54 61 49 55 0.00455580
54 61 47 54 0.00476710
54 61 50 55 0.02473107
54 61 48 55 0.02711430
91 103 87 97 0.09854835
91 103 85 101 0.00065616
91 103 85 97 0.07924050
91 103 85 99 0.19220219
91 103 88 96 0.00146166
91 103 86 98 0.04610306
91 103 86 99 0.00118629
20 42 38 63 0.00538050
20 42 39 62 0.01524805
28 37 26 34 0.00289486
26 39 24 36 0.00133667
26 37 44 57 0.00667698
26 37 45 56 0.01021035
26 37 25 35 0.00434086
26 37 26 34 0.16790168
130 141 123 138 0.01654726
130 141 124 137 0.27762740
130 141 126 136 0.00093683
93 101 90 94 0.00203999
93 101 87 98 0.00088521
93 101 87 94 0.00099814
93 101 87 97 0.19288018
93 101 87 99 0.00056090
93 101 87 96 0.00110643
93 101 88 96 0.05991976
93 101 88 97 0.00050209
93 101 89 95 0.18100418
89 105 86 98 0.00179743
89 105 84 101 0.00410287
89 105 84 100 0.05245016
89 105 83 99 0.06205917
89 105 85 99 0.11560242
7 57 26 78 0.00051154
88 106 84 100 0.08835526
88 106 82 104 0.00499816
88 106 85 99 0.00176154
17 45 17 43 0.02021928
17 45 35 66 0.00632070
17 45 18 42 0.00097032
17 45 36 65 0.01744784
25 37 25 35 0.01056595
27 33 27 33 0.00425035
27 36 46 55 0.01015519
27 36 26 34 0.00526672
27 36 27 33 0.07222485
27 36 45 56 0.00455678
81 113 77 107 0.10992181
81 113 78 106 0.00960748
81 115 77 109 0.00361255
81 115 76 110 0.00054643
21 41 40 61 0.00831498
21 41 39 62 0.00311642
131 140 124 137 0.01797808
131 140 126 136 0.00461939
131 140 126 135 0.00241501
131 140 125 134 0.00311500
19 43 37 64 0.00492196
19 43 38 63 0.01301643
3 152 3 151 0.06134715
3 152 3 148 0.00797316
3 152 2 152 0.00136787
14 49 33 70 0.01788450
14 49 32 71 0.00675312
15 48 33 70 0.00470752
15 48 34 68 0.00153574
15 48 34 69 0.00682320
22 40 40 61 0.00198537
