146 147 0.10001831
146 145 0.00718038
146 146 0.79488247
4 4 0.20338780
4 6 0.01015120
4 2 0.05125398
4 7 0.04906226
4 1 0.00096420
4 8 0.00199191
4 5 0.02290940
4 3 0.32720143
107 107 0.90483257
25 24 0.00491893
25 22 0.00064207
25 20 0.00083855
25 28 0.10544194
25 23 0.00113849
25 27 0.00106447
25 25 0.53841888
30 29 0.00196964
30 30 0.90768618
30 28 0.00219570
30 27 0.00925426
30 31 0.00078733
42 41 0.00335453
42 42 0.60004051
36 30 0.00079928
36 36 0.72823266
156 156 0.60443513
14 17 0.06598016
14 13 0.21932262
14 18 0.00439983
14 10 0.01258854
14 15 0.01865899
14 11 0.02843159
14 14 0.24456163
14 16 0.08944202
14 9 0.02136495
14 12 0.01595187
40 40 0.53126586
40 39 0.00075705
40 34 0.01073087
80 76 0.00061281
80 80 0.88066953
65 62 0.00394142
65 61 0.02653597
65 65 0.91515961
9 12 0.05201019
9 5 0.00927433
9 9 0.04487179
9 11 0.01298451
9 8 0.29983023
9 7 0.00546825
9 10 0.01439384
9 6 0.00393294
9 13 0.00174568
87 87 0.68341682
87 84 0.00051915
154 154 0.57857757
49 43 0.02925171
49 49 0.92061637
49 48 0.00297262
57 51 0.00177147
57 57 0.55517181
123 124 0.00083098
123 123 0.93921485
34 34 0.87228258
34 27 0.00177639
34 31 0.00164511
34 28 0.01252852
10 15 0.00499918
10 8 0.00880350
10 10 0.07109372
10 7 0.00137905
10 13 0.12111387
10 6 0.02068465
10 12 0.11158738
10 9 0.30262719
10 5 0.00058368
10 11 0.01208763
10 14 0.00172302
96 96 0.65327202
96 95 0.00091567
114 114 0.72911240
132 134 0.00082728
132 132 0.68378222
132 133 0.04910760
52 51 0.00148290
52 49 0.00271847
52 52 0.92589588
52 46 0.02653238
116 116 0.74766493
41 42 0.00064736
41 41 0.60921461
41 40 0.00265367
105 105 0.81864412
32 26 0.01398833
32 29 0.00178018
32 32 0.89889657
131 130 0.00110438
131 132 0.04210141
131 131 0.66210431
64 64 0.74268175
59 59 0.71957495
125 126 0.00331957
125 125 0.61430068
69 65 0.02690775
69 69 0.83504457
144 143 0.00311622
144 145 0.04646099
144 144 0.47077161
135 136 0.13196157
135 135 0.70371186
13 8 0.01222068
13 15 0.13599053
13 10 0.00539860
13 18 0.01138376
13 13 0.21775427
13 17 0.00262892
13 12 0.18407516
13 9 0.00114135
13 16 0.08956858
13 14 0.02044062
13 11 0.00479884
145 144 0.00231380
145 146 0.04346064
145 145 0.53778760
134 134 0.77839975
134 135 0.14612628
112 112 0.88734008
124 125 0.00183245
124 124 0.58577268
126 126 0.53282043
126 127 0.01498581
61 61 0.77092080
100 100 0.60271370
88 85 0.00057095
88 88 0.55287756
117 117 0.59113722
38 32 0.02654615
38 38 0.67222086
63 63 0.72189272
63 59 0.01073125
82 79 0.00149063
82 78 0.00818575
82 82 0.84469535
119 119 0.40343898
136 137 0.05310290
136 136 0.53772172
7 2 0.00276558
7 7 0.04622253
7 10 0.02055426
7 8 0.00588455
7 4 0.01570177
7 6 0.33790416
7 9 0.08448946
7 5 0.01066791
7 3 0.00244569
7 11 0.00068165
93 93 0.81019498
93 92 0.00073854
102 102 0.39782296
6 8 0.05672530
6 10 0.00385095
6 7 0.01980004
6 2 0.00087943
6 6 0.08970119
6 4 0.02346874
6 3 0.00739137
6 5 0.39231424
6 9 0.14454166
50 50 0.92404713
50 49 0.00285806
50 44 0.02914582
51 45 0.02878888
51 51 0.92563094
51 50 0.00165680
98 98 0.55787124
21 18 0.02142532
21 17 0.01455816
21 23 0.00926992
21 19 0.00504491
21 16 0.02708739
21 21 0.42982146
21 20 0.08739863
21 24 0.05005681
21 22 0.00546796
47 47 0.71244747
47 46 0.00268894
158 158 0.78810108
53 53 0.92748735
53 47 0.02613967
53 50 0.00309491
142 142 0.58640243
142 143 0.00098969
142 141 0.00075692
104 104 0.58591170
108 108 0.93518109
26 28 0.00087347
26 23 0.00441712
26 25 0.00076988
26 26 0.59262640
26 20 0.00122647
26 21 0.00109897
26 29 0.02240660
29 30 0.00273013
29 29 0.84458090
29 32 0.00081965
29 26 0.00145140
16 11 0.01117351
16 14 0.00690892
16 16 0.28078813
16 12 0.00529665
16 17 0.02015141
16 13 0.01970116
16 18 0.02358832
16 19 0.00145370
16 15 0.15355905
92 92 0.92740643
92 91 0.00106453
19 23 0.00054241
19 19 0.33204305
19 15 0.00319123
19 17 0.00980833
19 18 0.13445552
19 24 0.00287152
19 22 0.00316196
19 14 0.02944339
19 21 0.00331496
19 16 0.01756086
19 20 0.00681855
127 128 0.00632415
127 127 0.67029417
1 5 0.00050961
1 4 0.00073354
1 1 0.66411697
1 2 0.03493577
113 113 0.70393271
86 86 0.73974378
99 99 0.29696296
150 150 0.77672550
122 122 0.77811262
67 63 0.00420354
67 67 0.84952894
2 5 0.00231164
2 3 0.01305686
2 4 0.00081619
2 6 0.00066923
2 1 0.10639586
2 2 0.47456236
17 19 0.00395030
17 15 0.00646325
17 17 0.22604065
17 13 0.01351327
17 18 0.02171707
17 12 0.02199960
17 14 0.02149061
17 20 0.00307799
17 16 0.14670594
153 153 0.58417949
5 2 0.00687354
5 7 0.02748142
5 8 0.10211303
5 4 0.19521354
5 6 0.01363040
5 9 0.00443627
5 5 0.16911764
5 3 0.01452044
128 127 0.00051094
128 129 0.00354155
128 128 0.52852582
56 56 0.71886226
35 29 0.00675901
35 32 0.00064538
35 35 0.73441058
48 47 0.00292527
48 42 0.02997996
48 48 0.88179832
75 75 0.85476671
75 71 0.00059725
27 23 0.00081854
27 27 0.61355038
27 28 0.00490964
27 30 0.00594878
27 24 0.06088580
27 22 0.00139902
27 29 0.00081304
149 148 0.00091844
149 149 0.59941481
60 60 0.81222191
60 56 0.01072081
22 17 0.01278453
22 18 0.00967148
22 25 0.08683067
22 23 0.00403799
22 19 0.03946239
22 21 0.06832631
22 20 0.00409132
22 24 0.02694240
22 22 0.45509981
118 118 0.60630101
106 106 0.90739930
106 108 0.00053656
101 101 0.91547807
20 20 0.33688508
20 16 0.02058417
20 21 0.00735383
20 22 0.00239645
20 17 0.01888008
20 25 0.00485029
20 18 0.00147238
20 19 0.11561581
20 23 0.13509356
20 15 0.03726697
155 155 0.65130792
74 74 0.90879505
74 70 0.00302597
37 37 0.70344471
37 31 0.00485602
152 152 0.49761501
76 76 0.86319579
76 72 0.00062277
129 128 0.00073186
129 130 0.08834331
129 129 0.49837753
58 54 0.00135587
58 58 0.81088917
58 52 0.00752281
115 115 0.74596703
137 138 0.08245072
137 137 0.57772378
83 80 0.00198583
83 79 0.00263878
83 83 0.68144848
3 5 0.00289994
3 3 0.35373469
3 2 0.30298562
3 1 0.01202388
3 7 0.00134664
3 4 0.02965952
3 6 0.01064668
103 103 0.43169558
79 75 0.00079278
79 79 0.86230708
109 109 0.80573794
23 25 0.00154416
23 18 0.02482241
23 19 0.00080923
23 23 0.51895577
23 20 0.02290026
23 21 0.00218009
23 22 0.02234361
23 24 0.00129634
23 26 0.01017863
31 29 0.00078875
31 25 0.00290906
31 28 0.00269651
31 31 0.92271103
28 29 0.00299241
28 31 0.00391831
28 28 0.72258169
28 25 0.00061176
138 138 0.43641901
138 139 0.07436942
8 7 0.30335140
8 10 0.01150786
8 8 0.04379307
8 4 0.00172078
8 6 0.00711051
8 9 0.01273305
8 5 0.02633720
8 12 0.00216708
8 3 0.00360995
8 11 0.05383284
130 129 0.00171286
130 130 0.71684273
130 131 0.07411405
39 39 0.76700139
72 68 0.00419537
72 72 0.92579431
147 148 0.01549509
147 147 0.83504206
147 146 0.01160264
94 93 0.00083261
94 94 0.83070221
68 68 0.83114301
68 64 0.00059489
12 17 0.01025383
12 13 0.00915050
12 10 0.00483367
12 7 0.01487451
12 8 0.00169197
12 15 0.13801903
12 11 0.22701561
12 14 0.09990200
12 16 0.00318388
12 9 0.03437050
12 12 0.14707039
11 6 0.01320089
11 13 0.12373692
11 8 0.00468478
11 15 0.00453118
11 7 0.02171394
11 10 0.24321319
11 16 0.00823122
11 14 0.09861141
11 11 0.09707895
11 12 0.02139091
11 9 0.01032510
71 67 0.01256054
71 71 0.90710953
71 68 0.00149812
81 78 0.00084570
81 81 0.89417693
81 77 0.00154795
73 69 0.01216622
73 73 0.92576581
46 46 0.55075285
46 45 0.00263766
46 40 0.00228125
85 82 0.00052518
85 85 0.57799307
85 84 0.00058702
91 90 0.00061277
91 91 0.96021997
121 121 0.91734496
110 110 0.73205616
15 16 0.01820974
15 11 0.01190740
15 14 0.10958838
15 12 0.02667742
15 13 0.01847349
15 18 0.11317814
15 17 0.01504351
15 15 0.28811407
15 10 0.02033848
70 70 0.92585223
70 66 0.00701643
90 90 0.78761520
90 89 0.00051954
143 142 0.00319138
143 144 0.01933284
143 143 0.36027864
157 157 0.41251459
141 140 0.00125463
141 142 0.06881312
141 141 0.50135642
139 139 0.38407355
139 140 0.00380250
97 96 0.00068286
97 97 0.41384421
111 111 0.79967831
43 37 0.01075898
43 42 0.00404466
43 43 0.61891885
18 17 0.14516879
18 18 0.33574749
18 13 0.03971482
18 23 0.00944745
18 19 0.02482082
18 15 0.02306518
18 14 0.00344413
18 21 0.00303777
18 16 0.01650626
18 20 0.00410539
89 89 0.81640863
148 149 0.00222720
148 148 0.78785527
148 147 0.00626810
66 62 0.02653780
66 66 0.85436202
78 78 0.86646533
78 75 0.00115893
78 79 0.00051418
78 74 0.00104104
95 94 0.00116978
95 95 0.67953232
62 62 0.92385229
54 48 0.02604526
54 54 0.88932163
54 51 0.00318563
24 19 0.00198521
24 23 0.00768530
24 27 0.03995269
24 25 0.00070675
24 22 0.00130438
24 24 0.56137201
24 21 0.01503092
45 45 0.80318819
45 44 0.00277930
45 39 0.00956756
84 83 0.00051457
84 81 0.00142479
84 84 0.82020506
84 80 0.00173647
140 140 0.58505978
140 139 0.00065206
140 141 0.15394660
151 151 0.51573124
33 33 0.89532037
33 27 0.00496248
33 30 0.00165561
133 133 0.51368302
133 134 0.09627249
55 55 0.92817007
55 52 0.00427267
55 49 0.02602691
44 43 0.00323651
44 38 0.00059006
44 44 0.66088877
77 77 0.90578204
77 78 0.00052234
77 73 0.00083981
120 120 0.78695770
