67 63 0.00482270
67 67 0.66299662
2 4 0.00071480
2 1 0.13698565
2 2 0.70058847
2 3 0.01426802
2 5 0.00097475
17 12 0.00387763
17 14 0.01314931
17 20 0.00355818
17 16 0.14331232
17 15 0.00469519
17 17 0.43248814
17 13 0.00407269
17 18 0.00197410
153 152 0.17332202
153 153 0.46974055
5 4 0.23893276
5 6 0.01404013
5 7 0.00892996
5 8 0.04838789
5 9 0.00160190
5 5 0.50182267
5 3 0.00133181
56 56 0.53528098
128 128 0.55086404
128 129 0.00105301
128 127 0.00247915
35 29 0.00674053
35 35 0.71105358
48 42 0.03033539
48 48 0.80748886
48 47 0.00690607
75 75 0.57531066
75 71 0.00059546
27 22 0.00055696
27 29 0.00053863
27 28 0.00321162
27 27 0.56617093
27 30 0.00378296
149 149 0.44333846
149 150 0.00099358
149 148 0.28689615
22 25 0.11198529
22 17 0.00495422
22 15 0.00093566
22 19 0.00488386
22 23 0.00179050
22 20 0.00063983
22 21 0.04773848
22 22 0.46681757
60 56 0.00314411
60 60 0.56792981
106 106 0.86789191
118 118 0.61581609
101 101 0.95816666
20 17 0.00761484
20 13 0.00142938
20 23 0.13211464
20 19 0.10534436
20 15 0.01591758
20 21 0.00065302
20 20 0.51463264
155 155 0.53314957
155 154 0.04744221
74 74 0.58938496
74 70 0.00301784
37 31 0.00484244
37 37 0.68528235
152 151 0.01703122
152 152 0.39519668
76 76 0.45612162
76 72 0.00062088
129 128 0.00643604
129 130 0.00098299
129 129 0.51603485
58 54 0.00136892
58 52 0.00760068
58 58 0.88481251
3 1 0.00079501
3 2 0.16585076
3 4 0.01392847
3 6 0.00500580
3 5 0.00140312
3 3 0.65699770
115 115 0.62287106
115 114 0.00057702
137 137 0.55267799
83 80 0.00198118
83 79 0.00263252
83 83 0.42043547
103 103 0.49168514
79 79 0.93201417
79 75 0.00079082
109 109 0.69035827
23 22 0.00348679
23 26 0.04762567
23 23 0.26317535
23 18 0.00390881
31 25 0.00290159
31 31 0.59261764
138 137 0.00224660
138 138 0.72413840
28 29 0.00173557
28 28 0.67077809
28 31 0.00205747
8 11 0.12034435
8 12 0.00179807
8 9 0.00448282
8 8 0.25160636
8 7 0.05031614
8 10 0.00099475
130 129 0.00088659
130 130 0.48309821
130 131 0.00158540
39 39 0.73979626
72 72 0.65285461
72 68 0.00495197
147 146 0.27797238
147 147 0.61777448
147 148 0.00099361
68 64 0.00070221
68 68 0.63420566
94 95 0.00052632
94 94 0.72641986
12 15 0.13665493
12 10 0.00251519
12 13 0.00817000
12 12 0.44683319
12 9 0.00171623
12 11 0.18461735
11 14 0.04662819
11 11 0.41968930
11 12 0.00784452
11 9 0.00251297
11 10 0.16292736
71 67 0.01249405
71 68 0.00176826
71 71 0.64940488
81 77 0.00154435
81 81 0.93797288
81 78 0.00084369
73 73 0.81828670
73 69 0.01395797
46 40 0.00064740
46 45 0.00315961
46 46 0.68613180
85 82 0.00052413
85 85 0.19631472
85 84 0.00062089
91 91 0.57752110
121 121 0.52728303
110 110 0.62132390
90 90 0.62101765
15 12 0.00268994
15 16 0.00389314
15 14 0.13852799
15 15 0.18349267
15 13 0.00471843
15 18 0.12422036
70 70 0.38137845
70 66 0.00697840
143 142 0.07581030
143 143 0.45803659
157 157 0.35419331
157 156 0.08867305
141 142 0.00093798
141 140 0.02264292
141 141 0.61743445
139 139 0.39645313
139 138 0.00165723
111 111 0.78165340
97 97 0.57618637
43 43 0.47696090
43 37 0.00315524
43 42 0.00215322
18 15 0.00314939
18 19 0.00195627
18 13 0.01560628
18 18 0.37750717
18 17 0.09230757
18 21 0.00350915
18 16 0.00418494
18 14 0.00389342
148 149 0.00101911
148 147 0.27251458
148 148 0.47509994
89 89 0.97252251
78 75 0.00115559
78 74 0.00103803
78 78 0.50145811
95 95 0.72254209
66 62 0.02646421
66 66 0.65294688
62 62 0.83034409
54 54 0.68262535
54 51 0.00322086
54 48 0.02640968
24 27 0.03751140
24 23 0.00236677
24 19 0.00102598
24 24 0.41133455
45 39 0.00966203
45 45 0.81757435
45 44 0.00518907
84 81 0.00142156
84 84 0.35364410
84 80 0.00173246
140 141 0.00128401
140 139 0.01547842
140 140 0.67966647
151 151 0.30071693
151 150 0.01219774
33 33 0.61626504
33 27 0.00494897
133 133 0.43132454
55 52 0.00431749
55 55 0.56762606
55 49 0.02640457
44 44 0.57214912
44 43 0.00284328
77 77 0.44102071
77 73 0.00083716
120 120 0.73211027
146 147 0.00064030
146 145 0.10999351
146 146 0.54334339
4 5 0.01633145
4 3 0.20941597
4 2 0.00090637
4 7 0.01627291
4 8 0.00093396
4 4 0.61599324
4 6 0.00425392
107 107 0.71450114
30 31 0.00063561
30 30 0.82645456
25 20 0.00066038
25 24 0.00133974
25 25 0.47598790
25 28 0.07710979
25 27 0.00051926
42 42 0.50253558
36 36 0.52770636
36 30 0.00079709
156 156 0.41933827
156 155 0.07364716
40 34 0.00312521
40 40 0.32025072
14 12 0.00169462
14 11 0.00383079
14 14 0.37085036
14 15 0.00208910
14 13 0.13544597
14 17 0.07901282
80 80 0.93362406
80 76 0.00061131
65 62 0.00393045
65 65 0.56836446
65 61 0.02646144
9 8 0.16166258
9 10 0.00793829
9 7 0.00108329
9 13 0.00139845
9 12 0.07629033
9 9 0.26968231
9 11 0.00066820
87 87 0.52371606
154 154 0.36222301
154 153 0.01144392
49 48 0.00713218
49 49 0.80590640
49 43 0.02963438
57 51 0.00050310
57 57 0.50816377
123 123 0.87507024
34 27 0.00177142
34 34 0.62991847
34 28 0.01249342
10 13 0.12564736
10 8 0.00098206
10 10 0.39324683
10 11 0.00807003
10 12 0.00058227
10 9 0.18572125
96 96 0.67314662
132 131 0.00072182
132 133 0.00096935
132 132 0.78695616
114 114 0.74743143
52 52 0.90130426
52 46 0.02686265
52 51 0.00468575
52 49 0.00275784
116 116 0.52709586
41 40 0.00190509
41 41 0.55548936
105 105 0.71849175
32 32 0.76509107
32 26 0.01395050
131 131 0.58184398
131 132 0.00163231
64 64 0.68441573
59 59 0.65836323
144 144 0.45029629
144 143 0.04228589
125 125 0.65509660
69 65 0.02676721
69 69 0.75320090
135 135 0.74003979
13 14 0.00439947
13 11 0.00209769
13 16 0.09843980
13 12 0.13944856
13 13 0.34375190
13 10 0.00149879
145 144 0.11031527
145 145 0.26977924
134 134 0.83319112
112 112 0.69370485
124 124 0.64034882
126 126 0.52545078
126 127 0.00053356
61 61 0.74820689
100 100 0.63444993
88 88 0.85763414
88 85 0.00057057
117 117 0.59344997
38 32 0.02647289
38 38 0.56857659
63 63 0.62046149
63 59 0.00312552
82 78 0.00816652
82 79 0.00148711
82 82 0.86821689
7 11 0.00184545
7 9 0.00185882
7 6 0.05608163
7 8 0.00519827
7 7 0.11028431
7 10 0.11108159
119 119 0.61287900
136 136 0.59386915
93 93 0.82282316
102 102 0.70330322
6 9 0.10854972
6 5 0.24091979
6 10 0.00154464
6 7 0.01050437
6 8 0.00320059
6 4 0.00164104
6 6 0.40242298
50 44 0.02953500
50 49 0.00876132
50 50 0.89551483
51 50 0.00528334
51 51 0.76069902
51 45 0.02914477
98 98 0.53113030
21 18 0.00625154
21 17 0.00069815
21 23 0.00193506
21 20 0.05488109
21 16 0.01481092
21 21 0.53853801
21 14 0.00119564
21 22 0.00763914
21 24 0.05014981
47 46 0.00490814
47 47 0.72787913
158 157 0.08677687
158 158 0.71116626
53 50 0.00313872
53 52 0.00077775
53 53 0.72528343
53 47 0.02649923
142 141 0.02387548
142 142 0.49432582
104 104 0.67681553
108 108 0.86559210
26 21 0.00084194
26 29 0.01547206
26 20 0.00104155
26 26 0.56898345
26 28 0.00062287
16 13 0.01422591
16 17 0.00222627
16 15 0.20700631
16 19 0.00163633
16 16 0.23576945
16 11 0.00073014
16 14 0.00458433
16 12 0.00106881
29 29 0.90894797
29 30 0.00167220
19 17 0.00221598
19 18 0.10978479
19 19 0.52565528
19 15 0.00251358
19 14 0.01621185
19 20 0.00180122
19 16 0.01193623
19 22 0.00348305
19 12 0.00054507
92 92 0.95848121
127 126 0.00069152
127 127 0.62823451
127 128 0.00147417
113 113 0.72677037
113 112 0.00280698
1 1 0.79203876
1 2 0.01044225
86 86 0.51020193
99 99 0.46953781
150 149 0.03509216
150 151 0.00064546
150 150 0.35647228
122 122 0.58884317
