12 12 0.66132200
19 19 0.98438500
70 70 0.87328100
45 45 0.14808100
149 149 0.25788200
77 77 0.73283100
100 100 0.29594700
15 15 0.50775700
46 46 0.39538000
93 93 0.99997600
13 13 0.70040500
144 144 0.69687500
40 40 0.91591900
126 126 0.95973700
133 133 0.79762900
2 2 0.41107900
116 116 0.77917400
38 38 0.99636900
23 23 0.02456200
34 34 0.40865500
119 119 0.79014700
1 1 0.66360000
63 63 0.68389700
36 36 0.90675800
68 68 0.54098800
155 155 0.99986900
90 90 0.29042300
72 72 0.97059900
27 27 0.99716300
44 44 0.99990200
49 49 0.99945300
107 107 0.40523900
156 156 0.93648100
143 143 0.25323500
6 6 0.67167400
152 152 0.95397500
52 52 0.34526000
4 4 0.97417800
98 98 0.29042400
94 94 0.99998200
96 96 0.99998400
83 83 0.99732800
58 58 0.55031100
86 86 0.39490000
59 59 0.91283100
95 95 0.99998300
22 22 0.38515000
65 65 0.42576800
43 43 0.45041000
26 26 0.99887800
130 130 0.32402800
117 117 0.66122900
54 54 0.39036900
79 79 0.57441900
64 64 0.57319300
109 109 0.71418300
50 50 0.99962400
148 148 0.65152800
97 97 0.39652100
102 102 0.39491400
57 57 0.92650900
5 5 0.91580100
69 69 0.83976600
28 28 0.45235300
71 71 0.99176000
99 99 0.39492300
91 91 0.39651300
104 104 0.06780640
14 14 0.92729200
60 60 0.43877000
42 42 0.49384600
136 136 0.78886700
127 127 0.63514700
151 151 0.93939200
56 56 0.38651900
88 88 0.29594700
123 123 0.96107900
135 135 0.82390400
150 150 0.69515100
89 89 0.39492200
146 146 0.94679800
33 33 0.44679800
35 35 0.99626800
147 147 0.94143600
66 66 0.54352600
111 111 0.94420900
106 106 0.99740200
138 138 0.67868800
140 140 0.43913000
108 108 0.40492300
51 51 0.99961500
82 82 0.40527700
75 75 0.67973200
21 21 0.42568800
92 92 0.99994700
3 3 0.56582100
121 121 0.96711300
125 125 0.99063800
17 17 0.87043700
137 137 0.81045300
73 73 0.97063900
10 10 0.73128000
153 153 0.95037600
114 114 0.81536700
18 18 0.48746700
145 145 0.71710400
67 67 0.64108300
62 62 0.73417900
81 81 0.40494200
31 31 0.14462500
154 154 0.94731600
141 141 0.99928500
32 32 0.99609900
118 118 0.61425500
113 113 0.71939200
76 76 0.70226500
39 39 0.99736400
9 9 0.79061300
84 84 0.30356300
142 142 0.99933700
85 85 0.06781030
8 8 0.22302800
132 132 0.81757300
20 20 0.38496600
122 122 0.83218700
61 61 0.45871600
87 87 0.39491500
78 78 0.53138000
29 29 0.33983100
112 112 0.74079900
80 80 0.75458200
131 131 0.74286900
134 134 0.59766600
37 37 0.99635900
105 105 0.30357400
110 110 0.56209200
48 48 0.45431900
7 7 0.63158400
53 53 0.02477390
25 25 0.99944000
30 30 0.39195100
24 24 0.34522200
124 124 0.95848300
47 47 0.34226900
115 115 0.78389200
101 101 0.99998100
74 74 0.97064400
129 129 0.25486800
139 139 0.67166000
128 128 0.73945300
41 41 0.90822500
55 55 0.48095800
103 103 0.39490000
11 11 0.80953500
120 120 0.64516700
16 16 0.43633200
