44 45 0.00356854
44 44 0.88045684
130 130 0.73365956
130 131 0.02198943
40 40 0.80981363
86 86 0.72321764
141 143 0.00050374
141 141 0.81508446
141 142 0.01338005
67 67 0.50382273
19 22 0.00197395
19 20 0.00110843
19 19 0.58475599
112 112 0.66861672
112 114 0.00061732
112 113 0.05381446
79 79 0.97908730
142 143 0.00482034
142 142 0.75033284
142 144 0.00179467
126 127 0.02775686
126 126 0.72092875
144 146 0.00133596
144 143 0.00091040
144 144 0.83515495
144 145 0.00597989
62 62 0.57055849
135 135 0.93132864
135 136 0.04408109
114 115 0.01048733
114 114 0.57007383
57 57 0.67905987
3 3 0.62715163
3 6 0.00368749
91 91 0.18045587
104 105 0.00267648
104 104 0.43975771
96 96 0.71492504
85 85 0.86729201
31 31 0.90054382
31 32 0.00098064
31 30 0.00542769
113 115 0.00134401
113 114 0.04984224
113 113 0.73167970
48 49 0.00370155
48 47 0.00096653
48 48 0.82117071
16 16 0.49255114
16 19 0.00444376
149 148 0.00211098
149 149 0.86782424
75 75 0.63057542
42 43 0.00147199
42 42 0.79803101
143 145 0.00168008
143 144 0.00394039
143 142 0.00077222
143 143 0.80035779
50 50 0.73297432
50 51 0.00090408
17 17 0.79369522
17 20 0.00866418
55 55 0.54595368
33 33 0.93828759
132 132 0.85260432
132 133 0.00059570
152 152 0.93803500
56 56 0.50568730
81 81 0.60263810
83 83 0.79330853
145 145 0.80199222
145 144 0.00183828
145 146 0.00840373
145 147 0.00092053
87 87 0.72160615
87 86 0.00134816
70 70 0.84992123
94 94 0.27993576
14 14 0.63019716
35 35 0.88134223
90 90 0.95068183
137 138 0.00295691
137 137 0.77118425
80 80 0.58975096
136 137 0.00762718
136 136 0.89806644
156 156 0.63165265
159 159 0.92954122
15 15 0.62211683
15 18 0.00159548
125 126 0.04326656
125 125 0.61712421
102 102 0.50677117
115 115 0.66937764
115 116 0.06282544
117 117 0.40420274
117 118 0.01788376
122 122 0.47360019
122 123 0.03284347
139 139 0.86909661
139 140 0.02375835
139 141 0.00067641
95 95 0.61720415
20 20 0.76237828
20 23 0.00313646
20 21 0.00204803
111 111 0.69569166
111 112 0.03174348
151 151 0.88895018
146 145 0.00431078
146 148 0.00059033
146 147 0.01013147
146 146 0.88764432
68 68 0.58846671
119 120 0.00373090
119 119 0.62542955
54 54 0.49495799
23 23 0.91377380
23 22 0.00305066
23 24 0.00377524
32 32 0.91411798
32 31 0.00178912
160 160 0.99985750
45 46 0.00252596
45 44 0.00178980
45 45 0.83333941
41 41 0.90911392
155 155 0.77044744
154 154 0.69739953
25 25 0.55291381
25 24 0.00332505
25 26 0.00222095
8 11 0.00107381
8 8 0.79788922
18 21 0.00056522
18 18 0.67199763
103 103 0.37707794
103 104 0.00064117
2 2 0.89073063
2 3 0.00181527
2 5 0.00989118
72 72 0.72312659
116 116 0.42804850
116 117 0.02993426
5 5 0.60705387
5 8 0.00338009
47 46 0.00156539
47 47 0.87959257
47 48 0.00437603
134 135 0.00167383
134 134 0.85241484
78 78 0.97903366
108 109 0.04204195
108 108 0.61662830
26 25 0.00326720
26 27 0.00059932
26 26 0.54831017
97 97 0.51184526
123 124 0.04657241
123 123 0.64358615
30 29 0.00508225
30 30 0.82624746
30 31 0.00111381
84 84 0.98262811
84 83 0.00066685
43 43 0.68035636
43 44 0.00319218
131 131 0.72149104
131 132 0.00414364
6 6 0.57819448
6 9 0.00618365
58 57 0.00105812
58 59 0.00165550
58 58 0.31886193
39 39 0.87593663
13 16 0.00535468
13 13 0.48060505
129 129 0.76424978
129 130 0.03771514
1 2 0.00091320
1 3 0.00160759
1 1 0.91896537
1 4 0.00497280
21 21 0.91215123
21 22 0.00303432
21 24 0.00061712
89 89 0.85452574
46 45 0.00211726
46 47 0.00417726
46 46 0.81607614
11 11 0.86266669
11 14 0.00230909
77 77 0.97899572
127 128 0.04454738
127 127 0.71293710
100 100 0.16969642
61 61 0.58477360
36 36 0.88363695
128 128 0.80975666
128 129 0.03399687
49 50 0.00367996
49 49 0.76153587
148 149 0.00127019
148 147 0.00462565
148 148 0.78997010
140 140 0.64283768
140 141 0.02293037
140 142 0.00079427
110 111 0.05849549
110 110 0.50004736
28 28 0.90120586
28 29 0.00184683
28 27 0.00326329
53 53 0.45126674
53 54 0.00084473
93 93 0.40348034
73 73 0.67801287
82 82 0.50909129
124 124 0.54017176
124 125 0.03842295
109 109 0.52569590
109 110 0.06439005
98 98 0.76686612
150 150 0.86144917
65 65 0.60479479
22 22 0.87068850
22 25 0.00076580
22 23 0.00380173
22 21 0.00166873
153 153 0.92052782
9 9 0.90896814
9 12 0.00080981
64 64 0.16626704
10 10 0.91186668
10 13 0.00061528
59 59 0.52617842
34 34 0.89505869
69 69 0.86438648
118 119 0.00542115
118 118 0.66933353
27 27 0.68161218
27 26 0.00306559
27 28 0.00059180
60 61 0.00296679
60 60 0.93350434
12 12 0.46947091
12 15 0.00608375
121 121 0.61999755
121 122 0.00423687
66 66 0.38305684
120 120 0.65667590
120 121 0.00654350
63 63 0.40210572
7 10 0.01050842
7 7 0.33953227
24 24 0.84731282
24 25 0.00385707
24 23 0.00318072
88 87 0.00103257
88 88 0.65332081
133 134 0.00082334
133 133 0.79342322
4 7 0.00628400
4 4 0.51372659
92 92 0.31425814
157 157 0.87531606
99 99 0.37667353
71 71 0.81665850
52 52 0.50330475
52 53 0.00232228
158 158 0.87832363
101 101 0.25532021
74 74 0.50256171
37 37 0.88014814
106 107 0.00182707
106 106 0.45880500
107 107 0.59923584
107 108 0.01129609
105 106 0.00136436
105 105 0.57257534
38 38 0.74266414
138 139 0.03194517
138 138 0.78581959
138 140 0.00051996
29 28 0.00473843
29 30 0.00124307
29 29 0.89425414
147 146 0.00484980
147 147 0.96154896
147 148 0.00778230
51 52 0.00132944
51 51 0.50036149
76 76 0.80784839
