131 131 0.79971877
131 132 0.00473388
6 6 0.70547608
84 84 0.94460449
43 43 0.48244131
43 44 0.00921715
97 97 0.68067676
123 123 0.71152685
123 124 0.03996977
30 30 0.74205236
108 108 0.65871090
108 109 0.02082310
26 26 0.68183056
26 27 0.00060130
78 78 0.94479145
134 134 0.85468055
134 135 0.00157568
73 73 0.57382311
82 82 0.61050653
124 125 0.04538123
124 124 0.68416941
109 110 0.05630408
109 109 0.61260907
110 111 0.05507780
110 110 0.76099327
28 28 0.90088294
53 53 0.38587683
53 52 0.00273810
93 93 0.50120122
49 48 0.00289362
49 49 0.64198881
49 50 0.00256220
140 141 0.02629389
140 140 0.67719374
140 142 0.00091076
148 147 0.00229375
148 148 0.92440458
148 149 0.00095519
36 36 0.77554924
128 128 0.81534850
128 129 0.03405790
77 77 0.95877216
11 11 0.72672557
127 127 0.63724114
127 128 0.01884021
100 100 0.32457622
61 60 0.00284077
61 61 0.82520055
89 89 0.98927108
1 1 0.70867085
21 21 0.92111798
21 22 0.00292516
46 47 0.00865582
46 46 0.79336591
46 45 0.00232116
58 58 0.56142404
39 39 0.79889751
129 129 0.77133710
129 130 0.03026249
13 13 0.48539415
4 4 0.56229665
133 133 0.81208245
133 134 0.00072863
24 25 0.00387041
24 24 0.80761532
88 88 0.46737450
66 66 0.56372655
120 121 0.00651968
120 120 0.72793022
7 7 0.59083159
63 63 0.50118008
121 121 0.70982683
121 122 0.00482606
12 12 0.54187984
118 118 0.54509421
118 119 0.00519016
27 27 0.72869246
60 60 0.79944559
64 64 0.37643585
10 10 0.83125291
34 34 0.80520296
59 59 0.58919389
69 69 0.87063250
153 153 0.94224207
9 9 0.88556757
98 98 0.65263761
150 150 0.92008184
65 65 0.60200725
22 23 0.00380427
22 22 0.87623176
147 148 0.00596708
147 146 0.00223183
147 147 0.97283147
51 51 0.56317991
51 52 0.00236450
76 76 0.98464938
38 38 0.59065291
138 140 0.00054584
138 138 0.85424976
138 139 0.03205437
29 29 0.90873512
29 28 0.00069456
105 105 0.48864293
105 106 0.00056526
106 106 0.46949144
106 107 0.00182026
107 107 0.52750306
107 108 0.00214461
37 37 0.71792428
74 74 0.45655363
92 92 0.41836645
157 157 0.91408212
99 99 0.37613973
158 158 0.91177863
71 71 0.73706915
52 51 0.00254154
52 53 0.00065391
52 52 0.37594999
101 101 0.32707919
91 91 0.47589925
104 104 0.25858024
3 3 0.65842283
57 57 0.72206615
135 135 0.93514221
135 136 0.04384005
114 114 0.48593069
114 115 0.00933275
142 143 0.00468076
142 142 0.84952386
142 144 0.00177844
126 127 0.02595508
126 126 0.78732562
144 143 0.00090236
144 146 0.00132416
144 145 0.00452541
144 144 0.84899081
62 62 0.67449562
141 141 0.83213974
141 142 0.01317434
112 112 0.59594437
112 113 0.05718186
112 114 0.00059616
19 20 0.00108947
19 19 0.71800194
67 67 0.49992822
79 79 0.97856889
86 86 0.64115041
44 45 0.00999128
44 44 0.84754877
130 130 0.71987883
130 131 0.01707950
40 41 0.00053665
40 40 0.75440880
152 152 0.94543448
132 133 0.00058804
132 132 0.87862745
55 55 0.44052618
17 17 0.76965603
33 33 0.86534995
143 143 0.84076208
143 144 0.00386848
143 142 0.00081220
143 145 0.00176706
50 51 0.00182687
50 50 0.65168611
50 49 0.00285164
42 42 0.68089754
42 43 0.00430767
149 149 0.85917689
149 148 0.00114598
75 75 0.65578725
48 47 0.00263287
48 48 0.76370266
48 49 0.00318778
16 16 0.51630534
96 96 0.69564142
85 85 0.65431172
31 31 0.80397225
113 115 0.00132436
113 113 0.66272943
113 114 0.04686912
139 141 0.00074798
139 140 0.02627224
139 139 0.93778073
115 116 0.05006284
115 115 0.41664990
117 117 0.52620403
117 118 0.01359226
122 122 0.29547012
122 123 0.03545027
102 102 0.46272266
159 159 0.92829716
156 156 0.68176241
15 15 0.75432464
125 126 0.04183228
125 125 0.73824911
80 80 0.57360315
136 137 0.00781162
136 136 0.93532069
14 14 0.59942138
94 94 0.53841715
70 70 0.65992429
35 35 0.81060341
90 90 0.94665073
137 137 0.78502883
137 138 0.00329063
81 81 0.65193490
83 83 0.88933490
145 147 0.00091223
145 146 0.00501908
145 144 0.00114656
145 145 0.81435887
87 87 0.64014993
56 56 0.48819305
5 5 0.69029870
47 47 0.79760113
47 48 0.00714069
47 46 0.00235299
72 72 0.64083777
116 116 0.59015184
116 117 0.01988370
103 103 0.41550768
2 2 0.75003696
155 155 0.82403445
154 154 0.84048236
25 25 0.39228959
25 26 0.00223017
18 18 0.75531900
8 8 0.84379006
41 41 0.90364177
41 42 0.00090923
45 45 0.80719631
45 46 0.00494178
119 119 0.67052046
119 120 0.00338998
23 23 0.92432979
23 24 0.00378303
54 53 0.00088712
54 54 0.46703339
32 32 0.87919586
160 160 0.99986534
95 95 0.60578089
20 21 0.00201556
20 20 0.86931418
151 151 0.91130302
111 112 0.03110346
111 111 0.74263899
146 145 0.00168932
146 146 0.90007658
146 147 0.00598157
146 148 0.00058491
68 68 0.62796637
