57 57 0.79459882
57 56 0.05802682
8 8 0.58683051
8 7 0.00514615
154 153 0.00143096
154 154 0.33174710
154 155 0.00199790
154 156 0.00251953
39 37 0.00952362
39 39 0.76699072
53 52 0.10254562
53 51 0.03423110
53 53 0.82831363
47 45 0.07365804
47 47 0.76030056
75 72 0.01714603
75 75 0.85547143
15 15 0.84773881
130 130 0.21829634
88 85 0.00138755
88 84 0.00144917
88 88 0.97479043
71 70 0.01531405
71 71 0.85377656
71 68 0.00428897
71 67 0.00077865
71 69 0.03127994
115 114 0.00582730
115 115 0.70401182
123 124 0.00371774
123 123 0.94047412
77 77 0.94692128
77 74 0.02695228
69 69 0.86840003
69 67 0.01258917
69 65 0.00450189
69 68 0.00190588
2 2 0.75951362
90 90 0.85646820
137 138 0.00588270
137 137 0.44843833
137 139 0.00407756
28 28 0.64917548
28 27 0.00476332
1 1 0.73926939
17 17 0.97709221
122 122 0.84990950
22 22 0.71080696
35 35 0.77810423
35 34 0.00050193
82 81 0.00051429
82 79 0.02241476
82 82 0.93571295
76 73 0.02673222
76 76 0.85779961
81 79 0.00081240
81 81 0.94805082
81 78 0.02347526
119 119 0.21616623
91 91 0.85810748
36 35 0.00163512
36 36 0.85631424
36 34 0.00069428
65 63 0.08736013
65 65 0.78673164
65 61 0.00061871
11 11 0.92601800
21 21 0.75409548
30 30 0.91373877
93 93 0.36156267
45 43 0.03577227
45 45 0.78433697
109 109 0.72137407
109 108 0.06325156
109 110 0.00481039
111 110 0.03695334
111 112 0.00538525
111 111 0.85435706
134 134 0.54122214
134 135 0.00349039
134 136 0.00133278
78 78 0.89426614
78 75 0.01191298
87 87 0.67491184
87 84 0.00438710
87 83 0.00110470
48 48 0.77535728
48 46 0.01979420
74 72 0.00068391
74 74 0.80147696
74 71 0.01620546
136 137 0.00636989
136 138 0.00265245
136 136 0.81718441
141 141 0.97566312
141 143 0.01438747
83 83 0.94299263
83 82 0.00055226
83 80 0.01411641
83 84 0.00067832
43 41 0.14943740
43 43 0.78848250
128 128 0.28825805
103 103 0.95632477
103 102 0.00358575
12 12 0.90213997
12 11 0.00189559
139 139 0.43307962
139 141 0.01024484
139 140 0.00069490
124 124 0.78160356
27 26 0.00466268
27 27 0.79714341
33 32 0.00342388
33 33 0.84664254
85 86 0.00082392
85 82 0.01612726
85 81 0.00137094
85 85 0.88410385
61 59 0.02973402
61 61 0.86676961
42 40 0.07042669
42 42 0.78445518
38 36 0.03667264
38 38 0.82838832
38 37 0.00096553
79 79 0.87653075
79 76 0.00878276
143 143 0.96194533
143 145 0.02614107
143 144 0.00167138
138 140 0.00877226
138 138 0.53214388
138 139 0.00190486
149 150 0.00281134
149 149 0.38028044
149 151 0.02963161
132 132 0.42795876
98 98 0.30709654
16 16 0.89867242
125 125 0.46528354
64 62 0.09583414
64 60 0.00481821
64 64 0.87000993
114 115 0.01404220
114 114 0.80156462
114 113 0.01455236
131 131 0.33395906
72 71 0.01824808
72 70 0.02004433
72 72 0.89374350
72 69 0.00171697
72 68 0.00051268
147 149 0.00227248
147 147 0.42456799
147 148 0.00153905
73 73 0.82209597
73 70 0.01264812
73 71 0.00412825
73 72 0.00110072
73 69 0.00072956
153 153 0.41240373
153 154 0.00307846
153 155 0.03012500
10 9 0.00240911
10 10 0.93451643
50 50 0.82488670
50 48 0.01547055
121 121 0.66827847
121 122 0.00087453
121 120 0.00053756
84 81 0.01798348
84 84 0.93127118
84 80 0.00128254
84 85 0.00100573
156 156 0.55147391
156 157 0.00496979
156 158 0.02647309
67 65 0.03385786
67 67 0.81434533
67 63 0.00466914
19 19 0.97652806
120 121 0.00191346
120 119 0.00806905
120 120 0.84351706
118 118 0.60853054
118 119 0.00577010
118 117 0.00703273
146 147 0.00176681
146 148 0.03937198
146 146 0.92612872
49 47 0.06757664
49 49 0.78691800
107 108 0.00066210
107 107 0.63255820
107 106 0.00188414
96 96 0.33768661
106 106 0.48237500
106 105 0.00983372
106 107 0.00072102
108 109 0.00059827
108 108 0.76156554
108 107 0.00158059
52 51 0.08782519
52 52 0.82876011
52 50 0.05099110
51 50 0.00798367
51 49 0.00249464
51 51 0.82826712
104 103 0.00597285
104 104 0.42747477
104 105 0.00051008
116 117 0.00154751
116 116 0.61652767
116 115 0.01317323
6 6 0.89613986
56 56 0.79242320
56 55 0.01109252
26 27 0.00060354
26 25 0.00127519
26 26 0.86219198
148 150 0.00507129
148 148 0.41562457
4 4 0.63533923
4 3 0.00515470
142 142 0.96888171
142 143 0.00104863
142 144 0.02017223
97 97 0.29916545
37 35 0.00408480
37 36 0.00946135
37 37 0.87889578
44 44 0.78358227
44 42 0.00731981
23 23 0.82738163
126 126 0.40817177
62 60 0.00697567
62 62 0.78945592
24 24 0.87648673
24 23 0.00051760
145 146 0.00145702
145 145 0.94923679
145 147 0.03874118
80 77 0.01115431
80 80 0.89458720
54 54 0.79344559
54 52 0.01937306
54 53 0.11740671
113 114 0.01115181
113 112 0.01595366
113 113 0.90940589
32 31 0.00610386
32 32 0.94703187
41 39 0.07563606
41 40 0.00188268
41 41 0.79055448
58 57 0.00153407
58 58 0.83317776
9 8 0.00301382
9 9 0.86941269
60 60 0.81118098
60 58 0.00205879
60 59 0.00146921
157 157 0.71841903
157 158 0.00539257
157 156 0.00516954
157 159 0.01011158
5 6 0.00064543
5 5 0.75981565
152 152 0.55633978
152 151 0.00058801
152 153 0.00545599
152 154 0.02952092
95 95 0.24963781
135 136 0.00590305
135 135 0.85948215
135 137 0.00243413
105 106 0.00071110
105 105 0.67256864
105 104 0.01291267
3 3 0.65341839
46 46 0.75024452
46 44 0.08904244
55 53 0.00501823
55 55 0.78519769
55 54 0.00333547
140 140 0.33233173
140 142 0.01375954
20 20 0.96754579
14 14 0.92401835
63 63 0.84421225
63 61 0.00134227
66 62 0.00471573
66 64 0.04017339
66 66 0.81330242
158 157 0.00337489
158 158 0.79702551
158 160 0.00891275
158 159 0.00184832
94 94 0.44703051
7 6 0.00101648
7 7 0.91054620
31 30 0.00285242
31 31 0.93235048
92 92 0.67556340
25 26 0.00163174
25 25 0.94356085
25 24 0.00083490
155 155 0.73538549
155 156 0.00757718
155 157 0.02616151
155 154 0.00061261
86 87 0.00058611
86 82 0.00169951
86 86 0.85838947
86 83 0.00878540
150 150 0.42236019
150 151 0.00373024
150 152 0.03863102
110 109 0.04181504
110 111 0.00482475
110 110 0.54545803
160 160 0.80151250
70 69 0.00887041
70 67 0.00055880
70 68 0.05709235
70 70 0.83858378
40 39 0.00063236
40 40 0.80082416
40 38 0.03622868
89 85 0.00096065
89 89 0.83168683
112 111 0.01770060
112 113 0.00831474
112 112 0.92020593
127 127 0.18153404
101 101 0.75222974
101 100 0.00076971
99 99 0.37718287
151 152 0.00071960
151 151 0.78174539
151 153 0.03800948
59 57 0.00685303
59 55 0.00082947
59 58 0.00587549
59 59 0.84046611
117 117 0.45780182
117 116 0.00462936
117 118 0.00171497
159 159 0.74147142
159 160 0.00110842
100 100 0.43519776
29 28 0.00119371
29 29 0.77408297
68 66 0.00436008
68 68 0.81082839
144 144 0.95545582
144 145 0.00176673
144 146 0.03233343
129 129 0.33289914
18 18 0.96287521
133 134 0.00223184
133 133 0.58793088
102 102 0.59077511
102 101 0.00158330
13 13 0.88002664
34 33 0.00083565
34 34 0.87316936
