35 35 0.64871236
35 34 0.01232016
129 130 0.01751322
129 128 0.00080554
129 129 0.80311024
147 147 0.71144031
88 89 0.00052769
88 88 0.47838187
86 86 0.47701744
86 87 0.00258545
140 140 0.64354842
47 46 0.03874294
47 47 0.74800950
94 94 0.12126117
93 94 0.00072844
93 93 0.66744205
45 44 0.11210314
45 45 0.71900604
45 43 0.00075140
157 157 0.69520869
65 67 0.01612566
65 65 0.63546607
66 66 0.59810180
66 68 0.02366362
122 123 0.01232224
122 122 0.24491221
96 96 0.91701128
79 79 0.52663270
79 81 0.00113803
59 61 0.00760879
59 59 0.75491566
13 12 0.00409763
13 13 0.58571372
120 119 0.00061266
120 120 0.57961300
120 121 0.00353147
74 76 0.02517979
74 74 0.87616361
9 9 0.66186924
9 8 0.00271056
83 84 0.00469160
83 83 0.78854259
83 85 0.00106157
22 22 0.51456722
76 76 0.92416513
76 75 0.00112137
76 78 0.02516812
41 40 0.12330512
41 41 0.85309344
63 63 0.68889223
63 65 0.00111380
133 134 0.00474570
133 133 0.73839421
89 89 0.51531808
142 142 0.55019429
50 50 0.65187827
38 37 0.03840233
38 39 0.00116855
38 38 0.59881951
123 124 0.00274485
123 123 0.61907812
106 106 0.55707855
92 92 0.50791649
30 29 0.00074399
30 30 0.61933543
32 31 0.00776403
32 32 0.56187184
128 128 0.68172051
128 129 0.02980197
131 131 0.83866211
131 132 0.00112028
14 14 0.76110773
61 63 0.01787004
61 61 0.77320717
97 97 0.70458467
57 57 0.52980422
57 59 0.00186615
54 54 0.83295771
58 58 0.42126212
58 60 0.00370568
158 158 0.68548127
105 105 0.53842224
101 101 0.84032403
56 56 0.56946400
117 117 0.65187803
3 3 0.53605521
138 138 0.61296910
138 139 0.00214611
84 85 0.00537199
84 86 0.00066945
84 84 0.66149170
125 125 0.71815157
125 126 0.05397988
143 143 0.60317723
98 98 0.82947762
152 152 0.63522163
17 17 0.76583667
75 75 0.85198756
75 77 0.02517007
75 74 0.00113788
144 144 0.59490551
34 33 0.01488029
34 34 0.72792465
112 112 0.43093631
64 64 0.34403283
64 66 0.00064266
78 78 0.70972963
78 80 0.01361704
153 153 0.73585510
153 152 0.00084781
85 86 0.00541147
85 85 0.64492898
85 87 0.00164364
135 135 0.61585915
135 136 0.00534333
87 88 0.00457455
87 87 0.66432373
111 111 0.57842250
107 107 0.64430437
7 7 0.62407641
12 12 0.60369060
12 11 0.00239906
8 7 0.00227496
8 8 0.61018305
148 148 0.66767828
141 141 0.57943233
80 80 0.71560973
80 82 0.00172928
28 28 0.44045705
4 4 0.55750872
82 81 0.00135850
82 84 0.00076685
82 83 0.00114334
82 82 0.67953052
60 62 0.01227601
60 60 0.70644136
21 21 0.52368974
119 119 0.67962586
119 118 0.00099768
119 120 0.00248165
24 24 0.71206188
146 146 0.66901563
134 134 0.67687808
134 135 0.00084788
132 133 0.00347207
132 132 0.82248285
151 151 0.40962401
44 44 0.68968489
44 43 0.11789574
44 42 0.00086427
72 74 0.02517192
72 72 0.66638453
160 160 0.98510230
42 42 0.85399642
42 41 0.12389003
42 40 0.00072608
39 38 0.11526411
39 40 0.00106068
39 39 0.60268079
104 105 0.00073599
104 104 0.71816352
118 119 0.00177729
118 118 0.91228488
118 117 0.00156570
124 124 0.65570368
124 125 0.00441269
55 55 0.80882432
130 131 0.00265276
130 130 0.93633103
102 102 0.46672995
23 23 0.63699129
81 81 0.72119578
81 83 0.01612114
81 80 0.00079687
73 75 0.02517707
73 73 0.56698817
10 10 0.54388507
16 16 0.79355069
16 15 0.00066672
126 127 0.00232210
126 126 0.66355818
100 100 0.88971342
149 149 0.57493350
154 154 0.70386647
110 110 0.51064228
113 113 0.63978670
20 20 0.42604318
69 69 0.68206563
69 71 0.00113645
52 52 0.28905044
15 15 0.81619375
116 116 0.71597588
43 42 0.12339024
43 41 0.00079483
43 43 0.85439804
29 29 0.53001713
62 64 0.00161802
62 62 0.86945834
114 114 0.53023561
137 137 0.81386715
137 138 0.00307941
11 12 0.00055224
11 10 0.00268983
11 11 0.48923576
18 18 0.65629112
48 47 0.00591618
48 48 0.78923493
68 70 0.02399617
68 68 0.57750192
49 48 0.00086079
49 49 0.65583241
19 19 0.45557164
25 25 0.68308813
156 156 0.67771306
77 77 0.65684568
77 79 0.00058944
46 45 0.06523194
46 44 0.00068614
46 46 0.60564221
155 155 0.66568139
115 115 0.52640557
36 35 0.01247531
36 36 0.64491095
103 103 0.31413964
2 2 0.59947866
33 33 0.60361140
33 32 0.01404335
71 71 0.64442112
71 73 0.00059104
109 109 0.32860108
53 53 0.51082952
90 90 0.53850418
90 91 0.00200294
99 99 0.84721311
145 145 0.83590339
91 91 0.47074726
150 150 0.66366798
40 39 0.12272220
40 40 0.67421458
159 159 0.63348188
6 6 0.53487208
108 108 0.45864747
1 1 0.72068005
139 140 0.00086866
139 139 0.63186477
31 30 0.00173492
31 31 0.82500134
136 136 0.77271497
136 137 0.00339525
67 67 0.38345153
67 69 0.00171515
26 26 0.65401634
70 72 0.01362020
70 70 0.81865000
121 121 0.55303835
121 122 0.00196914
37 36 0.01330398
37 38 0.00054451
37 37 0.63987960
95 95 0.60434588
27 27 0.66891178
5 5 0.61630924
127 128 0.06036358
127 127 0.67099764
51 51 0.71873254
