43 64 47 68 0.00115838
43 64 48 68 0.01885784
43 70 43 70 0.02531659
43 72 43 72 0.02830293
43 121 43 121 0.00336503
43 71 43 71 0.00910207
12 34 10 34 0.26598877
12 35 10 35 0.01403482
41 72 41 72 0.03132612
41 46 41 46 0.00366150
41 48 41 48 0.00908787
41 70 45 70 0.00051062
41 70 41 70 0.02021040
41 64 47 69 0.00227822
4 128 2 128 0.00726449
4 128 3 128 0.00377677
4 126 4 126 0.01966787
4 127 3 127 0.00499179
4 127 4 127 0.01923717
34 39 39 44 0.00062731
34 39 31 36 0.04497493
34 39 35 42 0.00053908
34 41 31 36 0.00131905
34 43 31 36 0.00098601
73 112 75 121 0.00191242
73 119 73 119 0.00890848
73 77 73 77 0.02221152
73 108 81 117 0.00577890
73 111 77 120 0.00959385
73 111 79 120 0.00329729
73 110 79 120 0.00139790
73 110 77 120 0.01198111
73 125 73 125 0.04697173
15 31 13 31 0.43214308
93 100 93 100 0.13777439
87 95 96 103 0.06459407
87 95 94 103 0.00096259
87 95 93 100 0.00339072
87 95 92 101 0.00072226
87 94 96 103 0.00053048
87 93 97 102 0.00160992
117 128 117 128 0.01049487
69 111 77 120 0.00125151
69 114 73 123 0.00689576
69 114 74 124 0.00184303
69 114 74 123 0.01856608
69 117 71 126 0.00089838
69 117 72 126 0.00409157
11 37 8 37 0.00257891
11 123 8 123 0.00270360
11 117 8 117 0.00057887
135 151 135 151 0.03827000
135 152 135 152 0.09844967
13 33 11 33 0.42933788
48 68 48 68 0.41447834
48 68 47 68 0.00134148
48 57 53 63 0.03043883
22 28 18 26 0.00061983
22 29 20 27 0.00051101
37 74 37 74 0.01683823
37 127 37 127 0.00291755
78 103 85 112 0.00231883
78 103 83 112 0.00893288
78 103 84 113 0.00225531
5 43 4 43 0.00085056
5 43 3 43 0.01443918
5 12 4 10 0.05758290
5 126 4 126 0.00166629
5 126 5 126 0.01359460
5 128 3 128 0.02810252
5 128 2 128 0.00214250
5 41 5 41 0.01432332
5 41 3 41 0.00638042
5 41 4 41 0.00149747
5 127 3 127 0.01062973
5 127 4 127 0.00093202
10 35 8 35 0.01783350
10 38 7 38 0.00098752
10 38 8 38 0.00754857
10 124 7 124 0.00300953
10 37 8 37 0.01195459
10 37 7 37 0.00096615
10 122 8 122 0.00252208
10 36 8 36 0.22346639
10 36 7 36 0.00185206
94 99 94 99 0.11946566
76 105 81 114 0.00097449
76 105 83 114 0.00271550
116 129 116 129 0.00897622
116 122 116 122 0.07015233
51 65 51 65 0.26814447
65 114 73 123 0.00080991
65 114 74 123 0.00217831
21 27 21 26 0.00145420
21 27 19 27 0.00552856
21 27 19 25 0.01774692
21 27 20 27 0.01084005
21 26 21 26 0.05987304
21 26 19 25 0.00127557
21 25 19 25 0.01188707
55 60 55 61 0.02629712
55 61 55 61 0.23852035
38 73 38 73 0.02703397
38 126 38 126 0.00678403
38 45 38 45 0.00442565
38 43 31 36 0.00251108
35 43 31 36 0.00094111
35 41 31 36 0.00157000
84 98 93 106 0.12949491
84 98 92 107 0.00369271
84 98 90 107 0.00930249
36 128 36 128 0.00189031
36 41 36 41 0.01213761
36 41 31 36 0.00430651
36 43 31 36 0.00107572
36 75 36 75 0.01957544
47 69 46 69 0.00213985
47 69 44 69 0.00093311
47 69 47 69 0.25403968
47 68 48 68 0.00628182
47 68 47 68 0.00307629
47 58 52 64 0.00917638
47 63 52 64 0.00510907
139 148 139 148 0.20114167
92 101 92 101 0.10702650
92 101 91 102 0.00101566
102 111 102 111 0.21050033
2 128 2 128 0.03693249
33 40 31 36 0.00385736
52 64 52 64 0.26008437
39 72 39 72 0.04786600
39 125 39 125 0.00658077
39 44 39 44 0.01253855
39 44 31 36 0.00359056
70 128 70 128 0.01033693
70 113 74 123 0.00264712
70 113 74 122 0.00664265
70 113 75 123 0.00735304
70 113 75 122 0.01699249
137 150 137 150 0.24162523
66 113 74 122 0.00062346
66 113 75 122 0.00159486
100 113 100 113 0.02783882
44 73 44 73 0.01992087
44 69 47 69 0.00395808
44 69 44 69 0.01256926
44 74 44 74 0.00542237
44 63 49 67 0.01198726
44 120 44 120 0.00303713
83 99 90 107 0.07187993
83 99 92 107 0.02860654
83 99 89 108 0.00581953
6 127 4 127 0.03717960
6 127 3 127 0.00155492
6 128 3 128 0.00448196
72 78 72 78 0.06700581
72 113 75 122 0.00145146
72 113 74 122 0.00056740
72 120 72 120 0.00645347
72 126 72 126 0.06282569
42 65 47 69 0.00198012
42 69 47 69 0.01470229
42 69 44 69 0.00061417
42 69 46 69 0.00119890
75 108 81 117 0.00515000
75 117 75 117 0.00987428
75 106 82 116 0.04656706
75 106 81 117 0.00059180
14 32 12 32 0.44603933
14 32 14 29 0.00457896
14 32 14 30 0.00261064
79 102 86 111 0.00287424
79 102 86 110 0.02165032
80 101 87 109 0.02453304
80 101 88 109 0.01213850
80 101 86 110 0.00390576
120 125 120 125 0.06015686
74 109 81 117 0.00080032
74 109 81 118 0.00068757
74 108 81 117 0.00253643
74 111 79 120 0.00418523
74 110 79 120 0.00389093
74 118 74 118 0.01493107
74 124 74 124 0.05016964
40 75 40 75 0.00361363
118 127 118 127 0.02357555
118 128 118 128 0.01590363
136 151 136 151 0.15246695
77 104 84 113 0.00099334
77 104 82 113 0.00054044
77 104 83 114 0.00225639
77 104 83 112 0.00053911
17 29 15 29 0.21285246
17 32 15 29 0.00161702
17 28 15 28 0.02855841
8 39 5 39 0.00285934
8 126 5 126 0.00546673
8 41 5 41 0.00067127
91 102 91 102 0.08152453
81 100 88 108 0.00939522
81 100 88 109 0.00174996
81 100 89 108 0.00852162
81 100 87 109 0.00378215
134 152 134 152 0.06948830
45 71 45 71 0.03722177
45 72 45 72 0.05982567
45 70 45 70 0.04569897
45 119 45 119 0.00177969
7 41 4 41 0.00114536
7 41 5 41 0.02401961
7 126 4 126 0.00121524
7 126 5 126 0.01596047
7 39 5 39 0.04343457
7 127 4 127 0.00567122
85 97 94 105 0.07759264
85 97 93 106 0.01592445
85 97 91 102 0.00422180
85 108 85 108 0.00579500
3 127 3 127 0.06973390
3 128 3 128 0.07315572
3 128 2 128 0.00199753
119 127 119 127 0.00645860
119 126 119 126 0.04291492
53 63 53 63 0.42598074
49 61 54 62 0.00228007
49 67 49 67 0.47193669
18 26 18 26 0.11736137
115 123 115 123 0.10281780
115 121 115 121 0.03502300
50 66 50 66 0.31799134
50 60 55 61 0.00407535
132 154 132 154 0.24385732
133 153 133 153 0.11745270
16 29 15 29 0.00064797
16 29 14 29 0.01133337
16 33 14 30 0.00062268
16 30 14 30 0.24869265
19 28 19 27 0.00458068
101 112 101 112 0.02523187
9 38 6 38 0.00290193
9 38 7 38 0.04652871
9 123 7 123 0.00574590
9 40 6 40 0.00050966
9 125 6 125 0.00431830
9 37 7 37 0.07124338
9 36 8 36 0.00071252
9 36 6 36 0.00063061
9 36 7 36 0.03121543
20 25 19 25 0.00695561
20 25 20 25 0.06136090
138 149 138 149 0.32680333
71 115 74 124 0.00060154
71 127 71 127 0.02127085
46 65 51 65 0.00075533
46 69 47 69 0.00259873
46 69 46 69 0.02745252
