25 35 25 35 0.00726363
25 36 25 36 0.16656745
145 154 145 154 0.01800357
28 138 28 138 0.00058764
28 33 28 33 0.20310065
7 160 7 160 0.05331120
7 158 8 158 0.00058666
7 159 8 159 0.03646038
7 159 7 159 0.06891410
21 145 21 145 0.03948510
21 38 21 38 0.01491067
21 42 21 42 0.07052547
21 43 21 43 0.00627560
21 146 21 146 0.00167624
125 132 125 132 0.20189367
14 153 15 153 0.00928700
14 43 15 43 0.00396767
14 19 15 19 0.00168660
151 157 151 157 0.02598767
84 109 84 109 0.23875690
13 20 14 20 0.00102552
13 44 14 44 0.00740677
13 44 13 44 0.01669460
13 154 14 154 0.00990833
13 154 13 154 0.03852667
13 22 13 22 0.00351421
13 21 13 21 0.04929538
119 137 119 137 0.22363167
119 125 119 125 0.00316788
119 139 119 139 0.06126567
91 103 91 103 0.19472500
118 124 118 124 0.00059004
118 138 118 138 0.11115300
118 126 118 126 0.02780430
121 136 121 136 0.19730500
48 80 47 81 0.03721488
48 80 48 80 0.23973296
48 80 48 78 0.03703562
48 80 49 77 0.00059088
48 80 49 79 0.00147430
51 77 52 74 0.00079382
51 77 51 75 0.06585858
51 77 51 79 0.00077483
51 77 51 77 0.30152004
51 77 50 78 0.02001719
120 138 120 138 0.03106373
120 124 120 124 0.00498213
18 41 18 41 0.06878900
18 148 18 148 0.11319089
18 45 18 45 0.03585033
144 149 144 149 0.00607721
144 155 144 155 0.02854277
53 74 52 74 0.03281921
53 74 52 76 0.00138287
113 144 113 144 0.09284500
113 147 113 147 0.01259063
113 123 113 123 0.44106872
111 146 111 146 0.06129000
17 42 17 42 0.06534467
87 106 87 106 0.19150550
20 146 20 146 0.06869400
20 43 20 43 0.06126267
62 69 63 68 0.00057589
62 69 62 69 0.25967421
62 69 61 67 0.01674894
115 127 115 127 0.00060579
115 145 115 145 0.00686133
115 142 115 142 0.11488900
115 121 115 121 0.09510515
83 110 83 110 0.19621360
27 139 27 139 0.00071480
27 34 27 34 0.24631933
46 82 46 82 0.19018904
46 82 47 79 0.00060467
46 82 47 81 0.00084834
152 157 152 157 0.04116767
122 135 122 135 0.16298733
9 157 9 157 0.03882267
9 157 10 157 0.02764047
15 42 16 42 0.00170617
16 43 16 43 0.06548267
16 43 17 43 0.00083211
22 42 22 42 0.01178067
22 38 22 38 0.02559160
45 82 45 82 0.01055706
47 81 47 79 0.08285013
47 81 47 81 0.46438739
47 81 48 80 0.00068747
47 81 46 82 0.03198480
59 72 59 72 0.00347896
59 71 58 69 0.08519035
59 71 59 71 0.39283958
59 71 60 70 0.00065316
90 104 90 104 0.28036967
61 70 61 70 0.15570542
114 146 114 146 0.00583187
114 143 114 143 0.19122400
114 122 114 122 0.44306939
114 141 114 141 0.02161173
8 158 9 158 0.05971418
8 158 8 158 0.17449355
8 159 8 159 0.02027672
60 70 59 71 0.00077747
60 70 60 67 0.00358658
60 70 60 70 0.13325527
126 131 126 131 0.17632500
117 127 117 127 0.04294041
117 139 117 139 0.14480467
63 68 63 68 0.34578263
63 68 62 69 0.00081802
116 144 116 144 0.00871243
116 126 116 126 0.00059512
56 75 56 75 0.03584394
56 73 56 73 0.01615033
49 79 48 80 0.04494067
49 79 49 79 0.29083041
49 79 49 77 0.06108833
49 79 50 78 0.00152776
146 154 146 154 0.01687689
95 100 95 100 0.01165033
1 157 1 157 0.15624931
89 105 89 105 0.17609767
50 78 50 78 0.24402154
50 78 50 76 0.04350242
50 78 50 80 0.00078771
50 78 49 79 0.03480977
50 78 51 75 0.00063898
50 78 51 77 0.00087033
19 147 19 147 0.09291893
19 44 19 44 0.04687433
19 40 19 40 0.07798900
123 134 123 134 0.20022867
52 76 52 78 0.00059820
52 76 52 76 0.22762958
52 76 52 74 0.15554027
52 76 51 77 0.00804432
147 153 147 153 0.03192445
23 38 23 38 0.17151011
23 37 23 37 0.01409247
26 35 26 35 0.21882034
26 34 26 34 0.00548347
82 111 82 111 0.08706640
149 157 149 157 0.01534823
24 36 24 36 0.00841513
24 142 24 142 0.00129956
24 37 24 37 0.18177741
58 72 57 70 0.06484262
58 72 58 69 0.01396275
58 72 58 72 0.27227324
58 71 58 71 0.00785013
86 107 86 107 0.28523033
124 133 124 133 0.16303367
85 108 85 108 0.19197389
94 101 94 101 0.00592447
94 100 94 100 0.19749620
12 45 13 45 0.00667227
12 154 13 154 0.00989517
93 101 93 101 0.20789705
57 73 57 70 0.00703613
57 73 57 73 0.23762575
57 75 57 75 0.00865950
55 75 55 75 0.10701677
55 73 55 75 0.00052807
55 73 55 73 0.02997803
6 159 7 159 0.00148639
6 160 7 160 0.03192273
6 160 6 160 0.06416352
112 145 112 145 0.09783333
