96 96 0.81820900
106 106 0.92230600
106 105 0.04368680
106 107 0.00086016
89 88 0.00070779
89 89 0.98574400
130 129 0.00100503
130 130 0.96614700
21 23 0.03270210
21 21 0.08554190
21 20 0.16866900
21 22 0.00092963
88 88 0.98576800
88 87 0.00068269
24 24 0.03466230
24 25 0.00058801
24 26 0.04228320
24 23 0.11332100
24 27 0.00105566
74 77 0.00682850
74 74 0.91134800
94 94 0.83007200
104 104 0.91483200
104 103 0.04821640
104 105 0.00193167
69 70 0.00425978
69 71 0.00134177
69 69 0.79001300
69 72 0.00991052
59 62 0.03039350
59 59 0.84704500
59 61 0.00107489
59 58 0.03557870
5 5 0.97435000
5 6 0.00602366
5 7 0.00085760
2 2 0.73099000
2 3 0.00117955
138 138 0.85455300
138 137 0.00138678
81 81 0.96084000
12 12 0.25121700
12 14 0.00353092
12 13 0.00077261
79 79 0.84387000
79 82 0.00089710
60 63 0.00480244
60 59 0.03185460
60 60 0.85263300
60 61 0.00162516
60 62 0.01188000
126 126 0.96736300
97 97 0.87346700
152 152 0.38891900
36 39 0.08118770
36 38 0.06856280
36 35 0.66112000
36 34 0.00075349
36 36 0.11476000
108 107 0.03851640
108 108 0.92783700
155 155 0.98948400
20 19 0.19474000
20 21 0.00132876
20 20 0.44171200
20 22 0.05807180
111 111 0.95440500
111 110 0.01269270
8 9 0.00075593
8 8 0.85700800
8 10 0.01451140
25 27 0.08539630
25 25 0.13071600
25 26 0.00064395
25 24 0.60504300
25 28 0.00091355
128 128 0.96685600
124 124 0.96756400
114 114 0.96635300
114 113 0.00117983
63 66 0.04040890
63 63 0.85407000
63 62 0.00416079
63 65 0.01009520
136 135 0.00171288
136 136 0.83767100
140 139 0.00065347
140 140 0.53682100
15 14 0.02232280
15 15 0.78002800
15 17 0.04413810
15 16 0.00582023
44 48 0.00058587
44 46 0.08769430
44 47 0.01724600
44 44 0.00747850
44 43 0.65428500
37 40 0.08062970
37 36 0.66134400
37 39 0.06873780
37 35 0.00074305
37 37 0.11480500
64 67 0.00117099
64 66 0.00958342
64 63 0.00191361
64 64 0.88062500
26 29 0.00276931
26 26 0.00918634
26 25 0.31800400
26 28 0.02442490
115 114 0.00099881
115 115 0.96653500
53 55 0.04097480
53 56 0.04102260
53 48 0.00076695
53 53 0.60709200
53 54 0.00192418
53 52 0.17489300
52 53 0.00440785
52 52 0.23828200
52 54 0.05000890
52 47 0.00091686
52 55 0.04102070
52 51 0.55366300
77 77 0.91396700
77 80 0.01683510
48 52 0.00081603
48 50 0.11537000
48 46 0.00422781
48 48 0.05853660
48 51 0.00172911
48 47 0.62814900
48 49 0.00413011
42 45 0.00364205
42 40 0.00070230
42 41 0.65488600
42 44 0.06063910
42 42 0.12372500
137 136 0.00167030
137 137 0.98761100
91 91 0.98605000
4 5 0.00433938
4 4 0.52200700
13 13 0.88752600
13 12 0.00167313
13 14 0.00197400
13 15 0.00427131
82 82 0.87211800
107 108 0.00078153
107 106 0.04123680
107 107 0.92529200
9 9 0.88134800
9 11 0.01024610
32 33 0.00050471
32 29 0.00061399
32 35 0.08556320
32 30 0.00199095
32 34 0.08107080
32 32 0.01416990
32 31 0.65586600
129 129 0.96653700
129 128 0.00062857
43 46 0.02505480
43 45 0.02098010
43 43 0.00709560
43 42 0.65362100
43 41 0.00057861
43 47 0.00057124
119 119 0.96759300
153 153 0.73262100
110 110 0.93359900
110 109 0.03333750
117 117 0.96745000
58 61 0.03067050
58 60 0.02077710
58 58 0.81292900
58 57 0.00830385
30 31 0.00086993
30 32 0.08325850
30 28 0.00108945
30 30 0.11355300
30 29 0.65111000
30 33 0.08624740
151 151 0.98918000
46 48 0.03746580
46 46 0.13049500
46 50 0.00176913
46 45 0.03753540
46 49 0.00292260
46 47 0.00225377
134 134 0.19610600
134 133 0.00106978
55 58 0.03071850
55 55 0.04628340
55 56 0.00132406
55 57 0.00185364
55 54 0.00248172
38 40 0.03585940
38 36 0.00077228
38 37 0.66169300
38 38 0.01677550
38 41 0.07774890
121 121 0.96759500
99 99 0.96686800
73 73 0.79832500
73 75 0.00066856
98 98 0.96746500
102 101 0.01679320
102 102 0.93429100
102 103 0.00208067
92 92 0.98608500
149 149 0.86251200
18 20 0.08214610
18 19 0.00474603
18 17 0.13056300
18 18 0.68240300
72 75 0.00123049
72 72 0.59269800
17 17 0.72170400
17 16 0.09827340
17 18 0.00351604
17 19 0.08312410
28 31 0.02360700
28 28 0.00421130
28 30 0.05031600
28 27 0.20408000
65 68 0.00098052
65 64 0.00148448
65 67 0.00847678
65 66 0.00090621
65 65 0.42185500
132 132 0.96571300
132 131 0.00167681
85 85 0.83040400
67 69 0.01271940
67 70 0.00387250
67 67 0.65023100
67 68 0.00189715
7 8 0.00785620
7 9 0.01083270
7 7 0.82902100
147 147 0.85772700
23 23 0.11699500
23 25 0.04821720
23 26 0.00096480
23 22 0.35397600
23 24 0.00080241
148 148 0.83994000
50 53 0.01585220
50 48 0.00067079
50 52 0.07527550
50 50 0.15913600
50 49 0.61529000
50 51 0.01627080
120 120 0.96760000
29 29 0.11832000
29 30 0.00059266
29 31 0.09485490
29 32 0.07451620
29 28 0.64519100
118 118 0.96758400
6 7 0.00592694
6 6 0.94116400
6 8 0.00248173
127 127 0.96732000
146 146 0.99407200
54 57 0.00502531
54 49 0.00074427
54 55 0.00239038
54 56 0.00137547
54 54 0.73427600
54 53 0.10959600
1 2 0.00914569
1 1 0.99072300
41 40 0.65703500
41 43 0.06106680
41 44 0.04921170
41 39 0.00085929
41 41 0.12121700
150 150 0.76572200
56 57 0.00140242
56 58 0.02199640
56 55 0.05193850
56 56 0.59246300
56 59 0.03070670
109 109 0.93089700
109 108 0.03601280
84 84 0.62530300
35 34 0.47243000
35 36 0.00057027
35 38 0.08131850
35 33 0.00078089
35 35 0.11466000
35 37 0.07114650
139 138 0.00090659
139 139 0.89360100
16 15 0.00765984
16 17 0.00418681
16 18 0.08605480
16 16 0.75876300
142 142 0.99294300
68 69 0.00450705
68 68 0.07290970
68 70 0.01193140
68 71 0.00331511
51 53 0.05245470
51 46 0.00096647
51 50 0.60330100
51 54 0.04097560
51 52 0.02430940
51 51 0.16708700
103 102 0.03095300
103 103 0.91641200
103 104 0.00268688
22 24 0.09993670
22 25 0.00125614
22 22 0.18829600
22 23 0.00281228
22 21 0.47221900
90 90 0.98568700
90 89 0.00072215
34 34 0.11462300
34 36 0.05392510
34 32 0.00084694
34 33 0.65671700
34 37 0.02862770
34 35 0.00054098
145 145 0.94540100
154 154 0.98918500
61 63 0.01017200
61 64 0.02968710
61 62 0.00164709
61 61 0.85702000
61 60 0.02304110
40 43 0.00416288
40 42 0.05388530
40 39 0.65919400
40 38 0.00092175
40 40 0.11858300
10 10 0.84669700
10 12 0.00761808
143 143 0.94582400
122 122 0.96758500
70 72 0.00078197
70 73 0.01592160
70 70 0.74647600
112 112 0.96455100
112 111 0.00283588
100 100 0.96468800
100 101 0.00095226
144 144 0.99363900
33 32 0.65574700
33 31 0.00115363
33 36 0.03470280
33 34 0.00051037
33 35 0.04416690
33 33 0.11156300
27 27 0.00850456
27 29 0.03149790
27 30 0.00732021
27 26 0.03447360
27 28 0.00061344
131 130 0.00137158
131 131 0.96570600
47 48 0.00511657
47 46 0.63719400
47 50 0.00118715
47 47 0.13440800
47 49 0.11321600
47 51 0.00088838
76 79 0.00980100
76 76 0.91373200
141 141 0.80199600
116 116 0.96732700
49 47 0.00320167
49 49 0.15919000
49 51 0.10296300
49 48 0.58159800
49 52 0.00211312
49 50 0.00528497
19 19 0.64843700
19 20 0.00460557
19 21 0.07454270
19 18 0.16272600
75 75 0.91252800
75 78 0.00607415
14 16 0.00643152
14 15 0.00276474
14 13 0.01200790
14 14 0.48397600
113 113 0.96614900
113 112 0.00134571
31 32 0.00064432
31 31 0.11284500
31 34 0.08707250
31 30 0.65596300
31 29 0.00211784
31 33 0.08097720
45 49 0.00162880
45 47 0.09356420
45 44 0.02270860
45 48 0.01759980
45 46 0.00159875
45 45 0.00783580
87 87 0.98577100
135 134 0.00054484
135 135 0.88479700
80 80 0.72477300
95 95 0.62503500
39 37 0.00080447
39 42 0.07594330
39 38 0.66160800
39 41 0.07783240
39 39 0.11614400
66 68 0.00731832
66 66 0.89592600
66 65 0.00143993
86 86 0.98626100
11 11 0.49901900
11 13 0.00888433
93 93 0.98613600
123 123 0.96758100
83 83 0.81777500
133 132 0.00139165
133 133 0.89374600
78 78 0.93441400
78 81 0.00534237
105 104 0.04894450
105 106 0.00120211
105 105 0.91632900
71 71 0.10349200
71 74 0.00361926
101 100 0.00194540
101 101 0.94903600
101 102 0.00156051
3 3 0.28260900
3 4 0.00332888
125 125 0.96741000
57 60 0.03068820
57 59 0.02160460
57 58 0.00092594
57 56 0.04307090
57 57 0.41310400
62 64 0.01011570
62 62 0.86186900
62 61 0.01904610
62 65 0.00387948
