128 146 128 146 0.02306180
14 53 14 53 0.05597767
14 48 14 48 0.08691046
78 138 78 138 0.00092643
65 145 65 145 0.02854310
65 81 65 81 0.18272609
103 109 103 107 0.00235682
103 109 106 110 0.00244145
103 109 105 110 0.00077104
1 62 1 62 0.05450700
2 61 2 61 0.11589604
92 121 94 119 0.00573642
92 121 92 121 0.21788948
92 119 94 119 0.00172673
92 119 92 121 0.00135750
98 113 98 115 0.01535732
98 113 100 113 0.01049950
98 115 97 116 0.00052696
98 115 98 115 0.20065117
98 115 100 113 0.00142879
69 77 69 77 0.19121538
83 127 83 127 0.00255822
105 110 105 110 0.00185903
105 111 105 111 0.00276535
124 152 124 152 0.00417828
124 132 124 132 0.01115794
27 37 27 37 0.23330645
143 154 141 154 0.00059633
143 152 143 152 0.00097303
24 41 24 41 0.01204193
26 38 26 38 0.26821847
10 55 10 56 0.00576883
10 55 11 55 0.00145199
148 159 148 159 0.06388303
28 36 28 36 0.29446333
131 143 131 143 0.00108411
126 148 126 148 0.00817808
88 125 88 125 0.02878198
88 133 88 133 0.08810800
60 86 60 86 0.00123970
100 110 100 110 0.03276548
100 110 100 113 0.00526148
100 111 100 113 0.03823413
100 111 103 111 0.00289695
100 113 98 115 0.00098685
100 113 100 113 0.18835748
138 146 138 146 0.02097053
138 145 138 145 0.03495233
138 151 138 151 0.00602789
138 158 138 158 0.00706649
138 160 136 160 0.00092444
73 137 73 137 0.00220667
133 141 133 141 0.00108022
133 142 133 141 0.00056023
129 135 129 135 0.00427590
129 145 129 145 0.03776073
137 152 137 152 0.00661667
137 159 137 159 0.01848254
66 80 66 80 0.26259829
81 129 81 129 0.00062411
67 79 67 79 0.27578991
11 54 11 55 0.00174097
11 50 11 50 0.01892727
3 60 3 60 0.12700091
3 155 3 155 0.00581435
139 145 139 145 0.07703967
139 157 137 157 0.00080448
99 114 99 114 0.24163968
99 114 101 112 0.00156497
99 114 97 116 0.00319253
99 112 99 114 0.02043355
99 112 101 112 0.01279347
82 131 82 131 0.00069152
82 128 82 128 0.00185114
149 158 149 158 0.05706939
135 139 135 139 0.00503679
12 53 12 54 0.00191849
102 108 105 111 0.01266091
102 108 102 108 0.14333372
102 109 102 109 0.02226319
102 112 102 112 0.00396997
86 127 86 127 0.01735130
86 135 86 135 0.07852900
86 123 86 124 0.00071120
86 123 86 127 0.00282548
86 123 86 123 0.00313529
86 123 88 125 0.00181897
123 133 123 133 0.00132365
147 160 147 160 0.10526246
147 158 147 158 0.01654891
63 83 63 83 0.14173032
63 147 63 147 0.02417563
84 129 84 129 0.00076739
84 126 84 126 0.00279350
84 126 84 129 0.00151179
85 136 85 136 0.29928133
85 124 85 125 0.00154947
93 120 95 118 0.00761964
93 120 93 120 0.25998174
93 120 91 122 0.00225755
93 118 95 118 0.00696907
93 118 93 120 0.00577446
15 52 15 52 0.10220067
15 47 15 47 0.13230567
15 51 15 51 0.00397847
94 119 94 119 0.31773903
94 119 92 121 0.00116941
21 42 21 42 0.25711479
146 159 146 159 0.01973037
146 153 146 153 0.00807730
97 114 99 114 0.03427258
97 114 97 116 0.04862398
90 120 92 121 0.00767211
90 131 90 131 0.09710333
90 118 92 121 0.02065027
64 82 64 82 0.16768067
64 146 64 146 0.03003613
79 146 79 146 0.00115514
79 137 79 137 0.00157005
87 122 87 126 0.00371144
87 122 87 125 0.00339730
87 134 87 134 0.09155733
87 126 87 126 0.02428668
22 41 22 41 0.35194702
127 147 127 147 0.02944627
106 110 103 107 0.00105226
106 110 106 110 0.00400137
106 110 105 110 0.00069186
9 52 9 52 0.17512746
9 56 10 56 0.00077123
9 56 9 57 0.00217759
61 149 61 149 0.02110420
17 50 17 50 0.04111367
101 109 103 111 0.00055560
101 109 101 109 0.28504566
130 134 130 134 0.00649011
16 51 16 51 0.05601867
5 153 5 153 0.00624407
125 151 125 151 0.00564327
62 84 62 84 0.13613860
62 148 62 148 0.03008747
91 122 93 120 0.01062257
91 122 91 122 0.36391196
91 119 91 122 0.02241068
91 119 93 120 0.01981173
23 40 23 40 0.21555858
95 118 95 118 0.36477359
95 118 97 116 0.00742756
95 118 93 120 0.00161876
18 45 18 45 0.12923111
141 149 141 149 0.00955698
141 147 141 147 0.00647892
29 35 29 35 0.35557286
29 36 29 36 0.00726835
25 39 25 39 0.34033716
25 40 25 40 0.01142930
89 132 89 132 0.24725267
89 119 91 122 0.02875411
89 121 91 122 0.01127661
140 144 140 144 0.26942900
