21 42 21 42 0.10823071
97 111 99 114 0.08176143
97 111 97 116 0.05516412
121 126 121 127 0.00537007
121 127 121 127 0.07882233
93 115 93 120 0.01359870
93 115 95 118 0.03497319
94 114 94 119 0.01225629
116 134 115 134 0.00592680
99 109 99 114 0.01900067
99 109 102 112 0.00080953
99 109 101 112 0.02237263
135 153 135 154 0.00722279
141 149 141 149 0.06649143
141 147 141 147 0.03619506
29 35 29 35 0.21155294
95 113 97 116 0.03467853
95 113 95 118 0.01991499
91 117 93 120 0.07298345
91 117 91 122 0.02633036
23 40 23 40 0.12520738
134 154 135 154 0.01960747
134 154 134 155 0.01058957
132 156 133 156 0.01193901
142 146 142 146 0.04413633
142 148 142 148 0.07332033
25 39 25 39 0.19203166
90 118 92 121 0.01983412
118 130 118 131 0.01459907
22 41 22 41 0.18314791
26 38 26 38 0.14300058
27 37 27 37 0.13558470
143 147 143 147 0.15993322
98 110 98 115 0.01216008
98 110 100 113 0.01533250
92 116 94 119 0.02193843
92 116 92 121 0.00802999
117 131 117 132 0.00529193
117 133 116 133 0.00348800
117 132 117 132 0.03769500
30 34 30 34 0.25632595
137 159 137 159 0.05408304
137 151 137 152 0.00519966
137 151 138 151 0.01991538
115 134 115 134 0.25165833
100 108 100 113 0.02422107
100 108 103 111 0.00333869
136 152 137 152 0.02240136
136 160 136 160 0.03569701
114 134 115 134 0.00080144
133 156 133 156 0.02473298
119 129 119 130 0.00939413
138 158 138 158 0.03609660
138 150 139 150 0.00586163
138 150 138 151 0.00246662
