67 70 0.16367300
67 72 0.00833648
67 75 0.63211900
67 71 0.16205100
80 84 0.03099620
80 87 0.01879980
80 89 0.01579610
80 83 0.03177460
80 88 0.62179300
80 85 0.11185000
42 45 0.35171500
42 50 0.43477100
42 49 0.00634955
112 120 0.99331000
105 113 0.55572900
105 112 0.00764170
110 118 0.99330800
81 84 0.02340380
81 89 0.62224600
81 90 0.01634610
81 86 0.13471800
81 88 0.02354190
81 85 0.13882100
124 132 0.99135000
124 131 0.00063754
136 144 0.88539900
136 143 0.05295990
136 145 0.05115930
136 146 0.00384216
136 142 0.00053256
17 19 0.00088466
17 17 0.70483000
17 16 0.00089856
77 84 0.01281430
77 80 0.11171100
77 82 0.09053870
77 85 0.59662000
77 81 0.09962380
77 86 0.00493459
131 138 0.00060350
131 141 0.00069659
131 139 0.96039000
131 140 0.03301910
126 134 0.99950800
115 123 0.36249400
49 54 0.00077858
49 57 0.46481300
49 52 0.38892800
49 53 0.00346642
49 56 0.00056415
49 55 0.00508125
142 148 0.00132143
142 151 0.04187980
142 150 0.86369000
142 149 0.07942030
142 152 0.00253221
58 61 0.15369000
58 62 0.15753800
58 66 0.58146300
58 60 0.00101498
58 65 0.00475033
56 59 0.19422200
56 64 0.63170500
56 60 0.06150170
56 58 0.00083263
106 114 0.97983800
71 79 0.64330900
71 76 0.02384740
71 80 0.00100493
71 75 0.00620855
71 74 0.08575160
71 78 0.00090770
123 130 0.00136680
123 131 0.99026000
125 133 0.99977500
127 135 0.99908300
127 136 0.00069153
101 109 0.68943800
101 110 0.00321065
101 108 0.07321840
101 107 0.00873311
101 106 0.02713260
107 115 0.36235500
129 138 0.00324721
129 137 0.99654000
132 140 0.95266400
132 142 0.00144784
132 139 0.00558458
132 141 0.03491180
146 152 0.00158084
146 154 0.89195400
146 156 0.00051537
146 153 0.08581280
146 155 0.00340231
130 138 0.98104000
130 139 0.01820310
135 142 0.02036800
135 143 0.89216100
135 145 0.00298906
135 144 0.05028540
69 77 0.64971300
69 72 0.15666300
69 74 0.01151710
69 73 0.01919880
117 125 0.56400700
87 95 0.58781000
87 96 0.03376960
87 91 0.02864840
87 94 0.07221570
87 93 0.08230270
87 92 0.07019830
87 90 0.00670071
98 103 0.00697899
98 108 0.00871207
98 105 0.16200500
98 106 0.46949200
98 104 0.00612628
98 107 0.00525302
15 17 0.00102468
15 15 0.85365800
32 36 0.02351710
32 32 0.00431282
32 35 0.45265800
32 39 0.00758387
32 40 0.03109430
32 33 0.00073055
32 34 0.20268500
32 37 0.04710380
32 41 0.00051962
32 38 0.00171509
34 35 0.00199705
34 36 0.24041100
34 41 0.01603330
34 38 0.04562170
34 43 0.00084808
34 40 0.00083289
34 39 0.04789540
34 42 0.03166040
34 34 0.00377169
34 37 0.49525200
121 128 0.00139527
121 129 0.98779500
95 102 0.32632700
95 101 0.10569600
95 104 0.01337960
95 103 0.39589100
95 105 0.01705400
95 100 0.08715420
43 46 0.38206500
43 51 0.27955600
43 50 0.00313319
140 149 0.04941160
140 148 0.86713900
140 147 0.07051170
140 146 0.00102970
140 150 0.00326814
61 64 0.13015500
61 68 0.00076403
61 65 0.13237300
61 69 0.14335300
122 130 0.79870400
122 129 0.00217923
116 124 0.98005000
51 59 0.62811400
51 55 0.04384520
51 58 0.00084137
51 54 0.27641900
51 57 0.00198874
21 29 0.00057818
21 22 0.00205025
21 27 0.00072377
21 23 0.05153660
21 21 0.54251500
21 24 0.03493060
76 78 0.00399678
76 85 0.00368284
76 83 0.01104330
76 81 0.08746270
76 84 0.63376400
76 80 0.11419800
76 79 0.12908000
10 15 0.00057172
10 10 0.97716200
10 12 0.00581500
37 46 0.00118408
37 44 0.02677180
37 37 0.00148413
37 42 0.09461120
37 40 0.54770200
37 39 0.03472420
37 43 0.00244548
37 45 0.02166840
37 41 0.01148720
78 85 0.01596780
78 81 0.06243780
78 83 0.06216450
78 86 0.61928200
78 82 0.11603800
78 87 0.01442740
13 15 0.00944140
13 13 0.97031300
13 14 0.00149537
22 25 0.04428400
22 23 0.00542881
22 30 0.00088940
22 28 0.00165744
22 24 0.10837700
22 22 0.73630300
29 33 0.00054699
29 37 0.00475673
29 29 0.00278127
29 31 0.01651990
29 36 0.00108261
29 35 0.00807494
29 32 0.03151230
36 37 0.00086104
36 42 0.00082903
36 40 0.00515900
36 39 0.26925900
36 38 0.04982110
36 43 0.03096810
36 45 0.00092702
36 41 0.03264880
36 36 0.00205177
36 44 0.00459511
24 27 0.06382980
24 32 0.00146397
24 24 0.52000400
24 28 0.00079286
24 26 0.29139500
24 30 0.00684764
24 25 0.01809030
84 88 0.11758000
84 91 0.03491760
84 93 0.02477560
84 87 0.01842830
84 90 0.00818839
84 89 0.13808900
84 92 0.42873000
1 3 0.00227116
1 1 0.99596400
60 67 0.00142150
60 68 0.41638400
60 63 0.13196300
60 64 0.01908090
143 151 0.86770800
143 149 0.00142280
143 152 0.03581780
143 150 0.08325830
143 153 0.00213703
68 76 0.64983400
68 71 0.16322900
68 72 0.14296500
68 73 0.01682720
113 121 0.99323800
38 44 0.00170469
38 46 0.06052960
38 40 0.00960241
38 42 0.00426260
38 45 0.11212700
38 41 0.47229700
38 43 0.07291780
55 57 0.00079103
55 58 0.17179900
55 63 0.56738900
55 59 0.02650750
108 116 0.58004200
83 92 0.02205070
83 87 0.13154600
83 89 0.00263206
83 90 0.03040290
83 86 0.01917990
83 88 0.13720900
83 91 0.61430600
6 9 0.00145601
6 8 0.00157679
6 6 0.98462700
6 12 0.00148584
100 109 0.00324971
100 110 0.00112980
100 108 0.51926800
100 105 0.02613940
100 107 0.01967520
100 106 0.00227559
86 93 0.06563860
86 94 0.41572500
86 90 0.09043720
86 89 0.00890180
86 91 0.07628350
86 92 0.02590010
86 95 0.03037410
128 137 0.00097919
128 136 0.99888600
52 60 0.38612100
52 54 0.00052771
52 55 0.26157900
52 56 0.05223120
147 153 0.00155843
147 154 0.08692330
147 156 0.00145403
147 155 0.90466400
33 41 0.03123890
33 38 0.04657110
33 39 0.00088924
33 40 0.01466240
33 42 0.00082338
33 34 0.00152080
33 33 0.00400727
33 37 0.04414700
33 35 0.26705100
33 36 0.47320300
2 3 0.00067132
2 2 0.99249500
2 4 0.00457208
2 8 0.00068734
39 44 0.00394885
39 46 0.08943690
39 45 0.00066763
39 41 0.00085562
39 47 0.01648590
39 43 0.00050778
39 42 0.32318200
47 53 0.00198392
47 51 0.00066193
47 55 0.30491200
47 50 0.36650400
47 52 0.00115489
47 54 0.00300029
102 108 0.00135370
102 109 0.05532380
102 110 0.58864600
102 107 0.02708400
111 119 0.99330700
74 78 0.11082300
74 79 0.08560860
74 77 0.13783000
74 82 0.63985900
74 81 0.00707851
74 83 0.00110498
79 84 0.10265500
79 87 0.61858900
79 86 0.01996210
79 88 0.01521470
79 83 0.03152700
79 82 0.04932120
120 127 0.00101342
120 128 0.89907300
62 70 0.49058300
62 65 0.13357400
62 66 0.15886300
96 102 0.11248400
96 106 0.01566440
96 101 0.05268570
96 104 0.40129800
96 105 0.01246150
96 103 0.34131900
14 16 0.00922184
14 14 0.75741400
14 15 0.00123560
75 79 0.11486800
75 80 0.08619390
75 77 0.00206545
75 84 0.00243113
75 82 0.00927766
75 83 0.63668500
75 78 0.13167100
59 62 0.13402200
59 63 0.01823600
59 61 0.00051226
59 66 0.00476847
59 67 0.17696700
109 117 0.99331600
91 101 0.00647999
91 97 0.10570300
91 98 0.22307400
91 100 0.03140010
91 96 0.11680600
91 99 0.24461100
91 95 0.00389598
28 36 0.00339282
28 30 0.04461750
28 35 0.00066180
28 34 0.00900569
28 31 0.04157570
104 111 0.02128780
104 109 0.00239047
104 110 0.00064457
104 112 0.95620500
8 10 0.00177081
8 8 0.98268100
8 14 0.00202714
54 62 0.55526500
54 58 0.05357260
54 57 0.02181760
118 126 0.98124100
40 42 0.00083111
40 43 0.25420100
40 47 0.02401100
40 48 0.22224900
40 45 0.00424472
40 46 0.00314275
40 44 0.00072504
57 59 0.00141467
57 60 0.17331600
57 65 0.47594600
57 61 0.13715500
18 20 0.00147030
18 21 0.00099371
18 18 0.07045250
18 23 0.00051848
97 106 0.01210960
97 102 0.04585510
97 103 0.12382200
97 105 0.43383900
97 107 0.00957329
97 104 0.31323000
119 127 0.03871740
149 157 0.77425900
149 155 0.00125092
149 156 0.11035200
148 156 0.88617600
148 155 0.08962750
148 154 0.00142102
148 157 0.00067253
53 57 0.05239980
53 61 0.60715800
53 56 0.26161100
53 55 0.00051061
7 9 0.00169543
7 13 0.00178994
7 7 0.98295300
85 91 0.01360740
85 88 0.01411290
85 90 0.13978500
85 89 0.10562200
85 93 0.42416300
85 94 0.02698160
85 92 0.04208440
3 5 0.00691550
3 3 0.98946700
3 4 0.00060499
3 6 0.00059332
3 9 0.00114748
134 144 0.00212592
134 142 0.92736600
134 141 0.01544010
134 143 0.04932190
31 35 0.00883516
31 36 0.00617329
31 38 0.00348426
31 31 0.00481197
31 37 0.00464409
31 34 0.06821290
31 33 0.32431700
31 39 0.00075577
45 53 0.44038500
45 49 0.00221950
45 51 0.00109600
45 48 0.17392500
45 52 0.06387840
46 50 0.00151361
46 54 0.47251000
46 52 0.00238892
46 53 0.03344120
46 49 0.38407300
25 27 0.45457600
25 31 0.00765369
25 33 0.00143911
25 28 0.08427250
25 26 0.02473560
25 25 0.06836220
30 38 0.00088234
30 33 0.29272100
30 34 0.00280632
30 37 0.00166137
30 32 0.35132200
30 35 0.00351716
30 30 0.00700919
30 36 0.00112862
88 93 0.11281900
88 94 0.09037900
88 97 0.00382837
88 91 0.00508327
88 92 0.01826070
88 95 0.08177430
88 96 0.55833100
9 11 0.00260399
9 9 0.98114300
9 15 0.00254905
19 19 0.21244900
19 24 0.00050226
19 20 0.00281046
19 21 0.01018710
19 22 0.01047850
20 23 0.02071470
20 25 0.00051072
20 21 0.00478946
20 20 0.82215500
20 22 0.05088200
138 144 0.00076945
138 148 0.00366063
138 147 0.05413620
138 145 0.06189640
138 146 0.87357100
133 142 0.04737030
133 141 0.93454600
133 140 0.01056200
133 143 0.00198368
50 56 0.00757923
50 55 0.00074677
50 54 0.02621850
50 58 0.55651300
50 53 0.35737900
50 57 0.00121559
16 16 0.92836000
16 17 0.00052440
16 15 0.00052313
11 13 0.00850043
11 16 0.00071651
11 11 0.97316500
93 99 0.00626358
93 102 0.01470270
93 100 0.26970200
93 103 0.01633540
93 98 0.08519160
93 101 0.38210400
141 148 0.07496660
141 151 0.00288280
141 149 0.86498700
141 147 0.00118921
141 150 0.04721210
73 78 0.00537894
73 76 0.00849430
73 77 0.00535681
73 80 0.00621545
73 82 0.00091399
73 81 0.64171500
12 14 0.00857294
12 13 0.00150188
12 12 0.06400620
12 17 0.00057000
4 10 0.00139177
4 6 0.00933403
4 4 0.98689200
4 7 0.00077544
63 68 0.00055298
63 67 0.17357500
63 66 0.15861600
63 71 0.61665100
41 46 0.00080395
41 44 0.24730000
41 49 0.02075300
41 43 0.00072032
41 48 0.06508000
41 45 0.00083159
65 68 0.16710500
65 73 0.61680200
65 69 0.16800700
65 70 0.00145928
82 85 0.02065860
82 90 0.61766700
82 89 0.02489770
82 87 0.14046100
82 91 0.01941770
82 88 0.00121846
82 86 0.13302900
103 108 0.00277826
103 109 0.00323158
103 111 0.19345800
103 110 0.00946707
144 152 0.87308400
144 154 0.00132310
144 153 0.02976190
144 150 0.00155250
144 151 0.08423700
26 29 0.16547500
26 27 0.00711669
26 34 0.00137002
26 32 0.00872050
26 28 0.72299900
26 26 0.01421770
90 96 0.10043600
90 99 0.03126960
90 95 0.11841800
90 97 0.16594700
90 98 0.44900700
90 94 0.00842517
90 93 0.00101295
90 100 0.00554559
89 95 0.09528950
89 99 0.00135122
89 96 0.10941400
89 92 0.00178284
89 93 0.01311810
89 94 0.07163610
89 98 0.03673010
89 97 0.50318800
94 102 0.39023200
94 99 0.01129340
94 101 0.13901200
94 104 0.01703600
94 103 0.01357500
94 100 0.08540450
145 153 0.87890000
145 152 0.08525170
145 154 0.01665780
145 151 0.00157918
145 155 0.00061378
5 8 0.00109979
5 11 0.00176282
5 7 0.00933491
5 5 0.07723110
150 157 0.22345100
150 156 0.00117954
48 55 0.00073717
48 56 0.51259200
48 52 0.00131809
48 54 0.00669545
48 53 0.00170214
48 51 0.34688400
23 29 0.00192984
23 27 0.00072232
23 31 0.00110008
23 24 0.00678567
23 23 0.69715800
23 25 0.13499800
23 26 0.05555820
35 40 0.05735860
35 39 0.04048150
35 42 0.02270700
35 37 0.10180400
35 41 0.00100472
35 43 0.03273640
35 38 0.62263200
35 44 0.00095872
35 36 0.00160843
35 35 0.00303735
99 106 0.13299600
99 104 0.03139840
99 107 0.52708200
99 109 0.00234015
99 105 0.00755136
99 108 0.00421037
64 69 0.00100088
64 72 0.61694700
64 67 0.16282700
64 68 0.16888900
66 70 0.16368600
66 69 0.16703600
66 74 0.62383200
66 71 0.00497511
72 76 0.01353250
72 80 0.64237800
72 77 0.03013280
72 79 0.00554666
72 81 0.00091435
72 75 0.01708650
44 47 0.27759400
44 52 0.43658100
44 51 0.06576020
137 146 0.05238240
137 145 0.87965400
137 147 0.00386842
137 143 0.00063336
137 144 0.05763730
70 75 0.02043920
70 78 0.64883200
70 73 0.13053800
70 74 0.08837990
139 149 0.00345880
139 148 0.05162550
139 146 0.06603740
139 147 0.86967200
139 145 0.00088845
92 101 0.02274560
92 97 0.09263460
92 98 0.00572335
92 100 0.24325600
92 102 0.01174240
92 99 0.24613100
114 122 0.58005600
27 30 0.19212300
27 28 0.00465307
27 35 0.00219463
27 33 0.00928856
27 27 0.00136429
27 29 0.72657000
