146 138 0.00096101
146 137 0.16742200
132 123 0.02008710
123 113 0.05911950
123 112 0.00070121
123 114 0.27412300
123 115 0.00171854
127 118 0.94657800
127 116 0.00121388
127 117 0.02631510
127 119 0.00052563
125 117 0.00221879
125 115 0.13278800
125 116 0.71665700
125 114 0.00175122
71 68 0.09074370
71 67 0.06594910
71 66 0.62110100
71 65 0.00222453
129 120 0.25812600
107 98 0.00093006
107 97 0.00078305
107 99 0.01495030
101 91 0.00055494
101 94 0.00113471
101 93 0.88401900
101 92 0.07844490
58 57 0.00179294
58 55 0.15184500
58 56 0.07595750
58 58 0.01118630
106 96 0.00080620
106 98 0.00744108
106 97 0.00179586
56 53 0.08210970
56 56 0.37119800
56 55 0.00254850
56 54 0.05112250
115 106 0.14764900
115 105 0.26346700
49 48 0.00431788
49 47 0.06246670
49 49 0.82223400
49 46 0.03984340
156 148 0.02106890
156 151 0.00528375
156 155 0.00806853
156 153 0.01232800
156 154 0.01470540
156 152 0.26054900
156 147 0.00688923
142 135 0.00426631
142 133 0.97235700
142 134 0.01829050
142 132 0.00400441
131 122 0.47783400
126 116 0.16552500
126 115 0.00842456
126 117 0.74221200
126 118 0.00079210
153 144 0.38020600
153 149 0.20696100
153 148 0.02170290
153 145 0.02004640
153 147 0.00235536
153 146 0.00101992
81 72 0.04169010
81 74 0.00495575
81 76 0.00279416
81 75 0.00628197
81 73 0.00378643
110 102 0.01664320
110 101 0.01202030
110 100 0.02781100
105 97 0.35121300
105 96 0.10618100
105 95 0.00097490
77 70 0.00066069
77 74 0.00528473
77 72 0.82813100
77 71 0.00339826
77 68 0.04971480
17 17 0.99805100
136 127 0.54008600
124 115 0.37596200
124 116 0.00272463
124 114 0.09529420
42 41 0.00055338
42 40 0.03323910
42 42 0.66049500
112 102 0.12953800
112 104 0.00196025
112 103 0.10743800
80 73 0.00110834
80 75 0.01823920
80 71 0.03957800
80 72 0.00072920
80 74 0.01271900
67 62 0.00104282
67 64 0.07258450
67 63 0.00121129
39 39 0.77502900
2 2 0.99809900
33 33 0.74166900
147 138 0.61879300
147 139 0.01688760
52 51 0.01784320
52 49 0.12985200
52 50 0.00324648
52 52 0.78308700
157 148 0.11214100
157 151 0.00559349
157 155 0.04287340
157 156 0.15188000
157 149 0.05378680
157 152 0.01998920
157 154 0.07669900
157 157 0.00090022
157 150 0.00064594
157 153 0.32403500
102 92 0.00070243
102 93 0.08581000
102 94 0.88357300
47 47 0.82913600
47 45 0.12254700
47 46 0.00200898
47 44 0.00074089
86 80 0.00335918
86 77 0.03203000
86 79 0.05179030
86 78 0.01695900
100 93 0.00670600
100 91 0.07171300
100 92 0.88450400
83 75 0.00680547
83 74 0.05409720
83 77 0.09198710
6 6 0.03049980
108 98 0.00080355
108 100 0.05015310
108 99 0.04245730
128 119 0.04943630
128 118 0.00164791
68 65 0.59274100
68 63 0.02226690
68 64 0.00684189
143 134 0.84338800
143 135 0.01114250
143 136 0.00090855
60 59 0.00116573
60 58 0.08556520
60 60 0.00144623
60 57 0.62071800
1 1 0.99978400
38 38 0.10102800
38 36 0.00075230
55 55 0.44509500
55 52 0.02795100
55 54 0.00568015
55 53 0.01783800
113 104 0.12616900
113 103 0.00603755
36 35 0.00060608
36 36 0.99529800
24 24 0.99856600
84 76 0.26368900
84 78 0.00680959
84 75 0.00094723
78 73 0.14807800
78 69 0.00476381
78 72 0.01155040
78 71 0.00092044
154 145 0.22995200
154 150 0.00572388
154 146 0.01528220
154 149 0.00128265
37 37 0.04405220
37 36 0.00242871
22 22 0.92994900
29 29 0.99910200
13 13 0.99917800
21 21 0.86995600
51 51 0.79291400
51 49 0.00800798
51 50 0.01241000
51 48 0.10016100
116 107 0.23824300
116 106 0.01749420
122 114 0.00259014
122 112 0.24308900
122 113 0.08888500
122 111 0.00078174
140 132 0.00383641
140 131 0.99161500
140 130 0.00253218
61 61 0.00104003
61 59 0.00280777
61 58 0.05402630
10 10 0.03958310
76 73 0.00106526
76 71 0.84041700
76 67 0.04982070
76 70 0.00224768
95 86 0.00311444
95 88 0.07997790
95 87 0.46314500
121 111 0.33623800
121 112 0.56912400
121 113 0.00341547
34 34 0.99853800
43 43 0.61357600
43 41 0.02862090
69 65 0.05082110
69 66 0.20610900
69 64 0.01902810
135 126 0.99721300
130 121 0.99834500
15 15 0.27578200
15 17 0.00059584
98 89 0.01384430
98 90 0.88480000
98 91 0.02034560
32 32 0.03865650
87 78 0.09646810
87 79 0.14294200
87 80 0.00266957
87 81 0.00130927
117 108 0.05732570
117 107 0.61448400
16 16 0.99802100
50 47 0.07027080
50 50 0.81258200
50 48 0.03532150
50 49 0.00535749
133 124 0.03957440
88 79 0.00278547
88 80 0.02282220
88 82 0.00101124
88 81 0.00579608
30 30 0.19992900
25 25 0.71097900
46 45 0.00289756
46 43 0.00412588
46 44 0.00360568
46 46 0.80885500
20 20 0.99809700
138 130 0.00139515
138 129 0.99613200
138 128 0.00074413
19 19 0.99805400
9 9 0.99726900
3 3 0.99792500
85 79 0.05751360
85 77 0.20497600
85 76 0.00208178
85 78 0.00207349
7 7 0.54022000
45 45 0.08925180
45 43 0.02398310
31 31 0.10265600
134 125 0.99720700
18 18 0.71057000
57 54 0.14527200
57 55 0.03645290
57 56 0.00186232
57 57 0.09168680
53 51 0.00634221
53 53 0.63314900
53 52 0.00131577
53 50 0.01591120
148 140 0.01270960
148 144 0.00093433
148 142 0.00077388
148 141 0.00053204
148 143 0.00267765
148 139 0.86908400
149 143 0.00483621
149 145 0.00965776
149 140 0.68813900
149 144 0.01076910
149 142 0.00245494
149 141 0.01788460
97 89 0.88834400
97 90 0.02727570
97 88 0.00504922
119 111 0.00742285
119 110 0.40177300
119 109 0.50625200
40 40 0.87123800
40 39 0.00156592
40 38 0.00129023
118 110 0.00180437
118 108 0.32005100
118 109 0.09005710
54 52 0.00617572
54 54 0.16461800
54 53 0.00205199
54 51 0.06384890
91 83 0.01088730
91 82 0.00706291
91 84 0.00090109
109 100 0.00677350
109 101 0.01772750
109 99 0.00262638
8 8 0.99726900
151 147 0.03211060
151 143 0.02592080
151 145 0.01002400
151 146 0.02596800
151 144 0.00278537
151 142 0.84929000
104 94 0.00091472
104 95 0.01985710
104 96 0.88475800
28 28 0.93031800
75 68 0.00275881
75 70 0.04373960
75 69 0.00345493
75 72 0.00120678
75 66 0.00094665
14 14 0.28471200
96 89 0.07529720
96 88 0.89262700
62 59 0.09140770
62 60 0.00601152
62 62 0.00073380
59 57 0.01126250
59 59 0.00086664
59 56 0.11679100
59 58 0.00061220
74 68 0.00765211
74 69 0.38098000
74 71 0.00406175
74 65 0.00225691
74 67 0.00188769
74 70 0.00059473
158 149 0.05308350
158 156 0.10412600
158 151 0.00229432
158 155 0.08672720
158 153 0.01793430
158 157 0.47721200
158 150 0.00460570
158 154 0.14799700
158 152 0.00696031
111 102 0.10874900
111 101 0.00141884
111 103 0.01039200
120 111 0.09635530
120 110 0.03961200
120 112 0.00706200
79 73 0.01151930
79 72 0.00277003
79 74 0.15966600
79 70 0.03928700
27 27 0.99798300
114 104 0.20248600
114 105 0.01730840
139 130 0.99403400
139 129 0.00168167
139 131 0.00263953
92 84 0.00805326
92 85 0.00119043
44 42 0.00310464
44 44 0.55412900
72 69 0.01096710
72 66 0.00658324
72 67 0.70917900
72 68 0.02924530
66 63 0.07820170
155 151 0.04656510
155 154 0.00090951
155 152 0.00094216
155 147 0.01510040
155 150 0.00099886
155 153 0.00102527
155 146 0.22737600
70 65 0.25365100
70 66 0.09822850
70 67 0.14785500
137 128 0.03167460
152 144 0.01984240
152 148 0.11346100
152 147 0.02275000
152 143 0.76142900
152 145 0.00406907
152 146 0.02461350
99 90 0.06523450
99 91 0.88471400
99 92 0.01363760
64 61 0.73967100
64 64 0.00057381
23 23 0.99856500
35 35 0.99797200
5 5 0.99742900
145 136 0.30581600
150 144 0.00805535
150 142 0.02148350
150 141 0.87546600
150 145 0.01870390
150 143 0.00306054
150 146 0.01919670
48 48 0.82535600
48 45 0.00995283
48 47 0.00325824
48 46 0.09027900
144 136 0.00181290
144 135 0.55291900
26 26 0.86980600
65 65 0.00050678
65 62 0.03642300
103 93 0.00069574
103 94 0.10226200
103 95 0.45863700
82 73 0.00121595
82 76 0.01263260
82 77 0.00134363
82 74 0.07137040
94 87 0.00254377
94 86 0.89292900
89 81 0.07462260
89 82 0.10648100
89 80 0.00164454
90 82 0.76778200
90 81 0.00209526
90 83 0.04225540
73 67 0.00705742
73 70 0.05747450
73 69 0.01105470
73 66 0.00072261
73 65 0.00129979
73 64 0.00335854
73 68 0.78980200
41 41 0.85038600
41 40 0.00056047
41 39 0.01050710
63 61 0.00087995
63 60 0.99188900
63 63 0.00059243
4 4 0.99737700
12 12 0.47868200
11 11 0.02066370
141 131 0.00336297
141 133 0.01161960
141 132 0.98110300
141 134 0.00230162
93 86 0.09836740
93 85 0.35253400
