43 66 43 63 0.35707300
43 66 42 64 0.00336171
43 52 43 52 0.09580960
34 69 34 70 0.00747966
34 69 34 66 0.55774200
34 69 35 69 0.00161888
9 90 9 89 0.00682041
9 91 9 89 0.00229015
5 84 5 81 0.68592500
5 84 4 82 0.00241615
5 145 5 145 0.19656600
41 54 41 54 0.03742960
41 68 41 65 0.28207300
103 146 103 147 0.00262176
103 146 103 146 0.05868700
103 109 103 109 0.26606000
61 68 61 69 0.00209441
122 128 122 128 0.50332600
46 63 45 61 0.00687321
49 61 49 57 0.00055985
49 61 49 59 0.05672450
49 61 47 59 0.00331991
49 59 49 57 0.02557790
49 59 49 59 0.06560260
15 86 15 84 0.00532229
15 22 15 22 0.00622193
15 87 15 84 0.00118623
85 98 83 98 0.00884246
85 94 83 94 0.01790620
104 145 104 146 0.00836309
21 82 21 79 0.00460303
21 82 21 83 0.00432906
62 67 62 68 0.00200065
12 26 12 26 0.00051301
12 21 12 21 0.00749744
42 53 42 53 0.01664590
42 67 42 64 0.68927200
42 67 41 65 0.00725535
16 28 16 28 0.80623000
16 86 16 83 0.00252301
16 86 16 87 0.02816760
116 135 116 135 0.35733900
47 61 47 59 0.04813780
14 87 14 85 0.01247290
14 19 14 19 0.01066170
1 102 1 102 0.01863840
1 103 1 103 0.01943940
1 149 1 149 0.26107600
113 137 114 137 0.00110424
113 137 113 138 0.00962556
48 60 48 58 0.03236280
44 65 43 63 0.00732498
44 65 44 62 0.26296400
102 147 102 147 0.17024200
102 110 102 110 0.12934800
25 80 25 80 0.02537110
95 102 95 102 0.11343500
4 85 4 82 0.61100300
4 146 4 146 0.17854300
40 69 39 67 0.00690316
40 67 39 67 0.00078708
38 70 38 68 0.00754386
24 83 24 81 0.00316983
24 81 24 81 0.10444100
96 101 96 101 0.17110400
51 59 51 57 0.21687200
51 59 49 57 0.00958326
123 127 123 127 0.74394800
31 77 31 74 0.20897700
31 73 31 73 0.00788805
31 76 31 74 0.01068260
31 76 31 73 0.06155480
31 72 32 72 0.00078452
31 72 31 69 0.01618100
31 74 31 74 0.04054000
7 92 7 90 0.00223083
7 92 7 91 0.00494815
35 73 35 71 0.00481866
35 73 35 70 0.17877800
35 73 35 74 0.00100128
35 73 34 70 0.00052390
35 73 34 71 0.00215849
35 76 35 74 0.00292947
35 75 34 72 0.00087522
35 70 35 71 0.00058446
35 70 35 70 0.05760770
37 73 36 70 0.00111560
18 26 18 26 0.15761100
18 84 18 85 0.00534847
39 68 38 68 0.00166855
39 70 38 68 0.00665667
39 70 39 67 0.06049220
50 58 50 58 0.06185970
50 60 50 58 0.05685980
50 60 48 58 0.00319874
86 97 86 97 0.02827460
86 97 84 97 0.01381200
86 93 86 93 0.05139030
86 93 84 93 0.03290560
120 131 120 131 0.33711000
117 134 117 134 0.46962800
121 129 121 129 0.34405600
121 130 121 130 0.11452400
36 70 36 70 0.02297380
36 74 35 71 0.00231884
36 72 36 70 0.00830713
36 72 36 73 0.00130967
36 72 35 70 0.00406049
36 75 36 73 0.00068304
36 73 36 73 0.00811861
36 73 36 70 0.02990630
89 94 90 94 0.00080390
89 94 89 94 0.15219100
89 94 87 94 0.00451554
100 149 100 149 0.03152090
27 78 27 78 0.11586100
118 131 118 131 0.03183870
118 133 118 133 0.42918600
17 27 17 27 0.80802000
17 85 17 86 0.02808750
115 136 115 136 0.35381100
13 25 13 25 0.00092084
13 20 13 20 0.01204290
6 93 6 91 0.00112960
6 83 5 81 0.00248433
6 83 6 80 0.71763800
33 40 33 40 0.01080400
33 75 32 73 0.00078574
33 75 33 72 0.23703800
33 75 33 73 0.00245234
33 70 33 67 0.08266200
33 70 33 71 0.00150887
33 76 33 73 0.02598990
33 73 33 73 0.00559239
33 73 33 71 0.00071749
26 82 26 79 0.00177876
26 79 26 79 0.06741620
2 102 2 102 0.02462410
2 148 2 148 0.18269300
2 101 2 101 0.03817870
2 151 2 151 0.04222780
11 88 11 87 0.00297843
22 81 22 82 0.00250600
22 81 22 78 0.00222475
32 76 32 73 0.25560300
32 76 31 74 0.00157228
32 73 32 73 0.04628130
32 75 32 73 0.00374712
32 75 32 72 0.06667050
45 64 44 62 0.00734132
45 64 45 61 0.53104200
