31 118 31 118 0.17451001
69 86 66 83 0.19231673
69 86 66 84 0.03807083
69 86 61 78 0.00485601
69 86 61 77 0.00093495
69 86 64 86 0.01007467
69 86 68 81 0.00213860
69 86 65 84 0.00415644
69 86 65 83 0.00123809
69 86 65 85 0.00202218
69 86 62 80 0.00052971
74 83 71 80 0.07366063
74 82 71 78 0.00072777
74 82 71 80 0.00998755
74 82 69 80 0.00359210
74 82 69 77 0.01088431
74 82 67 75 0.00074259
74 82 70 79 0.00177567
74 78 73 78 0.00537346
58 97 49 89 0.00420939
58 97 53 97 0.04978782
58 97 58 92 0.00242932
58 97 54 96 0.03008765
58 97 50 88 0.00162885
58 97 50 97 0.00162833
58 97 56 94 0.00206678
48 103 48 103 0.01571652
48 103 45 103 0.00050088
48 107 48 103 0.00179531
48 107 45 105 0.00130137
48 107 42 108 0.00263053
48 107 42 107 0.03385852
48 107 43 106 0.01508518
48 107 43 107 0.03347461
48 107 44 105 0.00125816
48 105 45 105 0.00159852
48 105 45 104 0.07344626
48 105 45 103 0.00058780
48 105 48 103 0.00825971
48 104 45 103 0.00339803
48 104 45 104 0.00628423
122 152 122 152 0.33279989
75 82 72 79 0.11326993
36 112 36 113 0.00186363
36 112 37 112 0.00058798
36 113 36 113 0.13144366
36 115 34 115 0.00141846
36 115 36 113 0.02938069
134 139 134 139 0.11775484
51 104 44 105 0.00053399
51 104 49 102 0.00850643
51 104 45 104 0.03438007
51 104 48 103 0.15416194
60 95 57 93 0.20137980
60 95 56 94 0.00246714
60 95 58 92 0.00209457
60 95 51 87 0.00063314
130 144 130 144 0.21993695
38 114 35 114 0.16555089
9 25 9 24 0.01131378
52 103 49 102 0.14805569
52 103 50 100 0.00102024
52 103 48 103 0.00546953
52 103 52 98 0.00480294
2 117 2 117 0.00182269
132 139 132 139 0.05696515
16 25 16 25 0.00467695
49 106 43 107 0.00054475
49 106 43 106 0.02413069
49 106 44 105 0.01694799
49 106 49 102 0.00477862
49 106 45 104 0.00195442
133 139 133 139 0.06422317
67 88 66 83 0.00170875
67 88 60 81 0.00078628
67 88 59 80 0.00543207
67 88 64 86 0.04318159
67 88 63 86 0.00445195
67 88 63 87 0.00272105
76 81 73 78 0.05732398
76 80 71 78 0.00072474
76 80 73 78 0.00372487
124 150 124 150 0.33551766
71 79 72 79 0.00076694
71 79 71 80 0.00173619
71 81 68 78 0.00921767
71 80 71 80 0.06696072
44 105 44 103 0.00102667
44 105 44 105 0.03874116
44 107 41 107 0.00914439
44 107 41 106 0.12457795
44 107 44 105 0.02770906
121 153 117 153 0.00289837
14 27 14 27 0.00401359
14 18 14 18 0.07233564
47 108 42 107 0.00852270
47 108 42 108 0.02766081
47 108 43 106 0.00055020
47 106 44 105 0.15977413
47 106 44 104 0.00139037
47 106 45 104 0.00088435
129 145 129 145 0.58949313
15 26 15 26 0.01667492
73 77 73 78 0.00143807
73 81 70 79 0.00222937
73 79 70 76 0.08459574
73 79 72 79 0.00509701
72 82 69 80 0.00792806
72 83 67 79 0.00068504
72 83 65 76 0.00079965
72 83 63 74 0.00052641
72 83 71 78 0.00056496
72 83 69 80 0.12999675
72 83 64 74 0.00074872
72 83 68 81 0.00459650
72 78 73 78 0.00078216
72 78 72 79 0.00144624
72 84 69 80 0.00077919
72 84 68 81 0.00230985
72 84 67 79 0.00539597
125 149 125 149 0.27730239
43 106 43 106 0.03998392
43 108 40 107 0.06564448
43 108 43 106 0.03439473
43 108 43 107 0.00051035
13 19 13 19 0.03618860
13 20 13 20 0.10850224
13 28 13 27 0.00054291
66 89 66 84 0.00268819
66 89 58 80 0.00060488
66 89 58 81 0.00541160
66 89 59 86 0.00083128
66 89 63 87 0.02838211
66 89 63 86 0.04998501
66 89 62 87 0.00459775
66 89 65 84 0.00175001
123 151 123 151 0.43911693
61 94 57 93 0.00148299
61 94 59 91 0.00170325
61 94 58 92 0.18764911
7 27 7 26 0.01105095
10 24 10 23 0.01150466
10 23 10 23 0.23565504
45 109 39 109 0.00424136
45 109 39 110 0.00775606
45 109 42 108 0.00067288
45 109 42 107 0.00326472
45 109 45 105 0.00227464
45 109 45 104 0.00204161
45 109 41 107 0.00118846
45 107 42 108 0.00061744
45 107 42 106 0.02798872
45 107 42 107 0.01153219
45 107 45 105 0.00249404
45 105 45 105 0.00483497
45 105 45 103 0.00321207
45 104 45 104 0.06916581
55 100 53 97 0.00241642
55 100 52 98 0.20235970
55 100 50 100 0.04786542
55 100 48 99 0.00117851
55 100 47 91 0.00159176
55 100 46 92 0.00413871
64 91 55 83 0.00129991
64 91 59 91 0.04812110
64 91 64 86 0.00372457
64 91 63 86 0.00197133
64 91 57 88 0.00277852
11 22 11 22 0.17131550
35 113 35 114 0.00132751
35 117 32 117 0.13448735
12 29 12 28 0.00753210
34 118 31 118 0.17885107
34 115 34 115 0.12229029
34 117 34 115 0.00399981
70 85 66 84 0.00108915
70 85 66 83 0.00415565
70 85 66 82 0.00186725
70 85 65 85 0.02139384
70 85 65 82 0.00103405
70 85 65 83 0.00195876
70 85 65 84 0.00084072
70 85 62 77 0.00492859
70 85 63 78 0.00131090
70 85 69 80 0.00207907
68 87 64 86 0.00303061
68 87 65 85 0.04296873
68 87 65 84 0.19424108
68 87 63 87 0.03568728
68 87 60 78 0.00069916
57 98 54 96 0.17451832
57 98 50 97 0.00113307
57 98 57 93 0.00728855
57 98 52 98 0.06198260
57 98 53 97 0.01233672
57 98 56 94 0.00053200
57 98 48 90 0.00527078
57 98 49 98 0.00207061
57 98 49 89 0.00203476
37 114 35 114 0.00274839
37 114 37 112 0.02960895
37 114 34 115 0.01166400
54 101 52 98 0.00231938
54 101 50 100 0.00086256
50 104 49 102 0.00420823
42 109 42 108 0.00101953
42 109 42 107 0.05564250
42 109 42 109 0.10042993
42 109 39 110 0.00953487
42 109 39 109 0.05243893
42 109 39 108 0.10910871
42 107 42 108 0.00206138
42 107 42 107 0.06293701
56 99 49 98 0.00084686
56 99 52 98 0.00804853
56 99 53 97 0.20439791
56 99 54 96 0.00251900
56 99 56 94 0.00342432
56 99 47 91 0.00362379
56 99 48 90 0.00139444
56 99 48 99 0.00138604
1 118 1 118 0.02306592
46 108 43 106 0.00063833
46 106 45 104 0.00074811
46 106 43 106 0.00691420
40 111 38 111 0.00359859
40 111 37 112 0.01269553
40 112 37 112 0.15933284
131 143 131 143 0.20915098
41 111 38 111 0.14905191
41 110 39 110 0.00123097
41 110 38 111 0.01242707
65 90 58 87 0.00426048
65 90 63 87 0.00114313
65 90 62 87 0.19342837
65 90 57 82 0.00770715
65 90 65 85 0.00146739
62 93 55 90 0.00244004
62 93 53 85 0.00158018
62 93 54 84 0.00053989
62 93 59 91 0.19745740
62 93 58 92 0.01540303
62 93 57 93 0.03468123
39 112 36 113 0.00818593
39 112 37 112 0.00351398
39 112 39 110 0.05263616
39 113 36 113 0.07323886
32 117 32 117 0.09336794
32 120 29 120 0.18404265
33 119 30 119 0.13426183
59 96 57 93 0.00262059
59 96 56 94 0.13138541
59 96 54 96 0.00063025
6 29 6 27 0.00074225
6 28 6 27 0.01029016
