83 83 0.79563800
155 155 0.51350600
146 146 0.24248800
146 147 0.00646290
113 113 0.73496600
52 52 0.67455800
127 127 0.55644500
106 106 0.73496600
128 128 0.83812100
128 129 0.00285738
144 144 0.62267200
144 145 0.00068140
95 95 0.68704200
134 134 0.86607600
134 133 0.00061223
47 47 0.75974600
40 40 0.82692600
27 27 0.82692400
133 132 0.00116887
133 133 0.74090500
129 129 0.71162400
129 130 0.00213855
129 128 0.00099042
122 122 0.55627400
72 72 0.63948500
78 78 0.68279400
151 151 0.31228500
28 28 0.75278100
143 143 0.85715000
143 144 0.00108212
107 107 0.63954400
29 29 0.75825300
121 121 0.59858800
79 79 0.73755200
86 86 0.37430400
130 129 0.00185747
130 130 0.63100400
130 131 0.00244815
44 44 0.06624400
74 74 0.64258600
97 97 0.73883900
158 158 0.78844300
157 157 0.66443700
149 150 0.00400807
149 149 0.89073700
120 120 0.99987900
137 137 0.66604700
142 142 0.85835200
25 25 0.82594500
110 110 0.99997600
50 50 0.84352700
18 18 0.76357000
77 77 0.65172700
159 159 0.71541200
51 51 0.77598400
101 101 0.65172500
67 67 0.73494900
138 138 0.72547100
58 58 0.54892100
118 118 0.99993300
82 82 0.68707600
136 136 0.70558600
53 53 0.84246600
19 19 0.73075700
49 49 0.74515900
3 3 0.63128600
12 12 0.71414200
99 99 0.73755500
84 84 0.99974600
156 156 0.56598400
111 111 0.99997600
64 64 0.23267500
98 98 0.99998400
154 154 0.62563300
10 10 0.73991600
48 48 0.78939300
14 14 0.71387000
112 112 0.99997900
131 132 0.00352942
131 130 0.00259179
131 131 0.83831000
31 31 0.99814300
91 91 0.37441400
35 35 0.99799000
45 45 0.89495900
20 20 0.89488700
66 66 0.72043400
85 85 0.76593000
63 63 0.76251100
125 125 0.54817700
5 5 0.63510900
140 140 0.75605900
135 135 0.66759700
145 146 0.00074745
145 145 0.63239100
93 93 0.99970500
114 114 0.72043700
62 62 0.39331700
61 61 0.59859800
9 9 0.75097800
103 103 0.99998400
39 39 0.75278900
32 32 0.99813900
36 36 0.99809200
108 108 0.99996400
6 6 0.73659000
59 59 0.29153000
124 124 0.54892400
92 92 0.76598100
54 54 0.84246900
81 81 0.65774400
13 13 0.69923400
41 41 0.75011200
2 2 0.48823100
69 69 0.99995300
56 56 0.02577000
21 21 0.89496000
55 55 0.55678600
1 1 0.96668000
11 11 0.71675800
132 133 0.00281267
132 131 0.00339895
132 132 0.83282000
34 34 0.99809300
75 75 0.99989900
141 141 0.70058900
87 87 0.99976100
8 8 0.83019400
116 116 0.23265300
17 17 0.69139300
42 42 0.82594100
119 119 0.39328100
139 139 0.90770300
15 15 0.68877300
30 30 0.99812600
90 90 0.99984600
37 37 0.99813200
89 89 0.99979800
117 117 0.76249600
60 60 0.55627600
22 22 0.89500400
126 126 0.02575400
88 88 0.99978700
150 151 0.00199818
150 150 0.85627800
46 46 0.89493900
71 71 0.99981100
123 123 0.29154300
57 57 0.54817900
16 16 0.81468000
153 153 0.40036700
109 109 0.99996400
152 152 0.51771200
24 24 0.78849200
65 65 0.61931500
94 94 0.79561200
7 7 0.71197400
38 38 0.75826900
73 73 0.73495900
115 115 0.61930900
70 70 0.99989800
100 100 0.68279000
148 148 0.89035000
148 149 0.00616254
68 68 0.99992600
104 104 0.99998500
147 148 0.00674902
147 147 0.89821600
4 4 0.69607100
26 26 0.75011100
80 80 0.73884100
76 76 0.99997200
43 43 0.78848300
105 105 0.64259900
23 23 0.06626730
102 102 0.99998200
33 33 0.99813600
96 96 0.65772900
