16 16 0.91046200
153 152 0.72018900
153 153 0.16790000
109 109 0.47459600
152 151 0.76107500
152 152 0.11064800
71 71 0.99779200
57 57 0.97894700
123 123 0.97903800
150 149 0.73200400
150 150 0.14862800
46 45 0.00128289
46 46 0.97774200
88 88 0.99967200
126 126 0.97783800
126 125 0.00059786
22 22 0.89202400
117 117 0.87141600
117 118 0.00090894
60 60 0.97903200
15 15 0.18726300
90 90 0.99968200
30 30 0.97901600
89 89 0.99968800
37 37 0.97906600
96 96 0.48831500
43 43 0.97460600
43 42 0.00365020
105 105 0.01597780
102 102 0.99997700
33 33 0.97907600
23 23 0.84994900
80 80 0.34608700
76 76 0.50999700
4 4 0.94027000
26 26 0.97899500
100 100 0.50666100
148 147 0.67239800
148 148 0.14735800
104 104 0.55970800
147 146 0.33602600
147 147 0.12191100
68 68 0.46257600
73 73 0.55918800
38 38 0.97893800
70 70 0.47460200
115 114 0.00259968
115 116 0.00210264
115 115 0.97492400
24 24 0.28310700
65 65 0.98007300
94 94 0.39431700
7 7 0.80444600
59 59 0.97894600
62 62 0.98103900
61 61 0.87348500
9 9 0.76976300
39 39 0.97835800
36 36 0.97908400
32 32 0.97899500
103 103 0.50999500
108 108 0.99781200
6 6 0.88914000
114 113 0.00194614
114 115 0.00233201
114 114 0.97489200
145 145 0.10088400
145 144 0.75381100
93 93 0.62860100
135 135 0.65644700
135 134 0.00869682
85 85 0.81829000
125 125 0.97826600
63 63 0.98082700
5 5 0.87867300
140 140 0.39142400
140 139 0.19459200
45 45 0.97659300
45 44 0.00237795
20 20 0.73679100
66 66 0.98008300
42 42 0.97478600
42 41 0.00231299
42 43 0.00055605
119 119 0.97880000
139 138 0.30797300
139 139 0.42508600
139 140 0.00056183
8 8 0.73104900
87 87 0.62887900
116 117 0.00147061
116 116 0.97698100
116 115 0.00138578
17 17 0.91260000
132 132 0.19224700
132 131 0.05165510
34 34 0.97908500
75 75 0.55970900
141 141 0.16514700
141 140 0.36742300
11 11 0.28866500
1 1 0.96325900
56 56 0.97895100
21 21 0.86753500
55 55 0.97905300
41 40 0.00090467
41 41 0.97665500
2 2 0.80651000
69 69 0.45905500
124 124 0.97887900
54 54 0.97900900
92 92 0.99931200
13 13 0.87311600
81 81 0.64636800
67 67 0.98008600
138 138 0.58288200
138 137 0.24266200
118 118 0.97770300
58 58 0.97894600
101 101 0.01971250
159 159 0.84659700
159 158 0.14860300
51 51 0.97882100
50 50 0.97873300
18 18 0.91744100
77 77 0.01971400
110 110 0.45901300
25 25 0.97907500
35 35 0.97902500
131 130 0.04396240
131 131 0.86048700
91 91 0.73671600
31 31 0.97906300
14 14 0.75672800
112 112 0.97784400
112 113 0.00091471
10 10 0.73715500
48 48 0.97902900
64 64 0.98010600
98 98 0.93807800
154 153 0.09233330
154 154 0.14975100
154 155 0.00139665
156 157 0.00305007
156 156 0.10878400
156 155 0.10260100
111 111 0.46206900
3 3 0.64012400
49 49 0.97890700
12 12 0.71014000
99 99 0.56954300
84 84 0.79900600
82 82 0.66554900
53 53 0.97893700
19 19 0.89003400
136 136 0.41780100
136 135 0.12121100
47 47 0.97889900
40 40 0.97813100
40 39 0.00061368
27 27 0.97906100
134 133 0.05987510
134 134 0.58031400
95 95 0.51169500
52 52 0.97889400
128 127 0.00129706
128 128 0.96595200
106 106 0.55918800
127 127 0.97742600
127 126 0.00103917
144 144 0.15263700
144 143 0.74037300
113 112 0.00121766
113 114 0.00159485
113 113 0.97636200
146 145 0.75629200
146 146 0.04640940
83 83 0.80320300
155 155 0.23434100
155 156 0.00319506
155 154 0.43580300
137 137 0.45087100
137 136 0.14034000
142 142 0.18828000
142 141 0.62491800
158 159 0.00416720
158 158 0.66074800
158 157 0.33033100
157 157 0.32299300
157 156 0.32415600
157 158 0.00619841
149 149 0.14693600
149 148 0.66689300
120 120 0.97895000
44 43 0.00336919
44 44 0.97519100
74 74 0.01597770
97 97 0.34609900
86 86 0.33620800
130 130 0.90243100
130 129 0.03639890
121 121 0.97898200
29 29 0.97890600
79 79 0.56953800
28 28 0.97901600
143 142 0.72885700
143 143 0.14282700
107 107 0.44759100
151 150 0.76965900
151 151 0.15823200
78 78 0.50666100
133 132 0.05271960
133 133 0.70732300
129 128 0.00597496
129 129 0.91343000
72 72 0.44757000
122 122 0.97901600
