18 18 0.71547875
18 19 0.01071509
18 17 0.00376864
46 46 0.87721729
54 54 0.60641007
54 53 0.00085574
54 55 0.00286618
139 137 0.03330378
139 139 0.31240121
139 135 0.01774814
139 138 0.15747028
139 140 0.09025405
139 136 0.00546749
17 17 0.89139254
17 18 0.01068889
17 16 0.04458150
57 56 0.00102742
57 57 0.95044631
57 58 0.00566799
26 26 0.78859610
26 27 0.01688957
97 93 0.01320477
97 97 0.49314720
97 94 0.11931231
97 96 0.00275482
97 95 0.01264664
116 114 0.00146206
116 113 0.00548690
116 116 0.59216614
48 48 0.84431122
31 32 0.01383278
31 31 0.86725453
49 49 0.86352455
49 48 0.00066871
49 50 0.00068996
7 7 0.64011765
7 6 0.04873456
4 4 0.39509496
35 36 0.00116712
35 35 0.80415320
34 34 0.53915487
34 35 0.00194153
105 101 0.00218715
105 104 0.00076503
105 105 0.54156939
105 102 0.00762332
105 103 0.00237921
94 91 0.01023955
94 90 0.03673873
94 94 0.49440725
94 93 0.02727348
94 92 0.03549568
145 146 0.02229516
145 145 0.04999957
145 142 0.00216533
145 144 0.12601135
145 143 0.00162564
145 141 0.01687546
86 83 0.04550480
86 86 0.48613443
86 87 0.00210542
86 85 0.02482332
86 84 0.00250175
69 71 0.00324180
69 69 0.57990764
69 68 0.00171456
69 70 0.13097873
28 28 0.80050427
28 29 0.01584025
6 6 0.35616365
106 102 0.01154801
106 106 0.53304455
106 104 0.00137587
106 103 0.09023299
100 99 0.01385563
100 98 0.00145884
100 97 0.11206479
100 100 0.49168861
100 96 0.03019304
89 88 0.02583773
89 85 0.02061875
89 86 0.01749636
89 89 0.51048123
89 87 0.00266509
150 148 0.00158508
150 151 0.00988997
150 152 0.00060238
150 146 0.01405031
150 150 0.43819981
150 149 0.16459536
47 47 0.84529505
146 146 0.21206639
146 142 0.02260758
146 145 0.11845691
146 144 0.00117742
146 143 0.00314263
146 147 0.00340118
103 99 0.02481415
103 103 0.51649282
103 102 0.01899834
103 100 0.10171042
103 101 0.00064948
128 128 0.42172277
128 125 0.03837419
128 126 0.03715325
128 129 0.00068170
128 124 0.00801479
128 127 0.01130943
37 37 0.93279606
37 36 0.00237199
143 141 0.01479592
143 140 0.00376708
143 142 0.29537449
143 144 0.03171770
143 139 0.03771783
143 143 0.26490990
30 31 0.01504961
30 30 0.93826646
132 133 0.00061687
132 129 0.01302094
132 132 0.51278685
132 128 0.00255496
132 130 0.00978203
3 3 0.24029854
138 137 0.09651620
138 139 0.09405082
138 135 0.00895374
138 134 0.00516348
138 136 0.01201558
138 138 0.32771317
123 123 0.50359361
123 121 0.00901194
123 120 0.00779327
55 56 0.00344916
55 55 0.69416799
55 54 0.00085966
29 29 0.78614800
29 30 0.01599562
92 89 0.01796173
92 91 0.01325452
92 90 0.01406151
92 88 0.03887536
92 92 0.50025661
77 77 0.60840799
77 73 0.00089129
77 78 0.09217078
77 75 0.00156440
77 74 0.00066476
77 76 0.00237436
50 50 0.63241512
50 51 0.00158800
50 49 0.00121505
126 126 0.49979027
126 124 0.01095001
126 123 0.00223890
13 13 0.66022631
13 14 0.00296520
13 12 0.06484193
121 118 0.11672281
121 119 0.00163538
121 121 0.56942486
43 43 0.72668160
56 56 0.66065936
56 55 0.00085484
112 108 0.03987493
112 110 0.01106511
112 109 0.26248050
112 112 0.53417008
151 150 0.15963207
151 152 0.00908281
151 151 0.56609420
151 148 0.00050065
151 149 0.00482916
151 153 0.00138299
151 147 0.01008501
71 72 0.01253360
71 70 0.00250688
71 71 0.80857479
137 134 0.04639592
137 137 0.20634888
137 133 0.00417650
137 135 0.00162851
137 138 0.08958090
137 136 0.08754416
9 8 0.11306961
9 9 0.72370874
9 10 0.00080598
79 80 0.07438519
79 81 0.00083873
79 76 0.01378005
79 79 0.45822033
79 75 0.00306580
79 78 0.00392426
79 77 0.00306864
136 135 0.09572767
136 133 0.16136757
136 137 0.11137102
136 134 0.00997504
136 136 0.34519685
131 127 0.00358236
131 131 0.53932920
131 128 0.01137511
131 132 0.00050780
58 58 0.67470903
58 59 0.00051495
58 57 0.00121711
22 22 0.65073575
22 23 0.01411333
15 16 0.00433626
15 15 0.77097717
15 14 0.01566577
144 143 0.10536742
144 144 0.20832796
144 145 0.02423897
144 142 0.00337324
144 140 0.01330166
144 141 0.00207127
109 106 0.21152842
109 105 0.04669063
109 109 0.62541443
101 97 0.05393920
101 100 0.02446021
101 101 0.49201262
101 99 0.00796835
101 98 0.00616294
65 67 0.00071832
65 65 0.84663251
65 66 0.08799852
153 149 0.00203252
153 153 0.77869806
153 152 0.04337315
153 151 0.00978662
36 37 0.00069027
36 35 0.00074631
36 36 0.82951081
44 44 0.77073726
84 80 0.01102656
84 86 0.00084730
84 81 0.08005349
84 85 0.01378387
84 83 0.00614106
84 82 0.00551519
84 84 0.48741636
134 134 0.62200835
134 131 0.07185731
134 132 0.00057523
134 135 0.01070057
134 133 0.00484593
59 60 0.00637737
59 59 0.92331081
64 64 0.79790773
64 65 0.07421661
16 15 0.00467910
16 16 0.84092481
16 17 0.00737013
66 66 0.84517764
66 67 0.09844414
82 79 0.07905736
82 82 0.46650243
82 78 0.01002973
82 84 0.00167548
82 80 0.00933710
82 81 0.00626537
82 83 0.02700230
12 11 0.01488021
12 13 0.00155859
12 12 0.53888227
78 75 0.00266860
78 79 0.09122834
78 78 0.61721638
78 77 0.00358796
78 76 0.00659056
149 148 0.16418574
149 150 0.01083021
149 151 0.00070260
149 145 0.00186374
149 147 0.00123001
149 149 0.45812220
110 106 0.00098614
110 110 0.60726144
110 107 0.00326393
70 70 0.59638780
70 69 0.00166569
70 71 0.05008241
108 108 0.56018343
108 105 0.00310332
53 53 0.75658732
53 52 0.00093552
53 54 0.00227338
87 88 0.00102418
87 84 0.08552701
87 87 0.51266503
87 86 0.01824681
87 85 0.06215290
95 95 0.49419506
95 91 0.02254153
95 94 0.00103021
95 92 0.00146322
95 93 0.00564262
2 1 0.00384252
2 2 0.76615258
25 26 0.01680304
25 25 0.75326214
1 1 0.76406934
51 50 0.00114217
51 52 0.00232640
51 51 0.69485795
24 24 0.69932302
24 25 0.00609840
27 27 0.78654136
27 28 0.01702390
62 63 0.03186018
62 62 0.49662932
140 137 0.00058860
140 139 0.24622730
140 138 0.01995276
140 141 0.05591617
140 136 0.01120632
140 140 0.36447276
93 92 0.00312161
93 93 0.49602547
93 90 0.00308474
93 91 0.01362982
93 89 0.02047681
23 23 0.90265244
23 24 0.01504537
117 115 0.00128605
117 114 0.06424403
117 117 0.53570542
33 34 0.00690314
33 33 0.80913130
119 119 0.54457053
119 118 0.00347824
119 116 0.00637895
8 8 0.62825729
8 7 0.00336354
11 10 0.08776875
11 11 0.75430340
41 40 0.00264895
41 41 0.77647950
75 75 0.58501733
75 73 0.00095258
75 72 0.00053433
75 71 0.00166651
75 76 0.08417367
75 74 0.00182184
85 82 0.06082830
85 84 0.00634729
85 81 0.01029999
85 85 0.51014134
85 87 0.00052109
85 86 0.00797281
85 83 0.05652942
74 75 0.08215659
74 72 0.00172395
74 73 0.00082069
74 70 0.00446429
74 71 0.00114271
74 74 0.78817379
104 100 0.01471370
104 102 0.00328913
104 104 0.49269702
104 101 0.00434609
104 103 0.00678368
60 60 0.78246953
60 61 0.00608573
90 85 0.00247187
90 87 0.08490231
90 86 0.01955297
90 89 0.00353245
90 90 0.50129101
90 88 0.00302918
32 32 0.95029543
32 33 0.01268519
72 71 0.00132109
72 70 0.00097634
72 72 0.61485604
72 73 0.06276136
39 39 0.64333549
39 38 0.00278187
81 78 0.00358369
81 79 0.00386510
81 82 0.03217542
81 83 0.00162403
81 80 0.00482859
81 81 0.47628349
21 21 0.54583583
21 22 0.01163867
99 96 0.00330695
99 97 0.05114757
99 95 0.00682617
99 98 0.00266495
99 99 0.49202959
111 108 0.08042078
111 111 0.49887168
111 107 0.00396228
135 134 0.02271633
135 132 0.01801557
135 135 0.37775772
135 133 0.01001726
135 136 0.05848626
124 121 0.18143534
124 124 0.53750091
141 137 0.00136856
141 139 0.02441562
141 142 0.02694251
141 140 0.27187174
141 141 0.40940640
141 138 0.00329476
67 67 0.82602367
67 68 0.12524001
45 45 0.92031250
122 122 0.52625817
122 119 0.09716147
122 121 0.00075524
142 141 0.27756714
142 138 0.01728528
142 140 0.01999115
142 142 0.20910028
142 143 0.04009847
142 139 0.00371423
125 121 0.00090788
125 126 0.00051550
125 125 0.50719654
125 122 0.00534911
125 123 0.00062422
19 20 0.01080007
19 19 0.67937427
61 62 0.01396110
61 61 0.53055686
120 119 0.00103118
120 117 0.00259251
120 120 0.53461147
120 118 0.00254775
91 87 0.01570976
91 89 0.00229933
91 91 0.51876711
91 90 0.03048209
91 88 0.02809574
98 95 0.00245376
98 98 0.49258711
98 94 0.04050109
98 96 0.00608879
98 97 0.03465359
127 128 0.00069872
127 125 0.00170446
127 127 0.51316327
127 123 0.00475011
127 124 0.07242186
102 101 0.02071987
102 102 0.49837698
102 100 0.00120235
102 98 0.02993773
102 99 0.06219688
14 15 0.00383232
14 13 0.11067691
14 14 0.74591686
113 109 0.02024158
113 111 0.03128408
113 113 0.53356707
113 110 0.22897616
10 9 0.07642017
10 10 0.71319813
107 103 0.00065269
107 107 0.49872165
107 105 0.00057999
107 104 0.06609526
130 127 0.02165521
130 130 0.51155487
130 129 0.00123986
130 126 0.00390818
130 131 0.00052983
130 128 0.01724074
68 70 0.00257229
68 68 0.53814029
68 69 0.06988314
88 87 0.01510628
88 86 0.00426002
88 85 0.17984477
88 84 0.00393938
88 88 0.49169194
52 53 0.00223838
52 52 0.76534535
52 51 0.00130292
42 42 0.87786720
42 41 0.00241279
5 5 0.34457130
63 64 0.03399903
63 63 0.64133654
115 115 0.54912156
115 113 0.03623253
115 112 0.22948362
118 116 0.00247767
118 115 0.07022667
118 118 0.55093835
133 131 0.00429343
133 134 0.00635401
133 133 0.64728970
133 132 0.00081939
133 130 0.00332488
83 84 0.02032634
83 79 0.00123153
83 82 0.00656359
83 83 0.46949411
83 80 0.07655917
83 81 0.03621456
83 85 0.00123381
148 147 0.17872193
148 149 0.02085018
148 148 0.31469762
148 144 0.00835612
148 145 0.00152782
148 150 0.00148902
148 146 0.00121395
38 38 0.70592911
38 37 0.00263225
20 21 0.01147038
20 20 0.73177699
40 39 0.00256735
40 40 0.72348028
80 77 0.02326354
80 78 0.00306628
80 79 0.00725381
80 82 0.00156880
80 76 0.00160758
80 81 0.03736551
80 80 0.45755285
152 153 0.00814947
152 151 0.09495868
152 150 0.00931688
152 152 0.71783993
152 148 0.00430883
114 112 0.00073116
114 114 0.50132143
114 111 0.00428655
114 110 0.00053121
76 75 0.00179237
76 77 0.08928670
76 72 0.00157732
76 73 0.00053681
76 74 0.00101366
76 76 0.61719417
129 130 0.00057445
129 127 0.02045305
129 128 0.00242124
129 126 0.00885626
129 125 0.00133014
129 129 0.43797901
96 92 0.00918826
96 93 0.00230569
96 94 0.02402395
96 96 0.49342120
96 95 0.00119375
73 74 0.08864558
73 71 0.00065235
73 72 0.00056786
73 73 0.44493710
147 144 0.00131044
147 148 0.00283401
147 143 0.01216093
147 146 0.26993609
147 145 0.00050831
147 147 0.07683013
