27 26 0.09153280
27 27 0.52375700
31 29 0.00172226
31 30 0.24461200
31 31 0.18799200
131 127 0.03316710
131 128 0.11049000
131 129 0.00392656
131 126 0.67223200
58 57 0.02671480
58 56 0.02589760
58 58 0.00885186
55 54 0.38507700
55 53 0.15976600
55 55 0.00622182
15 15 0.96994600
37 37 0.24146400
37 35 0.00062779
37 36 0.71286500
132 126 0.00141560
132 127 0.40198500
132 128 0.12681300
132 129 0.45087200
10 10 0.72944100
26 26 0.84934300
26 25 0.04251090
81 78 0.02117280
81 79 0.02646590
81 81 0.00675318
121 117 0.03145910
121 116 0.64891800
11 11 0.98675200
83 81 0.51286200
35 35 0.23270000
35 34 0.56125500
99 96 0.03676980
99 98 0.03773150
99 97 0.82811200
51 50 0.05651140
51 49 0.13199700
51 51 0.00082373
118 113 0.02227280
118 114 0.01290830
125 121 0.00126606
125 120 0.02167080
125 122 0.00080428
94 92 0.48923200
94 91 0.01715760
94 93 0.00255762
106 101 0.11515900
106 104 0.59825100
106 103 0.07289870
106 102 0.03687590
1 1 0.99992200
33 32 0.26146500
33 33 0.01451450
45 45 0.00264712
45 44 0.94094700
93 90 0.00844541
93 91 0.03943240
38 38 0.15156700
38 37 0.70479300
54 51 0.00109466
54 52 0.14818100
54 54 0.00652083
54 53 0.62789500
53 51 0.11710600
53 52 0.04671600
53 53 0.00214535
42 41 0.55979700
42 42 0.08127410
128 124 0.01530540
128 125 0.01620370
128 123 0.73786200
128 128 0.00119680
107 105 0.57359700
107 103 0.04254330
107 102 0.17499500
107 104 0.09446760
117 112 0.45130400
117 113 0.02174510
46 46 0.00153850
46 45 0.79818600
12 12 0.96606800
130 126 0.01431650
130 125 0.06464390
130 127 0.05533630
130 129 0.00379216
74 74 0.01222110
74 72 0.96822400
126 121 0.04678100
126 122 0.01272700
126 123 0.00153104
119 115 0.03425900
119 114 0.02895640
97 94 0.00293773
97 95 0.14248400
40 39 0.02216880
40 40 0.08295910
13 13 0.89941900
88 85 0.00067243
88 86 0.43412900
90 89 0.00084257
90 87 0.03230180
90 88 0.64770600
70 70 0.01190010
70 68 0.96845800
68 66 0.96856100
68 68 0.01188600
109 106 0.11046000
109 104 0.02327500
109 107 0.54257000
109 105 0.00446416
101 99 0.52592200
101 98 0.03898770
101 100 0.01406670
22 22 0.41434900
28 27 0.15539800
28 26 0.00120678
28 28 0.39895800
67 66 0.00073790
67 65 0.96851900
67 67 0.01166910
91 90 0.00294157
91 88 0.00204976
91 89 0.94165500
122 118 0.00063580
122 117 0.43467300
127 122 0.38747100
127 128 0.00076573
127 123 0.01822180
127 124 0.00299227
23 23 0.95420700
7 7 0.43899900
111 109 0.00959930
111 107 0.05959980
111 108 0.04460920
111 106 0.22252400
44 43 0.92984900
44 44 0.00250167
48 48 0.00078878
48 46 0.00255984
48 47 0.60163700
32 32 0.03676580
32 31 0.03916540
14 14 0.96983800
84 81 0.00212619
84 82 0.08811810
60 58 0.96240000
60 60 0.00923786
60 59 0.00358351
43 43 0.01221290
43 42 0.86036400
16 16 0.97000100
102 101 0.01020540
102 99 0.00876491
102 100 0.15436200
29 27 0.00870860
29 29 0.31252800
29 28 0.03379880
50 48 0.04366690
50 49 0.30460100
98 97 0.01573440
98 95 0.00055649
98 96 0.18845700
120 115 0.94333200
120 116 0.00160367
6 6 0.97822800
78 76 0.96251400
78 78 0.01256110
52 50 0.06947020
52 52 0.00172921
52 51 0.26122000
73 73 0.01208590
73 71 0.04513270
75 75 0.01226190
75 73 0.02968730
113 108 0.22215900
113 110 0.00108052
113 111 0.00125055
113 109 0.00669843
39 38 0.70466500
39 39 0.03707950
39 37 0.00059278
21 21 0.62958400
49 48 0.37840300
49 49 0.00052463
49 47 0.02051110
104 102 0.67606000
104 103 0.00185205
104 100 0.00239195
104 101 0.03900260
104 99 0.00210345
56 55 0.01558440
56 54 0.19869300
56 53 0.00186683
56 56 0.00746201
18 18 0.96962700
8 8 0.72064500
66 65 0.00063766
66 66 0.01163990
66 64 0.04507570
65 65 0.01165410
65 63 0.96831300
65 64 0.00058601
115 111 0.00671789
115 110 0.29644100
115 112 0.00061915
110 108 0.03119290
110 107 0.12428100
110 106 0.05710060
110 105 0.01144970
92 90 0.02846700
92 89 0.03193340
92 91 0.00500518
80 78 0.96188400
80 80 0.00825355
80 77 0.00112115
41 40 0.18926200
41 41 0.15529200
63 61 0.54303300
63 62 0.00093996
63 63 0.01135010
20 20 0.96287300
124 120 0.00102765
124 119 0.01629710
69 67 0.96843800
69 69 0.01190940
59 59 0.00903329
59 57 0.95966300
59 58 0.00412165
77 75 0.02466780
77 77 0.01234630
108 106 0.01333590
108 103 0.19667000
108 104 0.00295977
108 105 0.00389104
17 17 0.97003600
71 69 0.96866000
71 71 0.01203490
82 79 0.00070157
82 82 0.00053284
82 80 0.03427080
9 9 0.98295700
34 33 0.02569420
34 34 0.17783500
47 45 0.00119132
47 47 0.00082320
47 46 0.73361000
105 101 0.00515840
105 100 0.05329320
105 103 0.62939100
105 102 0.04932560
105 104 0.00078202
24 23 0.00204103
24 24 0.27147700
5 5 0.32085800
114 109 0.00790245
114 111 0.00897126
114 110 0.00714586
30 30 0.18356600
30 29 0.45684300
30 28 0.00090475
25 24 0.00384300
25 25 0.70786300
2 2 0.85930600
100 98 0.33781500
100 97 0.01363160
100 99 0.00574957
72 70 0.96879100
72 72 0.01204990
62 62 0.01107920
62 60 0.02476990
62 61 0.00124331
85 82 0.00060649
85 83 0.02181680
116 113 0.00181273
116 111 0.03767940
116 112 0.03751550
19 19 0.71161700
36 36 0.23587400
36 35 0.72052400
112 109 0.04716890
112 110 0.00324664
112 108 0.07322730
112 107 0.22503500
86 83 0.00110903
86 84 0.01638340
103 100 0.03695830
103 102 0.00623635
103 101 0.77397100
129 129 0.00064471
129 128 0.00631510
129 125 0.02153490
129 126 0.02647250
129 124 0.38380500
123 118 0.03187400
61 60 0.00162757
61 59 0.96279400
61 61 0.01080440
79 77 0.96207600
79 79 0.01266310
79 76 0.00081539
89 87 0.94485300
89 86 0.03213100
87 85 0.03192830
4 4 0.79614700
3 3 0.44274600
95 94 0.00728581
95 93 0.90104600
95 92 0.01746850
96 95 0.00427066
96 93 0.00087615
96 94 0.03985990
76 76 0.01230330
76 74 0.54297900
64 63 0.00073544
64 62 0.02972850
64 64 0.01161960
57 55 0.02441710
57 57 0.00867987
57 56 0.00569804
57 54 0.00060343
