49 106 49 106 0.28543200
49 108 49 108 0.00176039
49 115 49 115 0.00129947
133 139 133 139 0.11098800
133 141 133 141 0.28409600
67 88 67 88 0.60507100
76 81 76 81 0.24041200
76 80 76 80 0.16831800
124 150 124 150 0.70957300
71 81 71 81 0.01257110
71 79 71 79 0.00852673
44 105 44 105 0.00732704
44 107 44 107 0.43556100
121 153 121 153 0.60507300
14 18 14 18 0.25970200
47 117 47 117 0.00146873
47 106 47 106 0.20237000
47 108 47 108 0.06560970
129 145 129 145 0.60507300
108 114 108 114 0.00533600
108 116 108 116 0.00155174
15 19 15 19 0.16614400
73 80 73 80 0.03719500
73 81 73 81 0.15973100
73 79 73 79 0.08168250
72 84 72 84 0.20487100
72 83 72 83 0.18454800
72 82 72 82 0.17214500
125 149 125 149 0.65172600
120 154 120 154 0.48451700
31 118 31 118 0.01397580
74 84 74 84 0.01555120
74 82 74 82 0.14834200
74 83 74 83 0.13467000
69 86 69 86 0.60507300
63 93 63 93 0.07594280
58 97 58 97 0.70957300
48 116 48 116 0.00163953
48 103 48 103 0.00624335
48 109 48 109 0.00092579
48 107 48 107 0.14638200
48 105 48 105 0.25020000
48 104 48 104 0.00808720
122 152 122 152 0.70957300
107 117 107 117 0.00053579
107 113 107 113 0.00099121
107 115 107 115 0.00356176
36 44 36 44 0.00069645
36 113 36 113 0.03913420
36 118 36 118 0.00537672
36 51 36 51 0.00110913
36 111 36 111 0.00284695
36 117 36 117 0.02945780
36 110 36 110 0.00380847
36 115 36 115 0.14191000
36 48 36 48 0.00118235
36 112 36 112 0.00666164
134 139 134 139 0.41511300
134 141 134 141 0.05020390
51 104 51 104 0.46992700
60 95 60 95 0.66670200
110 116 110 116 0.00237966
110 114 110 114 0.00580525
130 144 130 144 0.70957200
38 116 38 116 0.02482300
38 46 38 46 0.00559025
38 119 38 119 0.00228589
38 49 38 49 0.00162077
38 114 38 114 0.16100300
52 103 52 103 0.59501200
52 105 52 105 0.05040780
9 25 9 25 0.70681700
5 29 5 29 0.60507200
8 26 8 26 0.70957100
2 33 2 33 0.07983320
2 37 2 37 0.00177654
2 117 2 117 0.00461900
132 139 132 139 0.01948080
132 141 132 141 0.31664000
42 116 42 116 0.00077016
42 47 42 47 0.00315611
42 107 42 107 0.00521602
42 109 42 109 0.64278700
42 49 42 49 0.00372795
53 104 53 104 0.04824430
56 99 56 99 0.60507300
1 118 1 118 0.01134650
1 33 1 33 0.06360950
1 38 1 38 0.00146561
46 108 46 108 0.00987700
46 118 46 118 0.00093626
46 106 46 106 0.11875600
128 146 128 146 0.60507200
40 44 40 44 0.00849406
40 117 40 117 0.00152759
40 111 40 111 0.61919600
40 112 40 112 0.03233220
106 116 106 116 0.00187665
131 143 131 143 0.70125900
118 155 118 155 0.01870410
41 111 41 111 0.00942342
41 48 41 48 0.00055162
41 108 41 108 0.00591322
41 50 41 50 0.00146794
41 110 41 110 0.54385000
62 93 62 93 0.61194900
39 115 39 115 0.00995028
39 45 39 45 0.00668972
39 113 39 113 0.09777590
39 112 39 112 0.53486600
39 118 39 118 0.00173038
39 48 39 48 0.00180895
3 32 3 32 0.07236690
3 31 3 31 0.60206200
3 36 3 36 0.00058522
127 147 127 147 0.60507100
32 115 32 115 0.00589686
32 117 32 117 0.02763320
32 118 32 118 0.01168270
32 120 32 120 0.24955300
59 96 59 96 0.60507200
33 119 33 119 0.47904900
33 114 33 114 0.00657828
33 116 33 116 0.03195510
6 28 6 28 0.66670100
43 106 43 106 0.00523659
43 108 43 108 0.58181500
43 48 43 48 0.01526840
105 117 105 117 0.00090808
105 113 105 113 0.00056077
105 111 105 111 0.00177664
4 31 4 31 0.02693780
4 30 4 30 0.68507700
13 19 13 19 0.09430060
13 20 13 20 0.52225700
61 94 61 94 0.60507200
123 151 123 151 0.66670400
66 89 66 89 0.60343300
7 27 7 27 0.70957000
10 23 10 23 0.10405400
10 24 10 24 0.76884300
45 107 45 107 0.08701920
45 109 45 109 0.00562286
45 105 45 105 0.02636120
45 104 45 104 0.00348241
55 100 55 100 0.70680600
64 91 64 91 0.64712400
11 22 11 22 0.70543400
109 117 109 117 0.00068275
109 113 109 113 0.01126860
109 115 109 115 0.00318260
35 112 35 112 0.00876804
35 52 35 52 0.00060747
35 117 35 117 0.47733800
35 115 35 115 0.05136940
35 118 35 118 0.01927740
35 111 35 111 0.00488862
35 113 35 113 0.01443470
35 44 35 44 0.00052045
12 20 12 20 0.04732500
12 21 12 21 0.57339400
34 112 34 112 0.00427356
34 118 34 118 0.47728600
34 115 34 115 0.03992900
34 113 34 113 0.01125890
34 117 34 117 0.02260210
70 85 70 85 0.60507100
68 87 68 87 0.70957300
57 98 57 98 0.66670400
104 112 104 112 0.00063480
37 109 37 109 0.00375362
37 43 37 43 0.00154956
37 114 37 114 0.18312700
37 49 37 49 0.00057177
37 116 37 116 0.05500710
37 47 37 47 0.00323384
54 103 54 103 0.04602540
54 101 54 101 0.66079100
50 114 50 114 0.00093752
50 104 50 104 0.08171080
