43 52 49 57 0.01653240
38 59 43 63 0.07425717
102 117 104 119 0.10718933
102 117 105 119 0.00249005
102 117 102 119 0.00123896
102 117 101 115 0.00050074
102 117 103 119 0.19719100
102 117 100 116 0.07043164
11 94 11 93 0.00117282
11 94 11 95 0.00176373
11 94 12 92 0.04164149
34 64 39 67 0.04898205
34 64 38 68 0.02603123
34 64 37 69 0.00352210
17 21 17 22 0.00121212
37 60 42 65 0.00446876
36 62 40 66 0.00527391
36 62 38 68 0.00134047
35 63 38 68 0.01054366
35 63 39 67 0.04865316
45 50 51 55 0.05753002
45 50 50 55 0.02546219
45 50 49 57 0.00111698
13 92 15 90 0.00537700
13 92 13 91 0.00196863
13 92 13 90 0.00064817
9 90 11 91 0.08838500
9 90 12 91 0.00087658
9 97 9 96 0.00059814
33 65 34 72 0.00083259
33 65 38 68 0.06415529
33 65 37 69 0.06287743
2 98 2 99 0.05000900
105 114 102 114 0.00071256
105 114 106 116 0.12828217
105 114 108 117 0.01227720
105 114 107 116 0.15004661
4 94 4 95 0.19353978
107 112 110 115 0.02323854
103 116 103 118 0.00061968
103 116 102 114 0.00063479
103 116 101 115 0.05756704
103 116 104 119 0.00979605
103 116 104 118 0.17039972
103 116 105 118 0.13087044
32 66 37 69 0.06723539
32 66 33 73 0.00118250
32 66 34 72 0.00145739
12 93 12 92 0.00419462
12 93 13 91 0.05295043
7 93 7 94 0.00459023
7 93 8 94 0.01116935
3 97 4 95 0.00077655
3 97 4 98 0.00356653
3 95 3 96 0.20846200
6 93 7 94 0.00275935
6 93 8 94 0.04958433
106 113 109 116 0.01929132
106 113 107 115 0.07322992
106 113 108 115 0.03718811
39 56 44 62 0.00065702
39 56 43 63 0.00064145
39 56 45 61 0.03539055
10 89 13 90 0.00619890
10 89 12 90 0.29726400
8 98 9 96 0.00525946
16 22 16 23 0.00126100
40 55 46 60 0.01950088
5 93 7 94 0.01598070
44 51 49 57 0.00056949
44 51 48 58 0.00132184
104 115 102 114 0.08961867
104 115 101 115 0.00056049
104 115 105 118 0.00992579
