7 147 5 144 0.00082864
7 147 7 144 0.00201588
105 109 101 106 0.00691398
105 109 101 107 0.00125253
61 95 58 92 0.33769548
62 94 59 91 0.39884049
14 142 13 139 0.00900227
3 149 3 146 0.00818373
3 156 2 153 0.00830163
63 93 60 90 0.48838751
63 93 61 89 0.01174207
13 143 12 140 0.01379823
13 146 10 143 0.03054995
13 146 11 143 0.04142633
8 152 6 149 0.13706855
8 152 8 147 0.00189250
8 153 5 150 0.09580161
66 90 63 87 0.50848342
66 90 64 86 0.00826718
47 52 44 49 0.00132487
47 53 44 50 0.00175594
35 49 32 46 0.00405037
35 48 32 45 0.00322724
35 51 32 48 0.11967241
35 50 32 47 0.07921476
68 88 66 84 0.00817338
68 88 65 85 0.49179308
34 56 31 53 0.02093307
24 57 21 54 0.32415106
24 41 24 41 0.00286779
24 39 24 41 0.01588289
24 39 25 40 0.00059094
30 51 27 48 0.02697527
101 113 99 109 0.00076912
101 113 97 111 0.00062412
101 113 98 110 0.35151676
44 51 41 48 0.00084300
44 50 41 47 0.00056804
118 131 115 128 0.14274138
71 85 68 82 0.49320323
71 85 69 81 0.00686327
73 80 70 77 0.06482184
73 81 70 78 0.01947847
73 82 70 79 0.12787166
73 82 72 79 0.00054556
72 84 69 81 0.38823664
72 83 69 80 0.06062925
115 134 112 131 0.09887759
115 135 112 132 0.07489300
58 98 55 95 0.24824428
69 87 67 83 0.00830111
69 87 66 84 0.79371190
117 132 114 129 0.18806652
31 50 28 47 0.01414570
31 40 28 37 0.15939141
31 51 28 48 0.01211159
119 130 116 127 0.17327163
29 38 26 35 0.00050163
29 38 28 37 0.00059868
29 56 26 53 0.01708084
98 115 95 112 0.00697420
116 133 113 130 0.17400075
116 134 113 131 0.01552970
10 150 9 146 0.00135314
10 150 10 145 0.00178078
10 150 8 147 0.22242358
2 156 2 153 0.30769475
2 156 2 151 0.00109006
2 155 1 152 0.00248631
36 50 33 47 0.09400868
36 51 33 48 0.01438117
36 47 33 44 0.00414158
36 49 33 46 0.09822861
36 48 33 45 0.00412113
37 49 34 46 0.08936675
37 48 34 45 0.10238981
37 46 34 43 0.00515725
37 47 34 44 0.00455062
37 50 34 47 0.01352725
100 114 98 110 0.00089910
100 114 97 111 0.44169207
120 129 117 126 0.27900888
45 50 42 47 0.00124704
32 53 29 50 0.04705267
32 39 29 36 0.05671619
32 52 29 49 0.02733676
32 54 29 51 0.02498131
4 154 2 151 0.00618938
4 154 4 151 0.11738324
17 142 13 139 0.00362339
39 49 36 46 0.00103335
39 48 36 45 0.01179212
39 47 36 44 0.08142021
39 46 36 43 0.16229025
27 38 27 38 0.00143544
27 130 24 127 0.00069764
1 157 1 154 0.31116911
6 154 4 151 0.24223890
6 154 6 149 0.00176897
6 154 5 150 0.00112736
6 154 2 151 0.03618345
74 79 71 76 0.13044712
74 83 72 79 0.00459110
74 83 71 80 0.07055116
70 86 67 83 0.50839944
70 86 68 82 0.00818792
12 147 9 144 0.02487594
12 148 10 145 0.20949894
12 148 11 145 0.01242823
16 143 12 140 0.00806208
25 56 22 53 0.20132538
25 38 25 40 0.00701933
23 131 20 128 0.00176309
23 29 20 26 0.00122761
23 46 23 43 0.00114229
65 91 63 87 0.00682630
65 91 62 88 0.39121244
9 151 8 147 0.00139638
9 151 6 148 0.01675511
9 151 9 146 0.00188321
9 152 6 149 0.03406009
64 92 61 89 0.39103824
64 92 62 88 0.00375878
67 89 65 85 0.01242581
67 89 64 86 0.79062708
40 45 37 42 0.23126738
104 110 100 107 0.00348172
104 110 100 108 0.00068287
104 110 101 107 0.32395506
104 110 101 106 0.05251007
103 111 100 107 0.02655376
103 111 100 108 0.52662075
5 155 1 152 0.03345042
5 155 4 151 0.00105014
5 155 5 150 0.00143662
38 48 35 45 0.07917894
38 49 35 46 0.01191770
38 47 35 44 0.10219094
38 46 35 43 0.00468392
38 50 35 47 0.00100689
102 112 99 109 0.44886834
102 112 98 110 0.00062850
22 59 20 56 0.00059867
22 134 20 131 0.00079765
33 56 30 53 0.00635497
33 38 30 35 0.03963233
