116 121 115 120 0.01037020
18 36 13 31 0.02835670
70 79 69 80 0.00124324
107 131 106 130 0.00509557
69 80 68 81 0.00156583
42 113 41 112 0.16719700
9 39 6 34 0.00061662
9 39 6 35 0.00073527
9 39 6 38 0.00156961
9 39 6 36 0.00059244
9 39 7 34 0.00099626
9 39 7 38 0.00304287
9 39 9 37 0.00095681
9 39 9 39 0.20916600
9 39 10 38 0.17999800
9 39 5 38 0.00100550
9 43 9 39 0.00086583
9 27 13 31 0.00281284
120 132 119 131 0.69834300
50 105 49 104 0.10206200
124 128 123 127 0.13372400
109 128 108 127 0.01784010
106 132 105 131 0.00816341
6 30 8 33 0.01465650
6 30 10 34 0.00227994
6 30 7 34 0.00349596
6 30 6 34 0.00106790
145 153 144 153 0.06212400
145 153 145 152 0.02022230
44 111 43 110 0.17492100
130 139 129 138 0.01094480
130 138 129 137 0.00309435
13 25 15 29 0.00517442
13 25 16 28 0.00077055
13 26 15 29 0.00647738
115 138 114 137 0.19900800
115 121 114 120 0.01893750
115 122 114 121 0.00762036
122 130 121 129 0.24121500
40 143 39 142 0.00624165
1 143 2 142 0.03347760
1 143 1 142 0.57150400
1 143 3 142 0.00200086
1 9 1 9 0.03166580
1 141 3 140 0.00307466
117 136 116 135 0.88879000
113 123 112 122 0.02698830
4 137 3 136 0.00165625
4 137 5 136 0.13890200
4 34 6 36 0.00293252
4 34 6 34 0.02610670
4 34 6 35 0.00156826
4 34 6 38 0.00128806
4 34 4 35 0.00456331
4 34 4 38 0.00556346
4 34 4 36 0.00139166
4 34 5 38 0.00337011
4 34 5 36 0.00073071
45 110 44 109 0.15460500
112 124 111 123 0.01359010
112 125 111 124 0.01452700
131 138 130 137 0.01305330
23 31 18 26 0.02730770
23 30 18 25 0.00094929
105 133 104 132 0.00798457
105 111 104 110 0.06703610
46 109 45 108 0.11173300
15 24 17 27 0.02096180
15 38 10 34 0.00210677
15 38 10 35 0.00050056
15 38 11 33 0.00547605
15 38 11 37 0.00126740
15 21 18 25 0.00214239
65 84 66 83 0.00054330
12 40 9 39 0.00096017
12 41 8 40 0.00266208
3 46 3 45 0.02314590
3 35 4 35 0.00133317
3 35 3 36 0.00095898
3 35 5 36 0.00054357
3 35 5 35 0.01422520
3 32 5 35 0.00093068
3 138 3 137 0.02351370
3 141 3 141 0.00078130
3 141 3 140 0.30620100
3 141 4 140 0.13725700
3 9 3 9 0.05582170
8 28 12 32 0.00339769
8 44 8 40 0.00085629
16 23 18 26 0.01348210
16 22 18 25 0.00663225
16 22 18 26 0.00766085
16 37 12 32 0.00232799
114 122 113 121 0.01863720
114 123 113 122 0.00744797
114 139 113 138 0.19321000
108 130 107 129 0.00662363
111 126 110 125 0.02691360
66 83 65 84 0.00154779
66 83 67 82 0.00078119
121 131 120 130 0.24000200
118 135 117 134 0.23713300
49 107 48 106 0.07936740
68 81 69 80 0.00080630
68 81 67 82 0.00053178
147 151 146 150 0.21156000
147 151 146 151 0.03090090
144 154 143 154 0.05712710
144 154 144 153 0.01233610
22 32 17 27 0.02883100
2 36 4 36 0.00626220
2 36 3 36 0.00062422
2 142 3 141 0.12056600
2 142 2 142 0.00338146
2 142 2 141 0.65767300
2 7 2 8 0.00384750
20 34 15 29 0.02871160
10 38 11 37 0.17811200
10 38 10 38 0.07036420
10 38 8 33 0.00140851
10 38 8 37 0.00187601
10 38 9 37 0.01661340
10 42 7 41 0.00121998
10 26 14 30 0.00521044
5 44 5 43 0.02825590
5 31 5 35 0.00278551
5 31 7 35 0.00158490
5 31 7 34 0.00943504
5 31 6 35 0.00727860
5 31 6 34 0.00107507
5 32 7 34 0.00064755
5 32 7 35 0.00150068
5 32 6 36 0.00198855
5 32 5 36 0.00136770
5 9 4 8 0.00224625
5 139 5 138 0.02844930
14 25 16 28 0.02017860
14 24 16 28 0.01033970
14 24 17 27 0.00099962
110 127 109 126 0.02561110
43 112 42 111 0.12663300
17 37 12 36 0.00115595
17 37 12 32 0.02437370
41 142 40 141 0.09926180
19 35 14 30 0.02871100
7 29 11 33 0.00459377
7 29 8 33 0.00599902
7 134 8 133 0.00170891
146 152 146 151 0.00890774
146 152 145 152 0.03567600
146 152 145 151 0.19282100
