46 50 49 54 0.00069143
46 50 47 51 0.00294401
114 120 117 123 0.41221600
111 123 114 126 0.54503300
112 122 115 125 0.62724600
110 124 113 127 0.83318500
39 49 42 53 0.00092172
39 49 44 52 0.00123227
39 49 44 54 0.03231840
39 49 40 50 0.06599580
39 49 40 52 0.45286800
39 49 43 53 0.00243938
41 47 46 52 0.00858116
41 47 44 51 0.00108177
41 47 44 50 0.09519730
41 47 42 48 0.07473620
118 123 121 126 0.02008360
109 126 112 129 0.32151500
106 129 109 132 0.16245200
107 128 110 131 0.93854200
42 46 47 51 0.03766400
42 46 43 48 0.01101220
42 46 46 50 0.01691730
40 48 39 51 0.00380794
40 48 44 52 0.01631900
40 48 44 51 0.00253133
40 48 41 51 0.39286800
40 48 45 53 0.02177590
117 124 120 127 0.00399870
45 51 46 52 0.01445840
45 51 48 55 0.00436623
115 120 118 123 0.11694600
