112 134 112 131 0.06222367
112 120 109 116 0.09551127
112 120 108 117 0.05125495
86 90 81 86 0.09829140
86 119 86 117 0.00241052
66 75 64 75 0.00262743
66 75 66 73 0.00235675
66 75 65 74 0.08350333
117 128 117 125 0.00524257
5 79 5 78 0.00111590
5 79 5 79 0.01317497
5 81 5 79 0.00280550
5 147 5 144 0.02845123
33 38 33 38 0.04788839
18 65 18 64 0.00329507
18 64 18 63 0.00266413
18 64 18 64 0.02399907
18 59 18 59 0.03564700
18 63 18 63 0.07436100
9 76 9 74 0.00235216
136 146 133 143 0.15931933
101 108 101 108 0.15282300
45 56 46 56 0.00062725
45 56 45 54 0.00181934
152 158 149 155 0.02522740
20 129 20 126 0.00268382
20 61 20 61 0.06139233
68 73 66 73 0.00114147
141 148 139 146 0.01244146
141 150 138 147 0.03799098
134 154 129 147 0.00351692
134 152 131 145 0.00082981
47 51 46 51 0.00052564
28 50 28 49 0.00106380
32 39 32 39 0.11599633
2 158 2 154 0.00462331
13 72 13 69 0.00166130
13 135 13 132 0.06080333
133 153 129 147 0.00658967
87 118 87 116 0.00351627
65 76 64 75 0.03317453
65 76 63 76 0.00100707
65 76 65 74 0.00249527
3 83 3 81 0.00957613
3 157 3 152 0.00339830
3 157 3 153 0.00259122
3 9 3 9 0.17126133
63 77 63 76 0.00464607
63 78 63 76 0.00091834
19 130 19 127 0.00418092
19 58 19 58 0.03562533
19 62 19 62 0.06390633
91 110 91 110 0.03031710
91 145 91 142 0.00700780
27 51 27 50 0.00094668
27 43 27 43 0.30204367
113 133 113 130 0.23606333
113 119 110 115 0.02896959
113 119 109 116 0.01737235
90 111 90 111 0.02495910
90 146 90 143 0.01041277
111 121 107 118 0.04080912
111 121 108 117 0.10611740
111 135 111 132 0.07494100
46 55 46 53 0.00158037
120 128 117 125 0.05105685
114 132 114 129 0.07325300
114 118 110 115 0.05473598
4 80 4 80 0.01054187
4 157 4 154 0.00535789
4 82 4 80 0.00221438
8 158 8 155 0.00326700
8 76 8 75 0.00228215
8 76 8 76 0.01116843
8 77 8 75 0.00111666
8 77 8 76 0.00614667
100 109 100 109 0.04761733
119 129 116 126 0.02922467
119 130 116 127 0.01706757
15 133 15 130 0.03563280
15 70 15 67 0.00095366
96 113 96 113 0.03242783
96 116 96 113 0.00245885
23 47 23 46 0.00050476
98 111 98 111 0.12006767
85 91 81 86 0.01423728
85 91 80 87 0.06718873
85 156 83 153 0.00734140
57 65 55 62 0.00068221
1 159 1 155 0.00386473
1 153 1 150 0.15041033
21 56 21 55 0.00088377
64 77 64 75 0.00129163
64 77 63 76 0.01401000
64 76 63 76 0.00055422
64 76 64 75 0.00304992
11 16 11 16 0.01802412
11 137 11 134 0.00708917
11 17 11 17 0.02998762
122 127 119 124 0.03710033
92 109 92 109 0.02879770
26 44 26 44 0.05262767
14 71 14 68 0.00203268
89 147 89 144 0.01973310
34 41 34 40 0.00091140
94 107 94 107 0.02488003
140 151 137 148 0.01049046
140 148 135 141 0.00779153
140 148 134 142 0.07759795
140 149 138 147 0.02459667
140 150 138 147 0.00212547
93 108 93 108 0.12089600
142 147 136 140 0.00092099
142 146 136 140 0.03492621
17 68 17 65 0.00055107
17 131 17 128 0.00634503
139 152 136 149 0.08758021
139 151 136 149 0.00066849
139 151 137 148 0.00084846
139 149 133 143 0.26697387
139 149 134 142 0.03785908
139 150 137 148 0.00520164
135 153 129 147 0.08929245
135 147 132 144 0.07393067
153 157 150 154 0.05884533
6 79 6 77 0.00395020
6 79 6 78 0.00897950
6 146 6 143 0.03682367
6 78 6 78 0.03979267
6 78 6 77 0.00632050
56 66 54 63 0.00068748
16 132 16 129 0.00841570
16 69 16 66 0.00121194
7 159 7 156 0.00933986
7 145 7 142 0.00884100
7 78 7 77 0.00457450
7 78 7 76 0.00117992
7 77 7 77 0.01114477
7 77 7 76 0.00242039
84 157 82 154 0.00161259
84 92 79 88 0.09749909
84 92 80 87 0.01684705
84 121 84 119 0.00099411
67 74 66 73 0.03873867
67 74 65 74 0.00119561
60 75 60 71 0.00275576
102 107 102 107 0.09063167
55 67 53 64 0.00064588
55 62 55 62 0.01720976
31 44 31 44 0.00424907
61 74 61 70 0.00305904
29 49 29 48 0.00104841
29 42 29 41 0.00062718
137 153 135 150 0.00994461
137 145 134 142 0.04180867
83 93 78 89 0.01814644
83 93 79 88 0.00776625
138 152 135 150 0.00053189
138 152 136 149 0.00887186
138 144 135 141 0.30504433
138 150 132 144 0.17990747
138 150 133 143 0.02570302
138 151 136 149 0.01601359
97 112 97 112 0.04408267
97 115 97 112 0.00064368
97 104 97 104 0.01555417
