89 94 89 94 0.09657990
136 156 135 156 0.40215300
114 121 114 122 0.02091450
114 121 114 121 0.02087130
114 121 115 121 0.00266496
127 135 128 136 0.04956860
127 135 127 137 0.00126471
128 140 129 140 0.00056223
128 140 128 141 0.00104894
128 139 126 138 0.31711600
3 154 3 154 0.24250500
3 44 3 44 0.00233476
3 24 3 24 0.00665272
3 127 3 127 0.29540300
67 77 67 77 0.00239253
36 42 36 42 0.09606970
130 137 130 138 0.12845200
130 137 131 137 0.00083881
130 137 128 136 0.21973300
25 35 25 35 0.05147950
25 31 25 31 0.03436880
140 151 139 151 0.16223100
140 151 141 151 0.01161240
140 145 141 145 0.01823020
122 140 123 141 0.00579432
113 122 114 122 0.00819825
113 122 113 123 0.00861650
78 84 78 84 0.00384698
23 37 23 37 0.06507340
23 33 23 33 0.01743630
23 116 23 117 0.00052285
47 113 47 114 0.01100830
20 27 20 27 0.14954100
125 137 126 138 0.04857640
46 114 46 115 0.00098046
13 117 13 118 0.00639699
13 117 14 117 0.00557670
13 44 13 44 0.10079800
13 28 13 28 0.04235560
133 157 131 157 0.00437642
40 117 40 115 0.00230782
151 157 151 158 0.00082677
151 157 150 156 0.00183745
31 47 31 48 0.02652520
31 47 32 47 0.00304677
11 119 11 119 0.66772300
11 119 12 119 0.00272094
11 47 11 47 0.24217800
8 121 8 121 0.10558700
137 150 136 150 0.00778017
137 155 137 154 0.00149077
137 155 136 155 0.26580700
28 50 29 50 0.00053076
28 50 28 51 0.00905765
28 37 28 37 0.01461280
28 112 28 112 0.06655510
14 27 14 27 0.04685710
14 116 14 117 0.00794586
14 116 15 116 0.00576836
14 43 14 43 0.04677320
77 85 77 85 0.00217311
144 149 143 149 0.13900100
45 154 45 154 0.00083499
138 147 139 147 0.12214200
138 154 137 154 0.07078590
138 149 138 148 0.00091273
16 114 17 114 0.00104166
16 114 16 115 0.01143580
39 118 39 116 0.00228393
135 157 135 156 0.00143138
143 150 142 150 0.02786220
143 148 142 148 0.12196500
143 148 143 147 0.00342691
66 78 66 78 0.00312110
32 46 32 47 0.02533680
32 46 33 46 0.00073949
33 44 33 44 0.21689200
10 48 10 48 0.05559750
10 120 10 120 0.14202500
10 15 10 15 0.00961435
34 43 34 43 0.16715900
17 27 17 27 0.01219650
17 114 17 114 0.05559150
17 25 17 25 0.02436190
115 120 116 120 0.00823421
115 120 115 121 0.03535760
6 122 6 123 0.00309738
6 125 6 123 0.01848910
58 140 58 139 0.00675394
131 139 130 138 0.00090547
131 136 129 135 0.32583400
131 136 131 137 0.13084900
132 159 132 159 0.05758120
4 127 4 127 0.02220650
4 23 4 23 0.00393876
129 134 129 135 0.00069876
129 138 130 138 0.00079124
129 138 127 137 0.28184200
123 139 124 140 0.03421940
30 48 31 48 0.00223450
30 48 30 49 0.03085320
12 118 13 118 0.00424236
12 118 12 119 0.01474610
12 118 12 118 0.59765100
22 35 22 35 0.01212500
22 153 22 153 0.00053171
37 42 37 42 0.05677010
70 77 70 77 0.43594800
18 121 18 122 0.00058739
18 24 18 24 0.02801850
18 26 18 26 0.01128030
7 121 7 122 0.00579031
7 124 7 124 0.07616530
7 124 7 122 0.03373040
126 136 126 138 0.00149163
126 136 127 137 0.04944530
2 128 2 128 0.11869900
2 9 2 9 0.07968980
2 45 2 45 0.00115848
2 25 2 25 0.00261640
142 149 142 148 0.00286857
142 149 143 149 0.04432250
142 149 141 149 0.59453000
44 155 44 155 0.00214293
150 158 149 158 0.00273474
150 159 150 159 0.05898270
139 146 140 146 0.12083300
139 151 139 151 0.00165731
139 148 138 148 0.00711489
21 26 21 26 0.12778500
27 31 27 31 0.07585370
27 113 27 113 0.05702230
1 46 1 46 0.00093223
1 10 1 10 0.04181700
1 26 1 26 0.00152691
1 129 1 129 0.08814630
19 28 19 28 0.29659400
24 32 24 32 0.12063200
24 36 24 36 0.05014730
24 33 24 33 0.00704158
35 43 35 43 0.05677730
93 97 93 97 0.08173420
59 139 59 138 0.00762982
148 159 148 159 0.01723990
26 33 26 33 0.04755610
26 114 26 114 0.03009140
15 26 15 26 0.03542020
15 115 16 115 0.00575200
15 115 15 116 0.01423250
68 79 68 79 0.97086200
69 78 69 78 0.43037400
69 76 69 76 0.03453990
72 76 72 76 0.09401540
38 47 38 48 0.00108222
38 43 38 43 0.23584700
