10 48 10 48 0.40426100
115 148 115 148 0.02489160
115 146 115 146 0.31043700
17 40 19 40 0.21787900
17 40 18 41 0.00291350
17 40 17 42 0.03069030
123 139 123 139 0.57117100
124 138 124 138 0.45842500
12 46 12 46 0.40007500
30 43 30 42 0.00117685
22 35 22 35 0.13404700
22 38 22 38 0.08752800
126 136 126 136 0.57116800
27 31 27 31 0.32727300
118 144 118 144 0.46966800
118 144 119 144 0.00142355
21 26 21 26 0.01415960
19 38 19 40 0.05105690
19 38 20 39 0.00156221
19 38 21 38 0.02339590
24 32 24 32 0.12540400
24 36 24 36 0.06869450
24 33 24 33 0.02333840
93 97 93 98 0.00055864
93 98 93 98 0.01134350
26 32 26 32 0.19762400
26 33 26 33 0.04607930
117 145 118 145 0.00072188
15 42 16 43 0.00226438
15 42 17 42 0.22249700
15 42 15 44 0.04365690
89 94 89 94 0.09564460
89 95 89 95 0.18742600
89 93 89 94 0.00052134
89 93 89 93 0.02714470
127 135 127 135 0.56454100
114 149 114 149 0.12447600
114 147 114 147 0.27355500
25 35 25 35 0.06197140
25 31 25 31 0.12233900
25 44 25 44 0.02358410
82 100 82 100 0.73825800
82 99 83 99 0.05818550
82 99 82 100 0.10132200
113 150 113 150 0.13325300
113 148 113 148 0.51502300
122 140 122 140 0.98388300
23 33 23 33 0.34915100
23 32 23 32 0.09259350
78 104 79 104 0.06549810
125 137 125 137 0.98512500
20 37 20 39 0.01961390
20 37 21 38 0.00097155
13 44 15 44 0.07389910
13 44 14 44 0.00153278
13 44 13 44 0.14869300
11 47 11 47 0.52070100
31 37 31 37 0.01251700
121 142 121 142 0.19464200
79 101 79 102 0.00533133
92 99 92 99 0.05899720
92 98 92 99 0.00066755
14 43 16 43 0.22090200
14 43 15 44 0.00196767
14 43 14 44 0.00422169
111 151 111 151 0.11107600
111 150 111 150 0.15426700
80 101 81 101 0.06012390
80 101 80 102 0.09689550
83 98 83 99 0.09667020
83 98 84 98 0.02763800
120 143 120 143 0.55792000
16 41 17 42 0.00157573
16 41 16 43 0.05780470
16 41 18 41 0.22219500
81 99 81 99 0.00418678
81 101 81 101 0.30729700
81 100 81 101 0.07183010
81 100 82 100 0.08561490
85 96 85 96 0.48293700
29 44 29 44 0.04253860
29 44 29 43 0.00064619
84 97 84 98 0.03284420
84 97 84 97 0.40042200
88 93 88 93 0.23536800
