52 106 53 108 0.37698800
52 106 55 106 0.00122349
67 81 68 82 0.97370200
67 81 69 81 0.00668088
6 14 7 14 0.00500139
6 14 7 16 0.00316247
32 42 32 43 0.43292300
36 40 36 41 0.03059960
96 101 96 102 0.02004930
96 101 97 101 0.00161660
133 141 130 141 0.00227889
133 141 132 139 0.16149400
133 141 131 140 0.03661700
44 114 45 116 0.87274100
44 114 47 114 0.00335225
8 12 9 14 0.00304908
61 87 62 88 0.71702000
61 87 63 87 0.00625438
65 83 67 83 0.00681056
65 83 66 85 0.00096030
65 83 66 84 0.85407800
50 108 51 110 0.37573000
50 108 53 108 0.00139177
38 120 39 122 0.00195037
126 148 125 147 0.00386313
126 148 126 146 0.00100817
30 40 30 40 0.02501320
30 40 30 41 0.02867170
34 39 34 39 0.17751400
55 93 56 93 0.19217200
28 42 28 43 0.05416240
39 119 40 120 0.00542374
69 83 68 82 0.00184785
69 77 71 78 0.00202164
69 77 71 79 0.00058500
31 43 31 44 0.20811300
26 45 26 45 0.00292803
131 143 130 141 0.25036000
131 143 128 143 0.00249151
131 143 129 142 0.03615530
43 115 43 118 0.00070719
43 115 46 115 0.00151194
127 147 125 147 0.01456990
127 147 126 145 0.14903800
127 147 126 146 0.00161351
127 147 124 147 0.00138482
66 82 67 83 0.97418600
66 82 68 82 0.00668881
27 43 27 44 0.15077300
91 102 92 105 0.00119284
91 102 94 104 0.01568180
91 103 93 105 0.10296300
91 103 92 105 0.18557200
68 84 67 83 0.00101071
68 80 70 80 0.00663212
68 80 69 81 0.53969800
71 81 70 80 0.00151472
71 78 73 78 0.00066730
54 104 55 106 0.73068100
54 104 55 107 0.00055485
128 146 126 146 0.02052540
128 146 126 145 0.00228080
128 146 127 144 0.17528500
46 112 46 115 0.00073428
46 112 47 114 0.91772800
46 112 49 112 0.00408108
95 101 95 103 0.23447300
95 101 96 102 0.04728830
5 15 6 17 0.00304237
41 117 41 119 0.06241330
60 88 60 90 0.00062935
60 88 62 88 0.00262005
60 88 61 89 0.60315800
60 89 61 89 0.35541800
93 101 95 103 0.10874800
93 101 94 104 0.00154868
33 41 33 42 0.28425700
45 113 48 113 0.00335940
45 113 46 115 0.90867500
132 142 129 142 0.00251259
132 142 130 141 0.03106920
132 142 131 140 0.25198600
56 92 57 92 0.20658700
56 92 57 93 0.01692030
92 105 92 105 0.01457030
92 105 93 105 0.00257392
92 101 95 103 0.00685048
29 41 29 44 0.00110053
29 41 29 41 0.09641520
70 82 69 81 0.00189154
70 77 71 78 0.83722600
129 144 128 143 0.00138055
129 144 129 142 0.03475200
129 144 127 144 0.01874200
42 116 45 116 0.00111527
42 116 43 118 0.12821100
134 140 133 138 0.24930400
134 140 131 140 0.00123144
134 140 132 139 0.03637240
57 91 59 91 0.00156927
57 91 58 91 0.18642700
90 103 92 105 0.00666525
90 103 93 105 0.01573560
90 107 91 107 0.00135038
94 102 94 104 0.39080200
94 102 95 103 0.04435520
94 99 97 101 0.01165820
94 100 96 102 0.22917700
94 100 95 103 0.00152103
94 103 95 103 0.00240053
94 103 94 104 0.00764269
7 13 7 14 0.00488163
7 13 8 15 0.00116550
72 80 71 79 0.00093640
72 78 73 79 0.01494940
59 90 60 90 0.33897900
51 107 52 109 0.92552400
51 107 54 107 0.00227656
58 90 60 90 0.00309597
58 90 59 91 0.28375000
40 118 40 120 0.01409930
40 118 43 118 0.00111709
40 118 41 119 0.00206813
40 118 41 120 0.00489077
