111 122 111 122 0.96892000
4 16 5 16 0.00209050
114 119 114 119 0.92866200
54 75 54 75 0.20017400
54 72 54 72 0.06785190
85 94 85 94 0.23384900
3 17 3 18 0.00210926
53 76 53 76 0.20039000
53 73 53 73 0.04692350
52 74 52 74 0.07354900
6 14 6 15 0.00431161
6 14 7 14 0.00134296
2 18 2 19 0.00233689
2 18 3 18 0.00211872
61 66 61 66 0.07524610
61 69 61 69 0.09497720
61 70 61 70 0.23674200
50 77 50 77 0.88198700
55 74 55 74 0.28976200
7 13 7 14 0.00151752
59 69 59 70 0.00059219
113 120 113 120 0.76367200
58 70 58 70 0.35352500
58 65 58 65 0.02240100
51 76 51 76 0.05776830
51 75 51 75 0.06108780
84 95 84 95 0.32006900
110 123 110 123 0.39173500
5 15 5 16 0.00611034
5 15 6 15 0.00108226
60 68 60 68 0.11589100
109 124 109 124 0.33032200
56 71 57 71 0.00054964
62 69 62 69 0.13099700
