120 141 0.87363600
63 64 0.00050656
63 63 0.99814800
50 50 0.99944400
58 58 0.99960500
59 59 0.99941500
125 146 0.94887400
72 79 0.00227239
72 80 0.00865820
72 81 0.00301717
72 72 0.87942900
72 90 0.00711584
72 76 0.00799839
72 77 0.00892394
72 82 0.01831890
72 84 0.01133480
72 86 0.00070694
72 85 0.00084473
72 78 0.01052700
72 91 0.00307444
72 74 0.01397240
72 73 0.00074589
72 83 0.00164685
72 75 0.00185544
72 93 0.00681023
72 87 0.01141430
81 90 0.00448368
81 82 0.00597443
81 99 0.05681480
81 92 0.02901750
81 100 0.01020130
81 84 0.00822930
81 102 0.35458100
81 81 0.01161380
81 101 0.01342110
81 96 0.38850700
81 94 0.00290041
81 89 0.00767874
81 98 0.01626230
81 93 0.04645640
81 88 0.00166510
81 87 0.01020610
81 97 0.00225778
81 86 0.00186198
81 91 0.00867744
81 85 0.00583987
81 95 0.00317113
81 83 0.00835455
101 122 0.33909400
71 89 0.00698392
71 86 0.00250546
71 78 0.00287993
71 74 0.00411271
71 75 0.00168604
71 73 0.00266992
71 83 0.00873759
71 72 0.00079901
71 90 0.00226438
71 76 0.02524600
71 92 0.00227259
71 82 0.00089994
71 77 0.00175077
71 84 0.00054772
71 79 0.00160151
71 80 0.00228558
71 81 0.01373090
71 71 0.91782300
69 76 0.00242785
69 72 0.00549024
69 84 0.00102222
69 69 0.95655200
69 79 0.00077278
69 81 0.00082812
69 71 0.00077908
69 80 0.00076961
69 87 0.00100123
69 78 0.00449821
69 74 0.02269350
79 82 0.00913086
79 99 0.01917500
79 92 0.00168287
79 90 0.13362700
79 100 0.22176400
79 84 0.00648330
79 79 0.05258610
79 81 0.04753880
79 80 0.00868741
79 98 0.02322390
79 89 0.02438070
79 94 0.31182000
79 96 0.01653610
79 87 0.00710681
79 88 0.00297164
79 93 0.00637032
79 85 0.00895415
79 95 0.00294954
79 91 0.02032540
79 86 0.00272811
79 97 0.02039860
79 83 0.04954720
14 14 0.77819600
14 13 0.03804700
67 76 0.00301309
67 72 0.00504312
67 71 0.00131405
67 67 0.98695500
67 74 0.00067924
67 70 0.00065419
12 13 0.00070444
12 11 0.05167500
12 12 0.94670000
15 15 0.95463500
15 14 0.02757470
9 10 0.00184155
9 8 0.05836800
9 9 0.93625100
11 12 0.00078383
11 10 0.05412680
11 11 0.94369000
32 32 0.99892900
68 73 0.01448850
68 75 0.00177758
68 68 0.97500200
68 71 0.00117779
68 77 0.00405258
130 151 0.98798000
123 144 0.99771300
82 98 0.00225186
82 89 0.00182882
82 94 0.01195560
82 96 0.00149837
82 103 0.46092600
82 87 0.00069608
82 88 0.01506450
82 93 0.01021140
82 91 0.00456810
82 95 0.00225497
82 85 0.00251885
82 86 0.00159061
82 97 0.38042100
82 83 0.00211954
82 82 0.00599503
82 92 0.01100870
82 99 0.00485427
82 90 0.00185239
82 84 0.00226744
82 100 0.05240120
82 102 0.00754172
82 101 0.01508570
77 82 0.00628534
77 77 0.24057100
77 92 0.35164600
77 90 0.00132872
77 84 0.00441540
77 79 0.01810980
77 81 0.02230510
77 80 0.00855882
77 98 0.14798400
77 89 0.01424910
77 94 0.00249915
77 96 0.00322146
77 87 0.00672446
77 88 0.09265320
77 93 0.00376089
77 85 0.00433974
77 91 0.01159130
77 95 0.01277700
77 78 0.01456860
77 86 0.00604369
77 97 0.01447500
77 83 0.00969474
76 86 0.00996754
76 97 0.13619600
76 91 0.31887600
76 78 0.01379820
76 95 0.00269531
76 85 0.01643800
76 75 0.00073695
76 83 0.01286400
76 96 0.00587312
76 89 0.00219116
76 94 0.01093940
76 93 0.00134037
76 88 0.02422180
76 87 0.05358740
76 79 0.01688160
76 80 0.02014070
76 81 0.01364150
76 90 0.00783469
76 76 0.26721000
76 77 0.03506430
76 82 0.01250570
76 92 0.00622544
76 84 0.00878399
102 123 0.49792600
119 140 0.80076000
132 153 0.90649700
133 154 0.93296800
89 105 0.00099172
89 95 0.00081096
89 109 0.00685947
89 110 0.98930200
52 52 0.99966300
85 100 0.00791999
85 105 0.01476100
85 104 0.00147535
85 99 0.00098763
85 101 0.00092347
85 102 0.00090203
85 103 0.00528510
85 96 0.00465532
85 98 0.00065895
85 106 0.95641800
85 91 0.00104608
85 95 0.00193972
128 149 0.98826200
111 132 0.99969400
10 10 0.93769200
10 11 0.00112229
10 9 0.05944540
131 152 0.96520500
30 30 0.99934700
41 41 0.99614800
41 40 0.00339022
104 125 0.59828700
90 106 0.00054750
90 111 0.99472200
90 110 0.00270223
46 45 0.00147960
46 46 0.99773500
4 4 0.82482300
20 19 0.00078631
20 20 0.98193200
126 147 0.71223200
25 25 0.84088800
93 114 0.99929200
24 24 0.72991700
60 60 0.99863900
117 138 0.48626200
136 157 0.84092100
54 54 0.99971800
83 96 0.00250180
83 94 0.00753136
83 89 0.01357790
83 98 0.34956600
83 93 0.00906179
83 103 0.01145900
83 87 0.00056986
83 86 0.00125403
83 97 0.00121362
83 95 0.00527950
83 91 0.00090998
83 85 0.00109816
83 83 0.00489311
83 90 0.00293735
83 104 0.52592200
83 92 0.00192152
83 99 0.00519853
83 100 0.00416465
83 84 0.00141894
83 102 0.01055050
83 101 0.03759860
18 17 0.00105003
18 18 0.98163900
100 121 0.99951800
99 120 0.99960800
92 113 0.99875500
80 84 0.01678960
80 100 0.02046370
80 90 0.01212660
80 92 0.05000970
80 82 0.01840890
80 99 0.00966767
80 80 0.02237090
80 101 0.31085800
80 81 0.00639345
80 93 0.00266711
80 88 0.01662960
80 87 0.00276519
80 96 0.00213310
80 89 0.00370969
80 94 0.00480135
80 98 0.02656560
80 83 0.00785442
80 97 0.02419840
80 86 0.00947212
80 91 0.10963600
80 85 0.00402745
80 95 0.31635900
44 43 0.00293075
44 44 0.99648300
87 93 0.00095366
87 103 0.00061164
87 108 0.98354400
87 107 0.01091090
87 106 0.00060036
87 102 0.00052571
122 143 0.86097100
96 117 0.99947000
91 111 0.00073895
91 112 0.99790200
78 90 0.01431720
78 99 0.19036000
78 92 0.00516576
78 82 0.04106600
78 84 0.01431510
78 79 0.00665897
78 81 0.00712117
78 80 0.03816280
78 96 0.02035500
78 98 0.01308210
78 94 0.00213213
78 89 0.09946990
78 88 0.00785318
78 93 0.34413000
78 87 0.00328484
78 97 0.00542232
78 86 0.00364404
78 91 0.00087082
78 78 0.16793500
78 85 0.00260056
78 95 0.00462897
78 83 0.00554126
95 116 0.99941200
97 118 0.99956800
6 5 0.00202177
6 6 0.97780300
6 7 0.00156725
23 23 0.86395800
22 22 0.92246500
16 16 0.97193600
16 15 0.01041070
21 21 0.87687300
129 150 0.96576500
3 3 0.99988000
27 27 0.99972300
118 139 0.15170100
43 42 0.00320645
43 43 0.99625400
109 130 0.99975300
17 17 0.93073600
17 16 0.00221312
88 108 0.00725439
88 109 0.98843600
88 94 0.00091020
88 104 0.00097925
40 39 0.00363127
40 40 0.99590800
1 1 0.99998500
36 35 0.00535104
36 36 0.99259900
29 29 0.99967100
35 34 0.00384678
35 35 0.99422100
127 148 0.54309200
105 126 0.99966600
38 38 0.99276700
38 37 0.00673823
19 18 0.00092466
19 19 0.98179300
53 53 0.99968800
34 34 0.99576000
34 33 0.00232908
31 31 0.99913700
115 136 0.58343900
7 8 0.00214230
7 7 0.95991000
7 6 0.02009400
137 158 0.77984700
103 124 0.60631600
56 56 0.99967200
108 129 0.96508900
138 159 0.76624900
98 119 0.99960700
66 69 0.00110641
66 71 0.00278028
66 70 0.00084242
66 75 0.00129823
66 66 0.99070900
28 28 0.99971500
134 155 0.99977500
112 133 0.58550900
73 91 0.00908694
73 85 0.00506011
73 78 0.00589482
73 86 0.00105626
73 75 0.02044760
73 73 0.80670500
73 83 0.01380280
73 74 0.00174432
73 94 0.00983455
73 87 0.00110576
73 88 0.05395500
73 79 0.01144630
73 80 0.00348967
73 81 0.00882889
73 82 0.00394381
73 77 0.02837290
73 92 0.00869685
73 76 0.00224512
73 84 0.00180459
116 137 0.57174700
37 36 0.00679278
37 37 0.99235800
42 41 0.00313917
42 42 0.99596900
64 64 0.99729000
64 65 0.00059837
65 74 0.00076922
65 70 0.00077934
65 69 0.00061547
65 65 0.99539900
51 51 0.99949700
45 45 0.99657300
45 44 0.00264467
84 86 0.00081329
84 97 0.00075517
84 95 0.00723049
84 91 0.00062522
84 85 0.00095506
84 87 0.00093487
84 103 0.00365115
84 96 0.00104909
84 94 0.00625246
84 98 0.00059864
84 101 0.00253591
84 102 0.03303100
84 100 0.00267579
84 84 0.00076393
84 105 0.85400800
84 90 0.00243868
84 104 0.02801920
84 99 0.05165500
57 57 0.99965000
2 2 0.99997200
26 26 0.99973700
49 49 0.99904300
49 48 0.00055568
107 128 0.62015200
94 115 0.99936000
139 160 0.82550800
121 142 0.94539900
55 55 0.99970000
75 96 0.10410800
75 89 0.00918146
75 94 0.00369102
75 88 0.00340530
75 93 0.01404930
75 87 0.01301240
75 86 0.02303690
75 91 0.00258786
75 95 0.00248630
75 85 0.01542280
75 78 0.03774940
75 74 0.00050871
75 75 0.35250800
75 83 0.01984630
75 76 0.03129620
75 90 0.18506500
75 82 0.03829520
75 92 0.00086118
75 77 0.01353220
75 84 0.04174850
75 79 0.02528280
75 81 0.02319090
75 80 0.03685210
106 127 0.54803300
74 89 0.08157840
74 94 0.00105250
74 93 0.01165810
74 88 0.00239882
74 87 0.00196607
74 86 0.00549344
74 78 0.04059060
74 91 0.00060669
74 95 0.02383310
74 85 0.00514768
74 74 0.67428500
74 75 0.00583204
74 83 0.01327830
74 90 0.00165306
74 76 0.01549800
74 82 0.02353780
74 92 0.00793303
74 77 0.00698971
74 84 0.02400490
74 79 0.00982425
74 80 0.02791770
74 81 0.01263340
70 70 0.92909800
70 78 0.00078190
70 91 0.00172070
70 85 0.00138686
70 74 0.00106298
70 75 0.02958200
70 73 0.00815585
70 89 0.00066813
70 88 0.00550638
70 79 0.00321270
70 81 0.00072792
70 71 0.00080607
70 80 0.00461528
70 76 0.00087704
70 72 0.00183880
70 77 0.00520991
70 82 0.00312674
13 12 0.04885770
13 13 0.94923000
61 62 0.00068105
61 61 0.99826000
62 63 0.00064008
62 62 0.99829000
47 46 0.00116474
47 47 0.99794000
135 156 0.99970400
48 47 0.00091709
48 48 0.99863400
114 135 0.99986500
113 134 0.54811700
39 38 0.00644538
39 39 0.99301200
110 131 0.99974500
124 145 0.96563100
33 33 0.99722700
33 32 0.00070102
8 7 0.03733600
8 9 0.00258346
8 8 0.93820200
5 6 0.00089443
5 5 0.89876900
86 96 0.00120604
86 107 0.97617200
86 97 0.00088816
86 106 0.01411350
86 104 0.00097792
86 92 0.00088094
86 99 0.00071554
86 105 0.00065895
86 102 0.00054983
86 101 0.00144258
