6 26 5 26 0.00166845
9 60 9 66 0.00110350
68 76 70 78 0.00779877
68 76 67 75 0.00101143
68 72 71 77 0.33107200
68 72 69 73 0.11008500
68 72 70 78 0.04608220
44 55 42 53 0.02290210
51 58 52 59 0.00083110
51 58 56 64 0.00055513
39 58 36 56 0.02274360
39 58 35 57 0.00215384
39 58 37 55 0.00206243
5 26 5 26 0.05882730
118 123 124 129 0.07026220
23 71 23 69 0.00280617
41 56 37 55 0.00203006
41 52 41 54 0.51893700
41 52 41 51 0.00476999
41 49 42 50 0.00068856
41 49 41 51 0.17351300
49 61 49 61 0.00061248
28 61 28 63 0.81457800
28 61 29 62 0.00123861
28 67 28 72 0.00515760
28 67 25 66 0.00085684
28 67 26 65 0.00064376
80 96 85 102 0.36886700
80 96 86 101 0.04595600
80 94 86 101 0.00061247
69 75 68 74 0.00099190
69 75 71 77 0.01456540
27 62 27 63 0.00149723
66 74 70 78 0.08919220
66 74 67 75 0.10396600
84 90 90 97 0.00070045
84 90 89 95 0.15941800
84 93 90 97 0.00253640
85 91 90 97 0.06941310
85 91 91 96 0.04369270
85 91 89 95 0.00054329
85 92 90 97 0.65263900
85 92 91 96 0.00267229
45 52 43 50 0.00056388
45 52 42 50 0.00130674
45 52 41 51 0.00200902
1 123 1 129 0.07848440
1 16 1 16 0.02624350
20 73 20 73 0.00172660
16 76 16 78 0.00888405
7 25 6 25 0.00148952
38 59 36 56 0.00209173
38 59 35 57 0.02305110
38 59 34 58 0.00239838
38 49 40 51 0.00156441
38 65 38 71 0.00070231
38 52 39 52 0.00076285
38 52 38 53 0.09951800
83 91 88 96 0.02299390
31 59 32 60 0.00160477
31 59 31 61 0.93106200
17 75 17 77 0.02653790
47 52 53 58 0.00059797
47 52 45 50 0.01332720
81 95 87 100 0.04617490
81 95 86 101 0.83249500
81 93 87 100 0.00068138
26 68 26 65 0.00084543
26 68 26 74 0.01137980
24 70 24 68 0.00955370
52 57 52 59 0.02666920
52 57 57 63 0.00054702
52 57 53 58 0.00115416
46 53 52 59 0.00054242
46 53 44 51 0.02279540
46 51 42 50 0.00078239
46 51 43 49 0.00101929
3 15 3 15 0.01844440
25 69 25 67 0.00231050
40 57 37 55 0.02300200
40 57 36 56 0.00193799
40 50 40 52 0.15583600
40 50 40 51 0.03812920
40 47 42 49 0.00164323
11 21 10 21 0.00214957
30 59 30 62 0.00058365
30 60 31 61 0.00158743
30 60 30 62 0.32706700
21 72 21 72 0.00278603
42 51 42 53 0.08230130
42 51 42 50 0.00138663
36 54 36 56 0.29578800
36 54 37 55 0.00120335
36 61 32 60 0.00234466
36 61 34 58 0.00205620
36 61 33 59 0.02317920
36 57 36 56 0.00091747
62 71 64 75 0.04523690
82 94 87 100 0.81859100
13 18 13 18 0.76915900
79 97 84 103 0.74929100
79 97 83 103 0.00868645
79 97 85 102 0.03094170
35 62 31 61 0.00220106
35 62 33 59 0.00163731
35 62 32 60 0.02232500
43 56 41 54 0.02228380
43 53 39 52 0.00204793
43 53 40 51 0.00151610
29 60 29 62 0.07542570
29 60 29 63 0.00059841
29 66 26 65 0.00094180
2 15 2 15 0.07091400
37 60 34 58 0.02322290
37 60 33 59 0.00235644
37 60 35 57 0.00209357
37 56 37 55 0.00144352
37 53 37 55 0.39128500
32 58 33 59 0.00153129
32 58 32 60 0.36853400
14 18 13 18 0.00155283
50 59 50 60 0.00053930
50 59 55 65 0.00053548
50 60 50 60 0.00168628
67 72 70 78 0.00108743
67 72 69 73 0.00094447
67 72 71 77 0.00735214
67 73 68 74 0.11162000
67 73 71 77 0.12075400
67 73 70 78 0.21019700
67 73 69 73 0.00075772
18 74 18 76 0.04022110
