135 122 0.00407993
135 126 0.13480500
135 123 0.03738240
135 124 0.01196490
135 120 0.00088908
135 125 0.01250130
77 66 0.00449994
77 65 0.00079540
77 68 0.21224500
77 67 0.00502898
93 85 0.23325700
93 84 0.10619900
93 83 0.07932360
66 54 0.38167600
66 55 0.03354550
66 53 0.04673300
66 57 0.00117503
16 3 0.15715300
16 5 0.02325140
16 9 0.00055214
16 6 0.00181675
16 4 0.09593780
16 7 0.00095452
134 122 0.04014080
134 123 0.00403514
134 124 0.00748044
134 121 0.00515245
134 125 0.02221150
53 40 0.01113310
55 42 0.01028110
35 22 0.76986900
35 23 0.00850727
136 126 0.07354260
136 122 0.00138613
136 124 0.02033560
136 127 0.04866050
136 123 0.00128015
136 125 0.01018330
136 121 0.00263374
33 20 0.02136180
33 21 0.16512000
40 28 0.12794000
40 27 0.73554200
40 26 0.00119173
130 121 0.05836420
130 120 0.02838500
130 118 0.00142586
130 119 0.00395735
24 11 0.64824800
24 12 0.01374920
24 13 0.01978560
98 91 0.00169952
98 89 0.24412700
98 90 0.15164200
98 88 0.15505200
46 33 0.01076670
111 103 0.00145848
111 102 0.49516200
111 101 0.19301000
64 50 0.00076907
64 51 0.10231200
64 53 0.05989420
64 55 0.00133217
64 52 0.74250700
72 63 0.00270544
72 61 0.00298977
72 62 0.00497493
72 60 0.00780358
83 74 0.48019900
83 76 0.00076936
83 73 0.11871300
83 75 0.32446200
138 126 0.05430740
138 123 0.08656260
138 127 0.00592079
138 124 0.00080970
138 129 0.00438640
138 128 0.00296898
138 125 0.00451198
67 55 0.38914100
67 54 0.02922650
67 56 0.07293740
56 43 0.01076620
32 20 0.01309710
32 19 0.01059080
118 109 0.39005400
118 108 0.10723200
95 86 0.04461300
95 88 0.01171280
95 87 0.00751866
95 85 0.00471111
89 81 0.51732000
89 79 0.10188100
89 80 0.29917600
15 3 0.08493700
15 2 0.09014850
15 5 0.00460089
15 6 0.00178063
15 4 0.53478400
82 75 0.00078668
82 73 0.39270500
82 72 0.13390500
82 74 0.35217500
108 100 0.00821942
108 101 0.02797370
108 99 0.00568025
108 98 0.00460974
102 94 0.27908900
102 95 0.10917500
102 96 0.00062848
102 92 0.00354613
102 93 0.24386200
71 59 0.31741300
71 61 0.05376520
71 60 0.00706145
117 109 0.00082305
117 108 0.35769100
117 107 0.01660150
94 86 0.01020210
94 84 0.11321000
94 85 0.00916709
129 120 0.34435600
129 119 0.13294600
75 63 0.06317690
75 64 0.00192597
75 65 0.00555166
75 66 0.00460303
78 66 0.00063358
78 69 0.29911800
78 67 0.00448654
78 70 0.01826880
78 68 0.40493100
78 71 0.00445313
131 121 0.11484000
131 120 0.01128950
131 119 0.06185800
131 122 0.48913100
18 5 0.12857500
18 9 0.00185867
18 7 0.26158500
18 6 0.00970057
119 109 0.18579000
119 110 0.02112550
39 26 0.74354700
39 27 0.19995400
146 134 0.02027620
146 132 0.00058100
146 131 0.90677700
123 113 0.20616800
123 114 0.13233200
11 1 0.00933278
11 4 0.01637640
11 5 0.00110148
11 2 0.02240390
11 3 0.02817900
48 35 0.40056900
125 115 0.01283460
125 116 0.77078500
5 2 0.00229298
5 3 0.00185949
5 1 0.00679796
5 4 0.00512347
5 5 0.00484868
10 2 0.02981370
10 3 0.02632830
10 4 0.00606495
10 1 0.01276550
84 76 0.14139800
84 74 0.03013540
84 75 0.34913400
101 95 0.00134681
101 91 0.00576173
101 94 0.11877100
101 93 0.24405200
101 92 0.02511980
86 77 0.01224020
86 76 0.13625700
86 78 0.22130700
116 107 0.67910300
116 106 0.17300800
116 108 0.00073019
45 32 0.07028030
70 60 0.00713191
70 61 0.00079938
70 59 0.03061510
70 58 0.05815520
12 1 0.08707630
12 4 0.00771663
12 5 0.00341288
12 2 0.01230010
12 3 0.01412240
43 30 0.79679500
43 31 0.00169915
99 91 0.00881378
99 89 0.18495900
99 90 0.06043150
99 93 0.00066523
99 88 0.00098506
99 92 0.00205743
23 10 0.47468000
23 11 0.03167310
23 12 0.03619490
142 127 0.25199400
142 128 0.00773887
142 130 0.00652685
142 129 0.00352255
57 44 0.07027780
92 83 0.08558660
92 82 0.13243300
92 84 0.23355100
149 135 0.00123263
149 134 0.60266200
81 73 0.00675944
81 72 0.01962180
81 71 0.00449333
140 127 0.05489250
140 126 0.00264163
140 128 0.00931694
140 125 0.03172010
140 129 0.00069132
60 48 0.35572800
60 46 0.00438479
60 47 0.57673600
109 99 0.02959990
109 100 0.04085290
109 102 0.00290749
109 101 0.23180500
31 19 0.00577499
31 18 0.00878363
28 15 0.12313500
28 17 0.00296940
28 16 0.02241680
1 1 0.26030300
107 98 0.01089110
107 99 0.00235308
107 97 0.00198566
107 100 0.00052426
114 104 0.02834720
114 105 0.15164300
114 106 0.00704902
73 62 0.01180580
73 61 0.18793400
73 63 0.30462400
73 64 0.00445311
58 45 0.01009820
58 46 0.01276930
128 118 0.01920600
128 119 0.74965500
148 133 0.65993500
68 57 0.08978390
68 58 0.00211211
68 55 0.01839650
68 56 0.75821400
52 39 0.96681800
59 47 0.18117900
59 46 0.74295600
141 128 0.00364871
141 130 0.00071136
141 129 0.00446470
141 127 0.00697333
141 126 0.14058800
137 122 0.01842490
137 126 0.00817773
137 123 0.00333135
137 127 0.02947770
137 124 0.00138626
137 128 0.00499966
137 125 0.00710552
20 9 0.13095600
20 7 0.03594330
20 11 0.00117799
20 13 0.00052269
20 8 0.00305892
9 2 0.01114000
9 3 0.00732733
9 1 0.01342280
9 4 0.00156535
9 9 0.00114007
85 75 0.12502100
85 76 0.14291700
85 77 0.00572997
76 64 0.00094071
76 65 0.00227308
76 66 0.01087200
76 67 0.00212695
103 93 0.02903470
103 94 0.31634100
103 96 0.07952840
103 95 0.23650500
17 8 0.00110882
17 5 0.00543788
17 6 0.44630700
17 4 0.19290100
139 126 0.01099760
139 127 0.08951590
139 124 0.02208990
139 129 0.00082693
139 130 0.00055806
139 128 0.00099713
139 125 0.00142477
113 103 0.00486109
113 104 0.36716800
113 105 0.00068207
6 3 0.00189749
6 2 0.00243196
6 5 0.00095299
6 6 0.00395678
6 4 0.00079028
6 1 0.00682419
14 4 0.01930980
14 6 0.00080811
14 1 0.02847380
14 5 0.00333293
14 2 0.05047140
14 3 0.45267000
36 23 0.01788340
36 24 0.11471500
44 31 0.02075570
34 21 0.13396500
34 22 0.12674800
51 38 0.96663700
42 30 0.13341900
42 28 0.00351090
42 29 0.73564400
27 14 0.52146200
27 16 0.00367203
27 15 0.11037600
2 2 0.06333540
2 1 0.11837700
49 36 0.01114900
50 37 0.96674600
143 131 0.02126270
143 130 0.00176115
143 129 0.00170419
143 128 0.71482100
90 80 0.13731100
90 82 0.68220600
90 81 0.13682900
29 17 0.18826200
29 16 0.36014100
104 95 0.44560000
104 96 0.22256800
104 97 0.02484720
104 94 0.15944400
69 57 0.70338800
69 56 0.00569211
69 59 0.01841120
69 58 0.01556920
54 41 0.40056800
91 82 0.09866130
91 83 0.55224700
91 81 0.13482700
47 34 0.01028130
37 24 0.41946200
37 25 0.00663241
126 117 0.01058330
126 116 0.21400700
74 63 0.10271300
74 64 0.03897900
74 62 0.16445600
74 65 0.02936320
100 90 0.15900200
100 93 0.05508720
100 92 0.01046650
100 89 0.00088175
100 91 0.13260100
100 94 0.00187060
25 14 0.01163660
25 12 0.53085100
25 13 0.03835670
3 1 0.00734905
3 2 0.15788600
3 3 0.03131060
4 1 0.00680853
4 4 0.00825634
4 3 0.03813480
4 2 0.00232106
115 106 0.68445300
115 107 0.00446897
115 105 0.17015900
80 68 0.00052136
80 71 0.01108760
80 70 0.06652130
80 72 0.00613488
80 69 0.00061718
22 9 0.25893600
22 10 0.01681490
22 11 0.15323400
144 131 0.00257047
144 132 0.01946710
144 129 0.64495600
144 130 0.00070069
121 112 0.01800720
121 111 0.11028400
121 113 0.00127318
8 3 0.00402199
8 8 0.00126255
8 2 0.00624556
8 5 0.00053987
8 4 0.00224047
8 1 0.00839975
106 96 0.19835900
106 98 0.00468007
106 97 0.00614289
106 99 0.00073114
26 14 0.06956740
26 15 0.00647634
26 13 0.07838890
7 2 0.00263281
7 3 0.00249039
7 4 0.00091500
7 7 0.00201020
7 1 0.00787620
62 51 0.00136681
62 49 0.06430380
62 50 0.06328730
38 26 0.20228600
38 25 0.02058460
110 101 0.48931300
110 102 0.00359130
110 100 0.00686609
105 97 0.01313550
105 98 0.00148898
105 96 0.47779800
105 95 0.18652700
79 69 0.15929700
79 70 0.02969190
79 68 0.00911932
79 71 0.00694304
79 67 0.00064659
120 110 0.00498864
120 111 0.42090900
61 47 0.00252077
61 48 0.40823000
61 49 0.52357100
112 104 0.00632863
112 102 0.00555210
112 103 0.02847630
147 134 0.00096169
147 132 0.91345100
147 135 0.01035620
122 113 0.77092200
122 112 0.00470892
19 7 0.00426689
19 6 0.03500980
19 10 0.00232662
19 9 0.00087115
19 8 0.30045600
19 12 0.00090679
65 52 0.06691480
65 56 0.00157076
65 54 0.06692270
65 53 0.77137700
96 87 0.15618300
96 89 0.08513380
96 86 0.00903058
96 88 0.50020400
13 1 0.02201830
13 6 0.00129631
13 4 0.01143540
13 5 0.00205818
13 2 0.22727500
13 3 0.02876150
87 79 0.16551700
87 78 0.02032680
87 77 0.05003260
63 52 0.00680992
63 51 0.70887200
63 49 0.00156144
63 50 0.13203500
150 135 0.98585700
21 11 0.00053634
21 9 0.01273400
21 10 0.10656300
21 8 0.09983240
145 131 0.00099449
145 133 0.02019520
145 130 0.25297500
132 122 0.05037080
132 123 0.00672827
132 120 0.00365160
132 121 0.06089050
124 114 0.07283290
124 115 0.02153420
88 80 0.35266800
88 79 0.00869744
88 78 0.00637245
127 117 0.00578866
127 118 0.00944046
41 28 0.10459300
41 29 0.00953270
41 27 0.00184057
97 89 0.38563900
97 87 0.09888480
97 88 0.22181300
97 90 0.06210610
133 121 0.00562925
133 120 0.00341066
133 122 0.00826772
133 123 0.00544704
133 124 0.15162800
30 17 0.75428700
30 18 0.01825920
