30 30 0.37431000
133 133 0.46215600
97 97 0.38213300
41 41 0.50279400
88 88 0.64703700
127 127 0.33852300
132 132 0.41770400
124 124 0.37356800
145 145 0.96830300
145 148 0.00635326
21 21 0.88509600
150 150 0.99467600
63 63 0.33732000
87 87 0.52481700
13 13 0.90530300
96 96 0.28540100
65 65 0.78492400
19 19 0.55124800
122 122 0.31940100
147 147 0.97300500
147 150 0.00514702
112 112 0.64223000
61 61 0.90457100
120 120 0.36366100
79 79 0.24933800
105 105 0.44081700
110 110 0.42408600
38 38 0.37706300
7 7 0.31548500
62 62 0.42087800
26 26 0.40950500
106 106 0.33745800
8 8 0.96820700
121 121 0.34938700
144 144 0.96367800
144 147 0.00677552
22 22 0.92392500
80 80 0.26006300
115 115 0.87124700
4 4 0.29419400
25 25 0.57911400
100 100 0.60739500
3 3 0.30450300
74 74 0.36477900
126 126 0.65971900
37 37 0.35239600
54 54 0.41799100
47 47 0.31090300
91 91 0.85191100
69 69 0.85124800
104 104 0.73762300
29 29 0.44823100
90 90 0.96358000
143 143 0.96341300
143 146 0.00696678
50 50 0.98081100
2 2 0.32797000
49 49 0.33184400
27 27 0.77428100
42 42 0.96072200
51 51 0.98729000
34 34 0.33193400
44 44 0.31697100
36 36 0.35157400
14 14 0.36296900
6 6 0.29093100
113 113 0.46817800
139 142 0.00742848
139 139 0.94084200
17 17 0.30748900
103 103 0.87357500
76 76 0.31123400
9 9 0.96824800
85 85 0.39443200
20 20 0.46237500
137 140 0.00206565
137 137 0.94966600
141 144 0.00637720
141 141 0.95292100
59 59 0.42670200
52 52 0.98419300
68 68 0.91435400
148 148 0.94410200
128 128 0.37757300
58 58 0.29966000
73 73 0.41659900
107 107 0.31869900
114 114 0.57130300
1 1 0.74501900
28 28 0.42611300
31 31 0.33074100
109 109 0.36390200
60 60 0.85659200
140 143 0.00661746
140 140 0.94224700
92 92 0.52299100
81 81 0.27248000
149 149 0.76812500
57 57 0.30665900
142 142 0.39178600
142 145 0.00660684
99 99 0.38986800
23 23 0.80113100
43 43 0.39890400
12 12 0.96825600
70 70 0.34041700
45 45 0.31216300
116 116 0.89288400
86 86 0.72461200
101 101 0.86063100
84 84 0.34202000
10 10 0.96824200
5 5 0.29561200
125 125 0.66174400
48 48 0.41526800
11 11 0.96824300
123 123 0.32946200
146 146 0.35987900
146 149 0.00605662
39 39 0.45253500
119 119 0.39225200
18 18 0.32333700
78 78 0.40962900
131 131 0.95432600
75 75 0.31213300
129 129 0.43081400
94 94 0.27680100
71 71 0.47465700
117 117 0.60400300
108 108 0.31396900
102 102 0.84194500
82 82 0.38541000
15 15 0.31802400
89 89 0.96417000
95 95 0.27453600
118 118 0.66938300
32 32 0.34892800
56 56 0.35232900
138 138 0.75680000
138 141 0.00501804
67 67 0.65051700
83 83 0.29095000
72 72 0.24830800
64 64 0.38818800
111 111 0.54637500
46 46 0.35437600
98 98 0.29643800
24 24 0.69608000
130 130 0.41752800
40 40 0.38076900
136 139 0.00085775
136 136 0.94982500
33 33 0.39102900
35 35 0.35491900
55 55 0.31139400
134 134 0.64018500
53 53 0.33609500
16 16 0.31129200
66 66 0.61759600
93 93 0.60676600
77 77 0.30521100
135 135 0.66012700
