67 92 67 92 0.46073482
40 47 40 47 0.02018378
40 115 40 115 0.00478853
40 129 40 129 0.07804267
78 83 78 83 0.00845740
78 84 78 84 0.00540635
3 35 3 35 0.11878600
3 35 3 34 0.00070167
114 122 114 122 0.01315241
114 134 114 134 0.01691710
57 101 57 101 0.08988573
75 81 75 81 0.07033577
75 82 75 82 0.09552235
75 80 75 80 0.03827270
77 85 77 85 0.00123335
77 83 77 83 0.00667840
77 84 77 84 0.00945025
42 132 42 132 0.00255671
42 127 42 127 0.14565233
42 115 42 115 0.00763967
42 48 42 48 0.01202165
39 48 39 48 0.01724473
39 130 39 130 0.06533600
39 45 39 44 0.00062556
39 45 38 45 0.00052078
1 37 1 38 0.00070571
53 104 53 104 0.39316035
73 83 73 83 0.04856616
73 84 73 84 0.01426000
73 85 73 85 0.28162261
50 107 50 107 0.28563701
49 109 49 109 0.03669177
49 108 49 109 0.00101605
49 108 49 108 0.16196506
33 40 33 40 0.00317671
55 102 55 102 0.26438896
34 39 34 39 0.00695165
59 99 59 99 0.20164897
70 88 70 88 0.43110218
64 95 64 95 0.38786776
60 98 60 98 0.23732067
65 94 65 94 0.46606287
56 101 56 101 0.18514400
122 128 122 128 0.01685074
115 133 115 133 0.02965383
115 121 115 121 0.01839353
117 131 117 131 0.01902444
117 122 117 122 0.08956492
117 125 117 125 0.01939429
4 34 4 33 0.00062528
4 34 4 34 0.13390400
121 129 121 129 0.01743679
121 127 121 127 0.04389167
66 93 66 93 0.30836747
63 96 63 96 0.30558864
7 31 7 30 0.00162773
41 133 41 133 0.00639057
41 128 41 128 0.05548867
41 114 41 114 0.00693267
41 116 41 116 0.00321813
8 155 8 155 0.00553613
8 30 8 29 0.00057321
107 117 107 117 0.00063388
71 87 71 87 0.27529580
68 90 68 90 0.03620648
68 91 68 91 0.32887943
52 105 52 105 0.19470711
111 122 111 122 0.00874932
54 103 54 103 0.26867743
74 82 74 82 0.18497489
74 81 74 81 0.01812339
74 80 74 80 0.02390332
119 129 119 129 0.01175327
116 126 116 126 0.03162599
116 123 116 123 0.04569067
116 132 116 132 0.02842963
72 86 72 86 0.27501668
5 33 5 32 0.00127421
5 33 5 33 0.12906933
2 36 2 36 0.13095333
38 49 38 49 0.02805499
38 46 37 46 0.00060139
38 46 38 45 0.00211886
