63 93 63 93 0.35300520
99 155 99 155 0.00496744
99 154 99 154 0.00338095
99 159 99 159 0.00337108
40 50 40 50 0.00554238
121 136 119 135 0.00183644
112 142 112 142 0.26199233
20 49 20 49 0.05359467
122 135 120 134 0.00173168
61 95 61 95 0.14454300
72 85 72 85 0.14443445
123 134 121 133 0.00181523
41 49 41 49 0.00755425
109 145 109 145 0.29565758
53 101 53 101 0.04344979
75 82 75 82 0.31071059
2 153 2 153 0.09088175
7 19 7 19 0.03493660
70 85 70 85 0.03576100
42 48 42 48 0.14168370
5 150 5 150 0.00486280
5 160 5 160 0.02527737
5 21 5 21 0.02478451
25 46 25 46 0.18517527
25 35 25 35 0.00118980
25 33 25 33 0.13173526
124 133 122 131 0.00097845
124 133 122 132 0.00090734
65 91 65 91 0.31542128
71 85 71 85 0.08253826
18 52 18 52 0.07946253
18 154 18 154 0.00454307
39 51 39 51 0.00456124
74 83 74 83 0.30941133
56 101 56 101 0.01271674
56 100 56 100 0.04655775
56 99 56 99 0.06237099
6 20 6 20 0.05383293
6 149 6 149 0.00174127
6 159 6 159 0.01465325
120 137 118 136 0.00180802
114 140 114 140 0.23257418
33 37 33 37 0.02966013
33 38 33 38 0.12603975
100 155 100 155 0.00406911
27 45 27 45 0.14185298
106 148 106 148 0.29565415
14 57 14 57 0.01911042
14 156 14 156 0.05650431
14 151 14 151 0.00693568
32 40 32 40 0.15240471
32 38 32 38 0.06558533
13 152 13 152 0.01349123
13 157 13 157 0.06302652
110 144 110 144 0.26201781
153 159 153 159 0.00103004
1 8 1 8 0.01139170
1 154 1 154 0.04272809
1 159 1 159 0.06183824
19 153 19 153 0.00289554
19 51 19 51 0.11331682
19 27 19 27 0.00051435
111 143 111 143 0.31981724
22 50 22 50 0.04270717
22 55 22 55 0.00477861
29 43 29 43 0.18753243
59 97 59 97 0.24426977
11 159 11 159 0.03952346
11 154 11 154 0.00694097
11 52 11 52 0.00290054
66 90 66 90 0.25714579
126 131 124 129 0.00192915
125 132 123 130 0.00186603
116 139 116 139 0.03206819
116 138 116 138 0.16223746
67 89 67 89 0.25714579
119 138 117 137 0.00157302
52 102 52 102 0.02575135
37 53 37 53 0.00363589
17 155 17 155 0.00667485
17 53 17 53 0.08766993
21 50 21 50 0.04899252
16 55 16 55 0.04126145
12 51 12 51 0.00348447
12 153 12 153 0.00779019
12 158 12 158 0.06453528
24 34 24 34 0.13079701
24 53 24 53 0.00135697
24 47 24 47 0.16103014
8 18 8 18 0.04345495
101 155 101 155 0.12456807
55 102 55 102 0.00916196
55 99 55 99 0.00605537
55 100 55 100 0.05124488
55 60 55 60 0.00479204
55 101 55 101 0.03044926
31 39 31 39 0.01234147
31 41 31 41 0.18698998
23 49 23 49 0.01949982
23 48 23 48 0.17392104
23 54 23 54 0.01388858
15 56 15 56 0.02764754
15 155 15 155 0.02901230
30 42 30 42 0.19285738
107 147 107 147 0.44275100
69 87 69 87 0.25714533
76 81 76 81 0.25325837
103 158 103 158 0.00390213
103 153 103 153 0.07821521
103 152 103 152 0.01292092
103 151 103 151 0.15772723
102 159 102 159 0.00074626
102 154 102 154 0.11352968
57 98 57 98 0.04352457
108 146 108 146 0.31981858
58 98 58 98 0.19091844
104 151 104 151 0.00869872
104 152 104 152 0.03004153
104 150 104 150 0.26580130
51 103 51 103 0.01145968
64 92 64 92 0.40241558
3 152 3 152 0.05617606
68 88 68 88 0.31542128
98 156 98 156 0.00360560
98 157 98 157 0.00152562
98 160 98 160 0.00148527
98 158 98 158 0.00140121
105 149 105 149 0.31736062
10 155 10 155 0.03493649
10 53 10 53 0.01175217
