18 18 0.45345900
52 52 0.99998400
16 16 0.46337700
76 76 0.89355300
125 125 0.46340500
3 3 0.99971500
122 122 0.45346300
96 96 0.99928900
95 95 0.99929000
43 43 0.99831700
27 27 0.56463000
42 42 0.99831700
23 23 0.99995000
25 25 0.45842200
85 85 0.80003300
69 69 0.99862800
126 126 0.99990300
91 91 0.99742500
75 75 0.81124800
106 106 0.99838600
104 104 0.99776900
31 31 0.45016600
111 111 0.45016700
39 39 0.01008820
77 77 0.90402800
33 33 0.51982600
88 88 0.99751500
88 87 0.00223467
56 56 0.39425500
55 55 0.01944210
53 53 0.29456100
78 78 0.94883700
84 84 0.79878700
67 67 0.99857600
65 65 0.87651100
30 30 0.45016600
38 38 0.29042400
93 93 0.44262300
124 124 0.45346500
119 119 0.49493100
10 10 0.99997100
92 92 0.99777800
109 109 0.61490100
28 28 0.49999600
87 87 0.99767600
14 14 0.47170100
114 114 0.49999900
60 60 0.01008530
62 62 0.39492300
40 40 0.29319100
35 35 0.29710400
20 20 0.50667700
83 83 0.94461000
59 59 0.29319600
49 49 0.99998400
17 17 0.45345400
103 103 0.99772600
21 21 0.99998000
11 11 0.88897600
32 32 0.45181700
79 79 0.99873800
15 15 0.99988000
26 26 0.45015800
22 22 0.49502800
9 9 0.99998400
108 108 0.56260300
66 66 0.99851800
99 99 0.99928700
50 50 0.99998500
72 72 0.94408300
115 115 0.56463100
13 13 0.52712200
12 12 0.81899200
47 47 0.29456400
97 97 0.99928000
37 37 0.39492200
44 44 0.39427700
116 116 0.45015600
89 88 0.00168908
89 89 0.92926700
101 101 0.69776100
41 41 0.99893900
80 80 0.99880400
5 5 0.92370300
117 117 0.45840200
45 45 0.01944490
64 64 0.32543100
73 73 0.88627000
57 57 0.99799400
90 90 0.99705600
90 89 0.00122186
129 129 0.99998900
107 107 0.93098500
70 70 0.94858100
120 120 0.99979600
127 127 0.47168800
118 118 0.99983500
74 74 0.83872900
68 68 0.99862200
123 123 0.45346300
113 113 0.45016600
82 82 0.99882900
105 105 0.99774700
71 71 0.95804800
29 29 0.45016500
63 63 0.06913790
8 8 0.97606500
2 2 0.99989700
6 6 0.81900000
19 19 0.45346600
121 121 0.50664900
102 102 0.44263200
46 46 0.00982198
34 34 0.56261100
112 112 0.45016600
86 86 0.88592900
4 4 0.99969200
54 54 0.00982198
100 100 0.99928100
94 94 0.69776800
58 58 0.99811000
61 61 0.29042400
98 98 0.99927900
7 7 0.88899900
81 81 0.99883700
51 51 0.99998500
48 48 0.99998700
1 1 0.99997500
24 24 0.99994700
110 110 0.45181800
128 128 0.62730000
36 36 0.06914280
