21 21 0.62753507
35 35 0.94181073
83 83 0.33842124
102 102 0.62602732
106 106 0.97092006
54 55 0.00112445
54 54 0.69704964
65 65 0.57207942
79 78 0.00087984
79 79 0.82982097
28 28 0.82637048
43 43 0.90244407
132 132 0.89160856
132 133 0.00303311
36 36 0.85911414
26 26 0.75776332
141 141 0.71209192
18 19 0.00059260
18 18 0.76771233
20 20 0.87804616
74 74 0.30457434
134 135 0.00187192
134 134 0.76270460
126 126 0.36071785
22 22 0.86451263
131 132 0.00234933
131 131 0.57685474
93 93 0.65012894
68 68 0.75343712
91 91 0.55600551
11 9 0.00150372
11 12 0.00679912
11 11 0.83339656
11 10 0.00120985
96 96 0.47627054
2 3 0.00121266
2 1 0.00098504
2 2 0.94173537
129 129 0.48013369
23 23 0.99190186
130 131 0.00057291
130 130 0.57224393
117 117 0.96550194
66 66 0.60975105
111 111 0.68240717
89 89 0.68485541
17 17 0.75045401
17 18 0.00065343
125 125 0.53208788
33 33 0.83531522
87 87 0.62986829
5 4 0.00398250
5 6 0.00476190
5 3 0.00251243
5 5 0.73209149
39 39 0.76772957
120 120 0.59984689
58 58 0.46627301
19 20 0.00082147
19 19 0.80452508
114 114 0.65571810
7 7 0.53302479
7 6 0.00412967
7 8 0.00206179
7 5 0.00250399
127 127 0.61351204
112 112 0.25168201
97 97 0.87152941
1 1 0.90837063
137 137 0.76411612
105 105 0.97122448
10 9 0.00171404
10 11 0.00876403
10 8 0.00191870
10 10 0.87356347
75 75 0.63840699
88 88 0.68309606
13 13 0.81772953
13 14 0.00207413
56 56 0.72823975
115 115 0.57508327
140 140 0.78315315
38 38 0.70706125
8 7 0.00322395
8 6 0.00205672
8 8 0.71871907
8 9 0.01152073
41 41 0.73609706
78 77 0.00199778
78 78 0.95643523
108 108 0.64177229
135 135 0.87319560
135 136 0.00061430
80 80 0.61253428
92 92 0.61992077
59 59 0.64675759
84 84 0.45653962
94 94 0.66389854
4 2 0.00232781
4 4 0.88900930
4 3 0.00364588
4 5 0.00795611
85 85 0.48585810
9 7 0.00138303
9 9 0.71475757
9 10 0.01041164
9 8 0.00188416
121 121 0.62831494
6 7 0.00623986
6 4 0.00263197
6 6 0.63206020
6 5 0.00423650
67 67 0.70077109
53 53 0.76712429
53 54 0.00162077
31 31 0.69139315
16 17 0.00097104
16 16 0.88456336
15 16 0.00108763
15 15 0.75649210
46 46 0.74474484
139 139 0.94864133
104 104 0.71375266
124 124 0.89184472
123 123 0.59132289
40 40 0.79110796
27 27 0.70026704
138 138 0.80161481
103 103 0.26383856
30 30 0.83790610
57 57 0.71482538
69 69 0.59890491
49 49 0.75671720
49 50 0.00077891
136 136 0.68835762
76 76 0.46484393
50 50 0.69790052
50 51 0.00061866
29 29 0.73015898
52 52 0.65303532
60 60 0.86669801
45 45 0.79658983
24 24 0.72397147
3 3 0.83044838
3 2 0.00071765
3 4 0.00175858
119 119 0.92537927
25 25 0.54834583
51 51 0.70131647
51 52 0.00114117
77 77 0.79864770
77 76 0.00071587
86 86 0.49528697
122 122 0.58510050
34 34 0.89150238
37 37 0.78367868
72 72 0.44978795
62 62 0.65100245
32 32 0.83137924
100 100 0.69264626
98 98 0.70432841
64 64 0.70671318
118 118 0.69228806
48 48 0.78187187
73 73 0.37577953
109 109 0.72125455
14 14 0.95304144
14 15 0.00140431
70 70 0.35867841
95 95 0.61157964
110 110 0.70427623
82 82 0.43218575
71 71 0.42469284
12 13 0.00453442
12 10 0.00108635
12 11 0.00085340
12 12 0.86692311
47 47 0.76017247
81 81 0.79847938
55 56 0.00096756
55 55 0.87528784
133 133 0.86655957
133 134 0.00285370
113 113 0.91785331
42 42 0.76789931
99 99 0.52900861
44 44 0.82224643
90 90 0.64743090
101 101 0.93283234
61 61 0.86911879
107 107 0.54813011
128 128 0.57666609
116 116 0.77122739
63 63 0.57886842
