42 47 42 47 0.34266400
89 102 89 102 0.20178000
111 121 110 121 0.00093640
111 120 111 120 0.10386000
111 158 110 158 0.00133161
34 54 34 54 0.61219800
113 118 112 117 0.00447896
32 57 32 57 0.05108670
32 56 32 56 0.47670300
37 51 38 51 0.00061221
90 101 90 101 0.20192700
35 53 35 53 0.89966000
40 49 40 49 0.96054400
40 49 41 49 0.00064920
29 58 29 58 0.03956690
30 58 30 58 0.49835300
109 116 109 116 0.34327200
43 47 43 47 0.05626090
112 120 111 120 0.00200151
112 120 111 119 0.00215372
112 121 112 121 0.03298100
112 121 111 120 0.00075976
27 62 27 63 0.00106448
28 61 28 62 0.00064917
39 50 39 50 0.54904700
103 110 102 109 0.00093585
103 117 103 117 0.71141000
103 111 103 111 0.05349080
108 113 108 113 0.02282410
108 115 108 115 0.24477500
108 114 108 114 0.02677520
36 52 36 52 0.96833000
104 116 104 116 0.38907000
52 60 52 60 0.00122291
31 58 31 59 0.00059143
4 155 2 155 0.00079123
110 123 110 123 0.00663250
110 121 110 121 0.05560590
110 121 109 120 0.00139438
110 115 111 116 0.00062931
