10 152 10 152 0.53920700
10 158 10 158 0.00474780
141 157 141 157 0.00359942
112 121 112 121 0.00889553
112 120 112 120 0.01051100
6 158 6 158 0.07316230
6 156 6 156 0.47686100
140 158 140 158 0.00399756
9 153 9 153 0.54757400
9 159 9 159 0.00757185
34 54 34 54 0.32061700
32 105 32 105 0.05474280
67 87 67 87 0.30858400
146 160 146 160 0.00131949
15 152 15 152 0.01001290
12 147 12 147 0.22767600
12 151 12 151 0.11467400
12 155 12 155 0.00259933
11 150 11 150 0.05167870
11 157 11 157 0.00241718
11 151 11 151 0.36684900
108 115 108 115 0.36461300
108 114 108 114 0.04039970
38 100 38 100 0.01028500
142 156 142 156 0.00592412
33 104 33 104 0.08812150
117 136 117 136 0.34528100
104 113 104 113 0.03264860
1 15 1 15 0.00101185
128 132 128 132 0.08730830
121 132 121 132 0.25442400
145 150 145 150 0.03745700
126 134 126 134 0.11661600
7 157 7 157 0.02606030
7 155 7 155 0.48765300
73 81 73 81 0.67227500
14 149 14 148 0.00059919
14 145 14 145 0.24816800
14 153 14 153 0.00525071
41 55 41 55 0.00085939
41 48 41 48 0.60271800
16 143 16 143 0.55319400
120 133 120 133 0.28678500
39 50 39 50 0.70318400
62 90 62 90 0.21867700
147 159 147 159 0.00223042
2 14 2 14 0.00127392
2 142 2 142 0.00215712
107 116 107 116 0.25085400
118 135 118 135 0.34528500
143 155 143 155 0.01890620
17 142 17 142 0.18290600
111 115 111 115 0.04569130
111 122 111 122 0.00803354
111 121 111 121 0.00794383
42 47 42 47 0.69814100
72 82 72 82 0.66929700
40 56 40 56 0.00201948
40 49 40 49 0.60155800
35 53 35 53 0.29317300
35 102 35 102 0.04074690
70 84 70 84 0.40927600
8 154 8 154 0.55021300
60 92 60 92 0.26761900
151 159 151 159 0.00101412
68 86 68 86 0.30858400
36 52 36 52 0.60898400
36 101 36 101 0.01671050
110 123 110 123 0.00732284
110 116 110 116 0.02285470
110 122 110 122 0.00680519
65 89 65 89 0.11104500
116 137 116 137 0.17776700
127 133 127 133 0.07665990
119 134 119 134 0.22246700
61 91 61 91 0.36508200
3 160 3 160 0.15067400
3 13 3 13 0.00103767
3 141 3 141 0.00191470
74 80 74 80 0.76338700
13 150 13 150 0.11219900
13 154 13 154 0.00278089
13 146 13 146 0.18403800
