79 90 79 90 0.37618700
107 111 106 111 0.00118463
97 121 97 120 0.02578810
97 121 96 121 0.01315720
97 115 97 115 0.19970900
133 155 133 155 0.95288200
104 111 103 111 0.00242407
104 111 104 110 0.00127819
95 123 94 123 0.01424970
95 123 95 122 0.09385620
135 153 135 153 0.36858500
91 127 91 127 0.01662830
140 148 140 148 0.95628700
94 124 94 123 0.09551320
94 124 93 124 0.04597300
93 125 93 124 0.03637640
106 113 105 113 0.00082272
106 113 106 113 0.00257865
106 113 106 112 0.00551212
106 114 106 114 0.00640651
100 112 100 112 0.88601600
100 118 99 118 0.01085110
100 118 100 117 0.02481680
10 16 10 16 0.17313200
101 117 100 117 0.00666202
101 117 101 116 0.00228642
101 117 101 117 0.00470367
101 111 101 111 0.66513000
86 93 86 92 0.00122969
103 110 102 110 0.01157150
103 115 103 115 0.00856033
103 113 103 113 0.00195097
102 116 102 116 0.00600595
102 116 101 116 0.00246656
102 111 102 110 0.00149268
102 111 101 111 0.01518180
132 156 132 156 0.60499500
81 93 81 92 0.00092547
81 88 81 88 0.35904600
9 14 9 14 0.04135220
9 18 9 18 0.06130920
9 17 9 17 0.15590900
9 15 9 15 0.08327690
99 119 98 119 0.01340980
99 119 99 118 0.04504100
80 89 80 89 0.27717600
141 147 140 146 0.00090326
78 91 78 91 0.75326100
134 154 134 154 0.32641900
83 91 83 90 0.00116708
98 114 98 114 0.65729100
98 120 97 120 0.03121400
98 120 98 119 0.03667700
105 113 105 113 0.01017660
105 113 105 112 0.00070232
105 114 105 113 0.00572273
105 114 104 114 0.00216567
105 115 105 115 0.00098994
105 115 104 114 0.00064862
105 110 104 110 0.00391135
