118 119 0.00334055
118 118 0.96433700
118 117 0.02984830
76 76 0.97996000
53 52 0.01378290
53 53 0.96528600
53 54 0.00050022
154 154 0.85913100
58 58 0.97960200
138 138 0.98826700
23 24 0.01284150
23 23 0.93793600
30 30 0.91336200
130 131 0.00069074
130 130 0.99769000
130 129 0.00060581
18 19 0.00418879
18 18 0.76417400
26 26 0.88411400
26 27 0.00506525
26 25 0.00060526
103 102 0.00642132
103 103 0.93268400
97 97 0.86816900
33 33 0.91748700
122 122 0.97136000
122 121 0.02511700
122 123 0.00199009
81 80 0.00177196
81 81 0.97578700
120 119 0.03283270
120 121 0.00311792
120 120 0.96279400
145 145 0.54416600
145 146 0.00627147
74 74 0.97995100
46 46 0.95102000
46 47 0.00099775
79 78 0.00059128
79 79 0.97882700
66 66 0.98004400
21 21 0.96482600
21 22 0.01210730
63 63 0.98002700
108 107 0.02431400
108 108 0.80084200
132 132 0.99874300
132 131 0.00062258
148 149 0.00857275
148 148 0.61009800
148 147 0.00063128
44 45 0.00123138
44 44 0.97810900
71 71 0.98004400
94 94 0.78227900
94 93 0.00137245
50 50 0.96144900
50 49 0.01560780
50 51 0.00089439
72 72 0.98004200
135 135 0.99936200
80 80 0.97777400
80 79 0.00084437
54 54 0.96986500
54 53 0.00959947
54 55 0.00050643
22 23 0.01217140
22 22 0.96402500
158 158 0.90379700
159 159 0.99990500
88 88 0.82301600
88 87 0.00245850
5 5 0.86158400
5 6 0.01165850
62 62 0.97993800
48 48 0.90750500
48 47 0.00682533
48 49 0.00061367
117 118 0.00351810
117 117 0.96426600
117 116 0.01828310
96 96 0.83670800
109 109 0.80097400
109 108 0.00830276
43 43 0.95619400
43 44 0.00131709
42 42 0.95611000
42 41 0.00050225
42 43 0.00116452
131 131 0.99801900
131 130 0.00071857
4 5 0.00363842
4 4 0.99618900
20 21 0.00672880
20 20 0.94379100
17 17 0.59723800
17 18 0.00419629
17 16 0.00055752
75 75 0.98001200
27 27 0.90048000
27 26 0.00110054
27 28 0.00351280
112 112 0.86134500
112 111 0.00459582
51 51 0.96135800
51 52 0.00083323
51 50 0.01727310
32 32 0.91752000
29 28 0.00201072
29 29 0.20614600
25 26 0.00559910
25 25 0.87035400
13 14 0.00729835
13 13 0.99086700
13 12 0.00074354
89 88 0.02367910
89 89 0.83001900
90 90 0.85210500
90 89 0.00788251
110 109 0.00369609
110 110 0.72910000
38 38 0.73139600
55 54 0.00530960
55 55 0.97412900
149 150 0.00824665
149 149 0.97029300
147 148 0.00885347
147 147 0.96804700
78 78 0.97919100
8 8 0.98439600
8 9 0.01273000
68 68 0.98004400
133 133 0.99893100
100 99 0.00132945
100 100 0.96491700
157 157 0.85145300
11 12 0.00785651
11 11 0.99005400
35 35 0.91766100
134 134 0.99902100
87 87 0.90741400
87 86 0.02776050
143 143 0.96927700
156 156 0.88168400
85 85 0.74280100
85 84 0.01192330
105 105 0.43845200
105 104 0.04430690
113 112 0.05246120
113 113 0.25049700
113 114 0.00075217
67 67 0.98004700
123 123 0.99166800
123 124 0.00090705
123 122 0.00592066
106 106 0.73641000
106 105 0.01586180
36 36 0.90505500
31 31 0.91755500
152 152 0.95002500
129 129 0.99718500
129 130 0.00117803
129 128 0.00059734
83 82 0.00553648
83 83 0.97346200
41 41 0.85235300
41 40 0.00072012
41 42 0.00061316
128 129 0.00155129
128 128 0.99727800
128 127 0.00055451
107 107 0.83846500
107 106 0.01929130
14 13 0.00075148
14 14 0.99039400
14 15 0.00642069
101 100 0.00124302
101 102 0.00060037
101 101 0.96184800
93 93 0.50646000
93 92 0.00305803
24 25 0.01523080
24 24 0.88293700
98 98 0.92152000
84 84 0.96794000
84 83 0.00640700
127 126 0.00061558
127 128 0.00078548
127 127 0.99815200
155 155 0.53688200
2 3 0.00134579
2 2 0.99824800
77 77 0.97957300
28 28 0.29516100
28 27 0.00284161
28 29 0.00134958
34 34 0.91763300
125 125 0.99753500
125 124 0.00127996
125 126 0.00061446
142 142 0.64487300
144 144 0.77975900
144 145 0.00080771
49 50 0.00060830
49 48 0.01366600
49 49 0.96372300
60 60 0.97944000
73 73 0.98003400
57 57 0.97951100
10 11 0.00872238
10 10 0.98838400
6 7 0.01323900
6 6 0.98598400
70 70 0.98003600
15 14 0.00079684
15 16 0.00517445
15 15 0.63331000
19 19 0.81343400
19 20 0.00532224
56 55 0.00102571
56 56 0.97885700
91 91 0.87216500
91 90 0.00683422
7 7 0.98430800
7 8 0.01453900
12 13 0.00721978
12 12 0.99021400
86 85 0.01742150
86 86 0.83881800
45 46 0.00095614
45 45 0.97832600
115 115 0.94396400
115 114 0.00846644
115 116 0.00403464
59 59 0.97961600
136 136 0.40787200
65 65 0.98004600
39 39 0.95390600
39 38 0.00215882
146 147 0.00880902
146 146 0.57329900
141 141 0.85313700
137 137 0.46665100
139 139 0.78461100
3 4 0.00226192
3 3 0.46481000
52 52 0.96319600
52 53 0.00072223
52 51 0.01556240
116 117 0.00501183
116 115 0.01991950
116 116 0.94735200
119 118 0.03159540
119 119 0.96250000
119 120 0.00347036
99 99 0.93311500
114 115 0.00076037
114 114 0.93835700
114 113 0.00637659
153 153 0.72260200
102 103 0.00060183
102 101 0.00372630
102 102 0.83201400
126 126 0.99818300
126 127 0.00070549
126 125 0.00066533
150 151 0.00191675
150 150 0.97133100
47 46 0.00142339
47 47 0.88397600
47 48 0.00073915
92 91 0.01811840
92 92 0.74823500
82 82 0.97403300
82 81 0.00368489
124 124 0.99677600
124 125 0.00076766
124 123 0.00188140
64 64 0.98004100
121 122 0.00302647
121 121 0.96709000
121 120 0.02904240
104 103 0.02973890
104 104 0.75358500
9 10 0.01073750
9 9 0.98641400
16 17 0.00470139
16 16 0.99165000
16 15 0.00101469
140 140 0.85424700
95 95 0.95962700
40 40 0.92635800
40 39 0.00081489
37 37 0.94647700
111 110 0.11820500
111 111 0.85888300
1 1 0.90220600
61 61 0.97958500
69 69 0.98003600
151 152 0.00073337
151 151 0.97851400
