152 152 0.21902000
83 83 0.97876800
41 40 0.02472460
41 41 0.47471900
128 127 0.00068742
128 128 0.97708300
129 128 0.00152634
129 129 0.97699800
14 14 0.02684730
14 12 0.00319209
14 13 0.91446700
101 101 0.74888600
93 93 0.40314000
107 107 0.72145100
127 127 0.97801700
127 126 0.00059249
84 84 0.97876400
24 24 0.03476850
24 23 0.88910000
98 98 0.99893400
35 34 0.00093654
35 35 0.25975900
35 33 0.00059094
11 9 0.00065418
11 11 0.06290430
11 10 0.92064600
134 134 0.97745700
85 85 0.85433400
143 142 0.00064759
143 144 0.00485303
143 143 0.97196600
87 87 0.04663560
156 156 0.99950600
67 67 0.97875600
105 105 0.19884700
113 113 0.98129100
36 36 0.68026100
106 106 0.20167100
31 31 0.87821300
31 29 0.00081875
31 30 0.03837910
123 123 0.97829500
38 36 0.00053753
38 37 0.00140368
38 38 0.85865300
90 90 0.72137600
89 89 0.46966800
110 110 0.04639220
55 54 0.65062800
55 55 0.32781500
55 56 0.00095010
149 149 0.97855800
149 150 0.00450951
149 148 0.00917362
78 78 0.97863800
147 148 0.01243400
147 146 0.00322957
147 147 0.96150200
133 133 0.97780100
100 100 0.82328300
157 157 0.55626100
8 8 0.02727860
8 7 0.24874400
68 68 0.97877300
4 4 0.08372680
4 3 0.46756500
20 20 0.01172430
20 19 0.47506400
20 18 0.00083627
42 41 0.18041200
42 40 0.00051476
42 42 0.45096600
131 131 0.97763700
131 130 0.00077307
17 17 0.02497320
17 16 0.31570200
17 15 0.00510249
75 75 0.97876500
27 27 0.03463340
27 26 0.55415000
51 52 0.01461220
51 50 0.46860300
51 51 0.28273300
112 112 0.98125000
13 11 0.00227339
13 12 0.91689000
13 13 0.04663960
29 29 0.04515700
29 28 0.19277800
25 24 0.56361500
25 25 0.03330680
32 31 0.02671230
32 32 0.90070700
32 30 0.00076819
80 80 0.97857100
22 21 0.71358300
22 22 0.03456110
54 54 0.32208800
54 55 0.00493971
54 53 0.65225200
72 72 0.97877200
135 135 0.97735700
135 134 0.00069340
158 158 0.57010200
159 159 0.69091600
48 48 0.27024400
48 47 0.05498250
48 49 0.00429375
5 4 0.91273600
5 5 0.01634960
62 61 0.05621570
62 60 0.00051304
62 62 0.92179000
88 88 0.99589500
88 89 0.00076298
117 117 0.97860300
43 42 0.37428300
43 43 0.34326700
96 96 0.68802600
109 109 0.99656200
145 144 0.00202054
145 145 0.96326600
145 146 0.01172500
120 121 0.00114280
120 120 0.97638900
66 66 0.97863300
21 19 0.00138987
21 20 0.26235200
21 21 0.00370533
63 62 0.01160490
63 63 0.96703900
108 108 0.46992900
74 74 0.97869600
46 46 0.28200100
46 45 0.23737100
79 79 0.97859500
50 49 0.11109400
50 51 0.01640460
50 50 0.28162600
94 94 0.52946300
132 132 0.97803900
71 71 0.97874200
148 147 0.00360929
148 148 0.96205500
148 149 0.00865671
44 44 0.32264800
44 43 0.42166600
18 17 0.25750300
18 18 0.02071420
18 16 0.00374255
23 23 0.03339210
23 22 0.73313600
130 129 0.00121220
130 130 0.97747900
30 30 0.77779500
30 29 0.16137600
26 25 0.75534600
26 26 0.03447500
103 103 0.99755200
81 81 0.97852600
122 121 0.00078970
122 122 0.97723900
33 32 0.02129180
33 33 0.84757700
33 31 0.00066042
97 97 0.99893100
76 76 0.97876300
118 119 0.00088144
118 118 0.97781100
154 154 0.55211300
53 54 0.00893403
53 52 0.66343700
53 53 0.30658800
58 57 0.40410400
58 58 0.36409800
138 138 0.97819200
95 95 0.74857400
37 37 0.69338900
40 39 0.00536356
40 40 0.74511100
61 59 0.00066808
61 61 0.64194200
61 60 0.33524200
69 69 0.97876600
1 1 0.56897400
111 111 0.13531100
151 151 0.65871400
64 63 0.00222067
64 64 0.97650000
121 121 0.97674800
121 122 0.00065700
121 120 0.00064172
9 9 0.06571880
9 8 0.15147600
104 104 0.70463400
16 14 0.00374649
16 15 0.91640500
16 16 0.01736060
140 140 0.97727400
140 141 0.00113466
47 46 0.65014300
47 47 0.26640200
47 48 0.00074347
92 92 0.42041300
82 82 0.97874500
124 124 0.97828600
137 136 0.00052120
137 137 0.97781000
139 139 0.97827800
141 141 0.97684200
141 142 0.00132754
116 116 0.97871200
52 51 0.05603490
52 53 0.01286360
52 52 0.29480900
3 3 0.08857920
3 2 0.44697700
114 114 0.85432300
119 120 0.00154260
119 119 0.97664800
99 99 0.99893200
126 126 0.97812300
150 150 0.99070200
150 149 0.00146151
102 102 0.68751700
153 153 0.31425700
115 115 0.97873000
59 59 0.39052000
59 58 0.02086470
45 45 0.26930400
45 44 0.08655450
39 39 0.91635700
39 38 0.00323943
136 136 0.97750700
136 135 0.00064183
65 65 0.97791300
65 64 0.00079881
146 146 0.96236000
146 147 0.01223060
146 145 0.00312113
15 13 0.00246613
15 15 0.01907950
15 14 0.87416200
56 56 0.34341100
56 55 0.63913500
19 17 0.00152623
19 18 0.82578600
19 19 0.01250080
7 6 0.48463000
7 7 0.02527790
91 91 0.57314400
12 11 0.91756700
12 12 0.05485470
12 10 0.00724667
86 86 0.13538100
49 49 0.28097700
49 48 0.15557200
49 50 0.00442433
73 73 0.97876900
60 59 0.39980200
60 60 0.50561500
70 70 0.97876200
57 57 0.34710100
57 56 0.01865410
6 6 0.04884860
6 5 0.50063300
10 9 0.59216600
10 10 0.06452330
155 155 0.53248900
2 2 0.12308400
2 1 0.12220400
77 77 0.97869800
34 32 0.00064049
34 33 0.00328941
34 34 0.92477600
28 27 0.49059700
28 28 0.01788890
142 142 0.97430000
142 143 0.00300024
144 143 0.00108643
144 144 0.96781900
144 145 0.00801676
125 125 0.97810900
