118 118 0.99981700
110 110 0.68314000
49 49 0.92784100
72 72 0.99998900
111 111 0.73522500
69 69 0.55642400
153 153 0.99996400
112 112 0.75683800
136 136 0.65995000
11 11 0.99982100
39 39 0.59813600
156 156 0.99998800
94 94 0.99996900
130 130 0.88037100
44 44 0.99713900
1 1 0.86912400
151 151 0.89095500
138 138 0.99984500
12 12 0.99971800
87 87 0.60666800
143 143 0.99997000
90 90 0.73234100
128 128 0.84513300
65 65 0.99991900
32 32 0.99730600
23 23 0.60221600
96 96 0.99998500
5 5 0.99998400
16 16 0.68245700
95 95 0.99998200
38 38 0.30797000
131 131 0.86407600
127 127 0.62642000
101 101 0.99991700
129 129 0.91654300
37 37 0.68114600
142 142 0.96011200
158 158 0.75398400
74 74 0.61459300
27 27 0.99994000
67 67 0.56954200
125 125 0.97378900
24 24 0.64379100
10 10 0.99990900
108 108 0.99998800
47 47 0.99740700
42 42 0.99726000
120 120 0.66546700
54 54 0.89085000
133 133 0.86055800
30 30 0.59832500
137 137 0.99982500
114 114 0.89103300
124 124 0.89817500
92 92 0.73883400
48 48 0.99753100
83 83 0.66522200
119 119 0.99991400
73 73 0.63336100
105 105 0.99998900
115 115 0.86279200
88 88 0.99997700
66 66 0.60666100
51 51 0.99757500
135 135 0.73915000
18 18 0.99816800
75 75 0.72044100
117 117 0.99970000
15 15 0.30978300
13 13 0.99953500
8 8 0.99998500
60 60 0.99998700
98 98 0.99991900
61 61 0.73885000
150 150 0.92737100
14 14 0.55194300
85 85 0.55971100
52 52 0.99944700
154 154 0.99998200
149 149 0.99998500
45 45 0.91246900
107 107 0.99997400
35 35 0.99689400
89 89 0.99990100
43 43 0.99727400
22 22 0.69845900
62 62 0.68854500
102 102 0.99997400
36 36 0.03617300
68 68 0.55971200
56 56 0.99979100
9 9 0.99998200
106 106 0.99997400
144 144 0.99987900
63 63 0.73237100
100 100 0.99977300
19 19 0.73475600
53 53 0.99967100
99 99 0.99987000
123 123 0.89531300
25 25 0.99994900
55 55 0.92730600
7 7 0.99997600
26 26 0.99994500
58 58 0.93130200
113 113 0.99981100
71 71 0.55807100
28 28 0.93660300
57 57 0.99987400
76 76 0.99998500
132 132 0.83826600
41 41 0.99723300
64 64 0.99998400
97 97 0.99997500
157 157 0.85486600
103 103 0.99998500
29 29 0.99767300
79 79 0.72043600
33 33 0.43336200
148 148 0.99998100
140 140 0.92028500
160 160 0.86912400
20 20 0.92617900
91 91 0.68853900
17 17 0.03740790
81 81 0.63335700
6 6 0.99997700
46 46 0.99740000
86 86 0.56954400
93 93 0.99996300
78 78 0.99998200
141 141 0.95297600
2 2 0.79466500
77 77 0.99998400
82 82 0.55806700
40 40 0.94904900
159 159 0.79466500
116 116 0.99969900
122 122 0.65229800
4 4 0.85486400
139 139 0.95376600
121 121 0.67147000
152 152 0.99993400
146 146 0.99983800
145 145 0.99989000
109 109 0.99997400
84 84 0.55642300
21 21 0.65480500
126 126 0.50041500
31 31 0.59113200
70 70 0.66522300
134 134 0.83969500
80 80 0.61459200
147 147 0.99995600
155 155 0.99998700
59 59 0.93009900
3 3 0.75398300
50 50 0.84430500
104 104 0.99998500
34 34 0.69681100
