47 62 47 62 0.05290140
47 56 47 56 0.10663600
60 67 60 67 0.00187623
60 69 60 69 0.00121159
81 131 81 131 0.70440700
81 132 81 131 0.00082625
81 133 81 133 0.02277530
11 70 11 70 0.20224000
26 47 26 47 0.00466169
69 75 69 75 0.07560490
44 60 44 60 0.09146610
44 50 44 50 0.06490810
44 51 44 51 0.18020800
1 79 1 79 0.29315500
74 133 74 133 0.00076040
64 78 64 78 0.00445991
58 64 58 64 0.02882370
18 58 18 58 0.01085090
131 155 131 155 0.02558050
9 67 9 67 0.02600450
9 70 9 70 0.11611700
9 45 9 45 0.00081328
8 71 8 71 0.10372800
8 68 8 68 0.02170590
8 73 8 73 0.09078940
5 16 5 16 0.01134620
99 112 98 112 0.00071146
40 63 40 63 0.26769900
39 64 39 64 0.36146300
65 77 65 77 0.01511140
102 109 102 109 0.81148600
102 108 102 108 0.03921710
55 69 55 69 0.00107277
17 59 17 59 0.00696306
133 151 133 151 0.02500320
133 152 133 152 0.28893600
27 46 27 46 0.00469642
51 70 51 70 0.00098947
51 57 51 57 0.04362790
51 58 51 58 0.10376800
90 121 92 121 0.00135968
90 121 91 121 0.00074073
94 116 96 116 0.00163203
94 116 94 116 0.42567800
71 76 71 76 0.06500610
59 63 59 63 0.03761760
52 57 52 57 0.13566000
52 63 52 63 0.00401182
52 61 52 61 0.00483953
52 69 52 69 0.00185507
52 67 52 67 0.00159438
52 65 52 65 0.00774735
57 64 57 64 0.01959910
93 117 95 117 0.00244259
93 117 93 118 0.00155051
3 9 3 9 0.06514070
3 18 3 18 0.00709611
3 77 3 77 0.41042000
89 122 89 122 0.70572300
136 149 136 149 0.47173900
48 61 48 61 0.05724640
48 58 48 58 0.03361680
75 132 75 132 0.00101276
19 57 19 57 0.00866641
78 84 78 84 0.00265365
78 129 78 129 0.00251523
78 135 78 135 0.02650700
83 130 83 129 0.00167536
6 70 6 70 0.04492510
53 64 53 64 0.00949441
53 62 53 62 0.01178320
53 60 53 60 0.01550990
53 68 53 68 0.00295330
53 66 53 66 0.00358179
45 59 45 59 0.09071210
45 49 45 49 0.21060700
45 50 45 50 0.12266100
45 64 45 64 0.02790790
16 60 16 60 0.01067210
97 113 99 113 0.00089479
97 113 97 115 0.00051584
97 113 97 113 0.71014800
82 131 82 130 0.00090317
82 132 82 132 0.01365530
82 130 82 130 0.45720900
43 66 43 66 0.01149700
43 60 43 60 0.21089700
43 52 43 52 0.15048000
43 51 43 51 0.03256800
13 68 13 68 0.44619500
13 66 13 66 0.27761200
88 123 88 123 0.97935500
100 111 100 111 0.64301700
49 57 49 57 0.06242570
96 114 96 116 0.00055401
96 114 97 114 0.00056840
14 65 14 65 0.16968700
14 67 14 67 0.16362400
4 8 4 8 0.08252440
4 76 4 76 0.26237800
4 17 4 17 0.00624442
56 61 56 61 0.01326670
56 65 56 65 0.02312560
32 41 32 41 0.02457580
130 154 130 154 0.00574648
46 63 46 63 0.03577010
46 57 46 57 0.08150300
61 68 61 68 0.00285863
41 54 41 54 0.06898610
41 62 41 62 0.33078400
41 68 41 68 0.00411670
84 130 84 130 0.09414060
80 132 80 132 0.38379400
80 133 80 133 0.03951690
80 130 80 130 0.00808154
68 76 68 76 0.02831930
76 138 76 138 0.00083835
76 135 76 135 0.00061083
76 136 76 136 0.00171082
91 120 93 120 0.00118799
91 120 91 121 0.00117431
91 120 91 120 0.86566100
91 120 92 120 0.00060721
79 133 79 133 0.09537890
79 131 79 131 0.00467908
79 134 79 134 0.03908500
70 77 70 77 0.02725860
132 152 132 152 0.03267800
132 154 132 154 0.12192800
101 110 101 110 0.64692300
62 67 62 67 0.01313270
62 70 62 70 0.00058377
12 67 12 67 0.06695640
12 69 12 69 0.24556800
50 57 50 57 0.01743490
50 58 50 58 0.05067390
50 67 50 67 0.00076101
29 44 29 44 0.01532950
139 146 139 146 0.96291700
140 145 140 145 0.79565800
85 127 85 126 0.00080379
85 127 85 127 0.23191800
2 78 2 78 0.90683100
2 45 2 45 0.00056252
54 65 54 65 0.00515311
54 67 54 67 0.00924426
54 61 54 61 0.03143850
54 63 54 63 0.01379560
66 78 66 78 0.00301545
66 76 66 76 0.01815850
103 108 103 108 0.86661900
63 79 63 79 0.00070120
95 115 95 115 0.42733300
95 115 97 115 0.00227207
7 69 7 69 0.03906690
77 134 77 134 0.00070652
77 130 77 130 0.00067148
67 77 67 77 0.01549510
67 75 67 75 0.03813290
134 151 134 151 0.37716800
42 61 42 61 0.29175800
42 53 42 53 0.12179800
42 67 42 67 0.01033810
135 150 135 150 0.74946600
92 118 94 118 0.00094851
92 118 92 118 0.12707200
92 119 92 120 0.00099196
92 119 92 119 0.56586500
28 45 28 45 0.00827247
73 134 73 134 0.00058636
