81 81 0.78860400
140 140 0.99998700
48 48 0.15331100
137 137 0.99998300
42 42 0.99691200
121 121 0.99984200
10 10 0.38981800
92 92 0.75549000
4 4 0.69507700
83 83 0.80348800
103 104 0.00077240
103 103 0.93591200
103 105 0.00105219
103 102 0.00735334
103 101 0.00157461
103 106 0.00100664
35 35 0.99346500
87 87 0.99147400
66 66 0.90646600
47 47 0.63220000
96 96 0.87689300
27 27 0.78306400
101 102 0.00059583
101 101 0.93422400
101 104 0.00365850
101 100 0.05124140
101 99 0.00085543
26 26 0.74780400
15 15 0.99184100
74 74 0.85571800
115 115 0.99916800
59 59 0.95046000
104 107 0.00060302
104 106 0.00193587
104 105 0.00186547
104 102 0.00177783
104 103 0.02925150
104 104 0.94649100
139 139 0.99998500
5 5 0.38134700
37 37 0.67330100
32 32 0.66652700
72 72 0.99371100
72 71 0.00067860
120 120 0.99991200
3 3 0.67779600
91 91 0.99290000
126 126 0.99995900
34 34 0.99342700
146 146 0.99961800
24 24 0.96730400
123 123 0.99995200
114 114 0.99907700
54 54 0.97962600
99 102 0.00116736
99 99 0.94001000
99 98 0.00792352
19 19 0.13973100
67 67 0.76874600
112 112 0.99852500
112 113 0.00055257
40 40 0.99598300
58 58 0.97513800
23 23 0.94146900
53 53 0.97976900
132 132 0.99998500
18 18 0.43005500
150 150 0.99997800
62 62 0.99406500
151 151 0.99998500
6 6 0.69882100
125 125 0.99998300
94 94 0.76915400
51 51 0.97982900
108 108 0.99368500
108 110 0.00167625
108 107 0.00292867
108 106 0.00071219
60 60 0.97424500
21 21 0.50157500
78 78 0.69413800
39 39 0.99524800
124 124 0.99997800
89 89 0.83811000
68 68 0.70962800
88 88 0.99144100
29 29 0.75237000
118 118 0.99979400
71 71 0.98946700
71 73 0.00105280
71 70 0.00056930
80 80 0.98995100
127 127 0.99981200
154 154 0.99989700
93 93 0.82608700
82 82 0.76917800
95 95 0.78857900
133 133 0.99998700
98 98 0.98061500
98 97 0.00091339
131 131 0.99998600
144 144 0.99994600
41 41 0.99676200
79 79 0.94727900
16 16 0.76628100
57 57 0.80233800
44 44 0.99558000
84 84 0.75554000
86 86 0.99191100
70 72 0.00189964
70 70 0.98939600
134 134 0.99998600
7 7 0.35268400
45 45 0.99558400
90 90 0.88004200
31 31 0.15019500
8 8 0.31838400
145 145 0.99973100
142 142 0.99997100
147 147 0.99964100
128 128 0.99987000
50 50 0.85969800
117 117 0.99985000
73 72 0.00065075
73 73 0.99809100
38 38 0.81201600
149 149 0.99992300
141 141 0.99997200
136 136 0.99995400
122 122 0.99993200
17 17 0.51327300
75 75 0.71411400
106 104 0.00292555
106 108 0.00197144
106 105 0.01107530
106 106 0.98041900
106 107 0.00140659
2 2 0.95083800
135 135 0.99998200
12 12 0.99184700
143 143 0.99997800
52 52 0.97979300
11 11 0.32914600
36 36 0.99347300
119 119 0.99976200
77 77 0.70581800
46 46 0.89446900
1 1 0.77761100
13 13 0.99183800
153 153 0.99994500
65 65 0.99413500
33 33 0.79127500
105 105 0.97723600
105 104 0.01386750
105 103 0.00269247
105 107 0.00193611
105 106 0.00219593
116 116 0.99963500
30 30 0.88119800
85 85 0.99226000
113 113 0.99896800
113 114 0.00050836
56 56 0.97911300
152 152 0.99998100
129 129 0.99991800
138 138 0.99998800
111 111 0.99849800
49 49 0.88410600
61 61 0.99378600
14 14 0.99183800
28 28 0.92561600
43 43 0.99559600
69 69 0.98979800
69 71 0.00139461
130 130 0.99997800
63 63 0.99411900
55 55 0.97923700
25 25 0.66366800
109 111 0.00059184
109 109 0.99526500
109 108 0.00194526
9 9 0.13022400
64 64 0.99402900
107 105 0.00273931
107 107 0.98454100
107 106 0.00850205
107 109 0.00183361
22 22 0.98692200
102 101 0.05064320
102 105 0.00213622
102 102 0.93440600
102 103 0.00080751
102 104 0.00066723
102 100 0.00135079
100 100 0.93552100
100 103 0.00492852
100 99 0.04753860
20 20 0.31806400
148 148 0.99962600
110 109 0.00153312
110 110 0.99606200
76 76 0.43871300
97 97 0.83426500
