66 87 0.98987800
36 57 0.01844110
36 56 0.35881500
36 53 0.00061964
36 55 0.02817230
29 47 0.39546800
29 46 0.00076543
29 49 0.48441800
29 48 0.07063280
95 116 0.57168900
56 77 0.95811300
32 49 0.00218566
32 51 0.06584360
32 50 0.00930775
32 53 0.00077653
32 52 0.87523000
76 97 0.70631000
99 120 0.08971330
65 86 0.98994000
58 79 0.96137900
3 11 0.00148035
3 9 0.10663700
3 6 0.30106500
3 3 0.29757500
3 23 0.00051716
3 17 0.00099759
3 18 0.00447405
3 5 0.04525300
3 13 0.00911081
3 4 0.00302939
3 8 0.00231877
3 2 0.01814970
3 22 0.00077763
3 10 0.00269029
3 12 0.03055740
3 15 0.00894563
3 7 0.00194435
3 16 0.11006100
104 125 0.99728900
71 92 0.99828000
21 27 0.00104902
21 32 0.00154938
21 35 0.00211258
21 33 0.00054641
21 37 0.00066140
21 34 0.00855767
21 39 0.71764000
21 38 0.00948730
21 29 0.00068490
93 114 0.99534200
62 83 0.98843600
105 126 0.99819800
89 110 0.99924300
70 91 0.95280800
15 26 0.00795012
15 24 0.00451974
15 29 0.00166279
15 14 0.00142120
15 31 0.00580916
15 20 0.00124593
15 22 0.00097493
15 25 0.00179743
15 18 0.00573223
15 30 0.05704050
15 32 0.15227500
15 27 0.00170679
15 33 0.39968300
15 19 0.00176749
15 28 0.02132860
15 21 0.03104960
15 23 0.00671881
46 64 0.00175270
46 66 0.11752800
46 67 0.76231800
46 61 0.00069381
46 68 0.00551330
46 65 0.03702300
94 115 0.99378700
103 124 0.99655300
45 64 0.03699410
45 67 0.00612735
45 66 0.73659200
45 61 0.00078657
45 60 0.00159277
45 62 0.00062881
45 63 0.00143691
45 65 0.14153400
90 111 0.99922100
4 3 0.02381690
4 21 0.00109022
4 6 0.02376380
4 9 0.00283578
4 19 0.02720260
4 11 0.00125790
4 8 0.00118244
4 4 0.25833600
4 5 0.00265948
4 13 0.04886710
4 18 0.00198490
4 17 0.08596520
4 10 0.11339400
4 14 0.02334520
4 20 0.00113028
4 16 0.00767072
4 7 0.31297100
4 24 0.00220821
4 12 0.00181101
18 17 0.00096625
18 33 0.00214192
18 35 0.17529500
18 27 0.00078819
18 34 0.00150864
18 29 0.00142198
18 24 0.00577797
18 26 0.00085974
18 36 0.73142000
18 31 0.02859310
55 76 0.95811600
109 130 0.99985900
97 118 0.98529800
63 84 0.95698600
28 45 0.00050557
28 47 0.07243090
28 48 0.32322200
28 46 0.55684800
72 93 0.99829800
7 25 0.00189033
7 10 0.50492500
7 14 0.00194635
7 22 0.05483600
7 20 0.07669930
7 16 0.01489680
7 7 0.02848650
7 24 0.04220320
7 26 0.00065028
7 15 0.00058171
7 12 0.00138228
7 21 0.00670493
7 23 0.00115467
7 6 0.01919350
7 9 0.00101124
7 11 0.00050536
7 19 0.01838510
7 27 0.01018720
7 8 0.00054127
7 13 0.12137900
7 18 0.00098800
7 17 0.06296720
16 21 0.00144718
16 23 0.00065689
16 28 0.00168220
16 19 0.00162078
16 34 0.40598500
16 27 0.00434443
16 32 0.01073860
16 33 0.09309050
16 30 0.00125561
16 25 0.00211085
16 31 0.01306340
16 22 0.01319660
16 20 0.00063125
16 24 0.00246310
16 26 0.00087846
16 15 0.00125074
16 29 0.02342310
54 75 0.95750300
54 74 0.00085972
77 98 0.03599080
31 49 0.03695460
31 48 0.00222596
31 50 0.07325670
31 51 0.84023600
83 104 0.67797300
27 47 0.16734300
27 45 0.72200400
27 46 0.06349490
30 49 0.05569790
30 48 0.22480000
30 50 0.67002700
30 47 0.00221241
102 123 0.70367400
53 74 0.95228200
53 73 0.00456625
101 122 0.99514700
100 121 0.04402300
23 41 0.90480300
23 42 0.03839010
23 40 0.00735145
23 35 0.00061984
23 37 0.00103769
23 34 0.00058609
59 80 0.96144100
84 105 0.28529700
106 127 0.99959300
42 61 0.00338387
42 62 0.39069800
42 63 0.21642500
42 64 0.00131134
10 27 0.06453700
10 13 0.24542700
10 18 0.00805693
10 30 0.01842520
10 17 0.00324512
10 21 0.01297860
10 23 0.07257500
10 28 0.04658370
10 9 0.01675020
10 19 0.01131030
10 16 0.28987200
10 26 0.00933752
10 24 0.00722771
10 15 0.02887300
10 12 0.00189856
10 25 0.09079740
10 10 0.00355069
10 14 0.00285568
10 22 0.01631540
10 20 0.02427030
50 65 0.00074740
50 72 0.00411912
50 71 0.92594900
50 70 0.01276820
50 69 0.00078772
75 96 0.99788900
107 128 0.99952600
13 33 0.00399136
13 27 0.00514626
13 30 0.26027000
13 17 0.00183539
13 18 0.00172235
13 23 0.01243120
13 21 0.02078510
13 28 0.20405000
13 19 0.08729360
13 16 0.09826270
13 15 0.00219640
13 12 0.00597419
13 29 0.00722786
13 26 0.04109060
13 24 0.02314640
13 25 0.00469600
13 22 0.01087030
13 20 0.00364873
13 31 0.16490200
86 107 0.99919600
81 102 0.99533000
108 129 0.99961400
87 108 0.99914000
48 68 0.07095810
48 63 0.00167462
48 67 0.02098900
48 69 0.83208800
48 66 0.00106114
48 70 0.00523828
38 59 0.03882410
38 58 0.73227700
38 57 0.00121770
57 78 0.95837300
74 95 0.99812100
25 44 0.04198400
25 45 0.00156727
25 43 0.90989100
5 10 0.00720646
5 25 0.00462193
5 20 0.05532320
5 22 0.00879191
5 14 0.05788310
5 7 0.01619710
5 12 0.00132897
5 15 0.03179390
5 24 0.00186312
5 6 0.00512804
5 23 0.00054807
5 21 0.00151249
5 11 0.10906800
5 19 0.01048460
5 9 0.00114883
5 5 0.13741200
5 13 0.00507564
5 8 0.40559800
5 4 0.02417140
5 17 0.01174980
5 18 0.09350600
111 132 0.99997800
68 89 0.95071800
52 74 0.00068628
52 73 0.89555700
52 72 0.00176361
9 21 0.02682450
9 23 0.00996123
9 9 0.01316680
9 19 0.03571400
9 11 0.00122143
9 8 0.01732450
9 27 0.01885040
9 13 0.00179199
9 18 0.00789461
9 17 0.00186126
9 25 0.00509950
9 14 0.00587296
9 22 0.06074630
9 20 0.00511046
9 16 0.00238248
9 26 0.05590480
9 24 0.07597440
9 15 0.16252800
9 12 0.44877900
9 29 0.03185840
69 90 0.95406900
39 60 0.02449820
39 59 0.40432500
39 58 0.03064090
12 18 0.22137600
12 30 0.07080540
12 17 0.00360809
12 27 0.12124700
12 32 0.00455987
12 19 0.00294283
12 11 0.01216870
12 21 0.01019430
12 23 0.03312130
12 28 0.00713626
12 26 0.00425447
12 24 0.00470837
12 15 0.11717700
12 29 0.20513100
12 16 0.00191935
12 14 0.00159898
12 22 0.02915100
12 20 0.01289350
12 25 0.09605000
26 44 0.89252100
26 46 0.01677510
26 45 0.04388450
24 42 0.03113080
24 43 0.00293381
41 60 0.00184039
41 62 0.05432590
41 61 0.04060670
1 8 0.00272386
1 4 0.25108700
1 5 0.00181853
1 13 0.00543351
1 9 0.00071749
1 11 0.00166377
1 3 0.03402220
1 6 0.00137323
1 12 0.00051478
1 7 0.00851641
1 14 0.07393570
1 20 0.00150422
1 2 0.00311635
1 10 0.01237840
1 1 0.54250700
44 61 0.00164142
44 59 0.00164023
44 62 0.00168843
44 63 0.04273410
44 65 0.57704900
44 64 0.29312500
44 66 0.00522901
51 66 0.00056610
51 71 0.00727589
51 72 0.93279200
51 73 0.00109963
20 33 0.00902774
20 35 0.00091917
20 32 0.00145936
20 34 0.00207885
20 37 0.09236870
20 29 0.00051821
20 26 0.00176502
20 38 0.67320000
20 36 0.00066655
20 39 0.00059291
20 31 0.00098008
91 112 0.33949000
40 61 0.06755770
40 62 0.00061397
40 59 0.05847270
40 60 0.73418900
35 54 0.03957810
35 56 0.01121140
35 55 0.86420600
35 53 0.00056813
35 52 0.00071555
8 7 0.01867920
8 16 0.00071104
8 12 0.00083841
8 15 0.00141414
8 26 0.00518379
8 24 0.00190539
8 10 0.00068000
8 25 0.05355360
8 20 0.01708550
8 22 0.01185840
8 14 0.12350000
8 13 0.00191747
8 8 0.02408080
8 17 0.00868372
8 18 0.05742330
8 23 0.07282930
8 21 0.05823110
8 11 0.49734500
8 19 0.00167328
92 113 0.55937800
80 101 0.57416800
34 52 0.00148209
34 55 0.00273355
34 53 0.03103930
34 51 0.00137831
34 54 0.02665640
19 36 0.12311400
19 25 0.00436632
19 30 0.00078389
19 18 0.00067393
19 33 0.00050335
19 35 0.00102876
19 32 0.02539380
19 34 0.00146316
19 37 0.32497000
43 64 0.41934300
43 62 0.04844540
43 61 0.00148140
43 63 0.44540500
43 58 0.00109340
43 65 0.00343799
79 100 0.68026400
110 131 0.99991200
67 88 0.94150100
82 103 0.99536400
88 109 0.99924100
85 106 0.93412200
98 119 0.99663600
14 21 0.00187641
14 23 0.01429740
14 28 0.00213885
14 19 0.00139561
14 34 0.00102009
14 13 0.00211728
14 27 0.01973520
14 32 0.50872700
14 30 0.00370464
14 17 0.01931680
14 18 0.00597311
14 25 0.02333440
14 22 0.02045760
14 20 0.03781130
14 31 0.14300700
14 29 0.14552600
14 26 0.00224113
14 24 0.00358898
33 52 0.06734530
33 53 0.87695000
33 51 0.00450833
33 50 0.00168241
33 54 0.00247537
73 94 0.99827800
6 18 0.01183830
6 17 0.00050095
6 8 0.00295803
6 13 0.00114189
6 5 0.02252100
6 9 0.49442700
6 19 0.08104790
6 11 0.00282116
6 21 0.05810800
6 23 0.02238970
6 6 0.05217770
6 26 0.00965754
6 24 0.00108695
6 15 0.04781410
6 12 0.11253400
6 16 0.05526660
6 7 0.00171061
6 14 0.00140940
6 22 0.00182067
6 20 0.00811494
6 25 0.00165204
6 10 0.00063557
37 57 0.65901700
37 56 0.02881290
37 58 0.03459310
11 29 0.05077360
11 15 0.00146776
11 24 0.09730240
11 26 0.12055400
11 16 0.00825777
11 20 0.01857260
11 22 0.01440010
11 14 0.19822400
11 31 0.00837857
11 10 0.01488330
11 25 0.00476099
11 17 0.27589600
11 18 0.00257865
11 13 0.00229479
11 27 0.01672260
11 19 0.01777700
11 11 0.00099846
11 28 0.08584970
11 23 0.00733394
11 21 0.01792160
47 62 0.00268410
47 65 0.00125101
47 68 0.79775800
47 64 0.00058050
47 67 0.09475200
47 66 0.02910040
47 69 0.00525955
60 81 0.96486300
49 70 0.91486400
49 69 0.01767370
49 64 0.00209620
49 68 0.00459376
49 71 0.00470762
78 99 0.08167630
64 85 0.97056100
22 30 0.00061970
22 33 0.00101539
22 40 0.39141200
22 35 0.00249788
22 34 0.00056466
22 28 0.00095202
22 39 0.01444020
22 36 0.00177365
2 5 0.29353400
2 4 0.02254310
2 8 0.01860830
2 17 0.00060123
2 6 0.00243763
2 3 0.00161363
2 11 0.01166240
2 9 0.00506288
2 7 0.00130166
2 16 0.00090809
2 15 0.10226600
2 12 0.00308450
2 1 0.01231550
2 10 0.00051743
2 2 0.46908200
2 14 0.00345323
17 26 0.00079381
17 16 0.00114978
17 25 0.00093029
17 30 0.02847840
17 32 0.00279415
17 35 0.22242400
17 33 0.00529126
17 34 0.05887930
17 23 0.00646676
17 28 0.00337691
96 117 0.67706200
61 82 0.97485500
