23 13 0.00126355
23 8 0.03840600
23 11 0.00442631
23 9 0.00809950
23 12 0.00762059
23 7 0.02161180
23 10 0.04507070
100 82 0.99190400
101 83 0.47777900
116 98 0.85940900
59 41 0.49461800
27 12 0.02224350
27 10 0.06279990
27 14 0.00126191
27 11 0.15105900
83 65 0.60245800
30 14 0.00161337
30 13 0.68183800
53 35 0.00786480
102 84 0.99676300
31 14 0.60372800
16 2 0.01119540
16 10 0.01649330
16 1 0.01038570
16 7 0.60521500
16 11 0.00071296
16 3 0.01076450
16 6 0.00098760
16 4 0.00139942
16 8 0.00124965
7 5 0.00533076
7 4 0.01332220
7 6 0.00060222
7 3 0.00923855
7 7 0.00899878
7 1 0.00440726
7 2 0.00469512
77 59 0.99516500
54 36 0.98741000
54 35 0.00092902
130 112 0.98447700
131 113 0.99836000
108 90 0.99964700
13 7 0.00830815
13 3 0.00271550
13 11 0.00809028
13 4 0.62535200
13 8 0.00359179
13 5 0.00810192
124 106 0.97727300
112 94 0.48425300
81 63 0.61046400
115 97 0.96723100
86 68 0.95819100
50 32 0.98779800
50 31 0.00089357
10 7 0.00067473
10 1 0.01742840
10 2 0.01114210
10 5 0.00748153
10 8 0.02086510
10 4 0.02204930
10 3 0.00906090
42 24 0.98634400
42 25 0.00059396
117 99 0.63246800
107 89 0.99964600
75 57 0.99518200
106 88 0.87952300
120 102 0.10723700
84 66 0.78103100
125 107 0.95290600
21 5 0.00231529
21 8 0.00429582
21 11 0.00487464
21 9 0.00240582
21 6 0.11355800
21 12 0.01938200
21 7 0.00267506
21 10 0.01628000
104 86 0.81744100
71 53 0.99496200
3 3 0.23019400
3 4 0.00056999
3 2 0.01108900
3 1 0.00312758
58 41 0.00057665
58 40 0.92547000
62 44 0.10028400
93 75 0.96777300
32 15 0.71016400
76 58 0.99516800
65 47 0.99439000
99 81 0.09693020
56 37 0.00172839
56 38 0.99471300
36 19 0.14781500
36 18 0.00613460
66 48 0.99443000
126 108 0.95582100
123 104 0.00092163
123 105 0.97622100
95 77 0.96773400
29 14 0.00137326
29 12 0.31685300
29 13 0.01531160
28 11 0.13428600
28 13 0.01158290
28 10 0.00075248
28 12 0.00637917
63 45 0.99493800
97 79 0.96680800
109 91 0.99966200
72 54 0.99505600
122 104 0.97625200
122 103 0.00053680
113 95 0.55709900
4 3 0.00514715
4 4 0.14100400
4 2 0.00381343
4 1 0.02225560
90 72 0.61582400
45 27 0.98853700
55 36 0.00146858
55 37 0.99327000
18 6 0.00157621
18 3 0.04985440
18 9 0.36499000
18 5 0.00161014
18 8 0.00098654
18 4 0.00284272
18 10 0.00142857
18 7 0.00146032
18 12 0.00444589
94 76 0.96777700
46 28 0.98836000
103 85 0.99675800
70 52 0.99487600
89 71 0.87600800
105 87 0.34896600
15 4 0.00055661
15 5 0.00096536
15 9 0.00711605
15 3 0.00290063
15 6 0.39730800
15 7 0.00642858
15 2 0.00859377
15 10 0.00287938
15 1 0.00860517
6 1 0.00456082
6 2 0.02394340
6 5 0.00100651
6 4 0.00340579
6 6 0.04446780
6 3 0.06757100
60 42 0.01275890
129 111 0.98420800
47 29 0.98793800
11 3 0.00750148
11 6 0.00393976
11 9 0.01799310
11 4 0.00267610
11 5 0.01232410
11 2 0.07730610
37 20 0.06903840
37 19 0.34727800
33 16 0.08560800
33 15 0.00181074
127 109 0.98414200
73 55 0.99514200
14 2 0.00061143
14 1 0.00190975
14 12 0.00091223
14 11 0.00051798
14 9 0.00235670
14 6 0.00488499
14 3 0.00127248
14 5 0.54858300
14 8 0.00828189
14 4 0.00391635
98 80 0.08265660
88 70 0.69306600
85 67 0.80670300
110 92 0.99581000
82 64 0.71696300
67 49 0.99406000
67 50 0.00052379
61 43 0.52644900
121 103 0.09284800
96 78 0.96764000
17 2 0.01449380
17 7 0.00098467
17 6 0.00053430
17 3 0.00720139
17 11 0.01301630
17 9 0.00073300
17 5 0.00259087
17 8 0.51227900
17 4 0.00834670
128 110 0.98409800
132 114 0.99997700
22 10 0.00729054
22 7 0.17188400
22 12 0.00681938
22 6 0.00575497
22 11 0.00899128
22 9 0.02797850
22 13 0.00165159
22 8 0.00231295
64 46 0.99459000
2 1 0.03059790
2 2 0.70671400
78 60 0.96418300
49 31 0.98745300
52 34 0.98842100
9 3 0.01962670
9 6 0.00174284
9 4 0.00380051
9 5 0.00095232
9 2 0.03285030
9 1 0.01639600
9 7 0.02255990
118 100 0.98764600
5 3 0.00908075
5 4 0.00141549
5 5 0.05852050
5 2 0.07145270
5 1 0.03234800
111 93 0.99578000
68 51 0.00064437
68 50 0.99408700
25 11 0.00583365
25 9 0.08937670
25 8 0.00097149
25 10 0.21521100
25 15 0.00050341
25 12 0.02191890
74 56 0.99515600
38 21 0.02470490
38 20 0.85630000
48 30 0.98796100
87 69 0.54728200
57 39 0.99630700
80 62 0.71387900
79 61 0.99502900
43 25 0.22300300
43 24 0.00105645
19 5 0.00354631
19 13 0.00056531
19 8 0.00596257
19 4 0.11348800
19 6 0.00092378
19 3 0.00053473
19 11 0.00206094
19 9 0.00136799
19 7 0.00201723
19 10 0.39372300
34 16 0.01373600
34 17 0.32268000
92 74 0.96766900
8 6 0.00737880
8 3 0.00614883
8 5 0.00348742
8 4 0.00269744
8 8 0.00161201
8 2 0.00563175
8 1 0.00919085
35 18 0.00661366
35 17 0.17273900
40 23 0.00537998
40 22 0.98902800
119 101 0.94069400
51 33 0.98782000
51 32 0.00090379
44 26 0.77234200
1 1 0.83719200
41 24 0.00525535
41 23 0.98780700
91 73 0.77014900
20 6 0.00195494
20 11 0.28493900
20 9 0.00373315
20 5 0.09651940
20 4 0.00154652
20 8 0.00563906
20 10 0.00688726
20 7 0.00143752
39 22 0.00714441
39 21 0.97172400
69 51 0.99418800
24 12 0.00104242
24 10 0.01002100
24 14 0.00087552
24 8 0.06685350
24 13 0.00067428
24 9 0.01419670
24 11 0.05069040
26 12 0.00117790
26 10 0.16547600
26 13 0.00261294
26 9 0.00597870
26 11 0.13580900
114 96 0.99468200
12 6 0.01282630
12 3 0.52490800
12 5 0.00092508
12 4 0.00430733
12 2 0.00120431
12 10 0.01226850
12 7 0.00398590
