153 153 0.99985300
65 65 0.78658200
67 67 0.85751100
71 71 0.99836600
142 142 0.99995000
133 133 0.69866500
108 108 0.99405600
113 113 0.05980690
117 118 0.00164007
117 117 0.89070500
79 79 0.82919300
80 80 0.25198300
38 38 0.99088000
131 131 0.99869100
43 42 0.00209701
43 44 0.00183274
43 43 0.97970300
29 29 0.84975300
90 90 0.85469600
69 69 0.40930600
111 111 0.98287800
97 97 0.81796500
141 141 0.99991600
107 107 0.99405900
31 31 0.81084600
144 144 0.99983300
95 95 0.73918800
70 70 0.42979700
91 91 0.89410400
64 64 0.84418000
150 150 0.93961100
45 44 0.00112685
45 45 0.82298800
85 85 0.94814000
84 84 0.95963200
14 14 0.84161000
89 89 0.76650500
8 8 0.98003000
83 83 0.98627300
135 135 0.99292800
98 98 0.72443500
23 23 0.71496000
121 121 0.91165900
86 86 0.98750800
42 42 0.97919900
42 43 0.00196558
16 16 0.79632400
49 49 0.68838800
102 102 0.98387600
35 35 0.20165000
127 128 0.00053345
127 127 0.99361600
87 87 0.98725200
26 26 0.87454800
154 154 0.99990900
147 147 0.99989000
94 94 0.93451600
58 58 0.78736200
157 157 0.99995600
13 13 0.82216800
145 145 0.93967000
119 119 0.97509100
36 36 0.94349400
3 3 0.98204100
77 77 0.08074550
152 152 0.99972700
61 61 0.83464000
52 52 0.99822600
122 122 0.29708300
99 99 0.62181100
24 24 0.62591500
75 75 0.68850800
138 138 0.99996300
32 32 0.89425200
66 66 0.99973100
103 103 0.98042600
11 11 0.88377300
27 27 0.92769300
143 143 0.99987100
139 139 0.99994700
63 63 0.99961000
60 60 0.95447200
19 19 0.93017100
104 104 0.02353530
100 100 0.50567900
57 57 0.84255400
55 55 0.45413500
37 37 0.96004600
156 156 0.99998000
82 82 0.98617800
2 2 0.93241300
59 59 0.99920300
68 68 0.83481700
120 120 0.97508200
74 74 0.99804600
30 30 0.66080800
44 45 0.00055265
44 43 0.00132668
44 44 0.54744000
101 101 0.10131900
53 53 0.99824500
129 129 0.97127800
136 136 0.97267400
148 148 0.99988500
92 92 0.87603500
78 78 0.99302200
140 140 0.99983600
130 130 0.94725800
159 159 0.99992600
5 5 0.86028400
25 25 0.71376400
1 1 0.99995500
115 115 0.70305800
112 112 0.98294400
124 124 0.66329100
109 109 0.65906600
10 9 0.00053683
10 10 0.91640000
126 126 0.99323200
15 15 0.57277000
46 46 0.68785200
50 50 0.99806000
128 128 0.99374900
116 116 0.81218200
17 17 0.95683500
146 146 0.99991200
7 7 0.98148800
110 110 0.02675850
114 114 0.60433600
22 22 0.71805400
62 62 0.85736500
149 149 0.99989900
132 132 0.71874200
18 18 0.80288100
96 96 0.99096400
123 123 0.68929900
88 88 0.98743500
39 40 0.00185947
39 39 0.99078900
125 125 0.99330500
106 106 0.99407200
21 21 0.68400200
134 134 0.31496200
151 151 0.99983100
160 160 0.99998200
48 48 0.63918900
33 33 0.97606400
73 73 0.70135000
51 51 0.70134000
4 4 0.98160300
20 20 0.95600700
40 41 0.00274434
40 40 0.98926100
12 12 0.87084300
9 8 0.00055082
9 9 0.86060100
28 28 0.96705800
81 81 0.98585700
137 137 0.99998000
155 155 0.99997300
6 6 0.86939600
76 76 0.63943700
93 93 0.90235900
34 34 0.97592700
54 54 0.42976400
47 47 0.08006990
158 158 0.99984900
105 105 0.65663300
56 56 0.99910200
41 42 0.00208777
41 41 0.20764300
118 118 0.87503100
118 119 0.00102448
72 72 0.99828700
