108 108 0.65513890
135 135 0.47688531
96 96 0.65091705
156 156 0.51104385
156 157 0.00231046
156 155 0.00114495
101 101 0.73530053
18 17 0.00760903
18 19 0.01350201
18 18 0.63991496
18 20 0.00437059
18 14 0.00252364
18 16 0.00234198
6 6 0.36825251
13 14 0.00481754
13 9 0.00056082
13 13 0.78321096
13 15 0.00196100
13 12 0.00142611
17 16 0.00712554
17 18 0.01023418
17 15 0.00206796
17 19 0.00408256
17 17 0.56274734
17 13 0.00103493
11 12 0.00102026
11 7 0.00051825
11 10 0.00125040
11 13 0.00051513
11 11 0.89715338
15 15 0.67426040
15 13 0.00162829
15 11 0.00056533
15 17 0.00301051
15 16 0.00912848
15 14 0.00599876
66 66 0.71273206
40 40 0.94473353
40 41 0.03827765
40 39 0.00648440
132 132 0.76199402
65 65 0.44348866
102 102 0.67528103
105 105 0.93129380
54 51 0.00332244
54 55 0.00987217
54 50 0.00062382
54 54 0.57522301
54 53 0.00500186
32 32 0.68081607
32 30 0.00257855
32 34 0.00620757
32 33 0.00841919
32 29 0.00294036
116 116 0.95018258
62 62 0.57545083
44 44 0.48708586
44 45 0.04102519
44 43 0.00153281
75 75 0.35562353
38 37 0.00590039
38 38 0.42888048
38 40 0.00110067
38 39 0.03649189
31 28 0.00277140
31 32 0.00817628
31 31 0.96111747
31 33 0.00638042
31 29 0.00260937
158 159 0.00554880
158 157 0.00262355
158 158 0.60880509
78 78 0.53319415
42 41 0.00681905
42 42 0.94326815
42 43 0.04029596
148 148 0.41597395
63 63 0.30462435
39 41 0.00096267
39 40 0.03744952
39 38 0.00622232
39 39 0.94581203
7 7 0.57157225
100 100 0.99270430
74 74 0.28054885
159 159 0.78494148
159 158 0.00321575
159 160 0.00521417
34 36 0.00497031
34 32 0.00215520
34 33 0.00061083
34 34 0.44353303
34 35 0.01765569
49 48 0.00383400
49 45 0.00056962
49 51 0.00053450
49 49 0.59779949
49 50 0.01037990
49 46 0.00286593
111 111 0.94862139
58 58 0.43941556
58 57 0.00291362
58 59 0.00272790
69 69 0.67702812
134 134 0.76037003
117 117 0.98002292
154 153 0.00051242
154 154 0.41655731
154 155 0.00094945
56 56 0.52147211
56 53 0.00119612
85 84 0.00350751
85 85 0.49233067
29 30 0.00901259
29 26 0.00245657
29 28 0.00054742
29 31 0.00631348
29 27 0.00256194
29 29 0.95881666
29 25 0.00085068
122 122 0.90236101
79 79 0.37849623
79 80 0.00065668
119 119 0.82507202
93 93 0.65088112
133 133 0.71290021
51 50 0.00360399
51 52 0.01004345
51 47 0.00088800
51 51 0.51959994
51 48 0.00287709
95 95 0.60415493
118 118 0.79244992
80 79 0.00067793
80 81 0.00324320
80 80 0.49494825
4 4 0.61231511
52 48 0.00086030
52 51 0.00363687
52 49 0.00295769
52 53 0.00984435
52 52 0.60494819
24 21 0.00161453
24 25 0.01112763
24 23 0.00332352
24 20 0.00154987
24 22 0.00264471
24 26 0.00588288
24 24 0.58051820
9 10 0.00108190
9 8 0.00086395
9 9 0.89221328
151 153 0.00362365
151 151 0.59302107
33 31 0.00218995
33 30 0.00309341
33 33 0.58925185
33 34 0.00960989
33 35 0.00606971
109 109 0.73874165
110 110 0.81658523
97 97 0.58011837
8 7 0.00058970
8 8 0.72952872
8 9 0.00057246
28 26 0.00270285
28 30 0.00617687
28 24 0.00107040
28 28 0.52978167
28 25 0.00231052
28 29 0.00916983
28 27 0.00142464
115 116 0.00059768
115 115 0.71040333
104 104 0.93538125
12 8 0.00054870
12 14 0.00068962
12 13 0.00145301
12 11 0.00110070
12 12 0.85964059
60 60 0.50564743
103 103 0.84295341
37 39 0.00121745
37 35 0.00158170
37 36 0.00096304
37 37 0.48950493
37 38 0.03484086
77 77 0.40687063
14 14 0.72278918
14 16 0.00244979
14 10 0.00056360
14 15 0.00801053
14 13 0.00378946
14 12 0.00055921
131 131 0.77725070
72 72 0.64180205
68 68 0.64263133
20 19 0.01027141
20 21 0.01588598
20 22 0.00556554
20 20 0.61635437
20 18 0.00249453
20 16 0.00272828
70 70 0.68286917
22 24 0.00551265
22 18 0.00260080
22 20 0.00292465
22 22 0.88368969
22 23 0.01329694
22 21 0.01021214
22 19 0.00051114
67 67 0.39781336
61 61 0.38285630
61 58 0.00233885
83 82 0.00065643
83 83 0.54126115
83 84 0.00363532
121 121 0.96463896
55 55 0.22307847
55 52 0.00111694
55 54 0.00452824
64 64 0.38701895
113 113 0.82575372
113 114 0.00060829
30 27 0.00260880
30 31 0.00851217
30 28 0.00257453
30 32 0.00640943
30 30 0.83650735
30 26 0.00062883
2 2 0.60465661
89 89 0.60099896
82 81 0.00134548
82 82 0.61698513
82 83 0.00064532
48 50 0.00060211
48 49 0.01175571
48 47 0.00523621
48 45 0.00298328
48 48 0.57317185
59 58 0.00202103
59 59 0.35583262
45 46 0.03936697
45 44 0.00667777
45 45 0.73265565
43 44 0.00830954
43 43 0.42524508
43 42 0.00690974
98 98 0.57969654
1 1 0.64774497
153 153 0.54389346
153 152 0.00050239
153 155 0.00304294
153 154 0.00093788
46 47 0.02701899
46 46 0.42330024
46 45 0.00681834
88 88 0.59758615
88 87 0.00082728
124 124 0.75199757
120 120 0.78087751
127 127 0.88303464
84 85 0.00333196
84 84 0.51066883
84 83 0.00380310
41 40 0.00672998
41 41 0.94401755
41 42 0.03960460
150 150 0.37862646
53 53 0.60944917
53 49 0.00083422
53 54 0.01123189
53 50 0.00306771
53 52 0.00358134
92 92 0.60672748
26 25 0.00274812
26 27 0.01084452
26 23 0.00219219
26 24 0.00268424
26 28 0.00602873
26 26 0.62443312
26 22 0.00115200
149 149 0.40975898
149 151 0.00070440
130 130 0.81341062
141 141 0.65064238
87 88 0.00079120
87 87 0.27588989
128 128 0.84021800
138 138 0.60362063
19 20 0.01425968
19 18 0.00953158
19 15 0.00272265
19 19 0.73761421
19 17 0.00249087
19 21 0.00511679
10 10 0.89713329
10 11 0.00102536
10 9 0.00133026
81 80 0.00345506
81 82 0.00133027
81 81 0.76676938
137 137 0.87981272
125 125 0.70893185
140 140 0.60401427
86 86 0.47170429
147 147 0.61774532
147 149 0.00343224
147 146 0.00077001
16 17 0.00910343
16 15 0.00711631
16 12 0.00058090
16 18 0.00368988
16 16 0.64176993
16 14 0.00188652
142 142 0.60293488
142 144 0.00054370
126 126 0.76993393
143 143 0.59935016
143 145 0.00354244
143 144 0.00071116
90 90 0.62373287
107 107 0.92533430
57 58 0.00399095
57 57 0.69127300
129 129 0.90848872
25 21 0.00119572
25 25 0.61874883
25 23 0.00268743
25 27 0.00593483
25 22 0.00210103
25 26 0.01099250
25 24 0.00298467
35 36 0.02582195
35 37 0.00384707
35 35 0.43506773
35 33 0.00212757
35 34 0.00265723
152 154 0.00350037
152 152 0.68501744
152 153 0.00076468
144 146 0.00397548
144 144 0.64500543
144 145 0.00110784
27 26 0.00241116
27 28 0.00993442
27 24 0.00227688
27 27 0.60107861
27 23 0.00109645
27 25 0.00267761
27 29 0.00607124
73 73 0.38647934
23 19 0.00189190
23 21 0.00279831
23 23 0.85093899
23 25 0.00572950
23 22 0.00672523
23 20 0.00119166
23 24 0.01071112
146 147 0.00073405
146 146 0.59772122
146 145 0.00081870
3 3 0.37923223
112 112 0.92534431
112 113 0.00056492
160 159 0.00306158
160 160 0.83596535
91 91 0.60371127
21 23 0.00553202
21 17 0.00270451
21 21 0.63757741
21 19 0.00276593
21 20 0.01037336
21 22 0.01656526
157 158 0.00501835
157 156 0.00203087
157 157 0.67586603
157 159 0.00091371
145 146 0.00101458
145 147 0.00415147
145 145 0.60056240
145 144 0.00089395
139 139 0.60548380
106 106 0.93479864
47 46 0.00584549
47 47 0.43670180
47 49 0.00057276
47 48 0.01961408
5 5 0.48511509
94 94 0.60410524
123 123 0.80226032
71 71 0.47415854
155 155 0.51584554
155 154 0.00079558
155 156 0.00213387
155 157 0.00089893
76 76 0.57528925
136 136 0.70678453
36 38 0.00212414
36 37 0.00210563
36 36 0.73554560
36 35 0.00451302
36 34 0.00184707
114 114 0.78952033
114 115 0.00058503
99 99 0.58886116
50 49 0.00359350
50 47 0.00285603
50 50 0.96729901
50 46 0.00082318
50 51 0.01019416
