142 142 0.44734809
142 143 0.01575203
142 141 0.00070866
116 116 0.55524602
149 149 0.60223560
149 150 0.00160235
50 50 0.35350681
153 153 0.09201590
139 140 0.03405906
139 139 0.57181435
156 156 0.91836620
39 39 0.83388144
145 145 0.39163133
145 146 0.01984900
8 8 0.99224795
77 77 0.90382673
23 23 0.64564396
114 114 0.99960969
73 73 0.76482265
97 97 0.52621304
24 24 0.69119912
27 27 0.94163273
32 32 0.52386292
10 10 0.65135380
98 98 0.52347937
126 126 0.98421549
138 138 0.67954974
138 139 0.01237351
155 155 0.89559890
92 92 0.99968535
19 19 0.37328214
63 63 0.25727445
59 59 0.50447199
95 95 0.75448472
54 54 0.31182113
99 99 0.58175873
53 53 0.90225267
46 46 0.91864433
88 88 0.59635435
1 1 0.51314725
83 83 0.93135047
64 64 0.26508519
48 48 0.26690719
40 40 0.78498072
36 36 0.84235508
47 47 0.36984494
12 12 0.36406375
112 112 0.53888809
55 55 0.99913882
13 13 0.37520136
147 146 0.00255251
147 147 0.60679591
147 148 0.00784019
152 152 0.31635499
44 44 0.36723776
57 57 0.99838821
86 86 0.59634735
43 43 0.19353335
130 131 0.00063704
130 130 0.64517047
136 137 0.00408096
136 136 0.30376540
157 157 0.98257226
35 35 0.51720249
11 11 0.32270525
90 90 0.59742035
115 115 0.59739168
7 7 0.46862972
69 69 0.19593702
105 105 0.99470802
146 145 0.00130838
146 146 0.29604894
146 147 0.00859596
121 121 0.53980239
68 68 0.34321495
87 87 0.52668768
85 85 0.53688136
31 31 0.44892568
133 134 0.00244212
133 133 0.60021683
78 78 0.67376691
9 9 0.35491358
5 5 0.63859292
81 81 0.65870579
94 94 0.63782504
104 104 0.99468335
107 107 0.60776205
91 91 0.99970002
148 148 0.38550167
148 149 0.00181366
148 147 0.00111031
58 58 0.64646226
56 56 0.99897018
70 70 0.52700981
38 38 0.86581506
80 80 0.87218258
150 150 0.67614230
14 14 0.95176796
141 142 0.03191162
141 141 0.87440062
141 140 0.00072471
110 110 0.96246317
60 60 0.58739312
79 79 0.87157070
84 84 0.99950611
75 75 0.76082672
111 111 0.52929853
160 160 0.99985168
20 20 0.65006130
22 22 0.69664793
45 45 0.35378123
117 117 0.59632569
52 52 0.68678167
6 6 0.40483440
127 127 0.92887083
140 140 0.57579502
140 141 0.04270058
140 139 0.00056729
106 106 0.54221170
109 109 0.55674488
134 134 0.58338216
134 135 0.00378360
17 17 0.51284152
159 159 0.95468272
4 4 0.55500528
2 2 0.44056487
76 76 0.94385227
34 34 0.52639864
108 108 0.52765352
21 21 0.56326619
71 71 0.57440409
74 74 0.71270695
144 145 0.00177876
144 144 0.32100723
144 143 0.00239833
41 41 0.88874740
120 120 0.53677205
37 37 0.74177071
30 30 0.95680724
65 65 0.36802374
67 67 0.31567123
16 16 0.56524758
61 61 0.25410188
3 3 0.50750162
137 137 0.67256338
137 138 0.00221822
29 29 0.86081443
33 33 0.45821186
93 93 0.66487136
72 72 0.67148384
151 151 0.50895813
119 119 0.50758794
128 128 0.67605046
49 49 0.25909561
124 124 0.33955778
122 122 0.52745819
135 136 0.00505232
135 135 0.65938336
129 130 0.00074531
129 129 0.80013301
131 131 0.95884666
131 132 0.00094034
42 42 0.85045408
158 158 0.99968673
123 123 0.33320366
143 144 0.01348691
143 143 0.58564623
143 142 0.00121455
103 103 0.99467069
15 15 0.47621392
28 28 0.84794295
26 26 0.69194218
132 132 0.97249396
132 133 0.00114432
66 66 0.98965400
82 82 0.81202453
118 118 0.52668135
125 125 0.46095112
18 18 0.54306071
101 101 0.97587705
89 89 0.55526901
96 96 0.98292806
154 154 0.49834340
113 113 0.99967335
25 25 0.87463392
51 51 0.25588370
100 100 0.58410272
102 102 0.99460037
62 62 0.35170716
