35 35 0.98307400
5 5 0.82551300
17 17 0.56862000
112 112 0.62512000
57 55 0.00059627
57 56 0.06497880
57 57 0.91430100
76 76 0.68678600
20 20 0.99158700
20 21 0.00061619
149 149 0.62328900
124 124 0.99894400
9 9 0.98427700
9 10 0.00152599
9 8 0.00512298
30 31 0.00372945
30 30 0.98263900
65 64 0.01174730
65 65 0.97493600
127 127 0.99946200
25 26 0.00808738
25 25 0.98529300
54 53 0.00673448
54 54 0.94541800
156 156 0.98485500
62 61 0.05080260
62 62 0.93617700
93 93 0.96247800
13 12 0.00073208
13 13 0.98989900
99 99 0.12859700
8 9 0.00169683
8 7 0.00309879
8 8 0.98444600
158 158 0.94726500
2 2 0.93083200
47 47 0.97645400
47 48 0.00053217
75 75 0.98988900
7 7 0.98686400
7 8 0.00180289
7 6 0.00073985
41 41 0.97643900
150 150 0.11808300
49 49 0.97681600
121 121 0.61504700
23 24 0.00089601
23 23 0.47540400
26 26 0.98226100
26 27 0.00967465
74 74 0.98971300
45 45 0.97667100
69 69 0.93857400
69 70 0.00090592
69 68 0.00101160
113 113 0.86930500
92 92 0.96249300
68 68 0.91491800
68 69 0.00071867
128 128 0.99946400
141 141 0.20694900
63 62 0.03922350
63 63 0.94746300
151 151 0.96065900
38 38 0.72147100
102 102 0.97261000
84 84 0.98367700
70 69 0.00086682
70 71 0.00090758
70 70 0.96463000
138 138 0.78113300
81 81 0.97845100
108 108 0.58421800
67 68 0.00054135
67 66 0.00417624
67 67 0.98242700
33 33 0.47318100
21 22 0.00050998
21 21 0.23154700
89 89 0.92229700
85 85 0.93741900
19 20 0.00119576
19 19 0.99205300
125 125 0.99923900
131 131 0.61484200
36 36 0.98354000
37 37 0.68538100
22 22 0.47484100
6 6 0.99275400
146 146 0.56644500
53 53 0.98360000
53 52 0.00100816
159 159 0.83766700
115 115 0.99723300
48 48 0.97651100
52 52 0.71823600
27 27 0.98193600
27 26 0.00064601
27 28 0.00904511
103 103 0.62646000
66 66 0.97867200
66 65 0.00796586
66 67 0.00050191
105 105 0.57755100
136 136 0.98101800
80 80 0.97873400
59 58 0.02718370
59 59 0.91260300
78 78 0.75557700
154 154 0.91503300
160 160 0.99996700
111 111 0.61148500
126 126 0.99942600
51 51 0.68726700
130 130 0.64437000
1 1 0.38524000
155 155 0.90540900
82 82 0.72077800
117 117 0.60452500
134 134 0.74465000
64 63 0.01551660
64 64 0.97119200
123 123 0.99896300
114 114 0.70086700
95 95 0.89729600
42 42 0.97631300
79 79 0.97863700
106 106 0.62724000
109 109 0.24547900
14 14 0.82282600
129 129 0.73638200
148 148 0.96679100
122 122 0.66897100
91 91 0.96236300
31 32 0.00139448
31 30 0.00054810
31 31 0.98500200
145 145 0.56015700
137 137 0.61833000
152 152 0.75995800
15 15 0.05894670
29 30 0.00734282
29 29 0.98253900
60 60 0.91323500
60 59 0.00273065
147 147 0.61744700
56 56 0.92447800
56 55 0.05481020
77 77 0.64296100
96 96 0.92042000
40 40 0.52395600
87 87 0.98019400
11 11 0.98854500
11 12 0.00130841
11 10 0.00171317
4 4 0.51460300
18 18 0.64202100
116 116 0.99726300
119 119 0.33435500
153 153 0.34845300
86 86 0.94989700
98 98 0.83303100
135 135 0.99923500
83 83 0.98363800
73 72 0.00059120
73 73 0.98858300
157 157 0.99835100
10 11 0.00124206
10 10 0.98502600
10 9 0.00488999
12 12 0.98895600
12 13 0.00092449
12 11 0.00120665
120 120 0.53161800
39 39 0.98273400
46 46 0.97684500
44 44 0.97602200
132 132 0.21542900
50 50 0.75384500
55 55 0.93497700
55 54 0.04448570
61 60 0.06226300
61 61 0.92464100
72 72 0.98821900
72 71 0.00088248
72 73 0.00116112
107 107 0.58263000
88 88 0.76108800
139 139 0.67355400
118 118 0.20970900
143 143 0.56376400
101 101 0.73067000
97 97 0.96963200
24 24 0.98793300
24 25 0.00523624
58 57 0.05172760
58 58 0.91300100
58 56 0.00058402
3 3 0.98947700
16 16 0.99195400
28 29 0.00820849
28 28 0.98225500
94 94 0.96218700
104 104 0.57373800
43 44 0.00061096
43 43 0.97589800
90 90 0.96244200
71 72 0.00090192
71 71 0.98820500
71 70 0.00125723
100 100 0.85539100
133 133 0.37018500
110 110 0.75249800
32 32 0.47271100
140 140 0.77629200
34 34 0.26120300
142 142 0.56654300
144 144 0.60558000
