145 145 0.98027300
15 14 0.03601690
15 13 0.00801328
15 15 0.81137700
15 9 0.00106065
152 152 0.83524600
137 137 0.89138300
122 122 0.83308800
148 148 0.82498000
129 129 0.95094300
31 30 0.00108102
31 31 0.78048500
31 29 0.13659600
91 88 0.00050539
91 89 0.00554609
91 86 0.00760474
91 91 0.18471900
96 96 0.97288000
77 76 0.00104434
77 71 0.00074007
77 72 0.01209140
77 77 0.72678200
56 56 0.67707600
56 55 0.04709560
56 51 0.04049210
56 54 0.06570810
56 57 0.00078033
147 147 0.09780660
147 146 0.00110381
60 60 0.67820600
60 58 0.00212099
60 55 0.01298220
60 59 0.00247592
11 11 0.92173800
11 5 0.00074075
11 10 0.00470646
11 9 0.00072834
87 87 0.23958200
87 88 0.00057385
87 82 0.00525765
40 38 0.06217760
40 35 0.00907642
40 36 0.00056319
40 40 0.79034100
29 27 0.13635400
29 29 0.78033100
29 28 0.00104805
117 117 0.71775800
117 118 0.00065537
82 83 0.00210810
82 81 0.00721177
82 76 0.00062431
82 82 0.79018900
82 77 0.05810820
64 59 0.01708790
64 63 0.05221520
64 62 0.03486380
64 64 0.72361900
134 134 0.93089700
1 1 0.48488600
155 155 0.99829100
79 79 0.80037800
79 78 0.00885429
79 80 0.01546240
79 74 0.00306925
42 36 0.00079472
42 40 0.01883610
42 38 0.00203894
42 42 0.25706400
42 37 0.00985726
42 39 0.00164514
95 95 0.47650100
14 8 0.00130492
14 14 0.63920000
14 13 0.03825110
14 12 0.00676533
109 109 0.28997200
106 106 0.86454600
114 114 0.92071500
123 123 0.88626600
28 27 0.00090606
28 28 0.78051600
28 26 0.13613900
3 3 0.80280900
3 2 0.00343142
16 15 0.03861600
16 14 0.01273540
16 16 0.81851400
16 10 0.00053804
58 53 0.00323583
58 57 0.03194130
58 56 0.04732780
58 59 0.00139163
58 58 0.67719500
107 107 0.87504900
88 88 0.23725000
88 83 0.00551407
139 139 0.77280800
61 56 0.13319300
61 61 0.67895500
61 60 0.05137450
61 59 0.05106120
72 72 0.70369000
72 71 0.00122990
72 67 0.01705990
72 73 0.00063825
55 55 0.67915900
55 54 0.05072110
55 53 0.05753160
55 50 0.00172384
55 52 0.00066323
24 24 0.78165200
24 22 0.01125050
97 97 0.97312900
101 101 0.47430900
143 143 0.97136600
118 118 0.21774400
140 140 0.07313810
32 30 0.13659500
32 32 0.78146800
144 144 0.97615000
142 142 0.97089700
34 32 0.00556619
34 34 0.78162200
90 87 0.00165462
90 85 0.01976650
90 86 0.00122987
90 88 0.00104355
90 90 0.04440120
71 70 0.02760010
71 66 0.12307700
71 71 0.73618700
104 104 0.22871800
43 41 0.01901740
43 39 0.00325965
43 37 0.00133485
43 42 0.00163104
43 38 0.01295510
43 43 0.25904500
43 40 0.00251043
94 89 0.00106235
94 92 0.00083564
94 94 0.47273200
94 91 0.00050691
110 110 0.63897600
133 133 0.93092100
100 100 0.47705400
135 134 0.00050891
135 135 0.94710300
86 81 0.13912800
86 87 0.00164950
86 86 0.69680700
86 85 0.00066657
98 98 0.97333800
73 68 0.12092400
73 72 0.02390440
73 73 0.78043500
83 83 0.68411300
83 84 0.00642193
83 78 0.00152130
83 82 0.00501631
18 16 0.00923086
18 18 0.83148400
18 12 0.00064142
18 17 0.01593040
4 4 0.80626200
4 3 0.00398362
116 116 0.96918300
153 153 0.48475300
119 119 0.70795700
132 132 0.84307900
44 42 0.00717739
44 38 0.00150999
44 44 0.80650700
44 43 0.00182075
44 41 0.00800422
44 39 0.00853621
44 40 0.00196408
46 40 0.00325017
46 45 0.00612856
46 44 0.00544634
46 47 0.00060418
46 46 0.74387800
46 42 0.00099224
46 43 0.00714516
46 41 0.02692160
50 47 0.00070640
50 44 0.00975385
50 48 0.01567070
50 51 0.00221128
50 50 0.68420000
50 45 0.05800590
50 49 0.10811100
120 120 0.34270100
39 35 0.00059609
39 39 0.79067800
39 37 0.06403950
12 11 0.00644410
12 6 0.00392811
12 12 0.05628830
12 10 0.00406514
10 10 0.92186600
10 9 0.00533313
10 5 0.00060488
157 157 0.99847300
157 156 0.00057926
75 75 0.76024700
75 70 0.05732950
75 74 0.00140924
47 45 0.00656454
47 44 0.00516348
47 48 0.00278266
47 46 0.01071100
47 47 0.59744600
47 42 0.02915530
47 41 0.00273695
2 1 0.00103542
2 2 0.80667200
7 7 0.05857100
7 6 0.00271142
158 157 0.00073948
158 158 0.99864700
26 26 0.78143500
26 24 0.08764690
26 25 0.00066270
23 23 0.78187900
23 21 0.00622369
45 43 0.00398485
45 39 0.00259558
45 41 0.00291756
45 44 0.00579008
45 42 0.00951964
45 40 0.00667723
45 45 0.76263300
74 74 0.73560300
74 73 0.00397419
74 69 0.12101300
150 150 0.85347300
41 36 0.00939310
41 41 0.67570800
41 39 0.04574450
41 37 0.00218914
121 121 0.77775500
49 48 0.07499450
49 44 0.02737990
49 47 0.01509180
49 46 0.00107693
49 50 0.00232791
49 43 0.00941899
49 49 0.68859600
124 124 0.95119500
149 149 0.82861100
20 20 0.79088700
20 19 0.02283480
20 18 0.01154940
17 17 0.84031600
17 16 0.01842230
17 15 0.01270720
17 11 0.00059320
5 4 0.01853010
5 5 0.67611700
35 33 0.01154070
35 35 0.78159300
76 76 0.74078400
76 71 0.06808000
76 75 0.00102541
57 52 0.01211290
57 58 0.00127186
57 56 0.00778343
57 57 0.67683800
57 55 0.01301490
112 112 0.66990800
93 90 0.00488854
93 88 0.00237718
93 91 0.00954904
93 93 0.09137360
8 6 0.00124605
8 7 0.00581869
8 8 0.92305000
13 12 0.03965190
13 7 0.00180027
13 11 0.00547897
13 13 0.10124200
99 99 0.97346600
127 127 0.95216200
65 63 0.01112490
65 65 0.74536300
65 64 0.05420590
65 60 0.12310400
30 28 0.13656400
30 29 0.00117204
30 30 0.78044800
9 7 0.00129487
9 8 0.03944590
9 9 0.92188400
62 60 0.06839960
62 62 0.68952600
62 57 0.00435611
62 61 0.05291570
156 156 0.99845300
54 51 0.00069395
54 52 0.05247800
54 53 0.05409790
54 49 0.04471720
54 54 0.68332100
25 23 0.00546787
25 25 0.78146000
25 24 0.00050672
48 49 0.00243926
48 43 0.06003950
48 45 0.00137506
48 42 0.00290809
48 47 0.04228900
48 46 0.01467970
48 48 0.72131900
27 27 0.78100500
27 26 0.00065525
27 25 0.13610000
52 50 0.01380180
52 52 0.68150100
52 51 0.07339740
52 47 0.00542050
52 49 0.00076801
115 115 0.86058800
160 160 0.99990200
111 111 0.18662600
78 79 0.00150542
78 77 0.00147714
78 78 0.78810300
78 73 0.00177946
154 154 0.97359200
80 81 0.01904620
80 75 0.11615100
80 79 0.00909734
80 80 0.78949700
59 54 0.00180109
59 57 0.04677950
59 59 0.67759600
59 58 0.01066670
130 130 0.83567400
51 49 0.01321540
51 50 0.08742510
51 45 0.00099210
51 51 0.67623600
51 48 0.00071296
51 46 0.01502550
126 126 0.95107000
66 64 0.00745328
66 65 0.05328620
66 61 0.12309400
66 66 0.69344500
103 103 0.42983800
136 135 0.00053186
136 136 0.94928100
105 105 0.08157710
138 138 0.43459900
70 70 0.69794900
70 65 0.12306400
70 69 0.00755818
84 83 0.00288035
84 79 0.04424060
84 84 0.71780100
84 85 0.00465465
102 102 0.10215800
38 36 0.00583753
38 38 0.76964100
67 67 0.70173000
67 62 0.12308600
67 66 0.05211980
67 65 0.00390200
108 108 0.88725500
81 76 0.01126090
81 80 0.00938074
81 82 0.00234029
81 75 0.00090857
81 81 0.78787100
68 67 0.05070820
68 63 0.12304600
68 68 0.69790600
113 113 0.96348500
92 87 0.00396994
92 92 0.40262500
69 68 0.00120781
69 69 0.68934500
69 64 0.12303600
63 62 0.05361700
63 63 0.70034100
63 61 0.05669890
63 58 0.12122900
151 151 0.82943700
128 128 0.91474900
141 141 0.97087900
37 35 0.00610738
37 37 0.71602100
22 22 0.78154100
22 20 0.00494384
22 21 0.00095514
53 52 0.05930220
53 51 0.01732890
53 53 0.68678700
53 50 0.00072169
53 48 0.00180542
159 158 0.00080152
159 159 0.99888500
146 146 0.99545600
6 5 0.03554210
6 6 0.10667600
125 125 0.95107800
131 131 0.77939300
19 13 0.00052313
19 17 0.00929934
19 19 0.81192400
19 18 0.01968400
85 84 0.00098377
85 86 0.00379125
85 80 0.00179738
85 85 0.76473200
33 31 0.08805260
33 33 0.78160900
21 19 0.02772180
21 21 0.78074800
21 20 0.00393463
89 84 0.03086910
89 85 0.00170969
89 89 0.67354900
36 36 0.21481000
36 34 0.11413300
