145 146 0.14679400
145 144 0.00233904
145 145 0.78802500
15 12 0.13797800
15 15 0.01117600
15 13 0.27173100
15 14 0.00343233
152 153 0.08344800
152 152 0.74553200
152 151 0.04661170
137 138 0.15397700
137 137 0.61232400
122 123 0.00193342
122 122 0.80309100
148 148 0.70153400
148 147 0.00203919
148 149 0.08465400
129 129 0.49164700
129 130 0.00331382
31 28 0.58951800
31 31 0.00292920
31 29 0.37889400
91 91 0.35526700
91 92 0.03445670
91 93 0.00069194
77 77 0.44808300
147 146 0.02438130
147 148 0.15606000
147 147 0.09785130
147 145 0.00178747
56 54 0.00373285
56 56 0.89907100
56 55 0.01078810
96 97 0.48896700
96 96 0.46944100
60 60 0.72935300
11 9 0.20508500
11 11 0.05594770
87 89 0.00795940
87 88 0.15373500
87 87 0.79122100
40 38 0.18145900
40 37 0.00273657
40 40 0.00296526
29 27 0.30772200
29 29 0.00284377
29 26 0.60706200
117 117 0.16697900
82 82 0.17452900
82 83 0.03905570
64 64 0.95272900
134 134 0.82607700
134 135 0.14058800
1 1 0.93267600
155 156 0.02639990
155 155 0.63324000
155 154 0.01516190
79 79 0.68543200
79 80 0.00212492
42 40 0.10645300
42 42 0.00404846
42 39 0.03727680
95 96 0.49070500
95 95 0.46959200
14 13 0.00221043
14 11 0.02544800
14 14 0.07562610
14 12 0.15777000
106 106 0.97934500
106 107 0.00050087
109 109 0.45752800
114 114 0.99918200
123 123 0.91025100
123 124 0.00522611
28 28 0.00284077
28 26 0.24827200
28 25 0.55018200
3 1 0.01219100
3 2 0.00893309
3 3 0.65245800
58 56 0.00068533
58 58 0.69208800
58 57 0.00097969
16 16 0.00762882
16 13 0.04057450
16 14 0.37290500
88 89 0.18231300
88 90 0.00853789
88 88 0.76089100
139 141 0.00187233
139 139 0.79221000
139 140 0.16320700
107 107 0.57432700
72 72 0.99959100
61 61 0.95500000
55 55 0.89008300
55 54 0.01286140
55 53 0.00950585
55 52 0.00127246
101 102 0.07867360
101 101 0.36343100
24 22 0.00693294
24 21 0.07938740
24 24 0.00089930
97 97 0.33179900
97 98 0.16094900
143 143 0.72053100
143 144 0.02639210
143 142 0.00088933
118 118 0.47591100
140 139 0.00056052
140 140 0.78774000
140 142 0.00128339
140 141 0.16785600
32 29 0.55375100
32 31 0.00055520
32 30 0.29815500
32 32 0.00294791
144 145 0.02152740
144 144 0.14475100
144 143 0.00197371
142 141 0.00078137
142 143 0.16183600
142 142 0.78983300
34 34 0.00295256
34 31 0.27305500
34 32 0.01335690
90 92 0.00097191
90 90 0.54533500
90 91 0.21835900
71 71 0.99955200
104 104 0.87518400
104 105 0.03647190
43 41 0.56916200
43 43 0.01677150
43 40 0.15067500
94 94 0.46836000
94 95 0.49475300
133 134 0.13921800
133 133 0.82745700
110 110 0.50748400
100 101 0.17733100
100 100 0.45610300
135 135 0.82503100
135 136 0.14195100
98 98 0.37687800
98 99 0.15413700
86 86 0.82699500
86 88 0.00225407
86 87 0.13066900
73 73 0.99955500
83 84 0.01237990
83 83 0.84093800
18 16 0.33998500
18 18 0.00092789
18 15 0.18335400
4 2 0.00513812
4 3 0.00269883
4 4 0.05951120
116 116 0.71164300
153 153 0.07490650
153 152 0.04639780
153 154 0.00467533
119 119 0.49117200
132 133 0.13778200
132 132 0.82757400
44 41 0.01909330
44 44 0.03038870
44 42 0.62239500
46 46 0.03361210
46 44 0.10302700
46 43 0.00316185
50 50 0.08920020
50 49 0.11205400
50 47 0.00195410
50 48 0.47376800
39 39 0.00295939
39 37 0.18633200
39 36 0.00633594
120 120 0.68940500
12 12 0.04105070
12 10 0.02165200
10 10 0.01841400
10 8 0.35049600
10 7 0.00107960
157 157 0.89878000
157 158 0.01840070
157 156 0.00756482
75 75 0.02169570
2 1 0.00821722
2 2 0.62072600
47 47 0.04396790
47 44 0.00092548
47 45 0.04705880
7 6 0.00430755
7 7 0.34196600
7 5 0.02074980
7 4 0.00209971
158 157 0.03192630
158 158 0.93497000
158 159 0.01009810
26 24 0.33136100
26 26 0.00283866
26 23 0.00841528
23 23 0.00080140
23 21 0.00381556
23 20 0.00663481
45 45 0.01259550
45 43 0.42039600
45 42 0.03113330
74 74 0.99958800
150 149 0.01670470
150 151 0.01366210
150 150 0.69071500
41 38 0.00262093
41 41 0.00311516
41 39 0.30703000
121 122 0.00071448
121 121 0.81260400
49 48 0.01835010
49 46 0.00218374
49 47 0.08208540
49 49 0.02045200
149 149 0.69113100
149 148 0.00293200
149 150 0.01386720
124 125 0.01523020
124 124 0.35866900
20 18 0.00298213
20 17 0.17715000
17 15 0.03358140
17 14 0.46605800
17 16 0.00056303
17 17 0.00240847
5 4 0.00185024
5 3 0.03178150
5 5 0.67134600
5 6 0.00071131
35 33 0.01605400
35 35 0.00295257
35 32 0.00318410
76 76 0.50469900
57 57 0.90359600
57 55 0.00218989
57 56 0.00786916
112 112 0.46510500
93 93 0.47204100
93 94 0.49244100
8 6 0.01869990
8 7 0.00685000
8 8 0.01029840
8 5 0.00123142
13 12 0.00100965
13 10 0.00584400
13 13 0.07487970
13 11 0.09613410
99 100 0.16906400
99 99 0.33599700
127 128 0.00163915
127 127 0.59968000
65 65 0.95263500
9 9 0.24110300
9 7 0.33398700
30 28 0.34333700
30 30 0.00284771
30 27 0.62515600
62 62 0.95493200
156 157 0.04868320
156 156 0.86369600
156 155 0.00182893
54 53 0.02000100
54 52 0.05062050
54 51 0.00224943
54 54 0.83891100
25 25 0.00089273
25 23 0.00342860
25 22 0.01281950
48 46 0.35285600
48 47 0.00377982
48 48 0.07106190
48 45 0.00072720
27 25 0.34768500
27 24 0.56674600
27 27 0.00283825
52 49 0.00310040
52 52 0.62033800
52 51 0.13072900
52 50 0.07243570
115 115 0.80506100
160 159 0.00370471
160 160 0.99450500
111 111 0.52740000
78 79 0.00164319
78 78 0.70191500
154 155 0.06235220
154 153 0.04646330
154 154 0.56571900
80 81 0.01586060
80 80 0.26727100
59 59 0.70713400
130 130 0.82119700
130 131 0.13631300
51 50 0.20883000
51 51 0.24108000
51 49 0.22610700
51 48 0.00171391
126 126 0.84159000
126 127 0.01922850
66 66 0.67538900
103 103 0.73277300
103 104 0.04141280
136 136 0.38115100
136 137 0.01141620
105 105 0.94758900
105 106 0.00546240
138 138 0.78242600
138 139 0.12074000
70 70 0.99951400
84 84 0.75945900
84 85 0.07341280
84 86 0.00082094
102 103 0.00147662
102 102 0.35387000
38 36 0.00645219
38 38 0.00295771
38 35 0.02196260
67 67 0.50474800
81 82 0.01234190
81 81 0.25651000
108 108 0.64716300
68 68 0.02169330
92 92 0.49405100
92 93 0.47003900
113 113 0.99920200
69 69 0.99946200
151 150 0.04804130
151 151 0.69597500
151 152 0.13071800
63 63 0.95285700
141 140 0.00066148
141 141 0.78791900
141 143 0.00062531
141 142 0.16569500
128 128 0.48921900
128 129 0.04770940
22 20 0.02202390
22 19 0.00639470
37 35 0.00676596
37 37 0.00295718
37 34 0.00330365
159 160 0.00175989
159 158 0.03877570
159 159 0.94985100
53 51 0.06171690
53 52 0.03790110
53 50 0.00247145
53 53 0.80880100
146 146 0.10232000
146 147 0.12597500
146 145 0.00372866
6 5 0.01171320
6 4 0.01570490
6 6 0.13325100
125 126 0.02026120
125 125 0.49775100
131 131 0.82746400
131 132 0.13773700
19 17 0.00718741
19 16 0.53315300
85 87 0.00153095
85 86 0.10214000
85 85 0.85635800
21 19 0.00637106
21 18 0.18556100
89 91 0.00078565
89 89 0.70028500
89 90 0.20415000
33 30 0.39683800
33 33 0.00295146
33 31 0.54257900
36 33 0.00630310
36 34 0.08656280
36 36 0.00295238
