82 82 0.44635493
26 26 0.41685157
26 28 0.00387484
121 121 0.70863579
58 59 0.00051594
58 58 0.25200796
50 50 0.77114100
104 104 0.82101165
116 116 0.46786750
45 43 0.00105989
45 47 0.00061728
45 45 0.89310543
74 74 0.46926700
55 55 0.65766406
120 120 0.43742277
16 16 0.85913953
16 17 0.00101423
54 54 0.85275540
149 147 0.03975147
149 149 0.46534036
13 13 0.43409013
146 146 0.78094018
146 144 0.02760035
61 60 0.00111592
61 62 0.00062677
61 61 0.68850214
44 44 0.70656077
44 46 0.00071668
44 42 0.00109290
6 6 0.89378211
29 28 0.00155236
29 31 0.00375702
29 30 0.01312204
29 29 0.95158678
133 133 0.41704648
158 158 0.42507161
89 89 0.56570807
4 4 0.70796240
48 48 0.47015136
48 46 0.00068488
9 9 0.93354183
134 134 0.62280505
19 20 0.00427629
19 19 0.90959967
145 143 0.01481481
145 145 0.71930195
145 146 0.00079661
111 111 0.47337613
69 69 0.98261120
51 51 0.92507417
125 125 0.70843962
93 93 0.71775488
91 91 0.38955128
95 95 0.67792506
39 38 0.00124785
39 39 0.43676513
39 41 0.00189868
39 40 0.00124572
41 40 0.00138593
41 41 0.60106637
41 39 0.00071038
41 42 0.00138574
41 43 0.00142283
25 25 0.28929082
25 23 0.01071290
25 27 0.00104278
31 33 0.00056233
31 29 0.00484355
31 31 0.96577139
31 30 0.00076310
31 32 0.01319827
83 83 0.54614558
64 64 0.70976724
64 63 0.00080760
32 32 0.84117942
32 33 0.01319874
32 30 0.00120477
62 61 0.00113760
62 62 0.59031302
62 63 0.00061343
7 7 0.84259826
155 155 0.34314802
155 153 0.00062593
108 108 0.63672584
37 39 0.00115465
37 37 0.34136961
37 38 0.00054252
1 1 0.91264197
122 122 0.97596972
140 140 0.71529481
140 139 0.00092256
71 71 0.61624959
136 136 0.81540430
106 106 0.71392077
70 70 0.84633363
84 84 0.78877115
24 24 0.43782915
24 25 0.01034134
24 23 0.00090492
3 3 0.99392589
76 76 0.99066418
159 159 0.85412479
14 14 0.58282447
119 119 0.43602820
139 139 0.72030633
139 138 0.00056402
100 100 0.32133996
132 132 0.79096872
11 11 0.67563711
15 15 0.73985162
137 137 0.79176880
94 94 0.40312321
98 98 0.82546037
66 66 0.55536057
75 75 0.53162290
12 12 0.84958154
22 23 0.00080879
22 22 0.47130069
22 20 0.00159173
22 24 0.00207289
67 67 0.52523495
160 160 0.97831649
81 81 0.48281216
97 97 0.69368248
86 86 0.60942000
78 78 0.96146087
135 135 0.67015250
150 150 0.64218963
150 148 0.00098450
8 8 0.69028536
85 85 0.83449912
17 17 0.86260594
17 18 0.00113483
59 58 0.00089228
59 59 0.69063560
157 157 0.53453764
72 72 0.73246331
2 2 0.95956296
38 38 0.44954837
38 37 0.00066293
38 40 0.00118908
38 39 0.01122667
112 112 0.48081085
138 138 0.75505918
138 137 0.00052566
143 141 0.00278964
143 142 0.00502770
143 144 0.00108604
143 143 0.55002092
63 63 0.77698254
63 62 0.00109480
90 90 0.56555636
28 28 0.79666554
28 30 0.00647621
28 26 0.00510634
28 29 0.01276383
43 42 0.00066715
43 45 0.00081800
43 43 0.49254943
43 41 0.00111494
130 130 0.46779595
21 22 0.00297544
21 21 0.58227313
65 65 0.46873682
151 151 0.69543286
99 99 0.45953870
124 124 0.97586197
20 20 0.54012384
20 22 0.00055574
40 41 0.00236858
40 39 0.00126874
40 40 0.79517599
40 42 0.00379882
101 101 0.69658000
80 80 0.83499590
18 18 0.60469219
18 19 0.00256868
126 126 0.43723011
117 117 0.49487955
46 46 0.89394340
46 44 0.00119567
92 92 0.54434468
115 115 0.42315027
109 109 0.44122354
30 28 0.00845094
30 32 0.00096990
30 29 0.00134801
30 31 0.01322082
30 30 0.95876127
36 36 0.40943545
142 140 0.00155960
142 143 0.00092321
142 142 0.58937045
142 141 0.00576065
57 57 0.78668169
57 58 0.00094368
68 68 0.80349099
52 52 0.95953779
129 129 0.49483752
114 114 0.88447626
107 107 0.58622956
23 23 0.36999798
23 25 0.00306080
23 24 0.00195347
77 77 0.99063673
128 128 0.43574836
153 153 0.64287035
153 151 0.00180158
153 152 0.00052668
127 127 0.43579839
148 146 0.04001163
148 148 0.30680511
73 73 0.41182842
10 10 0.98259277
141 141 0.76716572
141 142 0.00063114
141 140 0.00307452
27 25 0.00120252
27 27 0.32032514
42 42 0.60653912
42 44 0.00103529
42 41 0.00192783
42 40 0.00131455
154 154 0.55438421
154 152 0.00189051
34 35 0.01215282
34 34 0.88440887
96 96 0.70665377
56 56 0.92522831
147 145 0.03098379
147 147 0.78735082
123 123 0.97593711
152 150 0.00193254
152 152 0.74999420
105 105 0.83064872
144 143 0.00110381
144 142 0.00620612
144 144 0.80646696
144 145 0.00117610
60 60 0.60535509
60 59 0.00107481
5 5 0.85955485
110 110 0.54411504
33 31 0.00066011
33 33 0.87378621
33 34 0.01327344
131 131 0.48937075
103 103 0.37767381
102 102 0.78661178
35 35 0.48685238
87 87 0.70671081
79 79 0.89225981
49 49 0.61165960
118 118 0.43583926
53 53 0.91604307
47 47 0.73886854
47 45 0.00105376
88 88 0.82531938
156 156 0.43931922
113 113 0.90164762
