150 150 0.44650076
125 125 0.60472402
89 89 0.64894502
130 130 0.83071400
38 38 0.80767705
38 39 0.07024239
38 37 0.00181446
38 40 0.08256133
1 1 0.45060387
60 60 0.70289119
88 88 0.62655870
137 137 0.89177634
41 43 0.01485345
41 42 0.03815881
41 41 0.38837513
51 52 0.01253538
51 51 0.51842860
51 53 0.00322784
123 123 0.52063640
140 140 0.81524109
32 32 0.47428687
75 75 0.53552962
135 135 0.69444013
118 118 0.70055767
118 119 0.00086486
44 46 0.02068800
44 44 0.48381109
87 87 0.60274499
4 4 0.34232139
29 31 0.00123395
29 32 0.00693966
29 30 0.04897539
29 29 0.85677477
158 158 0.87917781
12 14 0.00209254
12 15 0.00150411
12 12 0.89920414
106 106 0.67336227
100 100 0.75524130
63 63 0.69408269
49 49 0.61123661
49 50 0.05442218
49 51 0.02435977
77 77 0.67044607
78 78 0.33058344
101 101 0.76803980
74 74 0.48948562
145 145 0.77058374
73 73 0.48234968
76 76 0.72065122
71 71 0.85990842
96 96 0.74332884
61 61 0.52759580
129 129 0.29510471
109 109 0.98467474
115 115 0.77362512
64 64 0.73109945
6 6 0.64300033
59 60 0.00082390
59 59 0.71280719
68 68 0.92355019
42 42 0.65696361
42 44 0.06679033
42 43 0.00715494
84 84 0.71688364
114 114 0.54135685
24 25 0.00899611
24 24 0.39535016
9 8 0.00134386
9 9 0.51830865
127 127 0.60376682
2 2 0.73317484
3 3 0.58180268
8 8 0.64405324
8 7 0.00133852
149 149 0.65695202
113 113 0.62980001
152 152 0.52302006
104 104 0.70636962
16 16 0.58625762
102 102 0.84404106
86 86 0.55350746
70 70 0.54608855
99 99 0.68274024
124 124 0.44210003
43 43 0.37060995
43 45 0.00739672
43 44 0.03762567
81 81 0.58576358
22 22 0.77237893
22 25 0.00605226
22 23 0.00654391
143 143 0.64470893
82 82 0.58363855
66 66 0.80449690
133 133 0.61604443
139 140 0.00050154
139 139 0.93775880
56 57 0.00603925
56 56 0.64459098
95 95 0.76346004
92 92 0.82958906
67 67 0.71633686
53 54 0.00502111
53 53 0.56042585
53 55 0.01805562
7 6 0.00079142
7 7 0.88924867
33 33 0.47832858
33 35 0.00061447
33 34 0.00089925
45 45 0.48420933
45 47 0.02074416
153 153 0.57950667
11 14 0.00082338
11 10 0.00088844
11 11 0.70580470
46 46 0.48751944
46 48 0.00389902
46 47 0.00183733
28 29 0.04765870
28 28 0.79494220
28 31 0.01134132
47 47 0.65488469
47 48 0.02819996
47 49 0.12602102
108 108 0.98424565
90 90 0.67025582
13 15 0.00219442
13 13 0.86535077
13 16 0.00250783
155 155 0.52199188
157 157 0.47104518
116 116 0.65255672
148 148 0.84402726
83 83 0.57023172
19 19 0.61786331
19 22 0.00662483
121 121 0.54009592
55 56 0.02280883
55 55 0.51222976
18 18 0.55704299
18 21 0.00348083
85 85 0.59682685
111 111 0.58094057
62 62 0.68182384
27 27 0.63994959
27 28 0.00071674
91 91 0.76996720
39 39 0.79336047
39 38 0.00068982
39 41 0.09890139
39 40 0.06948629
147 147 0.71146171
31 31 0.47323081
31 34 0.00057299
23 26 0.01786964
23 24 0.00943489
23 23 0.39540178
23 22 0.00050261
48 48 0.66498470
48 47 0.00051043
48 50 0.16083826
48 49 0.12614482
21 22 0.00187235
21 24 0.01604438
21 21 0.85403857
151 151 0.62293206
154 154 0.73462892
69 69 0.98509866
119 119 0.80371229
119 120 0.00222826
134 134 0.62038015
132 132 0.51117750
5 5 0.71690411
120 120 0.75593822
26 27 0.02298999
26 26 0.37870083
65 65 0.66037733
79 79 0.55805213
105 105 0.98373790
15 15 0.80137411
36 37 0.04143310
36 36 0.38783063
36 38 0.00884772
36 35 0.00278721
159 159 0.86520263
37 39 0.06055881
37 38 0.07702210
37 36 0.00261419
37 37 0.82076077
17 19 0.00088904
17 20 0.00191927
17 17 0.49740815
40 42 0.11410075
40 39 0.00052707
40 40 0.77589872
40 41 0.07172495
93 93 0.79688648
160 160 0.96320190
138 139 0.00090447
138 138 0.70904835
141 141 0.84483243
112 112 0.71865121
50 50 0.62343310
50 51 0.14723653
50 52 0.00241780
54 54 0.39228646
54 56 0.00245968
54 55 0.00666648
20 21 0.00052149
20 20 0.86502957
20 23 0.00201482
35 37 0.00808898
35 36 0.01851773
35 35 0.70084060
35 34 0.00264440
146 146 0.56370027
14 17 0.00335350
14 14 0.95323083
14 16 0.00313271
156 156 0.43009249
117 117 0.77851699
117 118 0.00059150
110 110 0.61172780
34 34 0.37088381
34 35 0.04152420
98 98 0.68129908
94 94 0.87505504
25 25 0.58065353
25 26 0.00568533
58 59 0.00077876
58 58 0.64570637
57 58 0.00151036
57 57 0.78798519
126 126 0.61439398
72 72 0.80053747
128 128 0.51608589
131 131 0.55011265
30 31 0.01153815
30 32 0.00211151
30 33 0.00260655
30 30 0.66928838
97 97 0.76462401
122 122 0.52343973
144 144 0.48724887
103 103 0.58005877
136 136 0.82938951
136 137 0.00050066
10 9 0.00131377
10 10 0.63574742
142 142 0.65474244
80 80 0.60587666
52 52 0.31162010
52 54 0.00160389
52 53 0.03814564
107 107 0.82942683
