6 24 6 24 0.01770480
6 154 6 154 0.00455721
6 21 6 21 0.27895500
6 153 6 153 0.09929250
6 19 6 19 0.02784780
131 143 131 143 0.06376230
151 159 151 159 0.05180630
151 158 151 158 0.08818030
7 20 7 20 0.11562100
7 152 7 152 0.05637030
7 23 7 23 0.02684790
19 25 19 25 0.01018030
4 153 4 153 0.06048450
4 154 4 154 0.05278090
4 21 4 21 0.09168130
4 24 4 24 0.19527500
133 140 133 140 0.12785400
3 25 3 25 0.25767900
3 155 3 155 0.06120610
3 22 3 22 0.03711430
17 26 17 26 0.01271520
10 24 10 24 0.03352570
10 19 10 19 0.29044900
1 154 1 154 0.02221620
1 27 1 27 0.14026800
1 156 1 156 0.16931900
1 149 1 149 0.11722000
9 25 9 25 0.03900270
9 20 9 20 0.19919200
5 23 5 23 0.20522300
5 152 5 152 0.01805250
5 20 5 20 0.03411820
5 25 5 25 0.02369210
152 157 152 157 0.09307100
152 158 152 158 0.04510990
134 139 134 139 0.12935100
18 25 18 25 0.02421840
20 24 20 24 0.02322480
11 23 11 23 0.03904110
2 155 2 155 0.11074000
2 26 2 26 0.18432900
2 148 2 148 0.02798910
8 26 8 26 0.01177960
8 22 8 22 0.03591680
8 151 8 151 0.05206860
8 20 8 20 0.05309810
