118 118 0.49029297
66 60 0.01032083
66 63 0.00163441
66 65 0.01561940
66 66 0.07260868
66 61 0.00103653
66 58 0.00194364
66 71 0.00055200
66 62 0.00964674
66 64 0.08440621
77 72 0.00075507
77 76 0.06593402
77 82 0.04416969
77 75 0.02195681
77 77 0.13407828
77 83 0.00403478
14 13 0.00880603
14 14 0.46738722
14 11 0.00050899
14 17 0.00054008
14 12 0.01055421
14 2 0.00061580
65 71 0.00089554
65 64 0.02088211
65 68 0.00547013
65 65 0.07243245
65 56 0.00060420
65 63 0.03023977
65 59 0.00373065
65 61 0.00462572
141 141 0.65411380
89 87 0.03182456
89 90 0.00292065
89 84 0.00115836
89 91 0.00095478
89 95 0.01757632
89 93 0.00191161
89 89 0.41115890
89 85 0.00080184
89 94 0.03158197
89 88 0.06235709
8 12 0.00076088
8 10 0.00063305
8 2 0.00075985
8 8 0.51257039
8 7 0.01085221
8 14 0.00055638
8 9 0.00400017
35 31 0.01606353
35 30 0.01177696
35 29 0.00060774
35 34 0.00449259
35 35 0.25123062
35 33 0.00275864
35 32 0.00280285
35 36 0.03385578
38 36 0.03773856
38 39 0.04205771
38 33 0.00939935
38 32 0.00331464
38 38 0.56423749
38 43 0.00052650
38 35 0.01432341
38 42 0.00114214
38 34 0.00786667
38 37 0.01943445
38 31 0.00080606
38 41 0.00072558
38 40 0.00366555
114 114 0.53186478
153 153 0.50886849
12 14 0.00120792
12 13 0.00168778
12 11 0.03210434
12 1 0.00350801
12 6 0.00059707
12 12 0.29038776
12 17 0.00273318
12 10 0.00243232
12 16 0.00094056
12 7 0.00098439
12 2 0.00102096
12 18 0.00110633
156 156 0.77413726
133 134 0.06962245
133 133 0.62646768
133 132 0.00072445
131 131 0.67708857
131 133 0.00388676
131 132 0.05919878
1 7 0.00791826
1 2 0.00181883
1 1 0.85905239
1 4 0.00154358
1 6 0.00119204
1 11 0.00857202
26 22 0.00156371
26 23 0.00781086
26 20 0.00106004
26 19 0.00080363
26 28 0.00059257
26 27 0.00060310
26 24 0.04290960
26 26 0.02511551
26 21 0.00297360
26 25 0.00779073
130 131 0.02726418
130 130 0.75728412
128 128 0.55491799
128 129 0.01750241
111 111 0.59505275
111 113 0.00086545
120 120 0.60580546
120 121 0.00256673
25 26 0.00315140
25 27 0.00774907
25 24 0.00770135
25 25 0.18522162
25 21 0.00418036
25 18 0.00221249
25 20 0.00146887
25 23 0.03960666
25 19 0.00077975
25 22 0.00891943
69 69 0.24465772
69 67 0.00405202
69 68 0.01571094
69 64 0.00087895
91 89 0.03819174
91 93 0.00832818
91 96 0.02115841
91 88 0.00051770
91 90 0.05424778
91 92 0.00118566
91 87 0.00207285
91 91 0.31054203
91 95 0.00090668
60 51 0.00116125
60 62 0.00136233
60 57 0.00134726
60 58 0.03016463
60 54 0.00350772
60 53 0.00564316
60 59 0.00417498
60 52 0.00155661
60 61 0.00072040
60 55 0.00232578
60 60 0.68832860
60 56 0.00480380
60 63 0.00612235
60 65 0.00098160
138 140 0.02339804
138 139 0.04959807
138 138 0.72814741
112 114 0.00331279
112 112 0.62150017
9 8 0.00441864
9 10 0.00478858
9 4 0.00073975
9 13 0.00079707
9 9 0.32608424
9 14 0.00257607
73 70 0.00196270
73 73 0.45609686
73 79 0.00428990
73 68 0.00052394
73 72 0.07266190
73 71 0.11356789
73 78 0.01363742
73 67 0.00140084
33 26 0.00069258
33 36 0.00059047
33 27 0.00412613
33 32 0.00071809
33 33 0.13245727
33 29 0.00456618
33 30 0.00050878
33 28 0.00246882
126 126 0.55031595
126 127 0.00088238
123 124 0.05098734
123 123 0.80711409
19 15 0.00233610
19 21 0.01276107
19 18 0.00149255
19 20 0.00466831
19 19 0.11130716
19 17 0.00765648
19 12 0.00365673
97 95 0.00056903
97 96 0.04332448
97 98 0.01185704
97 99 0.03554001
97 97 0.57573942
97 102 0.00523366
97 93 0.00322491
16 13 0.00267455
16 9 0.00109933
16 15 0.00080452
16 14 0.00955456
16 4 0.00231428
16 17 0.00069161
16 12 0.01247829
16 16 0.08430656
100 99 0.00235811
100 102 0.01856260
100 100 0.64758635
100 101 0.00273591
64 59 0.00058734
64 66 0.00071394
64 61 0.00089240
64 70 0.00143352
64 60 0.01094463
64 55 0.00225284
64 69 0.02570402
64 63 0.03256426
64 56 0.00112241
64 62 0.08633927
64 64 0.61822026
64 57 0.00137250
64 58 0.00942976
50 45 0.00522377
50 51 0.00491820
50 42 0.05192545
50 47 0.00533745
50 53 0.00272123
50 41 0.00380723
50 54 0.00276097
50 48 0.01376990
50 50 0.55669162
50 44 0.00260148
50 52 0.00351806
50 49 0.00103145
50 56 0.00056445
50 55 0.00078466
50 46 0.02064139
28 28 0.49253960
28 30 0.00059034
28 29 0.03567574
28 23 0.01554763
28 22 0.03761836
28 25 0.00853769
28 21 0.00345436
28 26 0.04582208
28 24 0.00445803
28 27 0.02024826
58 59 0.00079255
58 52 0.00894818
58 61 0.00615038
58 60 0.00123852
58 55 0.01210832
58 56 0.02477174
58 49 0.00306725
58 51 0.02718813
58 50 0.01392534
58 57 0.00198438
58 58 0.13224061
58 54 0.02022945
58 53 0.00917637
124 124 0.55673368
124 125 0.01352311
109 111 0.00062865
109 109 0.70837010
96 95 0.02623260
96 92 0.00473521
96 101 0.00138651
96 94 0.00091263
96 99 0.00078222
96 98 0.00955139
96 96 0.50242255
96 102 0.00137854
96 97 0.01147351
155 155 0.73247316
52 42 0.00053456
52 51 0.00292415
52 47 0.00178078
52 43 0.00210137
52 45 0.00192303
52 54 0.00199424
52 50 0.01387108
52 48 0.00355866
52 53 0.00306777
52 52 0.44996731
52 44 0.05365116
52 55 0.00270134
52 46 0.00189675
52 49 0.00381169
6 7 0.00568414
6 8 0.00184305
6 15 0.00055217
6 5 0.00513220
6 6 0.22832468
90 89 0.00439556
90 94 0.00438938
90 88 0.02067947
90 96 0.00116070
90 90 0.21607254
90 92 0.00111694
90 91 0.00055052
90 95 0.00192706
152 152 0.52256986
11 18 0.00051189
11 2 0.00125306
11 7 0.00155620
11 10 0.00423696
11 17 0.00132889
11 12 0.00771868
11 4 0.00062968
11 1 0.00143012
11 11 0.24289031
11 13 0.00095172
11 14 0.00201311
11 9 0.00365478
63 60 0.00108328
63 55 0.00137836
63 65 0.00135749
63 56 0.00511210
63 63 0.21763642
63 59 0.01176740
63 61 0.08866993
63 66 0.00669093
63 54 0.00250095
63 58 0.00066611
63 57 0.00848388
63 62 0.01854245
21 17 0.00268129
21 22 0.01173955
21 20 0.00999063
21 23 0.01455273
21 19 0.00950001
21 18 0.00232601
21 21 0.48154891
108 110 0.03452630
108 108 0.73786958
42 40 0.00372351
42 41 0.01417138
42 35 0.01046729
42 34 0.00522497
42 42 0.72986334
42 38 0.00430768
42 43 0.02998286
42 37 0.00555266
42 45 0.00365946
42 46 0.00951882
42 39 0.02092050
42 33 0.00073733
42 36 0.00655445
42 44 0.00071269
151 151 0.72014826
43 44 0.00937535
43 36 0.00980361
43 39 0.00454273
43 46 0.00699230
43 45 0.00067739
43 38 0.00375212
43 47 0.00498754
43 43 0.74197987
43 35 0.01029454
43 34 0.00143748
43 42 0.00909825
43 37 0.00829704
43 41 0.00213658
43 40 0.02241284
20 14 0.00059517
20 21 0.00547844
20 13 0.00322240
20 16 0.02344960
20 22 0.01369212
20 19 0.00758679
20 20 0.31121958
20 18 0.02727100
20 17 0.00131994
145 145 0.59506339
122 123 0.00666526
122 122 0.62029456
57 60 0.00592491
57 55 0.02051262
57 49 0.01500710
57 56 0.00310579
57 52 0.01038210
57 59 0.00127165
57 58 0.00066611
57 54 0.01390649
57 50 0.02805960
57 57 0.15445141
57 48 0.00304927
57 53 0.02050422
57 51 0.00910333
99 101 0.01365972
99 100 0.00369816
99 104 0.00068438
99 98 0.00302660
99 99 0.54574733
71 76 0.02228329
71 71 0.26251862
71 67 0.00105013
71 66 0.00074886
71 69 0.00538292
71 77 0.00117100
71 70 0.03917883
135 134 0.00076937
135 136 0.10510606
135 137 0.00101517
135 135 0.69174611
30 28 0.00258651
30 31 0.00149684
30 30 0.45495601
30 29 0.01439568
30 25 0.01304160
30 32 0.00114028
30 26 0.00276236
30 27 0.00466767
30 24 0.00260117
144 146 0.00254062
144 144 0.89454287
125 125 0.57406960
125 126 0.00325832
101 101 0.65607033
101 103 0.01073557
101 100 0.00133290
101 102 0.00083540
83 83 0.49763092
83 79 0.00114599
83 78 0.00072522
83 88 0.00130172
83 81 0.10223215
83 82 0.02851922
46 47 0.00635137
46 38 0.00160763
46 43 0.00187452
46 45 0.02340677
46 40 0.00050816
46 50 0.01828236
46 46 0.25367349
46 49 0.01025651
56 61 0.00064799
56 52 0.02028112
56 59 0.00592530
56 49 0.02854930
56 56 0.00801209
56 55 0.00463306
56 46 0.00053545
56 47 0.00284866
56 51 0.01271033
56 53 0.01550441
56 58 0.00110296
56 54 0.01637003
56 48 0.01621951
56 50 0.00954481
56 57 0.00072187
134 136 0.02340116
134 134 0.68950173
134 133 0.00088689
134 135 0.00432879
113 113 0.46292535
104 106 0.01838323
104 105 0.00097769
104 104 0.67787964
37 32 0.01114773
37 39 0.00400657
37 33 0.00335245
37 36 0.01716585
37 31 0.00298840
37 40 0.00068280
37 38 0.01253984
37 35 0.04727165
37 34 0.00773204
37 37 0.45250578
68 65 0.00228419
68 73 0.03993742
68 74 0.00415941
68 63 0.00092557
68 60 0.00098196
68 66 0.04658350
68 71 0.00802970
68 67 0.06191909
68 64 0.00269835
68 62 0.00543467
68 68 0.41928203
85 82 0.00082998
85 81 0.00369592
85 85 0.30431535
85 90 0.00141005
85 84 0.00513732
85 91 0.00174328
85 83 0.08988726
85 77 0.00109120
121 121 0.79579410
121 122 0.01256447
67 64 0.00298595
67 62 0.00111526
67 72 0.02688787
67 67 0.48205880
67 59 0.00201423
67 61 0.01058546
67 66 0.03341814
67 70 0.00778016
67 73 0.00277342
67 65 0.08827896
67 63 0.00714853
154 154 0.62899451
48 48 0.13266098
48 40 0.00240324
48 41 0.00067392
48 42 0.00263215
48 45 0.00099042
48 46 0.00149019
48 52 0.00619812
48 44 0.00065629
17 18 0.00665664
17 22 0.00102546
17 16 0.00536139
17 10 0.00068146
17 19 0.00056709
17 17 0.67833501
17 12 0.02572901
17 6 0.00238527
17 11 0.00193058
17 13 0.04154555
17 14 0.00660586
17 21 0.00078420
17 15 0.00195564
78 76 0.06628639
78 78 0.47615812
78 84 0.00392912
78 83 0.04610191
78 77 0.07099271
78 73 0.00100757
106 108 0.00079986
106 106 0.51733125
150 152 0.00067671
150 150 0.76700729
143 145 0.00392698
143 143 0.78071458
137 137 0.82647715
137 139 0.02339469
137 138 0.07380440
80 78 0.01525414
80 80 0.53633838
80 85 0.00073124
80 79 0.01099207
75 73 0.11226365
75 74 0.06344357
75 70 0.00052149
75 80 0.04081045
75 75 0.53720915
75 72 0.00131499
75 81 0.00375555
5 7 0.00251035
5 2 0.00103957
5 1 0.00056916
5 5 0.66019232
5 4 0.00529481
5 6 0.00659672
5 14 0.00156705
27 28 0.03602785
27 22 0.00927219
27 20 0.00459749
27 23 0.00308608
27 29 0.00331764
27 21 0.04263008
27 25 0.04933097
27 24 0.00790598
27 27 0.08312224
27 26 0.02491949
13 9 0.00117983
13 14 0.00567490
13 13 0.42099254
13 11 0.01330372
13 1 0.00063917
13 12 0.01738201
13 17 0.00141865
13 2 0.00312776
13 18 0.00054877
82 82 0.61597864
82 81 0.08084068
82 88 0.00068766
82 80 0.03484680
82 87 0.04327849
82 83 0.00096440
82 77 0.00124138
147 147 0.53613276
147 149 0.00394010
7 9 0.00102956
7 11 0.00118196
7 1 0.00106964
7 6 0.00586655
7 12 0.00103571
7 7 0.49347774
7 8 0.00402239
7 2 0.00275867
148 148 0.67458206
148 150 0.00611754
47 44 0.00136273
47 39 0.01012015
47 45 0.00178604
47 42 0.00117784
47 51 0.00127724
47 38 0.00120820
47 43 0.00239326
47 47 0.21484911
47 41 0.00292477
47 50 0.00083528
47 40 0.00159019
23 20 0.01081669
23 23 0.43356923
23 19 0.00978507
23 16 0.00182605
23 22 0.00890873
23 17 0.04029040
23 24 0.00287823
23 25 0.01256344
23 21 0.04269820
132 132 0.59268689
132 131 0.00051685
132 133 0.08139952
105 107 0.00089675
105 105 0.58923754
54 49 0.00601988
54 56 0.00064096
54 55 0.00199705
54 60 0.00441182
54 46 0.02245161
54 44 0.00082863
54 52 0.00869492
54 59 0.02717072
54 53 0.03936180
54 54 0.56721622
54 58 0.00151618
54 50 0.01642590
54 57 0.00311931
54 48 0.00149542
54 45 0.00133827
54 51 0.00737868
54 47 0.01337269
40 39 0.02027078
40 32 0.00090304
40 33 0.00565778
40 44 0.00663066
40 36 0.00505331
40 41 0.03184225
40 40 0.72237495
40 37 0.01524843
40 42 0.00104676
40 35 0.01391037
40 34 0.00258178
40 43 0.00164030
40 38 0.00379986
31 29 0.01578661
31 28 0.00054977
31 30 0.00152475
31 31 0.54908943
31 27 0.00363162
31 26 0.01822220
31 25 0.00457997
31 33 0.00095452
41 44 0.00149881
41 36 0.01034315
41 39 0.00299880
41 33 0.00316824
41 45 0.00713167
41 38 0.01594116
41 43 0.00080481
41 42 0.03154326
41 35 0.00348150
41 34 0.00885000
41 37 0.00304831
41 41 0.72450902
41 40 0.01939239
4 6 0.00229122
4 4 0.72324049
4 1 0.00138796
4 5 0.00388619
4 13 0.00111046
4 3 0.00404409
4 14 0.00490438
4 2 0.00069916
4 7 0.00058018
59 51 0.00857436
59 62 0.00618571
59 64 0.04911812
59 50 0.00270361
59 57 0.03830400
59 58 0.00761480
59 54 0.00633484
59 53 0.01310101
59 59 0.37412307
59 52 0.01720159
59 61 0.00139329
59 55 0.02334893
59 60 0.00088460
59 56 0.00746242
36 39 0.00059832
36 32 0.01221931
36 33 0.01447668
36 36 0.59633010
36 31 0.01030942
36 37 0.03342841
36 38 0.00323490
36 35 0.02104964
36 34 0.03933614
136 138 0.02339561
136 136 0.78107957
136 137 0.05720755
49 50 0.00662153
49 40 0.00540847
49 54 0.00166503
49 41 0.05303059
49 53 0.00676754
49 43 0.00141413
49 47 0.01193503
49 51 0.00251548
49 45 0.02059365
49 46 0.00897772
49 55 0.00098045
49 49 0.19556298
49 52 0.00320782
49 44 0.00552180
32 28 0.00566465
32 30 0.00208331
32 31 0.00094114
32 29 0.00108095
32 33 0.00112018
32 32 0.19386929
32 27 0.02096155
32 26 0.00452256
39 37 0.02719859
39 38 0.01258237
39 43 0.00626232
39 35 0.00690112
39 34 0.00664452
39 42 0.00124641
39 40 0.03984283
39 41 0.00273146
39 31 0.00076927
39 36 0.01645688
39 44 0.00058752
39 33 0.00327948
39 32 0.00287046
39 39 0.72704046
93 92 0.00321179
93 90 0.00056298
93 91 0.01341053
93 95 0.02588466
93 89 0.00262365
93 93 0.38804566
93 97 0.00673701
93 94 0.00882356
93 99 0.01538578
93 88 0.00224696
149 149 0.53776235
2 13 0.00057638
2 3 0.00095245
2 11 0.00241369
2 1 0.00302245
2 4 0.00176815
2 12 0.00220440
2 2 0.82902655
2 7 0.00145461
34 34 0.20835370
34 29 0.00318156
34 30 0.00122732
34 31 0.00182564
34 32 0.00629385
34 33 0.00090490
18 14 0.00159614
18 6 0.00100493
18 11 0.00314061
18 17 0.00759512
18 12 0.01113810
18 18 0.18983729
18 20 0.00849781
18 19 0.00431787
18 16 0.01964951
116 116 0.53452055
72 69 0.00448769
72 77 0.00619384
72 70 0.10144559
72 66 0.00512457
72 71 0.01999654
72 78 0.00115466
72 67 0.00182425
72 68 0.00082114
72 72 0.51465553
22 17 0.00698888
22 18 0.02848123
22 20 0.02393661
22 23 0.00311841
22 19 0.00895728
22 16 0.00086336
22 22 0.64828898
22 21 0.02354771
22 24 0.00213226
10 10 0.18141722
10 8 0.00077671
10 14 0.00134929
10 9 0.02304970
10 15 0.00068438
10 11 0.00374485
10 6 0.00085253
115 115 0.55803181
94 89 0.00107780
94 93 0.05122362
94 96 0.02101192
94 98 0.00142912
94 94 0.54871268
94 99 0.02794217
94 92 0.00442266
94 90 0.00555453
94 95 0.00131549
107 109 0.03639841
107 107 0.73314591
146 146 0.67720197
146 148 0.00096265
53 43 0.00069107
53 47 0.00147337
53 51 0.01299891
53 45 0.04222626
53 50 0.00735929
53 48 0.00265048
53 58 0.00544056
53 54 0.00264073
53 53 0.44572302
53 52 0.00772909
53 44 0.00190600
53 46 0.01064900
53 55 0.00148058
53 56 0.00290957
53 49 0.00350839
88 89 0.00218503
88 93 0.03273394
88 88 0.38505082
88 94 0.01645157
88 92 0.00087614
88 90 0.00053862
88 87 0.06468276
88 86 0.00983792
88 83 0.00975059
103 105 0.03449220
103 104 0.00106259
103 103 0.68939123
87 88 0.00158753
87 85 0.01603597
87 89 0.00059803
87 82 0.00982572
87 93 0.01534652
87 83 0.00429369
87 92 0.03394078
87 87 0.63293246
87 86 0.06516794
24 26 0.00840048
24 24 0.15965298
24 25 0.00274883
24 21 0.00539950
24 20 0.00366868
24 23 0.00745024
24 22 0.02106187
24 17 0.00050114
92 91 0.00485186
92 87 0.00214813
92 90 0.01005040
92 92 0.32271767
92 94 0.00845103
92 98 0.00054786
92 96 0.00823234
92 88 0.00521131
92 93 0.00679668
92 89 0.00099227
84 84 0.30943803
84 90 0.00076129
84 83 0.00480714
84 76 0.00131854
84 81 0.00115153
84 82 0.10178592
84 80 0.00084265
44 45 0.00537506
44 35 0.00261590
44 42 0.00144443
44 38 0.00539534
44 47 0.00175295
44 37 0.00195466
44 41 0.01472528
44 40 0.00238989
44 44 0.43787995
44 36 0.01520732
44 39 0.00321078
61 63 0.00144571
61 56 0.00291063
61 55 0.00520367
61 60 0.00253315
61 61 0.13729643
61 59 0.05466465
61 52 0.00189310
61 53 0.00189226
61 57 0.00602421
61 58 0.00131983
61 54 0.00822903
61 64 0.00054170
70 65 0.00103889
70 73 0.00102787
70 69 0.02047809
70 70 0.21695415
70 75 0.00159715
70 67 0.00071715
70 64 0.00081335
70 68 0.00958960
70 76 0.00166852
142 142 0.69415922
55 61 0.00433058
55 52 0.01523360
55 49 0.00502600
55 46 0.00254111
55 60 0.04708926
55 55 0.06887003
55 45 0.00065615
55 47 0.02093051
55 51 0.02085165
55 53 0.01342346
55 48 0.02951916
55 50 0.01086332
55 58 0.00149124
55 54 0.04420895
79 74 0.00103307
79 79 0.57361501
79 77 0.04672657
79 84 0.00341408
79 78 0.01926253
127 127 0.53268512
127 128 0.00133842
140 140 0.54338012
140 142 0.01872883
81 86 0.00654946
81 87 0.00197475
81 79 0.02631529
81 76 0.00095190
81 81 0.54002440
81 82 0.00052824
81 80 0.04453578
45 45 0.52358754
45 38 0.00062657
45 47 0.00073458
45 43 0.00096539
45 42 0.01579279
45 37 0.01396218
45 41 0.00199380
45 40 0.00284965
45 48 0.00600450
45 44 0.00369639
45 36 0.00254810
45 39 0.00162848
45 49 0.01675601
45 46 0.01550630
98 103 0.00333811
98 99 0.00453262
98 98 0.41325250
98 100 0.00082029
98 97 0.00775732
86 83 0.00066650
86 91 0.04320521
86 87 0.00091230
86 86 0.61901650
86 92 0.00629356
86 84 0.01172215
86 78 0.00109579
86 85 0.07496453
86 82 0.00402289
86 81 0.00990530
139 141 0.00568463
139 140 0.00602367
139 139 0.69332684
129 129 0.42781524
129 130 0.04484995
3 2 0.00388292
3 7 0.00051328
3 12 0.00074472
3 5 0.00163569
3 1 0.00105618
3 4 0.00373806
3 14 0.00052589
3 3 0.72482301
74 71 0.00178870
74 80 0.00394385
74 72 0.11620577
74 73 0.06713268
74 79 0.04250625
74 74 0.47114548
15 12 0.00100348
15 13 0.02855886
15 15 0.05280470
15 14 0.00901912
15 4 0.00130616
15 11 0.00189901
95 100 0.00087666
95 97 0.03459894
95 93 0.00453929
95 96 0.00522283
95 94 0.04262758
95 99 0.00105304
95 92 0.00057920
95 95 0.42439126
95 91 0.00528749
102 105 0.00050951
102 104 0.00215440
102 102 0.75135914
102 103 0.00055579
76 71 0.00061283
76 75 0.06419304
76 76 0.33199692
76 81 0.04304125
76 82 0.00391812
76 74 0.00711421
51 43 0.05423886
51 47 0.00386789
51 51 0.54964584
51 42 0.00236761
51 45 0.00251705
51 48 0.00383315
51 50 0.03875146
51 54 0.00309193
51 41 0.00051989
51 53 0.00325967
51 52 0.00426856
51 44 0.00073059
51 46 0.00176633
51 55 0.00801447
51 56 0.00651779
51 49 0.01166494
29 29 0.42227917
29 23 0.00218634
29 28 0.00232677
29 30 0.00569090
29 26 0.00646729
29 24 0.01077517
29 27 0.03088627
29 25 0.00082742
62 64 0.00144156
62 62 0.10785550
62 54 0.00239315
62 58 0.00944527
62 57 0.00215062
62 53 0.00250207
62 59 0.00253737
62 61 0.00992995
62 55 0.00705738
62 60 0.08048876
62 65 0.00661815
62 56 0.00962657
62 63 0.00055467
110 110 0.68754480
119 119 0.66195565
117 117 0.35924845
