134 146 0.79039885
134 148 0.00204971
56 66 0.03466290
56 60 0.00874114
56 73 0.13378018
56 65 0.00279543
56 74 0.01747637
56 63 0.00127432
56 64 0.06761497
56 68 0.18688266
56 62 0.01070428
56 58 0.00152253
56 67 0.21704363
46 56 0.00927142
46 63 0.00130018
46 49 0.02701932
46 55 0.00524825
46 52 0.02114225
46 53 0.01645065
46 48 0.01593356
46 50 0.01278302
46 57 0.01083232
46 54 0.01975377
46 58 0.02104121
46 64 0.01025198
46 51 0.02008225
46 47 0.00309586
83 93 0.01013451
83 100 0.00362874
83 94 0.26341879
83 96 0.00069896
83 92 0.00197519
83 91 0.04289028
83 95 0.28348692
101 113 0.53935122
125 139 0.02324780
125 138 0.07418915
125 137 0.82039037
144 156 0.75834502
137 149 0.64204549
80 88 0.11516967
80 97 0.00817951
80 89 0.00352606
80 93 0.00272374
80 91 0.25163230
80 92 0.06108477
80 90 0.00355376
75 83 0.06713422
75 77 0.00081602
75 87 0.11230396
75 86 0.38330863
75 92 0.12315530
75 84 0.00191151
75 88 0.00233915
75 93 0.00345845
75 82 0.00122726
75 85 0.00132759
143 155 0.56192734
106 119 0.00051060
106 118 0.67867372
78 90 0.01757484
78 86 0.01373503
78 91 0.00181580
78 95 0.12140270
78 89 0.32948473
78 94 0.00248427
78 88 0.00296319
67 75 0.01118525
67 78 0.26734024
67 85 0.00454843
67 76 0.01041188
67 79 0.06124290
67 77 0.00881431
67 84 0.03641993
48 55 0.00124800
48 60 0.31703802
48 56 0.00256998
48 65 0.00234399
48 59 0.00501698
48 52 0.00096010
48 50 0.00116618
48 54 0.00215511
48 58 0.00553227
48 53 0.00166010
48 51 0.00236492
17 23 0.00312248
17 20 0.00101521
17 19 0.00305817
17 29 0.22207955
17 18 0.00596386
17 30 0.07244623
17 17 0.00724123
17 28 0.00108007
17 27 0.00807503
17 24 0.00344243
17 25 0.00059396
85 101 0.00061288
85 95 0.00113003
85 93 0.00999022
85 102 0.02054546
85 97 0.45560989
85 96 0.19001311
121 133 0.67966130
121 134 0.08567826
68 77 0.00877746
68 79 0.25201237
68 86 0.00279543
68 78 0.00052080
68 80 0.03966330
68 76 0.09454601
68 85 0.01556500
104 116 0.64416417
113 126 0.00326113
113 125 0.72931024
37 39 0.04171135
37 49 0.10926131
37 55 0.00737357
37 44 0.00268625
37 52 0.00593944
37 41 0.02543623
37 53 0.04258291
37 48 0.00090593
37 50 0.00302794
37 54 0.01400926
37 40 0.00409729
37 45 0.01087149
37 43 0.00940593
37 38 0.00644442
37 47 0.00357424
37 51 0.00105832
37 42 0.00513576
21 21 0.01105501
21 33 0.07405512
21 36 0.00491688
21 27 0.00306211
21 24 0.00130295
21 28 0.02661971
21 31 0.00165032
21 30 0.00319861
21 29 0.03063076
21 34 0.00147039
21 23 0.11145109
21 22 0.02541270
63 70 0.00162496
63 73 0.02942939
63 74 0.33305652
63 81 0.01591689
63 72 0.00408895
63 71 0.09419612
63 67 0.00114666
63 80 0.12460187
63 75 0.19598102
11 24 0.00094998
11 11 0.09617105
11 13 0.00130748
11 21 0.01436188
11 18 0.00157790
11 20 0.00166878
11 23 0.16545932
11 16 0.00103662
11 22 0.02999201
11 17 0.10324259
11 12 0.01408233
52 53 0.00217741
52 57 0.00212930
52 58 0.01106448
52 54 0.00204400
52 62 0.03361038
52 64 0.18234637
52 63 0.16814655
52 56 0.00866844
52 70 0.00927033
52 55 0.00686464
52 60 0.07385638
52 69 0.11711221
52 59 0.00194200
90 101 0.00230890
90 103 0.00123281
90 104 0.00080023
90 102 0.85713737
90 107 0.00069411
6 6 0.16031234
6 5 0.00376942
6 11 0.01384872
6 13 0.00873760
6 15 0.00103781
6 18 0.09518796
6 8 0.00237979
6 7 0.00945094
6 16 0.01966250
6 17 0.18177971
6 12 0.12628662
30 31 0.01972014
30 41 0.03956604
30 40 0.00639313
30 45 0.00806793
30 37 0.00767468
30 38 0.00146587
30 43 0.07477416
30 42 0.53696641
30 35 0.00143179
30 32 0.07247441
30 39 0.02934556
30 33 0.00287865
30 46 0.02212151
30 44 0.00081318
135 149 0.00829196
135 147 0.76743963
99 111 0.69099138
71 89 0.00118584
71 82 0.36139882
71 81 0.00464756
71 80 0.00357294
71 88 0.00839678
71 78 0.00054913
71 79 0.07696585
71 83 0.07662797
57 67 0.00194396
57 68 0.03318054
57 64 0.00159544
57 63 0.00106686
57 74 0.00241210
57 65 0.01264819
57 69 0.08769135
57 66 0.00122727
57 61 0.00152083
122 134 0.68310336
122 136 0.02421051
122 133 0.00061705
122 135 0.00601848
20 35 0.00201425
20 22 0.10227469
20 20 0.01853481
20 23 0.00142076
20 28 0.03282574
20 30 0.00054522
20 31 0.00092366
20 27 0.03457514
20 26 0.00359204
20 21 0.02736402
20 33 0.00093504
20 32 0.10832871
42 51 0.00117473
42 43 0.00589657
42 47 0.00227031
42 45 0.00114718
42 50 0.00358585
42 48 0.00050468
42 54 0.49431198
42 58 0.00339576
42 53 0.10035743
42 59 0.06086354
42 52 0.00128793
42 44 0.00812985
42 46 0.00347364
42 60 0.02145958
42 49 0.00139607
43 60 0.14109709
43 55 0.21284066
43 46 0.00299732
43 49 0.00096160
43 52 0.00132847
43 61 0.01200180
43 44 0.00346448
43 54 0.13381144
43 48 0.00246454
43 50 0.00250028
43 53 0.00145084
43 51 0.00343943
43 47 0.00188993
43 45 0.00954108
108 120 0.75121968
108 121 0.00251193
73 86 0.00159193
73 90 0.08132054
73 84 0.17123425
73 83 0.00104116
73 91 0.00349636
73 85 0.00422413
73 82 0.00580721
73 81 0.13274314
73 80 0.00158191
33 38 0.01693922
33 47 0.00146278
33 42 0.00130241
33 35 0.09117511
33 34 0.01503870
33 37 0.00440617
33 45 0.47863257
33 48 0.00928432
33 50 0.00104805
33 41 0.00060780
33 36 0.00456344
33 44 0.00920985
33 46 0.02145054
33 39 0.00210506
33 49 0.03898077
138 150 0.86836739
138 152 0.00092934
9 11 0.00064198
9 14 0.00656232
9 21 0.17634599
9 15 0.01461624
9 9 0.08503825
9 8 0.00187265
9 22 0.05523575
9 10 0.00917137
9 19 0.03486548
9 20 0.00245321
112 125 0.01323149
112 124 0.61186097
69 77 0.07231111
69 79 0.00596112
69 86 0.03098949
69 87 0.00238370
69 78 0.00284667
69 80 0.32392556
69 76 0.00091381
69 81 0.11350700
69 82 0.00055585
91 103 0.73523262
91 105 0.00111005
91 104 0.00295187
91 102 0.00146576
60 69 0.00112717
60 70 0.00931826
60 77 0.05793631
60 73 0.00147666
60 66 0.00060389
60 78 0.01360214
60 71 0.19596466
60 67 0.00117092
60 64 0.00072841
60 68 0.00810028
60 72 0.10889379
25 32 0.02078647
25 33 0.01427040
25 25 0.00115038
25 26 0.02303149
25 36 0.02638760
25 27 0.11848429
25 41 0.00083204
25 31 0.00149061
25 30 0.00096682
25 37 0.14501984
25 38 0.01892136
25 34 0.00962518
111 124 0.04989120
111 123 0.86919344
120 132 0.66217135
120 133 0.08572442
120 134 0.00102736
128 140 0.69582836
128 141 0.00058149
128 142 0.01843187
26 31 0.00110702
26 28 0.00836784
26 37 0.01613766
26 29 0.00208558
26 38 0.40103721
26 35 0.01492397
26 42 0.00145712
26 34 0.00743818
26 33 0.00083775
26 32 0.00051009
26 39 0.07650521
26 27 0.00477561
130 142 0.82142659
130 144 0.00064607
1 8 0.00251128
1 2 0.01655633
1 7 0.03517190
1 10 0.00101802
1 12 0.00701541
1 6 0.00570104
1 1 0.52482430
1 5 0.00355470
1 4 0.01256058
1 11 0.04577058
1 13 0.00162231
1 3 0.00381102
1 9 0.00050579
96 108 0.78082730
124 135 0.00059042
124 137 0.07479942
124 136 0.77805884
124 138 0.02337942
109 121 0.84621478
109 122 0.01229544
28 39 0.04107898
28 33 0.00268410
28 36 0.00163516
28 44 0.01545055
28 40 0.51857376
28 41 0.07954284
28 31 0.00067352
28 30 0.00520643
28 37 0.02066446
28 29 0.00097864
28 38 0.00077494
28 35 0.02456230
58 75 0.00595342
58 67 0.00244821
58 64 0.00084728
58 62 0.00164488
58 68 0.00336750
58 76 0.00603867
58 65 0.00184728
58 69 0.05920773
58 70 0.09407171
58 66 0.01404129
50 59 0.00369011
50 52 0.00333459
50 61 0.07168300
50 60 0.03167989
50 55 0.00624863
50 63 0.00103286
50 56 0.01192799
50 51 0.00242872
50 68 0.00425061
50 62 0.01353836
50 67 0.00121442
50 57 0.00330252
50 54 0.00799340
50 58 0.06628357
50 53 0.01261865
16 28 0.47134475
16 17 0.00137837
16 16 0.06754427
16 22 0.10397502
16 23 0.02100167
16 18 0.00127375
16 29 0.10775898
16 21 0.01095315
16 25 0.00202099
16 24 0.00838898
16 27 0.00162099
16 26 0.01090297
100 112 0.69806407
64 73 0.00429764
64 74 0.02344343
64 82 0.01709974
64 81 0.13303517
64 76 0.13458438
64 72 0.09605207
64 71 0.00147781
64 75 0.32690917
19 27 0.00302034
19 26 0.02471943
19 32 0.00096280
19 21 0.09531370
19 25 0.01066624
19 22 0.00288963
19 19 0.02674758
19 20 0.02956539
19 31 0.25927873
97 109 0.67634579
123 137 0.00151086
123 135 0.68507327
123 136 0.13723356
123 134 0.00089694
126 140 0.02304129
126 139 0.05314625
126 138 0.72345415
14 16 0.00126700
14 20 0.00106799
14 27 0.00193009
14 24 0.01084353
14 26 0.00203576
14 14 0.00453409
14 15 0.00069718
65 77 0.03500346
65 83 0.01594347
65 73 0.09831432
65 74 0.00886168
65 75 0.02178918
65 76 0.31411815
65 82 0.14014035
65 72 0.00115092
77 86 0.00051971
77 87 0.00207041
77 90 0.00147978
77 94 0.14320911
77 88 0.31253462
77 89 0.09918089
77 85 0.01376166
66 76 0.00697828
66 75 0.00932995
66 78 0.17063583
66 84 0.01343057
66 74 0.00984925
66 77 0.27053806
66 83 0.13461640
118 130 0.75431055
118 131 0.07217636
131 145 0.00386523
131 143 0.87422800
133 147 0.00487684
133 145 0.84787450
12 24 0.01637792
12 14 0.00171130
12 13 0.00282634
12 25 0.00120100
12 22 0.01109551
12 23 0.00401708
12 19 0.00057978
12 18 0.00122413
12 12 0.13693902
12 17 0.01017278
114 126 0.61432175
114 127 0.00666194
35 45 0.00069965
35 37 0.06157698
35 38 0.00399821
35 43 0.00571111
35 47 0.17173658
35 51 0.04636252
35 42 0.00165028
35 41 0.00377584
35 53 0.00098655
35 50 0.03301464
35 48 0.00074889
35 40 0.01288299
35 36 0.01403383
35 52 0.00156366
35 39 0.01951001
35 46 0.00212860
89 101 0.65074548
89 102 0.00141657
89 100 0.00831748
8 11 0.00055192
8 9 0.00512435
8 21 0.01237816
8 14 0.00142958
8 13 0.00454776
8 20 0.07224732
8 19 0.00248069
8 10 0.00073433
8 7 0.00310377
8 8 0.04239233
8 18 0.03139759
8 12 0.00057078
38 45 0.00322064
38 43 0.00561969
38 42 0.02654422
38 41 0.00400161
38 53 0.00086085
38 48 0.00365602
38 50 0.25921347
38 54 0.02824429
38 40 0.04116161
38 44 0.01027902
38 52 0.00055781
38 56 0.00518549
38 39 0.00572348
38 49 0.00105798
38 46 0.01331180
38 55 0.00704634
141 153 0.51850024
95 107 0.77781831
95 106 0.00065698
74 86 0.15090465
74 87 0.00300260
74 92 0.00337357
74 84 0.00136191
74 83 0.00390859
74 91 0.12369587
74 82 0.13883842
74 81 0.00320045
74 76 0.00179932
74 85 0.39363973
15 15 0.00668658
15 21 0.11872757
15 25 0.01087347
15 24 0.00061067
15 27 0.20324328
15 28 0.09790138
15 23 0.00434898
15 20 0.01106136
15 16 0.00139315
15 22 0.01382207
129 141 0.76650254
3 10 0.00122157
3 7 0.00543496
3 8 0.00729411
3 2 0.00137437
3 12 0.00831956
3 11 0.00132994
3 5 0.00477295
3 4 0.01269127
3 6 0.00164059
3 9 0.00341610
3 15 0.00225783
3 14 0.02467601
3 3 0.21780300
3 13 0.00814367
139 151 0.82082424
86 96 0.00113938
86 98 0.45737918
86 94 0.00291118
86 97 0.07373486
86 102 0.00202604
86 103 0.01246403
117 129 0.68905880
117 130 0.14384709
117 131 0.00101554
110 122 0.67165373
110 123 0.00652233
119 133 0.00389945
119 131 0.67059562
119 132 0.06742500
62 80 0.01431774
62 75 0.00072759
62 67 0.00118441
62 71 0.00412988
62 72 0.02002047
62 74 0.14639390
62 79 0.13333017
62 73 0.31342069
62 70 0.08706201
62 69 0.00385021
62 66 0.00437672
51 52 0.00238005
51 59 0.07180250
51 61 0.03279409
51 60 0.00354367
51 55 0.00706949
51 63 0.03162953
51 56 0.00507918
51 64 0.00090917
51 68 0.00117016
51 62 0.12304561
51 58 0.00234901
51 54 0.01108862
51 57 0.00976076
51 53 0.00241844
29 44 0.00142299
29 36 0.02961379
29 39 0.00508250
29 32 0.00491527
29 45 0.01682008
29 37 0.00080226
29 42 0.07657680
29 34 0.00053216
29 38 0.01923990
29 43 0.00155752
29 41 0.52079203
29 31 0.00325208
29 40 0.05269718
102 114 0.61029232
76 84 0.00837864
76 87 0.41854502
76 86 0.00202261
76 88 0.09209402
76 78 0.00078867
76 94 0.00334516
76 85 0.00132933
76 89 0.00175991
76 93 0.12593339
79 95 0.00212086
79 91 0.09493677
79 90 0.24631195
79 92 0.00260242
79 87 0.07400098
79 96 0.08226796
79 88 0.00329806
79 89 0.00409884
127 139 0.75470672
127 140 0.00834210
127 141 0.00559258
142 154 0.61331377
55 66 0.12229218
55 61 0.00159432
55 59 0.00099742
55 63 0.00759041
55 65 0.00649257
55 73 0.01856461
55 68 0.00063920
55 72 0.13442427
55 64 0.00149739
55 67 0.14236258
70 81 0.35455129
70 82 0.15774715
70 78 0.02722146
70 80 0.00232964
70 88 0.00328858
70 87 0.13645358
70 77 0.00123408
70 79 0.00595593
61 65 0.00067157
61 73 0.16466793
61 79 0.01620563
61 74 0.00091967
61 69 0.00825073
61 70 0.00298056
61 71 0.02377536
61 78 0.03458365
61 72 0.34092467
61 68 0.00063888
44 56 0.01074079
44 49 0.01925488
44 46 0.03351854
44 55 0.01469242
44 61 0.00453728
44 52 0.01735155
44 53 0.00700250
44 48 0.00822886
44 50 0.02649004
44 54 0.00596397
44 45 0.00420638
44 51 0.01353948
44 47 0.02061934
92 104 0.75193251
92 106 0.00083711
92 105 0.00235338
92 103 0.00133982
24 35 0.01014355
24 34 0.00069165
24 37 0.06400563
24 40 0.00071699
24 30 0.00154819
24 31 0.05021099
24 27 0.00887339
24 36 0.47040525
24 24 0.00132027
24 26 0.12201037
24 25 0.02293010
24 33 0.01582619
24 32 0.02618029
84 95 0.18598557
84 92 0.00513254
84 101 0.00974978
84 94 0.00112581
84 96 0.22889080
84 97 0.00067612
87 99 0.58350034
87 98 0.01586142
87 104 0.00235281
87 97 0.00077293
87 100 0.00108003
87 101 0.00203787
103 115 0.64481566
98 110 0.65653642
45 52 0.01734620
45 63 0.00421975
45 56 0.03708455
45 49 0.00969966
45 46 0.00360122
45 55 0.00734953
45 62 0.00164647
45 51 0.02252594
45 47 0.02082086
45 53 0.01810116
45 57 0.02067403
45 48 0.02911417
45 50 0.01977711
45 54 0.00616816
140 152 0.33155174
81 92 0.29041162
81 90 0.00473927
81 91 0.00284512
81 93 0.07432619
81 89 0.05522453
81 98 0.00384638
81 94 0.00364704
49 66 0.01448949
49 61 0.00237710
49 59 0.00758486
49 52 0.01570418
49 56 0.00682925
49 60 0.28257261
49 55 0.02132342
49 62 0.00121925
49 51 0.00782350
49 53 0.01191721
49 50 0.00242579
49 57 0.03494244
49 67 0.00630262
49 58 0.00083862
49 54 0.00579323
39 46 0.00167383
39 55 0.02025035
39 56 0.01573200
39 39 0.00070994
39 49 0.00294125
39 44 0.00646327
39 50 0.12217815
39 54 0.00067303
39 40 0.01135140
39 41 0.04783662
39 43 0.02672714
39 47 0.00738034
39 51 0.38201925
39 42 0.00299638
39 45 0.01822715
32 36 0.00074114
32 44 0.08491432
32 33 0.01508505
32 37 0.00577300
32 43 0.02712853
32 47 0.00067841
32 42 0.00112432
32 35 0.00122012
32 34 0.07470002
32 45 0.00103618
32 48 0.01743524
32 41 0.00755150
136 148 0.75679799
136 150 0.00315101
36 47 0.00095976
36 38 0.04486438
36 51 0.00125232
36 42 0.00634201
36 37 0.00840185
36 54 0.00602776
36 40 0.00553210
36 48 0.07429768
36 53 0.00217936
36 41 0.00701102
36 52 0.06179697
36 44 0.00375848
36 39 0.00188099
4 13 0.02371505
4 3 0.00220222
4 14 0.10018315
4 9 0.00498866
4 15 0.00382986
4 6 0.00432493
4 5 0.01198659
4 4 0.20440873
4 11 0.00407288
4 17 0.00213656
4 12 0.00179828
4 8 0.00257105
4 7 0.00217472
4 10 0.00546277
4 16 0.01545482
59 76 0.07069003
59 72 0.00164386
59 68 0.00540179
59 71 0.09842827
59 67 0.07335933
59 61 0.00105782
59 66 0.00645080
59 69 0.02351307
59 77 0.00391632
59 70 0.14260469
59 65 0.00321413
59 63 0.00699686
53 70 0.00246566
53 55 0.00110453
53 60 0.00072590
53 63 0.03385606
53 56 0.00487700
53 65 0.03058638
53 59 0.01317342
53 61 0.07872946
53 57 0.00756060
53 54 0.00211255
53 71 0.00867680
53 62 0.00086554
53 64 0.13642599
88 99 0.01276620
88 105 0.00059077
88 100 0.66265377
88 102 0.00081910
88 101 0.00275905
107 120 0.00108039
107 119 0.83710034
94 107 0.00058229
94 105 0.00085470
94 106 0.64954408
22 32 0.00111292
22 25 0.00551880
22 24 0.12163467
22 31 0.00407772
22 30 0.03717131
22 28 0.00124181
22 23 0.02309584
22 22 0.00380824
22 34 0.16364708
22 35 0.00487790
22 29 0.03936142
10 20 0.00356231
10 23 0.00165073
10 10 0.02681882
10 22 0.29355278
10 16 0.00235192
10 17 0.00577375
10 12 0.00085225
10 11 0.01094679
10 9 0.00055595
10 21 0.09966027
115 127 0.65946704
115 128 0.00428575
72 84 0.00880666
72 90 0.00090372
72 79 0.00291990
72 83 0.24715887
72 85 0.00111469
72 89 0.01045427
72 81 0.00734122
72 82 0.00300875
72 80 0.04136501
18 25 0.00145519
18 21 0.00219625
18 26 0.00052214
18 24 0.01552865
18 28 0.00105913
18 31 0.11718266
18 30 0.12613726
18 29 0.00072541
18 18 0.07855012
18 20 0.04938852
18 19 0.02458140
34 36 0.08368452
34 46 0.29012096
34 39 0.01694562
34 49 0.02945463
34 47 0.01326172
34 38 0.00956181
34 42 0.00174916
34 35 0.01621038
34 51 0.00094060
34 37 0.00318460
34 45 0.05932648
34 40 0.00337417
34 50 0.05076183
2 1 0.00071918
2 5 0.00700261
2 4 0.00646321
2 6 0.00193555
2 11 0.01562991
2 3 0.00846043
2 13 0.01936601
2 9 0.00059618
2 14 0.00395860
2 7 0.01589811
2 8 0.00641465
2 2 0.33981085
2 12 0.01975218
116 129 0.13433831
116 128 0.73502867
93 104 0.00114226
93 107 0.00052597
93 106 0.00086931
93 105 0.75788393
13 18 0.00412527
13 19 0.00123418
13 23 0.01088927
13 20 0.00057442
13 25 0.01748936
13 13 0.13471072
13 15 0.00147415
13 14 0.02141639
13 26 0.02738877
13 24 0.00135307
27 30 0.00077063
27 28 0.00090249
27 40 0.08324384
27 43 0.01499628
27 38 0.00566389
27 29 0.04931753
27 34 0.00122989
27 35 0.00421208
27 37 0.00082385
27 39 0.53564693
27 36 0.02906456
5 10 0.01008189
5 16 0.00232814
5 7 0.00256168
5 8 0.00127158
5 17 0.02075033
5 11 0.00308170
5 5 0.17006422
5 4 0.00279073
5 6 0.00837521
5 15 0.05543833
5 14 0.00699999
31 41 0.00218776
31 40 0.02140388
31 45 0.00070196
31 43 0.56357554
31 38 0.00332151
31 47 0.01139484
31 42 0.02692378
31 34 0.00103149
31 39 0.00212196
31 33 0.07275169
31 32 0.00214464
31 46 0.01565081
31 44 0.01453223
31 36 0.00459507
41 49 0.00507128
41 46 0.00578237
41 44 0.00193568
41 59 0.00840757
41 52 0.07589731
41 53 0.25482157
41 57 0.00360833
41 50 0.00213429
41 48 0.00105027
41 58 0.08216358
41 45 0.01520101
41 42 0.00569430
41 51 0.00362324
41 47 0.00265450
41 43 0.04516910
40 45 0.00966066
40 47 0.00185445
40 43 0.00275535
40 51 0.11311023
40 42 0.04985023
40 41 0.01469030
40 57 0.02494025
40 50 0.00477859
40 48 0.00734386
40 58 0.00139745
40 40 0.00112880
40 44 0.02619882
40 52 0.12344958
40 56 0.00403676
40 49 0.00085451
40 46 0.01919962
54 72 0.00066426
54 62 0.07762278
54 64 0.00595183
54 57 0.00119373
54 71 0.00403223
54 58 0.00851964
54 66 0.01936517
54 63 0.00080626
54 56 0.00090670
54 65 0.04978010
54 55 0.00200109
54 60 0.01024253
105 117 0.35659691
132 144 0.92640354
132 146 0.00249981
23 33 0.00109428
23 39 0.00053571
23 32 0.00612445
23 25 0.12216629
23 26 0.00698779
23 24 0.02238816
23 36 0.11029500
23 31 0.03788142
23 30 0.05939144
23 23 0.00263454
23 34 0.00608899
23 35 0.28561976
23 29 0.00129613
47 64 0.10332001
47 51 0.00943824
47 53 0.01939762
47 54 0.01188612
47 58 0.01221699
47 57 0.01491848
47 50 0.02186007
47 48 0.00202853
47 52 0.01328559
47 59 0.16460310
47 49 0.01133791
47 65 0.00101630
47 56 0.00319945
47 60 0.00066097
47 55 0.02242608
82 93 0.29018913
82 99 0.11231453
82 94 0.18106457
82 98 0.00158027
82 90 0.00339565
82 92 0.00111113
82 95 0.00150587
7 17 0.05671814
7 7 0.15154265
7 18 0.00177132
7 8 0.00511285
7 20 0.00455116
7 19 0.06086855
7 10 0.00065726
7 13 0.00147716
7 9 0.00119618
7 14 0.00342144
7 6 0.00365103
7 11 0.00054428
