64 88 64 88 0.66567000
64 88 64 89 0.00093679
64 89 64 89 0.24803400
64 92 64 92 0.03125270
74 80 74 80 0.35865800
48 98 48 98 0.00167885
21 33 21 32 0.74267500
21 33 20 33 0.00377021
55 95 55 95 0.05809910
55 99 55 99 0.00490966
55 102 55 102 0.08807180
19 35 19 34 0.85190900
7 44 7 44 0.03159270
7 45 7 45 0.68290100
69 79 69 79 0.06529840
69 85 69 85 0.53436700
106 119 106 119 0.14133200
51 96 51 96 0.05079680
51 97 51 97 0.03887390
66 75 66 75 0.00266340
66 86 66 86 0.06193090
66 82 66 82 0.10144000
15 38 14 37 0.00064121
10 42 10 42 0.70443400
50 98 50 98 0.06943610
71 77 71 77 0.12327100
71 83 71 83 0.47319800
68 80 68 80 0.04549970
68 86 68 86 0.41945300
93 111 93 111 0.01288980
93 110 93 110 0.12838600
94 110 94 110 0.00847821
94 109 94 109 0.16180400
56 94 56 94 0.05850200
56 101 56 101 0.10445600
56 93 56 93 0.01248050
20 34 19 34 0.00739723
20 34 20 33 0.42378000
13 40 12 40 0.00106301
13 40 13 39 0.16399000
14 39 14 39 0.16108400
14 39 13 39 0.00181187
99 104 99 104 0.37704800
57 100 57 100 0.10607900
57 93 57 93 0.05859650
16 38 16 37 0.64639700
22 32 21 32 0.00573228
22 32 22 31 0.84033800
110 115 110 115 0.30273600
104 111 104 111 0.00917936
105 110 105 110 0.00954928
105 120 105 120 0.09765980
90 113 90 113 0.25564800
6 46 6 46 0.60169800
2 52 2 52 0.10759800
2 51 2 51 0.06746480
2 49 2 49 0.12467200
108 117 108 117 0.14580500
24 30 23 30 0.00443595
24 30 24 29 0.41755600
52 95 52 95 0.04550890
52 96 52 96 0.04472810
52 102 52 102 0.00896457
72 76 72 76 0.13358600
1 53 1 53 0.12249300
23 31 22 31 0.00730595
23 31 23 30 0.65242900
92 111 92 111 0.10689300
92 112 92 112 0.07823240
62 94 62 94 0.04981790
62 90 62 91 0.00070791
63 93 63 93 0.07551030
63 89 63 90 0.00076916
12 40 12 40 0.55863500
5 47 5 47 0.70104800
98 105 98 105 0.24195400
98 117 98 117 0.00805436
98 122 98 122 0.03250120
49 99 49 99 0.01558490
49 97 49 97 0.00935394
8 43 8 43 0.12771500
53 101 53 101 0.00847217
53 94 53 94 0.03778270
53 59 53 59 0.02848040
70 84 70 84 0.41802800
70 78 70 78 0.08278770
107 118 107 118 0.20018600
58 99 58 99 0.08890550
58 97 58 97 0.01119170
58 95 58 95 0.02004140
58 96 58 96 0.05922920
65 76 65 76 0.00298779
65 87 65 87 0.61510300
59 98 59 98 0.06849430
59 95 59 95 0.09428950
59 96 59 96 0.01865880
11 41 11 41 0.59677800
97 106 97 106 0.25167600
97 123 97 123 0.05339950
97 118 97 118 0.01548840
75 79 75 79 0.41327100
60 93 60 93 0.05008730
60 81 60 81 0.00057502
60 94 60 94 0.07697090
60 92 60 92 0.15064200
4 48 4 48 0.58464200
