63 78 58 72 0.00074694
63 79 57 73 0.17334300
108 117 102 111 0.68793300
109 116 103 110 0.97336600
60 81 54 75 0.97981800
11 41 12 37 0.00442453
11 41 11 38 0.16877600
11 41 13 36 0.00923195
59 82 53 76 0.98343600
49 97 48 91 0.00086610
49 98 46 92 0.00333666
49 99 45 93 0.00264558
58 83 52 77 0.97788800
65 76 59 70 0.92463100
65 70 59 64 0.01346210
12 40 12 37 0.16710700
12 40 14 35 0.00316831
12 40 13 36 0.00140432
12 40 11 38 0.01626530
10 42 12 37 0.00916817
10 42 11 38 0.00430461
17 25 13 20 0.00439337
17 25 13 21 0.02585120
17 25 12 21 0.00104687
17 25 14 20 0.01897990
17 34 16 33 0.12257600
17 34 15 34 0.01540780
17 34 17 32 0.09204670
50 98 46 92 0.00539135
50 97 48 91 0.00840451
66 75 60 69 0.41476900
18 33 18 28 0.01396470
18 33 16 33 0.02132130
18 33 17 32 0.04351160
18 24 15 19 0.00706329
18 24 13 20 0.00064167
18 24 14 20 0.04054620
69 73 63 67 0.15495800
51 96 49 90 0.00065107
51 97 48 91 0.00237245
55 86 49 80 0.32890800
21 32 19 27 0.02492650
48 98 46 92 0.00415907
64 78 58 72 0.88913700
19 32 17 32 0.05747690
19 32 19 27 0.04184090
19 32 18 28 0.00062223
19 23 15 19 0.00401928
110 115 104 109 0.79180000
54 87 48 81 0.26712800
22 31 20 26 0.01344770
13 39 14 35 0.00282270
13 39 12 37 0.01236150
13 39 13 36 0.14759000
13 39 15 34 0.00818650
13 28 10 23 0.04072120
20 33 18 28 0.00437619
20 31 20 26 0.03002910
20 31 19 27 0.00074579
16 35 15 34 0.12730500
16 35 14 35 0.02060380
16 35 16 33 0.10286500
16 36 15 34 0.00113287
16 36 16 33 0.01018090
16 37 17 32 0.00125759
16 37 16 33 0.00133232
16 26 12 22 0.00690921
16 26 12 21 0.00238294
16 26 13 21 0.00308476
14 37 13 36 0.06907440
14 37 12 37 0.01159600
14 37 14 35 0.05585440
14 36 14 35 0.00358540
14 36 13 36 0.03695360
14 27 10 23 0.01076760
14 27 11 22 0.03029830
14 39 15 34 0.00058733
14 39 14 35 0.00067670
56 85 50 79 0.41065000
