28 39 28 39 0.00056128
8 41 9 39 0.00058440
8 41 8 41 0.13463755
8 41 8 40 0.14228782
8 41 10 38 0.03575586
8 41 5 43 0.00450570
8 41 7 41 0.08407948
13 33 13 33 0.00240270
13 36 13 33 0.00490694
13 36 13 35 0.07269186
13 36 10 38 0.00455928
13 36 12 36 0.04756908
70 140 70 140 0.01253977
70 146 70 146 0.06958367
70 142 70 142 0.01935067
70 155 70 155 0.00139696
70 143 70 143 0.05813133
81 132 81 132 0.27702000
137 150 137 150 0.00084696
68 73 65 73 0.00068211
68 73 66 72 0.02731928
102 111 103 113 0.00073884
102 111 102 113 0.00188007
75 138 75 138 0.03753900
75 139 75 139 0.04623333
43 55 44 55 0.00055606
139 148 139 148 0.00191233
77 137 77 137 0.02939983
77 136 77 136 0.11669433
69 144 69 144 0.03311543
59 65 59 65 0.00481203
59 155 59 155 0.08761933
2 50 2 50 0.00975983
2 50 2 49 0.00336217
2 50 1 50 0.00257969
2 49 1 49 0.01287643
2 49 2 48 0.03075967
2 49 2 49 0.05929100
2 156 2 156 0.00538071
5 44 5 43 0.09164156
5 44 4 44 0.08039228
5 44 7 41 0.00566448
31 36 31 36 0.00314100
84 129 84 129 0.10523500
73 140 73 140 0.01639680
53 59 53 59 0.01942482
53 66 53 66 0.01991867
53 61 52 60 0.00096347
53 61 53 61 0.02893159
12 37 9 39 0.00470785
12 37 14 34 0.01394135
12 37 13 35 0.00070611
12 37 11 37 0.04702254
12 37 12 36 0.09846429
12 36 12 35 0.00123223
12 36 12 36 0.04777214
12 36 11 36 0.00073508
52 60 52 60 0.00517530
52 67 52 67 0.01072633
61 72 61 72 0.00121631
72 138 72 138 0.01714457
79 134 79 134 0.11760267
66 146 66 146 0.10668633
66 75 65 73 0.00096502
66 72 66 72 0.00601017
66 72 65 73 0.04000830
30 37 30 37 0.00158945
57 156 57 156 0.01637410
57 158 57 158 0.01732590
99 122 99 117 0.00074589
99 114 100 116 0.00063851
99 114 99 117 0.03156144
7 42 7 42 0.15352173
7 42 7 41 0.08737215
97 116 97 119 0.00107963
65 74 63 75 0.00228001
65 73 65 73 0.00806569
90 125 90 125 0.15775954
90 127 90 126 0.00130254
85 128 85 128 0.10570799
16 33 16 33 0.28161323
16 33 18 33 0.00138457
16 33 13 35 0.00148262
16 33 13 33 0.00202329
145 159 147 158 0.00535650
145 159 145 159 0.00511853
145 159 146 158 0.00097479
10 38 10 38 0.09158150
101 112 101 115 0.03629491
101 112 101 114 0.00460879
101 120 101 115 0.00157594
98 115 99 117 0.00050342
98 115 98 117 0.00591008
98 115 98 118 0.05702822
92 123 92 123 0.25656047
18 27 18 27 0.41488985
18 27 20 27 0.00279735
18 33 18 33 0.00347217
80 133 80 133 0.11760267
67 145 67 145 0.04846967
67 74 65 73 0.10170993
67 74 66 72 0.00081960
107 114 106 112 0.00334488
93 122 93 122 0.12651475
9 40 8 40 0.07727230
9 40 9 39 0.14694530
9 40 11 37 0.01753747
9 40 10 38 0.00098154
9 39 9 39 0.12635856
6 43 8 40 0.01377449
6 43 5 43 0.08149089
55 61 54 60 0.00084458
55 158 55 158 0.07423575
55 59 54 58 0.00142468
56 158 55 158 0.00063076
56 158 56 158 0.05971600
56 61 54 60 0.00185487
14 32 14 34 0.00109571
14 32 14 32 0.01619919
14 34 14 34 0.11501312
14 34 15 34 0.00121021
14 35 11 37 0.00750918
14 35 14 32 0.01150960
14 35 14 34 0.04938743
14 35 13 35 0.07970563
3 48 3 47 0.02602340
3 48 2 48 0.06415467
3 155 3 155 0.00216662
3 46 3 45 0.05975633
148 156 149 156 0.00614012
148 156 149 158 0.00873357
148 156 150 157 0.01162015
148 156 151 156 0.00870866
148 156 148 157 0.00181546
148 156 148 156 0.00975285
106 112 106 112 0.02377490
78 136 78 136 0.01612317
78 135 78 135 0.14174067
71 145 71 145 0.04765267
71 139 71 139 0.02490230
71 154 71 154 0.00188816
11 37 11 37 0.13316308
11 38 12 36 0.00062477
11 38 12 35 0.00081962
11 38 11 37 0.13867095
11 38 10 38 0.06808184
11 38 8 40 0.00584487
11 38 13 35 0.02154790
138 149 138 149 0.00111950
60 154 60 154 0.11686900
60 64 60 64 0.01023563
96 119 96 119 0.11208133
4 154 4 154 0.01538781
4 47 3 47 0.07332438
105 113 105 113 0.02946793
105 116 105 111 0.00175001
1 50 1 50 0.06268233
1 50 1 49 0.02111297
1 49 1 49 0.01018890
1 49 1 48 0.00302845
1 157 1 157 0.01202247
1 51 1 51 0.01811923
1 51 1 50 0.00390463
15 33 16 33 0.00057606
15 33 15 32 0.01293717
20 27 20 27 0.00255137
20 25 20 25 0.61006710
104 117 104 112 0.00096575
64 150 64 150 0.06770903
64 149 64 149 0.02555223
64 75 63 75 0.00064434
64 75 62 76 0.00263779
64 77 62 76 0.02676869
64 77 63 75 0.00098388
64 148 64 148 0.02790843
58 66 58 66 0.00171834
58 156 58 156 0.08164000
63 151 63 151 0.08554175
63 78 62 76 0.00055261
63 149 63 149 0.01708850
63 150 63 150 0.01945817
63 76 62 76 0.00081319
44 54 45 54 0.00080435
21 26 21 26 0.02551660
17 28 17 29 0.00221508
17 28 17 30 0.00281044
50 69 50 69 0.00347316
100 113 100 116 0.04754354
100 113 101 115 0.00202042
100 121 100 116 0.00055529
29 38 29 38 0.00163329
82 131 82 131 0.27543900
19 32 19 32 0.00680859
19 26 19 26 0.51045813
19 26 21 26 0.00115391
147 157 148 156 0.00071123
147 157 148 157 0.01382889
147 157 150 157 0.00401768
147 157 147 157 0.01226016
147 157 147 158 0.00106273
147 157 149 156 0.00220786
147 157 149 158 0.06132301
91 124 91 124 0.07675576
74 140 74 140 0.14734467
54 60 54 60 0.05845025
54 60 53 59 0.00127032
54 159 54 159 0.11634085
54 65 54 65 0.02120052
94 126 94 121 0.00057473
94 121 94 121 0.09234781
95 120 95 120 0.12584433
146 158 146 158 0.01272168
146 158 148 157 0.01124183
146 158 147 157 0.00152371
146 158 147 158 0.00231965
146 158 149 158 0.04679920
