101 140 101 140 0.00283410
101 138 101 138 0.00093407
44 50 44 50 0.04839858
19 39 12 33 0.00068902
114 123 113 122 0.00122901
114 121 114 120 0.00070404
139 145 139 145 0.02423870
139 148 139 148 0.21384640
137 150 137 150 0.13978027
137 148 137 148 0.00328993
25 34 18 28 0.00223355
86 94 86 94 0.00244255
62 67 62 67 0.06675785
62 121 62 121 0.00195392
68 115 68 115 0.01682853
110 126 109 126 0.00080741
111 125 111 124 0.00454312
109 127 109 126 0.00155816
88 98 88 98 0.06593026
43 51 43 51 0.15444134
6 39 7 39 0.00059003
82 103 82 103 0.02266333
10 42 8 42 0.00260153
7 38 6 38 0.00111572
67 116 67 116 0.00495113
16 42 9 37 0.00066456
106 130 105 130 0.00081347
106 130 106 129 0.00371300
11 41 9 41 0.00345719
2 47 3 47 0.00056476
138 142 138 142 0.01705948
138 149 138 149 0.12506402
61 122 61 122 0.00190719
61 68 61 68 0.06114291
42 52 42 52 0.02405078
20 38 13 32 0.00169555
133 152 133 152 0.03343149
133 138 133 138 0.00349615
133 151 133 151 0.06215657
118 125 118 125 0.03443667
100 139 100 139 0.00074077
21 37 14 31 0.00053945
105 131 105 130 0.00321477
105 130 105 130 0.24471567
135 144 135 144 0.01311833
135 149 135 149 0.04340374
135 142 135 142 0.02307983
117 126 117 126 0.22619367
115 121 114 120 0.00153490
89 97 89 97 0.09835289
108 128 107 128 0.00061376
9 43 7 43 0.00333206
102 137 102 137 0.00327874
102 139 102 139 0.00456747
103 138 103 138 0.00548750
87 99 87 99 0.32844247
66 117 66 117 0.02723280
113 121 113 121 0.00316217
113 122 113 122 0.02343565
5 47 3 47 0.00221715
5 40 5 40 0.09090667
4 41 4 41 0.09106767
17 41 10 36 0.00150021
132 147 132 147 0.08683935
107 129 106 129 0.00065007
107 129 107 128 0.00147133
3 42 3 42 0.10929167
112 124 112 123 0.00243500
112 124 111 124 0.00075175
136 143 136 143 0.05143893
136 148 136 148 0.06222127
104 131 104 131 0.05728300
85 100 85 100 0.03194548
85 95 85 95 0.00231175
84 101 84 101 0.07881428
134 143 134 143 0.00950579
134 145 134 145 0.01107022
134 150 134 150 0.07038036
