131 157 131 157 0.03562600
6 10 6 10 0.30855500
97 103 97 103 0.39578200
97 104 97 104 0.11878600
49 56 49 56 0.03885620
49 63 49 63 0.03271140
83 118 83 118 0.04391260
83 125 83 125 0.01707860
83 116 83 116 0.10615200
83 122 83 122 0.04302680
41 71 41 71 0.64710300
29 82 29 82 0.20439100
29 124 29 124 0.01040210
42 70 42 70 0.57604400
140 150 140 150 0.60188000
124 131 124 131 0.01225830
26 84 26 84 0.14745200
26 122 26 122 0.05149170
26 125 26 125 0.02774300
26 34 26 34 0.01018600
26 127 26 127 0.05040530
26 118 26 118 0.06611010
142 149 142 149 0.18599100
142 146 142 146 0.04465470
98 103 98 103 0.12070200
50 58 50 58 0.47020200
50 55 50 55 0.03103210
52 56 52 56 0.56307800
45 65 45 65 0.02506960
45 62 45 62 0.24194600
45 67 45 67 0.41695500
45 66 45 66 0.02166180
43 64 43 64 0.03794870
43 69 43 69 0.65409700
39 74 39 74 0.59064400
86 113 86 113 0.61395900
36 77 36 77 0.59064400
94 106 94 106 0.81749100
48 64 48 64 0.02596400
48 59 48 59 0.52313100
48 57 48 57 0.02945990
48 62 48 62 0.02677560
121 130 121 130 0.11052200
121 127 121 127 0.08116930
30 82 30 82 0.08549180
30 120 30 120 0.00866343
30 83 30 83 0.04450820
139 151 139 151 0.60188000
25 119 25 119 0.08625580
25 30 25 30 0.03310240
25 35 25 35 0.00773156
25 86 25 86 0.00086423
25 123 25 123 0.05876680
25 128 25 128 0.08113320
25 126 25 126 0.03063550
24 124 24 124 0.02572780
24 32 24 32 0.00403033
24 129 24 129 0.32888700
24 31 24 31 0.01938360
24 120 24 120 0.07187340
38 75 38 75 0.87287000
122 129 122 129 0.22989000
90 109 90 109 0.82440300
82 126 82 126 0.00969883
82 123 82 123 0.02030310
82 119 82 119 0.03245490
116 120 116 120 0.16186000
120 128 120 128 0.01644620
136 153 136 153 0.38934500
87 112 87 112 0.49989800
137 153 137 153 0.38675800
32 81 32 81 0.57883600
32 79 32 79 0.01792010
84 121 84 121 0.07870820
84 124 84 124 0.02468140
95 105 95 105 0.47653400
47 58 47 58 0.04433770
47 60 47 60 0.41775300
47 63 47 63 0.04982570
88 111 88 111 0.90023900
23 82 23 82 0.00957548
23 33 23 33 0.00149276
133 156 133 156 0.60188200
4 12 4 12 0.06336110
28 82 28 82 0.10719700
28 32 28 32 0.02641110
28 83 28 83 0.19354300
89 110 89 110 0.49999400
40 73 40 73 0.55307600
81 120 81 120 0.01148590
44 63 44 63 0.12144500
44 68 44 68 0.57443500
31 119 31 119 0.00798614
31 81 31 81 0.07318720
135 154 135 154 0.70543400
37 76 37 76 0.69705400
22 83 22 83 0.01595300
134 155 134 155 0.60188300
5 11 5 11 0.09562720
51 57 51 57 0.77900100
33 80 33 80 0.55545200
115 121 115 121 0.47134900
143 148 143 148 0.47129200
141 149 141 149 0.56047600
46 65 46 65 0.02180020
46 61 46 61 0.40118900
46 64 46 64 0.02870720
46 62 46 62 0.01563380
46 59 46 59 0.03559950
46 66 46 66 0.19801100
138 152 138 152 0.70681600
27 33 27 33 0.01128260
27 83 27 83 0.13820100
27 124 27 124 0.01737060
27 121 27 121 0.06771760
85 114 85 114 0.96852800
132 157 132 157 0.63431600
