99 103 98 102 0.03859360
99 103 97 103 0.00102442
99 103 97 102 0.00232571
99 103 96 103 0.00189161
99 104 96 103 0.00187134
99 104 96 104 0.03179760
99 104 97 104 0.00054277
99 104 97 102 0.00533849
99 104 97 103 0.03542890
99 104 98 103 0.02160380
99 104 98 102 0.00258720
99 105 97 104 0.00249838
99 105 97 103 0.01878490
99 105 95 105 0.03444990
99 105 96 104 0.00911876
99 105 98 102 0.00327612
99 106 95 105 0.00739794
99 106 97 104 0.00057970
99 106 94 106 0.01437390
35 82 35 82 0.00357509
39 78 39 74 0.25607000
94 110 94 106 0.00065682
94 110 89 110 0.10647100
94 110 90 109 0.22925700
94 110 91 108 0.00217530
48 59 48 59 0.69499000
30 81 29 81 0.00075431
30 81 30 81 0.35774400
41 76 41 72 0.31356000
83 125 83 125 0.06179750
83 121 81 118 0.00056596
83 121 83 118 0.00659235
83 121 79 120 0.20617100
83 121 78 121 0.04502970
83 119 83 116 0.00196138
83 120 78 120 0.00832143
83 120 79 120 0.00888396
21 84 21 83 0.00364752
29 82 28 82 0.00053045
29 82 29 81 0.00085484
29 82 29 82 0.07170390
131 157 132 157 0.00654020
131 157 131 157 0.09001020
118 124 115 121 0.00090765
118 124 118 124 0.23270900
118 124 117 123 0.00293002
118 124 116 124 0.00054212
49 58 50 58 0.22091800
97 106 95 105 0.07262910
97 106 96 103 0.00085130
97 106 96 104 0.00308502
97 106 94 106 0.05973690
97 104 96 103 0.00228387
97 104 97 104 0.04792070
97 105 92 105 0.00391337
97 105 96 104 0.03018720
97 105 95 105 0.00168847
97 105 93 104 0.00124395
98 104 93 104 0.00054933
98 104 97 103 0.03148440
98 104 96 103 0.00121814
98 104 96 104 0.00085855
98 106 94 106 0.03703070
98 106 96 104 0.02046330
98 106 97 103 0.00348031
98 106 95 105 0.01851680
98 105 96 104 0.04482790
98 105 96 103 0.00209369
98 105 97 104 0.01732200
98 105 97 103 0.00279456
98 105 95 105 0.06203670
50 57 51 57 0.37990000
50 57 50 58 0.00077079
43 64 43 64 0.87575500
42 65 42 65 0.69818600
140 147 141 149 0.00240334
140 147 141 147 0.01734370
140 147 140 150 0.00786590
140 147 142 149 0.00137955
135 151 136 153 0.00524734
135 151 135 154 0.00755652
22 83 22 83 0.10864600
22 83 22 82 0.00161024
93 111 91 108 0.03461980
93 111 90 109 0.00340909
93 111 89 110 0.22774100
93 111 88 111 0.08592650
34 83 34 83 0.00233143
34 76 34 76 0.33217100
10 14 9 14 0.00348794
10 14 10 14 0.63612100
91 113 86 113 0.11989400
91 113 89 110 0.02306410
91 113 88 111 0.00334379
91 113 87 112 0.14055500
40 77 40 73 0.32871200
44 63 44 63 0.70260700
81 121 78 121 0.00146563
81 121 81 118 0.00059622
81 119 81 119 0.02071460
81 119 81 116 0.00095200
81 119 81 118 0.00089744
81 123 81 123 0.03658780
81 127 81 127 0.07819660
141 146 141 149 0.00738511
141 146 143 148 0.00466418
141 146 142 146 0.00940438
79 121 79 120 0.00203034
138 149 139 151 0.00564816
138 149 138 152 0.00792173
46 61 46 61 0.70394100
92 112 90 109 0.03772300
92 112 87 112 0.11873900
92 112 88 111 0.16482100
92 112 89 110 0.00335933
27 34 26 34 0.00108036
27 84 26 84 0.00053174
27 84 27 83 0.00188851
85 120 81 119 0.03708590
85 120 84 117 0.00310983
85 119 83 116 0.00177828
85 119 81 118 0.14027100
85 119 81 119 0.01660750
85 119 82 119 0.00118726
85 119 85 114 0.00061139
85 119 84 117 0.00073150
85 116 81 116 0.00501151
85 123 81 123 0.00531576
132 154 132 157 0.00103115
132 156 133 156 0.02698640
33 84 33 80 0.03969360
33 84 33 84 0.01353090
33 84 33 79 0.00481031
96 108 96 104 0.00071688
96 108 91 108 0.11766600
96 108 95 105 0.01027750
96 108 94 106 0.02977980
80 120 79 120 0.00060364
80 128 80 129 0.00106249
24 84 24 81 0.00084927
117 123 117 123 0.02636750
117 125 117 125 0.08021590
117 125 116 124 0.00137613
90 114 88 111 0.03776840
90 114 87 112 0.00334271
90 114 86 113 0.16021700
90 114 90 109 0.00057182
90 114 85 114 0.11823500
82 122 78 121 0.19654900
82 122 82 119 0.00763288
82 120 78 120 0.00767536
82 120 79 120 0.00133986
82 126 82 126 0.11565100
82 118 82 118 0.05258980
82 118 82 115 0.00247040
116 124 116 124 0.01654910
139 148 140 150 0.00274930
139 148 140 148 0.01225720
139 148 139 151 0.00390971
25 81 24 81 0.00182715
88 116 86 113 0.03736830
88 116 85 114 0.00214061
88 116 83 116 0.05115270
47 60 47 60 0.59969600
28 33 27 33 0.00338017
28 83 28 83 0.06076120
28 83 28 82 0.00220874
23 82 22 82 0.00093381
23 82 23 82 0.07606140
133 154 133 156 0.00323045
87 117 83 116 0.22461200
87 117 87 112 0.00061812
87 117 85 114 0.03500440
87 117 84 117 0.00071466
87 117 82 116 0.00070211
137 150 137 153 0.00791907
137 150 138 152 0.00338667
84 124 84 124 0.03634470
84 124 80 124 0.00131616
84 117 84 114 0.00070853
84 117 84 117 0.09832990
95 109 94 106 0.01727620
95 109 90 109 0.10619100
95 109 91 108 0.22724600
