16 147 16 147 0.02150622
3 147 3 147 0.14743978
1 149 1 149 0.19399303
1 14 1 14 0.00285055
100 111 97 108 0.00608647
6 13 6 13 0.20347985
6 148 6 148 0.00250712
99 112 96 109 0.00776930
101 110 98 107 0.00610100
5 149 5 149 0.00289488
5 14 5 14 0.24449170
4 15 4 15 0.30724608
4 146 4 146 0.01896057
4 16 4 16 0.00383475
7 147 7 147 0.00338179
102 109 99 106 0.00752770
10 140 10 139 0.00101860
10 140 10 140 0.00066659
10 148 10 148 0.00050919
11 139 11 139 0.00068309
98 113 95 110 0.00729705
2 13 2 13 0.00184396
2 148 2 148 0.12982039
48 59 48 60 0.00453460
97 114 94 111 0.00178128
9 141 9 140 0.00401403
103 108 100 105 0.00746797
17 146 17 146 0.02284206
17 148 17 148 0.01076138
