58 119 58 119 0.00805902
80 101 80 101 0.30290700
22 125 22 125 0.02017430
22 123 22 123 0.01831090
85 97 85 97 0.29175400
77 104 77 104 0.33325500
51 56 51 56 0.00379618
123 130 123 130 0.08281970
72 107 72 107 0.08115620
56 121 56 121 0.00061316
42 58 42 58 0.08346430
23 122 23 122 0.02314480
23 124 23 124 0.02596090
1 140 1 140 0.05505940
19 58 19 58 0.00419596
19 124 19 124 0.02964460
19 122 19 122 0.03847040
41 119 41 119 0.04675470
41 59 41 59 0.03542170
43 57 43 57 0.20436000
16 127 16 127 0.10773700
5 140 5 140 0.32453600
69 109 69 109 0.04812330
69 110 69 110 0.18636300
37 123 37 123 0.03952720
68 110 68 110 0.03664710
68 111 68 111 0.24057200
122 127 122 127 0.08652750
122 131 122 131 0.07487030
13 130 13 130 0.08451330
6 139 6 139 0.30858100
6 136 6 136 0.04470100
35 125 35 125 0.01199310
2 141 2 141 0.06416310
2 139 2 139 0.03178660
87 95 87 95 0.37595400
124 131 124 131 0.04076980
124 129 124 129 0.05942430
44 56 44 56 0.10325300
52 62 52 62 0.25086300
120 133 120 133 0.48148100
55 59 55 59 0.16137900
9 139 9 139 0.09712040
9 136 9 136 0.18671900
53 61 53 61 0.49304500
121 128 121 128 0.09788650
45 58 45 58 0.00139581
45 55 45 55 0.10309300
18 123 18 123 0.11645600
18 125 18 125 0.18737100
54 60 54 60 0.70028200
125 130 125 130 0.06256280
79 102 79 102 0.32883200
78 103 78 103 0.29040300
15 128 15 128 0.10681000
119 124 119 124 0.00880502
47 52 47 52 0.53754400
47 56 47 56 0.00454608
10 138 10 138 0.12313400
36 124 36 124 0.07209500
38 122 38 122 0.03541980
8 128 8 128 0.01300530
8 133 8 134 0.00061793
8 140 8 140 0.08104700
76 105 76 105 0.32003200
20 121 20 121 0.04977150
88 94 88 94 0.32008500
7 138 7 138 0.24536800
7 141 7 141 0.07073160
7 135 7 135 0.06888720
7 129 7 129 0.00928331
46 57 46 57 0.00294747
