113 128 0.04592120
113 115 0.02252460
113 126 0.04006330
113 127 0.04291600
113 119 0.02704370
113 120 0.02095170
113 124 0.03710820
113 121 0.02356290
113 117 0.01030670
113 123 0.02993440
113 125 0.03713160
113 122 0.02598250
113 132 0.39054400
113 130 0.07211950
113 116 0.01121270
113 131 0.07970290
113 129 0.06921980
113 118 0.01299440
55 63 0.00054007
55 56 0.00066915
55 54 0.08844310
55 68 0.20034300
55 55 0.55550500
55 59 0.00122463
36 36 0.95353200
89 94 0.02789450
89 105 0.16973800
89 90 0.00064052
89 107 0.00854088
89 106 0.02228380
89 92 0.02371880
89 108 0.00434290
89 100 0.03173740
89 93 0.01011080
89 91 0.36659600
61 61 0.61222400
61 62 0.00121972
61 59 0.00127890
61 60 0.02093880
61 71 0.00070156
61 74 0.13774900
61 73 0.00131499
61 65 0.00134530
86 96 0.02981160
86 89 0.05870790
86 85 0.01763410
86 91 0.02116030
86 104 0.00373410
86 86 0.01535410
86 88 0.31474100
86 87 0.00298254
86 102 0.00453442
86 103 0.02174600
86 92 0.00054873
86 97 0.06547140
86 90 0.04348210
60 61 0.00113310
60 59 0.03607460
60 60 0.38519600
60 64 0.00189398
60 68 0.00069514
60 70 0.00056205
60 73 0.19868200
60 72 0.00088704
60 58 0.00116609
101 105 0.00202735
101 114 0.01823320
101 115 0.01595710
101 110 0.01830630
101 103 0.21606200
101 106 0.02072860
101 107 0.16343900
101 119 0.04371370
101 120 0.07272790
101 112 0.05628760
101 117 0.09140860
101 116 0.01480980
101 108 0.01649660
101 111 0.02903160
101 109 0.01920070
101 113 0.02075640
101 104 0.08008970
101 118 0.05328890
19 18 0.02385980
19 19 0.84702100
30 30 0.67850400
30 29 0.00306756
68 82 0.00207640
68 78 0.00325041
68 68 0.65908000
68 84 0.00582985
68 74 0.00370746
68 67 0.00333668
68 66 0.00243054
68 81 0.16068200
116 132 0.05151670
116 130 0.03202200
116 123 0.01066140
116 121 0.00599279
116 122 0.01162020
116 125 0.01484080
116 133 0.05818320
116 129 0.02818100
116 118 0.00718254
116 131 0.03630290
116 134 0.06811760
116 128 0.02463630
116 120 0.00459875
116 119 0.00441988
116 124 0.01268730
116 126 0.01782520
116 135 0.58813600
116 127 0.02250190
63 63 0.53793000
63 73 0.00954643
63 67 0.00123742
63 72 0.00071353
63 62 0.00139721
63 61 0.00155164
63 76 0.18127700
63 75 0.00171403
63 64 0.00133121
23 23 0.78102900
23 22 0.01361510
34 34 0.94950100
71 85 0.01576320
71 79 0.00098328
71 84 0.13272900
71 87 0.01527200
71 86 0.00142297
71 70 0.00712215
71 74 0.02634270
71 73 0.00061205
71 71 0.06019630
71 72 0.00094548
32 32 0.94943500
17 17 0.85032800
17 16 0.02055750
106 124 0.06177180
106 119 0.03660860
106 120 0.03459780
106 114 0.03536340
106 115 0.03456560
106 110 0.01878300
106 118 0.03843730
106 109 0.03372490
106 113 0.03458290
106 116 0.03946580
106 108 0.12626000
106 111 0.02674180
106 112 0.08817450
106 125 0.14706800
106 122 0.08143920
106 121 0.03307660
106 117 0.05394670
106 123 0.06478710
56 56 0.55950700
56 60 0.00109515
56 57 0.00086931
56 55 0.03373320
56 69 0.20051700
31 31 0.94938200
58 66 0.00058224
58 58 0.58116200
58 71 0.06667320
58 56 0.00071575
58 57 0.05802620
58 68 0.00059809
58 62 0.00232749
58 59 0.00151417
72 81 0.00091634
72 72 0.19726500
72 74 0.00231516
72 73 0.01421110
72 71 0.01258870
72 87 0.00923689
72 88 0.01966690
72 80 0.00135796
72 86 0.02552480
72 85 0.11023900
72 75 0.05584360
72 82 0.02561870
72 76 0.00138024
94 104 0.00250289
94 113 0.02436200
94 96 0.31914900
94 109 0.00233684
94 100 0.02102320
94 111 0.04276600
94 108 0.00180390
94 112 0.02445400
94 107 0.00206983
94 110 0.13022300
94 98 0.00063905
94 97 0.03371690
94 99 0.05829530
94 105 0.00534517
77 78 0.00150035
77 75 0.00132850
77 79 0.00082846
77 85 0.00146661
77 77 0.15385900
77 76 0.20193500
77 87 0.00566182
77 88 0.01715880
77 86 0.00231493
77 93 0.06840430
77 80 0.07125500
77 92 0.01062920
77 81 0.00439804
77 90 0.00181578
109 111 0.06752120
109 116 0.03244220
109 123 0.04257210
109 117 0.03423970
109 121 0.04262560
109 122 0.04276590
109 125 0.07827200
109 112 0.02435330
109 118 0.03513240
109 113 0.01796540
109 128 0.22395800
109 115 0.05730260
109 114 0.02275300
109 120 0.04982910
109 119 0.03933520
109 124 0.04251230
109 126 0.07128340
109 127 0.07274580
62 62 0.62771700
62 61 0.00383744
62 75 0.00862452
62 60 0.00110648
62 63 0.00108764
62 74 0.00145366
62 66 0.00114882
62 72 0.00516814
33 33 0.94950100
82 81 0.12054300
82 98 0.06128310
82 99 0.00236662
82 90 0.00244387
82 92 0.00168279
82 100 0.00053146
82 88 0.00097884
82 84 0.00104314
82 86 0.02595450
82 93 0.05003250
82 80 0.00116955
82 91 0.00129582
82 85 0.11869200
82 96 0.00287829
82 83 0.00295455
82 82 0.15051900
82 89 0.00063548
7 7 0.73979400
75 75 0.08116790
75 78 0.10293100
75 85 0.02099410
75 79 0.00670018
75 91 0.02602130
75 76 0.00900952
75 77 0.00583889
75 89 0.00428771
75 83 0.00138994
75 88 0.01824180
75 84 0.00267643
75 86 0.00500555
75 73 0.00110020
75 74 0.16104400
75 90 0.01034210
91 108 0.03759770
91 93 0.32180200
91 101 0.01259330
91 96 0.04333680
91 109 0.01580570
91 94 0.02404900
91 110 0.01165260
91 97 0.00682783
91 107 0.15509600
91 106 0.00189219
91 95 0.01909430
91 102 0.00466325
41 42 0.01329710
41 41 0.76876700
117 126 0.01090350
117 135 0.05831830
117 127 0.01331780
117 120 0.00284850
117 119 0.00433535
117 136 0.67278500
117 124 0.00751362
117 128 0.01699390
117 131 0.02591710
117 134 0.04885600
117 133 0.04219600
117 129 0.01913200
117 123 0.00779489
117 121 0.00307932
117 122 0.00407513
117 125 0.00912734
117 132 0.02998890
117 130 0.02234040
80 95 0.00072479
80 97 0.00273980
80 81 0.00155627
80 83 0.06691750
80 89 0.00097293
80 82 0.00112676
80 96 0.12649900
80 91 0.00400811
80 79 0.04512800
80 78 0.00171646
80 80 0.17433200
80 84 0.03553780
80 88 0.00156953
108 114 0.06673260
108 115 0.03401910
108 110 0.08452220
108 124 0.07938360
108 119 0.05167080
108 120 0.04196300
108 127 0.19469400
108 126 0.06929820
108 116 0.03544540
108 111 0.02769480
108 112 0.01912460
108 125 0.06938050
108 122 0.04046190
108 121 0.04136830
108 117 0.03576090
108 123 0.03978100
108 118 0.04006900
108 113 0.02464990
84 92 0.00070750
84 95 0.06095030
84 94 0.00344509
84 98 0.00162906
84 85 0.00828775
84 83 0.00581032
84 89 0.00197099
84 87 0.10732500
84 88 0.01102450
84 84 0.12116700
84 100 0.15106600
84 101 0.00248454
84 86 0.01465230
95 112 0.04452340
95 101 0.09989480
95 111 0.12339000
95 100 0.04258590
95 108 0.00400879
95 113 0.02725730
95 109 0.00327378
95 104 0.00055474
95 97 0.32418200
95 105 0.00224083
95 98 0.05010640
95 110 0.00358881
95 115 0.00052368
95 114 0.02951130
95 95 0.00141492
95 107 0.00451374
95 106 0.07607210
92 96 0.00303676
92 109 0.03955970
92 111 0.01556530
92 108 0.14638600
92 106 0.00070322
92 107 0.00195949
92 95 0.02409170
92 102 0.02264500
92 103 0.05274430
92 110 0.01862740
92 98 0.00273058
92 94 0.32951800
92 97 0.04341960
92 105 0.00075658
28 28 0.60135600
28 27 0.00958530
4 4 0.82682900
9 9 0.85832400
74 73 0.16031100
74 74 0.23532800
74 90 0.02095420
74 72 0.00113533
74 77 0.05506410
74 76 0.00756772
74 83 0.00208478
74 89 0.07065500
74 82 0.00145869
74 75 0.02271260
74 78 0.00646681
74 85 0.00277103
74 87 0.03069030
74 84 0.02307210
74 88 0.01929800
37 38 0.00063585
37 37 0.95637200
53 57 0.00075553
53 61 0.00064194
53 66 0.01543000
53 58 0.00054970
53 52 0.07889080
53 53 0.55901800
97 104 0.00101220
97 109 0.00898261
97 113 0.11063800
97 116 0.04110270
97 108 0.06717610
97 100 0.01336520
97 111 0.00651420
97 112 0.00633084
97 106 0.00197961
97 107 0.02973330
97 103 0.17656200
97 102 0.00113884
97 114 0.04748750
97 115 0.03264470
97 110 0.00781105
97 99 0.18463500
97 97 0.00116891
16 15 0.00920450
16 16 0.67927400
99 102 0.05869190
99 106 0.00362250
99 107 0.00964905
99 105 0.04552390
99 110 0.05648680
99 114 0.00924913
99 115 0.09938730
99 113 0.00976660
99 109 0.02520000
99 118 0.05476270
99 104 0.00285849
99 117 0.03776170
99 112 0.01137830
99 101 0.04087710
99 111 0.01270920
99 108 0.00888497
99 116 0.04989120
25 24 0.00682245
25 26 0.00163069
25 25 0.80219200
13 13 0.07010690
1 2 0.00107489
1 1 0.92056500
20 19 0.01404150
20 20 0.61166200
115 118 0.00633538
115 133 0.07451630
115 129 0.03686260
115 134 0.51359200
115 131 0.05894610
115 130 0.04097000
115 132 0.06488620
115 122 0.01401280
115 125 0.02216870
115 123 0.01635120
115 117 0.01101660
115 121 0.01609350
115 124 0.01874280
115 120 0.00814914
115 119 0.00633738
115 127 0.02952160
115 126 0.02774730
115 128 0.03310120
14 14 0.40071800
14 13 0.00051107
96 102 0.11172500
96 103 0.00150729
96 107 0.07370060
96 106 0.03211820
96 105 0.00082186
96 99 0.01415530
96 98 0.01939130
96 110 0.00494637
96 115 0.03506300
96 114 0.02998910
96 113 0.04608810
96 109 0.00601645
96 101 0.00525688
96 112 0.11682900
96 111 0.00491089
96 108 0.00694125
96 116 0.00050026
83 97 0.00232035
83 90 0.00063117
83 99 0.02005000
83 94 0.05560720
83 81 0.00085831
83 93 0.00289683
83 86 0.11217900
83 101 0.00114609
83 100 0.00205337
83 84 0.00288915
83 88 0.00081793
83 87 0.00262873
83 89 0.00052011
83 82 0.13096800
83 83 0.13667300
83 85 0.00275090
83 91 0.00175204
6 6 0.50456200
2 1 0.00078939
2 3 0.00214518
2 2 0.95581400
39 40 0.00283013
39 39 0.63876100
27 27 0.80656600
27 26 0.00188028
21 20 0.01206570
21 21 0.61072100
59 72 0.14014200
59 58 0.04015380
59 67 0.00066498
59 63 0.00209955
59 57 0.00105545
59 60 0.00112041
59 69 0.00052073
59 59 0.60294200
118 130 0.01310850
118 132 0.01853340
118 125 0.00464690
118 122 0.00180157
118 121 0.00160481
118 137 0.76874200
118 123 0.00242635
118 129 0.01132750
118 133 0.02190280
118 134 0.03069860
118 131 0.01563710
118 128 0.00876316
118 124 0.00459880
118 136 0.04433200
118 120 0.00229115
118 127 0.00704461
118 135 0.03641790
118 126 0.00576874
79 81 0.00078866
79 94 0.00472476
79 90 0.00559277
79 95 0.12111500
79 87 0.00170998
79 88 0.00432507
79 79 0.14781500
79 78 0.20087100
79 83 0.00307696
79 89 0.00079509
79 82 0.01944090
79 77 0.00130074
79 96 0.00352957
85 102 0.00237420
85 95 0.00703780
85 103 0.00341414
85 90 0.00791234
85 99 0.00164444
85 85 0.06081680
85 96 0.06343430
85 89 0.04209040
85 84 0.11175200
85 88 0.09904830
85 87 0.14903000
85 93 0.00052169
85 86 0.01042430
85 101 0.02212840
112 118 0.03354550
112 129 0.07338370
112 131 0.34015100
112 130 0.07954590
112 116 0.01240980
112 122 0.03316430
112 125 0.04209910
112 117 0.01555780
112 123 0.04109230
112 121 0.02909430
112 124 0.03975200
112 120 0.02688170
112 119 0.02431960
112 127 0.04650300
112 126 0.04425610
112 115 0.01414690
112 114 0.03071960
112 128 0.07257630
15 14 0.00098837
15 15 0.68407400
100 117 0.05089990
100 112 0.01484460
100 111 0.05414860
100 116 0.09425550
100 108 0.00966746
100 113 0.01301190
100 109 0.00910919
100 118 0.04020770
100 105 0.00432004
100 110 0.02361050
100 114 0.01138570
100 115 0.01083020
100 102 0.06562760
100 103 0.00533286
100 119 0.06255600
100 106 0.03226830
100 107 0.00451785
111 116 0.01810740
111 130 0.29606500
111 122 0.04455270
111 125 0.04458060
111 117 0.04074690
111 123 0.04154360
111 121 0.03584940
111 118 0.02745270
111 129 0.07812060
111 113 0.04095090
111 115 0.01447180
111 114 0.01736290
111 128 0.07349670
111 124 0.04319860
111 120 0.03172280
111 119 0.02984950
111 127 0.07506230
111 126 0.04602670
64 64 0.60938500
64 68 0.00132984
64 77 0.01486470
64 62 0.00184986
64 73 0.00089753
64 74 0.01630800
64 63 0.00139136
10 10 0.74924200
102 107 0.02528780
102 106 0.00959766
102 120 0.04721630
102 119 0.05558910
102 115 0.02276590
102 114 0.02558410
102 110 0.02539930
102 105 0.03551980
102 118 0.08879400
102 104 0.17710900
102 109 0.02398330
102 113 0.05647550
102 116 0.02015040
102 108 0.14599400
102 111 0.02390170
102 112 0.03265130
102 117 0.01856880
102 121 0.08404840
52 65 0.19656700
52 52 0.56122300
52 53 0.00193990
52 51 0.02174950
52 60 0.00059739
103 111 0.02741070
103 116 0.02588540
103 108 0.02314060
103 121 0.05042980
103 117 0.02333030
103 112 0.02612540
103 122 0.09631750
103 118 0.02165170
103 113 0.03367490
103 109 0.12640400
103 110 0.02625160
103 114 0.05483870
103 115 0.02853100
103 105 0.21391200
103 119 0.08593510
103 120 0.05744680
103 106 0.03889440
103 107 0.00983331
73 86 0.09601060
73 87 0.01910820
73 84 0.00062203
73 88 0.02129710
73 83 0.02533560
73 82 0.00166031
73 89 0.02493190
73 77 0.00497575
73 76 0.03460230
73 75 0.01630990
73 78 0.00051220
73 81 0.00145396
73 72 0.06420050
73 71 0.00108166
73 74 0.00400886
73 73 0.27554500
107 118 0.05302230
107 109 0.10360000
107 113 0.07699230
107 116 0.03558320
107 111 0.01933770
107 122 0.03659000
107 125 0.06559370
107 112 0.02610830
107 117 0.04010660
107 123 0.08038970
107 121 0.03776390
107 124 0.06717040
107 120 0.03928460
107 119 0.04054660
107 126 0.16922200
107 115 0.03584700
107 114 0.03477860
107 110 0.03087040
70 71 0.00062738
70 70 0.25734400
70 73 0.01049200
70 74 0.00333449
70 72 0.00056259
70 83 0.14934500
70 78 0.00067376
70 69 0.00580147
70 86 0.01119230
70 80 0.01201800
70 84 0.00474489
67 81 0.00108016
67 65 0.00244882
67 67 0.62730300
67 66 0.00060830
67 73 0.00394890
67 80 0.03961290
67 75 0.00056229
67 77 0.00290351
67 83 0.00192392
5 5 0.87275600
105 118 0.03342650
105 113 0.03389740
105 109 0.01711770
105 111 0.09985330
105 108 0.03614670
105 116 0.05450700
105 121 0.08265500
105 117 0.03569120
105 123 0.05793340
105 112 0.03326170
105 122 0.06233210
105 119 0.03107100
105 120 0.02935950
105 124 0.12780100
105 107 0.15219000
105 110 0.02673110
105 114 0.03266800
105 115 0.03816270
90 94 0.00153967
90 107 0.03527950
90 106 0.16302800
90 92 0.30050200
90 95 0.03594470
90 108 0.01282880
90 100 0.00690038
90 101 0.04771380
90 93 0.02332710
90 109 0.00793936
90 96 0.00264400
35 35 0.94946300
110 122 0.04249870
110 112 0.05357670
110 125 0.04464600
110 123 0.04340250
110 117 0.03021070
110 121 0.04746670
110 116 0.04866070
110 113 0.02079610
110 118 0.03234330
110 129 0.25755400
110 115 0.02054410
110 114 0.01637280
110 128 0.07576230
110 127 0.07272130
110 126 0.07689440
110 124 0.04398480
110 120 0.03792360
110 119 0.03376660
29 28 0.00556901
29 29 0.59694200
98 114 0.10497800
98 115 0.04884340
98 110 0.01109030
98 98 0.00071131
98 105 0.00077017
98 106 0.00940449
98 107 0.00927094
98 103 0.00300361
98 108 0.02747160
98 116 0.03530370
98 100 0.17372800
98 111 0.00979404
98 112 0.00825589
98 101 0.07341520
98 117 0.04773090
98 104 0.13330000
98 118 0.00051151
98 109 0.06172820
98 113 0.00789344
12 12 0.58894400
40 41 0.02441730
40 40 0.58524500
46 58 0.00551842
46 48 0.01313030
46 49 0.00122908
46 51 0.00261037
46 53 0.00075726
46 56 0.00099349
46 52 0.00909353
46 57 0.00339346
46 59 0.00154785
46 46 0.58244700
46 55 0.00080553
46 47 0.00611037
76 76 0.08182470
76 77 0.00233595
76 89 0.00248781
76 75 0.01321350
76 78 0.00418274
76 85 0.00256498
76 91 0.00619898
76 79 0.09103140
76 86 0.00753685
76 80 0.00483764
76 84 0.00148869
76 87 0.01697740
76 92 0.00405028
76 74 0.00129218
11 11 0.85366800
47 58 0.00336865
47 48 0.00893847
47 49 0.01409160
47 53 0.01134710
47 56 0.00057855
47 52 0.00242868
47 54 0.00154223
47 60 0.00448229
47 57 0.00084657
47 59 0.00625279
47 50 0.00185263
47 46 0.00146716
47 47 0.56558200
24 24 0.32876700
24 23 0.01598680
24 25 0.00101630
78 94 0.09459070
78 81 0.05382760
78 78 0.18539100
78 79 0.00057797
78 91 0.00121844
78 76 0.00127068
78 77 0.16245400
78 82 0.00289299
78 89 0.02007370
78 88 0.00440987
78 87 0.00119323
78 93 0.03052610
78 86 0.00154303
78 80 0.00137795
104 115 0.05477930
104 114 0.03622890
104 110 0.11253000
104 107 0.03801020
104 106 0.18101200
104 120 0.08414260
104 119 0.02554660
104 108 0.01429100
104 116 0.03237110
104 111 0.03053300
104 122 0.05415150
104 112 0.03135740
104 123 0.11103700
104 117 0.02982690
104 121 0.05988310
104 118 0.02728700
104 104 0.00081091
104 109 0.02603710
104 113 0.02986280
50 63 0.15811900
50 51 0.00270071
50 56 0.00118027
50 49 0.02863110
50 55 0.00107707
50 50 0.36560200
50 60 0.00453414
50 54 0.00075035
69 68 0.00321679
69 75 0.00226507
69 69 0.39038500
69 85 0.00647963
69 79 0.00080390
69 77 0.00060966
69 82 0.15711300
69 83 0.00368282
69 72 0.00319066
69 67 0.00101160
69 73 0.00239360
93 95 0.31304500
93 103 0.03821820
93 107 0.00174220
93 106 0.00181844
93 97 0.00082909
93 99 0.00479883
93 98 0.04541940
93 110 0.04136940
93 96 0.02586280
93 109 0.13829100
93 104 0.05566260
93 112 0.01995600
93 111 0.02192650
93 108 0.00228190
57 57 0.36828400
57 61 0.00146694
57 58 0.00126699
57 70 0.08972950
57 56 0.06758230
26 26 0.80732200
26 25 0.00126301
8 8 0.83664500
87 105 0.00645897
87 90 0.04432710
87 97 0.03389070
87 98 0.00853599
87 94 0.00057642
87 103 0.17821200
87 92 0.03115520
87 106 0.00198227
87 93 0.00081749
87 86 0.00346079
87 88 0.00087215
87 87 0.00159505
87 89 0.31799000
87 104 0.01884000
87 91 0.04133860
54 54 0.53643800
54 62 0.00079623
54 59 0.00061025
54 67 0.19893900
54 58 0.00082294
54 53 0.08459580
88 92 0.04027140
88 107 0.00250005
88 106 0.00660224
88 90 0.31092100
88 105 0.01872460
88 99 0.00945496
88 98 0.00153429
88 89 0.00066369
88 91 0.03367020
88 104 0.00769708
88 93 0.02584610
88 88 0.00059239
88 87 0.00054963
45 48 0.00205129
45 58 0.00121257
45 52 0.00081274
45 56 0.00239992
45 51 0.00330344
45 57 0.00359957
45 45 0.38230000
45 47 0.00188312
45 46 0.00902952
45 50 0.00107934
38 39 0.00092451
38 38 0.69338500
3 2 0.00065604
3 3 0.94603800
3 4 0.00053919
42 43 0.01260410
42 42 0.76487000
42 44 0.00082734
44 47 0.00314447
44 55 0.00205299
44 46 0.02210020
44 50 0.00142348
44 57 0.00090573
44 45 0.01423790
44 44 0.81912800
44 52 0.00060619
44 56 0.00281461
44 51 0.00097755
44 49 0.00056321
44 43 0.00057018
119 131 0.00668505
119 134 0.01193600
119 129 0.00428245
119 133 0.00988140
119 138 0.87733000
119 121 0.00089135
119 137 0.02524470
119 123 0.00077537
119 125 0.00200940
119 122 0.00066500
119 132 0.00815407
119 130 0.00561986
119 135 0.01673210
119 126 0.00212538
119 127 0.00270010
119 136 0.02033020
119 124 0.00106520
119 128 0.00337477
49 48 0.02354900
49 51 0.00139168
49 53 0.00211334
49 49 0.63150500
49 60 0.00097231
49 54 0.00430610
49 61 0.00066903
49 62 0.06276100
49 55 0.00139320
49 50 0.00697227
49 59 0.00449692
18 18 0.68446400
18 17 0.02592240
51 61 0.00093023
51 50 0.00665948
51 64 0.03147320
51 52 0.00210166
51 51 0.42054200
66 66 0.57794800
66 72 0.00443324
66 73 0.00063535
66 70 0.00089517
66 64 0.00120391
66 76 0.00357628
66 79 0.00460231
48 52 0.00075212
48 53 0.00615330
48 56 0.00058996
48 51 0.00104980
48 49 0.01108210
48 48 0.71898200
48 58 0.00150812
48 61 0.01980460
48 47 0.01095730
48 55 0.00114244
48 50 0.01310270
48 59 0.00605899
48 57 0.00074609
48 60 0.00402000
48 54 0.01208070
43 43 0.62736900
43 44 0.00153126
43 45 0.00422172
22 21 0.01190210
22 22 0.71325400
81 85 0.03790330
81 79 0.00151389
81 82 0.00227851
81 89 0.00072449
81 83 0.00087662
81 84 0.13918800
81 87 0.00146191
81 80 0.00689717
81 92 0.03186140
81 95 0.00171368
81 94 0.00053741
81 98 0.00271106
81 81 0.16670400
81 97 0.08232610
65 74 0.00092232
65 63 0.00142654
65 65 0.58534100
65 69 0.00106486
65 75 0.01855090
65 78 0.18583100
114 121 0.01747740
114 123 0.02249480
114 117 0.00860165
114 125 0.03264070
114 122 0.02001370
114 132 0.07818740
114 130 0.06475940
114 116 0.01604950
114 131 0.06940180
114 129 0.04412740
114 133 0.44805900
114 118 0.00825808
114 128 0.04047540
114 126 0.03370720
114 127 0.03706630
114 119 0.01050160
114 120 0.02123030
114 124 0.02623890
