119 119 0.99990500
126 126 0.99978000
151 151 0.99985500
78 78 0.32935100
69 69 0.99988200
146 146 0.99992900
8 7 0.00142248
8 9 0.00185082
8 8 0.97316000
140 140 0.99991600
114 114 0.99964100
46 46 0.91939300
148 148 0.99992600
104 104 0.29494900
35 35 0.45740000
125 125 0.99986300
64 64 0.99976600
56 56 0.56290600
102 102 0.66759800
29 29 0.95333700
22 22 0.96921500
1 1 0.99410800
107 107 0.99989200
123 123 0.99992500
120 120 0.99980000
92 92 0.30437700
40 40 0.95145400
103 103 0.60194200
152 152 0.99977500
118 118 0.99990500
97 97 0.53894300
42 42 0.96447800
43 43 0.51193500
112 112 0.99903700
100 100 0.66251400
129 129 0.99937900
10 11 0.00154889
10 10 0.97327400
10 9 0.00138871
88 88 0.29041300
106 106 0.99992200
26 25 0.00067124
26 26 0.96444200
96 96 0.99996600
19 19 0.97580000
19 18 0.00081351
23 23 0.96038300
55 55 0.25593000
3 3 0.97450900
3 4 0.00065558
3 2 0.00109017
62 62 0.53742800
150 150 0.99990000
12 12 0.97248400
12 13 0.00147870
12 11 0.00152931
117 117 0.99982200
93 93 0.30440300
61 61 0.33703600
127 127 0.99987500
142 142 0.99991200
77 77 0.11016800
58 58 0.74623100
141 141 0.99991500
60 60 0.97610200
20 20 0.97650400
67 67 0.30434200
45 45 0.60789500
115 115 0.99984400
149 149 0.99990800
72 72 0.29041400
109 109 0.99963900
108 108 0.99959700
65 65 0.32294800
128 128 0.99980900
133 133 0.99967900
156 156 0.99992300
124 124 0.99991700
143 143 0.99991300
47 47 0.70087800
155 155 0.99986000
121 121 0.99987200
9 8 0.00131224
9 10 0.00150973
9 9 0.97297200
158 158 0.99985200
49 49 0.91395200
39 39 0.82113500
33 33 0.89829700
98 98 0.33912600
18 17 0.00142787
18 18 0.97492800
132 132 0.99930800
25 25 0.85913600
25 24 0.00075970
86 86 0.39492200
145 145 0.99992700
84 84 0.30149300
57 57 0.48598700
54 54 0.96076100
6 6 0.97156300
6 5 0.00216783
6 7 0.00198288
68 68 0.30576900
37 37 0.53376900
105 105 0.99990900
15 14 0.00093589
15 16 0.00055943
15 15 0.97487300
159 159 0.99976700
21 21 0.97658900
134 134 0.99978700
75 75 0.29402000
89 89 0.39488300
32 32 0.75217400
32 31 0.00058790
4 3 0.00127217
4 4 0.97392500
4 5 0.00084220
48 48 0.91385200
73 73 0.29042000
157 157 0.99989500
44 44 0.46728000
2 3 0.00064910
2 2 0.97487900
82 82 0.35522300
74 74 0.39492300
79 79 0.99136800
91 91 0.30578000
38 38 0.83582000
99 99 0.77216900
160 160 0.99992800
94 94 0.32310500
34 34 0.68617900
27 27 0.81036700
85 85 0.29663600
87 87 0.29042100
81 81 0.99136800
154 154 0.99987500
30 29 0.00057119
30 30 0.93973900
137 137 0.99983600
71 71 0.39490300
130 130 0.99938200
14 13 0.00122218
14 15 0.00057135
14 14 0.97425100
111 112 0.00066419
111 111 0.99904200
101 101 0.85357700
110 110 0.99957700
11 12 0.00211716
11 10 0.00156869
11 11 0.97245600
90 90 0.99980800
31 31 0.69598400
131 131 0.99937400
13 14 0.00091646
13 12 0.00141888
13 13 0.97333000
153 153 0.99988000
50 50 0.83363400
24 24 0.95942100
16 15 0.00096888
16 16 0.97438900
95 95 0.99996800
83 83 0.06864530
52 52 0.84934400
113 113 0.99957700
36 36 0.61348200
5 6 0.00213899
5 5 0.97205300
5 4 0.00179053
135 135 0.99990600
122 122 0.99992400
136 136 0.99990700
28 28 0.75604000
17 16 0.00144381
17 17 0.97485900
63 63 0.99968900
80 80 0.99137000
51 51 0.76815000
138 138 0.99990800
76 76 0.28261100
41 41 0.96447800
70 70 0.99990600
7 6 0.00247472
7 7 0.97180700
7 8 0.00177357
147 147 0.99992900
59 59 0.63171700
144 144 0.99992700
139 139 0.99992400
66 66 0.30432600
116 116 0.99985700
53 53 0.96084900
