82 101 82 101 0.51372600
118 122 118 122 0.12916100
12 23 12 23 0.63640200
13 22 13 22 0.92772100
34 134 34 134 0.14208000
34 57 34 57 0.05276040
105 133 105 133 0.00347420
15 21 15 21 0.06003870
40 50 40 50 0.38251500
75 107 75 107 0.24279600
75 106 75 106 0.12502800
69 113 69 113 0.24392800
71 111 71 111 0.32707300
55 132 55 132 0.12585900
55 127 55 127 0.14369200
55 75 55 75 0.00806549
7 27 7 27 0.55800800
64 118 64 118 0.21540400
70 112 70 112 0.60391000
39 51 39 51 0.37181100
122 135 122 135 0.01074480
41 49 41 49 0.34909800
77 104 77 104 0.16468400
77 105 77 105 0.24211300
51 131 51 131 0.04677460
51 77 51 77 0.00120577
85 101 85 101 0.06420300
85 92 85 92 0.46376400
85 93 85 93 0.12187100
47 132 47 132 0.01801180
63 67 63 67 0.23847800
8 26 8 26 0.51822100
36 55 36 55 0.10440300
74 107 74 107 0.13979500
123 134 123 134 0.01549210
116 124 116 124 0.06569310
54 74 54 74 0.01557880
54 133 54 133 0.11355400
54 128 54 128 0.09151730
42 51 42 51 0.02436240
42 49 42 49 0.03439710
42 48 42 48 0.34904800
67 115 67 115 0.26668700
57 72 57 72 0.00284914
57 129 57 129 0.07140810
57 126 57 126 0.05410930
126 132 126 132 0.03483130
6 28 6 28 0.88626700
48 131 48 131 0.01431720
48 134 48 134 0.00472988
117 123 117 123 0.11497800
14 21 14 21 0.34897000
125 133 125 133 0.03355570
61 69 61 69 0.33622400
120 124 120 124 0.06009510
120 128 120 128 0.02765170
4 30 4 30 0.57280200
43 50 43 50 0.04394440
45 134 45 134 0.01872610
45 81 45 81 0.00053713
103 109 103 109 0.02131060
103 135 103 135 0.00241781
104 134 104 134 0.00289875
104 108 104 108 0.01687660
107 131 107 131 0.01144450
35 56 35 56 0.05171300
35 133 35 133 0.07844840
5 29 5 29 0.57931600
49 133 49 133 0.00772580
84 102 84 102 0.05099660
84 99 84 99 0.20710500
84 93 84 93 0.11241800
84 92 84 92 0.01747150
52 135 52 135 0.12182300
52 130 52 130 0.14707600
44 82 44 82 0.00075405
44 135 44 135 0.01734800
44 49 44 49 0.05800690
58 72 58 72 0.15084500
58 125 58 125 0.55671600
60 70 60 70 0.09990330
60 124 60 124 0.08338520
66 116 66 116 0.20184900
101 111 101 111 0.00374424
119 129 119 129 0.03772000
102 110 102 110 0.02070170
106 132 106 132 0.00687665
65 117 65 117 0.24325800
76 106 76 106 0.25658200
76 105 76 105 0.12780200
114 126 114 126 0.02244190
56 126 56 126 0.11679800
56 130 56 130 0.15821600
108 130 108 130 0.03563350
33 135 33 135 0.08788790
53 75 53 75 0.01332570
53 77 53 77 0.00203971
53 134 53 134 0.15636600
1 33 1 33 0.44237100
86 91 85 91 0.00089852
86 100 86 100 0.13254600
68 114 68 114 0.28872100
62 68 62 68 0.24531000
2 32 2 32 0.50164700
83 100 83 100 0.25409400
