126 126 0.99854500
133 133 0.99925800
125 125 0.99862300
138 138 0.95959100
71 69 0.38827400
71 70 0.57632000
89 88 0.06617480
89 89 0.90014500
44 44 0.99996300
69 67 0.79116000
69 68 0.16055500
41 41 0.99992600
140 140 0.84504900
5 5 0.89837700
104 104 0.96410500
100 100 0.82463000
103 103 0.99685800
52 52 0.73144600
52 50 0.00071858
52 51 0.13411800
10 10 0.99945000
160 160 0.28364800
90 89 0.03733340
90 90 0.92901700
114 114 0.98067500
48 48 0.94355600
48 47 0.00057186
45 45 0.92143300
121 121 0.56922900
51 50 0.01311690
51 51 0.85850800
117 117 0.98603400
148 148 0.99916300
1 1 0.99981400
4 4 0.28359800
82 81 0.76192000
82 80 0.03022910
82 82 0.20742000
146 145 0.00052812
146 146 0.99890700
68 67 0.08127060
68 66 0.07878440
129 129 0.99913300
73 71 0.12075600
73 72 0.22350800
154 154 0.99997300
76 74 0.00250696
76 76 0.00067527
76 75 0.05354780
74 74 0.00067149
74 73 0.01555500
74 72 0.01228890
16 16 0.99976200
99 99 0.87485700
75 74 0.00733908
75 73 0.08707750
75 75 0.00067587
137 137 0.96743000
131 131 0.94341800
111 111 0.59377700
112 112 0.99437300
55 56 0.00079368
55 55 0.17321300
55 53 0.05539420
55 54 0.35186100
94 93 0.00075451
94 94 0.68001800
97 97 0.99406900
20 20 0.99997300
50 49 0.00364279
50 50 0.84214300
83 81 0.00527279
83 83 0.66394800
83 82 0.33035000
43 43 0.99992800
105 105 0.94774100
23 23 0.99997700
53 52 0.25468300
53 53 0.57254500
53 51 0.00687330
26 26 0.99989400
66 65 0.00812180
66 66 0.00069096
66 64 0.01578050
86 85 0.14419500
86 86 0.54186400
127 127 0.99867100
31 31 0.99805800
123 123 0.76484400
124 124 0.99892800
96 96 0.99423100
61 60 0.04710150
61 59 0.71045100
61 61 0.00138669
157 157 0.99997300
145 145 0.99913500
7 7 0.99991100
47 47 0.99937700
17 17 0.99993900
25 25 0.99996200
149 149 0.95957700
37 37 0.99972400
39 39 0.99988300
144 144 0.99908400
65 65 0.00096594
65 64 0.08548080
65 63 0.00689755
3 3 0.99975400
122 122 0.59130300
28 28 0.99879900
28 29 0.00078283
151 151 0.99975600
156 156 0.99997200
46 46 0.99988200
49 49 0.99580200
49 48 0.00103999
98 98 0.94459200
62 62 0.00125786
62 61 0.00323947
62 60 0.01699760
18 18 0.99996700
19 19 0.99991000
106 106 0.99638500
102 102 0.96468900
147 147 0.99895300
64 63 0.00257643
64 62 0.05289420
64 64 0.00107818
34 34 0.99995000
119 119 0.86532500
58 58 0.03098390
58 57 0.32554600
58 56 0.48941700
42 42 0.99993300
95 95 0.99415900
11 11 0.99873300
11 12 0.00108652
93 93 0.65782900
93 92 0.00130674
109 109 0.39147800
115 115 0.98283600
152 152 0.99986400
143 143 0.99920000
155 155 0.99997200
141 141 0.85205700
150 150 0.99982300
139 139 0.99985400
107 107 0.79881500
87 86 0.10880600
87 87 0.55561100
2 2 0.99982700
36 36 0.99985800
153 153 0.99990700
72 70 0.21636200
72 71 0.06816690
56 56 0.12855800
56 55 0.30299000
56 57 0.00069310
56 54 0.12809200
88 88 0.87141000
88 87 0.09500150
13 13 0.99909300
159 159 0.89841100
40 40 0.99985800
57 56 0.38009000
57 57 0.07970160
57 55 0.40196900
38 38 0.99982600
158 158 0.99993100
92 91 0.00474308
92 92 0.91867000
6 6 0.99990800
63 62 0.00308979
63 61 0.22741400
63 63 0.00119545
118 118 0.98603200
128 128 0.99911200
120 120 0.49529300
113 113 0.95160900
15 15 0.99975900
142 142 0.99953800
77 76 0.22814000
77 77 0.00075443
77 75 0.00302379
91 90 0.00851485
91 91 0.95811600
79 78 0.72065300
79 79 0.00751435
79 77 0.04217130
70 69 0.19592200
70 68 0.75570400
21 21 0.99997500
59 57 0.59339100
59 59 0.00740167
59 58 0.27847700
130 130 0.85001200
54 52 0.01320210
54 54 0.51900200
54 53 0.37109500
116 116 0.98603600
8 8 0.99987700
136 136 0.99971000
32 32 0.99965900
60 58 0.69006900
60 60 0.00200029
60 59 0.28190200
30 31 0.00158299
30 30 0.99787100
110 110 0.45697500
12 12 0.99869600
12 13 0.00083354
81 79 0.09510980
81 80 0.83604700
81 81 0.06829240
9 9 0.99982700
132 132 0.99919500
27 27 0.99942000
14 14 0.99935100
101 101 0.95683800
35 35 0.99995500
108 108 0.55816700
80 80 0.01652210
80 78 0.24434400
80 79 0.73871100
84 83 0.26347300
84 82 0.00108601
84 84 0.73517500
29 29 0.99820500
29 30 0.00127340
33 33 0.99990000
24 24 0.99997300
134 134 0.80279900
67 65 0.22687900
67 66 0.08986350
85 85 0.80321300
85 84 0.19593100
22 22 0.99997700
135 135 0.81207100
78 77 0.01820160
78 78 0.00206039
78 76 0.00302670
