45 45 0.71229803
1 1 0.98626524
63 63 0.89271847
63 64 0.00087618
63 62 0.00085623
48 48 0.97043377
107 107 0.96442774
107 108 0.00128294
21 21 0.72671197
74 74 0.61970781
36 37 0.00062561
36 36 0.87230668
36 35 0.00196440
17 17 0.84844295
26 26 0.65898841
104 104 0.68124677
104 105 0.00099196
35 36 0.00145291
35 35 0.83023141
35 34 0.00102720
113 113 0.90502431
123 123 0.88994869
123 124 0.01613706
84 84 0.50538707
138 138 0.57581214
134 134 0.63781599
47 47 0.94922510
117 118 0.01207299
117 117 0.97085810
54 54 0.71474531
54 56 0.00122733
22 22 0.57951233
7 6 0.00051762
7 7 0.85613642
90 90 0.84112750
76 76 0.32863221
72 72 0.64798163
11 11 0.94194009
11 12 0.00068773
102 102 0.73462795
42 42 0.65887918
100 100 0.77139530
71 71 0.85099059
27 27 0.71563891
27 28 0.00295787
122 123 0.02284296
122 122 0.92290728
96 96 0.95485545
149 149 0.70143027
60 60 0.88807406
23 23 0.82945738
31 31 0.77434703
31 32 0.00309202
115 115 0.87860917
115 116 0.00599247
131 131 0.65242858
51 51 0.69487219
51 53 0.00148918
128 128 0.82981752
103 103 0.77523680
153 154 0.00084025
153 153 0.75937483
59 59 0.73528990
141 142 0.00218565
141 141 0.92538402
151 151 0.76878666
137 137 0.66224647
133 133 0.74180075
24 24 0.74671078
18 18 0.83468922
25 26 0.00111825
25 25 0.80988999
70 70 0.82703953
46 46 0.81670391
150 150 0.58944955
150 151 0.00051997
119 119 0.96325668
119 120 0.02125821
119 118 0.00050815
116 117 0.00764315
116 116 0.78299184
61 61 0.86092732
144 144 0.99028112
29 29 0.88315018
14 14 0.74824053
2 2 0.94792791
77 77 0.42215348
58 58 0.88483001
124 124 0.93962632
124 125 0.01633242
6 6 0.85838262
85 85 0.75489903
127 128 0.00088775
127 127 0.64569947
98 98 0.74899000
33 32 0.00122025
33 33 0.84638086
33 34 0.00222793
41 41 0.90971155
52 52 0.89330388
52 54 0.00166802
69 69 0.91340997
105 105 0.88948131
105 106 0.00125937
57 57 0.91782278
155 155 0.66783050
126 127 0.00481602
126 126 0.81510529
43 43 0.74758091
20 20 0.81517614
40 40 0.78378369
4 4 0.82024551
109 110 0.00138846
109 109 0.94281474
139 139 0.67179974
139 140 0.00189462
112 112 0.97677364
15 15 0.80596036
158 158 0.82433694
143 143 0.98945668
82 82 0.30607638
73 73 0.87584586
91 91 0.92552208
37 36 0.00094905
37 37 0.54216904
130 130 0.97361876
114 114 0.87086423
114 115 0.00242198
12 13 0.00087692
12 12 0.77587972
49 49 0.97590358
152 152 0.65637301
152 153 0.00107443
39 39 0.87953796
66 66 0.83770966
94 94 0.56144753
135 135 0.75627727
83 83 0.57002149
75 75 0.60273081
81 81 0.38748237
56 56 0.84830518
3 3 0.90939266
111 111 0.94953279
28 28 0.77832703
28 29 0.00172734
125 126 0.01140784
125 125 0.81447934
34 33 0.00100885
34 35 0.00117875
34 34 0.77914605
89 89 0.78890445
10 10 0.81500458
10 9 0.00067358
99 99 0.76425404
142 142 0.98818745
142 143 0.00109143
9 9 0.81667283
9 8 0.00080044
93 93 0.85974213
157 157 0.84811157
86 86 0.58504410
78 78 0.93914891
16 16 0.70058362
146 146 0.69497695
106 107 0.00120424
106 106 0.91235204
50 50 0.79854107
50 52 0.00072082
65 65 0.81678160
147 147 0.69047824
145 145 0.99041906
79 79 0.97560666
154 154 0.99331752
154 153 0.00050754
132 132 0.92651761
64 65 0.00064341
64 64 0.87340922
62 62 0.97799404
62 61 0.00111447
159 159 0.73751601
140 140 0.72049952
140 141 0.00204445
120 120 0.95089820
120 121 0.00962642
8 8 0.76790390
8 7 0.00060703
53 53 0.72420182
53 55 0.00172855
129 129 0.97366989
121 121 0.95562120
121 122 0.02345169
110 110 0.98875652
148 148 0.60842569
136 136 0.58038368
97 97 0.62973197
30 30 0.84204437
30 31 0.00241000
44 44 0.94794774
87 87 0.62263636
19 19 0.76388546
80 80 0.98861068
32 33 0.00309945
32 31 0.00108935
32 32 0.87605358
92 92 0.94936739
38 38 0.78026309
101 101 0.55688293
55 55 0.92809130
88 88 0.78244516
13 13 0.81732621
13 14 0.00053776
118 119 0.01665448
118 118 0.92902980
95 95 0.93929214
67 67 0.83536073
68 68 0.88140648
160 160 0.94472853
5 5 0.87021985
108 108 0.98891853
108 109 0.00135372
156 156 0.92201625
