141 142 0.00147117
141 141 0.95250892
59 59 0.98466851
153 153 0.74746665
153 154 0.00052847
103 103 0.58831215
128 128 0.81693746
51 53 0.00108682
51 51 0.77656078
46 46 0.71248749
70 70 0.57849015
25 25 0.79590186
25 26 0.00099770
18 18 0.83193471
133 133 0.75066994
133 132 0.00063333
24 24 0.77358661
137 137 0.65160514
151 151 0.77059198
77 77 0.42124991
58 58 0.88414546
124 125 0.00753544
124 124 0.59790296
2 2 0.76428190
14 14 0.71582255
61 61 0.97354986
61 62 0.00131672
29 29 0.83734398
144 144 0.99689126
144 145 0.00069557
150 150 0.55369811
119 120 0.01267905
119 119 0.81097308
116 116 0.62691485
116 117 0.00156671
69 69 0.94406253
52 52 0.91964200
52 54 0.00146943
105 105 0.81315149
41 41 0.91332485
33 33 0.86504327
33 32 0.00060230
33 34 0.00146815
98 98 0.73430927
127 127 0.64579943
6 5 0.00126719
6 6 0.93107238
85 85 0.73361754
113 113 0.78861752
35 36 0.00258718
35 35 0.98108304
26 26 0.73838459
104 104 0.76590962
36 37 0.00179644
36 36 0.98084437
17 17 0.91747279
21 21 0.81419612
74 74 0.73371481
107 106 0.00069945
107 107 0.92983496
107 108 0.00144073
48 48 0.87654303
45 45 0.72898153
1 1 0.90138902
63 64 0.00053462
63 63 0.89392671
54 54 0.83121556
54 56 0.00090511
117 118 0.00555211
117 117 0.64495334
47 47 0.87314582
138 138 0.57407194
134 134 0.64539071
84 84 0.69427189
123 124 0.00709281
123 123 0.79348702
42 42 0.67764628
102 102 0.72271444
11 11 0.88691507
72 72 0.59241644
76 76 0.57310834
90 90 0.81579393
22 22 0.52433275
7 6 0.00313740
7 7 0.91588078
60 60 0.97803967
23 23 0.97877692
31 31 0.73473932
31 32 0.00192769
115 116 0.00112374
115 115 0.81495943
131 131 0.64271252
149 149 0.70495968
96 96 0.87672576
27 28 0.00230660
27 27 0.73723775
100 100 0.85666285
71 71 0.55838043
122 122 0.89377965
122 123 0.01252102
154 154 0.71395102
79 79 0.96834779
145 145 0.99694629
147 147 0.99812244
147 148 0.00114152
50 52 0.00071662
50 50 0.82198031
65 65 0.81439153
106 107 0.00117750
106 106 0.81265455
129 129 0.95942657
53 55 0.00129959
53 53 0.80398705
8 8 0.83208740
120 120 0.85802826
62 62 0.98064148
62 63 0.00081909
159 159 0.75749328
140 141 0.00156548
140 140 0.74047571
64 63 0.00124633
64 64 0.87406160
132 132 0.77626095
92 92 0.83511641
19 19 0.73698604
80 80 0.91560790
32 32 0.88205974
32 33 0.00201339
87 87 0.71982323
30 30 0.86614155
30 31 0.00219194
44 44 0.87129700
97 97 0.79765649
136 136 0.54113374
148 148 0.60965270
121 122 0.01208664
121 121 0.82529724
110 109 0.00270072
110 110 0.87269761
110 111 0.00168557
156 156 0.62243188
108 108 0.88477897
108 107 0.00152052
108 109 0.00181100
68 68 0.89666074
160 160 0.94482541
5 5 0.79151547
95 95 0.85058046
67 67 0.82069681
13 13 0.79105545
118 119 0.00896299
118 118 0.98116450
88 88 0.74263517
55 55 0.98533373
38 38 0.79591251
101 101 0.61742437
15 15 0.81768166
139 139 0.97861502
139 140 0.00165824
112 112 0.82250123
112 113 0.00056334
109 110 0.00051791
109 109 0.83236131
109 108 0.00127334
4 4 0.94352524
40 40 0.86928043
126 126 0.68282155
126 127 0.00088119
43 43 0.82827470
20 20 0.85003097
57 57 0.91777426
155 155 0.65121887
66 66 0.81936736
94 94 0.75205755
39 39 0.95975790
152 152 0.65720500
114 114 0.75630894
12 12 0.83578771
49 49 0.88299637
37 37 0.87788478
130 130 0.67925973
73 73 0.81462756
91 91 0.83926517
143 144 0.00057689
143 143 0.99654331
82 82 0.62656882
158 158 0.81665045
34 35 0.00138583
34 34 0.71703154
3 3 0.84015581
111 112 0.00112454
111 111 0.85293342
125 125 0.42175640
125 126 0.00458936
28 28 0.78905910
28 29 0.00183496
56 56 0.90292060
81 81 0.67946619
75 75 0.64789567
83 83 0.79079829
135 135 0.74503689
146 146 0.65927888
16 16 0.66956206
86 86 0.69216718
78 78 0.75991185
157 157 0.81274224
93 93 0.79631802
9 9 0.91573956
142 142 0.95065552
142 143 0.00052401
89 89 0.73965040
10 10 0.87847216
10 9 0.00307453
99 99 0.76886243
