66 66 0.98369000
88 88 0.99001400
91 92 0.00153098
91 91 0.86350600
84 84 0.99089000
81 81 0.86937700
16 16 0.00917388
83 83 0.99084000
80 80 0.69722300
63 63 0.98332200
45 45 0.98597600
138 139 0.00115857
138 137 0.00103380
138 138 0.77694100
57 57 0.98284400
14 14 0.97786800
77 77 0.98371000
92 93 0.00303544
92 92 0.97978300
160 160 0.99916300
155 155 0.99020200
137 137 0.46639400
137 138 0.00109974
121 120 0.00107517
121 119 0.00451864
121 121 0.88437000
40 40 0.40772300
151 151 0.87210800
46 46 0.98598200
133 133 0.94436800
133 132 0.03774130
133 131 0.00874368
20 20 0.30134500
64 64 0.98343100
78 78 0.98376600
101 101 0.99063200
156 156 0.99004500
47 47 0.01715400
140 138 0.00154157
140 141 0.00220148
140 140 0.83625600
140 139 0.00460168
49 49 0.98418900
3 3 0.99738000
130 131 0.00070083
130 128 0.11745800
130 129 0.04311720
130 130 0.82943300
112 112 0.99084000
36 36 0.63317600
25 25 0.57847300
152 152 0.99051400
114 114 0.99070000
61 61 0.86427200
61 60 0.00058963
102 102 0.99078500
127 126 0.00057224
127 125 0.01369700
127 127 0.77470500
128 129 0.00108046
128 127 0.00064722
128 128 0.77309600
128 126 0.05687620
89 89 0.83155800
158 158 0.99017800
136 136 0.69948000
15 15 0.07194940
68 68 0.98366500
69 69 0.98372700
51 51 0.98397200
38 38 0.13530100
96 96 0.97806300
96 97 0.00104203
97 98 0.00101640
97 97 0.97895100
93 94 0.00321960
93 93 0.57814100
148 148 0.98991200
148 146 0.00070493
43 43 0.00917474
119 118 0.00050517
119 119 0.98372500
104 104 0.99081700
154 154 0.99045500
139 138 0.00615913
139 140 0.00183373
139 139 0.95891500
139 137 0.00137333
118 118 0.98906700
150 150 0.99056500
44 44 0.07197590
146 144 0.00095311
146 147 0.00068894
146 146 0.98895500
108 108 0.99086100
2 2 0.99775600
65 65 0.98355600
75 75 0.98374900
56 56 0.98288400
159 159 0.77971400
126 124 0.00171134
126 126 0.77505800
98 98 0.97894100
70 70 0.98375900
37 37 0.99997200
74 74 0.98373700
30 30 0.99553400
12 12 0.98612100
60 60 0.98257000
76 76 0.98377100
145 145 0.98944400
145 143 0.00098775
124 124 0.79449000
124 123 0.00068467
124 122 0.00735783
54 54 0.98366800
132 131 0.03854190
132 130 0.01598520
132 132 0.93634000
110 110 0.99076300
6 6 0.70916600
34 34 0.99998300
10 10 0.58093400
52 52 0.98407500
141 141 0.86370800
141 142 0.00144266
141 140 0.00577897
141 139 0.00221059
33 33 0.44104800
143 142 0.00181646
143 143 0.98498800
143 141 0.00128212
29 29 0.99548200
85 85 0.99088100
39 39 0.30196500
120 118 0.00127410
120 120 0.96945900
53 53 0.69527700
157 157 0.98979100
135 134 0.03742660
135 135 0.78008200
62 61 0.00058210
62 62 0.98284600
144 142 0.00109594
144 144 0.98691400
87 87 0.99084400
111 111 0.99081700
71 71 0.98368700
79 79 0.86578900
28 28 0.25327700
5 5 0.99759900
42 42 0.99984000
11 11 0.03105140
31 31 0.89172400
8 8 0.99818700
103 103 0.99079100
13 13 0.97791200
147 147 0.98903200
147 145 0.00092369
50 50 0.98410200
125 124 0.00302675
125 123 0.13686100
125 125 0.77866900
23 23 0.79183900
109 109 0.99085300
107 107 0.99085400
122 120 0.01740710
122 122 0.52417500
122 121 0.00369436
113 113 0.99076900
67 67 0.98375200
41 41 0.40770100
82 82 0.99074600
95 95 0.97824200
95 96 0.00626068
153 153 0.99049200
72 72 0.98375800
116 116 0.99045600
117 117 0.99028800
26 26 0.67102600
99 99 0.79134600
59 59 0.98258200
100 100 0.57554500
24 24 0.49958100
19 19 0.40772300
35 35 0.55589900
86 86 0.99077600
21 21 0.13283100
27 27 0.92516300
1 1 0.78097900
142 142 0.97372400
142 140 0.00247057
142 141 0.01080070
9 9 0.99819400
7 7 0.99818700
73 73 0.98374600
106 106 0.99077900
22 22 0.91340400
18 18 0.40770500
48 48 0.56702600
55 55 0.88226900
149 149 0.99015600
4 4 0.89630200
129 127 0.00402416
129 128 0.03939770
129 130 0.00086094
129 129 0.77356300
123 123 0.70230500
123 121 0.00332445
123 122 0.00073487
17 17 0.99990600
115 115 0.99047700
58 58 0.98278900
134 132 0.00130381
134 133 0.03785700
134 134 0.95164300
131 131 0.88184000
131 129 0.06579060
131 130 0.04261350
94 94 0.75569200
94 95 0.00431584
90 90 0.69636100
32 32 0.16830100
105 105 0.99084900
