62 62 0.97267100
144 144 0.77240800
87 87 0.94230300
120 120 0.67298500
120 119 0.00151662
39 39 0.97053600
157 157 0.94032300
157 156 0.01974190
157 159 0.00091714
53 53 0.97193200
135 135 0.67829600
143 142 0.00115675
143 143 0.67426100
85 85 0.67288600
29 29 0.97103000
31 31 0.97227200
11 11 0.96241700
8 8 0.96260200
5 5 0.95859800
42 42 0.97031700
42 41 0.00164916
71 71 0.97506400
28 28 0.97117900
79 80 0.01625940
79 79 0.95011600
79 81 0.00054497
111 111 0.95515700
23 23 0.97164800
125 124 0.00355595
125 125 0.94625500
50 50 0.97258600
13 14 0.00094439
13 13 0.89393700
103 104 0.03207170
103 103 0.90483400
147 147 0.95641700
153 152 0.00403053
153 153 0.94324400
41 40 0.00175024
41 41 0.97010400
67 67 0.94248100
95 95 0.92888800
95 96 0.03110310
82 82 0.33522200
82 83 0.01355020
109 108 0.00158818
109 110 0.00392423
109 109 0.94950200
113 113 0.95653700
122 122 0.30519800
107 106 0.00064071
107 108 0.00391794
107 107 0.95039500
19 19 0.97134200
19 20 0.00057181
24 24 0.97166700
100 101 0.04195660
100 100 0.64079900
35 35 0.97239600
59 59 0.97230400
99 99 0.72492900
99 100 0.00423627
26 26 0.97149100
72 72 0.97474200
117 117 0.95525200
117 116 0.00075994
116 116 0.95600700
9 9 0.96260700
142 141 0.00534133
142 142 0.74501600
86 86 0.93707200
21 21 0.97191500
1 1 0.98982600
27 27 0.97127700
149 149 0.95621300
4 4 0.96079200
129 129 0.95125200
129 128 0.00888930
123 123 0.95752900
55 55 0.97227800
48 48 0.97263200
106 106 0.82809600
106 107 0.00388302
18 18 0.97132000
18 19 0.00126071
22 22 0.97170000
7 7 0.87597400
73 73 0.97455500
32 32 0.97255100
105 105 0.86916300
105 106 0.00412954
90 90 0.96298000
94 94 0.75807900
94 95 0.01163340
115 115 0.95660200
17 18 0.00130711
17 17 0.97073800
58 58 0.97232500
134 134 0.95999000
131 130 0.00343149
131 131 0.95685900
45 45 0.97252300
138 138 0.74374900
57 57 0.97233600
63 63 0.97266400
16 16 0.97006600
16 17 0.00192775
83 83 0.88904300
83 84 0.00262007
80 80 0.86658300
80 81 0.01346760
91 91 0.96276900
81 81 0.83421600
81 82 0.00104875
84 84 0.68350000
88 88 0.79638500
66 66 0.94907700
121 121 0.73779200
121 120 0.00242778
137 137 0.94611000
160 156 0.00058907
160 158 0.00215687
160 159 0.00263987
160 160 0.98807000
155 155 0.93997600
155 154 0.01486880
77 77 0.96938100
77 78 0.00477750
14 15 0.00173869
14 14 0.97091400
92 92 0.96256700
156 155 0.01854330
156 156 0.93956500
101 102 0.00162916
101 101 0.86360300
47 47 0.97246100
78 79 0.00675958
78 78 0.96743500
78 80 0.00051376
20 20 0.97208900
64 64 0.94250400
46 46 0.97248600
133 133 0.96001600
151 151 0.95440400
151 150 0.00070822
40 39 0.00177536
40 40 0.97012700
158 157 0.00687687
158 158 0.94131000
158 160 0.00165916
158 156 0.00090450
89 89 0.77409400
136 136 0.69157400
114 114 0.95670100
152 152 0.95272800
152 151 0.00237697
128 128 0.95112000
128 127 0.00862543
102 102 0.87927600
102 103 0.05766620
127 127 0.66357900
127 126 0.02486820
61 61 0.97262300
3 3 0.95030000
3 4 0.00080099
25 25 0.97164400
112 112 0.95636900
130 130 0.95406900
130 129 0.00621152
36 36 0.97242000
140 140 0.95548400
140 139 0.00275127
49 49 0.97261400
104 105 0.00643298
104 104 0.93042200
119 118 0.00144000
119 119 0.77103000
154 153 0.01339440
154 154 0.94176000
148 148 0.95655100
43 42 0.00105293
43 43 0.97109000
93 93 0.79337500
93 94 0.00158332
97 97 0.67038100
97 98 0.04602940
96 97 0.05274740
96 96 0.65141600
15 15 0.97007600
15 16 0.00244551
68 68 0.97514800
38 38 0.97222300
69 69 0.97520000
51 51 0.97238300
56 56 0.97236800
159 159 0.95943200
159 158 0.01146120
159 157 0.00180628
65 65 0.93730500
2 2 0.98622700
75 75 0.97428000
44 44 0.97224600
150 150 0.95607200
146 146 0.95647300
108 107 0.00115014
108 109 0.00393807
108 108 0.94981400
139 139 0.95558400
139 138 0.00268758
118 118 0.95478900
118 117 0.00126547
54 54 0.97208700
124 124 0.74337600
124 123 0.00089032
145 145 0.95666700
76 77 0.00061894
76 76 0.97375600
60 60 0.97257900
132 131 0.00063651
132 132 0.95965700
30 30 0.97128900
12 12 0.75479200
70 70 0.97521400
37 37 0.97242500
74 74 0.97445900
98 99 0.01395030
98 98 0.33657600
126 126 0.66610100
33 33 0.97259200
10 10 0.96258300
141 141 0.30290900
141 140 0.00496678
52 52 0.97203100
34 34 0.97260800
110 109 0.00185668
110 110 0.95006900
110 111 0.00111167
6 6 0.83574300
