126 133 0.00131672
126 131 0.75678063
122 127 0.75501591
122 129 0.00172150
63 67 0.00181026
63 68 0.62495354
121 128 0.00583358
121 126 0.81956415
113 118 0.81131585
97 102 0.64660153
76 81 0.20205540
108 113 0.73457341
30 34 0.00071919
30 32 0.00071645
30 33 0.00138279
30 35 0.54979605
135 140 0.67109090
102 107 0.58917818
5 8 0.44988631
5 6 0.00709559
5 5 0.07378836
5 7 0.32383841
42 47 0.71412346
77 82 0.21864268
59 64 0.64213107
59 63 0.00071697
1 2 0.00246360
1 3 0.07437641
1 4 0.04061370
1 1 0.75869129
32 34 0.00140733
32 37 0.49375842
32 35 0.00122538
140 145 0.98539822
115 122 0.00060191
115 120 0.76456388
25 30 0.25021169
25 27 0.02092020
25 31 0.00058429
25 29 0.03762699
25 28 0.25750448
78 83 0.07648786
53 58 0.99736745
13 18 0.00252558
13 15 0.37428499
13 16 0.51234366
13 17 0.00438277
13 14 0.00062732
80 85 0.20510062
41 46 0.34400025
7 10 0.01784201
7 9 0.32902104
7 8 0.00110556
7 7 0.00578106
36 41 0.36332975
48 53 0.78139539
19 19 0.00085429
19 21 0.01540297
19 22 0.43707429
19 24 0.07356417
19 23 0.02451929
123 128 0.75316693
10 13 0.39093328
10 12 0.32341214
118 123 0.83017852
118 125 0.00252098
94 99 0.76612061
145 150 0.33962520
112 117 0.82386355
28 32 0.04511869
28 33 0.81379656
28 30 0.01468401
28 31 0.01345417
83 88 0.40292247
90 95 0.58945305
93 98 0.32887626
2 2 0.24469212
2 3 0.00362984
2 5 0.33468674
2 4 0.12813412
107 112 0.71369284
110 115 0.60328828
31 36 0.54104135
31 34 0.00149979
114 119 0.87808769
132 137 0.88603982
142 147 0.51623498
35 40 0.49339282
56 61 0.31440859
67 71 0.00066719
67 72 0.62586805
111 116 0.39466768
99 104 0.59856059
100 105 0.82852760
45 50 0.01184352
68 72 0.00056375
68 73 0.32954373
12 14 0.34896630
12 17 0.00133505
12 15 0.50616074
12 16 0.00322361
58 62 0.02227485
58 63 0.31369799
3 3 0.34957898
3 4 0.00292359
3 6 0.39269195
3 5 0.10535794
69 74 0.21714464
69 73 0.00273374
88 93 0.35095289
55 60 0.11098931
117 122 0.73599558
75 80 0.11103140
8 11 0.07865345
8 10 0.31926299
8 8 0.00180795
62 66 0.00895816
62 67 0.32731877
50 55 0.34848890
15 16 0.00152888
15 19 0.02164925
15 18 0.54592779
15 20 0.01930632
15 17 0.20001950
104 109 0.74428579
87 92 0.75884758
86 91 0.37418372
92 97 0.45988263
127 132 0.66359994
127 134 0.00088108
6 6 0.01496017
6 9 0.03173801
6 8 0.19728659
6 7 0.00549812
96 101 0.46023946
79 84 0.25217390
34 39 0.40848467
39 44 0.71729286
26 28 0.01980467
26 29 0.17298033
26 31 0.61714490
26 30 0.06348410
60 65 0.02087926
60 64 0.00102465
4 7 0.44733440
4 6 0.19331195
4 5 0.00814719
4 4 0.22659683
125 130 0.64461076
125 132 0.00197446
109 114 0.73311585
105 110 0.45124903
146 151 0.84000979
46 51 0.30331091
73 77 0.00917977
73 78 0.85282423
38 43 0.51793228
65 70 0.99944414
18 23 0.09243207
18 20 0.02476771
18 18 0.00072978
18 21 0.47844080
18 22 0.02557991
84 89 0.01186124
144 149 0.22781870
133 138 0.88740761
70 75 0.01583755
70 74 0.00233787
29 34 0.71237069
29 31 0.01060390
29 33 0.00711263
29 32 0.00278240
17 17 0.00051359
17 19 0.06895642
17 18 0.00066059
17 20 0.35663804
17 22 0.03583570
17 21 0.08045500
120 125 0.76642136
120 127 0.00851497
57 62 0.70632229
57 61 0.00347303
64 69 0.99914578
72 76 0.00149204
72 77 0.29268693
91 96 0.35224438
71 75 0.01029001
71 76 0.61216589
27 32 0.69152776
27 30 0.08323410
27 31 0.07486163
27 29 0.01844119
52 57 0.21183592
137 142 0.80494706
23 27 0.04172930
23 25 0.02339047
23 26 0.29128076
23 23 0.00057699
23 28 0.35706551
23 29 0.00056954
81 86 0.69641020
124 129 0.65293633
124 131 0.00860254
43 48 0.37673354
40 45 0.42032433
11 15 0.00059027
11 14 0.45736348
11 13 0.42782650
37 42 0.75757725
16 21 0.06453355
16 19 0.55400609
16 18 0.15787135
16 20 0.04638014
16 17 0.00137735
61 66 0.28993061
61 65 0.00101732
130 135 0.89626801
128 133 0.65239316
141 146 0.64898912
49 54 0.30992815
131 136 0.87812931
143 148 0.51055736
24 30 0.00087954
24 26 0.02269127
24 27 0.27473539
24 28 0.04312079
24 29 0.51378366
89 94 0.40395876
44 49 0.35973826
51 56 0.06938595
129 134 0.78970146
9 11 0.32337542
9 9 0.00085018
9 12 0.03059722
66 71 0.99884113
134 139 0.70177534
95 100 0.59636749
74 79 0.31760056
21 23 0.00984725
21 24 0.39554473
21 26 0.26950064
21 25 0.01318762
21 27 0.00123516
21 21 0.00066544
139 144 0.75632083
85 90 0.36114247
119 124 0.73656009
119 126 0.00729056
14 17 0.51812803
14 16 0.29349691
14 15 0.00117507
14 19 0.00473901
14 18 0.01115896
33 38 0.78319794
33 36 0.00087456
33 35 0.00054198
103 108 0.78591416
98 103 0.84297962
82 87 0.33169166
116 121 0.72331127
116 123 0.00288070
136 141 0.70418820
20 23 0.43852183
20 24 0.00913583
20 22 0.00696498
20 20 0.00089178
20 25 0.15375489
138 143 0.65088928
106 111 0.64123291
101 106 0.75911472
54 59 0.21173230
22 26 0.05781588
22 25 0.38645701
22 27 0.11615464
22 22 0.00069633
22 24 0.01206615
47 52 0.22298634
