67 70 0.01207533
67 67 0.60266213
67 68 0.00129078
113 116 0.00504445
113 113 0.73529288
144 144 0.81380697
132 132 0.86955633
132 131 0.00272811
130 129 0.00054969
130 130 0.46010697
63 64 0.00779464
63 65 0.00538493
63 66 0.08326393
63 63 0.77634810
154 153 0.01933979
154 154 0.70395484
92 94 0.00227920
92 92 0.63660737
92 93 0.00564172
3 3 0.75457479
16 17 0.00050437
16 16 0.81295108
16 14 0.00233542
55 55 0.86556802
55 57 0.00177262
55 58 0.00303252
55 56 0.00076815
83 85 0.02080241
83 86 0.00087929
83 84 0.00151318
83 83 0.68977137
93 94 0.00124603
93 95 0.00770057
93 93 0.64624058
53 53 0.96405527
53 52 0.00093446
53 56 0.00175103
53 55 0.00230885
15 14 0.00070389
15 16 0.00079139
15 13 0.00137256
15 15 0.87863640
78 79 0.00345109
78 81 0.05011528
78 78 0.66792858
96 96 0.65083855
96 98 0.09215224
4 4 0.61756265
2 2 0.74453671
119 119 0.77103275
119 121 0.00063653
119 122 0.00064019
110 113 0.00125243
110 110 0.51062129
82 82 0.69015380
82 83 0.00450703
82 84 0.01366649
82 85 0.03295440
57 57 0.68746261
57 58 0.00060408
57 59 0.00295756
57 60 0.00861800
81 84 0.01052850
81 81 0.70127059
81 83 0.00220396
81 82 0.00453822
27 27 0.82839025
97 99 0.05849764
97 100 0.00111167
97 97 0.64342788
114 116 0.00713534
114 115 0.00523576
114 117 0.01522709
114 114 0.91779153
123 125 0.00068527
123 124 0.00096245
123 123 0.77755794
159 159 0.62190980
100 100 0.63048593
100 103 0.00202819
100 102 0.00200292
100 101 0.00357269
145 145 0.58167972
14 13 0.00110895
14 15 0.00213706
14 12 0.00122547
14 14 0.87597711
95 97 0.00211897
95 96 0.00051865
95 95 0.78857804
10 9 0.00063767
10 11 0.00653937
10 10 0.82334947
129 129 0.52304888
129 128 0.00066493
140 140 0.53790119
126 126 0.69950609
33 33 0.92996732
104 104 0.34566602
104 107 0.00128643
153 153 0.63591137
153 152 0.00992873
37 36 0.00139072
37 38 0.00064702
37 37 0.88230376
7 8 0.00145143
7 7 0.89619312
149 149 0.50074884
149 148 0.00072220
22 20 0.00081971
22 22 0.76345022
9 10 0.00452106
9 9 0.77785029
52 55 0.00070565
52 54 0.00290292
52 51 0.00083394
52 52 0.74036381
106 109 0.01546087
106 108 0.00837312
106 106 0.84783489
106 107 0.00528327
75 75 0.70091306
75 78 0.00774905
112 114 0.00114153
112 112 0.72216818
112 115 0.00676767
18 18 0.71112436
18 16 0.00125656
139 139 0.53002915
64 65 0.00173152
64 67 0.03742841
64 64 0.68304615
23 21 0.00205750
23 23 0.73243310
158 158 0.42178294
40 41 0.00252359
40 40 0.75434706
137 137 0.49983612
160 160 0.77426253
28 28 0.77979962
51 50 0.00201307
51 54 0.00054870
51 51 0.87715296
51 53 0.00163699
76 79 0.08100608
76 78 0.00571141
76 76 0.78556526
76 77 0.00840749
5 5 0.72055430
66 69 0.02808586
66 66 0.55943644
66 67 0.00052047
56 57 0.00090602
56 56 0.87990588
56 58 0.00217125
56 59 0.00424083
8 8 0.72579709
8 9 0.00283317
120 122 0.00086112
120 120 0.79355907
120 121 0.00166872
117 120 0.00096521
117 117 0.79414185
68 68 0.81224329
68 69 0.00817271
68 71 0.08514904
68 70 0.00528542
65 67 0.00525375
65 66 0.00835202
65 65 0.65450962
65 68 0.08491547
45 46 0.01533961
45 45 0.86250420
45 44 0.00659534
84 85 0.00105839
84 86 0.00113018
84 84 0.83730274
116 118 0.00451141
116 116 0.68418686
116 119 0.01312509
116 117 0.00492236
98 101 0.00354710
98 98 0.62115377
98 100 0.01886161
86 86 0.62404240
86 87 0.00316847
86 88 0.00768064
127 127 0.51802442
151 150 0.00552408
151 151 0.36986137
19 19 0.84774844
24 24 0.98693424
12 13 0.00356862
12 12 0.82828259
12 10 0.00075689
12 11 0.00145783
134 134 0.50553102
134 133 0.00369245
30 30 0.76126827
74 77 0.03290175
74 74 0.76216249
41 42 0.00206320
41 41 0.73932078
105 105 0.71138310
105 108 0.00130195
156 156 0.38064419
156 155 0.00240976
108 109 0.00172667
108 108 0.81949106
108 111 0.00121781
79 81 0.00332314
79 79 0.67293058
79 82 0.00825967
49 50 0.00921047
49 51 0.00132437
49 49 0.82419940
49 48 0.00482138
49 52 0.00051107
58 60 0.00169196
58 58 0.69671530
58 61 0.01021451
146 146 0.64520268
101 104 0.00198338
101 102 0.00270791
101 101 0.61971310
101 103 0.04593567
133 132 0.00724943
133 133 0.86711683
128 128 0.58895742
131 130 0.00954340
131 132 0.00171899
131 131 0.87909713
150 150 0.69764189
150 149 0.00421920
143 143 0.78936400
34 34 0.93019589
107 107 0.87366743
107 110 0.00591757
46 46 0.82523622
46 47 0.01270731
46 45 0.00703502
46 48 0.00091920
61 61 0.80122236
61 64 0.03632357
42 42 0.85102134
42 43 0.01533073
42 41 0.00093575
77 77 0.69272979
77 80 0.07554836
85 86 0.00277360
85 85 0.69749524
85 87 0.00110406
89 92 0.00085707
89 90 0.00771435
89 89 0.66463075
89 91 0.10855109
26 26 0.94110928
31 31 0.87564751
38 38 0.87211873
38 37 0.00138806
38 39 0.00078183
88 91 0.00099616
88 88 0.72772676
88 89 0.00379917
88 90 0.10865450
47 46 0.00638028
47 47 0.84871731
47 49 0.00129976
47 48 0.01193480
118 118 0.80923456
118 120 0.00150939
118 121 0.00310453
157 157 0.39022259
109 112 0.00120972
109 109 0.53485700
109 111 0.00065541
155 154 0.00121601
155 155 0.31933737
11 12 0.00639832
11 9 0.00057774
11 10 0.00107319
11 11 0.94240578
91 92 0.00654901
91 90 0.00061211
91 93 0.10889206
91 91 0.63952205
87 89 0.00225553
87 90 0.00132345
87 87 0.60373821
87 88 0.00344236
136 135 0.00098658
136 136 0.50495992
99 102 0.00122333
99 101 0.00334301
99 99 0.74630962
99 100 0.00055610
48 48 0.79999505
48 49 0.01067082
48 47 0.00588409
48 50 0.00138839
48 51 0.00050614
71 71 0.74666218
71 74 0.02764556
71 73 0.00172485
39 39 0.75709381
39 40 0.00187187
90 90 0.62482091
90 92 0.10859564
90 93 0.00062832
90 91 0.00689481
80 80 0.62098154
80 83 0.00564099
80 82 0.00878771
50 53 0.00051852
50 52 0.00148830
50 49 0.00337223
50 51 0.00127049
50 50 0.53199740
29 29 0.76003891
142 142 0.66094524
135 135 0.58176464
147 147 0.61649834
13 14 0.00240942
13 11 0.00108943
13 12 0.00174729
13 13 0.73136615
62 65 0.02828517
62 62 0.65636600
17 15 0.00402639
17 17 0.87298684
44 43 0.00147957
44 44 0.75847647
44 45 0.01522446
72 72 0.71956724
72 75 0.03253228
124 126 0.00057427
124 125 0.00096520
124 124 0.78169324
54 54 0.86265891
54 53 0.00115480
54 57 0.00284594
54 56 0.00179813
43 42 0.00053082
43 43 0.80536605
43 44 0.01572078
21 21 0.92652306
69 69 0.72301920
69 72 0.03228769
122 122 0.78673312
25 25 0.85372537
152 151 0.01174195
152 152 0.65884446
70 70 0.74366853
70 71 0.00066398
70 73 0.02763906
94 94 0.70273825
94 95 0.00109435
94 96 0.00112444
32 32 0.73194808
148 148 0.64727817
102 103 0.00359534
102 102 0.70277004
102 105 0.00111617
102 104 0.00090115
141 141 0.69678113
6 6 0.76476462
115 115 0.75612390
103 103 0.37310097
103 106 0.01544786
103 105 0.00845387
103 104 0.00567838
59 59 0.59513025
59 62 0.00102574
59 61 0.00133112
111 114 0.01541609
111 111 0.77954612
111 112 0.00528749
111 113 0.00803610
60 63 0.00093065
60 60 0.85966617
125 126 0.00117862
125 125 0.72994228
35 35 0.79776538
36 36 0.80712151
36 35 0.00140604
1 1 0.81090396
121 121 0.66932125
121 122 0.00063125
73 75 0.00527045
73 74 0.00837410
73 76 0.08479691
73 73 0.70026730
20 20 0.52484178
138 138 0.52749154
