141 141 0.71966036
102 103 0.00513577
102 101 0.00091623
102 104 0.00332412
102 105 0.00223258
102 102 0.70853267
148 148 0.71667781
103 106 0.03089643
103 102 0.00061633
103 105 0.01768062
103 104 0.01149406
103 103 0.42552434
115 115 0.77732477
6 6 0.89267276
121 121 0.69254520
121 122 0.00126281
121 123 0.00077613
1 1 0.94907864
138 139 0.00362950
138 138 0.73621311
73 74 0.01762307
73 75 0.01054280
73 76 0.17009519
73 73 0.61607672
20 20 0.62953940
125 126 0.00245871
125 124 0.00066998
125 125 0.82953645
35 35 0.38270642
60 63 0.00211085
60 62 0.00086238
60 61 0.00083711
60 60 0.66294291
111 113 0.01607423
111 112 0.01077342
111 114 0.03083390
111 111 0.88927022
59 59 0.72826545
59 61 0.00281005
59 62 0.00205156
36 35 0.00074384
36 37 0.00074314
36 36 0.54125105
54 55 0.00096597
54 54 0.97586511
54 56 0.00359767
54 57 0.00569543
54 53 0.00108409
72 75 0.06583285
72 72 0.61949555
124 124 0.76532870
124 125 0.00208637
124 126 0.00114878
44 44 0.75444591
44 45 0.02434849
17 17 0.91020849
17 15 0.00415721
62 65 0.06056197
62 62 0.77052369
94 93 0.00164143
94 95 0.00187446
94 96 0.00231449
94 94 0.60046647
70 71 0.00132800
70 70 0.66915269
70 73 0.05764379
152 152 0.66424089
152 151 0.03258593
25 25 0.82036152
122 122 0.82636682
122 123 0.00075877
32 32 0.63088613
43 44 0.01955977
43 43 0.60387358
21 21 0.82808641
69 72 0.06494177
69 69 0.66795148
11 9 0.00102432
11 12 0.00330561
11 10 0.00075423
11 11 0.90555930
155 155 0.53447062
155 154 0.00287834
109 111 0.00131088
109 112 0.00241956
109 109 0.59847544
87 88 0.00264470
87 87 0.59786009
87 86 0.00099014
87 89 0.00453377
87 90 0.00268931
91 92 0.02953744
91 90 0.00198492
91 93 0.22817422
91 91 0.57373372
26 26 0.65074536
89 91 0.22723335
89 88 0.00139674
89 89 0.47112750
89 90 0.02906978
89 92 0.00093675
85 88 0.00090311
85 87 0.00221685
85 84 0.00059005
85 86 0.00234901
85 85 0.66189851
77 77 0.69758627
77 78 0.00062354
77 80 0.15682335
157 156 0.00214430
157 157 0.47827776
118 120 0.00301926
118 121 0.00621000
118 118 0.85359700
47 48 0.01884823
47 49 0.00200384
47 47 0.95190355
47 50 0.00093868
88 87 0.00118017
88 88 0.57798914
88 91 0.00150520
88 89 0.00313374
88 90 0.22561122
38 39 0.00154919
38 37 0.00112171
38 38 0.82307205
31 31 0.86378964
50 53 0.00103940
50 52 0.00261506
50 49 0.00193228
50 51 0.00229667
50 50 0.83080203
80 82 0.01759323
80 83 0.01131880
80 80 0.62557265
29 29 0.68375087
90 92 0.22759456
90 90 0.47870755
90 89 0.00175394
90 91 0.02994937
71 73 0.00344987
71 71 0.67614241
71 74 0.05642631
39 40 0.00268267
39 39 0.79601049
13 11 0.00080214
13 14 0.00210753
13 12 0.00089276
13 13 0.71155709
147 147 0.70062678
135 136 0.00191545
135 135 0.78622742
142 142 0.78300518
136 137 0.00287502
136 135 0.00204551
136 136 0.74353606
48 49 0.01522929
48 48 0.92981263
48 47 0.00190506
48 50 0.00226519
48 51 0.00102119
99 99 0.62013208
99 100 0.00081264
99 102 0.00243852
99 101 0.00673631
156 156 0.41944867
156 155 0.00570290
108 109 0.00551838
108 108 0.70158133
108 111 0.00243572
49 50 0.01333945
49 51 0.00229909
49 49 0.95484397
49 48 0.00275207
49 52 0.00102568
146 146 0.72485970
58 59 0.00075946
58 60 0.00347227
58 61 0.02042993
58 58 0.83897820
79 81 0.00664743
79 82 0.01658587
79 79 0.65523130
105 105 0.61903461
105 108 0.00260398
105 106 0.00291328
41 42 0.00266284
41 41 0.85041832
74 75 0.00199736
74 74 0.66291657
74 77 0.06773162
30 30 0.76141078
134 133 0.00288507
134 134 0.62822215
134 135 0.00170486
107 108 0.00510533
107 107 0.73262882
107 110 0.01183537
34 34 0.68461902
143 143 0.81601448
150 150 0.75196198
150 149 0.00954763
42 42 0.89234206
42 43 0.01807150
61 61 0.74297192
61 64 0.07476143
46 47 0.02105076
46 46 0.92250561
46 48 0.00132899
46 49 0.00070777
133 131 0.00089546
133 132 0.00939172
133 135 0.00051628
133 133 0.94220651
133 134 0.00158953
101 103 0.09430531
101 104 0.00391500
101 101 0.54367229
131 132 0.00234474
131 130 0.01740302
131 131 0.97025511
128 128 0.51206262
117 117 0.83284501
117 120 0.00193073
120 122 0.00172266
120 120 0.80115268
120 121 0.00333793
8 9 0.00256005
8 8 0.88936473
45 48 0.00065246
45 45 0.89513544
45 46 0.02388801
45 44 0.00052125
68 69 0.01634570
68 68 0.78878338
68 70 0.01057110
68 71 0.17568239
65 67 0.01050780
65 68 0.17613146
65 65 0.75507958
65 66 0.01688830
5 5 0.63924171
76 76 0.74032575
76 78 0.01174899
76 77 0.01812621
76 79 0.16854810
51 51 0.89762732
51 54 0.00109821
51 50 0.00142174
51 53 0.00267690
51 52 0.00102727
28 28 0.79178517
56 59 0.00848617
56 60 0.00051473
56 57 0.00181317
56 58 0.00434483
56 56 0.97770228
66 67 0.00104096
66 69 0.06370915
66 66 0.65546678
151 151 0.54565061
151 150 0.01106770
127 127 0.51483593
127 126 0.00080799
86 85 0.00077673
86 86 0.61639357
86 88 0.01555684
86 87 0.00250879
24 23 0.00051343
24 24 0.76978350
12 11 0.00114835
12 12 0.60389009
12 13 0.00314185
19 19 0.92624694
84 83 0.00057919
84 85 0.01800070
84 86 0.00226797
84 84 0.68004404
98 101 0.00707140
98 100 0.03814079
98 99 0.00056311
98 98 0.60832622
116 118 0.00902570
116 119 0.02625840
116 116 0.75612822
116 117 0.00985988
64 67 0.08246682
64 64 0.75463114
64 65 0.00365512
158 158 0.49403110
158 157 0.00055812
23 21 0.00205298
23 23 0.73357499
18 18 0.84951937
18 16 0.00198784
139 139 0.72415816
139 140 0.00205132
112 112 0.73793356
112 114 0.00228319
112 115 0.01353597
106 108 0.01679288
106 106 0.80773649
106 109 0.03092263
106 107 0.01436300
75 77 0.00152193
75 75 0.62024190
75 78 0.01668406
75 76 0.00721561
160 160 0.80494544
137 137 0.74884257
137 138 0.00463562
40 40 0.87608589
40 41 0.00293170
97 97 0.62283950
97 99 0.11868244
97 100 0.00213681
114 117 0.03045863
114 114 0.88656864
114 115 0.01057581
114 116 0.01427123
100 100 0.60808765
100 103 0.00405793
100 102 0.00406137
100 101 0.01333700
159 159 0.84267864
123 125 0.00137084
123 124 0.00201544
123 123 0.82824695
2 2 0.86174480
4 4 0.58071496
96 99 0.00087070
96 98 0.18861801
96 95 0.00078349
96 96 0.50686150
81 84 0.02143030
81 81 0.61985894
81 83 0.00440730
81 82 0.00911698
27 27 0.87173253
57 60 0.01723790
57 59 0.00591827
57 58 0.00120881
57 57 0.76767862
82 83 0.00850927
82 82 0.61086191
82 85 0.06747205
82 84 0.02737193
119 120 0.00092026
119 122 0.00128068
119 121 0.00127326
119 119 0.77877638
110 113 0.00250518
110 110 0.56587647
104 106 0.00057754
104 107 0.00257291
104 104 0.38747682
104 105 0.00081465
52 52 0.84728046
52 53 0.00067013
52 55 0.00141206
52 54 0.00540390
52 51 0.00094825
9 9 0.94456307
9 8 0.00050183
9 10 0.00251249
22 21 0.00057301
22 20 0.00268787
22 22 0.75700123
37 37 0.84613108
37 38 0.00129622
37 36 0.00073339
7 7 0.79536287
7 8 0.00123272
149 149 0.64315929
149 148 0.00166258
153 152 0.03227127
153 153 0.64915256
129 128 0.00223188
129 129 0.44736558
10 9 0.00098492
10 11 0.00428766
10 10 0.77560389
95 98 0.00094393
95 95 0.62587640
95 94 0.00085420
95 97 0.00436985
14 13 0.00119285
14 15 0.00202722
14 14 0.92544108
145 145 0.68779143
33 33 0.76626746
126 125 0.00073837
126 126 0.79415012
140 141 0.00073161
140 140 0.73495118
92 91 0.00170967
92 93 0.00969421
92 94 0.00454421
92 92 0.60118722
154 154 0.84575591
154 153 0.05995914
16 14 0.00213611
16 16 0.91891463
3 3 0.86521148
113 113 0.82480028
113 116 0.01008930
67 68 0.00258160
67 70 0.02654687
67 67 0.65958900
63 63 0.78525677
63 66 0.17238743
63 65 0.01077380
63 64 0.01559447
132 133 0.00174632
132 130 0.00080267
132 132 0.91345421
132 131 0.00061245
130 130 0.59060360
144 144 0.87924824
78 78 0.66781770
78 81 0.10268753
78 79 0.00889849
55 55 0.97929467
55 58 0.00606830
55 56 0.00153691
55 57 0.00354747
15 16 0.00091419
15 15 0.93084808
15 13 0.00167159
15 14 0.00096642
93 93 0.61790067
93 94 0.00070723
93 92 0.00161288
93 95 0.01564897
83 83 0.52527363
83 84 0.01076857
83 86 0.00172043
83 85 0.04171200
53 52 0.00105840
53 56 0.00350343
53 53 0.95948983
53 55 0.00462017
53 54 0.00058010
