80 84 80 84 0.15195800
19 138 19 138 0.04753040
19 26 19 26 0.01786020
133 151 133 151 0.42742800
99 134 99 134 0.00444590
107 125 107 125 0.60507300
101 132 101 132 0.01921260
101 131 101 131 0.58578500
140 146 140 146 0.10601400
27 50 27 50 0.02163780
27 48 27 48 0.11603900
27 63 27 63 0.00179786
61 136 61 136 0.01283740
61 155 61 155 0.01375150
5 155 5 155 0.06065360
5 138 5 138 0.00239406
5 63 5 63 0.20031500
5 65 5 65 0.02855330
5 154 5 154 0.08820390
30 45 30 45 0.01760000
30 44 30 44 0.49739800
30 61 30 61 0.00126993
100 133 100 133 0.01443960
100 132 100 132 0.20023600
20 27 20 27 0.00442079
20 51 20 51 0.26909600
20 137 20 137 0.03977580
131 153 131 153 0.07498560
23 134 23 134 0.01458550
23 51 23 51 0.02090770
40 51 40 51 0.01053540
135 149 135 149 0.48282600
135 142 135 142 0.01542460
15 55 15 55 0.48778100
15 142 15 142 0.05292920
51 136 51 136 0.00588731
51 59 51 59 0.01827910
28 46 28 46 0.51921300
28 45 28 45 0.01468230
32 42 32 42 0.61553900
32 61 32 61 0.00074208
42 49 42 49 0.02302050
41 50 41 50 0.01677080
108 124 108 124 0.70957300
73 93 73 93 0.00786441
73 92 73 92 0.59592100
102 130 102 130 0.67044600
141 145 141 145 0.11641500
113 118 113 118 0.04227610
113 119 113 119 0.67692900
78 86 78 86 0.16793800
78 82 78 82 0.02624700
78 85 78 85 0.17232800
78 88 78 88 0.02005540
78 83 78 83 0.05890650
78 84 78 84 0.07371870
130 154 130 154 0.02260040
98 135 98 135 0.00098427
9 61 9 61 0.32425900
9 151 9 151 0.01104280
9 148 9 148 0.04782710
62 102 62 102 0.00353565
62 154 62 154 0.03211570
62 135 62 135 0.02997850
43 47 43 47 0.00614963
56 62 56 62 0.00616745
68 97 68 97 0.70957300
34 40 34 40 0.55269700
34 59 34 59 0.00060768
34 57 34 57 0.00646879
17 28 17 28 0.00245134
17 24 17 24 0.02546330
17 53 17 53 0.42348700
17 140 17 140 0.04527450
17 23 17 23 0.02107370
17 26 17 26 0.00339127
26 64 26 64 0.00203829
26 51 26 51 0.01083370
26 47 26 47 0.28104300
50 55 50 55 0.00427228
50 137 50 137 0.00367112
134 143 134 143 0.00679671
134 150 134 150 0.38134500
38 53 38 53 0.01016290
139 144 139 144 0.11591000
21 50 21 50 0.24851200
21 26 21 26 0.01098220
21 49 21 49 0.15273300
46 57 46 57 0.00084479
39 52 39 52 0.01144500
59 157 59 157 0.00335105
52 135 52 135 0.00762230
52 65 52 65 0.00070372
52 58 52 58 0.03027260
52 57 52 57 0.00513980
48 62 48 62 0.01099400
48 55 48 55 0.00590740
75 90 75 90 0.70957300
24 51 24 51 0.08321330
6 149 6 149 0.00489479
6 137 6 137 0.00219174
6 151 6 151 0.01954370
6 62 6 62 0.17827900
6 64 6 64 0.06065490
6 153 6 153 0.06533000
6 152 6 152 0.03670930
22 135 22 135 0.02177730
22 48 22 48 0.19720400
22 49 22 49 0.18123100
16 27 16 27 0.00377924
16 54 16 54 0.48352500
16 141 16 141 0.04661310
111 121 111 121 0.70957100
13 57 13 57 0.44631900
13 29 13 29 0.00071271
13 28 13 28 0.00334374
13 145 13 145 0.00181466
13 144 13 144 0.04850560
31 44 31 44 0.04500810
31 42 31 42 0.02764610
31 62 31 62 0.00078707
66 99 66 99 0.58398300
57 61 57 61 0.00815273
25 52 25 52 0.00977372
25 47 25 47 0.09450040
136 141 136 141 0.02167170
136 148 136 148 0.39099900
72 94 72 94 0.01976050
72 93 72 93 0.58857800
76 89 76 89 0.70681800
137 144 137 144 0.05358620
7 151 7 151 0.02858950
7 149 7 149 0.00947852
7 61 7 61 0.12147200
7 152 7 152 0.05282770
7 153 7 153 0.02272410
77 85 77 85 0.03443390
77 88 77 88 0.59363800
77 86 77 86 0.06928470
77 83 77 83 0.00550643
77 84 77 84 0.01023590
64 102 64 102 0.01051790
64 133 64 133 0.08145400
36 55 36 55 0.00971428
109 123 109 123 0.70957200
2 10 2 10 0.00340327
2 141 2 141 0.00084478
2 66 2 66 0.01815960
2 157 2 157 0.11200800
2 153 2 153 0.09809880
81 86 81 86 0.08331470
81 88 81 88 0.00537835
81 85 81 85 0.06250350
37 54 37 54 0.01046320
1 155 1 155 0.04849650
1 154 1 154 0.16229000
1 67 1 67 0.00524003
3 154 3 154 0.09635730
3 9 3 9 0.00971267
3 65 3 65 0.08163540
3 140 3 140 0.00176823
3 155 3 155 0.07230430
54 133 54 133 0.00724607
54 63 54 63 0.00263710
35 39 35 39 0.63181700
35 56 35 56 0.00854900
33 61 33 61 0.00054582
33 41 33 41 0.65661200
18 22 18 22 0.05726100
18 52 18 52 0.43968100
18 139 18 139 0.04803710
18 27 18 27 0.00814507
12 145 12 145 0.04373410
12 58 12 58 0.44786600
12 28 12 28 0.00180829
12 29 12 29 0.00192378
132 152 132 152 0.30615400
112 120 112 120 0.60507200
29 61 29 61 0.00057040
29 46 29 46 0.01655020
29 44 29 44 0.01396830
29 45 29 45 0.50556500
11 29 11 29 0.00123893
11 30 11 30 0.00132860
11 59 11 59 0.39117900
63 101 63 101 0.01949020
63 153 63 153 0.05961820
63 103 63 103 0.00201626
63 134 63 134 0.04648790
138 146 138 146 0.21459700
53 64 53 64 0.00171777
53 134 53 134 0.00707767
104 128 104 128 0.70790100
4 151 4 151 0.01394450
4 156 4 156 0.09238570
4 139 4 139 0.00210756
4 152 4 152 0.01977970
4 64 4 64 0.16032100
4 153 4 153 0.06836040
60 137 60 137 0.00837636
60 156 60 156 0.00876551
69 96 69 96 0.66670300
103 129 103 129 0.60203200
105 127 105 127 0.92565700
67 98 67 98 0.70244700
55 63 55 63 0.00345187
55 132 55 132 0.00478737
47 58 47 58 0.00059890
47 56 47 56 0.00278172
47 63 47 63 0.00661837
10 30 10 30 0.00067482
10 31 10 31 0.00109463
10 60 10 60 0.44016500
10 150 10 150 0.00647942
74 91 74 91 0.60059500
74 92 74 92 0.00739431
65 100 65 100 0.44512100
65 101 65 101 0.01205530
8 152 8 152 0.01735210
8 151 8 151 0.01971130
8 62 8 62 0.25272200
8 148 8 148 0.00551499
8 149 8 149 0.05001540
110 122 110 122 0.70957100
106 127 106 127 0.00649190
49 54 49 54 0.01220420
49 61 49 61 0.01092590
14 144 14 144 0.00166050
14 56 14 56 0.48988400
14 143 14 143 0.05327490
14 26 14 26 0.00531507
