56 62 56 62 0.04759370
43 47 44 49 0.00080366
43 47 44 50 0.00115219
43 47 45 49 0.16464300
78 88 79 89 0.00085249
141 145 141 146 0.00080220
9 148 9 146 0.05090190
9 148 9 149 0.00805766
9 148 10 148 0.00950154
9 148 6 148 0.00052011
9 149 9 149 0.11141300
134 143 134 143 0.01360190
50 62 50 62 0.01839760
34 58 36 58 0.00219631
34 58 34 60 0.00194117
34 58 35 59 0.00090334
34 57 36 58 0.01235070
34 57 35 59 0.13070600
34 57 34 60 0.11378500
34 57 37 57 0.00232642
34 59 34 60 0.00279500
34 59 35 59 0.03567940
17 140 17 139 0.00621682
17 23 17 23 0.01211770
17 28 17 28 0.02667070
39 52 41 54 0.05647930
39 52 41 53 0.00459670
39 52 40 54 0.11755500
39 52 39 55 0.17177000
139 144 139 144 0.45513200
38 53 41 53 0.00160055
38 53 40 54 0.00909816
38 53 39 55 0.16808600
38 53 38 56 0.24121800
21 135 21 135 0.02163030
21 133 21 133 0.15358700
75 90 76 90 0.00811322
75 90 75 91 0.11646100
24 34 24 33 0.00075759
52 65 52 65 0.05395010
140 146 139 144 0.00066179
5 154 6 154 0.00754267
5 155 5 156 0.00080554
5 155 6 155 0.00112528
100 132 96 126 0.00068370
30 61 31 63 0.00716104
30 61 30 64 0.01225440
30 61 32 61 0.00311544
99 134 95 131 0.00101762
19 26 19 26 0.12930800
19 138 19 135 0.02504400
19 135 19 135 0.40385600
107 125 103 119 0.00109709
101 131 97 125 0.00122108
23 134 23 134 0.08409640
40 51 40 54 0.25863600
40 51 42 53 0.12196000
40 51 41 54 0.00055163
40 51 41 53 0.05700340
20 137 20 134 0.02138020
20 137 20 136 0.01159270
20 134 20 134 0.29778500
41 50 43 52 0.17912800
41 50 42 53 0.00074384
41 50 41 53 0.12656000
42 49 43 52 0.00171420
42 49 44 51 0.17629600
42 48 44 50 0.00402636
32 61 32 61 0.31984700
135 142 135 142 0.02468850
108 124 104 118 0.00125003
1 155 1 155 0.09554480
3 154 3 152 0.03861750
3 155 3 156 0.00101309
2 153 2 153 0.24661800
2 157 2 157 0.07136370
109 123 105 117 0.00124967
37 54 40 54 0.00260112
37 54 39 55 0.00959326
37 54 37 57 0.26103900
37 54 38 56 0.16905400
81 86 81 86 0.13135300
81 86 82 87 0.01688850
81 88 81 88 0.18362600
81 85 81 86 0.00550952
11 147 11 145 0.00292924
53 64 53 64 0.05126030
12 30 12 33 0.00083417
12 145 12 144 0.02114320
12 145 12 142 0.03151830
18 139 18 138 0.00736356
18 139 18 136 0.02711720
18 22 18 22 0.02288870
18 27 18 27 0.03889730
35 56 36 58 0.15858000
35 56 38 56 0.00171742
35 56 35 59 0.25654900
35 56 37 57 0.00911979
35 57 35 59 0.00207496
35 58 35 59 0.00315072
35 58 36 58 0.01347890
112 120 108 114 0.00124165
105 127 101 121 0.00077545
104 128 100 122 0.00124981
4 152 4 150 0.00362419
4 152 4 151 0.00068387
4 153 4 151 0.03096120
4 156 5 156 0.00093119
4 151 4 151 0.26865000
4 151 4 150 0.00107959
14 143 14 140 0.01857210
14 143 13 143 0.00059610
55 63 55 63 0.04649640
74 91 75 91 0.00749900
110 122 106 116 0.00124679
8 152 9 152 0.00094549
8 152 8 153 0.00120516
8 152 8 150 0.00231503
8 148 8 147 0.00552212
8 148 6 148 0.00072975
8 149 9 149 0.00311432
8 149 8 150 0.00279366
8 149 8 147 0.03162560
10 147 8 147 0.00071807
10 147 10 148 0.00281720
10 147 10 145 0.02435300
16 141 16 138 0.02765110
111 121 107 115 0.00124634
6 153 6 154 0.00296191
6 149 6 148 0.00689575
22 135 22 132 0.00342174
22 135 22 135 0.04723030
22 132 22 132 0.13458400
31 62 31 63 0.00189207
31 61 32 61 0.03214450
31 61 31 63 0.00631440
13 145 13 143 0.00083203
13 144 12 144 0.00132240
13 144 13 143 0.00596917
13 144 13 141 0.01703890
136 141 136 141 0.39245000
57 61 57 61 0.03891440
36 55 36 58 0.17223300
36 55 39 55 0.00174537
36 55 37 57 0.16825700
36 55 38 56 0.01474300
137 144 136 143 0.00110586
76 89 77 89 0.00305529
76 89 76 90 0.11563200
77 88 77 89 0.28449300
7 153 8 153 0.00108150
