30 61 30 64 0.00319179
5 154 6 154 0.00335602
82 90 82 90 0.12355100
40 51 42 53 0.00625078
40 51 40 54 0.08588630
40 51 41 53 0.00360953
41 50 43 52 0.00916213
41 50 41 53 0.03280820
32 61 32 61 0.41246100
42 49 44 51 0.00448679
9 146 9 146 0.51851000
17 23 17 23 0.06984280
34 59 34 60 0.00132227
34 59 35 59 0.00755737
34 57 36 58 0.00126587
34 57 34 60 0.03212490
34 57 35 59 0.00690293
34 57 37 57 0.00246453
38 53 38 56 0.07841260
38 53 40 54 0.00080820
38 53 41 53 0.00183983
38 53 39 55 0.00897607
39 52 39 55 0.05168000
39 52 40 54 0.00654731
39 52 41 54 0.00290156
75 92 75 93 0.00107312
75 91 75 91 0.40347200
6 153 6 154 0.00112962
6 149 5 149 0.00214121
31 62 31 63 0.00051421
83 89 83 89 0.11865100
77 88 77 89 0.00087180
7 148 6 148 0.01188800
76 91 76 90 0.00070316
36 55 39 55 0.00167982
36 55 36 58 0.05160440
36 55 38 56 0.00132200
36 55 37 57 0.00898027
37 54 38 56 0.00903724
37 54 37 57 0.08691270
37 54 39 55 0.00077415
37 54 40 54 0.00276070
81 86 81 86 0.05942410
81 91 81 91 0.24283700
2 157 2 157 0.06547400
2 153 2 153 0.13816300
2 11 2 11 0.01150600
2 156 3 156 0.00284419
3 155 3 156 0.00134723
1 157 2 157 0.00123720
1 12 1 12 0.10491900
35 58 35 59 0.00290043
35 58 36 58 0.00623400
35 56 36 58 0.00847248
35 56 38 56 0.00165408
35 56 35 59 0.08562830
35 56 37 57 0.00076722
18 22 18 22 0.11036600
11 23 11 23 0.10129200
4 156 3 156 0.00291143
4 156 5 156 0.00068088
8 147 8 147 0.81725500
10 145 10 145 0.08430870
10 24 10 24 0.25480800
