57 61 57 61 0.02996540
136 141 136 141 0.75054400
76 90 76 89 0.11516100
76 90 75 90 0.00806861
77 89 77 88 0.28322000
77 89 76 89 0.00303875
36 58 36 55 0.15204000
36 58 35 58 0.00909634
36 58 35 56 0.08888950
36 58 34 58 0.00303046
36 58 34 57 0.01439070
6 154 5 154 0.00075387
6 148 6 149 0.00091369
6 148 7 148 0.01529690
22 135 22 135 0.04070790
13 143 13 143 0.05684810
13 32 13 30 0.00062381
31 63 31 62 0.00146848
31 63 30 61 0.00306160
4 151 4 151 0.19313400
55 63 55 63 0.03776260
8 156 8 156 0.02175630
8 147 8 147 0.27764900
8 157 8 157 0.08456900
10 155 10 155 0.04427270
10 145 10 145 0.18674000
2 157 2 157 0.06231000
2 153 2 153 0.24406600
37 57 36 55 0.09438910
37 57 34 57 0.00537033
37 57 35 56 0.01042450
37 57 37 54 0.23636100
81 88 81 88 0.18416100
81 86 81 86 0.13138500
81 86 81 85 0.00548609
1 155 1 155 0.07838210
3 152 4 152 0.00143707
3 151 4 151 0.00134400
3 156 4 156 0.00065510
12 34 12 31 0.00178638
12 33 12 30 0.00223529
12 33 12 31 0.00656733
12 144 12 144 0.68152400
35 59 34 57 0.07257910
35 59 34 58 0.00059051
35 59 34 59 0.02139980
35 59 35 56 0.23203700
35 59 35 57 0.00193250
35 59 35 58 0.00319946
18 27 18 27 0.15297700
18 22 18 22 0.11507100
132 147 132 147 0.01394910
11 145 11 145 0.06236940
11 35 11 32 0.00116784
53 64 53 64 0.03530830
135 142 135 142 0.12496900
135 147 135 147 0.00410804
41 54 39 52 0.03477950
41 53 38 53 0.00362997
41 53 39 52 0.00540678
41 53 40 51 0.03218350
41 53 41 50 0.11077700
42 53 40 51 0.07465020
42 53 41 50 0.00057228
32 61 30 61 0.00151520
32 61 32 61 0.33722200
45 49 43 47 0.09983380
133 146 133 146 0.07538930
133 149 133 149 0.00490065
19 26 19 26 0.45135000
5 149 6 149 0.00476343
30 64 30 61 0.00698599
82 87 81 86 0.01682020
44 51 42 49 0.10996500
44 49 43 47 0.00054401
44 50 43 47 0.00089499
23 134 23 134 0.04499270
40 54 38 53 0.01062710
40 54 37 54 0.00605016
40 54 39 52 0.06606160
40 54 40 51 0.23414200
38 56 36 55 0.01727710
38 56 38 53 0.21729000
38 56 35 56 0.00391522
38 56 37 54 0.09488710
139 144 139 144 0.13844600
39 55 36 55 0.00394791
39 55 39 52 0.15198900
39 55 37 54 0.01098480
39 55 38 53 0.09431140
52 65 52 65 0.03729900
75 91 74 91 0.00745523
75 91 75 90 0.11600200
9 156 9 156 0.06265510
9 146 9 146 0.62848900
56 62 56 62 0.03894120
79 89 78 88 0.00085433
43 52 42 49 0.00135207
43 52 41 50 0.10941700
34 60 34 58 0.00163937
34 60 34 57 0.09743840
34 60 34 59 0.00245332
17 28 17 28 0.10861000
17 23 17 23 0.07025660
134 143 134 143 0.08837210
134 145 134 145 0.03224340
