4 9 4 9 0.25971900
22 27 22 27 0.03558070
22 29 22 29 0.08794760
22 59 22 59 0.02682850
22 28 22 28 0.06248020
22 63 22 63 0.10098300
12 39 12 39 0.02487810
25 59 25 59 0.13445300
23 62 23 62 0.32522200
116 132 116 132 0.33178100
6 50 6 50 0.00054070
36 43 36 43 0.03202910
30 54 30 53 0.00163317
30 54 30 54 0.13324200
39 44 39 44 0.16604200
117 131 117 131 0.23865600
72 77 72 77 0.35885400
35 44 35 44 0.04418000
13 38 13 38 0.05100340
27 57 27 57 0.15298900
15 36 15 36 0.06228190
68 81 68 81 0.27275900
3 10 3 10 0.35873200
37 44 37 44 0.17405800
99 149 99 149 0.32883600
71 78 71 78 0.76836700
98 150 98 150 0.23866200
2 11 2 11 0.96297200
29 55 29 54 0.00154464
21 30 21 30 0.07734360
21 31 20 31 0.00055109
21 60 21 60 0.02966100
21 29 21 29 0.03815290
21 28 21 28 0.02136580
38 43 38 43 0.24155700
14 37 14 37 0.04293340
70 79 70 79 0.92162300
66 82 67 82 0.00114005
96 152 96 152 0.25986000
97 151 97 151 0.96006600
