134 134 0.29434700
12 12 0.92790100
68 68 0.39210700
107 107 0.94521700
77 77 0.71058900
37 37 0.84383000
149 149 0.89243100
123 123 0.65922200
21 21 0.34242400
101 101 0.88629700
55 55 0.81192200
128 128 0.30206200
4 4 0.61150200
127 127 0.28173900
40 40 0.99286000
138 138 0.97499200
70 70 0.38826500
111 111 0.70243600
28 28 0.73340200
61 61 0.55703300
71 71 0.82971700
153 153 0.36509600
35 35 0.71559400
156 156 0.98359600
2 2 0.71637300
18 18 0.35528700
16 16 0.47425200
33 33 0.91900500
6 6 0.55901300
79 79 0.39527200
45 45 0.39473000
158 158 0.94068300
63 63 0.49016700
54 54 0.52507700
14 14 0.83418300
98 98 0.29546200
47 47 0.99991500
62 62 0.62910300
34 34 0.93147300
112 112 0.59859700
60 60 0.28487200
115 115 0.49087000
26 26 0.79900300
133 133 0.39115400
105 105 0.31949500
64 64 0.56261300
7 7 0.46103000
103 103 0.41111800
59 59 0.77812800
109 109 0.39619500
44 44 0.29546300
114 114 0.67038100
145 145 0.40194000
13 13 0.55119100
91 91 0.39492300
142 142 0.33643400
48 48 0.29315700
136 136 0.29368500
144 144 0.30265700
8 8 0.45279000
10 10 0.63601600
9 9 0.92885900
56 56 0.75428800
116 116 0.44048200
19 19 0.91552700
81 81 0.28954700
25 25 0.77992000
58 58 0.91249700
52 52 0.39492300
110 110 0.46185500
32 32 0.93674200
11 11 0.75592100
102 102 0.49226100
42 42 0.47666000
159 159 0.94642900
118 118 0.53442300
1 1 0.98140100
38 38 0.91802400
15 15 0.86836000
113 113 0.53867100
106 106 0.31674100
82 82 0.25295500
31 31 0.97336900
75 75 0.95213100
46 46 0.39484700
97 97 0.39473100
50 50 0.29042200
150 150 0.36651100
5 5 0.45908100
140 140 0.95858200
99 99 0.32740900
27 27 0.77416200
92 92 0.29042400
80 80 0.39430100
73 73 0.99786900
95 95 0.29315700
148 148 0.32462900
78 78 0.26824700
157 157 0.93152400
89 89 0.23750100
135 135 0.28907500
3 3 0.87075300
151 151 0.32130200
126 126 0.28576400
93 93 0.29042300
66 66 0.42509000
130 130 0.30810200
143 143 0.31199200
36 36 0.16153400
41 41 0.99225400
117 117 0.85529900
131 131 0.32887900
72 72 0.49967200
139 139 0.97954500
122 122 0.79499300
96 96 0.39484800
108 108 0.34876800
76 76 0.78901100
125 125 0.40947800
51 51 0.29042300
69 69 0.39316600
90 90 0.39104000
132 132 0.32466700
86 86 0.83693100
152 152 0.29085800
20 20 0.91765900
100 100 0.51228000
146 146 0.33039600
85 85 0.42582700
29 29 0.73210300
74 74 0.99786800
49 49 0.29041700
23 23 0.41245000
53 53 0.40087200
141 141 0.98464900
155 155 0.67722500
65 65 0.51557100
147 147 0.33226700
124 124 0.46393000
24 24 0.44292500
154 154 0.40470300
119 119 0.73706600
43 43 0.32741000
22 22 0.31047300
67 67 0.28705600
121 121 0.58029000
129 129 0.96397400
30 30 0.96818900
17 17 0.47213800
94 94 0.29041800
120 120 0.67944100
57 57 0.85672100
83 83 0.35025600
137 137 0.97499600
84 84 0.42023100
87 87 0.43078500
104 104 0.42525500
39 39 0.99297900
88 88 0.43360100
