50 50 0.51689600
97 100 0.99980000
75 74 0.00097359
75 78 0.00071278
75 75 0.98886500
75 76 0.00091095
46 46 0.74893600
31 31 0.44351500
82 85 0.00113870
82 82 0.02021990
82 84 0.00157650
78 81 0.00071718
78 78 0.38816700
148 152 0.00080340
148 151 0.99835300
73 73 0.98986500
73 76 0.00071219
95 98 0.99982200
92 95 0.99893100
99 102 0.99946800
27 27 0.99883700
80 80 0.00863805
80 83 0.00074681
5 5 0.99996900
150 153 0.99895600
150 154 0.00093395
140 143 0.99780300
140 144 0.00182955
117 122 0.00123621
117 120 0.99737100
117 119 0.00053001
41 41 0.99980500
143 147 0.00410485
143 146 0.99488500
143 145 0.00082017
36 36 0.99982200
151 154 0.99872000
151 155 0.00111600
126 128 0.00069818
126 129 0.99878000
130 133 0.99994000
93 96 0.74884800
66 69 0.00068581
66 66 0.02243620
135 138 0.99972200
89 92 0.15690000
89 91 0.00433534
89 90 0.00061194
3 3 0.99980800
69 69 0.99158300
96 99 0.99981900
51 51 0.16249700
108 111 0.99690900
108 112 0.00074141
108 110 0.00117257
125 127 0.00077935
125 128 0.99855900
76 75 0.00053072
76 79 0.00071540
76 76 0.82581800
139 142 0.99792700
139 143 0.00168907
122 125 0.99848200
131 134 0.99971800
72 72 0.03122840
146 150 0.00221794
146 149 0.99682100
20 20 0.99895100
100 103 0.99753100
100 104 0.00204647
74 75 0.00088959
74 73 0.00057332
74 77 0.00071233
74 74 0.98899000
29 29 0.73968200
85 88 0.01657980
85 85 0.08879700
85 86 0.00299209
85 87 0.01159280
132 135 0.99902300
152 155 0.99705700
152 156 0.00238458
86 89 0.02844530
86 87 0.02389890
86 86 0.00994395
86 88 0.01348260
90 92 0.00204141
90 93 0.51474200
65 65 0.20104300
65 68 0.00057297
141 145 0.00195887
141 144 0.99760800
155 157 0.00068024
155 159 0.00255462
155 158 0.99590000
147 150 0.99757600
147 151 0.00151617
53 53 0.99819800
23 23 0.73942100
49 49 0.52456900
17 16 0.00374760
17 17 0.99488800
120 123 0.99770000
94 97 0.99977800
121 124 0.99792400
30 30 0.64102200
129 132 0.99991600
43 43 0.99946200
22 22 0.64046000
67 67 0.29009700
67 70 0.00070530
154 156 0.00106162
154 157 0.99497400
154 158 0.00309241
124 127 0.99792500
124 126 0.00064089
24 24 0.99887400
119 122 0.99791600
119 124 0.00091247
88 89 0.00102629
88 90 0.05771840
88 88 0.00203046
88 91 0.57583000
104 108 0.00908496
104 107 0.98308200
104 106 0.00338051
87 88 0.00058073
87 90 0.05032470
87 87 0.00605357
87 89 0.09468590
84 87 0.00553529
84 84 0.76114900
84 86 0.16089700
84 85 0.00465408
39 39 0.99929900
137 140 0.99976100
57 57 0.99520700
83 86 0.00221238
83 85 0.00691200
83 83 0.06460900
83 84 0.00067652
55 55 0.99641500
21 21 0.47590800
101 104 0.99556900
101 105 0.00375828
128 131 0.99963900
123 126 0.99789200
123 127 0.00056909
77 80 0.00071627
77 77 0.19486000
107 109 0.00120018
107 111 0.00112625
107 110 0.99658700
37 37 0.99970900
149 152 0.99910800
149 153 0.00074237
12 12 0.99967800
68 68 0.00858597
134 137 0.99923400
153 157 0.00356738
153 156 0.99510400
71 71 0.57348400
35 35 0.89333300
28 28 0.99896700
61 61 0.18101200
111 116 0.00087360
111 115 0.00053764
111 114 0.99768800
138 141 0.99948100
40 40 0.99977200
70 70 0.80597100
4 4 0.99988400
127 130 0.99936500
18 18 0.99518000
18 17 0.00366411
16 15 0.00062558
16 16 0.99543000
33 33 0.99992600
156 159 0.99711800
2 2 0.99969200
47 47 0.99976800
62 62 0.02641270
14 14 0.88846100
98 101 0.99976500
63 63 0.11348200
63 66 0.00053302
54 54 0.99736800
6 6 0.83763700
79 79 0.99104100
79 82 0.00071852
45 45 0.99962400
13 13 0.99955000
145 148 0.99608800
145 149 0.00290915
142 146 0.00297800
142 145 0.99604200
91 93 0.00080912
91 94 0.52398600
103 105 0.00252216
103 107 0.01276860
103 106 0.98288500
7 7 0.92203400
114 119 0.00126436
114 117 0.99748000
44 44 0.99964700
59 59 0.98168800
59 58 0.00092464
109 113 0.00065160
109 111 0.00079549
109 112 0.99767900
133 135 0.00067126
133 136 0.99894500
26 26 0.99891500
60 60 0.97388200
60 59 0.00120069
112 115 0.99766700
112 117 0.00099158
115 118 0.99731900
115 120 0.00127801
105 107 0.00266112
105 108 0.98747700
105 109 0.00534404
64 64 0.80650100
64 67 0.00053742
34 34 0.99993400
116 121 0.00123519
116 119 0.99757200
56 56 0.99590200
19 19 0.99850100
19 18 0.00050199
81 84 0.00080172
81 81 0.28994800
9 9 0.99997700
10 10 0.99996400
8 8 0.99997500
48 48 0.99832800
136 139 0.99978900
144 148 0.00358961
144 146 0.00054329
144 147 0.99509400
32 32 0.99993800
11 11 0.82692000
52 52 0.65590000
110 113 0.99807200
110 114 0.00071099
58 58 0.93464900
58 57 0.00069738
25 25 0.99894400
106 110 0.00153045
106 109 0.99202300
106 108 0.00191391
15 15 0.90321300
113 116 0.99774700
113 118 0.00112968
118 121 0.99755600
118 123 0.00119366
1 1 0.99979200
38 39 0.00050917
38 38 0.99927300
42 42 0.99950900
102 105 0.98517300
102 106 0.01187420
