38 38 0.98208900
38 39 0.00053749
38 42 0.00559250
1 1 0.99976000
118 123 0.00099560
118 121 0.99770300
42 45 0.00073790
42 46 0.01599730
42 42 0.98198800
102 106 0.01180730
102 105 0.98501600
106 110 0.00148801
106 106 0.00053227
106 109 0.99193800
106 108 0.00190909
113 116 0.99780800
113 118 0.00094422
113 113 0.00053860
15 15 0.84340900
110 114 0.00068115
110 113 0.99801900
110 110 0.00054034
52 53 0.00152941
52 56 0.00228219
52 55 0.03677210
52 54 0.00123934
52 52 0.95586100
58 60 0.01509270
58 61 0.69752100
58 58 0.24941000
58 59 0.02065850
25 25 0.98440900
11 11 0.82969000
32 32 0.98279100
10 10 0.93765200
8 8 0.99997100
144 148 0.00358961
144 147 0.99509900
144 146 0.00054329
136 139 0.99979400
48 52 0.00551116
48 50 0.00107661
48 48 0.97561400
48 51 0.01286500
48 49 0.00430331
81 84 0.99372700
19 19 0.98141000
19 18 0.00050640
116 119 0.99769000
116 121 0.00103841
56 56 0.54174000
56 60 0.00129587
56 57 0.01312420
56 58 0.01985720
56 59 0.41818500
9 9 0.99997300
105 107 0.00265590
105 109 0.00529124
105 108 0.98739000
64 67 0.97773900
64 66 0.00143427
64 64 0.00169187
64 65 0.01333490
133 136 0.99894900
133 135 0.00067136
26 26 0.98438000
112 117 0.00082822
112 115 0.99770300
112 112 0.00053868
115 118 0.99743100
115 115 0.00053961
115 120 0.00107354
60 62 0.00584203
60 63 0.08671950
60 60 0.13178300
60 61 0.00205392
34 34 0.98278500
142 145 0.99604700
142 146 0.00297800
91 94 0.99936800
13 13 0.98229300
145 149 0.00290915
145 148 0.99609200
44 48 0.01306520
44 44 0.98182100
44 43 0.00050621
44 47 0.00175066
114 117 0.99757100
114 119 0.00105651
114 114 0.00054115
59 60 0.01050730
59 62 0.39727800
59 61 0.02064190
59 59 0.22947700
109 111 0.00079159
109 109 0.00053968
109 113 0.00062398
109 112 0.99761400
103 107 0.01269700
103 106 0.98278600
103 105 0.00251030
7 7 0.93110200
54 57 0.03389770
54 58 0.00112736
54 55 0.00834488
54 54 0.51253500
54 56 0.02803760
63 64 0.01385390
63 66 0.97755000
63 63 0.00169582
63 65 0.00124122
79 82 0.99338700
45 45 0.98157600
45 49 0.01057500
45 44 0.00053780
45 48 0.00429916
6 6 0.85115100
62 62 0.00189080
62 65 0.03568610
62 63 0.01042410
47 50 0.00899493
47 47 0.98112400
47 51 0.00589116
47 48 0.00107563
14 14 0.88391400
98 101 0.99946300
156 159 0.99711800
2 2 0.99962800
33 33 0.98277800
16 15 0.00058343
16 16 0.97829800
18 17 0.00369787
18 18 0.97806300
70 73 0.99256400
40 44 0.01689010
40 40 0.98256800
138 141 0.99948600
127 130 0.99938000
4 4 0.99984700
35 35 0.88868500
71 74 0.99258600
153 156 0.99510400
153 157 0.00356733
28 28 0.98443100
61 62 0.00071273
61 64 0.03968020
61 61 0.00604681
111 111 0.00054026
111 114 0.99770300
111 115 0.00052500
111 116 0.00072978
149 153 0.00074237
149 152 0.99911300
37 37 0.98254600
77 80 0.99354400
107 107 0.00054355
107 110 0.99650500
107 111 0.00109220
107 109 0.00119552
12 12 0.98249700
68 71 0.99215500
134 137 0.99923800
128 131 0.99965000
55 59 0.00122101
55 58 0.38585000
55 57 0.02442750
55 55 0.41882200
55 56 0.01386940
101 105 0.00373329
101 104 0.99530800
21 21 0.46611900
123 127 0.00055620
123 126 0.99792100
137 140 0.99976600
83 86 0.99408100
57 58 0.01871050
57 61 0.00053973
57 59 0.01759700
57 57 0.34369600
57 60 0.60168200
88 90 0.00059545
88 91 0.99842900
39 43 0.00895908
39 39 0.98210800
104 108 0.00902312
104 107 0.98299400
104 106 0.00336992
87 89 0.00103318
87 90 0.99473400
84 84 0.00070882
84 87 0.99427300
22 22 0.63152900
67 70 0.99219600
43 43 0.98173800
43 47 0.01549060
43 46 0.00118924
119 124 0.00076505
119 122 0.99807200
154 158 0.00309236
154 156 0.00106162
154 157 0.99497400
124 126 0.00061759
124 127 0.99796300
24 24 0.98433900
94 97 0.99950700
120 123 0.99790400
17 16 0.00365062
17 17 0.97776700
129 132 0.99992100
30 30 0.63206900
121 124 0.99804600
49 49 0.97487000
49 51 0.00117843
49 53 0.00513637
49 50 0.00464857
49 52 0.01357380
147 151 0.00151617
147 150 0.99758100
65 68 0.98094900
65 65 0.00094157
65 67 0.00090149
65 66 0.01074710
155 159 0.00255459
155 158 0.99590000
155 157 0.00068024
141 144 0.99761200
141 145 0.00195886
23 23 0.72805000
53 57 0.00104357
53 53 0.89583600
53 54 0.00251053
53 56 0.09482920
53 55 0.00415246
86 89 0.99462800
152 156 0.00238453
152 155 0.99705700
132 135 0.99902700
90 93 0.99924200
29 29 0.72830600
85 88 0.99445000
85 85 0.00052323
74 77 0.21390200
146 150 0.00221795
146 149 0.99682600
100 104 0.00203028
100 103 0.99725000
20 20 0.98186300
122 125 0.99851500
139 142 0.99793200
139 143 0.00168907
72 75 0.99256400
131 134 0.99972300
69 72 0.99252800
51 53 0.00053891
51 51 0.96501200
51 55 0.00443436
51 52 0.00166402
51 54 0.02776480
76 79 0.99349300
125 127 0.00076763
125 128 0.99859500
108 108 0.00054132
108 111 0.99683900
108 112 0.00071334
108 110 0.00116876
96 99 0.99951400
130 133 0.99994400
66 69 0.99061200
66 67 0.00122182
66 68 0.00099689
93 96 0.99946000
126 128 0.00069026
126 129 0.99880700
151 155 0.00111595
151 154 0.99872300
3 3 0.99964700
135 138 0.99972600
89 92 0.99905300
117 122 0.00103431
117 120 0.99750600
117 119 0.00051364
41 41 0.98255600
41 45 0.01642620
143 147 0.00410486
143 146 0.99489000
143 145 0.00082018
36 36 0.98266500
80 83 0.99346200
92 95 0.99948800
99 102 0.99917200
27 27 0.98430300
140 144 0.00182955
140 143 0.99780700
5 5 0.99996300
150 154 0.00093395
150 153 0.99896100
78 81 0.99352900
148 151 0.99835800
148 152 0.00080340
95 98 0.99951800
73 76 0.14071200
31 31 0.43731200
82 85 0.99385600
50 51 0.00460003
50 53 0.01596240
50 50 0.97318200
50 52 0.00086562
50 54 0.00479230
97 100 0.99949400
46 50 0.00838287
46 49 0.00673195
46 46 0.98178300
75 78 0.23668600
