15 15 0.99513500
16 16 0.99672800
71 71 0.29316200
131 131 0.53514800
45 45 0.45667600
38 38 0.99986900
26 26 0.99905300
150 150 0.98986700
81 81 0.97957000
159 159 0.99981800
48 48 0.99912800
13 13 0.99509600
12 12 0.99497200
22 22 0.99829200
23 23 0.99831200
25 25 0.92304700
149 149 0.98986800
136 136 0.99543900
24 24 0.54833700
4 4 0.99817000
47 47 0.56742700
132 132 0.99235700
82 82 0.98733200
121 121 0.89215400
93 93 0.99940800
106 106 0.71627300
141 141 0.08464690
122 122 0.93527500
50 50 0.98660100
115 115 0.91674500
115 114 0.00080109
130 130 0.78899600
80 80 0.96856800
55 55 0.96781400
2 2 0.52535600
73 73 0.34806800
108 108 0.63267600
89 89 0.99978300
119 119 0.99663500
5 5 0.99796800
35 35 0.45159600
135 135 0.83794000
79 79 0.85742900
53 53 0.96782300
56 56 0.42273000
40 40 0.99979600
146 146 0.98926800
112 112 0.99731800
64 64 0.99963700
11 11 0.99507400
129 129 0.12557300
157 157 0.44606200
83 83 0.99980300
158 158 0.09145150
67 67 0.99962300
7 8 0.00146545
7 7 0.32002200
94 94 0.99960500
107 107 0.47657300
41 41 0.99977900
74 74 0.45124100
44 44 0.99985800
42 42 0.99976500
69 69 0.12566400
144 144 0.33309600
116 116 0.91074100
86 86 0.99977500
142 142 0.44379900
92 92 0.99944200
102 102 0.99647800
102 101 0.00127144
97 97 0.99961400
52 52 0.96782700
109 109 0.72894500
29 29 0.99895600
20 20 0.99804100
28 28 0.99905800
72 72 0.29450300
9 9 0.99504200
84 84 0.99966800
125 125 0.72435800
60 60 0.29450300
128 128 0.84237400
66 66 0.99948100
91 91 0.99966900
37 37 0.99985200
36 36 0.45667400
17 17 0.55270500
103 103 0.99659000
103 102 0.00052211
145 145 0.33519500
3 3 0.99813900
85 85 0.99973800
140 140 0.99310900
87 87 0.99981100
147 147 0.42909000
143 143 0.37856400
6 6 0.99672700
6 7 0.00141798
63 63 0.12567400
30 30 0.99904200
126 126 0.45879500
54 54 0.96778800
139 139 0.60428000
154 154 0.34462800
49 49 0.99912900
57 57 0.08985620
160 160 0.54589300
110 110 0.91702500
59 59 0.34806700
61 61 0.29316100
43 43 0.99984400
18 18 0.32260800
21 21 0.99817300
51 51 0.97882600
113 113 0.99807100
148 148 0.98987200
27 27 0.99896500
100 100 0.99810300
100 99 0.00106308
14 14 0.99518900
96 96 0.99955700
75 75 0.08986270
127 127 0.66333500
153 153 0.99856800
95 95 0.99964200
151 151 0.98984300
10 10 0.99514100
156 156 0.38252900
152 152 0.43567700
133 133 0.99250300
46 46 0.45159800
124 124 0.81988000
70 70 0.06828480
78 78 0.10236500
62 62 0.06829100
34 34 0.56741700
8 9 0.00112946
8 8 0.55080500
99 99 0.99833000
104 104 0.98301700
32 32 0.99908300
118 118 0.99798600
111 111 0.99749800
155 155 0.34283700
88 88 0.99981200
138 138 0.92827700
117 117 0.99955800
105 105 0.98300800
33 33 0.99902700
68 68 0.99987500
77 77 0.78189200
98 98 0.99951400
31 31 0.99908700
120 120 0.99656800
114 114 0.99855300
114 113 0.00117410
1 1 0.99991000
19 19 0.99789200
101 101 0.99791600
101 100 0.00113466
134 134 0.99830900
65 65 0.99948600
39 39 0.99983000
123 123 0.99196100
137 137 0.68174100
76 76 0.51310600
90 90 0.99970600
58 58 0.45124300
