130 152 128 153 0.00072587
130 152 129 153 0.00094122
139 144 136 144 0.00070961
34 43 34 42 0.17221300
34 43 34 41 0.65264000
18 25 18 25 0.16592000
18 116 18 116 0.04999500
14 64 14 63 0.00642851
75 95 74 95 0.00094928
75 95 75 95 0.21247200
56 65 56 65 0.00399242
17 126 17 127 0.00519065
17 26 17 26 0.10927600
62 110 62 110 0.06193340
109 125 109 125 0.16765100
32 46 32 44 0.96970300
28 50 28 48 0.85598800
28 51 28 49 0.00569085
82 88 82 88 0.97458000
31 47 31 45 0.59794200
12 17 12 17 0.02483370
12 119 12 119 0.18288400
11 120 11 120 0.25907300
11 18 11 18 0.02172920
19 57 19 57 0.01222140
19 24 19 24 0.14271500
3 128 3 129 0.15031500
3 9 3 9 0.00805599
36 41 36 41 0.05210480
69 102 68 102 0.01106100
69 102 69 101 0.00700858
6 128 6 129 0.23616400
6 128 6 128 0.06259620
6 139 6 139 0.00677677
6 138 6 139 0.00670483
67 104 66 104 0.01107680
67 104 67 103 0.01740950
27 51 27 49 0.60426000
1 127 1 128 0.08068430
129 153 129 153 0.17615200
129 153 128 154 0.00096801
111 122 111 122 0.09548080
2 10 2 10 0.00757011
2 129 2 130 0.25285000
2 126 2 127 0.00600989
63 109 63 109 0.12843600
72 99 72 98 0.00092226
72 99 71 99 0.00242111
72 98 71 98 0.00199564
72 98 72 98 0.25084400
72 98 72 97 0.00072695
64 108 64 108 0.15194200
77 93 77 93 0.67970600
7 127 7 128 0.58541500
7 125 7 125 0.09620490
7 123 7 123 0.04635010
133 149 133 147 0.00111008
54 63 52 62 0.02161450
54 63 54 63 0.00059797
80 90 80 90 0.43698500
137 146 134 146 0.00099933
81 89 81 89 0.32885800
132 150 132 148 0.00063907
83 87 83 87 0.32445900
53 60 52 59 0.00073638
53 60 51 60 0.76578900
53 64 51 63 0.02403120
134 148 134 146 0.00106197
58 63 58 63 0.00298098
10 121 10 121 0.28691800
55 62 53 61 0.02946330
30 48 30 46 0.87012400
33 44 33 42 0.37308500
52 61 50 61 0.43159200
135 147 135 145 0.00057547
29 49 29 47 0.69357700
5 128 5 128 0.01504550
5 128 5 129 0.04069220
5 139 5 140 0.00779349
5 140 5 140 0.01729910
68 103 67 103 0.01216530
68 103 68 102 0.00679486
113 120 113 120 0.16332700
113 122 113 122 0.01722670
65 107 65 107 0.33558400
65 107 65 106 0.00235620
65 107 64 107 0.00843322
35 42 35 41 0.08901050
20 56 20 56 0.01239710
20 57 20 56 0.00104272
138 145 135 145 0.00099069
66 105 66 104 0.00423280
66 105 66 105 0.09243050
66 105 65 105 0.01041160
16 61 16 61 0.49025000
21 56 21 55 0.00141585
8 126 8 127 0.27280600
8 126 8 126 0.09041870
8 15 8 15 0.03357810
8 124 8 124 0.05929850
8 122 8 122 0.01205000
15 62 15 62 0.14009100
15 128 15 128 0.00194814
15 24 15 24 0.01318950
9 122 9 122 0.23275700
76 94 75 94 0.00085644
107 126 107 127 0.01488510
112 121 112 121 0.15090500
112 123 112 123 0.04422620
71 99 71 98 0.00085540
71 99 71 99 0.23527700
57 64 57 64 0.00265737
110 123 110 123 0.29276100
70 101 69 101 0.02528260
70 101 70 100 0.00658199
136 147 133 147 0.00058169
