4 88 4 90 0.00070316
4 12 4 12 0.02981060
4 86 5 84 0.00107138
4 86 4 85 0.02808470
4 153 4 153 0.16956400
4 94 4 92 0.12491700
4 94 4 93 0.00262353
9 149 9 149 0.00194540
9 90 9 88 0.00226607
9 88 9 86 0.02057140
9 88 9 88 0.06032150
9 22 11 22 0.00148673
9 22 10 23 0.00068154
9 23 9 23 0.09775340
9 23 10 23 0.00061068
98 111 99 111 0.00644135
98 111 95 111 0.00093503
98 111 96 110 0.00422713
98 111 96 111 0.37907200
92 107 94 108 0.00308919
45 50 45 50 0.80894800
10 81 9 80 0.00073697
10 81 10 79 0.05323800
10 21 10 22 0.00050541
10 21 12 21 0.00433662
10 21 11 22 0.00416816
93 108 94 108 0.00128889
93 106 95 107 0.00378797
101 107 100 107 0.00096981
101 107 100 106 0.00781781
101 107 99 107 0.37002200
101 109 99 107 0.11477400
102 106 101 105 0.00813130
102 106 100 106 0.12005000
102 108 100 106 0.03877110
102 108 103 108 0.00649016
95 104 97 105 0.00419506
6 10 6 10 0.16005400
6 92 6 91 0.00119872
6 84 7 82 0.00138977
6 84 6 83 0.57274800
44 51 44 51 0.14179400
3 154 3 154 0.18218500
3 152 3 152 0.07785280
3 95 4 93 0.00061279
88 93 86 91 0.03811390
7 151 7 151 0.01059920
7 86 7 88 0.00057332
7 83 8 81 0.00169983
7 83 7 82 0.37841500
7 25 7 25 0.01224440
7 90 7 88 0.00785400
7 90 7 90 0.06372240
7 92 7 90 0.02166300
7 148 7 148 0.00794761
12 19 14 19 0.00616510
12 19 13 20 0.00521917
5 89 5 89 0.10316500
5 89 5 91 0.00132023
5 85 6 83 0.00116586
5 85 5 84 0.11170300
5 87 5 89 0.00150163
5 93 5 91 0.40640200
5 11 5 11 0.09661240
11 20 13 20 0.00648625
11 20 12 21 0.00519535
11 80 11 78 0.04772050
11 80 10 79 0.00074614
11 79 11 78 0.06476170
99 110 100 110 0.00090662
99 110 99 110 0.03690790
100 108 98 108 0.37307600
100 108 99 107 0.00244684
100 108 101 108 0.00366488
100 110 100 110 0.03570290
100 110 98 108 0.10313200
8 82 9 80 0.00162377
8 82 8 81 0.39263000
8 150 8 150 0.00354606
8 147 8 147 0.00213509
8 85 8 87 0.00082667
8 91 8 89 0.00338962
8 89 8 89 0.10565600
8 89 8 87 0.04458000
8 24 8 24 0.03868180
87 92 86 91 0.01532500
94 105 96 106 0.00466301
94 107 95 107 0.00134778
