110 147 110 147 0.79495200
24 74 24 74 0.64727000
5 85 5 85 0.00751013
5 93 5 93 0.74985500
31 66 31 66 0.92999100
22 85 22 85 0.00063930
22 75 22 75 0.38190800
46 52 46 52 0.65250600
12 85 12 85 0.52152700
117 140 117 140 0.46768600
21 77 21 77 0.06361310
21 76 21 76 0.32872500
21 74 21 74 0.03349290
21 86 21 86 0.00060520
11 86 11 86 0.47503900
11 18 11 18 0.01826440
113 144 113 144 0.67623000
3 95 3 95 0.32880300
3 154 3 154 0.05522180
3 87 3 87 0.00172553
119 138 119 138 0.14214400
119 140 119 140 0.23851800
14 82 14 82 0.01490890
14 81 14 81 0.03126570
7 90 7 90 0.35269600
7 83 7 83 0.00249795
7 22 7 22 0.00117080
1 97 1 97 0.04903640
1 96 1 96 0.49141500
1 88 1 88 0.00062172
26 71 26 70 0.00061828
26 71 26 72 0.00614211
26 71 25 71 0.00126287
88 93 88 93 0.00351209
41 57 41 57 0.55301400
94 105 94 105 0.02757620
94 107 94 107 0.00971072
123 136 123 136 0.70957300
16 82 16 82 0.28616500
16 81 16 81 0.07241610
37 60 37 60 0.54669000
39 60 39 60 0.06389260
122 137 122 137 0.70957300
36 62 36 62 0.19884400
18 81 18 81 0.06103750
18 75 18 75 0.01523960
15 83 15 83 0.67619300
27 70 27 70 0.69170700
8 21 8 21 0.00509568
8 89 8 89 0.80028100
87 92 87 92 0.00360466
87 94 87 94 0.00144385
100 108 100 108 0.00977183
100 148 100 148 0.00848196
127 132 127 132 0.69984700
125 134 125 134 0.70957300
45 52 45 52 0.01240680
45 53 45 53 0.86774600
103 145 103 145 0.00168396
103 151 103 151 0.03995640
103 153 103 153 0.23514200
86 95 86 95 0.00074424
86 93 86 93 0.00129234
108 150 108 150 0.15513000
108 147 108 147 0.04920810
93 106 93 106 0.00942714
93 108 93 108 0.00336203
43 55 43 55 0.60342800
10 87 10 87 0.54362400
10 19 10 19 0.01064440
32 65 32 65 0.87507700
114 143 114 143 0.60507200
85 96 85 96 0.00066609
105 151 105 151 0.24965900
105 153 105 153 0.03732960
107 148 107 148 0.04363620
107 151 107 151 0.10044100
30 67 30 67 0.70122700
4 153 4 153 0.03444340
4 94 4 94 0.38614100
4 86 4 86 0.00255428
104 150 104 150 0.03419000
104 154 104 154 0.03542640
109 146 109 146 0.01836580
109 148 109 148 0.52505600
29 68 29 68 0.97963300
90 109 90 109 0.00212719
92 109 92 109 0.00120706
92 107 92 107 0.00502970
124 135 124 135 0.70957300
9 20 9 20 0.00698276
9 88 9 88 0.59175300
6 23 6 23 0.00061970
6 92 6 92 0.51475000
6 84 6 84 0.00622496
13 82 13 82 0.04638660
13 85 13 85 0.02916820
95 104 95 104 0.06474000
17 82 17 82 0.03957740
17 81 17 81 0.27213100
44 54 44 54 0.60345800
91 108 91 108 0.00517387
112 147 112 147 0.04395240
112 144 112 144 0.02986900
20 75 20 75 0.09677170
20 87 20 87 0.00079099
126 133 126 133 0.60507200
97 103 97 103 0.06036070
19 74 19 74 0.00537329
19 79 19 79 0.11397000
19 76 19 76 0.11515600
19 77 19 77 0.05796230
19 78 19 78 0.21045000
116 141 116 141 0.99017700
101 147 101 147 0.00619974
101 154 101 154 0.06953340
101 107 101 107 0.01229340
118 140 118 140 0.04880210
106 150 106 150 0.27527100
33 64 33 64 0.92999200
34 63 34 63 0.69844900
25 72 25 71 0.00074562
25 72 25 73 0.00391101
25 72 24 72 0.00152314
23 75 23 75 0.12919300
102 146 102 146 0.00161802
102 153 102 153 0.05809580
115 142 115 142 0.60507200
28 69 28 69 0.69944300
121 138 121 138 0.51769600
