81 153 81 153 0.00075815
94 108 94 107 0.00070356
8 87 8 87 0.54908700
27 31 27 31 0.09795290
127 152 127 152 0.12236500
99 113 99 113 0.01736880
82 152 82 152 0.00051778
135 143 135 143 0.49999000
110 114 110 114 0.00424920
110 125 111 125 0.00194667
132 146 132 146 0.38698000
7 88 7 88 0.54751800
134 144 134 144 0.75024500
26 32 26 32 0.72291500
84 127 84 127 0.00983780
113 123 113 123 0.43033900
91 153 91 153 0.09251480
111 125 111 125 0.88472000
133 145 133 145 0.38697900
6 83 6 83 0.08652340
6 89 6 89 0.83815400
95 119 95 119 0.00782730
115 121 115 121 0.32073300
120 127 120 127 0.01703800
121 126 121 126 0.01970120
97 115 97 115 0.01078130
126 153 126 153 0.12993100
131 147 131 147 0.97387800
10 79 10 79 0.41366900
114 122 114 122 0.37457900
114 121 114 121 0.04351210
103 108 103 109 0.00093944
103 108 104 109 0.00153798
136 142 136 142 0.74263200
86 91 86 91 0.00933201
92 120 92 120 0.00332575
92 152 92 152 0.05459450
96 118 96 118 0.00725045
9 86 9 86 0.17122400
9 80 9 80 0.10707500
105 109 104 109 0.00148623
85 126 85 126 0.01087260
109 115 109 115 0.00086209
109 126 110 126 0.00052044
104 110 103 110 0.00467678
104 110 104 110 0.77269600
4 92 4 92 0.09006490
4 85 4 85 0.00463573
