94 105 94 105 0.28935500
41 57 41 57 0.49988300
123 136 123 136 0.66224400
16 24 16 24 0.01163780
16 81 16 81 0.05600390
16 82 16 82 0.17178700
37 63 37 63 0.12201200
37 60 37 60 0.37901100
39 60 39 60 0.08169250
122 137 122 137 0.66224400
36 64 36 64 0.19433100
36 62 36 62 0.13666300
18 75 18 75 0.01924870
15 83 15 83 0.46812900
27 70 27 70 0.62877400
27 79 27 79 0.00903911
87 112 87 112 0.00200779
87 111 87 111 0.00389882
87 92 87 92 0.00652162
87 113 87 113 0.00114861
8 89 8 89 0.60681400
8 21 8 21 0.07295330
127 132 127 132 0.65170800
110 147 110 147 0.71477500
24 74 24 74 0.56127200
24 83 24 83 0.01788430
5 85 5 85 0.16965900
31 66 31 66 0.77738700
22 85 22 85 0.00419087
22 75 22 75 0.31257400
46 52 46 52 0.60821600
117 140 117 140 0.85151400
12 85 12 85 0.30761800
21 74 21 74 0.03560150
21 86 21 86 0.00330922
21 76 21 76 0.24595200
21 77 21 77 0.04751390
11 86 11 86 0.25921300
11 18 11 18 0.09230440
3 87 3 87 0.07673110
3 154 3 154 0.11573500
113 144 113 144 0.62610000
84 95 84 95 0.00055064
35 65 35 65 0.82376200
14 82 14 82 0.01319220
14 81 14 81 0.04234830
7 22 7 22 0.01735640
7 83 7 83 0.03697530
7 90 7 90 0.19957900
1 90 1 90 0.08107230
1 88 1 88 0.01022370
26 71 25 71 0.00089117
26 71 26 72 0.00426799
26 71 26 70 0.00050645
89 112 89 112 0.00711279
89 110 89 110 0.03284110
89 113 89 113 0.00114388
6 84 6 84 0.09568510
13 82 13 82 0.04929270
95 104 95 104 0.78144500
17 81 17 81 0.17656200
44 54 44 54 0.54815400
91 108 91 108 0.32906200
112 147 112 147 0.07277090
112 144 112 144 0.02798210
2 89 2 89 0.26352500
20 87 20 87 0.00381837
20 75 20 75 0.08829870
97 103 97 103 0.12209900
126 133 126 133 0.55146600
19 77 19 77 0.04451920
19 76 19 76 0.10103900
19 78 19 78 0.13858000
19 88 19 88 0.00157813
19 79 19 79 0.07330150
19 74 19 74 0.00775849
116 141 116 141 0.98786900
33 67 33 67 0.02205540
33 64 33 64 0.09017210
106 150 106 150 0.03102770
34 66 34 66 0.13765900
34 63 34 63 0.08647670
25 72 25 71 0.00056925
25 72 25 73 0.00247050
25 72 24 72 0.00113479
23 75 23 75 0.11128500
115 142 115 142 0.55312600
28 69 28 69 0.64206800
28 78 28 78 0.00403110
121 138 121 138 0.55147700
45 53 45 53 0.85233900
103 153 103 153 0.00496135
86 93 86 93 0.00143828
93 106 93 106 0.33677800
108 150 108 150 0.08060450
108 147 108 147 0.02564450
43 55 43 55 0.54812300
10 87 10 87 0.30575600
10 19 10 19 0.08066240
32 68 32 68 0.00215695
114 143 114 143 0.55312600
105 151 105 151 0.02189860
107 151 107 151 0.02745700
107 148 107 148 0.00776459
4 153 4 153 0.13110200
4 86 4 86 0.07829210
30 67 30 67 0.63164200
109 148 109 148 0.34504700
109 146 109 146 0.00986311
29 77 29 77 0.00095689
29 68 29 68 0.97100600
90 109 90 109 0.16504400
92 107 92 107 0.60820200
124 135 124 135 0.65925300
9 20 9 20 0.06906400
9 88 9 88 0.34914100
