44 56 44 55 0.01445064
36 47 36 47 0.00155183
18 39 19 39 0.00359648
18 41 19 41 0.01197078
5 14 5 16 0.00313941
15 43 15 42 0.00626337
15 43 16 43 0.02182918
39 60 39 60 0.01809250
39 45 39 44 0.00089597
39 62 39 62 0.03199397
25 32 25 32 0.41820012
3 17 4 17 0.00098485
3 17 3 18 0.02446866
3 16 3 18 0.00094365
3 16 4 17 0.00792216
118 125 120 126 0.00067940
118 126 118 126 0.02680093
22 35 22 35 0.28968954
22 27 22 27 0.00528121
42 57 42 56 0.02073763
41 60 41 60 0.03306196
26 31 26 31 0.27370229
35 46 35 46 0.00089039
38 61 38 61 0.01496338
38 46 38 46 0.00671288
1 19 1 20 0.01558409
1 19 2 19 0.00073584
23 34 23 34 0.29890010
46 54 46 54 0.20210576
46 54 46 53 0.01074911
46 54 45 54 0.01587588
40 61 40 61 0.02106628
40 59 40 59 0.01291031
40 46 40 46 0.00630125
40 47 40 47 0.00534255
119 125 120 126 0.00462767
119 126 120 126 0.00264550
14 44 14 43 0.00323193
120 125 121 125 0.00051468
120 125 120 126 0.00077856
120 125 120 125 0.16667743
45 55 45 54 0.02704768
45 55 44 55 0.01031035
47 53 47 53 0.11049344
47 53 47 52 0.01606741
47 53 46 53 0.00569271
37 64 37 64 0.19940533
37 46 37 46 0.00603371
37 47 37 47 0.00451126
19 37 20 37 0.01662451
19 40 20 40 0.00688402
19 40 19 39 0.00683647
19 38 20 38 0.00304566
34 47 34 47 0.00054454
4 15 4 17 0.00110101
4 15 5 16 0.01031354
6 13 7 13 0.00081310
6 13 7 14 0.00688722
6 13 6 14 0.02673683
6 13 6 13 0.24104169
7 12 7 13 0.02523981
7 12 7 14 0.00121272
2 18 3 18 0.00108683
2 18 2 19 0.02896159
20 39 20 38 0.00641120
20 39 21 39 0.00744262
20 29 21 29 0.00052529
