120 120 0.96420300
42 42 0.63948800
41 41 0.58409100
13 13 0.39101900
10 10 0.26247300
35 35 0.27065300
72 72 0.31567900
45 45 0.35074700
33 33 0.68907100
76 76 0.28795900
77 77 0.30065600
40 40 0.29639300
119 119 0.29482800
30 30 0.39399200
90 90 0.39066700
80 80 0.33695300
4 4 0.41538400
27 27 0.99959800
101 101 0.65959000
8 8 0.35693000
86 86 0.96118400
5 5 0.56543400
83 83 0.61310700
68 68 0.66950600
150 150 0.38835200
132 132 0.27692800
59 59 0.55088600
155 155 0.34936900
43 43 0.32778300
69 69 0.99624100
146 146 0.35784900
16 16 0.43441100
100 100 0.98607900
37 37 0.32849800
147 147 0.30998500
85 85 0.96118700
152 152 0.53140700
50 50 0.53433700
17 17 0.50174900
82 82 0.76365900
92 92 0.88560700
12 12 0.29469300
6 6 0.41965400
75 75 0.29618500
23 23 0.99962000
142 142 0.59820600
74 74 0.30302700
131 131 0.30598200
79 79 0.30207400
55 55 0.89200200
145 145 0.33162200
70 70 0.99587600
3 3 0.33171600
67 67 0.42692900
36 36 0.39693300
141 141 0.79961000
105 105 0.44949300
63 63 0.65358200
138 138 0.93482900
60 60 0.60334000
47 47 0.65363100
32 32 0.32698100
58 58 0.80547900
96 96 0.33654800
102 102 0.41504800
34 34 0.67990000
97 97 0.94490200
61 61 0.55665300
19 19 0.46308800
66 66 0.39474600
116 116 0.39900700
149 149 0.39219900
22 22 0.39455600
57 57 0.83620900
24 24 0.99961400
73 73 0.99630000
125 125 0.84407600
144 144 0.40865900
98 98 0.30583300
156 156 0.99353700
143 143 0.77289500
91 91 0.32755200
135 135 0.40225900
64 64 0.38494800
95 95 0.29570200
140 140 0.87001900
7 7 0.40579300
134 134 0.85769600
81 81 0.42642800
137 137 0.96579900
107 107 0.29481800
136 136 0.96579600
133 133 0.26752700
87 87 0.74195300
38 38 0.38258300
71 71 0.60645000
109 109 0.39795400
53 53 0.97009400
117 117 0.39795400
18 18 0.54036500
110 110 0.39900700
26 26 0.99958900
122 122 0.70226100
44 44 0.33752300
130 130 0.28373200
154 154 0.36977200
115 115 0.99927700
99 99 0.59674400
21 21 0.39399000
25 25 0.99959800
46 46 0.35749200
129 129 0.28478000
103 103 0.37864600
11 11 0.30821100
139 139 0.87802700
65 65 0.46117000
15 15 0.38436600
126 126 0.41216900
153 153 0.36388400
9 9 0.34628200
123 123 0.77227700
127 127 0.38797100
39 39 0.28452700
88 88 0.46318000
93 93 0.35537500
89 89 0.40577900
108 108 0.39532300
54 54 0.86703500
112 112 0.99926600
2 2 0.40134300
94 94 0.31488100
52 52 0.67268100
14 14 0.32356200
111 111 0.99926600
28 28 0.99961500
20 20 0.39256200
51 51 0.62423100
114 114 0.99927400
113 113 0.99927500
106 106 0.96415700
84 84 0.92152900
31 31 0.39256300
148 148 0.30493400
124 124 0.77287000
56 56 0.98410900
128 128 0.39027800
48 48 0.61245900
78 78 0.99806600
118 118 0.39532400
62 62 0.81218600
121 121 0.83909400
1 1 0.36121600
49 49 0.95356100
151 151 0.25916900
29 29 0.39455500
104 104 0.41200400
