76 78 0.02689859
76 87 0.01897233
76 81 0.00172370
76 83 0.01765360
76 82 0.38343352
76 84 0.00284402
76 79 0.07533688
76 76 0.00194668
76 86 0.00203191
141 152 0.52263624
132 143 0.96135218
121 131 0.04739447
121 132 0.43297405
81 83 0.00789291
81 87 0.35365027
81 92 0.00983580
81 86 0.00074816
81 84 0.16672315
81 88 0.00491636
81 89 0.01733560
81 90 0.00110650
49 55 0.00426636
49 47 0.00438209
49 50 0.01822197
49 57 0.00061225
49 51 0.28944925
49 53 0.03766332
49 49 0.05666735
49 48 0.07549580
49 56 0.00112753
49 54 0.25605356
49 59 0.00203521
108 115 0.00850104
108 114 0.03813501
108 118 0.08335153
108 117 0.01995272
108 116 0.04216194
108 119 0.56736383
12 11 0.09447347
12 9 0.17829036
12 14 0.27805604
12 13 0.00939148
64 64 0.03748093
64 71 0.03202796
64 75 0.02172780
64 63 0.01144988
64 68 0.09893972
64 66 0.16673378
64 65 0.05370535
64 67 0.00663224
64 69 0.02247686
64 70 0.23940301
42 47 0.25498026
42 46 0.03125291
42 42 0.18992551
42 40 0.01831034
42 44 0.06221228
42 43 0.05315007
42 45 0.00207003
42 41 0.17337623
42 48 0.00843207
10 9 0.06599207
10 7 0.15207019
10 12 0.31283800
10 11 0.01497196
67 70 0.00667616
67 69 0.21855854
67 67 0.01966506
67 74 0.01802033
67 72 0.00944588
67 73 0.28678773
67 68 0.06651152
67 66 0.01085516
67 75 0.00102150
67 77 0.00132385
67 78 0.02056740
67 71 0.06808579
125 135 0.00587104
125 136 0.73562184
125 134 0.00086743
126 136 0.00097259
126 137 0.75481431
126 135 0.00052184
93 105 0.00113331
93 101 0.01775073
93 96 0.01777208
93 100 0.04361467
93 97 0.01767868
93 98 0.00050657
93 99 0.29433547
93 104 0.00800927
93 102 0.00088898
118 128 0.00097026
118 129 0.42928222
4 5 0.00451180
4 3 0.14677116
4 4 0.02557564
4 2 0.09120007
4 1 0.21413323
4 6 0.23789073
61 64 0.00426822
61 60 0.01235557
61 62 0.05951753
61 63 0.32490777
61 61 0.03834795
61 68 0.03643633
61 66 0.07730436
61 65 0.09052916
61 72 0.02182553
61 67 0.14639122
122 132 0.00793673
122 133 0.31216551
26 27 0.11500900
26 24 0.00226618
26 25 0.59231167
26 29 0.04426533
26 31 0.00354333
26 26 0.00377838
26 30 0.08118133
26 28 0.06184607
59 70 0.02078553
59 65 0.13470395
59 66 0.03833260
59 61 0.44657386
59 63 0.06742719
59 62 0.00617497
59 58 0.00998232
59 60 0.05394536
59 64 0.08788954
59 59 0.03628808
56 57 0.04051142
56 66 0.00065891
56 55 0.01716278
56 67 0.01237307
56 60 0.04574916
56 59 0.00921178
56 54 0.00073834
56 64 0.00065577
56 56 0.03133649
56 62 0.12305400
56 61 0.08821858
56 63 0.04928120
56 58 0.28782742
98 110 0.00120538
98 104 0.37701736
98 107 0.00894293
98 105 0.02336973
98 101 0.00144143
98 109 0.00832293
98 106 0.00805460
57 58 0.04323018
57 63 0.12667212
57 61 0.04686599
57 62 0.08478623
57 56 0.02069522
57 64 0.04604820
57 59 0.43758239
57 60 0.00920980
57 67 0.00055619
57 55 0.00076587
57 68 0.01539300
57 57 0.02342889
37 38 0.09017266
37 36 0.18138462
37 42 0.23259994
37 39 0.01073327
37 40 0.01465533
37 37 0.20321203
37 41 0.01013433
37 43 0.00283906
37 35 0.00389471
105 111 0.15324588
105 114 0.05663670
105 115 0.01590191
105 113 0.09570495
105 112 0.02097048
105 116 0.30188158
138 149 0.58191763
78 85 0.01485587
78 81 0.23129282
78 78 0.00191687
78 86 0.00559846
78 84 0.38499111
78 88 0.00106293
78 80 0.24142199
78 89 0.01688080
45 53 0.00056942
45 49 0.04158632
45 48 0.00106052
45 43 0.01166812
45 44 0.05798522
45 51 0.00848700
45 45 0.11563254
45 55 0.00053611
45 47 0.30889223
45 46 0.02552661
45 50 0.24800411
48 58 0.00110771
48 53 0.25332963
48 49 0.01810999
48 56 0.00128167
48 48 0.06246806
48 54 0.00421337
48 55 0.00109127
48 47 0.07481052
48 46 0.00402739
48 50 0.44080254
48 52 0.04042595
36 35 0.01081488
36 41 0.22618600
36 37 0.05694222
36 40 0.00922707
36 38 0.00595676
36 34 0.02129240
36 42 0.00204680
36 39 0.01438700
36 36 0.20934610
104 112 0.02415567
104 113 0.05791935
104 110 0.02694124
104 114 0.02571663
104 115 0.03079036
104 111 0.05611811
15 13 0.07386270
15 14 0.15038290
15 17 0.30423170
15 12 0.36495975
15 18 0.00071345
15 16 0.00725620
40 40 0.19637343
40 46 0.00555826
40 42 0.03776929
40 39 0.15265195
40 38 0.02881693
40 44 0.02868849
40 43 0.00450050
40 41 0.06425880
40 45 0.25639649
106 114 0.08261713
106 115 0.01611657
106 113 0.04973305
106 112 0.07611764
106 117 0.59682164
106 116 0.06534120
116 123 0.00262911
116 127 0.66116032
116 126 0.08791800
41 39 0.02661872
41 42 0.05372091
41 46 0.25366494
41 47 0.00808740
41 40 0.06111824
41 45 0.02942200
41 41 0.22944961
41 43 0.04380313
41 44 0.00326581
113 123 0.05468907
113 124 0.26895806
114 125 0.51373347
114 124 0.05339047
34 35 0.08540947
34 32 0.02161793
34 37 0.01237987
34 39 0.21001600
34 36 0.00802153
34 34 0.28069061
34 33 0.09964934
34 38 0.01416233
89 98 0.00071731
89 97 0.07849933
89 100 0.00857340
89 92 0.22900892
89 101 0.00066314
89 96 0.19809493
89 93 0.02957101
89 94 0.00237403
89 95 0.19213598
89 91 0.00333560
19 18 0.06205722
19 16 0.01592779
19 21 0.16967133
19 20 0.00680300
19 23 0.00195483
19 24 0.00075775
19 22 0.00175723
19 17 0.13677123
102 113 0.04491167
102 108 0.35530750
102 112 0.01010193
102 109 0.05275467
102 111 0.04729513
102 110 0.05505520
133 144 0.78950466
14 16 0.22247355
14 12 0.00906920
14 11 0.36939862
14 15 0.00756467
14 13 0.14531204
66 76 0.00077116
66 72 0.26813088
66 74 0.00103475
66 65 0.01176060
66 73 0.02315540
66 66 0.01867684
66 68 0.36793081
66 70 0.08230335
66 69 0.00653617
66 67 0.05793191
66 71 0.01449059
66 77 0.02065747
28 27 0.55929280
28 29 0.15713146
28 33 0.00691280
28 31 0.04089760
28 32 0.08461533
28 30 0.02020947
28 28 0.03240883
85 92 0.03297207
85 96 0.00945180
85 93 0.05058240
85 94 0.00074429
85 90 0.00904204
85 89 0.01028295
85 91 0.34172538
85 88 0.23670619
109 118 0.00247137
109 120 0.45382457
109 115 0.00357132
109 119 0.00961270
109 116 0.00558153
109 117 0.02779791
35 35 0.20179946
35 41 0.00073399
35 37 0.00577684
35 40 0.22405133
35 33 0.00230126
35 36 0.05846432
35 34 0.03757232
35 39 0.00925760
35 38 0.01549300
53 55 0.31020576
53 57 0.05098357
53 52 0.03311099
53 61 0.00132613
53 63 0.00173059
53 51 0.00077729
53 58 0.22248371
53 53 0.02923212
53 60 0.01950280
53 64 0.00311352
53 56 0.00833693
53 54 0.02874852
53 59 0.01353340
110 120 0.06180643
110 118 0.00230356
110 119 0.00051180
110 117 0.01197107
110 121 0.15208213
74 85 0.02018220
74 77 0.00134067
74 81 0.01836107
74 82 0.00177938
74 84 0.00149011
74 80 0.38079064
74 76 0.00474656
74 79 0.00434569
74 74 0.00062909
17 20 0.00072767
17 15 0.12868797
17 19 0.30454647
17 14 0.20062766
17 16 0.11365109
17 18 0.00828947
9 10 0.00537945
9 6 0.10889395
9 11 0.29281811
9 8 0.08028620
60 65 0.08171038
60 66 0.14002161
60 68 0.00051090
60 67 0.03674153
60 71 0.02151700
60 60 0.03468395
60 64 0.09156945
60 59 0.01363384
60 63 0.00399648
60 61 0.05738736
60 62 0.42374436
32 33 0.00591877
32 34 0.00072596
32 36 0.01340593
32 37 0.04757527
32 30 0.00185197
32 32 0.01756706
32 31 0.22470254
32 35 0.03382887
8 7 0.09026576
8 9 0.00444231
8 5 0.41725347
8 6 0.00069766
8 10 0.28630947
69 71 0.20441163
69 77 0.00088489
69 75 0.36565248
69 74 0.00399074
69 79 0.00138961
69 72 0.00318575
69 76 0.01781700
69 68 0.01823805
69 73 0.00354585
69 69 0.01653000
69 70 0.05785792
69 80 0.02065153
55 55 0.02624462
55 57 0.27665645
55 65 0.00071668
55 66 0.01058153
55 61 0.08613200
55 63 0.00153555
55 62 0.04843987
55 58 0.00885247
55 53 0.00077149
55 60 0.12165231
55 56 0.04086864
55 59 0.04889665
55 54 0.02032103
13 12 0.14361746
13 10 0.12044036
13 15 0.04735962
13 14 0.00709660
25 23 0.00360831
25 29 0.07873267
25 25 0.00438866
25 27 0.06836467
25 24 0.59222269
25 28 0.04531720
25 30 0.00326905
25 26 0.10838325
101 109 0.00920940
101 112 0.03691787
101 108 0.15195000
101 113 0.00064518
101 110 0.04818953
101 107 0.18056907
101 111 0.00459066
38 42 0.01266549
38 39 0.08827129
38 36 0.01795044
38 38 0.24053475
38 40 0.01443348
38 37 0.09323471
38 44 0.00351252
38 43 0.23732969
38 41 0.01697724
1 3 0.26928174
1 2 0.00373944
1 1 0.27950947
134 145 0.71226120
87 98 0.00911200
87 92 0.00472324
87 94 0.11221108
87 93 0.28896330
87 91 0.02020595
87 95 0.05957907
87 90 0.21150475
123 133 0.00114035
123 134 0.68493274
84 92 0.06413353
84 87 0.01578359
84 95 0.00945227
84 88 0.00680952
84 91 0.01794240
84 90 0.32718741
84 89 0.00076473
84 93 0.00097221
94 102 0.07353533
94 103 0.00084763
94 106 0.00114420
94 101 0.16171800
94 105 0.00803127
94 97 0.00801921
94 100 0.35968881
94 98 0.01026593
52 57 0.22982748
52 52 0.03037566
52 55 0.00536402
52 50 0.00102795
52 53 0.02650440
52 60 0.00150153
52 56 0.04196595
52 59 0.01759560
52 54 0.30333525
52 63 0.00152692
52 62 0.00207987
52 51 0.03443025
52 58 0.00883813
130 141 0.59817853
75 86 0.01925933
75 80 0.00304859
75 82 0.01807300
75 83 0.00226302
75 78 0.04637864
75 81 0.38211081
75 77 0.12893764
75 85 0.00151952
75 75 0.00105979
63 62 0.01337873
63 63 0.03110368
63 64 0.05879954
63 69 0.19462845
63 70 0.03269337
63 67 0.09902278
63 74 0.02185440
63 65 0.24992305
63 68 0.05305653
63 66 0.00803205
117 128 0.19491044
117 127 0.00808867
112 119 0.02767740
112 123 0.86653316
112 122 0.05655541
112 120 0.00053408
5 5 0.01489463
5 4 0.20401699
5 3 0.03468584
5 2 0.25646137
5 7 0.26161194
5 6 0.00426684
71 79 0.00085874
71 76 0.00412746
71 72 0.03374452
71 74 0.00393453
71 73 0.21459669
71 70 0.01896128
71 71 0.01626276
71 82 0.02063293
71 75 0.00141085
71 77 0.38132330
71 81 0.00142787
71 78 0.01804207
128 139 0.91444770
115 125 0.00485266
115 126 0.42728444
115 123 0.00097307
95 107 0.00113234
95 102 0.29877650
95 103 0.00112559
95 104 0.00082734
95 99 0.00300975
95 98 0.00508717
95 106 0.00803227
95 101 0.27108619
70 78 0.00084705
70 81 0.02065027
70 77 0.01795633
70 75 0.00430680
70 71 0.04748381
70 80 0.00141716
70 69 0.01445471
70 70 0.01995172
70 73 0.00331475
70 76 0.36721822
70 74 0.00173235
70 72 0.22961813
80 83 0.07793782
80 82 0.02806212
80 87 0.00592867
80 86 0.37015515
80 80 0.00148179
80 89 0.00064494
80 91 0.01028127
80 88 0.01608667
129 140 0.87390755
79 89 0.00076552
79 90 0.01388873
79 86 0.01319047
79 79 0.00183542
79 87 0.00793300
79 81 0.13460691
79 85 0.37155885
79 82 0.33813764
73 84 0.02039547
73 80 0.01871520
73 76 0.00089793
73 79 0.38066594
73 74 0.00069619
73 73 0.00103548
73 75 0.00578083
73 81 0.00131859
73 78 0.00393857
73 83 0.00151681
68 71 0.00354419
68 78 0.00143836
68 75 0.01747173
68 73 0.00447608
68 68 0.02098268
68 74 0.35807842
68 72 0.01172429
68 79 0.02058333
68 76 0.00090121
68 67 0.01424295
68 70 0.38464052
68 69 0.05408096
77 83 0.37499792
77 87 0.00195193
77 85 0.00335131
77 77 0.00192305
77 79 0.34842868
77 80 0.12463218
77 84 0.01741800
77 88 0.01876000
96 100 0.00070566
96 108 0.00113979
96 105 0.00084067
96 107 0.00806307
96 103 0.00658376
96 102 0.04646346
96 99 0.00303847
96 104 0.00095063
145 156 0.91981862
58 60 0.40677166
58 64 0.13269624
58 56 0.00064100
58 59 0.05294322
58 61 0.00748217
58 63 0.08135377
58 62 0.05060803
58 58 0.02431379
58 57 0.01085322
58 65 0.04175340
58 68 0.00118009
58 69 0.01753800
82 91 0.00065956
82 88 0.34467961
82 89 0.00469679
82 90 0.02141300
82 93 0.00965987
82 85 0.00573870
119 129 0.00080215
119 130 0.04744523
18 23 0.00057601
18 20 0.29523702
18 21 0.00085754
18 15 0.01343569
18 19 0.00344897
18 22 0.00064571
18 17 0.02304117
18 16 0.12236276
131 142 0.62234762
86 94 0.01819533
86 93 0.03222767
86 91 0.00574180
86 89 0.25748190
86 90 0.00763470
86 97 0.00940600
86 92 0.33417753
24 23 0.58813890
24 25 0.10450210
24 29 0.00299350
24 22 0.00446512
24 27 0.04290913
24 24 0.00387496
24 28 0.07628000
24 26 0.07163800
2 3 0.00309852
2 4 0.31824220
2 2 0.10494350
2 1 0.10416804
127 138 0.91389268
127 136 0.00050108
99 106 0.23384467
99 105 0.14814932
99 108 0.02154633
99 102 0.00071975
99 110 0.01179153
99 111 0.00101273
99 107 0.09128733
33 34 0.00467654
33 36 0.01054427
33 33 0.00874884
33 38 0.13205133
33 37 0.00833560
33 35 0.01631647
33 31 0.01766813
33 32 0.05769767
91 100 0.00085998
91 97 0.26704524
91 98 0.22947622
91 96 0.00350877
91 94 0.11703138
91 93 0.00156806
91 99 0.08016533
91 95 0.05283597
91 103 0.00097843
91 102 0.00816707
139 150 0.58946248
29 28 0.46164359
29 30 0.16572152
29 31 0.00877593
29 32 0.04503793
29 34 0.01391120
29 33 0.08023133
29 29 0.05702689
136 147 0.68185988
120 130 0.00070302
120 131 0.57381079
62 67 0.07901494
62 69 0.03641271
62 66 0.10059617
62 68 0.15471667
62 73 0.02186080
62 65 0.01003337
62 61 0.01344387
62 63 0.05513495
62 62 0.03855646
62 64 0.38747820
144 155 0.78016470
51 61 0.00247288
51 51 0.00367545
51 58 0.00416349
51 53 0.28552569
51 49 0.00131470
51 56 0.25462024
51 59 0.00064417
51 54 0.00104323
51 55 0.03764091
51 50 0.07125926
51 57 0.00447959
51 52 0.02421973
16 19 0.00075068
16 13 0.28542598
16 15 0.13593964
16 14 0.12871235
16 17 0.00831127
16 18 0.30986425
54 58 0.05174766
54 62 0.00145648
54 61 0.03455747
54 59 0.16912698
54 54 0.02700704
54 64 0.00076008
54 56 0.43347041
54 60 0.04864607
54 53 0.02761535
54 55 0.03289892
54 52 0.00079234
54 65 0.00944287
54 57 0.00907755
50 54 0.03804754
50 56 0.00398879
50 48 0.00314279
50 49 0.07499995
50 60 0.00235940
50 53 0.00054644
50 58 0.00052362
50 51 0.02394971
50 52 0.31117461
50 57 0.00172159
50 50 0.04365485
50 55 0.25633090
143 154 0.98371802
137 148 0.84425687
3 2 0.19261991
3 5 0.34228994
3 4 0.00404656
3 3 0.04000830
3 1 0.08623089
92 101 0.00095880
92 96 0.02929887
92 100 0.04580560
92 97 0.00219457
92 98 0.29095989
92 99 0.23259333
92 104 0.00113727
92 95 0.18769169
92 103 0.00801567
100 112 0.00080651
100 106 0.39213057
100 109 0.03199947
100 108 0.09919133
100 110 0.00233244
100 111 0.03212427
100 107 0.17189267
31 29 0.00114422
31 33 0.00090191
31 34 0.03807913
31 36 0.03467687
31 31 0.03581584
31 32 0.14655594
31 35 0.05406860
31 30 0.35139346
97 109 0.00121406
97 101 0.00060017
97 106 0.00135380
97 105 0.00138120
97 108 0.00801673
97 100 0.00215695
97 103 0.40291343
97 104 0.03877073
46 47 0.02813326
46 46 0.06914646
46 50 0.04235304
46 52 0.00645491
46 44 0.01017058
46 51 0.24642869
46 45 0.05733893
46 53 0.00082331
46 56 0.00066343
46 48 0.33161694
46 54 0.00091503
21 26 0.00235927
21 19 0.01796940
21 23 0.06169640
21 20 0.12958993
21 22 0.00715980
21 24 0.00940893
21 25 0.01296640
90 102 0.00082104
90 99 0.00226713
90 95 0.00430340
90 93 0.18965853
90 94 0.02149820
90 92 0.00277412
90 101 0.00833420
90 96 0.27708518
90 98 0.07873267
90 97 0.22705010
103 114 0.06868212
103 110 0.10254133
103 111 0.05281180
103 109 0.02468009
103 112 0.05428779
103 113 0.01440693
142 153 0.44200868
107 116 0.03345724
107 117 0.08384141
107 113 0.07648536
107 114 0.03013714
107 115 0.04732208
107 118 0.67296810
6 5 0.17121742
6 4 0.02855387
6 3 0.13299991
6 8 0.28705989
6 7 0.00474560
6 6 0.00260382
22 26 0.06449627
22 23 0.01073627
22 20 0.00250280
22 21 0.04219532
22 25 0.01931087
22 24 0.03124933
22 27 0.00247197
111 120 0.00066948
111 118 0.01862927
111 119 0.01066220
111 122 0.68689522
111 121 0.05738194
44 50 0.00858833
44 47 0.00075066
44 46 0.10204860
44 42 0.01391179
44 45 0.05440047
44 43 0.05269344
44 44 0.15089261
44 48 0.03534221
44 49 0.24886555
140 151 0.76213692
7 4 0.37694842
7 5 0.01548392
7 7 0.00124886
7 9 0.25732393
7 8 0.00420606
7 6 0.08325829
83 92 0.00121241
83 86 0.00665018
83 94 0.00950927
83 89 0.33540789
83 90 0.00603121
83 91 0.00577045
83 88 0.00072395
47 52 0.24840648
47 57 0.00080210
47 47 0.09423092
47 46 0.03625026
47 55 0.00128521
47 49 0.40000299
47 53 0.00456640
47 54 0.00115541
47 48 0.02599708
47 51 0.04249091
47 45 0.00545218
88 93 0.00323954
88 94 0.23271428
88 90 0.00106369
88 95 0.18534385
88 91 0.32577274
88 99 0.00882407
88 97 0.00055059
88 100 0.00050547
88 92 0.01963916
88 96 0.08090133
135 146 0.75725013
72 82 0.00142755
72 83 0.02044833
72 78 0.37045701
72 77 0.00432186
72 75 0.00443745
72 73 0.01261305
72 74 0.00616681
72 72 0.00141387
72 76 0.00074666
72 79 0.01930540
72 80 0.00096023
65 68 0.00695135
65 66 0.05170408
65 73 0.00078169
65 76 0.02118300
65 65 0.02519156
65 72 0.02760223
65 67 0.25603369
65 69 0.08576890
65 70 0.02160485
65 64 0.01364094
65 71 0.24993630
43 42 0.06522226
43 46 0.00098376
43 47 0.03440856
43 49 0.00867260
43 48 0.25400558
43 43 0.18036590
43 44 0.05622528
43 45 0.08501090
43 41 0.02673260
124 135 0.73616202
124 134 0.01059220
23 25 0.08824667
23 24 0.00757207
23 27 0.06962000
23 22 0.15179348
23 21 0.00311978
23 26 0.01980400
23 28 0.00266473
39 45 0.00492678
39 41 0.03733907
39 44 0.25419736
39 43 0.02182713
39 38 0.19117465
39 39 0.22402919
39 42 0.00883416
39 37 0.01751968
39 40 0.05714476
20 25 0.00136986
20 24 0.00625885
20 17 0.00731318
20 22 0.02236547
20 21 0.00264285
20 23 0.00304028
20 19 0.44019675
20 18 0.15188469
27 28 0.12025008
27 30 0.04246487
27 26 0.59009640
27 31 0.08298400
27 32 0.00518483
27 27 0.00635552
27 29 0.02666433
27 25 0.00088954
30 35 0.02687373
30 32 0.00783887
30 31 0.16912516
30 30 0.08568029
30 29 0.24051224
30 34 0.01533433
30 33 0.01237740
11 8 0.33853040
11 12 0.01630601
11 13 0.31272038
11 10 0.06517308
