91 97 0.27072804
91 98 0.06724849
91 96 0.00720004
91 94 0.31577523
91 93 0.00306890
91 99 0.02645456
91 95 0.10098604
91 102 0.00390630
33 35 0.00573238
33 32 0.12687126
33 31 0.00602827
33 37 0.00154639
33 36 0.00370450
33 34 0.00397519
33 33 0.00281996
33 38 0.05630451
99 106 0.03474628
99 105 0.27646775
99 108 0.01077139
99 110 0.00236903
99 107 0.01838741
139 150 0.47153029
29 33 0.01115994
29 34 0.00695483
29 29 0.06344212
29 30 0.09765610
29 28 0.63109127
29 32 0.01313455
29 31 0.00299430
120 131 0.18873441
136 147 0.65978223
62 68 0.07526909
62 73 0.00321914
62 66 0.02466785
62 65 0.00560411
62 67 0.03499230
62 69 0.00755900
62 64 0.58881434
62 63 0.03610539
62 61 0.01544451
62 62 0.04899851
51 61 0.00123641
51 51 0.00255426
51 58 0.00060896
51 53 0.49881460
51 49 0.00125727
51 56 0.11367161
51 54 0.00052064
51 55 0.00944714
51 50 0.11427505
51 57 0.00055939
51 52 0.01325689
144 155 0.74744069
16 18 0.16826172
16 17 0.00291999
16 14 0.10783124
16 15 0.27685205
16 13 0.35339333
54 57 0.00570956
54 52 0.00071408
54 65 0.00226194
54 55 0.01835944
54 56 0.61184167
54 59 0.07701095
54 54 0.02311744
54 53 0.06571700
54 60 0.01847152
54 58 0.01330891
54 61 0.01727834
54 62 0.00072820
131 142 0.71730989
24 25 0.05738172
24 29 0.00129987
24 22 0.01731478
24 27 0.02145300
24 24 0.00549377
24 23 0.75212145
24 26 0.03581742
24 28 0.03523121
86 92 0.18556038
86 97 0.00236622
86 90 0.01274599
86 89 0.57529553
86 91 0.00475220
86 93 0.01124947
86 94 0.00288439
2 1 0.14494375
2 3 0.00134866
2 4 0.19040769
2 2 0.12541966
127 138 0.92576730
70 71 0.02938035
70 81 0.01032371
70 75 0.00206920
70 77 0.00897730
70 73 0.00089946
70 72 0.56930404
70 76 0.09378161
70 80 0.00070849
70 70 0.01813839
70 69 0.01619458
95 102 0.14341483
95 99 0.00264968
95 101 0.17753806
95 106 0.00119349
95 98 0.00189463
115 125 0.00242610
115 126 0.33735354
80 87 0.00118008
80 82 0.03648433
80 83 0.04472651
80 80 0.00074080
80 88 0.00236887
80 91 0.00492208
80 86 0.09506083
79 90 0.00218087
79 79 0.00091762
79 86 0.00196096
79 85 0.09624349
79 87 0.00157904
79 81 0.20741606
79 82 0.47011987
129 140 0.90685675
68 71 0.00095694
68 75 0.00259758
68 79 0.01029063
68 72 0.00464466
68 74 0.10632447
68 73 0.00237126
68 68 0.02087566
68 69 0.03741250
68 70 0.59479760
68 67 0.01619238
73 80 0.00935642
73 84 0.01019612
73 79 0.21991264
73 81 0.00065921
73 78 0.00212310
73 75 0.01388679
96 108 0.00056980
96 100 0.00080159
96 107 0.00162409
96 102 0.06455295
96 103 0.00160074
96 99 0.00100269
145 156 0.91981242
77 79 0.55031506
77 80 0.12766423
77 84 0.00870762
77 88 0.00276253
77 83 0.13052562
77 85 0.00050760
77 77 0.00096143
58 62 0.02989012
58 61 0.00583660
58 63 0.03334050
58 58 0.03653198
58 60 0.61735306
58 59 0.04004108
58 64 0.06546895
58 56 0.00064287
58 69 0.00341948
58 65 0.01000161
58 57 0.02043000
58 68 0.00056420
119 130 0.06072891
82 93 0.00337190
82 88 0.09096534
82 89 0.00093830
82 90 0.00336237
82 85 0.01191186
18 17 0.01316963
18 20 0.05190889
18 15 0.00937177
18 19 0.00172442
18 16 0.07623494
18 18 0.00097268
84 89 0.00050411
84 90 0.09190429
84 95 0.00465340
84 91 0.00858979
84 88 0.00620277
84 92 0.02346803
84 87 0.01650466
94 100 0.49098402
94 97 0.00528219
94 98 0.02293519
94 105 0.00119172
94 101 0.07959032
94 102 0.03517188
52 50 0.00093005
52 55 0.00391454
52 52 0.01819719
52 57 0.03453439
52 58 0.00129268
52 51 0.09836286
52 62 0.00103988
52 54 0.54113929
52 59 0.00749675
52 56 0.02125733
52 60 0.00057015
52 53 0.01257958
130 141 0.71927052
63 64 0.04495786
63 63 0.04453361
63 62 0.01528541
63 66 0.00341166
63 68 0.03530916
63 74 0.00435005
63 65 0.55356661
63 67 0.04204155
63 70 0.01672866
63 69 0.04237406
75 83 0.00055626
75 82 0.00903534
75 77 0.08754276
75 81 0.22099515
75 78 0.01460937
75 86 0.00286319
75 80 0.00216907
112 123 0.92671490
112 119 0.00441223
112 122 0.01221410
5 6 0.00073690
5 7 0.07476814
5 2 0.29234724
5 5 0.01892988
5 3 0.04234336
5 4 0.29032837
117 128 0.28359237
117 127 0.00120183
71 72 0.02292030
71 76 0.00197380
71 74 0.00122718
71 73 0.57085871
71 70 0.01993126
71 71 0.01278399
71 82 0.01031515
71 77 0.22005786
71 81 0.00071384
71 78 0.00443500
128 139 0.92618348
20 25 0.00068489
20 17 0.01495038
20 22 0.00532857
20 24 0.00312924
20 23 0.00152007
20 21 0.00061672
20 20 0.00054141
20 19 0.62478676
20 18 0.14457076
39 39 0.16875247
39 42 0.00205743
39 38 0.40181225
39 37 0.00740128
39 40 0.04745301
39 43 0.00428961
39 44 0.05380851
39 45 0.00097285
39 41 0.05271015
23 28 0.00123075
23 26 0.00990156
23 21 0.01104468
23 25 0.04412082
23 27 0.03480746
23 24 0.00378582
23 22 0.21293306
27 28 0.06648482
27 30 0.01879319
27 26 0.75877282
27 31 0.02831368
27 32 0.00151207
27 29 0.01157845
27 25 0.00177919
27 27 0.00737665
30 29 0.37814861
30 33 0.00172166
30 34 0.00766632
30 32 0.00228607
30 31 0.09357818
30 35 0.00944141
30 30 0.09326120
11 13 0.17136269
11 10 0.21295493
11 8 0.45190884
11 12 0.00889957
88 96 0.03010391
88 92 0.04537767
88 91 0.52114943
88 95 0.09330152
88 99 0.00291194
88 90 0.00299133
88 94 0.13807117
88 93 0.00523948
47 45 0.00664578
47 51 0.00936111
47 53 0.00090168
47 49 0.51985732
47 48 0.02507742
47 46 0.12693873
47 47 0.07583464
47 52 0.05342658
135 146 0.74112257
72 77 0.00312717
72 75 0.00065973
72 78 0.12802916
72 82 0.00071368
72 83 0.00502631
72 72 0.00098109
72 79 0.00965173
72 74 0.01383280
72 73 0.00790915
65 68 0.00465021
65 66 0.02993840
65 65 0.03519982
65 76 0.00320876
65 72 0.00594050
65 67 0.55558034
65 70 0.01752121
65 69 0.03339063
65 64 0.01537761
65 71 0.05037744
43 44 0.05387443
43 43 0.15181924
43 41 0.03540917
43 45 0.13650247
43 49 0.00425942
43 48 0.12798651
43 47 0.01859395
43 42 0.30894163
124 134 0.00215969
124 135 0.76437969
21 26 0.00117958
21 19 0.01064517
21 20 0.47034874
21 23 0.03084684
21 24 0.00470420
21 22 0.00170582
21 25 0.00648283
46 48 0.41969513
46 44 0.01660352
46 45 0.19422466
46 51 0.04274360
46 52 0.00127459
46 46 0.06616439
46 47 0.02683498
46 50 0.02279577
90 97 0.05996550
90 98 0.02252719
90 101 0.00410172
90 96 0.25281961
90 92 0.00529677
90 94 0.11237962
90 93 0.35926420
90 99 0.00074815
90 95 0.00713147
103 113 0.00720324
103 112 0.00857393
103 109 0.02237197
103 111 0.00808493
103 110 0.02060153
103 114 0.03488311
6 6 0.00557527
6 5 0.25892739
6 3 0.16183479
6 4 0.03235350
6 8 0.06420708
6 7 0.00097512
142 153 0.41895270
107 118 0.71737225
107 115 0.02780273
107 114 0.02507563
107 113 0.09644020
107 116 0.02395432
107 117 0.06006864
111 118 0.00888959
111 122 0.77908002
111 121 0.01206475
111 119 0.00169973
22 24 0.01562378
22 27 0.00123589
22 25 0.00965488
22 21 0.04631691
22 20 0.00084435
22 23 0.00536790
22 26 0.03224671
140 151 0.73496075
44 49 0.12543426
44 48 0.01909535
44 44 0.13683640
44 43 0.24033021
44 45 0.06103698
44 46 0.19100195
44 42 0.02318713
44 50 0.00421813
83 86 0.01402365
83 94 0.00150744
83 89 0.10660585
83 90 0.00094705
83 91 0.00276256
7 9 0.07279645
7 7 0.00265122
7 8 0.00064006
7 4 0.43047928
7 5 0.01770592
7 6 0.21702560
50 50 0.02572482
50 55 0.05460055
50 52 0.51733029
50 51 0.01373170
50 56 0.00170454
50 48 0.00340972
50 54 0.00858909
50 49 0.12213028
50 60 0.00089589
143 154 0.98361862
137 148 0.83599308
3 2 0.26890740
3 4 0.00239435
3 3 0.05666943
3 5 0.19526185
3 1 0.09822180
92 97 0.00613160
92 100 0.02254627
92 98 0.33662759
92 96 0.07098875
92 94 0.00132061
92 95 0.30406429
92 99 0.07675580
92 103 0.00194889
97 103 0.71728004
97 104 0.00777283
97 108 0.00400771
97 100 0.00106169
97 101 0.00068618
31 31 0.02528264
31 32 0.06105822
31 35 0.01899565
31 30 0.48386906
31 36 0.01218297
31 34 0.01903747
100 106 0.70410078
100 109 0.00419759
100 108 0.04958748
100 111 0.00491789
100 107 0.03462322
36 37 0.01325093
36 40 0.00093318
36 38 0.00295792
36 39 0.00484434
36 34 0.01064503
36 36 0.13467060
36 35 0.01026588
36 41 0.09202423
104 111 0.01298314
104 110 0.04371948
104 115 0.02251062
104 114 0.01884886
104 113 0.03609465
104 112 0.00482795
15 13 0.06083670
15 14 0.23504702
15 17 0.10726905
15 16 0.00254930
15 12 0.43001700
40 46 0.00081935
40 42 0.05921861
40 39 0.39200041
40 38 0.03590722
40 40 0.12551770
40 44 0.00733885
40 43 0.00129901
40 41 0.05603670
40 45 0.05454052
106 113 0.04145348
106 116 0.05477556
106 117 0.63057688
106 112 0.12832450
106 114 0.05626570
106 115 0.01429380
41 45 0.00752118
41 41 0.18478952
41 43 0.06675784
41 44 0.00115406
41 39 0.03602142
41 42 0.04044958
41 46 0.04142996
41 47 0.00397201
41 40 0.38195198
116 126 0.01770875
116 127 0.74409974
116 123 0.00125225
113 124 0.13640817
113 123 0.02604846
57 60 0.00667802
57 64 0.02257115
57 56 0.03002534
57 59 0.62989428
57 61 0.02752170
57 63 0.04105091
57 62 0.04747447
57 58 0.02521402
57 57 0.03165407
57 68 0.00735935
57 55 0.00083938
37 35 0.00136831
37 41 0.00412317
37 37 0.12009887
37 40 0.00148217
37 38 0.07921628
37 42 0.03400054
37 36 0.45421923
37 39 0.01244477
105 116 0.28275263
105 112 0.00675551
105 113 0.05790591
105 115 0.01164473
105 114 0.04012880
105 111 0.25791047
45 50 0.12503641
45 46 0.02466066
45 47 0.39206198
45 45 0.09930302
45 51 0.00132615
45 43 0.02127652
45 44 0.20168928
45 48 0.00081713
45 49 0.02239399
78 86 0.00083230
78 84 0.22311087
78 80 0.37871496
78 89 0.00337236
78 85 0.00225011
78 81 0.29874880
138 149 0.50076855
48 50 0.56812209
48 47 0.12418356
48 46 0.00459971
48 52 0.01045111
48 54 0.00069516
48 48 0.04218096
48 56 0.00054770
48 49 0.01472967
48 53 0.05504975
42 40 0.03195757
42 46 0.00645358
42 47 0.12844494
42 42 0.14206544
42 48 0.00414125
42 44 0.08622517
42 43 0.04133025
42 41 0.37827707
42 45 0.00078340
125 136 0.76005526
125 135 0.00127709
10 11 0.00767796
10 12 0.17143143
10 7 0.19268716
10 9 0.15839268
67 77 0.00066186
67 78 0.00505577
67 71 0.02454935
67 70 0.00398751
67 69 0.55166372
67 67 0.02134911
67 74 0.00358689
67 72 0.00593876
67 73 0.06303295
67 68 0.05708788
67 66 0.01355425
126 137 0.83537967
118 129 0.71879718
93 99 0.45347387
93 104 0.00160571
93 101 0.00873611
93 96 0.03179244
93 100 0.02146786
93 97 0.05098590
93 98 0.00177047
4 2 0.10384787
4 4 0.03122846
4 3 0.25840469
4 5 0.00255069
4 6 0.06886938
4 1 0.24409725
61 66 0.02170349
61 68 0.01768538
61 72 0.00436020
61 65 0.03429020
61 67 0.03955371
61 64 0.00318564
61 60 0.01531438
61 62 0.04508861
61 63 0.58043192
61 61 0.04850468
122 133 0.51769651
122 132 0.00122448
26 26 0.00461362
26 31 0.00120897
26 28 0.02856466
26 30 0.03592749
26 29 0.01922134
26 25 0.76085361
26 24 0.00453261
26 27 0.06635588
56 57 0.02321807
56 67 0.00326526
56 55 0.03548731
56 56 0.03436754
56 54 0.00076580
56 59 0.00699954
56 60 0.02206367
56 58 0.56934769
56 61 0.04894534
56 63 0.01583518
56 62 0.06152337
98 107 0.00180132
98 104 0.70753810
98 105 0.00346773
98 109 0.00109178
98 101 0.00070941
98 106 0.00119681
59 66 0.00349965
59 65 0.03287016
59 70 0.01038230
59 59 0.04706311
59 64 0.05264699
59 60 0.03907798
59 58 0.01557710
59 62 0.00459543
59 63 0.02997951
59 61 0.62362793
76 79 0.04837776
76 84 0.00142179
76 83 0.00433935
76 82 0.22196895
76 81 0.00123587
76 87 0.00377639
76 78 0.04699200
121 131 0.01078672
121 132 0.49673231
132 143 0.95225932
141 152 0.48330747
81 84 0.10500784
81 88 0.00072397
81 89 0.00346322
81 83 0.00689489
81 92 0.00359916
81 87 0.10981369
108 114 0.04807341
108 115 0.00590825
108 118 0.05152207
108 117 0.01507573
108 116 0.02425707
108 119 0.65250542
49 59 0.00086712
49 54 0.04778163
49 48 0.12382629
49 49 0.03654300
49 53 0.00961727
49 51 0.50333528
49 50 0.01414843
49 47 0.00468488
49 55 0.00081463
64 75 0.00323035
64 63 0.01389257
64 71 0.00559061
64 64 0.04697061
64 70 0.12513279
64 69 0.01481163
64 67 0.00363200
64 65 0.03345902
64 68 0.06167459
64 66 0.53337181
12 9 0.22622534
12 11 0.16803150
12 13 0.00542092
12 14 0.15391855
38 37 0.38321994
38 40 0.03675770
38 38 0.18814674
38 42 0.00224028
38 36 0.00936264
38 39 0.07368697
38 41 0.00771378
38 43 0.03459834
38 44 0.00069358
1 2 0.00219567
1 3 0.11562910
1 1 0.32652188
134 145 0.73357924
87 98 0.00260715
87 92 0.00471713
87 94 0.01888120
87 93 0.17339369
87 91 0.03196756
87 95 0.02933107
87 90 0.53562377
87 89 0.00075882
123 134 0.74757832
55 66 0.00096606
55 57 0.55929441
55 55 0.02653632
55 54 0.04745412
55 59 0.02543073
55 56 0.03006039
55 60 0.05150370
55 53 0.00074165
55 58 0.00547609
55 62 0.02421850
55 61 0.04306501
69 80 0.01032447
69 70 0.04611487
69 69 0.01433534
69 68 0.01946379
69 73 0.00120013
69 74 0.00214511
69 79 0.00069473
69 76 0.00269888
69 72 0.00098192
69 75 0.09215142
69 71 0.56285383
13 15 0.01828379
13 10 0.15850238
13 14 0.00354807
13 12 0.22797185
25 23 0.00721693
25 29 0.03418809
25 25 0.00608693
25 24 0.76036461
25 27 0.03417984
25 28 0.02093052
25 30 0.00144674
25 26 0.06030557
101 110 0.00968174
101 107 0.28764008
101 111 0.00070278
101 109 0.00120806
101 112 0.00558069
101 108 0.07596246
110 118 0.00109922
110 120 0.01082468
110 121 0.08830951
110 117 0.00589817
74 80 0.22003252
74 84 0.00074494
74 79 0.00308567
74 76 0.01180310
74 81 0.00917927
74 77 0.00067027
74 85 0.00305686
74 82 0.00088958
17 16 0.29259459
17 18 0.00414458
17 19 0.16123273
17 15 0.11928309
17 14 0.27472688
60 62 0.60959332
60 61 0.04435796
60 63 0.00260243
60 59 0.01696898
60 64 0.05503959
60 60 0.04679663
60 71 0.00337852
60 67 0.00969613
60 66 0.01355411
60 65 0.03219830
9 10 0.00119142
9 6 0.13955413
9 8 0.22078586
9 11 0.15165858
32 35 0.01188493
32 32 0.00834159
32 31 0.40528245
32 30 0.00081961
32 37 0.00882600
32 36 0.00470989
32 33 0.00138284
8 6 0.00094027
8 10 0.06208066
8 7 0.22020029
8 9 0.00124328
8 5 0.48037511
34 32 0.00630450
34 35 0.07563450
34 37 0.00229667
34 38 0.00603859
34 33 0.47625274
34 36 0.00281819
34 34 0.23661343
34 39 0.07071585
114 125 0.31910171
114 124 0.02374845
133 144 0.77559047
19 18 0.04392210
19 16 0.01500525
19 23 0.00097737
19 21 0.03959348
19 20 0.00094647
19 17 0.08917746
102 110 0.01106111
102 111 0.00724039
102 109 0.00692020
102 112 0.00152706
102 108 0.23977377
102 113 0.02245511
89 93 0.07577222
89 94 0.00639356
89 91 0.00540707
89 95 0.20594732
89 100 0.00421997
89 97 0.01974768
89 92 0.42839142
89 96 0.07614717
66 77 0.01032773
66 71 0.00889942
66 69 0.00260204
66 70 0.05305430
66 67 0.04279148
66 72 0.06888472
66 65 0.01418545
66 66 0.02517104
66 68 0.58212621
66 73 0.00340978
14 16 0.09611563
14 11 0.44166687
14 12 0.00772303
14 13 0.23113130
14 15 0.00287236
28 28 0.03616715
28 30 0.00894387
28 32 0.02467662
28 31 0.01395404
28 33 0.00096155
28 27 0.72201302
28 29 0.08642508
109 115 0.00449161
109 118 0.00174749
109 120 0.49824581
109 117 0.01408716
109 116 0.00275007
109 119 0.00340009
85 93 0.01765642
85 88 0.58075920
85 91 0.20997373
85 89 0.01180962
85 90 0.00643391
85 96 0.00351708
85 92 0.01206529
35 40 0.02265943
35 37 0.00107170
35 38 0.00660596
35 36 0.02505728
35 39 0.00311719
35 34 0.03265151
35 35 0.12666837
53 63 0.00055608
53 61 0.00066305
53 51 0.00062451
53 58 0.03852934
53 53 0.02158129
53 60 0.00740546
53 56 0.00670594
53 64 0.00152613
53 54 0.01442122
53 59 0.00576601
53 55 0.55215578
53 57 0.01194968
53 52 0.08297295
