113 113 0.02005740
141 141 0.32545200
141 142 0.26670200
141 139 0.00688420
141 140 0.38483400
44 43 0.00087363
44 44 0.96001900
8 7 0.00069019
8 8 0.79155100
98 98 0.99996400
21 21 0.96107000
82 82 0.01951920
9 9 0.54690900
33 32 0.00149688
33 34 0.00153736
33 33 0.95779300
85 85 0.40095400
88 88 0.99987900
35 35 0.95912200
35 36 0.00146906
117 117 0.95934400
69 70 0.00065164
69 69 0.92724700
122 123 0.01558320
122 121 0.01474120
122 124 0.00056981
122 122 0.91771400
23 23 0.96131600
136 135 0.61584800
136 134 0.01626070
136 137 0.29660600
136 136 0.05968720
72 73 0.00069381
72 72 0.62574300
36 36 0.95932600
89 89 0.99990100
124 123 0.03890180
124 124 0.82926600
124 125 0.02361830
124 126 0.00054083
120 120 0.95538700
120 121 0.00165367
120 119 0.00105367
26 26 0.96126200
51 51 0.96103900
53 53 0.95971000
53 54 0.00145228
17 17 0.95830600
17 16 0.00154850
17 18 0.00089725
145 143 0.00268145
145 144 0.01399360
145 145 0.62009600
145 146 0.05060590
125 125 0.78981900
125 126 0.02971270
125 127 0.00054322
125 124 0.10734700
78 78 0.61717400
78 79 0.00333038
3 3 0.80225600
108 108 0.15563900
138 139 0.28552800
138 137 0.42391300
138 136 0.00761260
138 138 0.07365340
109 109 0.99953000
128 127 0.17463300
128 129 0.03306220
128 128 0.73575700
90 90 0.31026700
6 5 0.00207729
6 6 0.99267100
73 73 0.35497200
73 74 0.00054185
68 69 0.00489798
68 68 0.95629300
148 147 0.00322761
148 148 0.93925600
148 149 0.02997770
148 146 0.00093988
10 10 0.99148300
15 15 0.95996200
15 14 0.00086108
49 49 0.96070400
49 48 0.00054067
94 94 0.33774800
123 123 0.90463600
123 124 0.01678380
123 122 0.02679760
123 125 0.00061485
24 24 0.96131500
99 99 0.99993700
18 19 0.00070467
18 18 0.95790500
18 17 0.00193790
58 58 0.96052600
118 118 0.95878500
131 130 0.35418100
131 132 0.07372610
131 131 0.45178500
129 128 0.19173900
129 130 0.04673140
129 129 0.64110500
96 96 0.99998400
127 127 0.75541000
127 126 0.16997100
127 128 0.03026830
106 106 0.95192000
84 84 0.29364600
75 75 0.96227200
75 76 0.02849930
45 45 0.95867300
45 44 0.00103063
91 91 0.99981400
105 105 0.35826100
29 28 0.00061746
29 29 0.95957000
142 140 0.00754249
142 142 0.43770100
142 143 0.25410900
142 141 0.28454400
55 55 0.95933700
55 56 0.00124103
13 13 0.96034200
13 12 0.00092984
143 144 0.25185400
143 143 0.65302600
143 141 0.00806224
143 142 0.08243400
121 121 0.93673800
121 123 0.00054548
121 122 0.00868105
121 120 0.00264009
79 79 0.89857800
79 80 0.00184215
34 35 0.00157474
34 34 0.95857800
34 33 0.00070977
140 139 0.58824000
140 140 0.12075100
140 141 0.27934700
140 138 0.00702501
116 116 0.66852600
38 38 0.96104700
12 12 0.96453300
12 11 0.00589797
74 74 0.96227600
74 75 0.02852490
80 81 0.00097574
80 80 0.61523100
27 27 0.96110500
60 60 0.96099000
7 6 0.00064360
7 7 0.42699300
93 93 0.29454700
43 43 0.95973700
43 42 0.00077429
100 100 0.40130800
110 110 0.40093300
95 95 0.40131400
62 62 0.96125300
47 47 0.95844000
47 46 0.00250754
41 41 0.96046900
71 72 0.00823156
71 71 0.89942200
83 83 0.39675200
37 37 0.96090400
67 68 0.00058324
67 67 0.96074100
30 29 0.00119104
30 30 0.95931900
107 107 0.93966100
50 50 0.96115000
101 101 0.33774600
5 4 0.00112110
5 5 0.99740600
139 138 0.05707760
139 140 0.28100100
139 137 0.00701566
139 139 0.07816640
40 40 0.96078700
146 144 0.00199348
146 147 0.15552800
146 145 0.00975388
146 146 0.73978800
103 103 0.29732700
56 56 0.95941200
56 57 0.00099546
52 53 0.00130401
52 52 0.95986500
4 4 0.81467400
133 133 0.09307770
133 134 0.28046200
133 132 0.51657200
16 16 0.95944700
16 15 0.00104668
81 81 0.90731000
81 82 0.00053796
54 55 0.00137516
54 54 0.95936800
61 61 0.96122100
63 63 0.96126200
14 14 0.96011100
14 13 0.00072023
48 48 0.96021000
48 47 0.00097134
92 92 0.29731200
64 64 0.96110000
28 28 0.96031200
112 112 0.39677300
65 65 0.96117300
66 66 0.96117400
2 2 0.93157800
97 97 0.99998200
32 31 0.00222114
32 32 0.95734300
32 33 0.00125910
46 45 0.00234612
46 46 0.95827000
114 114 0.97133100
86 86 0.99960900
111 111 0.29364600
39 39 0.96105400
132 133 0.17673900
132 131 0.43529900
132 132 0.26737100
119 119 0.95821900
119 118 0.00072584
119 120 0.00067223
149 149 0.96597600
149 148 0.00326729
149 150 0.00394496
57 57 0.95974600
104 104 0.99990600
20 20 0.95960100
20 19 0.00123485
77 77 0.17143800
77 78 0.00058743
1 1 0.99970100
102 102 0.29454800
25 25 0.96132400
22 22 0.96129300
135 133 0.00192015
135 134 0.61224700
135 136 0.29779700
135 135 0.06126790
151 151 0.99933600
134 135 0.29544200
134 132 0.00258997
134 134 0.06560040
134 133 0.59555000
11 11 0.96708300
11 10 0.00102085
31 30 0.00131548
31 31 0.95779600
31 32 0.00092847
76 77 0.02849300
76 76 0.96154700
126 127 0.02959560
126 125 0.14061600
126 126 0.75995700
59 59 0.96075100
19 18 0.00220532
19 19 0.95826700
144 142 0.00758680
144 145 0.17862600
144 144 0.68824400
144 143 0.04854210
87 87 0.09541060
147 147 0.76943400
147 146 0.00533401
147 145 0.00133138
147 148 0.05606060
150 150 0.99513700
150 149 0.00080968
150 151 0.00053221
115 115 0.97138300
130 131 0.06024060
130 129 0.27301600
130 130 0.54644400
70 70 0.71669300
70 69 0.00063248
70 71 0.01289500
42 41 0.00063206
42 42 0.95990300
137 135 0.01312910
137 137 0.06087030
137 136 0.17525700
137 138 0.28658500
