5 14 5 14 0.18871400
5 127 5 127 0.00208071
5 136 5 136 0.09683400
5 22 5 22 0.00999474
146 153 146 153 0.69423000
56 70 56 70 0.70436600
56 67 56 67 0.00151097
78 123 77 123 0.00174316
79 122 78 122 0.00111901
79 122 79 122 0.08884520
79 120 79 120 0.10860500
53 73 53 73 0.59531800
94 108 92 108 0.03673820
94 108 93 107 0.00050374
83 118 83 118 0.29313700
99 103 97 103 0.00208574
11 129 11 129 0.16970300
11 17 11 17 0.03252120
77 124 76 124 0.00061114
44 133 44 133 0.12662700
44 50 44 50 0.02988120
74 126 74 126 0.25961500
88 115 87 115 0.00507914
88 114 87 114 0.15332800
88 114 88 114 0.44596600
88 114 88 113 0.04345320
86 117 85 117 0.00804854
86 115 86 115 0.06725170
86 116 85 116 0.15820700
86 116 86 116 0.20449100
86 116 86 115 0.03498900
142 157 142 157 0.58903100
144 155 144 155 0.69564300
42 52 42 52 0.02773050
97 105 97 105 0.29924300
97 104 95 104 0.00508203
97 104 96 104 0.00066045
97 104 97 104 0.05962320
1 141 1 141 0.02068540
1 12 1 12 0.00524771
1 136 1 136 0.01744520
19 137 19 137 0.02814860
19 138 19 138 0.01595490
19 31 19 31 0.08781680
92 109 91 109 0.06482310
92 109 92 108 0.01181390
92 109 92 109 0.19400600
92 110 90 110 0.00132385
92 110 91 110 0.04059390
92 110 92 109 0.00874297
76 124 76 124 0.21937700
90 113 89 113 0.00361161
90 112 90 111 0.04378890
90 112 89 112 0.18382800
9 131 9 131 0.15364700
84 117 84 117 0.34599200
84 118 84 118 0.10287100
84 118 84 117 0.01692980
84 118 83 118 0.09754150
28 41 28 41 0.12805000
20 137 20 137 0.02055770
29 40 29 40 0.15632500
36 41 36 41 0.03772260
58 65 58 65 0.02407410
58 68 58 68 0.58280700
91 110 91 110 0.20203200
91 110 91 109 0.00448833
91 110 90 110 0.05619420
91 111 91 110 0.02774390
91 111 90 111 0.09205510
85 117 85 117 0.28444800
85 117 85 116 0.02321260
85 117 84 117 0.19045900
85 116 85 116 0.12772700
85 118 85 117 0.00051148
85 118 84 118 0.00168589
140 160 140 160 0.08169130
45 49 45 49 0.08429870
45 132 45 132 0.26549400
3 16 3 16 0.03024920
3 136 3 136 0.19634500
17 33 17 33 0.11853900
17 139 17 139 0.03093690
16 140 16 140 0.02534810
16 37 16 37 0.05648260
145 154 145 154 0.69564400
81 121 81 121 0.43444700
147 152 147 152 0.68850700
143 156 143 156 0.65172800
6 134 6 134 0.12455300
87 115 86 115 0.16147600
87 115 87 115 0.40813900
87 115 87 114 0.03655660
87 116 87 115 0.00149826
87 116 86 116 0.00643269
139 160 139 160 0.34868900
12 128 12 128 0.04592270
54 72 54 72 0.97999400
30 39 30 39 0.16124100
48 129 48 129 0.68117300
13 40 13 40 0.06498670
43 51 43 51 0.02970850
61 66 61 66 0.19935200
61 67 61 67 0.11522500
57 66 57 66 0.00406537
57 69 57 69 0.87246100
82 119 82 119 0.37380300
49 128 49 128 0.15944600
4 137 4 137 0.07848400
4 23 4 23 0.01002280
4 128 4 128 0.00221573
4 15 4 15 0.11641600
47 130 47 130 0.11603000
141 158 141 158 0.62476100
18 138 18 138 0.02682090
18 139 18 139 0.01437850
18 32 18 32 0.08621100
80 119 80 119 0.02996690
80 122 80 122 0.16521100
96 106 94 106 0.02588110
50 127 50 127 0.23517300
14 39 14 39 0.20499600
55 71 55 71 0.70404500
2 140 2 140 0.04157360
2 137 2 137 0.15276700
2 138 2 138 0.13500500
89 114 88 114 0.00513277
89 113 88 113 0.18200600
89 113 89 112 0.03153790
89 113 89 113 0.24399500
10 130 10 130 0.27255900
95 107 93 107 0.02285020
