128 146 125 146 0.00052076
13 23 14 23 0.04187300
14 22 14 23 0.00377721
14 22 15 22 0.08237550
81 88 81 88 0.03274680
81 98 79 95 0.03118810
81 98 82 98 0.00108064
81 94 81 94 0.13907700
81 94 81 93 0.00270320
106 114 106 114 0.02631510
15 21 15 21 0.04029480
15 21 16 21 0.01088900
131 143 131 143 0.96125800
131 143 130 143 0.00606364
79 97 79 95 0.07863950
79 97 80 94 0.00377634
111 124 111 125 0.00051918
111 124 108 124 0.13169600
111 124 109 123 0.00869888
56 70 56 69 0.00135433
26 118 26 117 0.00553766
26 120 26 117 0.00139888
46 50 46 50 0.04419540
127 147 127 147 0.35248100
127 147 126 147 0.00735875
89 94 88 92 0.00304428
108 114 108 114 0.27130100
135 139 135 139 0.55614900
4 10 3 10 0.00176261
4 10 4 11 0.00524057
3 9 4 9 0.00588685
3 9 3 10 0.01763640
3 8 4 9 0.06537220
84 90 82 88 0.00142579
84 96 82 93 0.00141160
84 96 81 93 0.00096935
84 95 85 92 0.00110505
84 95 85 95 0.00098806
84 95 83 92 0.00242217
84 95 82 93 0.00082282
84 91 82 89 0.00093625
84 91 82 88 0.02080600
84 91 85 92 0.00051582
77 99 78 96 0.00336353
77 99 77 95 0.00058646
77 99 76 96 0.00080466
148 153 148 153 0.03059330
75 102 75 99 0.13583100
75 102 74 100 0.00074993
34 45 34 45 0.13136200
30 116 30 114 0.00097182
73 104 72 102 0.00068691
73 104 73 101 0.10994100
126 149 124 149 0.00061811
126 149 125 149 0.02086150
126 149 123 149 0.00153357
126 147 126 147 0.07233460
1 11 2 11 0.00088385
1 11 1 12 0.01839690
1 151 2 151 0.00248862
1 151 1 151 0.05506360
1 148 2 148 0.00052763
82 97 81 94 0.00307691
82 97 80 94 0.03141860
82 97 82 98 0.00072126
82 97 82 93 0.00083618
82 89 82 89 0.54299200
82 95 82 93 0.11616800
82 95 83 92 0.00065319
76 101 76 98 0.13047500
2 9 3 10 0.08362810
2 12 1 12 0.00213728
115 120 112 120 0.20013300
115 120 112 119 0.00402373
115 120 116 121 0.00055071
115 120 111 117 0.00055167
115 120 113 120 0.00067812
115 120 113 119 0.01446570
134 141 134 141 0.04084850
134 141 133 141 0.00083380
134 140 134 140 0.54995100
36 108 36 108 0.01979480
36 110 36 108 0.00110599
5 9 5 10 0.00306800
5 9 4 9 0.00345212
44 52 44 52 0.04365840
74 103 74 100 0.22702800
74 103 73 101 0.00080081
105 115 105 115 0.04735860
85 95 85 95 0.04053130
85 95 83 92 0.00302764
85 91 82 88 0.00311773
32 114 32 112 0.00069102
32 47 32 47 0.78831100
33 46 33 46 0.15140100
57 69 57 69 0.14357600
124 150 122 150 0.00166224
71 109 71 109 0.01398100
71 109 71 106 0.02164520
71 107 71 105 0.00107386
71 107 71 104 0.02206720
71 108 71 105 0.05601860
71 108 71 106 0.00066543
71 106 71 106 0.12567300
71 106 71 104 0.00458414
71 84 71 84 0.02812080
71 105 71 105 0.12273000
114 121 110 118 0.00050776
114 121 113 120 0.00056483
114 121 111 120 0.00171920
114 121 111 121 0.20497400
114 121 114 122 0.00095050
114 121 112 120 0.01450110
114 123 114 122 0.00239640
114 123 111 120 0.00084570
114 119 114 118 0.00214733
133 142 132 142 0.00390224
133 142 133 142 0.29436900
133 141 133 141 0.38532900
133 140 133 140 0.01533390
113 124 113 123 0.00624516
113 122 111 121 0.01151950
113 122 110 122 0.19246500
113 122 113 123 0.00164680
86 94 85 92 0.00174578
86 94 84 92 0.00088601
86 94 86 94 0.02481070
45 51 45 51 0.03460870
122 151 121 151 0.00214873
122 150 122 150 0.71139500
130 144 130 144 0.47816300
130 144 129 144 0.00268859
78 98 79 95 0.00375267
78 98 78 96 0.09362210
78 98 77 95 0.00107513
78 101 76 98 0.00114614
83 91 83 92 0.00123181
83 96 82 93 0.00336268
83 96 81 93 0.02840620
83 96 83 92 0.00069115
80 96 81 93 0.00371435
80 96 80 94 0.17121400
80 99 81 99 0.00301539
80 99 78 96 0.02914340
80 89 80 89 0.18069400
80 95 80 94 0.00338489
147 154 147 154 0.02496360
37 107 37 107 0.00841939
87 94 85 92 0.00108797
70 108 70 105 0.03170890
70 108 70 106 0.00175071
70 109 70 106 0.04822490
70 109 70 107 0.00141236
70 107 70 104 0.01201600
70 107 70 107 0.15171000
70 107 70 105 0.00157397
70 110 70 107 0.04021290
70 85 70 85 0.01304920
70 106 70 106 0.07940940
70 106 70 104 0.00165290
129 145 129 145 0.47580000
129 145 128 145 0.00411421
69 86 69 86 0.00295983
35 44 35 44 0.15826800
35 109 35 109 0.00803308
31 115 31 113 0.00102465
107 115 107 115 0.08425540
