1 151 1 151 0.02369460
27 34 27 34 0.18880900
126 147 126 147 0.09516390
73 98 73 98 0.25771800
73 101 73 101 0.10537400
76 98 76 98 0.15474400
76 96 76 96 0.08667380
82 93 82 93 0.16610300
75 96 75 96 0.24515100
75 99 75 99 0.14042900
62 114 62 114 0.00638822
62 70 62 70 0.05642740
30 39 30 39 0.00234272
77 95 77 95 0.34825500
51 153 51 153 0.06873890
51 150 51 150 0.01801550
51 119 51 119 0.21865500
148 153 148 153 0.00231993
72 99 72 99 0.27868800
72 102 72 102 0.16024900
72 104 72 104 0.03022170
135 139 135 139 0.68278600
12 50 12 50 0.05573060
108 114 108 114 0.24248100
108 119 108 119 0.03149000
18 53 18 53 0.01317840
18 44 18 44 0.30382200
127 147 127 147 0.47885600
116 121 116 121 0.01072150
116 153 116 153 0.03310590
111 125 111 125 0.00100342
111 120 111 120 0.00551569
125 149 125 149 0.06396320
46 50 46 50 0.06916980
26 35 26 35 0.87675300
22 39 22 39 0.36853200
53 58 53 58 0.02704110
53 117 53 117 0.26289300
53 63 53 63 0.08974960
15 47 15 47 0.19046200
17 54 17 54 0.01017990
17 150 17 150 0.00450915
96 115 96 115 0.00355886
79 95 79 95 0.15142700
79 92 79 92 0.05958870
131 143 131 143 0.98051400
25 34 25 34 0.07213890
106 119 106 119 0.03303730
106 114 106 114 0.12287400
81 93 81 93 0.20543800
81 94 81 94 0.07984210
50 154 50 154 0.09968820
50 151 50 151 0.06285240
19 42 19 42 0.47492200
43 53 43 53 0.00959928
14 48 14 48 0.24755400
97 114 97 114 0.00276089
23 38 23 38 0.40489800
63 113 63 113 0.01140000
63 69 63 69 0.12307500
31 38 31 38 0.00495564
78 96 78 96 0.14580100
78 94 78 94 0.07678490
78 93 78 93 0.11672900
83 92 83 92 0.49071900
58 66 58 66 0.08215920
58 67 58 67 0.10046500
58 112 58 112 0.02749400
129 145 129 145 0.60338500
70 106 70 106 0.04630260
70 101 70 101 0.21874300
29 34 29 34 0.04846650
42 54 42 54 0.00139712
80 94 80 94 0.25665600
147 154 147 154 0.00116195
54 62 54 62 0.09713090
54 151 54 151 0.01445620
54 116 54 116 0.18261500
8 15 8 15 0.28434900
122 150 122 150 0.75507600
120 149 120 149 0.02245720
113 123 113 123 0.00128440
133 141 133 141 0.70956900
130 144 130 144 0.60343100
71 105 71 105 0.05570050
71 100 71 100 0.22364500
55 114 55 114 0.07750640
55 150 55 150 0.00462404
121 148 121 148 0.01820720
121 151 121 151 0.39065200
132 142 132 142 0.60506400
114 122 114 122 0.00490103
28 34 28 34 0.09314740
21 40 21 40 0.36888700
123 149 123 149 0.49341100
105 120 105 120 0.05042850
105 115 105 115 0.20239300
85 92 85 92 0.04760180
124 149 124 149 0.04454150
57 69 57 69 0.04759660
57 67 57 67 0.06905000
57 113 57 113 0.03691360
52 118 52 118 0.29695500
52 149 52 149 0.00758951
52 64 52 64 0.06728820
74 97 74 97 0.23556800
74 100 74 100 0.10384000
44 52 44 52 0.01522060
112 119 112 119 0.00729576
112 124 112 124 0.00114976
103 126 103 126 0.00230612
103 118 103 118 0.03611430
16 21 16 21 0.00103165
16 55 16 55 0.00863110
16 151 16 151 0.01662000
16 46 16 46 0.58393000
104 117 104 117 0.05305380
20 41 20 41 0.94853700
134 140 134 140 0.70681500
115 154 115 154 0.03366780
2 21 2 21 0.00055248
2 152 3 152 0.00080729
94 117 94 117 0.00082025
95 116 95 116 0.00129395
