103 103 0.86869016
61 60 0.01593002
61 61 0.42878422
43 43 0.53650223
43 40 0.05509885
43 42 0.13908405
43 41 0.02489731
95 95 0.55286066
95 96 0.00097592
11 11 0.63777169
69 68 0.00212405
69 69 0.68151984
36 36 0.52133312
36 34 0.00119909
36 35 0.24447683
130 130 0.41728598
130 131 0.00097240
130 129 0.01190794
42 42 0.42084626
42 40 0.03747832
42 41 0.02010723
14 14 0.65033941
18 18 0.45384388
34 34 0.43903027
34 33 0.02858420
75 75 0.22978288
23 23 0.84897907
23 22 0.00077224
140 140 0.83054774
140 139 0.01278890
17 17 0.52240652
32 32 0.40926968
32 31 0.00195402
2 2 0.46493300
63 63 0.56266053
63 62 0.00275510
50 50 0.20953982
50 48 0.05784147
50 49 0.06453430
127 127 0.51743841
127 126 0.04737597
51 50 0.02022365
51 52 0.00088128
51 51 0.36334096
51 49 0.05386758
77 77 0.37680427
115 115 0.89423238
54 52 0.00348829
54 54 0.34983270
54 53 0.00583070
89 89 0.40754678
105 105 0.54021011
25 24 0.00087521
25 25 0.27118448
102 103 0.00366473
102 102 0.87008127
124 124 0.83104182
99 100 0.00265880
99 99 0.83729597
97 98 0.00070332
97 97 0.49552249
121 121 0.13995033
27 26 0.00188706
27 27 0.48430881
1 1 0.94504916
111 111 0.56353793
151 152 0.00589824
151 151 0.60059439
151 150 0.25239481
106 106 0.46716982
30 29 0.00181043
30 30 0.44789736
91 91 0.51017889
88 88 0.17081728
120 120 0.67956709
33 32 0.01023838
33 33 0.59271839
152 151 0.31118765
152 153 0.00463911
152 152 0.43218104
147 146 0.00279014
147 147 0.48363374
52 53 0.00159395
52 51 0.06653801
52 50 0.09311912
52 52 0.45799136
5 5 0.93331924
113 113 0.53682340
68 67 0.00412300
68 68 0.69781013
122 122 0.52564838
90 90 0.39430140
131 130 0.01114909
131 132 0.00211138
131 131 0.79944077
44 42 0.04547478
44 43 0.01737713
44 44 0.40623648
85 85 0.99344057
134 134 0.84878146
134 135 0.00167103
134 133 0.08839320
53 52 0.06528309
53 51 0.06556257
53 53 0.56156789
58 58 0.69746144
58 57 0.00829627
96 97 0.00090734
96 96 0.55324590
92 92 0.52203824
92 93 0.00061290
55 55 0.31310514
55 54 0.02711363
55 53 0.00274620
8 8 0.39049059
22 23 0.00074416
22 22 0.78520030
146 146 0.38039711
146 145 0.00282281
107 107 0.63582188
126 127 0.00051482
126 125 0.00191865
126 126 0.59433046
57 56 0.00621258
57 57 0.49188251
110 110 0.31414258
71 71 0.60284238
59 59 0.74638788
59 58 0.01186328
59 60 0.00136998
70 70 0.92010770
20 20 0.68963832
40 38 0.00654289
40 37 0.00116721
40 40 0.55972422
40 39 0.30841313
35 35 0.51660726
35 34 0.00407699
138 138 0.29380344
138 137 0.00241271
37 37 0.65141030
37 36 0.01259522
143 143 0.87927034
143 142 0.06677559
48 48 0.42136403
48 45 0.00055435
48 46 0.02053028
48 49 0.00050978
48 47 0.00505097
82 82 0.16585611
12 12 0.65664767
31 31 0.46589928
31 30 0.05351728
19 19 0.34381700
3 3 0.63633541
94 94 0.43723512
94 95 0.00125847
6 6 0.77133451
67 67 0.71090739
67 66 0.00558486
13 13 0.81770458
47 47 0.41515618
47 46 0.00750057
47 45 0.04191587
139 139 0.20341909
139 138 0.00114094
153 154 0.00473553
153 153 0.48033204
153 152 0.02284113
118 118 0.78978499
60 59 0.00922837
60 60 0.71524297
73 73 0.65904044
56 56 0.42938380
56 55 0.00111232
123 123 0.24045912
62 61 0.00068093
62 62 0.50236376
28 28 0.17632242
28 27 0.00326147
109 109 0.32838126
79 79 0.51416466
72 72 0.62712321
148 148 0.72411261
148 147 0.05769233
148 149 0.00172918
64 63 0.00540140
64 64 0.37356312
26 25 0.00065409
26 26 0.84878389
133 134 0.00190666
133 132 0.08795115
133 133 0.65620634
49 49 0.44180841
49 47 0.03217148
49 48 0.00732194
49 50 0.00134646
7 7 0.58982405
93 93 0.38170387
93 94 0.00066675
41 41 0.37986493
41 38 0.00241655
41 39 0.01577416
41 40 0.17697444
80 80 0.40050770
150 150 0.55366797
150 151 0.00491715
150 149 0.11011043
114 114 0.25244678
116 116 0.83998367
129 130 0.00084904
129 129 0.42444920
129 128 0.01857983
45 44 0.00615834
45 43 0.11896652
45 42 0.00097300
45 45 0.43366999
4 4 0.57471257
39 38 0.31742634
39 37 0.00463029
39 39 0.64006017
141 141 0.82040180
141 140 0.02261985
135 135 0.71926686
135 134 0.09220301
29 29 0.46626680
29 28 0.01893025
38 38 0.64977276
38 37 0.31923604
38 36 0.00289036
65 65 0.46564325
65 64 0.00574259
137 136 0.01914512
137 137 0.33460970
154 153 0.02402063
154 154 0.50309533
108 108 0.70888151
86 86 0.92006375
81 81 0.48559451
101 101 0.81026298
83 83 0.49341766
125 124 0.00195451
125 125 0.27669125
132 133 0.00206593
132 131 0.08977555
132 132 0.84094157
10 10 0.44267563
117 117 0.88130156
15 15 0.52596308
76 76 0.76229435
9 9 0.39115078
142 141 0.01382133
142 142 0.86984906
74 74 0.50690392
112 112 0.34446092
46 43 0.01428509
46 46 0.44292750
46 45 0.01362208
46 44 0.00410140
78 78 0.50567790
100 101 0.00454733
100 100 0.87113682
87 87 0.49444660
128 127 0.02693228
128 128 0.36314969
128 129 0.00062843
149 149 0.68657388
149 148 0.11642846
149 150 0.00051827
144 143 0.03921584
144 144 0.25543453
136 135 0.09236460
136 136 0.43406795
145 144 0.00105326
145 145 0.34319884
119 119 0.53786675
98 99 0.00497978
98 98 0.69591984
66 66 0.73270476
66 65 0.00585094
21 21 0.72291319
16 16 0.06034733
104 104 0.50174284
104 105 0.00471758
24 23 0.00139635
24 24 0.48744099
84 84 0.99346468
