120 126 134 140 0.90586600
19 27 23 35 0.00339470
19 27 24 34 0.03027060
19 27 24 36 0.00210147
19 27 18 32 0.00102580
19 27 25 33 0.12900500
19 27 21 32 0.00466759
19 27 21 29 0.11693900
19 27 20 30 0.00788393
19 27 20 33 0.00180381
19 27 20 37 0.00058019
19 27 20 39 0.01250900
19 27 22 36 0.00160502
19 27 22 31 0.00071489
19 27 19 34 0.00053782
19 27 19 31 0.58799000
19 27 19 28 0.00631116
45 143 57 157 0.01675150
45 142 57 157 0.00762060
135 141 148 157 0.00064970
59 66 71 77 0.01593870
59 63 71 75 0.36535700
59 63 71 77 0.00150981
17 29 23 35 0.18048900
17 29 23 37 0.00074415
17 29 22 36 0.02150920
17 29 20 38 0.00220797
17 29 20 39 0.00072870
17 29 21 36 0.00097099
17 29 17 33 0.57898000
17 29 17 37 0.00392022
17 29 17 35 0.01003160
17 29 17 30 0.00362767
17 29 18 32 0.00449297
17 29 18 36 0.00061440
17 29 18 41 0.02238470
17 29 19 31 0.07277610
17 29 19 34 0.00376189
17 29 19 40 0.02336730
46 142 58 156 0.01898780
46 141 58 156 0.03459890
137 141 151 155 0.00934116
119 128 132 142 0.00103929
119 127 133 141 0.55855500
15 32 20 39 0.01411080
15 32 20 38 0.01442730
15 32 15 37 0.05385800
15 32 15 35 0.00621820
15 32 15 42 0.04713170
15 32 16 36 0.00054300
15 32 16 34 0.00478606
15 32 17 37 0.00575027
15 32 17 42 0.00646056
15 32 17 35 0.00211052
15 32 18 41 0.00254113
15 32 19 40 0.00161364
6 41 6 53 0.87636700
18 28 20 39 0.01419610
18 28 20 30 0.10143600
18 28 20 33 0.00471540
18 28 22 36 0.00358683
18 28 19 34 0.00123342
18 28 19 40 0.02190920
18 28 19 31 0.00943236
18 28 17 33 0.00102739
18 28 23 35 0.02881670
18 28 23 37 0.00147355
18 28 24 34 0.18137100
18 28 24 36 0.00056022
18 28 18 36 0.00180079
18 28 18 34 0.00386460
18 28 18 32 0.57878100
18 28 18 29 0.00445663
18 28 21 32 0.00052697
1 48 1 60 0.01202300
1 143 1 158 0.01001130
1 143 1 157 0.02110500
1 143 1 159 0.17627200
1 142 1 158 0.11213800
1 142 1 157 0.00997362
121 125 135 139 0.94628800
48 138 60 153 0.00556801
136 140 151 155 0.00502176
21 25 26 31 0.00103083
21 25 26 34 0.00317324
21 25 26 32 0.02859380
21 25 20 30 0.00085002
21 25 22 36 0.00067943
21 25 22 31 0.00305694
21 25 22 28 0.00848003
21 25 27 31 0.17333800
21 25 25 33 0.00566752
21 25 25 35 0.00084185
21 25 21 29 0.34689400
21 25 23 37 0.00053001
21 25 23 35 0.00168382
21 25 23 30 0.00301153
21 25 23 27 0.12933800
21 25 24 29 0.00102050
21 25 24 34 0.00137159
130 139 147 156 0.00094338
130 137 144 152 0.00435196
130 138 144 152 0.83217100
16 31 16 34 0.00368977
16 31 16 36 0.01911480
16 31 16 41 0.01727210
16 31 17 33 0.00226020
16 31 18 41 0.00390869
16 31 18 34 0.00153430
16 31 18 36 0.00481620
16 31 19 40 0.00282153
16 31 20 39 0.00194632
16 31 20 38 0.00110430
16 30 18 32 0.06513720
16 30 18 36 0.00095927
16 30 18 34 0.00113375
16 30 18 41 0.02550050
16 30 21 36 0.00467167
16 30 15 35 0.00057959
16 30 22 36 0.16827000
16 30 20 38 0.00156912
16 30 20 37 0.00217348
16 30 19 40 0.00106489
16 30 16 41 0.05094070
16 30 16 31 0.00191038
16 30 16 34 0.49765900
16 30 16 36 0.01604340
16 30 17 42 0.02400620
16 30 17 37 0.00130397
16 30 17 33 0.00440703
60 65 72 76 0.00808372
2 142 2 157 0.01085200
2 142 2 158 0.10314300
2 142 2 156 0.00904169
2 143 2 157 0.03274850
2 143 2 158 0.01034270
2 143 2 159 0.11886700
2 48 2 60 0.04446890
2 141 2 156 0.02197980
2 141 2 157 0.10517800
47 141 59 154 0.00075289
56 67 68 78 0.01627550
56 64 70 78 0.00133744
56 64 68 78 0.00154578
57 63 71 77 0.00147323
57 63 69 77 0.00252295
57 63 70 76 0.00050179
57 66 70 78 0.00082588
57 66 69 77 0.04066960
3 142 3 156 0.02509520
3 142 3 158 0.09942170
3 142 3 157 0.01206050
3 140 3 156 0.03453890
3 141 3 156 0.03184890
3 141 3 157 0.12910300
20 26 24 34 0.00573550
20 26 24 36 0.00074920
20 26 23 35 0.00173738
20 26 23 30 0.00087333
20 26 21 32 0.00510972
20 26 21 29 0.01492790
20 26 21 36 0.00107775
20 26 25 35 0.00328603
20 26 25 33 0.03155550
20 26 20 33 0.00056196
20 26 20 30 0.57061700
20 26 20 27 0.00898811
20 26 22 28 0.12564200
20 26 22 31 0.00406732
20 26 22 36 0.00189126
20 26 26 32 0.18706500
20 26 19 31 0.00099541
9 38 9 50 0.70333300
5 138 5 152 0.00361489
58 62 72 76 0.00329095
58 62 71 75 0.00054309
58 62 70 76 0.00081193
58 67 70 78 0.00532413
58 64 70 76 0.35038200
58 64 70 78 0.00054205
58 65 70 76 0.01092010
58 65 70 78 0.00071265
58 65 71 77 0.00075321
131 136 145 151 0.00502108
131 137 145 151 0.90682600
8 39 8 51 0.59952800
14 32 16 34 0.02002890
14 32 16 36 0.00103615
14 32 16 41 0.00067334
14 32 17 42 0.00160921
14 32 18 41 0.00059458
14 32 19 40 0.00093310
14 32 20 38 0.07063340
14 32 20 39 0.00556989
14 32 14 36 0.14129800
14 32 14 34 0.00276305
14 32 14 43 0.02964340
14 32 14 44 0.18189100
14 32 15 35 0.00130452
42 58 54 70 0.00080996
42 54 54 66 0.00104199
10 37 10 48 0.00060805
10 37 10 49 0.62736400
10 36 10 48 0.08863240
10 36 11 48 0.00242356
4 43 4 55 0.97874400
7 40 7 52 0.98881100
132 136 146 150 0.92351700
