85 94 85 94 0.86229100
142 147 142 147 0.09427950
72 113 72 113 0.01351370
72 112 72 112 0.48472600
2 149 2 149 0.01909100
24 114 24 114 0.00881217
24 62 24 62 0.05305810
24 130 24 130 0.01423070
24 131 24 131 0.01179740
24 153 24 153 0.00838578
24 60 24 60 0.02374620
79 100 79 100 0.67789000
126 137 126 137 0.31526500
134 140 134 140 0.00323041
115 151 115 151 0.00052436
61 123 61 123 0.00955566
61 70 61 70 0.02852060
61 125 61 125 0.15781200
61 120 61 120 0.01080760
61 68 61 68 0.00300971
41 50 41 50 0.01399200
41 51 41 51 0.08916410
141 149 141 149 0.31828700
31 62 31 62 0.03510450
31 56 31 56 0.50133800
42 47 42 47 0.24637100
42 48 42 48 0.08591670
42 49 42 49 0.02719450
12 18 12 18 0.05356850
12 19 12 19 0.08553560
12 148 12 148 0.02475830
12 136 12 136 0.08346220
12 122 12 122 0.03050940
12 27 12 27 0.00900851
151 159 151 159 0.01026300
69 116 69 116 0.46850400
127 136 127 136 0.41682900
118 156 118 156 0.00190799
140 150 140 150 0.25325800
140 146 140 146 0.02495400
32 61 32 61 0.04214210
32 55 32 55 0.58605500
4 147 4 147 0.02052300
4 10 4 10 0.03754570
4 125 4 125 0.00160821
4 16 4 16 0.03970560
4 157 4 157 0.25841000
4 156 4 156 0.26470600
139 151 139 151 0.25637900
139 147 139 147 0.02096460
65 118 65 118 0.02250770
65 122 65 122 0.06365740
86 93 86 93 0.63508700
63 123 63 123 0.16923700
63 120 63 120 0.07267380
63 68 63 68 0.05449350
8 22 8 22 0.02502640
8 152 8 152 0.18023000
8 140 8 140 0.00695240
8 13 8 13 0.08924900
11 60 11 60 0.00625094
11 140 11 140 0.00216938
11 149 11 149 0.02568140
11 137 11 137 0.08113020
11 20 11 20 0.04640430
11 123 11 123 0.01680670
129 144 129 144 0.02297390
129 160 129 160 0.00127554
125 138 125 138 0.21758800
125 139 125 139 0.12356300
125 148 125 148 0.04414500
45 50 45 50 0.02708350
37 52 37 52 0.55131900
37 55 37 55 0.05326370
124 149 124 149 0.05326190
124 140 124 140 0.13347000
120 132 120 132 0.00193306
120 144 120 144 0.01961550
84 95 84 95 0.58838200
84 98 84 98 0.00180581
76 103 76 103 0.69845900
15 62 15 62 0.05534040
15 20 15 20 0.01225230
15 149 15 149 0.00181190
15 116 15 116 0.01725670
15 22 15 22 0.00953960
15 131 15 131 0.00583608
15 140 15 140 0.00112024
15 137 15 137 0.00804061
130 159 130 159 0.00173056
130 142 130 142 0.02899370
7 23 7 23 0.02787060
7 153 7 153 0.31049900
7 143 7 143 0.00898465
7 14 7 14 0.08764780
38 54 38 54 0.04380380
38 50 38 50 0.00796874
38 51 38 51 0.46580400
43 50 43 50 0.01972210
21 25 21 25 0.12800900
21 27 21 27 0.08862700
21 109 21 109 0.01029470
21 28 21 28 0.00817102
21 63 21 63 0.01919670
21 132 21 132 0.00559828
21 57 21 57 0.00158780
21 117 21 117 0.01449970
20 118 20 118 0.01828800
20 135 20 135 0.00444337
20 26 20 26 0.06818190
20 28 20 28 0.03791030
20 133 20 133 0.00373233
20 66 20 66 0.00522125
20 155 20 155 0.01995670
20 64 20 64 0.01793670
20 146 20 146 0.00690714
20 134 20 134 0.00622956
20 110 20 110 0.00906171
20 58 20 58 0.00469426
13 139 13 139 0.00490305
13 58 13 58 0.00090399
13 64 13 64 0.03798540
13 121 13 121 0.01846940
13 26 13 26 0.00622170
13 17 13 17 0.06055080
13 133 13 133 0.00888564
13 118 13 118 0.02315010
13 18 13 18 0.08576960
13 135 13 135 0.05019650
14 57 14 57 0.00068529
14 117 14 117 0.02556940
14 132 14 132 0.01264420
14 25 14 25 0.01083450
14 138 14 138 0.00928899
14 63 14 63 0.05814770
71 113 71 113 0.47905900
146 152 146 152 0.00506549
87 95 87 95 0.00203787
87 94 87 94 0.00426948
36 56 36 56 0.04700690
36 51 36 51 0.00864852
36 53 36 53 0.40422200
81 97 81 97 0.21617700
137 150 137 150 0.00721344
122 130 122 130 0.00468640
122 143 122 143 0.01593390
122 151 122 151 0.14306900
5 9 5 9 0.05975390
5 155 5 155 0.28862500
5 124 5 124 0.00293944
5 146 5 146 0.01691840
5 15 5 15 0.04777790
5 25 5 25 0.00946104
67 118 67 118 0.52639800
128 135 128 135 0.34351700
128 146 128 146 0.00265135
128 144 128 144 0.00133767
128 145 128 145 0.03938890
128 134 128 134 0.02066520
75 104 75 104 0.59064200
23 107 23 107 0.00226287
23 132 23 132 0.01470900
23 106 23 106 0.00210197
23 115 23 115 0.00813188
23 61 23 61 0.02947100
23 63 23 63 0.05053570
23 28 23 28 0.00864455
44 51 44 51 0.00906134
6 24 6 24 0.02382650
78 101 78 101 0.59226000
123 141 123 141 0.07880690
123 150 123 150 0.08699970
16 132 16 132 0.06233270
16 148 16 148 0.00254529
16 136 16 136 0.00845506
16 138 16 138 0.00380964
16 61 16 61 0.08726800
16 115 16 115 0.01819120
26 112 26 112 0.00317091
26 62 26 62 0.01509970
26 152 26 152 0.01131030
26 128 26 128 0.02951040
26 60 26 60 0.07148850
22 64 22 64 0.03524310
22 155 22 155 0.00598119
22 107 22 107 0.00206456
22 133 22 133 0.00879792
22 27 22 27 0.01556990
22 26 22 26 0.08784400
22 126 22 126 0.00614822
40 48 40 48 0.02201500
40 52 40 52 0.06765430
40 49 40 49 0.54050100
132 157 132 157 0.00320860
132 140 132 140 0.02512330
74 106 74 106 0.03404490
74 110 74 110 0.11393400
74 105 74 105 0.47826300
25 113 25 113 0.00554419
25 153 25 153 0.01380510
25 62 25 62 0.01102070
25 130 25 130 0.00984368
25 129 25 129 0.02542450
27 111 27 111 0.00428547
27 151 27 151 0.00906466
27 127 27 127 0.04379000
27 60 27 60 0.14618200
27 59 27 59 0.05496380
143 148 143 148 0.08140080
39 50 39 50 0.46254000
39 53 39 53 0.04857460
113 145 113 145 0.00073177
34 54 34 54 0.05209640
34 59 34 59 0.04131080
34 53 34 53 0.12468700
17 113 17 113 0.01103070
17 60 17 60 0.06154490
17 131 17 131 0.05203730
17 22 17 22 0.01813470
17 149 17 149 0.00123403
17 137 17 137 0.00279149
133 140 133 140 0.00808823
138 149 138 149 0.00981142
138 152 138 152 0.05014560
29 64 29 64 0.04576630
29 58 29 58 0.50040200
3 158 3 158 0.34965500
3 11 3 11 0.01480390
3 126 3 126 0.00078474
3 148 3 148 0.01891110
3 17 3 17 0.02087140
88 94 88 94 0.00517326
88 93 88 93 0.04734910
152 158 152 158 0.00994718
117 149 117 149 0.00061443
117 157 117 157 0.00075273
60 71 60 71 0.01296400
60 69 60 69 0.00136945
60 124 60 124 0.00588466
60 126 60 126 0.08318470
60 121 60 121 0.00467840
80 97 80 97 0.05951740
80 100 80 100 0.02153230
136 151 136 151 0.00895872
62 124 62 124 0.14770800
62 69 62 69 0.03029490
62 121 62 121 0.03359600
9 20 9 20 0.04231450
9 137 9 137 0.00472992
9 13 9 13 0.01355240
9 152 9 152 0.02002180
9 62 9 62 0.00703356
9 22 9 22 0.01555540
9 140 9 140 0.01449430
68 117 68 117 0.55318800
28 59 28 59 0.47748000
28 65 28 65 0.05037640
66 120 66 120 0.03567500
66 119 66 119 0.45072400
83 96 83 96 0.89594600
83 97 83 97 0.03251540
70 115 70 115 0.58262000
121 152 121 152 0.09250260
121 128 121 128 0.00267637
121 131 121 131 0.00223030
19 59 19 59 0.00968995
19 156 19 156 0.02545560
19 119 19 119 0.03123110
19 29 19 29 0.00984362
19 147 19 147 0.00866152
19 111 19 111 0.01265810
19 65 19 65 0.01736760
19 129 19 129 0.06016090
18 157 18 157 0.01912180
18 112 18 112 0.01128180
18 130 18 130 0.06590660
18 120 18 120 0.04023300
18 30 18 30 0.00316486
18 59 18 59 0.04010780
30 57 30 57 0.59799100
30 63 30 63 0.04546100
135 152 135 152 0.00637915
135 140 135 140 0.00622619
82 98 82 98 0.06909620
1 152 1 152 0.00850623
1 13 1 13 0.00217333
59 122 59 122 0.00208344
131 158 131 158 0.00149492
131 141 131 141 0.02320970
10 61 10 61 0.01076930
10 139 10 139 0.01751600
10 138 10 138 0.10523700
10 136 10 136 0.00383043
10 19 10 19 0.06168030
35 57 35 57 0.06053230
35 52 35 52 0.03966350
64 120 64 120 0.05031150
64 123 64 123 0.02128830
64 119 64 119 0.04820690
77 102 77 102 0.69845900
33 54 33 54 0.49265400
33 60 33 60 0.03659880
