31 15 0.00098185
31 26 0.00070454
31 23 0.00264150
31 34 0.01226192
31 19 0.01580726
31 17 0.00120069
31 20 0.00230703
31 22 0.00192660
31 21 0.00483575
31 16 0.00275181
31 18 0.00546908
31 31 0.61058244
73 62 0.00320718
73 61 0.00160798
73 67 0.00255835
73 63 0.00116225
73 64 0.00615937
73 66 0.00966497
73 65 0.00150158
73 73 0.45526794
10 10 0.21557250
10 11 0.05915056
67 68 0.00228314
67 61 0.00427399
67 59 0.00212322
67 56 0.00169793
67 65 0.00128317
67 66 0.04638670
67 67 0.54241096
137 133 0.01599945
137 137 0.56443564
137 140 0.00054399
137 139 0.00067861
137 135 0.00127992
149 151 0.00517077
149 147 0.02837241
149 149 0.26551942
149 148 0.10204952
149 150 0.01122394
149 152 0.00829956
149 153 0.00109486
155 158 0.00089206
155 156 0.01997140
155 155 0.22740429
155 157 0.00348436
155 154 0.01104444
55 58 0.11236106
55 67 0.00057877
55 55 0.42073510
144 146 0.00124798
144 145 0.00149046
144 144 0.38578472
144 147 0.00799565
144 149 0.00243715
144 148 0.01033084
144 150 0.00276367
144 142 0.00057631
130 135 0.00283333
130 126 0.04984680
130 123 0.00135143
130 128 0.00088829
130 133 0.00189254
130 125 0.09292938
130 127 0.00083210
130 129 0.00183087
130 136 0.00914010
130 131 0.00183497
130 130 0.36971240
130 134 0.00993791
130 124 0.00156205
130 132 0.00371586
12 12 0.30177612
12 13 0.00076582
11 11 0.82265119
11 12 0.05450956
107 106 0.00301272
107 107 0.42891942
107 103 0.02149700
107 104 0.05218294
107 98 0.00091449
107 109 0.00134547
107 105 0.03492682
107 108 0.00174278
103 103 0.39857476
103 101 0.00052997
103 106 0.00257091
103 102 0.02628280
103 94 0.01497966
103 104 0.00579563
103 93 0.00531039
103 97 0.00302476
103 105 0.02062733
91 91 0.51814823
91 92 0.02542791
91 89 0.00060406
91 82 0.00057134
91 88 0.00415436
91 94 0.03281600
91 93 0.01177434
91 96 0.00053085
91 95 0.00115294
91 85 0.00206105
91 84 0.00426641
91 86 0.00085051
91 87 0.00061123
91 81 0.00088133
91 97 0.00541590
91 83 0.00087976
51 40 0.00119086
51 51 0.49537725
51 34 0.00080870
51 54 0.06905738
120 117 0.00162693
120 122 0.00079456
120 120 0.56407281
120 121 0.00119135
120 119 0.00109524
120 125 0.00066841
120 112 0.00131304
120 115 0.13662140
120 128 0.00094221
120 118 0.00089238
120 116 0.00158178
123 123 0.49741504
123 118 0.00316050
123 126 0.00335650
123 128 0.00096753
123 130 0.00119840
123 129 0.00260593
123 131 0.01058275
123 119 0.00198147
123 125 0.00097159
123 127 0.00349804
123 117 0.00056934
123 124 0.00148187
123 122 0.00847861
123 114 0.00058359
123 121 0.00128615
123 120 0.00208119
27 27 0.56529936
27 16 0.00486029
27 18 0.00187975
27 21 0.00072638
27 22 0.00080580
27 20 0.00089869
27 17 0.00875168
27 19 0.00296642
27 15 0.00179888
84 82 0.01491091
84 87 0.00063830
84 81 0.00544611
84 80 0.00166818
84 84 0.65140006
84 86 0.01090084
84 78 0.01259313
84 77 0.00067650
84 79 0.03692338
65 63 0.00091273
65 64 0.02531092
65 66 0.00195815
65 65 0.47519800
65 56 0.00143977
65 57 0.00559833
65 59 0.00056113
65 68 0.00062214
83 79 0.00086714
83 85 0.02083788
83 77 0.00168513
83 78 0.01837577
83 84 0.00289402
83 86 0.02723565
83 83 0.65176517
83 80 0.00161873
83 81 0.00511318
83 75 0.00226304
83 76 0.00059940
83 82 0.00091840
64 63 0.00870688
64 58 0.00363685
64 67 0.00265737
64 54 0.00168531
64 53 0.00398463
64 64 0.46684922
64 66 0.00128544
64 65 0.00161537
97 97 0.61876871
97 98 0.01502591
97 95 0.04284426
97 96 0.02246249
97 93 0.01588853
97 94 0.04418036
97 90 0.00099447
97 99 0.00200972
97 92 0.00787179
97 91 0.00404735
105 108 0.00252747
105 97 0.00072313
105 105 0.60896308
105 95 0.00342436
105 102 0.00214847
105 104 0.01652475
105 96 0.00200626
105 107 0.01004451
105 103 0.00685026
105 106 0.00926393
105 101 0.00103380
87 89 0.00635922
87 82 0.01503895
87 90 0.01986726
87 84 0.02117777
87 78 0.00134067
87 87 0.37011691
87 80 0.01307099
87 81 0.01489665
87 83 0.02172954
87 79 0.00427312
87 85 0.02768934
87 77 0.00564355
20 23 0.00938806
20 19 0.00262893
20 17 0.00299409
20 20 0.53343501
20 22 0.00054556
20 21 0.00479683
20 18 0.00116421
20 16 0.00169462
49 34 0.00058242
49 52 0.00440377
49 37 0.00954671
49 32 0.00669069
49 49 0.63491562
49 35 0.00845596
49 36 0.00054333
49 38 0.01438589
95 86 0.00090585
95 97 0.00200562
95 95 0.65778086
95 98 0.00327299
95 85 0.00067752
95 94 0.02886319
95 96 0.00894865
95 93 0.03259227
95 99 0.00055506
95 89 0.00343609
95 92 0.02078850
95 91 0.02449635
95 90 0.00957580
128 133 0.00156003
128 128 0.11294584
128 135 0.00209771
128 123 0.02974192
128 126 0.00226243
128 124 0.00566544
128 122 0.00094331
128 121 0.00130637
128 132 0.00209189
128 125 0.00230445
128 127 0.00260259
128 134 0.00949204
128 130 0.00280490
128 129 0.00176782
128 136 0.00324793
128 131 0.00146285
156 156 0.23778039
156 158 0.00184556
156 157 0.01191621
156 155 0.07352266
131 135 0.01057394
131 126 0.08434809
131 133 0.00382441
131 127 0.05448353
131 125 0.00158912
131 134 0.00092247
131 131 0.28252330
131 136 0.00241843
131 129 0.00104668
131 130 0.00200600
131 124 0.00137990
131 132 0.00158223
68 67 0.01613774
68 63 0.00148568
68 58 0.00700924
68 56 0.00069170
68 62 0.01188220
68 57 0.01383090
68 59 0.00239640
68 61 0.00191809
68 68 0.53811847
68 69 0.00114915
68 60 0.00690249
151 151 0.30134426
151 154 0.00127931
151 150 0.00109082
151 152 0.00726476
151 155 0.01005919
89 89 0.45379943
89 82 0.00403400
89 91 0.00396771
89 92 0.00697526
89 90 0.00599914
89 85 0.01033944
89 84 0.00609708
89 86 0.00926386
89 83 0.00556232
89 87 0.00160693
89 81 0.00180121
141 149 0.00060484
141 139 0.06556172
141 138 0.00171492
141 137 0.06224219
141 143 0.00063502
141 141 0.43934083
141 136 0.00211316
141 147 0.00077517
141 144 0.00120577
88 82 0.00593963
88 89 0.00078943
88 91 0.00338793
88 90 0.02931984
88 88 0.40599566
88 79 0.00067629
88 85 0.01740349
88 78 0.00227244
88 84 0.04104878
88 86 0.06208886
88 83 0.00853255
88 80 0.00338475
88 81 0.01301137
109 106 0.01157338
109 111 0.00669465
109 103 0.00426817
109 104 0.00846048
109 109 0.42430975
109 105 0.00630459
45 45 0.67365625
45 33 0.00067539
45 32 0.00059549
45 28 0.00129605
45 47 0.00151623
45 48 0.03687265
75 68 0.00224313
75 69 0.04372810
75 71 0.00054990
75 67 0.00257894
75 74 0.00099677
75 66 0.00360631
75 65 0.00096708
75 64 0.00119655
75 75 0.41958576
70 71 0.00778998
70 67 0.00060106
70 63 0.00087501
70 70 0.56102599
70 65 0.00113822
70 66 0.00107530
70 64 0.02529457
70 59 0.01018801
70 62 0.00597540
70 61 0.00154193
70 69 0.00400429
70 60 0.00734122
159 158 0.00086591
159 160 0.00082387
159 159 0.54180974
79 79 0.65855812
79 72 0.01977168
79 81 0.05418340
79 80 0.00540666
79 75 0.00058142
79 73 0.04928643
79 78 0.02766902
79 82 0.00191640
35 18 0.00095515
35 21 0.00055799
35 22 0.00148059
35 35 0.42289829
35 28 0.00093848
35 19 0.01066935
35 26 0.00089950
35 23 0.00779013
133 138 0.00080318
133 137 0.00066075
133 128 0.00712397
133 133 0.45571810
133 135 0.00401510
133 129 0.07578674
77 76 0.00182050
77 68 0.00086232
77 79 0.00489130
77 67 0.00162502
77 71 0.00781359
77 77 0.42009873
77 70 0.03029081
77 73 0.00107553
47 49 0.00259632
47 33 0.00433460
47 35 0.00973101
47 36 0.00508532
47 31 0.00613302
47 34 0.00213965
47 30 0.04236986
47 50 0.09001124
47 47 0.69875235
40 24 0.00234306
40 41 0.00072925
40 27 0.00070004
40 26 0.00130468
40 23 0.01212741
40 43 0.00068033
40 47 0.00146393
40 29 0.00125327
40 28 0.00153830
40 40 0.52348080
96 93 0.02825355
96 96 0.52212547
96 94 0.03675459
96 90 0.00438252
96 92 0.01835055
96 91 0.01319210
96 89 0.00089654
96 97 0.01132798
96 86 0.00092435
96 98 0.00107294
96 95 0.02171917
43 31 0.00440522
43 50 0.00124021
43 43 0.45312749
43 29 0.00085492
43 55 0.00080316
43 46 0.00180779
43 26 0.01946659
145 146 0.00161325
145 145 0.40936866
145 151 0.00083863
145 144 0.00165700
145 147 0.00829028
145 149 0.01120273
145 148 0.01199159
145 150 0.00143860
145 143 0.00170467
118 118 0.62143729
118 113 0.02876294
118 112 0.00534504
153 156 0.00414346
153 152 0.05753627
153 153 0.20179967
153 155 0.00178187
108 105 0.05186598
108 108 0.42204375
108 110 0.00102085
108 104 0.01175063
108 102 0.00695644
108 106 0.03664636
108 103 0.00335152
108 111 0.00062590
108 99 0.00284193
108 107 0.00097943
36 22 0.00064862
36 24 0.00402624
36 20 0.00052850
36 36 0.45409303
36 27 0.00120499
36 19 0.00573369
36 23 0.00430209
36 28 0.00058111
36 29 0.00173769
5 5 0.81041681
5 4 0.00190160
5 6 0.01740033
44 32 0.00050666
44 44 0.46522442
44 27 0.00156498
44 51 0.00105747
44 47 0.00056405
85 85 0.38158754
85 79 0.04362744
85 83 0.02848989
85 81 0.00759431
85 80 0.03185942
85 78 0.00246161
85 84 0.00051030
85 82 0.01163744
139 141 0.00731768
139 147 0.00182948
139 138 0.00099824
139 137 0.00067946
139 140 0.00814565
139 139 0.31638718
139 135 0.00054523
139 142 0.01235750
60 51 0.00496974
60 42 0.01117687
60 62 0.01409172
60 46 0.00462236
60 48 0.04173265
60 61 0.00147612
60 50 0.00218301
60 43 0.01085980
60 60 0.41689168
60 47 0.00132527
60 52 0.00474013
60 49 0.04426359
60 63 0.06873843
60 64 0.01959141
60 45 0.00410984
60 65 0.00310659
60 54 0.01115227
60 53 0.00909484
9 8 0.00090300
9 9 0.22017210
82 82 0.65492926
82 76 0.00256929
82 77 0.00131157
82 85 0.01536688
82 79 0.00127669
82 74 0.00070390
82 75 0.01648584
82 80 0.00168356
82 81 0.00763626
82 83 0.00655204
82 84 0.03420360
34 25 0.00110799
34 21 0.00726843
34 22 0.00906691
34 27 0.00247864
34 18 0.00663395
34 19 0.00144803
34 23 0.00419349
34 34 0.44953424
34 26 0.00141511
34 17 0.00062511
34 28 0.00084060
48 31 0.04261872
48 36 0.00084025
48 37 0.00416512
48 35 0.00211056
48 33 0.00084831
48 51 0.09271187
48 48 0.67051171
48 34 0.00358577
113 106 0.00576395
113 107 0.01040118
113 111 0.00156581
113 113 0.42684720
113 104 0.00425325
113 112 0.00265948
113 109 0.00067644
113 105 0.00304284
113 108 0.00900825
101 95 0.00052675
101 100 0.00319626
101 98 0.00192243
101 97 0.00763236
101 103 0.00056565
101 99 0.00355922
101 91 0.00639819
101 92 0.01128246
101 101 0.37002514
101 96 0.00214857
101 104 0.00131925
42 49 0.00154192
42 25 0.02642065
42 31 0.00225588
42 45 0.01253087
42 26 0.00321381
42 30 0.00539627
42 42 0.51709071
42 29 0.00054789
42 28 0.00214038
117 112 0.00350071
117 111 0.00401323
117 117 0.63393065
117 109 0.00062076
19 18 0.00427211
19 16 0.00628207
19 22 0.01040693
19 20 0.00117004
19 21 0.00086750
19 17 0.00258626
19 15 0.00183985
19 19 0.24135902
122 117 0.00311246
122 124 0.00063499
122 120 0.00153491
122 122 0.56322774
122 121 0.00616987
122 130 0.00582950
122 129 0.00115284
122 119 0.00165561
122 125 0.00080475
122 127 0.00814037
122 128 0.00260948
122 123 0.00231093
122 118 0.00200927
122 126 0.00279728
78 72 0.00911237
78 73 0.00228013
78 81 0.00078925
78 80 0.05214129
78 78 0.47943269
78 71 0.00722009
78 77 0.05633890
78 79 0.01076556
54 42 0.00123510
54 57 0.00681052
54 43 0.00343285
54 58 0.00355045
54 37 0.00364497
54 54 0.45328788
54 66 0.00051460
116 111 0.00096303
116 112 0.00069202
116 110 0.00153216
116 116 0.56317128
116 108 0.00097689
126 128 0.00170340
126 133 0.00556072
126 118 0.00084123
126 123 0.00140077
126 126 0.39073777
126 132 0.00214467
126 122 0.00117997
126 120 0.00066771
126 121 0.00467227
126 117 0.00104741
126 124 0.00169143
126 134 0.02882502
126 129 0.00152376
126 131 0.00339179
126 130 0.00466849
126 119 0.00096120
126 127 0.00316442
126 125 0.00757388
39 40 0.00099283
39 46 0.00115844
39 23 0.00067699
39 42 0.00132494
39 27 0.00136457
39 39 0.65708841
39 22 0.00449164
39 25 0.00057042
66 67 0.00348109
66 65 0.05578179
66 66 0.56230139
66 64 0.00205410
41 29 0.00200139
41 30 0.00097798
41 48 0.00156704
41 41 0.41731394
41 24 0.00104478
41 25 0.00483752
74 66 0.00801471
74 65 0.01114382
74 64 0.00415168
74 73 0.03662883
74 70 0.00207514
74 74 0.41997379
74 63 0.00457393
74 71 0.00216657
74 67 0.01498946
74 68 0.01680923
74 62 0.00216972
157 157 0.32994279
157 159 0.00082164
157 158 0.01287682
157 156 0.01784677
110 106 0.01274904
110 107 0.00142898
110 112 0.00749114
110 104 0.00834815
110 110 0.42589908
110 105 0.01782214
115 115 0.51182545
115 110 0.08519138
115 108 0.00068089
115 109 0.00061196
115 111 0.00222053
115 107 0.00063542
115 112 0.00131616
71 70 0.02238556
71 65 0.02982702
71 66 0.00132790
71 64 0.01987584
71 63 0.00821149
71 71 0.59054809
71 67 0.00742077
71 60 0.01735508
71 68 0.00126076
71 61 0.01017983
71 59 0.00766608
71 62 0.00654935
32 20 0.00308116
32 35 0.00053802
32 22 0.00157604
32 21 0.00442496
32 32 0.29751186
32 18 0.00097649
32 16 0.00260303
32 26 0.00054884
32 23 0.00128899
32 19 0.01213852
32 17 0.00239018
134 136 0.00664132
134 129 0.00189361
134 130 0.03149136
134 134 0.36746340
134 132 0.00103015
134 141 0.00156241
134 140 0.00295511
134 138 0.00051374
158 157 0.01604009
158 159 0.00236283
158 158 0.34976855
119 119 0.58604933
119 111 0.00137823
119 114 0.00432736
119 117 0.00052363
4 5 0.01237769
4 4 0.69086558
127 131 0.00146858
127 129 0.00263034
127 130 0.00332436
127 134 0.00509327
127 125 0.00295759
127 127 0.50411163
127 132 0.00137859
127 120 0.00083292
127 122 0.00406447
127 124 0.00234264
127 126 0.00388596
127 118 0.00065092
127 123 0.00503346
127 135 0.01618758
127 128 0.00098469
127 133 0.00621761
50 50 0.63861816
76 70 0.06345470
76 73 0.00066891
76 66 0.00073788
76 65 0.00075394
76 72 0.00063396
76 74 0.00051318
76 67 0.00346471
76 69 0.00452416
76 68 0.00137717
76 76 0.41961549
92 95 0.02305442
92 85 0.00183077
92 98 0.00422750
92 86 0.00239419
92 92 0.59996545
92 91 0.00070954
92 89 0.00052312
92 88 0.00674967
92 90 0.01805713
92 94 0.00790008
92 93 0.01982824
92 96 0.00211543
30 33 0.00275966
30 22 0.00184590
30 20 0.00175959
30 21 0.00330242
30 18 0.01812007
30 16 0.00240188
30 31 0.00073192
30 30 0.60873923
30 23 0.00213795
30 15 0.00117013
30 19 0.00483798
30 17 0.00329076
106 108 0.00587029
106 105 0.01183707
106 97 0.01181189
106 98 0.00133449
106 102 0.02280190
106 104 0.02747159
106 96 0.00141388
106 107 0.00305623
106 103 0.02896727
106 106 0.64155007
124 128 0.00217973
124 126 0.00070298
124 116 0.00080024
124 118 0.00078008
124 123 0.00845491
124 132 0.01198394
124 120 0.00380427
124 122 0.00167272
124 121 0.00160461
124 124 0.48971017
124 117 0.00096631
124 131 0.00198178
124 129 0.00804228
124 130 0.00244199
124 127 0.00122216
124 125 0.00178207
124 119 0.13569700
152 151 0.05038212
152 156 0.00286346
152 155 0.00620301
152 154 0.00068619
152 153 0.00192981
152 152 0.76855326
143 145 0.00107965
143 141 0.01082573
143 146 0.00248453
143 147 0.00397610
143 144 0.00165039
143 148 0.00335287
143 149 0.00524972
143 139 0.00086183
143 143 0.53063232
135 131 0.00397080
135 141 0.00051026
135 135 0.48718131
135 133 0.00094230
135 137 0.00123197
135 138 0.00164908
135 140 0.00082751
154 156 0.00080920
154 157 0.00053667
154 155 0.00938395
154 154 0.21729914
142 147 0.00304990
142 144 0.00088678
142 145 0.00280491
142 146 0.00093484
142 143 0.00063894
142 142 0.33564260
142 148 0.00833216
142 138 0.00212754
142 140 0.00789532
56 44 0.00067958
56 45 0.01055655
56 56 0.39550726
56 42 0.00156511
56 59 0.11951311
56 43 0.00167657
56 68 0.00065978
56 60 0.01674079
58 61 0.07200599
58 46 0.03238603
58 48 0.00055075
58 62 0.01342916
58 51 0.00068192
58 59 0.00828061
58 47 0.04157043
58 60 0.00383861
58 40 0.02603764
58 50 0.00385169
58 43 0.00401612
58 63 0.00252715
58 49 0.00158773
58 58 0.45171871
58 44 0.00778388
58 52 0.00503908
58 41 0.02063297
58 45 0.00599018
58 70 0.00067314
98 104 0.00098958
98 96 0.04734864
98 93 0.00514378
98 94 0.01587332
98 102 0.00058260
98 99 0.00787531
98 89 0.00110357
98 92 0.00156947
98 91 0.00083366
98 97 0.03026892
98 98 0.47452488
98 95 0.03628986
2 3 0.00062079
2 2 0.55222155
138 139 0.00144945
138 140 0.02837513
138 138 0.42349622
138 142 0.00234909
138 141 0.01513842
21 15 0.00261392
21 19 0.00123429
21 17 0.00196213
21 20 0.00061890
21 22 0.00387509
21 21 0.75113533
21 18 0.00254646
21 16 0.00338030
147 149 0.02894563
147 148 0.01459542
147 150 0.00659699
147 146 0.05379321
147 145 0.09221708
147 151 0.00603867
147 144 0.00218119
147 147 0.66380322
94 84 0.00233730
94 97 0.01503479
94 81 0.00051608
94 95 0.04312547
94 98 0.00909121
94 85 0.00105266
94 94 0.67485818
94 96 0.00237318
94 93 0.02540750
94 89 0.00264746
94 92 0.04419204
94 91 0.03131244
94 90 0.01471168
136 132 0.00540773
136 144 0.00074243
136 136 0.47605054
136 137 0.00067075
136 138 0.00066906
136 142 0.00072835
3 3 0.32142276
3 4 0.00063452
57 40 0.02787982
57 69 0.00106864
57 60 0.07531836
57 43 0.00419806
57 46 0.03253110
57 61 0.01252438
57 51 0.00073017
57 59 0.00140765
57 62 0.00063127
57 57 0.41807390
57 45 0.00519917
57 58 0.00423066
57 49 0.00138784
57 44 0.00552187
121 116 0.00727051
121 126 0.01418186
121 123 0.00199734
121 118 0.00694515
121 128 0.00096917
121 129 0.00956619
121 125 0.00319325
121 127 0.00624524
121 119 0.00302152
121 124 0.00059321
121 117 0.00422853
121 121 0.54203888
121 122 0.00129925
121 120 0.00860980
114 108 0.00706563
114 109 0.05871160
114 110 0.00358225
114 112 0.00201762
114 111 0.00103723
114 107 0.00341942
114 106 0.00137990
114 114 0.46588569
16 17 0.02185118
16 19 0.01228983
16 15 0.00108261
16 16 0.38991241
16 18 0.00291181
16 21 0.00061713
16 22 0.00097556
16 20 0.00130055
53 35 0.00897361
53 56 0.00230134
53 39 0.00716529
53 38 0.00308597
53 36 0.00068720
53 65 0.00050174
53 41 0.00179225
53 53 0.45043328
53 40 0.00453374
7 6 0.01151388
7 8 0.03781490
7 7 0.35882336
38 41 0.00778015
38 38 0.42698221
38 45 0.00085228
38 27 0.00100760
38 21 0.00498621
38 25 0.00064375
38 22 0.00355336
38 26 0.00330009
37 37 0.57498758
37 21 0.00834324
37 25 0.00439915
37 20 0.00081243
37 22 0.00058459
37 40 0.01213243
37 26 0.00147353
37 23 0.00072476
37 30 0.00072683
52 38 0.00904880
52 39 0.00451899
52 64 0.00050371
52 41 0.00498951
52 52 0.40974828
52 35 0.02630739
52 40 0.00947491
52 55 0.01285124
25 16 0.00384670
25 18 0.00216533
25 21 0.00068491
25 25 0.24045060
25 17 0.00250147
25 28 0.00161135
25 14 0.00054250
25 19 0.00109941
25 26 0.00052958
25 15 0.00417733
140 143 0.00211066
140 142 0.01645013
140 148 0.00116589
140 140 0.42807231
140 139 0.00192679
140 138 0.00392742
140 136 0.00080305
140 145 0.00057936
140 141 0.00464150
28 29 0.00100504
28 28 0.66073242
28 17 0.00899201
28 15 0.00457114
28 23 0.00106755
28 19 0.00359232
28 16 0.01626389
28 18 0.01139156
28 31 0.01196706
28 20 0.00158915
28 22 0.00097730
28 21 0.00274081
93 86 0.00173576
93 83 0.00199720
93 97 0.00340382
93 80 0.00094951
93 95 0.00463531
93 94 0.01651641
93 96 0.00263116
93 93 0.66279232
93 89 0.01249238
93 92 0.01337698
93 91 0.05294203
93 90 0.02735287
93 88 0.00256817
112 106 0.01264188
112 103 0.01112158
112 111 0.00115728
112 107 0.04044091
112 104 0.00378622
112 112 0.47682664
112 109 0.00052960
112 105 0.00244192
112 108 0.00081949
132 135 0.00085821
132 126 0.00269247
132 133 0.00095754
132 128 0.09223250
132 127 0.04643744
132 125 0.00117942
132 130 0.00098366
132 131 0.00080461
132 136 0.00726749
132 134 0.00539855
132 132 0.36941811
99 97 0.04901474
99 98 0.03756384
99 95 0.01260278
99 93 0.00066976
99 96 0.02571937
99 102 0.00378521
99 94 0.00481756
99 90 0.01063991
99 89 0.00332861
99 103 0.00066768
99 99 0.47872586
15 14 0.00051442
15 19 0.00263921
15 15 0.52707891
15 17 0.00209716
15 21 0.00120201
15 18 0.01155653
15 16 0.03148623
46 47 0.00131028
46 29 0.04134359
46 34 0.00825987
46 46 0.56646855
46 48 0.00934613
46 30 0.00468793
46 31 0.00069526
46 33 0.00123552
46 35 0.00306591
46 49 0.05693342
46 32 0.00088913
62 53 0.00572631
62 54 0.00132859
62 64 0.01292020
62 65 0.01773795
62 66 0.00544756
62 63 0.00755683
62 67 0.00087485
62 52 0.00236985
62 44 0.00510605
62 47 0.00119755
62 55 0.02116675
62 50 0.03268487
62 61 0.00188483
62 62 0.45790338
62 51 0.01772002
14 16 0.00113693
14 18 0.00489753
14 20 0.00078702
14 17 0.00443531
14 14 0.43885866
14 19 0.00069235
14 15 0.05765899
6 6 0.47120803
6 7 0.02043449
6 5 0.00381845
146 144 0.10996324
146 147 0.01586131
146 146 0.34785486
146 145 0.01768399
146 150 0.01282963
146 143 0.00366557
146 152 0.00082542
146 149 0.01093929
146 148 0.04251803
59 44 0.00254993
59 52 0.00477373
59 49 0.00106773
59 63 0.01755260
59 45 0.00559586
59 64 0.00289464
59 41 0.01923040
59 53 0.00963077
59 62 0.05370861
59 42 0.01207394
59 59 0.45105360
59 51 0.00463393
59 61 0.01598668
59 46 0.00250725
59 48 0.04462375
59 50 0.00397808
59 47 0.03948257
59 60 0.00562748
13 13 0.37628659
13 14 0.01863237
18 19 0.00709144
18 15 0.00360921
18 17 0.00344915
18 21 0.01262436
18 20 0.00050981
18 22 0.00076906
18 18 0.28084799
18 16 0.00606421
86 83 0.01850124
86 80 0.02768730
86 81 0.02889413
86 86 0.37160501
86 84 0.04341549
86 79 0.01711314
86 88 0.00096591
86 89 0.01352960
86 82 0.01237086
72 67 0.00061997
72 71 0.00228601
72 63 0.00366130
72 64 0.00761998
72 72 0.42310455
72 66 0.01270671
72 65 0.01053305
72 62 0.00440487
72 61 0.00526545
72 68 0.00120918
72 60 0.00416425
150 151 0.00311769
150 148 0.00264908
150 149 0.00684540
150 152 0.00241113
150 150 0.29661527
160 159 0.00213901
160 160 0.79539460
80 82 0.00372055
80 73 0.00238189
80 80 0.65074404
80 79 0.00262882
80 74 0.01346268
81 82 0.00066619
81 76 0.00114706
81 75 0.01180452
81 73 0.00102446
81 81 0.63124346
81 80 0.00233012
81 83 0.00474701
81 84 0.00063428
81 74 0.00732456
24 17 0.00118362
24 19 0.00055739
24 27 0.00089436
24 16 0.00080888
24 18 0.00056325
24 25 0.00068999
24 24 0.27616132
63 62 0.00256823
63 65 0.00402217
63 66 0.00301408
63 64 0.00508991
63 67 0.00083684
63 63 0.49783327
148 148 0.44694460
148 149 0.01508501
148 152 0.01396333
148 150 0.01699898
148 145 0.00055077
148 146 0.04595337
148 147 0.06505169
148 151 0.00434607
33 19 0.00143998
33 26 0.00265864
33 23 0.00137655
33 17 0.00160526
33 21 0.01836909
33 25 0.00088414
33 20 0.00209313
33 24 0.00052930
33 22 0.00410907
33 33 0.47190743
33 36 0.00663579
33 27 0.00098194
33 16 0.00328782
33 18 0.00339773
22 19 0.00153919
22 15 0.00144163
22 23 0.00279081
22 17 0.00205519
22 21 0.00101477
22 25 0.00195846
22 22 0.64213140
22 16 0.00476727
22 18 0.00165187
100 95 0.00414594
100 98 0.02413900
100 100 0.41291784
100 97 0.01536674
100 99 0.00720702
100 91 0.00085568
100 90 0.00637482
100 102 0.00172845
100 104 0.00101163
100 96 0.00993577
8 9 0.00495438
8 8 0.17760132
8 7 0.00645759
29 19 0.00569577
29 15 0.00112833
29 30 0.00085836
29 23 0.00117355
29 17 0.00915115
29 29 0.65216325
29 21 0.00433374
29 32 0.00077196
29 20 0.00128282
29 22 0.00142022
29 16 0.01316321
29 18 0.01228193
69 61 0.00087505
69 59 0.00152609
69 57 0.01265801
69 62 0.01105757
69 69 0.46602850
69 60 0.00653829
69 68 0.02213290
69 58 0.00984546
69 63 0.00216473
69 67 0.00070263
69 64 0.00057324
129 132 0.00225699
129 124 0.07737260
129 130 0.00482682
129 131 0.00103347
129 136 0.00067135
129 129 0.34877038
129 134 0.00180391
129 125 0.01204870
129 127 0.00191900
129 133 0.00863973
129 128 0.00052503
129 126 0.00217126
129 135 0.02072222
102 102 0.37311247
102 104 0.01739572
102 96 0.00126554
102 93 0.01331471
102 103 0.00157015
102 92 0.00556796
102 101 0.00172711
102 105 0.00135608
102 98 0.00468257
102 100 0.01984130
104 105 0.01043914
104 95 0.01682236
104 98 0.00356825
104 100 0.00755906
104 94 0.00558031
104 102 0.00765053
104 104 0.66662258
104 103 0.04561032
104 106 0.03846590
17 21 0.00128451
17 22 0.00051003
17 20 0.00208371
17 18 0.01068570
17 16 0.00317242
17 19 0.00102591
17 23 0.00068712
17 15 0.00072127
17 17 0.13728094
125 132 0.00400593
125 124 0.00993196
125 117 0.00129136
125 120 0.13719183
125 121 0.00071646
125 122 0.00076692
125 130 0.01075234
125 131 0.00223941
125 129 0.00693695
125 125 0.54203340
125 127 0.00256564
125 119 0.00078771
125 133 0.02214595
125 126 0.00591257
125 123 0.00165755
125 118 0.00214930
61 73 0.00064928
61 64 0.05180847
61 65 0.01486310
61 66 0.00234028
61 53 0.00539978
61 54 0.01049895
61 52 0.00683835
61 44 0.00551901
61 49 0.04086378
61 63 0.01917516
61 50 0.03673698
61 43 0.01006529
61 60 0.00100571
61 47 0.00175457
61 55 0.02268520
61 51 0.00545121
61 62 0.00717493
61 46 0.00376250
61 48 0.00066917
61 61 0.41603776
26 21 0.00122342
26 18 0.00336217
26 16 0.01015494
26 19 0.00209905
26 15 0.00260032
26 26 0.45618089
26 23 0.00068451
26 17 0.00261816
26 29 0.00328589
111 105 0.00815661
111 109 0.00192640
111 107 0.00089964
111 103 0.00299212
111 111 0.43464558
111 106 0.07779266
111 102 0.00698239
111 104 0.00093136
23 17 0.00151201
23 23 0.13840129
23 26 0.00333274
23 19 0.00061476
23 18 0.00065394
23 16 0.00110890
23 24 0.00058083
1 1 0.97050284
90 83 0.00205528
90 86 0.01708636
90 84 0.00745504
90 85 0.00361026
90 95 0.00069174
90 93 0.03515929
90 96 0.00316166
90 88 0.02308918
90 90 0.46351196
90 92 0.01480659
90 91 0.00133261
