69 69 0.77190098
75 72 0.00050177
75 74 0.00115047
75 75 0.65811525
35 35 0.64743481
35 38 0.00150447
50 49 0.01471183
50 50 0.79698262
50 51 0.00334116
20 19 0.00052303
20 20 0.83721547
20 23 0.00730834
20 22 0.03774444
140 136 0.00290372
140 141 0.00273298
140 138 0.02911872
140 140 0.70444731
140 139 0.01342927
140 137 0.00135617
125 122 0.10952552
125 125 0.57503839
125 126 0.00494587
125 121 0.03918822
125 120 0.01769957
125 123 0.00996661
125 124 0.15721177
19 19 0.80716595
19 22 0.00686044
19 21 0.03077758
28 28 0.91596555
28 30 0.00286784
128 128 0.45752352
128 127 0.00712286
128 129 0.02247155
128 124 0.00299750
128 126 0.04220956
128 125 0.00190455
22 22 0.73861324
22 24 0.00101584
23 23 0.74130189
33 36 0.00127109
33 33 0.68337467
33 35 0.01001167
31 31 0.79717678
31 33 0.00055438
31 34 0.00248226
111 107 0.04667455
111 111 0.61167157
111 112 0.00672369
111 110 0.03767966
111 108 0.00302918
111 106 0.03533478
36 39 0.00089510
36 36 0.75034113
36 37 0.00065376
101 100 0.00877696
101 98 0.00082463
101 99 0.00109841
101 97 0.00246719
101 101 0.66694930
101 96 0.00225103
88 88 0.82256231
134 131 0.00060059
134 135 0.00062992
134 134 0.53721410
134 132 0.00497823
134 133 0.00608574
98 97 0.02683294
98 94 0.00144738
98 96 0.00064974
98 95 0.00051198
98 98 0.86915118
18 18 0.93942558
18 21 0.01382539
18 20 0.02383897
86 86 0.76207963
86 82 0.00261652
73 73 0.72874489
14 16 0.00142408
14 14 0.90132832
15 15 0.78244059
60 60 0.73031946
60 61 0.00064524
60 57 0.00626354
60 59 0.00164897
60 58 0.00577493
45 44 0.00185288
45 45 0.86973530
45 46 0.02141713
45 47 0.00072642
24 24 0.76255178
24 27 0.00155054
133 131 0.01690548
133 132 0.07485922
133 134 0.00089315
133 129 0.00712985
133 133 0.43417445
133 130 0.01328252
121 121 0.47804212
121 120 0.16866937
121 119 0.00191770
121 122 0.00216001
121 116 0.00629853
121 118 0.00821009
121 117 0.04677626
37 40 0.00085040
37 37 0.66638043
46 47 0.00274554
46 46 0.78345502
46 45 0.00850538
46 48 0.00057460
99 95 0.00145419
99 98 0.02121528
99 97 0.00142231
99 99 0.86077765
99 96 0.01128757
99 94 0.00188418
118 119 0.00243177
118 113 0.02651767
118 117 0.14950670
118 114 0.00074064
118 118 0.49144358
3 3 0.75962345
3 2 0.00325350
3 5 0.00658156
3 6 0.00155753
3 4 0.00140083
71 71 0.75162332
71 68 0.01253855
29 29 0.94245427
103 99 0.01051444
103 100 0.00630295
103 103 0.72641075
103 102 0.00327185
103 98 0.00283717
113 108 0.01950389
113 109 0.00784488
113 113 0.43500128
113 112 0.08152744
113 114 0.00354286
120 116 0.00166476
120 119 0.05675165
120 120 0.51876371
120 121 0.00161531
120 117 0.00070939
120 118 0.00059164
32 35 0.00834007
32 32 0.64468693
40 42 0.00364450
40 41 0.02219764
40 40 0.83423471
40 43 0.00054351
107 102 0.01569889
107 103 0.02531150
107 107 0.69592069
107 106 0.00271214
107 104 0.00104003
79 78 0.02556351
79 76 0.01229088
79 79 0.84401077
61 61 0.67820354
61 59 0.00116744
61 58 0.00369946
89 86 0.00439778
89 89 0.78263226
12 12 0.93567623
12 15 0.02368496
12 10 0.00144688
12 14 0.02276456
12 11 0.00394456
7 7 0.91569083
7 10 0.00156017
7 9 0.00141138
7 8 0.00069033
7 6 0.00412547
7 5 0.00172000
8 9 0.00051510
8 8 0.91022714
8 11 0.02286568
8 6 0.00166137
8 7 0.00336603
8 10 0.02173497
81 81 0.81208309
81 82 0.00053577
81 80 0.01498935
81 78 0.00150263
90 87 0.00435563
90 86 0.00253605
90 90 0.40609121
52 52 0.66176890
52 53 0.00785595
52 51 0.00500656
127 127 0.42176703
127 128 0.01550558
127 124 0.04463109
127 125 0.04396865
127 126 0.14386498
96 93 0.00852125
96 92 0.00100217
96 95 0.01907422
96 96 0.78960915
96 94 0.00071453
49 50 0.00349868
49 49 0.69140761
49 48 0.00251016
142 141 0.00901747
142 140 0.00662778
142 142 0.67172086
142 138 0.00397573
74 74 0.74750071
74 71 0.01546213
27 27 0.91546253
130 131 0.01780615
130 128 0.08128482
130 127 0.00090007
130 130 0.44111236
130 129 0.08884736
92 89 0.00225886
92 92 0.66975550
112 112 0.58284680
112 113 0.00789229
112 111 0.15270504
112 108 0.03739093
112 107 0.02499405
68 68 0.59119955
68 65 0.01250608
57 57 0.72514554
57 58 0.00581012
57 56 0.00289435
132 130 0.02306880
132 128 0.01328623
132 133 0.00193565
132 132 0.49791671
132 129 0.00767873
132 131 0.08387211
38 41 0.00557921
38 39 0.00077818
38 38 0.70013435
2 1 0.00152845
2 3 0.00115995
2 5 0.01583353
2 2 0.87136067
2 4 0.01621815
84 83 0.00460086
84 80 0.00619380
84 84 0.54184773
84 81 0.01436351
139 136 0.01810309
139 140 0.00606597
139 138 0.02374435
139 135 0.01003779
139 137 0.05373121
139 139 0.58715294
30 30 0.73881649
30 32 0.00142594
30 33 0.00066737
82 81 0.01107766
82 79 0.00166837
82 78 0.00081564
82 82 0.50747137
135 133 0.05746691
135 132 0.06105695
135 134 0.00698055
135 136 0.02148711
135 137 0.00112359
135 135 0.63821883
135 131 0.00167642
62 59 0.00076043
62 62 0.77474229
70 70 0.79728342
70 67 0.01253974
95 93 0.00074730
95 95 0.81980045
95 92 0.00708219
95 91 0.00237213
95 94 0.01157064
66 63 0.00614696
66 66 0.77655920
78 75 0.01228666
78 78 0.83550698
78 77 0.01514091
17 20 0.02073121
17 17 0.92898348
5 3 0.00069082
5 7 0.01297397
5 6 0.00078108
5 5 0.87799238
5 4 0.00422973
5 8 0.00231832
137 136 0.01141840
137 134 0.00381179
137 135 0.07089887
137 138 0.00150985
137 137 0.70229769
54 54 0.93732293
54 55 0.00546824
54 53 0.00102694
108 108 0.68429387
108 109 0.00097757
108 104 0.05968139
108 103 0.00291379
108 107 0.00344197
108 105 0.00709516
58 58 0.79281549
58 57 0.00260538
58 59 0.00453355
105 102 0.00635699
105 100 0.02978117
105 105 0.73190920
105 104 0.00069168
105 101 0.00679051
114 111 0.00084466
114 113 0.11028646
114 110 0.00150898
114 109 0.00183683
114 114 0.45904143
114 115 0.00694631
72 69 0.01253805
72 72 0.77718377
13 12 0.00200564
13 15 0.00165940
13 13 0.85155734
13 11 0.00092138
34 34 0.70614373
34 37 0.00659671
34 36 0.00733346
41 41 0.85792630
41 42 0.02892718
41 40 0.00309188
41 43 0.00064682
102 98 0.00339538
102 102 0.77261719
102 100 0.00182665
102 101 0.00380877
102 97 0.00248311
102 99 0.00193208
26 28 0.02380436
26 29 0.02288225
26 26 0.87042372
25 28 0.00161343
25 25 0.76159418
83 79 0.00247354
83 80 0.00306606
83 83 0.43618350
116 116 0.46340197
116 112 0.01227964
116 113 0.00587858
116 118 0.00128599
116 115 0.15582630
116 117 0.03686238
65 65 0.93982133
10 11 0.00050877
10 9 0.00276272
10 8 0.00197024
10 10 0.93677655
10 13 0.00286276
77 76 0.00050501
77 77 0.77460947
117 116 0.17338280
117 112 0.02408563
117 113 0.15057996
117 117 0.53164646
117 118 0.01399931
48 49 0.00187261
48 47 0.01386114
48 48 0.72840534
104 100 0.04140555
104 103 0.00346403
104 99 0.00663155
104 101 0.00861621
104 104 0.72258755
16 16 0.81537140
16 19 0.00672847
9 10 0.00083121
9 7 0.00204961
9 11 0.00053892
9 8 0.00268335
9 9 0.92719654
97 94 0.00956649
97 96 0.02326353
97 97 0.86375617
97 93 0.00627306
97 95 0.00055405
80 80 0.80760837
80 81 0.00098075
80 77 0.01301647
80 79 0.01392180
138 135 0.05066952
138 138 0.70182631
138 139 0.00559849
138 137 0.04031702
138 136 0.06344057
110 111 0.00557425
110 110 0.48323994
110 106 0.02534262
110 109 0.02677037
110 105 0.03960337
115 110 0.00138880
115 116 0.00246736
115 112 0.00132218
115 111 0.01230521
115 114 0.12378478
115 115 0.46908971
85 84 0.00135393
85 85 0.87454370
85 81 0.00763861
76 73 0.00613960
76 75 0.00485842
76 76 0.58972934
39 39 0.84385239
39 42 0.00799779
39 40 0.00541719
51 50 0.00513998
51 51 0.75859511
51 52 0.00392865
122 122 0.45909705
122 119 0.02337464
122 120 0.00300750
122 121 0.18404292
122 123 0.01959330
122 117 0.01935957
122 118 0.09818143
47 47 0.73189380
47 49 0.00055585
47 48 0.00139382
56 56 0.69683596
56 57 0.00052138
136 137 0.01371104
136 135 0.00605664
136 133 0.00476234
136 136 0.57588178
136 134 0.06380410
124 119 0.01790573
124 122 0.00690013
124 125 0.00505473
124 121 0.10930332
124 120 0.05673009
124 123 0.17784772
124 124 0.57463945
67 67 0.79329739
67 64 0.00050170
141 142 0.00231051
141 140 0.00973753
141 139 0.00720403
141 141 0.70114681
64 64 0.84671333
64 61 0.00071301
63 63 0.73418858
63 60 0.00645611
106 102 0.02336668
106 103 0.00267659
106 105 0.00377176
106 106 0.54114953
106 101 0.00228445
93 89 0.00671893
93 90 0.00685721
93 93 0.76361342
1 2 0.00203275
1 4 0.00630797
1 3 0.00956823
1 1 0.97780326
59 58 0.00232591
59 60 0.00460052
59 59 0.75364874
59 57 0.00632257
123 121 0.00424876
123 120 0.06909188
123 122 0.17976239
123 119 0.07576079
123 118 0.01998824
123 124 0.01174219
123 123 0.56262994
53 54 0.00667885
53 52 0.00134373
53 53 0.80353880
44 45 0.02593187
44 44 0.82853440
44 43 0.00269658
44 46 0.00136202
94 90 0.00671764
94 93 0.00171132
94 94 0.87841485
94 91 0.01069678
91 91 0.86142540
91 88 0.01410646
91 87 0.00821746
109 104 0.01475672
109 108 0.02378357
109 109 0.60057748
109 106 0.00543808
109 110 0.00336964
109 105 0.13298744
126 121 0.00839050
126 122 0.01015808
126 125 0.14587638
126 126 0.55681066
126 124 0.03832930
126 123 0.12138490
126 127 0.00956670
43 43 0.70657133
43 42 0.00410032
43 44 0.02751133
43 45 0.00163917
55 56 0.01357059
55 55 0.90701198
129 126 0.05729445
129 130 0.04169719
129 128 0.12804923
129 127 0.06475532
129 129 0.55253376
87 87 0.78533722
21 21 0.77649068
21 23 0.02080447
11 10 0.00355888
11 9 0.00173579
11 11 0.93579235
6 7 0.00080019
6 6 0.87008747
6 5 0.00494582
6 8 0.00359651
6 4 0.00151358
6 9 0.00181164
131 132 0.04105401
131 129 0.06781425
131 130 0.11218624
131 128 0.15295387
131 131 0.39385213
119 119 0.46452473
119 116 0.00423281
119 120 0.03165880
119 114 0.01743807
119 115 0.05386444
119 118 0.18954836
119 117 0.00097428
4 3 0.00211508
4 7 0.00250446
4 5 0.00142758
4 6 0.00558384
4 4 0.88141905
42 43 0.03032609
42 42 0.69247018
42 41 0.00410393
100 100 0.73486151
100 95 0.00221763
100 98 0.00096070
100 97 0.00851805
100 99 0.01135400
100 96 0.00182190
