53 62 53 62 0.09044390
53 61 53 61 0.06294010
53 59 53 59 0.16454600
3 52 3 52 0.02790320
3 50 3 50 0.23480900
9 59 9 59 0.01745990
93 109 92 109 0.06015530
93 109 93 108 0.00738140
4 150 4 148 0.00169775
5 149 5 147 0.00142367
8 60 8 60 0.02667580
99 103 98 103 0.03878570
10 58 10 58 0.00551749
51 59 51 59 0.03986620
51 62 51 62 0.02953860
51 61 51 61 0.10334800
82 121 82 121 0.80677900
82 122 82 121 0.00141362
89 113 89 113 0.60326000
94 106 94 106 0.21032000
94 108 93 108 0.01589300
94 108 94 107 0.00297534
94 107 94 107 0.08265400
94 107 94 106 0.00063729
94 107 93 107 0.01307930
2 51 2 51 0.18893600
90 112 90 112 0.94613500
90 110 90 110 0.03844650
83 121 83 120 0.00076233
85 117 85 117 0.87867100
88 114 88 114 0.87863500
96 103 96 103 0.78800200
92 108 92 108 0.73047600
92 108 92 109 0.00072441
92 110 91 110 0.05448300
92 110 92 109 0.00729197
84 118 84 118 0.68419300
52 58 52 58 0.02048900
52 60 52 60 0.11467100
52 63 52 63 0.09179200
87 115 87 115 0.93213100
54 58 54 58 0.50808400
54 60 54 60 0.16776000
97 104 96 104 0.03464580
97 104 97 103 0.00058532
50 60 50 60 0.03365040
50 63 50 63 0.03066570
7 61 7 61 0.03995210
86 116 86 116 0.70819600
6 148 6 146 0.00060625
6 62 6 62 0.04547240
