33 57 33 57 0.07497140
34 57 34 57 0.20109900
34 58 34 58 0.23065600
32 59 32 59 0.21300400
43 48 43 48 0.87576500
37 54 37 54 0.59221500
41 50 41 50 0.99143700
39 52 39 52 0.87862400
4 13 4 13 0.69974600
6 11 6 11 0.63594700
25 65 25 65 0.28359400
38 53 38 53 0.87935900
26 64 26 64 0.94156200
3 10 3 10 0.00333021
3 14 3 14 0.69974500
30 61 30 61 0.10970000
5 12 5 12 0.58950100
5 11 5 11 0.00855144
16 23 16 23 0.27284400
42 49 42 49 0.60507100
35 57 35 57 0.27760800
35 55 35 55 0.06078620
27 63 27 63 0.28222400
2 11 2 11 0.00101181
2 15 2 15 0.59485600
36 54 36 54 0.01864810
36 55 36 55 0.60737600
