26 33 26 34 0.00900272
26 116 27 121 0.00193333
1 16 1 15 0.01664520
1 16 1 14 0.00090703
28 34 27 33 0.06326010
27 114 27 121 0.00261464
27 117 27 124 0.00167388
27 117 27 121 0.17312900
27 117 28 123 0.00266035
27 117 24 120 0.00052620
27 115 28 120 0.00175103
27 32 27 33 0.00913935
19 124 19 124 0.01920630
19 124 19 129 0.26740400
19 124 19 130 0.13222800
19 124 18 125 0.00130606
80 85 76 82 0.55419400
80 85 75 83 0.01382470
80 85 74 84 0.00152161
80 86 76 82 0.01699670
78 87 72 86 0.00146745
78 87 75 83 0.00860747
78 87 73 85 0.01456390
78 87 74 84 0.94494800
77 88 72 86 0.01391540
77 88 74 84 0.00862588
77 88 73 85 0.93536600
61 104 54 103 0.00075774
61 104 57 100 0.00186914
61 104 56 101 0.10116700
61 104 55 102 0.00399032
61 104 58 98 0.00069793
61 101 58 98 0.01143930
61 101 58 99 0.00176010
61 105 55 102 0.15989000
61 105 58 99 0.00819722
61 105 53 104 0.00379492
61 105 57 100 0.00119701
61 105 54 103 0.00135400
61 105 56 101 0.63747500
61 103 57 100 0.01346480
61 103 56 101 0.00112484
61 103 58 99 0.00131092
61 103 55 102 0.00550096
56 107 53 104 0.01526410
56 107 50 107 0.00213197
56 107 54 103 0.00175494
56 107 51 106 0.00177495
67 97 61 94 0.00167669
67 97 62 95 0.00060372
67 97 63 94 0.02777720
67 98 64 95 0.00759609
67 98 62 96 0.00166933
67 98 62 95 0.22136400
67 98 63 94 0.04422000
67 99 62 96 0.42148500
67 99 62 95 0.03585230
67 99 62 97 0.00557676
67 99 64 95 0.00144784
3 10 3 9 0.00055036
3 10 3 10 0.00225754
3 14 2 14 0.00094711
3 14 3 12 0.00194743
3 14 3 14 0.93271100
20 123 21 129 0.00648438
20 123 20 128 0.61109900
20 123 20 123 0.03480510
20 123 19 129 0.03948910
20 123 19 124 0.00132575
71 95 66 93 0.01582320
71 95 68 90 0.00939752
71 95 68 91 0.00054643
71 95 65 93 0.01323570
71 95 65 94 0.00837397
71 95 67 91 0.05613170
71 95 67 92 0.05528880
49 113 44 112 0.00969850
49 113 43 113 0.00323295
49 113 42 114 0.00100871
49 113 47 110 0.08479830
49 113 48 109 0.65901500
49 113 46 110 0.00251178
2 15 2 14 0.01197690
2 15 2 15 0.68032200
2 15 1 14 0.00347450
22 121 22 125 0.27325900
22 121 22 128 0.00716458
22 121 22 126 0.52494200
22 121 23 127 0.00580622
22 121 23 121 0.00070784
22 121 21 127 0.01957270
65 99 58 98 0.00139113
65 99 62 95 0.00089546
65 99 62 97 0.00060812
65 99 62 96 0.00945320
65 102 62 96 0.00302172
65 102 57 100 0.00118620
65 102 58 99 0.00245476
21 122 22 128 0.00681256
21 122 18 125 0.00072110
21 122 21 129 0.00310945
21 122 21 127 0.38926300
21 122 21 122 0.01826280
21 122 20 128 0.04099080
21 122 20 123 0.00136052
72 94 68 91 0.03352220
72 94 68 90 0.04032120
72 94 66 93 0.00891148
72 94 69 89 0.00945211
72 94 67 91 0.58899900
72 94 67 92 0.00856202
74 92 70 88 0.04003800
74 92 70 89 0.02395200
74 92 69 89 0.78927300
74 92 68 90 0.01574650
74 92 68 91 0.00400527
33 112 33 119 0.00110554
64 100 58 98 0.00281419
64 100 58 99 0.00702852
64 101 58 99 0.02049980
64 101 58 98 0.11714600
64 101 57 100 0.00345875
64 103 57 100 0.00259673
64 103 56 101 0.00194728
64 103 58 99 0.00163877
66 101 62 97 0.02663180
66 101 62 98 0.00729139
66 101 58 99 0.00162058
66 100 62 96 0.02221520
66 100 62 97 0.01739000
66 100 63 94 0.00669803
6 11 5 10 0.02903920
18 126 18 131 0.04409990
18 125 17 126 0.00115784
18 125 16 131 0.00082021
18 125 18 131 0.24136600
18 125 18 125 0.01798430
16 127 16 131 0.00415899
16 127 14 133 0.00094698
16 126 15 132 0.01539860
16 126 16 131 0.07553900
16 23 16 23 0.00400956
24 119 23 124 0.02880190
24 119 23 121 0.00438933
24 119 24 126 0.00214280
24 119 24 120 0.03185120
24 119 24 123 0.15243200
24 119 21 122 0.00071939
60 106 52 105 0.00618721
60 106 55 102 0.69761900
60 106 53 104 0.00139820
60 106 56 101 0.00131554
60 106 54 103 0.19217200
60 106 57 100 0.00627977
60 102 57 99 0.00409711
60 102 57 100 0.00057053
15 24 15 24 0.00133603
51 111 44 112 0.00135058
51 111 45 111 0.00315907
51 111 49 108 0.05835480
51 111 46 110 0.00651928
51 111 50 107 0.60553900
57 109 52 105 0.58806500
57 109 53 104 0.00111471
57 109 50 107 0.00119645
57 109 49 108 0.00467750
57 109 51 106 0.19868300
57 109 54 103 0.00475369
57 106 55 102 0.00139317
57 106 52 105 0.00397646
57 106 51 106 0.00282272
57 106 54 103 0.03513190
76 90 72 87 0.69029500
76 90 72 86 0.03860770
76 90 73 85 0.00917218
76 90 70 89 0.00163550
76 90 70 87 0.00097733
76 90 70 88 0.01537060
63 102 56 101 0.00370703
63 102 57 99 0.07712180
63 102 57 100 0.01427720
63 102 58 99 0.35063300
63 102 58 98 0.08815860
54 109 48 109 0.00278082
54 109 49 108 0.00560846
54 109 51 106 0.04775910
54 109 52 105 0.00258717
79 86 76 82 0.00804898
79 86 75 83 0.67287100
79 86 73 85 0.00155411
79 86 74 84 0.01445450
79 87 75 83 0.00774568
70 96 67 92 0.00061087
70 96 67 91 0.00877763
70 96 65 93 0.83105600
70 96 65 94 0.01318730
70 96 64 95 0.00891314
70 96 66 93 0.02972630
62 102 57 99 0.02168870
62 102 57 100 0.00120142
62 102 56 101 0.00717504
62 102 58 99 0.01187680
55 108 49 108 0.00210842
55 108 50 107 0.00573502
55 108 53 104 0.00341540
55 108 52 105 0.02734260
58 108 52 105 0.12111200
58 108 55 102 0.00887988
58 108 53 104 0.69980700
58 108 50 107 0.00624476
58 108 51 106 0.00136527
58 108 54 103 0.00109922
75 91 72 86 0.00935782
75 91 70 89 0.00059408
75 91 70 88 0.81780900
75 91 69 88 0.00057833
75 91 69 89 0.01484600
4 13 4 11 0.00097429
4 13 4 13 0.47830400
4 13 3 12 0.03341890
5 12 5 10 0.00188622
5 12 5 12 0.91477400
5 12 4 11 0.03392430
25 117 24 120 0.00181017
25 117 24 123 0.00628220
25 118 24 120 0.00471859
25 118 24 123 0.02816730
14 25 14 25 0.00214840
48 114 42 114 0.00299533
48 114 45 111 0.00258936
48 114 43 113 0.00239060
48 114 47 110 0.63825200
48 114 41 115 0.00202332
48 114 46 110 0.00063683
59 107 56 101 0.00885361
59 107 51 106 0.00439501
59 107 54 103 0.70154900
59 107 52 105 0.00139233
59 107 55 102 0.00122456
59 107 53 104 0.14403300
59 103 56 101 0.00169957
69 99 64 95 0.00113492
69 99 66 93 0.00244207
69 96 63 94 0.01594480
69 96 66 93 0.00597992
69 96 65 93 0.01808540
73 93 68 90 0.83571400
73 93 68 91 0.00403157
73 93 69 89 0.05783070
73 93 70 88 0.00945784
73 93 67 91 0.01340470
73 93 67 92 0.00536793
68 97 65 94 0.01265500
68 97 65 93 0.00173242
68 97 63 94 0.81637700
68 97 62 96 0.00248433
68 97 62 95 0.00623989
68 98 64 95 0.00217825
68 98 65 93 0.00327325
68 98 65 94 0.00088485
68 98 62 96 0.00244400
68 98 62 97 0.00161987
68 98 63 94 0.02205410
68 99 65 93 0.00303997
68 99 64 95 0.00216185
68 99 62 98 0.00190114
68 99 62 96 0.00070434
68 99 62 97 0.00678495
23 120 20 123 0.00072742
23 120 24 120 0.00083804
23 120 24 126 0.00655832
23 120 22 125 0.01479110
23 120 22 126 0.02798580
23 120 23 121 0.03152210
23 120 23 127 0.00517918
23 120 23 124 0.34590500
50 112 45 111 0.00314478
50 112 43 113 0.00344275
50 112 44 112 0.00326304
50 112 49 108 0.65809500
50 112 48 109 0.06088240
