73 73 0.51213569
73 72 0.00339172
154 156 0.01296398
154 153 0.00104282
154 154 0.61473434
103 103 0.48902387
110 109 0.01740659
110 110 0.49849435
133 134 0.00404846
133 133 0.45774799
133 135 0.00968311
131 132 0.00862866
131 131 0.73221473
131 133 0.02052049
135 135 0.53864486
135 137 0.00227841
59 60 0.00185116
59 58 0.05465285
59 59 0.42168698
36 36 0.73281127
36 37 0.00114322
36 35 0.01359832
11 10 0.00441311
11 11 0.74768767
64 64 0.40453587
64 63 0.11287859
64 65 0.00426798
149 149 0.54080111
149 148 0.02315784
149 151 0.01519037
149 150 0.01471677
114 113 0.00423284
114 114 0.51765328
155 155 0.63619305
155 156 0.00083162
155 157 0.00326351
155 154 0.00416705
58 58 0.49578143
58 57 0.03128502
58 59 0.00062746
138 137 0.00128125
138 141 0.00073000
138 139 0.00136299
138 138 0.65950005
138 140 0.01365284
96 96 0.67833354
25 26 0.00065690
25 25 0.42027120
25 24 0.10070075
112 112 0.59242647
54 54 0.61213315
54 53 0.00111610
47 47 0.47018358
157 156 0.00224794
157 157 0.55956701
157 159 0.00124166
157 158 0.00102708
105 105 0.63264830
66 66 0.42597297
66 65 0.09931847
136 136 0.55641633
136 138 0.01490423
90 89 0.00198091
90 90 0.49380750
40 39 0.00072358
40 40 0.48791701
40 41 0.00061257
56 56 0.58620141
56 55 0.00690271
98 98 0.69646046
24 24 0.54190529
24 25 0.00087404
24 23 0.20272027
94 94 0.68910680
107 106 0.00143783
107 107 0.66244076
53 52 0.00610957
53 53 0.66298813
23 22 0.18840268
23 23 0.55240204
23 24 0.00218597
106 106 0.64556936
106 105 0.00079006
99 99 0.46928530
48 48 0.56859994
71 70 0.02825904
71 71 0.60695612
140 140 0.76967687
140 142 0.00496322
140 139 0.00319738
140 141 0.01324712
146 146 0.80173504
146 145 0.02567209
146 148 0.00514830
146 147 0.04905198
10 10 0.73576337
10 9 0.00094236
88 88 0.67353492
88 87 0.01228680
120 120 0.57309673
120 121 0.00062871
21 22 0.00071857
21 21 0.60227425
21 20 0.18851617
93 93 0.79290643
123 124 0.00077974
123 123 0.66636369
20 19 0.21943762
20 20 0.56822323
34 34 0.25674854
34 33 0.03005754
34 35 0.00606233
57 56 0.00839821
57 57 0.39317081
145 146 0.04927654
145 144 0.01558395
145 145 0.74237201
145 147 0.00560591
152 153 0.00829705
152 151 0.00197342
152 154 0.00054400
152 152 0.63644176
85 84 0.01787441
85 85 0.71525961
45 45 0.84443385
81 80 0.00841810
81 81 0.65797069
52 52 0.38901023
52 51 0.00357144
79 77 0.00090190
79 79 0.64772189
79 78 0.00602597
127 128 0.00525307
127 127 0.76088963
121 121 0.59022813
113 113 0.72382688
147 146 0.02990604
147 149 0.00958517
147 148 0.04334285
147 147 0.87841333
26 26 0.50850148
26 27 0.00055944
26 25 0.00492287
27 27 0.58475761
27 26 0.06996008
27 28 0.00059033
87 87 0.66817977
87 86 0.01358486
4 4 0.77169030
126 126 0.70988908
126 127 0.00536841
97 97 0.68155294
35 35 0.42339002
35 34 0.00944374
35 36 0.01817150
139 140 0.00183004
139 138 0.00325037
139 139 0.61271946
139 142 0.00625569
139 141 0.02319724
108 107 0.00510412
108 108 0.77751621
148 150 0.02701216
148 147 0.03862642
148 148 0.58096258
148 149 0.01687431
9 8 0.00053620
9 9 0.80953432
151 150 0.00567550
151 151 0.75470548
151 153 0.00051950
63 62 0.06313515
63 64 0.00072248
63 63 0.51015087
33 32 0.03242480
33 33 0.62470601
33 34 0.00557163
50 50 0.79757818
29 28 0.03282532
29 29 0.62295984
29 30 0.00608006
158 157 0.00253328
158 158 0.53658047
116 115 0.00162713
116 116 0.68967145
137 139 0.01504863
137 136 0.00118606
137 137 0.53597463
137 138 0.01357939
75 75 0.47874337
75 74 0.00186673
102 102 0.58075865
46 46 0.26148864
150 149 0.02377987
150 151 0.00376861
150 150 0.66907270
7 8 0.00197537
7 7 0.68775436
28 27 0.04194589
28 29 0.00179291
28 28 0.45130204
142 144 0.02180889
142 143 0.01659155
142 141 0.00160671
142 142 0.64301150
142 145 0.00299076
32 32 0.57572247
32 31 0.04306128
32 33 0.01083700
83 83 0.71105645
83 82 0.01144191
77 77 0.59161876
77 76 0.00167086
84 83 0.01702471
84 84 0.67142549
16 16 0.58975554
16 17 0.00113011
16 15 0.07907062
5 5 0.69580417
49 49 0.57334463
74 74 0.54549641
74 73 0.00270423
86 85 0.01340206
86 86 0.70430492
67 68 0.00063889
67 66 0.06092118
67 67 0.56483837
51 51 0.81101064
159 159 0.85081630
38 38 0.61933393
38 39 0.01066257
38 37 0.00742801
118 118 0.54008249
115 114 0.00249731
115 115 0.70892097
117 117 0.67479963
117 116 0.00137789
65 66 0.00058771
65 65 0.67846807
65 64 0.00536313
30 30 0.59608054
30 29 0.04081467
30 31 0.00808925
153 152 0.01223908
153 155 0.00102358
153 153 0.68135152
119 119 0.48245447
2 2 0.72921788
129 129 0.71968133
129 131 0.01124353
129 130 0.00859521
125 125 0.67544162
125 126 0.00576674
144 145 0.03869847
144 143 0.00898016
144 146 0.00605439
144 144 0.62894816
61 61 0.48591488
61 60 0.06384607
95 95 0.73749114
101 101 0.53694598
130 131 0.01399827
130 132 0.00398823
130 130 0.75200792
109 108 0.00567457
109 109 0.54847288
69 69 0.35614841
69 68 0.05046477
19 18 0.15823999
19 19 0.48462042
3 3 0.64307200
82 82 0.53672872
82 81 0.01024052
124 124 0.77219724
124 125 0.00943844
111 110 0.00694125
111 111 0.45349337
37 37 0.58489341
37 36 0.02470838
39 38 0.00089968
39 39 0.50682505
39 40 0.00252393
31 30 0.03133632
31 31 0.19453450
31 32 0.00227952
14 15 0.00086010
14 13 0.12796461
14 14 0.60547078
17 16 0.18443182
17 17 0.50124223
17 18 0.00089658
6 6 0.70108614
92 92 0.60516671
1 1 0.74914300
8 8 0.70877861
68 67 0.06850585
68 68 0.27352254
12 11 0.01468454
12 12 0.65276264
143 145 0.01368521
143 142 0.00664158
143 143 0.62500257
143 146 0.00050242
143 144 0.02786179
80 80 0.61522293
80 79 0.01239463
80 81 0.00076190
122 122 0.68564694
78 78 0.48808763
78 77 0.00190282
128 129 0.00915267
128 128 0.80486665
128 130 0.00335509
42 42 0.67143694
18 18 0.57258126
18 17 0.07600781
18 19 0.00064264
60 61 0.00442273
60 59 0.06132410
60 60 0.57312460
100 100 0.57497636
132 132 0.66282403
132 133 0.00077250
132 134 0.01041468
55 55 0.33079302
55 54 0.00481900
13 12 0.09510538
13 13 0.59134436
13 14 0.00051195
104 104 0.67208545
43 43 0.51678210
76 75 0.00185387
76 76 0.47850662
70 70 0.54983106
70 69 0.01524287
41 41 0.47973710
160 160 0.95936302
160 159 0.00052960
91 90 0.00108030
91 91 0.55442533
141 140 0.00281747
141 141 0.90640082
141 143 0.00300031
141 142 0.01305720
89 88 0.00353303
89 89 0.67520772
15 16 0.00136120
15 14 0.06128881
15 15 0.59710611
134 135 0.00160166
134 134 0.52349680
62 63 0.00926802
62 62 0.46429998
62 61 0.04960610
72 71 0.00770591
72 72 0.54295272
44 44 0.68602593
22 21 0.19542787
22 22 0.53856207
22 23 0.00364520
156 155 0.00279447
156 156 0.66935521
156 158 0.00259199
156 157 0.00655736
