104 104 0.88278969
116 115 0.00390274
116 116 0.45948588
64 66 0.01480475
64 64 0.68999763
64 65 0.00118956
54 57 0.00825491
54 54 0.72087873
148 147 0.03973625
148 148 0.39811165
148 146 0.02219134
53 53 0.72098458
53 56 0.03368618
111 111 0.83090829
62 62 0.59465845
62 64 0.01587536
88 88 0.70499834
144 143 0.32607179
144 144 0.44053946
49 50 0.00196589
49 52 0.00064187
49 49 0.60256577
128 127 0.00533327
128 128 0.61484613
136 135 0.21373412
136 136 0.43825104
46 49 0.10109140
46 46 0.84970208
46 47 0.00283003
120 119 0.00068212
120 120 0.49153387
119 118 0.01667305
119 119 0.58785093
66 67 0.00569590
66 65 0.01095412
66 66 0.61344491
66 68 0.02158239
142 142 0.22783902
142 140 0.00512651
142 141 0.08246119
142 143 0.00059204
8 8 0.67795071
56 59 0.00097232
56 56 0.54657541
28 28 0.83803382
28 31 0.05989627
93 93 0.77411238
14 14 0.79001790
14 17 0.00056826
156 156 0.91439785
156 154 0.00214467
156 155 0.08226859
51 54 0.03474375
51 52 0.00106565
51 51 0.65588158
132 132 0.68858970
132 131 0.04510795
82 82 0.48070207
47 50 0.10108848
47 47 0.82206228
47 48 0.00363378
35 38 0.00825355
35 35 0.46357341
145 144 0.33641314
145 145 0.42377204
145 143 0.00086541
112 112 0.44473774
79 78 0.00232287
79 79 0.90158257
31 31 0.53551370
31 34 0.03639739
107 107 0.76077703
124 124 0.74863308
124 123 0.00973541
143 141 0.00736193
143 143 0.22452145
143 142 0.34151969
67 66 0.01623244
67 68 0.00544068
67 69 0.00931199
67 67 0.58006349
129 129 0.68630417
129 125 0.00265112
129 128 0.02547341
4 4 0.46669735
106 106 0.73634189
27 30 0.04671441
27 28 0.00055877
27 27 0.61875708
34 34 0.70400847
34 37 0.00189254
32 35 0.00194807
32 32 0.48981222
133 133 0.52249672
133 132 0.07760388
92 92 0.24789056
135 134 0.13842179
135 135 0.57601561
130 129 0.02566701
130 126 0.00308304
130 130 0.60062730
105 105 0.61739117
154 153 0.08925476
154 152 0.00187496
154 154 0.55623577
102 102 0.60588624
50 50 0.76958301
50 51 0.00146145
50 53 0.00189782
61 64 0.00164648
61 61 0.57370382
61 63 0.00100578
9 9 0.87259312
9 8 0.00051269
117 116 0.00265324
117 117 0.95565320
76 76 0.89448853
76 75 0.01054470
140 138 0.00065650
140 140 0.27091067
140 139 0.32034327
63 63 0.69676823
63 65 0.01397567
126 125 0.00778649
126 126 0.50786546
5 5 0.13480782
41 41 0.57723460
41 44 0.00942107
48 51 0.00942636
48 49 0.00258753
48 48 0.68515205
33 33 0.62208716
33 36 0.00123609
134 134 0.62673483
134 133 0.05929926
150 149 0.26945284
150 148 0.04863594
150 150 0.47595474
115 115 0.28564351
115 114 0.00824569
139 138 0.32749821
139 139 0.37112379
139 137 0.00102865
95 95 0.64132589
103 103 0.45325226
100 100 0.76507389
58 61 0.01697041
58 60 0.00052503
58 58 0.67382637
22 25 0.04247897
22 24 0.00154153
22 22 0.88637441
25 25 0.69775168
25 28 0.02860989
37 40 0.02935527
37 37 0.62559447
72 71 0.00687735
72 72 0.38901516
75 74 0.01761329
75 75 0.28938020
78 77 0.00440573
78 78 0.92662624
42 45 0.10111880
42 42 0.64092995
15 18 0.00073116
15 15 0.56465071
59 61 0.00082932
59 62 0.01027331
59 59 0.62246327
26 29 0.03608906
26 26 0.52069586
81 81 0.15957805
81 80 0.00055371
101 101 0.64697302
23 26 0.03977465
23 23 0.80109529
20 20 0.73936445
20 23 0.01176390
20 21 0.00079562
20 22 0.00662024
122 122 0.65285859
122 121 0.00090050
85 85 0.88950984
127 127 0.62445385
127 126 0.00731445
149 147 0.02821834
149 148 0.01205900
149 149 0.27770157
10 10 0.45649381
90 90 0.74539396
74 74 0.18624197
74 73 0.00244272
70 70 0.66441600
70 71 0.00346868
70 69 0.00234784
6 6 0.41726415
153 152 0.02807179
153 153 0.42918164
153 151 0.00160585
16 16 0.66313018
16 19 0.00135711
52 55 0.02935036
52 52 0.69707873
99 99 0.53267877
38 41 0.03475033
38 38 0.68218728
138 136 0.00056004
138 137 0.28238787
138 138 0.43741348
84 84 0.59881027
114 114 0.46052652
110 110 0.31393716
98 98 0.29912722
65 65 0.76486189
65 67 0.03222663
65 64 0.00484422
65 66 0.00330926
29 29 0.59774684
29 32 0.04118708
108 108 0.45254873
11 11 0.31610629
19 22 0.00360668
19 19 0.82108369
19 21 0.00207422
125 125 0.58634869
125 124 0.00855724
13 13 0.63513625
40 40 0.62336496
40 43 0.00063993
96 96 0.68567696
151 149 0.00672012
151 150 0.08183026
151 151 0.32923213
155 154 0.09596518
155 153 0.00146189
155 155 0.61845296
97 97 0.67860137
77 77 0.93284787
77 76 0.01740793
43 43 0.66466423
43 46 0.10109347
147 147 0.43948697
147 146 0.00862609
71 70 0.03664522
71 71 0.60844749
1 1 0.83344881
94 94 0.78937212
113 113 0.58131747
113 112 0.00155448
24 27 0.03089263
24 24 0.61144406
87 87 0.36195575
39 42 0.00189559
39 39 0.62909710
146 145 0.31694633
146 144 0.07243705
146 146 0.52158663
83 83 0.33510087
118 118 0.76572225
118 117 0.02244293
2 2 0.75864142
55 55 0.73387499
55 58 0.00179491
44 47 0.10109335
44 44 0.56710927
44 45 0.00252417
137 136 0.24339594
137 137 0.43423992
137 135 0.00081914
131 131 0.65462007
131 130 0.03450334
45 48 0.10109021
45 46 0.00274811
45 45 0.84277030
91 91 0.65449518
21 24 0.01411366
21 21 0.58947042
21 23 0.00498826
73 72 0.00504297
73 73 0.33390131
60 62 0.00148078
60 63 0.00610314
60 60 0.54362165
152 151 0.17947165
152 152 0.67932167
152 150 0.01178057
57 57 0.59316774
57 60 0.00136010
123 123 0.77018704
123 122 0.01087795
12 12 0.61321052
17 17 0.58536132
36 39 0.03367862
36 36 0.65702307
7 7 0.74711379
69 69 0.77145475
69 70 0.00472919
69 68 0.00416275
86 86 0.68726990
141 141 0.30487412
141 139 0.00100735
141 140 0.04890733
121 120 0.00081188
121 121 0.69481407
109 109 0.42462073
89 89 0.68761839
68 68 0.55681261
68 67 0.01717617
68 69 0.00642146
18 20 0.00170337
18 18 0.59357216
18 21 0.00219537
30 33 0.03997406
30 30 0.55678904
3 3 0.41514547
80 80 0.27401206
