64 100 64 100 0.03643879
64 99 64 99 0.31687589
16 43 16 43 0.10917856
66 98 66 98 0.43628568
61 102 61 102 0.51866416
70 94 70 94 0.37504960
54 59 54 59 0.00212527
135 140 135 140 0.39084713
77 88 77 88 0.35721686
30 36 30 36 0.04044667
78 87 78 87 0.39371212
28 33 28 33 0.03114975
28 34 28 34 0.01613367
60 104 60 104 0.01341343
60 103 60 103 0.40792343
22 38 23 38 0.00219845
22 38 22 38 0.08331023
22 38 22 39 0.00056715
22 37 22 38 0.00140369
22 37 23 37 0.00303700
15 44 15 44 0.27529608
24 36 24 37 0.00571656
24 36 25 36 0.00684113
24 35 25 35 0.00199733
24 34 25 34 0.00146324
67 97 67 97 0.34225350
27 32 27 32 0.04760957
27 31 27 32 0.00310316
72 93 72 93 0.61936194
134 141 134 141 0.14000262
59 104 59 104 0.53780419
59 103 59 103 0.00100316
26 32 26 33 0.00362265
26 32 27 32 0.00283981
25 32 25 31 0.00050382
132 143 132 143 0.13616755
74 91 74 91 0.35143833
73 92 73 92 0.34437869
133 142 133 142 0.09594006
69 95 69 95 0.40142068
68 96 68 96 0.40516029
21 38 22 38 0.00591704
23 37 23 37 0.08362382
23 37 23 38 0.00089702
23 37 24 37 0.01068424
23 32 23 32 0.02064240
58 105 58 105 0.33435883
58 104 58 104 0.00627390
80 88 80 88 0.00145787
79 86 79 86 0.33289216
79 89 79 89 0.00354830
53 60 53 60 0.00054225
