5 112 5 112 0.02839580
112 154 112 155 0.00593270
112 154 113 154 0.00054025
112 158 112 158 0.00636614
112 159 112 160 0.00065562
29 106 29 106 0.03700641
119 152 119 153 0.02626367
7 105 7 105 0.02217443
38 48 38 48 0.19916289
113 158 113 158 0.00879042
113 157 113 158 0.00246238
113 153 113 154 0.00627457
115 158 115 159 0.00673483
115 151 116 151 0.00160887
115 151 115 152 0.03570033
9 103 9 103 0.00448957
9 108 9 108 0.03572633
39 47 39 47 0.23371454
1 116 1 116 0.14221771
111 155 111 156 0.00498883
122 149 122 149 0.22142779
6 111 6 112 0.00057758
26 109 26 109 0.12760554
4 113 4 113 0.03025532
118 153 119 153 0.00058442
118 153 118 154 0.02249302
8 104 8 104 0.00559163
123 148 123 148 0.30968311
41 46 41 46 0.01866361
24 111 24 111 0.13459907
22 113 22 113 0.08127866
40 46 40 46 0.11755279
23 112 23 112 0.09398997
121 150 121 150 0.22013023
108 159 108 160 0.00066252
80 84 80 84 0.13320000
25 110 25 110 0.13654189
