15 15 0.57641600
86 86 0.16909600
69 69 0.13901600
107 108 0.00224666
107 107 0.94023300
28 28 0.59152000
123 123 0.76992000
122 122 0.56763200
73 73 0.15440600
91 91 0.84365200
82 82 0.44730800
46 46 0.04864610
130 130 0.99996800
32 32 0.87637600
16 16 0.13289600
9 9 0.99120400
21 21 0.60658100
31 31 0.17674600
57 57 0.99994700
72 72 0.51655300
110 111 0.00164673
110 110 0.94093800
98 98 0.77888800
131 131 0.84465500
4 4 0.99983600
96 96 0.89354800
112 112 0.94133800
116 116 0.63477800
53 53 0.41532000
39 39 0.45321200
118 118 0.83226100
38 38 0.44819100
8 8 0.99370700
105 105 0.94138100
105 106 0.00275177
54 54 0.41719400
55 55 0.30994700
24 24 0.55460800
117 117 0.93839900
26 26 0.48843100
92 92 0.50925700
43 43 0.15442900
85 85 0.86873700
124 124 0.15122000
102 102 0.60765100
42 42 0.99976400
13 13 0.97048600
76 76 0.46979900
109 109 0.94060100
109 110 0.00169295
5 5 0.99863300
44 44 0.99969300
58 58 0.99987900
77 77 0.45312400
127 127 0.10164600
45 45 0.51647700
67 67 0.99686300
87 87 0.07348520
65 65 0.41911800
30 30 0.97532500
61 61 0.99995300
36 36 0.56219900
7 7 0.94101000
48 48 0.11176000
60 60 0.99992100
14 14 0.97055200
132 132 0.84553500
94 94 0.57346900
52 52 0.32951400
113 113 0.94265000
126 126 0.34763700
12 12 0.97058300
115 115 0.62384800
40 40 0.46994000
49 49 0.99245000
129 129 0.99997300
62 62 0.41903000
120 120 0.69938900
33 33 0.45627600
51 51 0.99297200
103 103 0.70544100
29 29 0.07709640
3 3 0.84458800
90 90 0.68598400
90 89 0.00072053
63 63 0.30998100
19 19 0.15920600
66 66 0.33332000
25 25 0.60563100
68 68 0.97365800
10 10 0.98810100
79 79 0.44580500
2 2 0.84546800
18 18 0.43080400
50 50 0.99239200
100 100 0.78309900
111 111 0.94117500
111 112 0.00148444
104 104 0.94173100
104 105 0.00264331
83 83 0.45556600
20 20 0.91474700
6 6 0.94099100
11 11 0.97319400
34 34 0.44868400
99 99 0.77353600
80 80 0.56110700
88 88 0.93685300
47 47 0.99444600
71 71 0.04878300
106 106 0.93999800
106 107 0.00256030
114 114 0.71236200
35 35 0.56202100
128 128 0.54833900
95 95 0.76945400
78 78 0.44787500
1 1 0.99987200
125 125 0.44254200
23 23 0.57346000
41 41 0.99976600
101 101 0.59740100
22 22 0.98895000
97 97 0.87900000
93 93 0.55973000
119 119 0.85663700
56 56 0.41901900
89 88 0.00063722
89 89 0.79574900
70 70 0.99821500
121 121 0.75208900
84 84 0.98380000
81 81 0.56042600
59 59 0.99989800
17 17 0.32397600
27 27 0.95020200
108 108 0.94047400
108 109 0.00192254
37 37 0.44648900
75 75 0.99940100
64 64 0.41722700
74 74 0.99937900
