74 93 74 93 0.00706549
14 81 14 81 0.02455158
14 81 12 81 0.00175794
7 136 7 137 0.00070224
7 136 8 136 0.00573443
7 89 7 88 0.00824004
7 89 7 89 0.00186177
7 88 7 88 0.00422617
1 148 1 142 0.03563774
1 142 1 142 0.29473467
145 152 146 152 0.00436149
26 71 26 70 0.10557059
26 71 24 71 0.01192337
88 100 88 100 0.00105180
5 144 5 138 0.02415219
5 138 5 138 0.30742767
24 122 23 122 0.00085828
24 74 24 73 0.00345518
24 74 24 72 0.00647016
24 74 24 71 0.00437516
24 74 23 74 0.12479175
24 74 23 73 0.00113383
79 99 79 99 0.07763699
31 66 30 66 0.49014302
31 66 31 65 0.12284422
46 52 46 52 0.42172872
22 75 20 75 0.01408948
22 75 22 75 0.04222631
22 75 21 74 0.00124979
22 77 20 77 0.00081294
144 151 144 151 0.10952367
144 153 144 153 0.09491950
144 153 145 153 0.00309411
12 132 12 132 0.25234567
12 138 12 132 0.01378417
12 85 10 85 0.00238949
12 85 12 81 0.00119485
11 139 11 133 0.01184867
11 133 11 133 0.10947767
82 89 81 88 0.00063532
82 87 82 87 0.03821767
82 87 81 86 0.00083145
18 81 18 81 0.03951545
18 81 18 77 0.00132686
18 77 18 77 0.19964500
18 128 16 128 0.00725560
77 92 77 92 0.00118122
77 92 76 91 0.00237053
77 90 77 90 0.00841743
15 83 15 81 0.00785117
80 98 80 98 0.18329707
27 70 26 70 0.50665379
27 70 27 69 0.09369520
27 70 25 70 0.00475336
8 135 8 136 0.00087335
8 135 9 135 0.00575663
100 119 99 113 0.00307014
100 119 100 113 0.00170761
127 132 124 129 0.00363672
127 132 121 126 0.06715044
127 132 123 130 0.00058962
127 152 127 152 0.01302906
99 120 97 115 0.00092024
99 122 97 116 0.00082995
81 88 81 88 0.02482603
81 88 80 87 0.00158382
81 97 81 97 0.15520234
41 56 40 56 0.00606808
123 136 120 133 0.00697265
123 136 117 130 0.04366180
123 136 121 132 0.00328064
16 24 16 23 0.00065770
37 60 37 60 0.02167518
37 60 37 59 0.00059851
37 60 36 60 0.17596289
39 59 37 59 0.00077120
75 92 75 92 0.01058473
85 94 85 94 0.35149141
105 115 104 109 0.00758110
105 115 102 111 0.00081417
105 115 103 110 0.00220089
4 139 4 139 0.14467233
4 92 4 92 0.00194937
4 145 4 139 0.01265766
104 116 101 112 0.00075268
104 116 103 110 0.01347833
104 116 102 111 0.00346500
29 68 28 68 0.49541076
29 68 29 67 0.11499485
96 103 96 102 0.00749335
96 103 96 101 0.00076597
96 103 94 101 0.00068050
96 103 95 102 0.00202042
90 98 90 98 0.00888337
98 122 97 116 0.00607040
98 121 97 115 0.00419823
124 135 118 129 0.04546549
124 135 122 131 0.00291231
124 135 121 132 0.00761720
124 135 120 133 0.00064882
9 87 9 86 0.00160695
9 141 9 135 0.00668107
9 88 9 86 0.00184548
9 88 7 88 0.00052050
9 86 9 86 0.00182799
9 134 9 134 0.08196633
9 134 10 134 0.00445877
9 140 9 134 0.00247035
125 134 119 128 0.06877013
125 134 123 130 0.00136753
125 134 121 132 0.00064698
125 134 122 131 0.00766854
45 53 45 53 0.43558335
45 52 45 52 0.00288212
76 93 76 93 0.00074235
76 93 75 92 0.00232392
76 91 76 91 0.00602104
103 117 102 111 0.01341433
103 117 101 112 0.00352860
86 91 86 91 0.00797967
86 93 86 93 0.39840133
78 91 77 90 0.00234771
93 106 91 102 0.00062368
43 55 43 55 0.37271965
32 65 32 64 0.10259878
32 65 31 65 0.46657100
10 85 10 85 0.00901830
97 102 96 101 0.00216457
126 153 126 153 0.00208955
126 133 123 130 0.00633848
126 133 124 129 0.00275991
126 133 122 131 0.00052902
126 133 120 127 0.03335344
19 76 19 76 0.15691021
19 78 19 76 0.00155441
19 78 17 78 0.01145912
19 80 19 80 0.01167797
19 124 19 124 0.01249837
19 127 17 127 0.00369523
38 59 37 59 0.25415239
38 60 37 60 0.02648686
38 60 36 60 0.00054295
33 64 33 64 0.00225910
33 64 33 63 0.09950154
33 64 32 64 0.39801828
106 114 103 110 0.00081477
106 114 104 109 0.00365333
34 63 33 63 0.49588545
25 72 23 72 0.00995426
25 72 25 70 0.00113271
25 72 24 71 0.00146056
25 72 24 72 0.41728446
23 75 23 73 0.00369158
23 75 23 72 0.00198722
23 75 23 74 0.00479139
23 75 22 75 0.09458007
23 123 22 123 0.00062165
102 118 100 113 0.00197370
102 118 101 112 0.01303393
28 69 27 69 0.35992682
28 69 28 68 0.09765881
42 56 42 56 0.31185650
89 99 89 99 0.00206997
6 143 6 137 0.01064210
6 89 6 89 0.02653340
6 90 6 89 0.07225160
6 92 4 92 0.00050661
6 137 6 137 0.14803933
6 137 7 137 0.00142671
148 152 146 152 0.00067447
13 82 11 82 0.00296167
95 125 95 119 0.00060067
17 82 17 78 0.00144405
17 82 17 82 0.11463805
17 81 17 78 0.00081335
17 81 15 81 0.00077308
44 54 44 54 0.37329914
91 108 89 104 0.00089806
91 97 89 95 0.00054226
91 97 91 97 0.00449533
2 147 2 141 0.01804050
20 75 20 75 0.18068440
20 77 20 77 0.03382633
20 77 18 77 0.00815660
20 123 20 123 0.00506607
