47 47 0.58693800
98 92 0.00522760
98 98 0.19309276
64 66 0.00259452
64 63 0.00251875
64 62 0.01630775
64 64 0.56964910
64 65 0.00202624
64 60 0.00096293
14 13 0.00125986
14 14 0.87454606
14 16 0.00299022
14 15 0.00230773
24 23 0.00088250
24 25 0.00263611
24 24 0.45052293
31 30 0.00082341
31 31 0.48059748
71 69 0.00439397
71 72 0.00115361
71 73 0.00289993
71 65 0.00113058
71 70 0.00274196
71 71 0.73781966
4 4 0.58574214
8 8 0.75576058
7 7 0.42735390
124 118 0.00242824
124 124 0.73226723
121 120 0.00060994
121 121 0.48626782
121 115 0.00087780
12 14 0.00054076
12 12 0.70430792
142 142 0.78465434
142 143 0.00270023
142 141 0.00583536
142 136 0.00449363
76 71 0.00321671
76 70 0.00351893
76 76 0.53588910
76 77 0.00056545
76 74 0.00709534
73 67 0.00131858
73 73 0.76135349
73 72 0.00080221
73 71 0.00340093
73 68 0.00397179
73 75 0.00433237
138 138 0.75374888
138 137 0.00944302
138 139 0.00449211
138 132 0.00864544
140 139 0.00599501
140 141 0.00360855
140 140 0.75819364
102 95 0.00093238
102 102 0.26117322
102 101 0.00906585
149 143 0.00132897
149 149 0.39796697
149 150 0.00096313
45 45 0.73325673
45 47 0.00064323
45 43 0.00282284
145 144 0.00257387
145 141 0.00057931
145 145 0.79599204
145 139 0.00400346
120 113 0.00094521
120 120 0.45338125
50 48 0.00684472
50 50 0.82218708
154 154 0.73283461
154 155 0.00472251
154 153 0.00204117
154 148 0.00084717
143 142 0.00481265
143 144 0.00106000
143 137 0.00589913
143 143 0.79459039
55 53 0.00121858
55 55 0.61983139
134 134 0.43264534
134 135 0.00229844
134 128 0.00419868
35 35 0.57488983
35 36 0.00578525
35 34 0.00516953
90 84 0.00787091
90 90 0.33838053
133 133 0.38666685
133 127 0.00804553
42 43 0.00063533
42 44 0.00071299
42 42 0.97008531
42 40 0.00099199
42 41 0.00089407
59 59 0.61640705
59 60 0.00190352
59 61 0.00051376
59 58 0.01538937
46 46 0.60355596
30 29 0.00144899
30 30 0.53569301
30 31 0.00083423
112 105 0.01066779
112 112 0.29818562
100 99 0.00794460
100 93 0.00503342
100 100 0.50385255
32 34 0.00747728
32 32 0.96089968
119 112 0.00931520
119 119 0.60097514
44 46 0.00064291
44 44 0.69262834
44 42 0.00205860
123 123 0.70513210
158 158 0.41065906
114 114 0.37157177
27 27 0.73276811
27 29 0.00508837
27 26 0.00122795
27 28 0.00458101
1 1 0.56553655
81 75 0.00526612
81 81 0.60170493
81 79 0.00104171
78 72 0.00521339
78 76 0.00251085
78 78 0.83205824
107 107 0.30158306
107 106 0.01157256
105 105 0.94582063
105 104 0.00298016
105 98 0.00079051
22 23 0.00656710
22 22 0.84749912
22 24 0.00088656
22 20 0.00150952
22 21 0.01192262
116 116 0.29059830
39 41 0.00553394
39 39 0.77094300
39 38 0.00636030
39 40 0.00633372
141 135 0.00392584
141 141 0.75187323
141 140 0.00601446
141 142 0.00349613
129 129 0.74784803
130 124 0.00789075
130 130 0.71551015
67 69 0.01308849
67 65 0.01341406
67 67 0.43805797
67 66 0.00360921
67 68 0.01364327
80 78 0.00139886
80 80 0.69864907
80 74 0.00063665
70 68 0.01900159
70 70 0.74656191
70 71 0.00830291
70 64 0.00101761
70 69 0.00363597
70 72 0.00423790
11 11 0.57839107
6 6 0.78062535
21 23 0.00072469
21 22 0.01729469
21 19 0.00271580
21 21 0.60040963
21 20 0.01171165
74 72 0.01187602
74 76 0.00240149
74 73 0.00064430
74 74 0.70054969
74 75 0.00637494
74 68 0.00136490
54 54 0.59159685
84 84 0.77406707
86 80 0.00809009
86 86 0.89590248
146 145 0.00082503
146 146 0.62139237
146 140 0.00186817
146 142 0.00058487
69 69 0.70945424
69 67 0.02177839
69 71 0.00508183
69 70 0.00880411
69 68 0.00751642
40 42 0.00464193
40 40 0.95857348
40 39 0.00642354
40 41 0.00388215
91 91 0.35966288
41 42 0.00095519
41 43 0.00413147
41 40 0.00409909
41 41 0.96349014
137 131 0.00575005
137 138 0.00634980
137 137 0.73477354
156 156 0.81597479
156 155 0.00538711
156 154 0.00083587
156 157 0.00133198
99 93 0.00273460
99 99 0.33469743
99 98 0.00163919
99 92 0.00254362
16 16 0.34254093
16 15 0.00164062
16 14 0.00229998
16 18 0.00504665
16 17 0.00408264
139 138 0.00626677
139 140 0.00371658
139 133 0.00499043
139 139 0.69454808
68 70 0.00677711
68 68 0.58743748
68 66 0.00996060
68 67 0.01126728
68 69 0.01052262
131 131 0.52156860
144 145 0.00118012
144 143 0.00119151
144 144 0.93334476
144 138 0.00488396
63 64 0.00358302
63 60 0.00055779
63 65 0.00290003
63 63 0.53182758
63 62 0.00897369
63 61 0.00993908
57 57 0.47857621
57 56 0.00053839
60 61 0.00495207
60 62 0.00175001
60 58 0.00393206
60 60 0.67758124
60 59 0.00269537
104 104 0.94596877
104 103 0.00532569
125 125 0.41236697
95 95 0.32560056
106 106 0.28567548
106 105 0.00982082
97 97 0.27848178
103 102 0.01517411
103 96 0.00931356
103 103 0.94615614
48 48 0.58616612
128 122 0.00780105
128 128 0.69366546
85 79 0.00420325
85 85 0.81986265
49 49 0.77567652
49 47 0.00684433
147 141 0.00142295
147 147 0.53410029
122 122 0.85939807
122 115 0.00521770
122 116 0.00256040
155 156 0.00220948
155 153 0.00074526
155 155 0.72342159
155 154 0.01016981
19 20 0.00190541
19 18 0.00842490
19 17 0.00091612
19 21 0.00476351
19 19 0.62814253
148 148 0.66712097
148 142 0.00134734
51 51 0.86078426
51 49 0.00684975
75 70 0.00475014
75 75 0.55068650
75 77 0.00061447
75 76 0.00358976
75 69 0.00168726
75 73 0.01136664
75 74 0.00052776
159 159 0.77470946
136 136 0.57642731
5 5 0.91223048
33 33 0.75681905
33 34 0.00056822
33 35 0.00747325
82 82 0.64634982
82 76 0.00880843
82 80 0.00070866
38 38 0.67971660
38 39 0.00643266
38 37 0.00611404
38 40 0.00605711
126 126 0.70417016
111 111 0.29844442
111 104 0.01066698
109 108 0.00155973
109 109 0.30454602
109 102 0.00162079
34 33 0.00056812
34 34 0.57540448
34 35 0.00516961
79 77 0.00179775
79 73 0.00525818
79 79 0.83994222
72 70 0.00336599
72 66 0.00118925
72 72 0.73072759
72 73 0.00068902
151 151 0.21757931
151 150 0.00391642
151 145 0.00126273
151 152 0.00479499
56 58 0.00065784
56 54 0.00500425
56 56 0.69833783
89 89 0.62153239
152 151 0.00575351
152 152 0.71343603
152 153 0.00610970
152 146 0.00112675
15 13 0.00199183
15 14 0.00237145
15 17 0.00174745
15 16 0.00176130
15 15 0.50806291
150 150 0.74557403
150 144 0.00128915
150 149 0.00106780
150 151 0.00290681
10 10 0.61803245
25 24 0.00203917
25 25 0.75072953
25 26 0.00052175
25 27 0.00059885
3 3 0.69861945
18 20 0.00410701
18 18 0.61901188
18 17 0.00147612
18 19 0.01119269
18 16 0.00251102
13 15 0.00257143
13 13 0.70452460
13 14 0.00139819
20 19 0.00126910
20 21 0.01579114
20 20 0.34365734
20 18 0.00172565
20 22 0.00307039
83 83 0.64679434
88 88 0.62690740
23 23 0.58937054
23 22 0.00503864
23 24 0.00125621
23 25 0.00343677
132 132 0.79335104
2 2 0.69256096
157 157 0.43739679
157 155 0.00050942
157 156 0.00358211
115 115 0.92753616
66 64 0.00272722
66 65 0.00076423
66 67 0.00231256
66 68 0.00652147
66 66 0.40429402
17 18 0.00210705
17 17 0.48088037
17 19 0.00165448
17 16 0.00373493
17 15 0.00105544
52 52 0.60916419
36 36 0.59128817
36 35 0.00578517
36 37 0.00581997
62 64 0.01394367
62 60 0.00411904
62 63 0.00503188
62 61 0.00093148
62 62 0.48057712
29 28 0.00195822
29 30 0.00149323
29 29 0.59083970
65 63 0.00402148
65 66 0.00069555
65 64 0.00269545
65 65 0.42686331
65 67 0.01017155
96 96 0.29720006
96 90 0.00247400
101 100 0.00844231
101 101 0.25523280
135 135 0.61262736
135 134 0.00344375
113 113 0.28987020
113 106 0.00162174
94 94 0.35979031
93 93 0.90284949
43 41 0.00166289
43 45 0.00066413
43 42 0.00059260
43 43 0.78394363
117 117 0.31803534
117 110 0.00079185
153 154 0.00157038
153 147 0.00096009
153 152 0.01085101
153 153 0.27122733
61 63 0.00877594
61 62 0.00083846
61 61 0.66014192
61 58 0.00067636
61 59 0.00097542
61 60 0.00708934
9 9 0.57369780
26 27 0.00128369
26 26 0.58240989
37 36 0.00581992
37 39 0.00705193
37 38 0.00611631
37 37 0.72048941
118 118 0.30998421
108 107 0.01071967
108 108 0.49667883
28 29 0.00212890
28 27 0.00399261
28 28 0.60284918
28 30 0.00115582
127 127 0.41175142
92 92 0.31913821
92 86 0.00778994
87 81 0.00800202
87 87 0.65770929
110 110 0.30655058
110 103 0.01066899
58 60 0.00114426
58 56 0.00064702
58 59 0.01110554
58 58 0.55552895
53 53 0.60461922
77 75 0.00311897
77 71 0.00504775
77 72 0.00078229
77 77 0.81363073
