72 71 0.00670452
72 72 0.83020684
72 73 0.01103493
110 110 0.53273935
150 149 0.00096679
150 151 0.01504130
150 150 0.71821263
150 152 0.03249487
32 32 0.77134367
26 25 0.00104769
26 26 0.90072245
26 27 0.00117193
13 14 0.00162575
13 13 0.98216517
16 16 0.36580352
16 17 0.00083434
37 37 0.78952244
54 56 0.00826930
54 54 0.94139054
76 76 0.88857061
76 75 0.00750472
76 77 0.00122066
135 136 0.00196541
135 135 0.55638412
135 137 0.00366944
135 134 0.06669066
146 148 0.01462433
146 145 0.00275044
146 147 0.00202518
146 146 0.69494612
84 83 0.00055986
84 84 0.76939907
143 143 0.16007020
143 145 0.07891429
143 144 0.00162955
143 142 0.00137502
42 42 0.75486008
69 66 0.01246757
69 68 0.00553612
69 70 0.01480069
69 69 0.72746592
69 67 0.00063507
117 117 0.42498347
106 106 0.38701962
46 46 0.86253491
25 24 0.00101455
25 26 0.00491099
25 25 0.92039890
88 88 0.88210131
88 87 0.01188579
47 47 0.92780603
85 84 0.00066411
85 85 0.69504307
71 71 0.54920474
71 70 0.00810608
71 72 0.00755059
128 130 0.00141980
128 127 0.00557046
128 128 0.53685865
128 129 0.00084061
130 132 0.00126505
130 131 0.00222527
130 130 0.70262063
130 129 0.08379902
130 128 0.00071246
137 137 0.78548915
137 138 0.00574861
137 136 0.01333457
137 139 0.01998816
40 40 0.82684411
80 80 0.94672610
80 79 0.02002645
149 149 0.81945914
149 150 0.01244041
149 151 0.03067247
149 148 0.00093140
94 94 0.55317244
115 115 0.55155425
159 159 0.99224016
159 160 0.00223219
29 29 0.92150180
122 122 0.41257140
20 20 0.64948063
20 21 0.00141460
87 87 0.62151511
87 86 0.00062197
97 97 0.55132710
67 64 0.01434995
67 67 0.78570028
67 68 0.01656217
67 66 0.00455713
67 69 0.00678359
86 86 0.65109859
86 85 0.02588199
65 67 0.00089112
65 64 0.00731958
65 65 0.72901221
65 66 0.02599382
65 62 0.01386706
28 28 0.75070827
157 157 0.92973707
157 158 0.00660886
157 156 0.00090946
60 62 0.00126003
60 61 0.00772641
60 60 0.80505038
60 57 0.00286194
121 121 0.75872005
139 140 0.00304930
139 138 0.05381028
139 141 0.08559940
139 139 0.78567480
78 77 0.01761106
78 78 0.87721731
148 147 0.00061014
148 149 0.00378875
148 148 0.79556346
148 150 0.01357196
98 98 0.58760130
92 92 0.72602377
147 146 0.00124789
147 150 0.00129313
147 148 0.00242026
147 149 0.00808113
147 147 0.73462781
19 19 0.62680081
19 20 0.00096416
145 146 0.00331643
145 145 0.80155395
145 144 0.01261636
145 147 0.04511172
129 129 0.73051989
129 128 0.00663079
129 131 0.00128280
129 130 0.00222786
51 51 0.64552542
10 10 0.80035532
124 124 0.50675562
59 56 0.00056807
59 59 0.79052174
59 61 0.00258144
59 60 0.00162070
61 62 0.02063225
61 58 0.00952525
61 61 0.75146400
61 60 0.00219849
61 63 0.01052923
133 134 0.00338292
133 135 0.00080152
133 133 0.71963163
133 131 0.00113255
133 132 0.05592638
21 22 0.00235173
21 21 0.92738494
45 45 0.84123818
9 9 0.80026575
4 4 0.72156029
58 60 0.00278345
58 58 0.55413981
108 108 0.96341938
73 74 0.00317620
73 72 0.01129801
73 73 0.64585548
126 128 0.00140747
126 126 0.61349607
127 129 0.00194816
127 126 0.00076664
127 127 0.62787198
112 112 0.61915738
50 52 0.00079766
50 50 0.88469015
93 93 0.64506068
144 143 0.00362354
144 146 0.00090818
144 145 0.00206635
144 144 0.66968612
79 79 0.92675407
79 78 0.01888094
123 123 0.56004845
160 160 0.99744500
109 109 0.63243608
107 107 0.97142458
138 139 0.00231437
138 137 0.06300478
138 138 0.71109826
138 140 0.00161973
101 101 0.41579107
136 135 0.06424704
136 136 0.44178694
136 137 0.00392184
136 138 0.00928227
102 102 0.43635134
27 28 0.00055355
27 27 0.77410544
131 129 0.00109703
131 132 0.00236243
131 131 0.75822088
131 130 0.04436788
131 133 0.00099485
95 95 0.56994728
63 62 0.00488151
63 65 0.00162969
63 60 0.01566427
63 64 0.02493448
63 63 0.79776774
64 64 0.85968186
64 63 0.00602368
64 66 0.01900902
64 61 0.00629283
64 65 0.02737195
91 91 0.40792770
89 88 0.00219039
89 89 0.59355240
81 81 0.74531398
81 80 0.03075584
31 31 0.82246363
134 132 0.00064073
134 133 0.01647680
134 135 0.00398224
134 136 0.00168597
134 134 0.60498545
24 25 0.00685541
24 24 0.70284318
22 23 0.00296814
22 22 0.94254672
30 30 0.87767144
70 69 0.00544883
70 70 0.68242017
70 71 0.01593899
70 67 0.00546672
103 103 0.54421602
125 127 0.00088373
125 125 0.55265741
15 15 0.96651787
15 16 0.00071878
49 49 0.90740431
74 73 0.00090012
74 75 0.00276397
74 74 0.64427350
53 53 0.97609560
53 55 0.00387930
82 81 0.01953077
82 82 0.76614456
75 74 0.00479815
75 76 0.00237758
75 75 0.78165025
7 7 0.94100022
77 76 0.01548014
77 77 0.83409700
11 12 0.00078599
11 11 0.74974640
33 33 0.89899041
156 156 0.81599226
156 157 0.02370916
156 155 0.00463039
104 104 0.54396655
96 96 0.50594258
38 38 0.72214357
153 154 0.05050873
153 153 0.69958393
153 155 0.01445118
153 152 0.00267683
114 114 0.48680558
99 99 0.60911755
142 143 0.00097213
142 141 0.00666682
142 142 0.54245778
142 144 0.04955241
57 57 0.61534115
57 59 0.00952513
140 142 0.01395044
140 140 0.77826940
140 141 0.00190427
140 139 0.01839413
43 43 0.72421340
48 48 0.93135282
132 134 0.00082724
132 132 0.67224523
132 130 0.00157476
132 131 0.00971694
132 133 0.00317159
68 67 0.00406243
68 69 0.01540443
68 65 0.00254777
68 70 0.00114695
68 68 0.66692501
66 67 0.02769965
66 63 0.01399453
66 68 0.00064260
66 66 0.69977887
66 65 0.00656945
151 150 0.00118701
151 151 0.71058880
151 153 0.03184849
151 152 0.02007928
100 100 0.45509893
1 1 0.91256219
3 3 0.88377076
17 18 0.00112359
17 17 0.81394662
8 8 0.45483238
120 120 0.69425501
36 36 0.68474245
23 23 0.88479201
23 24 0.00687465
111 111 0.61918576
105 105 0.62338680
14 15 0.00089686
14 14 0.98213065
41 41 0.53759828
12 12 0.98282385
12 13 0.00118234
56 56 0.87562918
56 58 0.00056388
116 116 0.42423474
55 57 0.00885358
55 55 0.89778781
34 34 0.74463894
158 157 0.00065877
158 159 0.00443880
158 158 0.90030587
155 156 0.03664797
155 154 0.00549177
155 157 0.00124199
155 155 0.89920994
62 63 0.02191416
62 64 0.03050714
62 59 0.01995920
62 61 0.00400407
62 62 0.86397607
152 152 0.80655881
152 151 0.00178670
152 154 0.02021411
152 153 0.03801249
18 18 0.64712484
18 19 0.00095199
5 5 0.58896647
39 39 0.75851232
90 90 0.54212742
44 44 0.63782783
113 113 0.35670925
141 142 0.00183728
141 140 0.00801488
141 143 0.00160834
141 141 0.73489180
118 118 0.48592815
83 83 0.70635573
83 82 0.00056426
35 35 0.79784771
6 6 0.70570098
2 2 0.81216443
52 54 0.00057682
52 52 0.70916740
119 119 0.52206135
154 153 0.00462620
154 156 0.00786656
154 154 0.75362123
154 155 0.04170893
