54 78 51 75 0.09331371
54 77 52 74 0.02765169
54 77 51 75 0.02033606
19 155 19 152 0.08530867
109 139 106 136 0.29229400
40 47 38 45 0.00089159
40 49 37 46 0.02199754
48 84 48 81 0.00373803
48 84 45 81 0.14460992
17 157 17 154 0.01859213
122 127 119 124 0.03100085
101 147 98 144 0.05706854
3 153 3 150 0.01901954
3 98 3 95 0.01158887
12 47 12 44 0.00353549
12 19 12 19 0.01440555
12 19 13 19 0.00173170
22 38 22 35 0.23097054
22 35 22 35 0.13411072
14 21 12 19 0.00083551
52 80 49 77 0.23778388
52 79 50 76 0.01103672
52 79 49 77 0.01043020
67 78 64 75 0.00058551
61 73 58 70 0.00198400
61 70 58 67 0.43348860
61 67 58 64 0.00409906
103 145 100 142 0.29068302
50 82 47 79 0.38926517
50 82 46 79 0.00117144
82 95 79 92 0.00489633
135 140 132 137 0.00551278
60 68 57 65 0.00203706
60 71 57 68 0.44242755
56 75 53 73 0.02970016
56 75 54 72 0.04332656
18 42 18 39 0.01130952
18 156 18 153 0.02186097
84 93 81 90 0.00282040
26 31 26 31 0.27886730
26 34 26 31 0.00367729
100 148 97 145 0.31593284
39 44 39 44 0.00199001
39 45 39 45 0.00193316
39 50 36 47 0.00130003
21 39 21 36 0.33976414
92 150 89 147 0.02580302
45 157 42 154 0.00256887
104 144 101 141 0.07520181
53 78 50 76 0.01935457
53 78 51 75 0.02581044
2 99 2 96 0.01723639
2 157 2 154 0.01411919
115 122 112 119 0.01135835
115 134 112 131 0.03579820
37 46 37 46 0.00360587
41 48 38 45 0.00812445
51 81 47 78 0.00053843
6 33 6 31 0.00057776
83 94 80 91 0.00353648
102 146 99 143 0.05699538
68 77 65 74 0.00088975
59 72 56 69 0.48472081
59 69 56 66 0.00084460
1 153 1 150 0.22549283
62 72 59 69 0.00119364
62 69 59 66 0.49439369
20 40 20 37 0.35353725
20 154 20 151 0.05394833
86 92 83 89 0.03111999
118 131 115 128 0.16505193
49 83 49 80 0.00314230
49 83 45 80 0.00054407
13 18 13 18 0.04152646
13 18 14 18 0.00150798
13 19 13 19 0.25181845
25 35 25 32 0.01558472
25 32 25 32 0.27524775
66 79 63 76 0.00322700
93 149 90 146 0.02863342
110 138 107 135 0.28921333
23 34 23 34 0.26600946
57 73 54 70 0.02375890
57 74 54 72 0.02233340
47 85 44 82 0.30954762
47 84 44 81 0.01195153
4 157 4 154 0.01185346
