131 145 135 148 0.00122867
131 136 135 140 0.00364446
131 147 134 150 0.04925295
44 54 47 57 0.00127104
44 81 48 84 0.00142681
44 81 47 84 0.00578268
55 70 57 73 0.01254224
54 72 56 75 0.05352430
54 72 57 74 0.00872295
19 38 19 41 0.09684672
109 119 112 122 0.17304367
40 48 40 49 0.00072780
48 81 48 84 0.00105441
130 147 133 150 0.03546204
130 148 133 151 0.03635546
43 151 47 154 0.00055190
50 75 53 78 0.12874576
3 150 3 153 0.06472716
46 79 50 82 0.00288110
12 78 12 81 0.06906367
12 19 12 19 0.01121616
22 35 22 38 0.18890120
22 35 22 35 0.06870823
88 96 91 99 0.03112267
52 74 54 77 0.03137990
18 39 18 42 0.08300450
132 146 135 149 0.07457569
136 141 138 143 0.00080990
26 31 26 34 0.01327707
26 31 26 31 0.22012135
142 149 145 152 0.10176892
135 142 138 145 0.22375820
60 65 63 68 0.42711453
56 69 59 72 0.50761636
112 119 115 122 0.03500255
112 116 115 119 0.21241781
81 90 84 93 0.02139383
80 95 83 98 0.01379563
39 49 39 50 0.00233404
21 36 21 39 0.32325803
133 144 136 147 0.22554921
133 144 136 148 0.00261152
45 80 49 83 0.00175641
45 53 48 56 0.00201688
2 154 2 157 0.03515906
128 137 132 141 0.00131498
128 137 131 139 0.00058935
128 138 132 141 0.00094166
128 149 132 152 0.00130627
115 128 118 131 0.03597356
139 151 142 154 0.10286958
24 33 25 35 0.00145777
53 73 56 75 0.01210981
89 95 92 98 0.02181229
107 121 110 124 0.17143011
143 148 146 151 0.01846488
108 120 111 123 0.16491916
59 66 62 69 0.51791145
58 67 61 70 0.46493882
41 46 44 49 0.26267176
41 47 41 48 0.00239421
41 47 44 49 0.00101252
51 75 53 78 0.02691856
51 75 54 78 0.07006748
51 75 54 77 0.00470196
51 74 54 77 0.11707589
134 143 138 147 0.00095562
134 143 138 146 0.00449137
83 89 86 92 0.02949458
25 32 25 32 0.20936688
25 32 25 35 0.06267090
25 32 26 34 0.00148434
57 68 60 71 0.46414804
47 78 51 81 0.00102280
4 154 4 157 0.02758912
10 80 10 83 0.06858767
119 124 122 127 0.01523208
11 79 11 82 0.10110900
140 150 143 153 0.06237223
20 37 20 40 0.38741394
49 77 52 80 0.12093006
49 77 52 79 0.00109905
49 76 52 79 0.12282763
49 80 49 83 0.00089230
13 19 12 19 0.00058390
13 19 13 19 0.10510212
13 18 15 20 0.00091608
13 18 13 18 0.02863833
129 148 132 151 0.04179144
