115 121 0.99959100
91 97 0.99542500
91 98 0.00060366
91 96 0.00203924
36 36 0.85788600
71 77 0.99127200
71 78 0.00602060
13 13 0.96324900
139 145 0.99917700
112 118 0.99603400
109 116 0.03722040
109 114 0.00071016
109 113 0.00525174
109 115 0.93859100
4 4 0.98546400
4 3 0.00289603
4 2 0.00059432
12 11 0.00195840
12 12 0.99112300
130 136 0.99933400
113 119 0.99914100
104 108 0.00454499
104 111 0.07619920
104 110 0.91533700
110 114 0.00471975
110 116 0.95704400
110 115 0.00050504
110 117 0.02038840
46 49 0.01571640
46 48 0.00364339
46 46 0.87665500
46 50 0.00070018
46 52 0.10151100
46 47 0.00087226
143 149 0.99962300
142 148 0.99960100
141 147 0.99959800
56 60 0.00482838
56 59 0.00224792
56 57 0.00075950
56 56 0.01508820
56 62 0.96416500
56 61 0.01181470
95 101 0.98959900
95 100 0.00143948
95 102 0.00750587
127 133 0.99933500
96 103 0.01988090
96 101 0.00174089
96 102 0.97724600
39 39 0.99959700
33 33 0.45878700
132 138 0.99960400
97 104 0.03230810
97 102 0.00076014
97 103 0.96629300
107 113 0.91840400
107 114 0.07244110
107 111 0.00526889
136 142 0.99941000
128 134 0.99949600
73 80 0.00236002
73 79 0.99461300
40 42 0.00086781
40 40 0.82321900
146 152 0.99954800
57 57 0.00863329
57 61 0.00075301
57 62 0.00202244
57 63 0.98754900
54 55 0.01722730
54 58 0.00252936
54 57 0.00214598
54 56 0.00682000
54 54 0.09760420
54 59 0.02051290
54 60 0.85216800
84 89 0.00072519
84 90 0.99728900
94 103 0.00058471
94 101 0.00155072
94 100 0.99582000
94 99 0.00148995
24 24 0.69972000
131 137 0.99929500
125 131 0.99939700
68 74 0.99456100
68 75 0.00474044
5 4 0.01213380
5 5 0.97711000
27 27 0.47085400
7 7 0.96498600
7 6 0.00609558
82 88 0.99187800
82 89 0.00169080
82 87 0.00453586
145 151 0.99963800
18 18 0.94609800
41 41 0.60040700
41 47 0.00182615
41 43 0.00154428
87 93 0.99870200
129 135 0.99933400
31 31 0.44655500
106 110 0.00521152
106 113 0.07418340
106 112 0.91943000
138 144 0.99921300
90 96 0.99625800
90 95 0.00124129
90 97 0.00051459
133 139 0.99964600
3 2 0.00152933
3 3 0.99524500
44 49 0.00075076
44 48 0.00078952
44 45 0.00635231
44 46 0.00275161
44 44 0.94885200
44 50 0.03684220
44 47 0.00317480
47 51 0.00124718
47 48 0.00071975
47 49 0.00125401
47 47 0.86915300
47 53 0.10997800
47 50 0.01680270
8 8 0.96258900
8 9 0.00052068
62 68 0.99961400
59 65 0.99880800
81 87 0.99056400
81 88 0.00246385
81 86 0.00506048
55 58 0.00113753
55 61 0.91342600
55 55 0.05553460
55 59 0.00597511
55 60 0.01838530
55 57 0.00151756
55 56 0.00318754
121 127 0.99945400
72 79 0.00429949
72 78 0.99298700
9 8 0.02760080
9 9 0.96449900
102 109 0.07253040
102 108 0.92166300
102 107 0.00076449
102 106 0.00068318
89 95 0.99761900
29 29 0.96552700
99 106 0.04981210
99 105 0.94876100
99 104 0.00060072
58 64 0.99652200
58 63 0.00061687
58 58 0.00213912
119 125 0.99958300
16 16 0.99809200
15 15 0.99741700
15 14 0.00075227
147 153 0.99961100
88 94 0.99855600
140 146 0.99957500
108 112 0.00529416
108 114 0.92078000
108 113 0.00085280
108 115 0.05483200
52 58 0.48098500
52 53 0.01014470
52 52 0.40959100
52 55 0.02853700
52 54 0.04294930
52 57 0.02239920
52 56 0.00423822
6 6 0.97048200
6 5 0.02040150
78 84 0.98597400
78 83 0.00671451
78 85 0.00373617
30 30 0.89755200
43 49 0.00771049
43 46 0.00057919
43 45 0.00305748
43 44 0.00157008
43 47 0.00053788
43 43 0.77543100
34 34 0.55887600
51 52 0.00844995
51 55 0.00356222
51 53 0.02430870
51 56 0.02996550
51 57 0.42997000
51 51 0.48335800
51 54 0.01956620
85 91 0.99871100
66 72 0.99687900
66 73 0.00249649
17 17 0.99836200
67 73 0.99665600
67 74 0.00273011
80 86 0.98604000
80 87 0.00322247
80 85 0.00872983
137 143 0.99920900
70 76 0.99132200
70 77 0.00768613
63 69 0.99955500
64 70 0.99950200
37 37 0.92698700
124 130 0.99919900
86 92 0.99882500
50 54 0.00182414
50 56 0.19575300
50 51 0.00468491
50 53 0.01528510
50 50 0.77045100
50 55 0.00780432
50 52 0.00367612
116 122 0.99948000
79 84 0.00872831
79 85 0.98538700
79 86 0.00380615
150 156 0.99968100
83 90 0.00093719
83 89 0.99315600
83 88 0.00399784
23 23 0.70940900
122 128 0.99899100
122 129 0.00060279
49 55 0.16894200
49 50 0.00161076
49 52 0.01358600
49 53 0.00099015
49 49 0.80802400
49 51 0.00087047
49 54 0.00555687
26 26 0.62158900
11 11 0.97926900
11 10 0.01378130
21 21 0.45431800
60 66 0.99947900
10 10 0.96727100
10 9 0.02556530
75 82 0.00227825
75 81 0.99387800
75 80 0.00062451
118 124 0.99958700
103 107 0.00190041
103 108 0.00052369
103 109 0.91590100
103 110 0.07781260
151 157 0.99983000
2 1 0.00158404
2 2 0.99695400
1 1 0.99750800
135 141 0.99959300
101 106 0.00063977
101 108 0.06101970
101 107 0.93567500
74 80 0.99596000
74 81 0.00210236
19 19 0.64726000
100 106 0.94272100
100 105 0.00065862
100 107 0.05549010
126 132 0.99926700
114 120 0.99954900
20 20 0.75289200
65 71 0.99912700
111 117 0.97842400
111 118 0.00348020
111 115 0.00073645
117 123 0.99956000
38 38 0.99969800
77 82 0.00468096
77 83 0.98790100
77 84 0.00385445
93 99 0.99601400
93 98 0.00211417
93 102 0.00064345
93 100 0.00076904
14 13 0.00114777
14 14 0.97167700
69 75 0.99308600
69 76 0.00630733
42 44 0.00135940
42 42 0.76599500
42 48 0.00474501
45 47 0.00244255
45 50 0.00063402
45 46 0.00174627
45 45 0.91847100
45 48 0.00395163
45 51 0.07194280
134 140 0.99964700
98 103 0.00061718
98 104 0.95438900
98 105 0.04404630
22 22 0.63361700
48 49 0.00236527
48 51 0.00969794
48 48 0.84135600
48 54 0.14189200
48 52 0.00249590
48 50 0.00055854
48 53 0.00123153
35 35 0.97978200
28 28 0.96547600
61 67 0.99960900
76 81 0.00269815
76 82 0.99006300
76 83 0.00395025
32 32 0.34355900
148 154 0.99964800
149 155 0.99951900
120 126 0.99952400
53 58 0.01492560
53 55 0.03596540
53 53 0.14017200
53 54 0.02796950
53 59 0.76838600
53 56 0.00769097
53 57 0.00367921
123 129 0.99889200
144 150 0.99965100
105 112 0.07380800
105 111 0.91787800
105 109 0.00489317
92 101 0.00059788
92 98 0.99545200
92 97 0.00266022
92 99 0.00066513
25 25 0.57109200
