55 55 0.63174737
156 156 0.89558933
73 73 0.39075418
78 78 0.73799314
70 71 0.01419581
70 70 0.39952643
92 91 0.00340091
92 92 0.97096639
92 96 0.00193728
29 29 0.55788799
29 30 0.00091877
66 67 0.00275594
66 68 0.01312910
66 66 0.48736561
66 65 0.00166650
155 155 0.65655099
106 106 0.98392925
67 66 0.00144904
67 68 0.05692340
67 67 0.35727751
67 69 0.00534115
24 24 0.55856225
24 22 0.00342383
123 123 0.46303107
145 145 0.89618547
15 15 0.61349641
18 16 0.00321429
18 18 0.27954386
31 31 0.69210174
149 149 0.68360674
87 87 0.64505824
22 23 0.00114056
22 20 0.00784910
22 22 0.78592400
41 41 0.64059138
41 42 0.00145352
117 117 0.45836634
121 121 0.79719743
83 83 0.67201457
151 151 0.59790717
58 59 0.01028381
58 60 0.01294275
58 58 0.48649561
134 134 0.71261610
11 11 0.93310658
11 10 0.01271909
113 113 0.18858000
30 31 0.00076054
30 30 0.80578494
119 119 0.69486235
2 2 0.73061095
2 3 0.00099789
2 1 0.01735007
17 17 0.51613195
95 95 0.87426503
95 94 0.00355847
9 9 0.84677382
9 8 0.04090485
157 157 0.93058088
60 61 0.04237592
60 60 0.57341242
60 62 0.04818968
114 114 0.44140843
103 107 0.00092978
103 103 0.81613236
43 43 0.75302848
43 44 0.01456699
27 28 0.00172998
27 27 0.74566122
100 100 0.63824831
84 84 0.68949472
140 140 0.51869876
128 128 0.62368918
8 7 0.00314572
8 8 0.83578372
53 53 0.81849466
53 55 0.00713178
53 54 0.02421576
81 81 0.60869953
26 27 0.00489100
26 24 0.00225592
26 26 0.72686462
47 47 0.73347956
130 130 0.71960195
75 75 0.81998027
59 60 0.01100696
59 61 0.02944998
59 59 0.46436045
38 37 0.00287978
38 38 0.66152803
72 72 0.38251452
102 102 0.65725472
97 96 0.00155487
97 97 0.67095762
63 62 0.00337130
63 65 0.01589212
63 63 0.57512931
63 64 0.04971793
80 80 0.83859567
115 115 0.25619259
32 32 0.67860588
39 39 0.59281985
39 38 0.00234922
96 95 0.00266553
96 96 0.87723614
6 6 0.38644734
6 5 0.03257683
13 13 0.83783631
64 64 0.59670179
64 66 0.01500524
64 63 0.00323116
64 65 0.00482916
107 107 0.78725967
107 110 0.00143373
20 20 0.76213516
34 34 0.71205021
16 16 0.69663558
16 14 0.00131593
132 132 0.97831966
132 133 0.00287018
93 97 0.00197449
93 92 0.00493181
93 93 0.77909984
148 148 0.61153533
23 21 0.00336062
23 23 0.83359677
108 108 0.78911005
37 38 0.00199500
37 36 0.00131808
37 37 0.57339044
147 147 0.74784122
138 138 0.93998964
61 62 0.04022938
61 61 0.83109269
61 63 0.04293836
61 60 0.00209180
133 133 0.97821640
133 134 0.00264041
74 74 0.64881090
125 125 0.57052708
48 48 0.32663337
48 47 0.00057940
42 42 0.73212259
42 41 0.00051621
42 43 0.01520039
143 143 0.58812057
65 67 0.01417141
65 66 0.04995112
65 64 0.00304941
65 65 0.62017925
35 35 0.66641859
35 36 0.00115108
85 85 0.86229097
91 90 0.00231461
91 95 0.00190046
91 91 0.78735008
141 141 0.64658927
5 5 0.34957028
5 4 0.00269986
150 150 0.74053046
146 146 0.80269851
79 79 0.72186216
77 77 0.83469369
1 1 0.70271270
1 2 0.00242248
154 154 0.71021343
14 14 0.67533323
105 105 0.81958105
71 72 0.00170578
71 71 0.11347991
46 47 0.00494542
46 46 0.51888376
4 3 0.02924995
4 4 0.77907049
4 2 0.00100807
101 101 0.68950487
101 105 0.00098559
44 44 0.80097859
44 45 0.01285850
40 40 0.64682778
40 41 0.00628393
40 39 0.00261750
45 46 0.00451879
45 45 0.54587871
12 12 0.90603915
12 11 0.00178607
19 19 0.73109159
82 82 0.69268148
112 112 0.39907269
86 86 0.72922277
129 129 0.81069578
131 131 0.78330115
135 135 0.68122616
89 89 0.78282676
89 92 0.00317512
89 93 0.00144571
33 33 0.73734348
120 120 0.82606167
118 118 0.80642696
126 126 0.52298190
137 137 0.84849267
142 142 0.56751295
99 99 0.68532270
98 98 0.84022863
98 97 0.00088460
111 111 0.45434703
90 89 0.00149700
90 94 0.00150877
90 90 0.73501762
25 23 0.00619965
25 26 0.00118020
25 25 0.72096445
116 116 0.38043952
50 51 0.01424180
50 50 0.49084560
68 67 0.00102862
68 68 0.30485430
68 70 0.00123481
68 69 0.03232206
109 109 0.65921313
109 108 0.00068284
28 28 0.73630024
28 29 0.00116216
139 139 0.74468125
52 54 0.00087524
52 52 0.92628210
52 53 0.02306886
57 59 0.00061089
57 57 0.74317707
76 76 0.81668051
62 62 0.60965509
62 64 0.00173853
62 63 0.02952143
62 61 0.00476524
94 93 0.00356827
94 98 0.00193950
94 94 0.96194310
56 58 0.00420630
56 56 0.32723256
56 57 0.00092718
36 37 0.00067344
36 36 0.57643406
127 127 0.79885548
144 144 0.68870094
54 54 0.46731250
54 56 0.01351651
54 55 0.01500775
51 51 0.95820741
51 52 0.02532916
136 136 0.89942093
69 69 0.15046285
69 70 0.01227594
69 68 0.00069026
153 153 0.78856569
110 109 0.00083550
110 110 0.61332587
3 2 0.02484115
3 4 0.00050670
3 3 0.65742708
3 1 0.00107161
104 104 0.67023917
88 88 0.63559485
10 9 0.01540844
10 10 0.92885240
49 49 0.54573777
124 124 0.63896909
122 122 0.60576582
21 19 0.00381543
21 21 0.80786557
152 152 0.87467636
7 7 0.56620300
7 6 0.02236564
