90 98 87 95 0.01593960
90 108 87 105 0.05864690
80 118 77 115 0.28833533
95 103 92 100 0.01133210
135 144 132 141 0.01420721
135 141 132 138 0.30241681
98 104 95 101 0.02821609
125 153 122 150 0.02044883
125 151 122 148 0.02001906
40 48 36 43 0.00079747
40 48 36 45 0.00601122
33 66 23 58 0.00172907
33 66 25 58 0.00139296
77 121 74 118 0.10122810
72 128 69 125 0.00115317
35 64 26 56 0.01559541
120 153 117 150 0.00090735
130 147 127 144 0.25525645
130 146 127 143 0.03191883
122 156 119 153 0.04605533
38 50 34 45 0.00080221
38 50 34 47 0.00883443
53 73 54 70 0.00058704
59 63 56 60 0.01411827
59 67 56 64 0.09451840
132 144 129 141 0.10246493
132 145 129 142 0.15584705
133 143 130 140 0.25826888
86 112 83 109 0.23410142
5 151 5 148 0.06855797
81 117 78 114 0.15161788
8 120 8 117 0.00705143
8 152 4 149 0.00403185
7 121 7 118 0.03444867
4 152 4 149 0.22114455
94 104 91 101 0.00992420
94 101 91 98 0.06882148
3 153 3 150 0.25045163
55 64 55 61 0.00069853
89 98 86 95 0.00660723
89 99 86 96 0.01895777
74 123 71 120 0.19092033
131 145 128 142 0.06056905
131 146 128 143 0.19135900
93 101 90 98 0.01809403
93 102 90 99 0.06349245
88 99 85 96 0.00553430
88 100 85 97 0.04485700
39 49 35 44 0.00081242
127 150 124 147 0.28897067
126 151 123 148 0.25743165
9 119 9 116 0.00533897
92 102 89 99 0.03006543
82 115 80 112 0.00074113
129 147 126 144 0.00919275
129 148 126 145 0.47837218
85 113 82 110 0.39358678
37 62 28 54 0.00427587
37 62 29 52 0.00057147
37 51 34 48 0.00141363
1 155 1 152 0.17258779
121 155 118 152 0.00074093
121 156 118 153 0.01004835
121 152 118 149 0.00288320
78 120 75 117 0.12497736
96 103 93 100 0.00928377
34 65 24 57 0.00146249
34 65 25 57 0.03060381
34 65 26 56 0.00101100
128 149 125 146 0.35081305
58 64 55 61 0.02108520
124 155 121 152 0.01930219
124 152 121 149 0.02770133
84 114 81 111 0.40735776
60 66 57 63 0.03999247
36 63 28 53 0.00067875
36 52 32 49 0.00532937
