155 155 0.99919300
84 84 0.40899000
86 86 0.46238800
112 112 0.76225300
146 146 0.43395700
21 21 0.86862000
121 121 0.94028800
159 159 0.99995100
15 15 0.99375900
71 71 0.98284700
75 75 0.64367000
19 19 0.99372100
82 82 0.93038900
46 46 0.99329900
99 99 0.42711000
139 139 0.98661400
50 50 0.78563500
68 68 0.81540300
135 135 0.49519300
157 157 0.99945700
141 141 0.49895200
95 95 0.93378400
91 91 0.75964400
62 62 0.49007800
132 132 0.78999100
130 130 0.91405800
142 142 0.09664990
154 154 0.99937000
57 57 0.61075000
145 145 0.56342800
152 152 0.59039400
58 58 0.56055500
17 17 0.99371000
101 101 0.96632800
39 39 0.99341000
113 113 0.92383600
9 9 0.52569400
34 34 0.99714900
127 127 0.16854400
22 22 0.84808400
80 80 0.50210600
52 52 0.52576500
26 26 0.99565300
24 24 0.89077000
44 44 0.99268400
108 108 0.44327300
148 148 0.57561300
70 70 0.85322800
55 55 0.99699600
103 103 0.98934600
1 1 0.10913200
78 78 0.89982700
56 56 0.79427800
13 13 0.99404500
14 14 0.99386100
111 111 0.96703000
104 104 0.99231400
6 6 0.79402300
92 92 0.89488000
153 153 0.99092400
98 98 0.52789300
42 42 0.99337800
30 30 0.89450300
43 43 0.99311400
81 81 0.59483800
115 115 0.87239200
66 66 0.51573300
31 31 0.85214900
3 3 0.83531700
53 53 0.47533500
72 72 0.97862400
67 67 0.90464300
60 60 0.57123300
88 88 0.69614100
126 126 0.37866200
136 136 0.98456000
131 131 0.87438100
114 114 0.73019000
54 54 0.99711400
119 119 0.92844800
32 32 0.85177000
73 73 0.97470900
158 158 0.99975000
85 85 0.44503900
120 120 0.93753300
37 37 0.73685500
63 63 0.60953000
51 51 0.99848600
107 107 0.57246200
123 123 0.94502100
147 147 0.39562600
97 97 0.41563000
7 7 0.99704600
76 76 0.92873300
94 94 0.93371500
93 93 0.76022500
116 116 0.93821400
40 40 0.99331600
12 12 0.99587500
102 102 0.94273900
74 74 0.97119200
149 149 0.73019800
8 8 0.47532900
29 29 0.54102600
18 18 0.99371000
156 156 0.99916600
156 155 0.00051635
23 23 0.84841300
134 134 0.48752600
125 125 0.47742400
5 5 0.76057600
49 49 0.99371900
16 16 0.99372500
77 77 0.59770800
150 150 0.64502900
45 45 0.99270000
45 44 0.00083530
140 140 0.49883800
89 89 0.95475400
25 25 0.86738200
64 64 0.99648000
79 79 0.97162100
90 90 0.95093700
35 35 0.66712500
118 118 0.04741880
4 4 0.99924900
36 36 0.66546000
61 61 0.62206000
106 106 0.45871700
110 110 0.80815900
87 87 0.64542900
151 151 0.57850600
143 143 0.95805900
27 27 0.73903100
124 124 0.55393200
105 105 0.99307100
83 83 0.50127000
69 69 0.76552400
38 38 0.99337300
28 28 0.66761200
10 11 0.00067803
10 10 0.99763300
20 20 0.99371000
65 65 0.61798000
128 128 0.41640100
33 33 0.87218200
122 122 0.94312000
160 160 0.99998500
117 117 0.66982500
59 59 0.76691400
41 41 0.99351000
2 2 0.63682400
137 137 0.98657500
109 109 0.51138700
11 11 0.78611800
11 12 0.00053005
100 100 0.99016800
96 96 0.57589000
47 47 0.99338300
129 129 0.54840000
48 48 0.99373700
133 133 0.24072100
144 144 0.96783500
138 138 0.98724900
