55 54 0.00969726
55 55 0.95584900
133 132 0.00185064
133 133 0.97287600
133 134 0.00071130
149 149 0.74100600
66 66 0.96940700
66 65 0.00365871
132 131 0.00264776
132 132 0.96418500
132 133 0.00150578
23 23 0.97533800
25 25 0.97566900
2 2 0.84340700
92 90 0.00086873
92 92 0.95243600
92 91 0.02231220
139 140 0.00339647
139 138 0.00113587
139 139 0.97157900
32 32 0.97618500
123 124 0.00075660
123 123 0.97536000
70 69 0.04236700
70 70 0.83229900
131 131 0.95976100
131 130 0.00328421
131 132 0.00925526
107 107 0.97508700
43 42 0.00068998
43 43 0.97444400
43 44 0.00056658
126 126 0.97340300
126 127 0.00231812
49 49 0.97612800
38 38 0.97408700
38 37 0.00136359
143 142 0.00235192
143 143 0.96012300
143 144 0.01253740
140 140 0.97060900
140 139 0.00121166
140 141 0.00428594
78 77 0.93423300
78 78 0.03203940
72 71 0.19260500
72 72 0.73360000
124 124 0.97542700
124 125 0.00071792
114 114 0.97600000
54 53 0.00804326
54 54 0.96636000
29 29 0.97617800
113 113 0.97604700
97 97 0.97612800
134 134 0.97452400
134 133 0.00094669
134 135 0.00061550
90 90 0.93274500
90 89 0.04250920
46 46 0.97582700
61 61 0.95711100
61 60 0.01876400
53 52 0.00192119
53 53 0.96807400
24 24 0.97562500
109 109 0.97600600
150 150 0.96907600
14 14 0.50368900
144 145 0.00700179
144 144 0.96259000
144 143 0.00105632
88 87 0.48227500
88 88 0.49231300
137 138 0.00141612
137 137 0.97351000
137 136 0.00110502
115 115 0.97603900
86 86 0.05273210
86 85 0.92270100
37 36 0.00089881
37 37 0.97461900
82 80 0.00144245
82 81 0.94930800
82 82 0.02492820
103 103 0.97480400
128 128 0.97053800
128 127 0.00073241
128 129 0.00465322
91 90 0.03145930
91 89 0.00053100
91 91 0.94328200
153 153 0.97882400
31 31 0.97618500
1 1 0.75847800
16 16 0.96898200
129 128 0.00102205
129 129 0.96011900
129 130 0.01272380
81 80 0.94661500
81 81 0.02505960
81 79 0.00180051
85 84 0.93024400
85 85 0.04475520
85 83 0.00064535
39 38 0.00182061
39 39 0.97285600
39 40 0.00105286
136 136 0.97370400
136 137 0.00130244
136 135 0.00101344
110 110 0.97597800
67 66 0.00667889
67 67 0.96608600
5 5 0.52631600
30 30 0.97614600
95 95 0.97587600
75 74 0.58456700
75 75 0.09155410
75 76 0.00072088
71 71 0.78317300
71 70 0.14331400
34 34 0.97611000
101 101 0.97592400
99 99 0.97589100
28 28 0.97619000
96 96 0.97608100
127 127 0.97200400
127 128 0.00349150
45 45 0.97468100
45 44 0.00107698
62 61 0.00535994
62 62 0.97079700
130 129 0.00329594
130 130 0.95908100
130 131 0.01292900
105 105 0.97495500
105 104 0.00074649
77 76 0.92699600
77 77 0.04044110
13 13 0.58828500
94 94 0.97383200
94 93 0.00186554
122 122 0.97567400
122 123 0.00053326
27 27 0.97600200
22 23 0.00050156
22 22 0.97545700
19 19 0.97621000
106 106 0.97478500
106 107 0.00075174
106 105 0.00054195
141 140 0.00126985
141 142 0.01049120
141 141 0.96370000
121 121 0.97588200
11 11 0.98296900
98 98 0.97609000
40 39 0.00211795
40 40 0.97293400
40 41 0.00059749
59 59 0.95498200
59 58 0.02061750
84 83 0.93917800
84 82 0.00094399
84 84 0.03582030
146 146 0.97475000
146 147 0.00055990
41 41 0.97456500
41 42 0.00056302
41 40 0.00103114
69 68 0.02623830
69 69 0.93350000
125 126 0.00099912
125 125 0.97518200
57 57 0.95256900
57 56 0.02175050
48 48 0.97618400
87 86 0.87166600
87 87 0.10367000
18 18 0.97623100
35 35 0.97566600
51 51 0.97518300
51 50 0.00056843
26 26 0.97592600
20 20 0.97619700
76 76 0.04813620
76 75 0.88372100
76 77 0.00076005
112 112 0.97573400
147 147 0.97562700
9 9 0.98293700
47 47 0.97600500
56 55 0.02012850
56 56 0.95429200
17 17 0.77599500
145 145 0.96896100
145 146 0.00142614
42 43 0.00066762
42 42 0.97480000
42 41 0.00072447
89 89 0.88165800
89 88 0.09354020
118 118 0.97551300
135 134 0.00083925
135 136 0.00075884
135 135 0.97443300
15 15 0.22507700
21 21 0.97612500
138 137 0.00124876
138 138 0.97226100
138 139 0.00249093
36 35 0.00053828
36 36 0.97508100
12 12 0.98293000
73 72 0.24159700
73 73 0.69039900
100 100 0.97584800
119 119 0.97527900
152 152 0.96898100
3 3 0.97820100
44 43 0.00090868
44 44 0.97439800
74 72 0.00062633
74 73 0.28496400
74 74 0.39124000
33 33 0.97614400
63 63 0.97273200
63 62 0.00342157
116 116 0.97599500
142 143 0.01332190
142 142 0.96027800
142 141 0.00188653
65 65 0.97250000
65 64 0.00339973
6 6 0.60936600
60 60 0.95574100
60 59 0.01957600
104 104 0.97477400
104 103 0.00088519
52 52 0.97428200
52 51 0.00099518
93 93 0.96197900
93 92 0.01314520
93 91 0.00065027
58 57 0.02303840
58 58 0.95262100
64 64 0.97278200
64 63 0.00312607
151 151 0.96893000
83 82 0.94826400
83 81 0.00094463
83 83 0.02682770
102 102 0.97572100
148 148 0.64107800
10 10 0.98295500
111 111 0.97566800
80 79 0.94408700
80 80 0.02719290
80 78 0.00088177
7 7 0.98302800
4 4 0.23429300
120 120 0.97534900
120 119 0.00053661
8 8 0.98301300
50 50 0.97566700
117 117 0.97592900
68 67 0.01008070
68 68 0.94986300
79 78 0.94293000
79 79 0.02969920
79 77 0.00057395
108 108 0.97593700
