78 79 0.00641463
78 78 0.76041689
78 77 0.00071343
52 49 0.01860713
52 50 0.00682045
52 52 0.83944344
52 51 0.00585571
38 37 0.01213820
38 35 0.10013709
38 38 0.81098311
38 36 0.03222131
125 125 0.76275689
125 126 0.00365913
27 27 0.80943550
27 24 0.15217157
27 28 0.00347262
53 50 0.00623416
53 52 0.00081669
53 53 0.79355710
53 51 0.00066911
146 146 0.66083299
59 56 0.00304841
59 60 0.00791730
59 59 0.54230965
48 49 0.00136977
48 48 0.82173243
48 45 0.00283233
48 46 0.00977594
48 47 0.00265731
76 76 0.74921023
76 77 0.00620595
76 75 0.00109091
76 74 0.00063356
11 7 0.01191940
11 9 0.09270575
11 10 0.06368866
11 11 0.59790484
11 6 0.00069059
11 13 0.00079122
11 8 0.02433634
11 12 0.02083211
158 158 0.70878517
129 129 0.40627128
67 65 0.00193535
67 68 0.02073401
67 67 0.66068407
67 66 0.00462728
16 15 0.00316790
16 14 0.04752226
16 16 0.52009708
16 17 0.00206985
16 13 0.03310680
7 4 0.00051485
7 3 0.00446762
7 9 0.00082699
7 5 0.01526594
7 7 0.65256701
7 8 0.01422725
7 6 0.05262547
119 119 0.79336367
119 120 0.00764068
92 92 0.73868081
106 105 0.00099012
106 106 0.85834278
6 4 0.01071764
6 6 0.75760057
6 3 0.00060016
6 7 0.01241752
6 5 0.00844889
43 43 0.42366209
43 42 0.02671729
43 40 0.03462101
43 41 0.08769384
82 82 0.79860408
82 83 0.00553398
82 81 0.00438128
154 154 0.88877431
46 45 0.01564277
46 43 0.00202947
46 47 0.00180885
46 46 0.75381667
46 44 0.07884399
139 139 0.43680551
44 43 0.00429608
44 45 0.00062205
44 44 0.68090679
44 42 0.00823600
19 20 0.00488987
19 15 0.00407606
19 18 0.00053007
19 19 0.79143483
19 16 0.00798862
19 17 0.04763063
25 22 0.15157057
25 26 0.00231050
25 25 0.80883575
25 24 0.00050171
45 43 0.03158467
45 45 0.72582962
45 44 0.02894620
45 42 0.01115017
45 46 0.00130893
141 141 0.95563494
95 95 0.86259394
69 69 0.91566096
69 70 0.03111351
69 68 0.01454453
69 67 0.00427547
136 136 0.82435994
123 123 0.53473544
123 124 0.00062956
97 97 0.69850783
104 104 0.69680592
84 84 0.65105340
134 134 0.50945556
72 72 0.90234049
72 73 0.01204078
72 71 0.01528094
72 70 0.00387959
57 54 0.00075377
57 57 0.92537634
57 58 0.00413744
57 59 0.00128373
120 120 0.74736011
120 121 0.00914717
122 122 0.58125823
144 144 0.77889391
14 10 0.00226456
14 13 0.03367362
14 11 0.00099922
14 15 0.01626474
14 12 0.02721718
14 14 0.49189782
107 107 0.86563846
107 108 0.00074519
73 73 0.71898670
73 72 0.01306225
73 71 0.00379983
73 74 0.03768130
112 112 0.66791347
98 98 0.78468905
126 127 0.00390346
126 126 0.56596883
17 14 0.03850704
17 15 0.00507479
17 18 0.00522405
17 13 0.00911706
17 17 0.80550634
17 16 0.00122128
87 87 0.38118468
18 17 0.00089301
18 16 0.00710788
18 14 0.00469494
18 18 0.80707972
18 15 0.00407764
74 74 0.80257001
74 72 0.00345473
74 73 0.00231147
74 75 0.05246302
103 103 0.81510611
51 48 0.02243458
51 49 0.01228827
51 50 0.00942174
51 51 0.53352320
5 4 0.01157664
5 3 0.02065899
5 5 0.69904146
5 6 0.00491688
5 2 0.01637691
5 1 0.00582968
32 29 0.08780338
32 32 0.62732758
1 2 0.00077699
1 1 0.94641355
115 115 0.85665357
115 116 0.00513427
118 119 0.00494720
118 118 0.80748416
21 18 0.11495841
21 21 0.79238201
21 19 0.00758303
21 17 0.00253169
21 22 0.00548715
148 148 0.52557160
90 90 0.71542357
102 102 0.85279582
22 22 0.81085288
22 23 0.00537339
22 19 0.08091419
22 18 0.00154852
70 70 0.63390703
70 71 0.02431350
70 68 0.00365103
70 69 0.01685537
156 156 0.68987120
20 20 0.62149741
20 18 0.02538116
20 17 0.05151162
20 16 0.00303926
79 79 0.72488925
79 78 0.00414578
79 80 0.03277470
15 17 0.00158022
15 13 0.10933058
15 16 0.00916056
15 14 0.01441591
15 12 0.00908334
15 15 0.50672166
124 124 0.56866876
124 125 0.00813876
128 128 0.51447359
42 39 0.00147100
42 40 0.00123451
42 42 0.53288723
145 145 0.90043172
61 61 0.70573161
61 58 0.00385588
61 60 0.00085380
61 62 0.02715513
133 133 0.54789605
155 155 0.70105601
30 27 0.15233983
30 30 0.54701469
30 31 0.00494862
160 160 0.84336462
152 152 0.80846629
159 159 0.84148900
140 140 0.49147783
138 138 0.59853129
33 33 0.65061080
33 30 0.08464557
96 96 0.75238502
54 51 0.00513949
54 54 0.84524883
2 2 0.91432023
2 1 0.00179806
77 78 0.00201179
77 77 0.72912578
77 76 0.00144666
88 88 0.76672086
47 44 0.03240320
47 46 0.00343180
47 47 0.72118099
47 45 0.00271280
47 48 0.00184877
109 109 0.94694377
29 29 0.51827478
29 26 0.05292529
130 130 0.40598438
110 110 0.64664481
99 99 0.18246696
143 143 0.65629194
111 111 0.82576880
151 151 0.73160623
23 23 0.81078884
23 21 0.00307969
23 19 0.00065150
23 24 0.00537397
23 20 0.13277959
121 122 0.01004976
121 121 0.60735017
10 12 0.00055549
10 10 0.57474555
10 11 0.01927689
10 6 0.01297236
10 8 0.01826344
10 7 0.00382934
10 9 0.03394839
36 33 0.00580963
36 35 0.00126483
36 36 0.81608864
58 58 0.66107964
58 59 0.00203516
58 55 0.00374736
149 149 0.47257398
83 83 0.78235221
83 84 0.00203792
83 82 0.00061396
24 21 0.00404407
24 24 0.80912681
24 22 0.00055613
24 25 0.00569464
114 114 0.84446127
114 115 0.00185376
40 38 0.01427194
40 40 0.76935550
40 37 0.02821283
153 153 0.52903096
101 101 0.83523954
147 147 0.60359019
68 66 0.00084637
68 69 0.02626005
68 68 0.64941086
68 67 0.01623702
86 86 0.90768819
62 63 0.02170159
62 59 0.00305028
62 61 0.00108594
62 62 0.70033533
39 37 0.05679738
39 36 0.06787155
39 38 0.00180353
39 39 0.81091804
94 94 0.83011882
71 69 0.00417842
71 70 0.01511022
71 71 0.62017747
71 72 0.02454910
137 137 0.64416798
26 22 0.00051618
26 26 0.68477978
26 23 0.15190027
26 25 0.00062204
26 27 0.00069171
142 142 0.53110613
81 82 0.02681738
81 80 0.00620668
81 81 0.79113731
131 131 0.75451167
131 132 0.00064172
85 85 0.83120029
49 47 0.00640413
49 46 0.03246447
49 48 0.01214760
49 50 0.00108489
49 49 0.88921537
34 31 0.15051745
34 34 0.67583120
65 65 0.90568041
65 62 0.00199817
65 64 0.00320361
65 66 0.02414694
35 35 0.65113592
35 32 0.00223840
116 116 0.79658245
116 117 0.00232950
28 25 0.15214780
28 28 0.76601350
41 38 0.02047319
41 39 0.00123526
41 40 0.01059562
41 41 0.56741724
4 4 0.72623403
4 2 0.01387513
4 6 0.00063997
4 1 0.00822538
4 5 0.00278774
4 3 0.00204122
12 9 0.00522884
12 7 0.00068807
12 13 0.02162881
12 8 0.00558565
12 11 0.03207851
12 10 0.01868979
12 12 0.57708043
91 91 0.91327747
3 1 0.00233985
3 2 0.00068717
3 3 0.65157723
132 132 0.59048784
56 56 0.90724680
56 57 0.00062656
56 58 0.00082698
56 53 0.00500657
50 48 0.01761694
50 50 0.77261087
50 49 0.01319969
50 47 0.00116219
50 51 0.00081162
75 74 0.00848580
75 73 0.00058551
75 76 0.00100916
75 75 0.64325206
80 80 0.83906478
80 79 0.00393830
80 81 0.00846674
60 60 0.92019700
60 61 0.04631192
60 59 0.00054457
157 157 0.67023159
66 63 0.00058914
66 66 0.76775911
66 65 0.01291555
66 67 0.02165406
64 66 0.00052979
64 64 0.91511239
64 63 0.00173976
64 61 0.00251265
64 65 0.02740638
93 93 0.68894202
150 150 0.34400917
31 28 0.09883946
31 31 0.54874971
113 113 0.68027005
117 117 0.66199246
37 36 0.00477871
37 35 0.00822094
37 34 0.07664732
37 37 0.81839760
63 63 0.91725938
63 64 0.03159775
63 62 0.00108308
63 60 0.00294013
63 65 0.00054785
135 135 0.42147313
55 55 0.77650782
55 56 0.00055409
55 57 0.00056581
55 52 0.00501013
105 104 0.00066731
105 105 0.73636229
100 100 0.85842577
108 108 0.83134852
9 5 0.00062238
9 7 0.03463043
9 9 0.54233587
9 10 0.01721350
9 11 0.00069053
9 6 0.02687659
9 8 0.03944099
127 126 0.00066766
127 127 0.68117650
127 128 0.00051897
8 4 0.00566244
8 8 0.62602485
8 6 0.08338606
8 10 0.00065579
8 9 0.01461347
8 7 0.03723620
8 5 0.01146624
13 9 0.00186851
13 10 0.01038019
13 13 0.55625964
13 11 0.01628236
13 12 0.04005039
13 14 0.01898106
89 89 0.70359613
