10 49 10 49 0.06617150
17 43 17 43 0.14476302
17 43 16 44 0.00631908
86 95 86 95 0.04081644
86 96 86 95 0.00107025
81 86 81 86 0.05941200
81 102 81 102 0.29807149
81 101 81 102 0.00110434
88 94 88 94 0.12497986
14 46 15 46 0.00740595
31 48 18 42 0.00064786
31 48 20 40 0.00072051
31 48 19 41 0.00691289
16 44 16 44 0.16385046
11 49 10 49 0.00185927
59 65 59 65 0.04217033
60 64 60 64 0.03673900
33 39 26 35 0.00140965
33 39 25 35 0.02204012
33 38 25 35 0.00053750
33 45 25 36 0.00462237
83 98 83 98 0.05529533
83 99 83 99 0.22943669
83 99 83 98 0.00217924
27 33 26 33 0.00673109
27 33 26 34 0.00057448
73 109 73 109 0.30439746
30 39 26 35 0.00158983
30 39 25 35 0.00100317
30 42 19 41 0.00436227
30 42 20 40 0.00073423
30 42 18 42 0.10474102
30 49 20 40 0.00103542
30 49 19 41 0.00080133
30 49 18 42 0.01123301
94 104 94 104 0.00994977
20 40 20 40 0.13747491
20 40 19 41 0.00506486
12 48 11 48 0.00152478
26 35 25 35 0.00616366
26 35 26 35 0.02775721
26 34 26 34 0.12853266
80 87 80 87 0.03324387
80 102 80 102 0.10280132
80 102 80 103 0.00082384
80 103 80 103 0.37559786
28 44 19 41 0.00757641
28 44 17 43 0.00423753
28 44 20 40 0.01415967
28 44 18 42 0.00149332
28 44 16 44 0.10574713
34 44 26 35 0.00195404
34 44 25 35 0.03779043
19 41 19 41 0.13781689
19 41 18 42 0.00863285
79 104 79 104 0.09709158
79 103 79 103 0.04388561
79 88 79 88 0.01803897
72 110 72 110 0.10132662
35 44 26 35 0.00380895
4 11 3 8 0.00229516
74 108 74 108 0.10815067
56 65 56 65 0.07126900
25 35 25 35 0.13583912
87 95 87 95 0.17187880
87 95 87 94 0.00059647
87 94 87 94 0.04455005
29 34 29 34 0.02051712
29 43 17 43 0.02706175
29 43 29 43 0.00190725
29 43 20 40 0.00246677
29 43 18 42 0.00360834
29 43 21 36 0.00081744
29 40 21 36 0.00056007
29 40 20 40 0.00050260
29 35 27 36 0.00277379
29 35 29 35 0.00941399
29 50 16 44 0.00076347
29 50 17 43 0.00106188
57 64 57 64 0.05560067
95 103 95 103 0.01671603
58 63 58 63 0.06128400
58 67 58 67 0.01465107
3 12 2 9 0.00075021
21 39 20 40 0.01096355
21 39 22 39 0.00324452
21 39 23 40 0.00518721
71 111 71 111 0.10114177
76 107 76 107 0.03718267
