40 40 0.98304400
98 95 0.49174800
98 97 0.01461900
98 98 0.02146110
98 100 0.00230770
98 99 0.07075070
98 96 0.19392500
98 101 0.16406300
58 58 0.02042840
58 57 0.00642415
58 56 0.17646800
18 19 0.00212913
18 18 0.97820600
84 81 0.07236980
84 87 0.06351680
84 82 0.36537400
84 83 0.26841300
84 84 0.00224931
84 86 0.00075535
111 111 0.00055042
111 112 0.99297300
111 114 0.00114930
1 1 0.99998400
77 76 0.29552300
77 74 0.00329458
77 75 0.37589300
108 111 0.00114937
108 109 0.01589490
127 131 0.00073674
127 128 0.54913400
127 127 0.01639370
127 130 0.01057290
127 129 0.00420758
100 97 0.22975700
100 102 0.00263308
100 100 0.05348430
100 98 0.22731500
100 101 0.20251400
100 99 0.06804920
100 103 0.04469900
56 54 0.12135900
56 55 0.05882400
56 56 0.34993400
14 14 0.97668800
41 41 0.78567900
104 102 0.00130319
104 105 0.41263100
104 107 0.00114873
38 38 0.98730300
75 74 0.19946000
75 72 0.00306646
75 73 0.01058140
105 108 0.00114865
105 106 0.11611800
42 42 0.55795500
123 126 0.00793002
123 123 0.02430330
123 124 0.91808100
123 125 0.00193036
76 74 0.01987020
76 75 0.53257400
76 73 0.03674350
5 5 0.70174600
29 29 0.97671200
20 21 0.00217244
20 20 0.74657400
37 37 0.98727400
68 67 0.61275300
68 68 0.04973540
68 66 0.29085400
21 22 0.00425508
21 21 0.79431800
47 47 0.95031800
36 36 0.98720700
4 4 0.97873900
50 48 0.00201090
50 49 0.00057816
50 50 0.94036800
28 28 0.97686500
86 86 0.00084150
86 83 0.08053530
86 89 0.15949100
86 84 0.36734700
86 85 0.07767420
86 87 0.00068827
86 88 0.00091162
116 117 0.11572300
116 119 0.00114368
125 125 0.00513092
125 129 0.00088486
125 126 0.24600900
125 128 0.00947942
125 127 0.00420877
95 92 0.58849000
95 94 0.00119667
95 93 0.01837250
95 96 0.00437015
95 95 0.00109841
95 98 0.17267300
26 26 0.97740800
101 101 0.01191800
101 103 0.00231005
101 99 0.12815600
101 98 0.13735800
101 100 0.04075700
101 102 0.45264300
101 104 0.00561466
138 138 0.01022160
138 139 0.01104710
138 141 0.86897700
138 140 0.00430799
12 12 0.97654100
83 82 0.24599400
83 80 0.00124824
83 86 0.03082340
83 81 0.00826173
83 85 0.00187967
107 110 0.00114902
107 108 0.42935700
80 83 0.00149328
80 79 0.24426200
80 78 0.04246540
80 77 0.00157249
44 44 0.94824800
16 16 0.97612600
16 17 0.00051884
126 130 0.00076063
126 129 0.01001080
126 127 0.93140900
126 128 0.00414561
126 126 0.01346650
122 123 0.55187300
122 122 0.00141253
122 125 0.00612260
122 124 0.00294727
66 65 0.12694900
66 66 0.05882160
66 64 0.01943340
128 131 0.01252870
128 128 0.03737850
128 132 0.00074882
128 130 0.00275013
128 129 0.92891500
99 99 0.00265944
99 101 0.00099337
99 96 0.09428710
99 98 0.00244856
99 100 0.00966418
99 102 0.00804475
99 97 0.01120880
46 46 0.92872300
57 55 0.20650000
57 57 0.09864530
57 56 0.19363100
61 61 0.00309514
61 60 0.04241080
61 59 0.24444800
119 120 0.46558900
119 122 0.00145248
130 132 0.00236981
130 134 0.00108645
130 131 0.83112400
130 133 0.01257350
130 130 0.00068169
59 59 0.00730643
59 58 0.00595558
59 57 0.00957611
39 39 0.98725100
91 88 0.39170900
91 90 0.00894839
91 94 0.17469100
91 89 0.14090800
91 91 0.01239250
91 92 0.00242850
87 87 0.00093145
87 85 0.13098600
87 90 0.16557600
87 86 0.04781140
87 84 0.12543800
96 94 0.04976080
96 93 0.02432450
96 96 0.01012240
96 99 0.17112200
96 98 0.00139052
96 97 0.01230460
96 95 0.00129120
25 25 0.97737700
70 69 0.87791700
70 70 0.02653090
70 67 0.00138227
70 68 0.02774270
121 123 0.00124420
121 122 0.46800200
121 121 0.00148962
121 124 0.00516485
43 43 0.79301400
22 23 0.00285288
22 22 0.97560900
120 122 0.00095580
120 123 0.00236766
120 120 0.00051911
120 121 0.94749600
92 92 0.01654240
92 91 0.00812336
92 89 0.04310910
92 93 0.00300246
92 95 0.17466100
92 90 0.13137000
117 120 0.00115010
117 118 0.41388200
71 68 0.00145795
71 71 0.02290110
71 70 0.85915800
71 69 0.03259770
114 115 0.42936200
114 117 0.00114759
135 135 0.02583750
135 136 0.64591100
135 139 0.00103652
135 137 0.08825220
135 138 0.23401400
133 135 0.04028390
133 133 0.00429747
133 136 0.03040190
133 134 0.57895500
133 137 0.00191377
88 85 0.19809400
88 87 0.02276900
88 88 0.00305816
88 86 0.03436800
88 89 0.00092796
88 91 0.17197800
23 23 0.97816000
72 71 0.82028700
72 70 0.07049110
72 69 0.00424840
72 72 0.00619253
30 30 0.97686400
33 33 0.80709400
48 48 0.95029400
48 46 0.00105479
2 2 0.79838000
49 49 0.94946700
49 47 0.00188274
15 15 0.97662500
136 137 0.40786600
136 138 0.12655300
136 139 0.44066100
136 136 0.02003210
90 90 0.00732534
90 88 0.23676200
90 87 0.32737000
90 89 0.01374650
90 91 0.00204830
90 93 0.17460800
7 7 0.95818000
65 63 0.18767100
65 64 0.03327850
65 65 0.01678990
134 135 0.86111900
134 136 0.04635540
134 134 0.02595470
134 137 0.06008220
134 138 0.00154360
6 6 0.98086000
112 115 0.00114802
112 113 0.99323800
102 100 0.04274890
102 102 0.00693202
102 105 0.00251488
102 101 0.00320579
102 99 0.03826980
102 103 0.35896200
31 31 0.94998700
24 24 0.70003300
32 32 0.75385900
55 55 0.29000600
55 54 0.01516500
55 53 0.02895030
131 132 0.68509600
131 131 0.00157888
131 134 0.01311600
131 135 0.00137454
131 133 0.00764917
27 27 0.77719800
89 86 0.25328200
89 92 0.17435900
89 89 0.00511376
89 87 0.02329530
89 88 0.01718710
89 90 0.00163088
85 87 0.00251800
85 85 0.00072700
85 88 0.11097300
85 84 0.32728800
85 82 0.07435490
85 83 0.14142900
54 53 0.01619220
54 52 0.01986620
54 54 0.79796900
94 91 0.32379600
94 92 0.14259600
94 94 0.02292940
94 93 0.00244005
94 95 0.00345913
94 97 0.17423300
115 116 0.01843620
115 118 0.00114543
81 79 0.04243330
81 78 0.03037430
81 83 0.00193006
81 84 0.00356849
81 80 0.01762060
52 50 0.00380725
52 51 0.01515870
52 52 0.73009300
53 52 0.02105500
53 51 0.01226410
53 53 0.57619600
3 3 0.99820000
93 94 0.00303367
93 96 0.17439300
93 93 0.01740640
93 92 0.00773268
93 91 0.05077700
93 90 0.59075900
137 137 0.01539920
137 138 0.08026700
137 140 0.88475800
137 139 0.01621830
10 10 0.97661500
69 69 0.03657780
69 66 0.00075194
69 68 0.85665800
69 67 0.05600810
103 106 0.00117460
103 101 0.00414826
103 103 0.00078088
103 102 0.00063249
103 100 0.00306099
103 104 0.50290000
45 45 0.80589500
9 9 0.74639300
9 10 0.00094487
35 35 0.79647700
139 139 0.00515890
139 140 0.00122112
139 141 0.00072976
139 142 0.92193400
62 62 0.00304449
62 60 0.00895311
62 61 0.07454080
129 131 0.00254462
129 132 0.01277960
129 129 0.00256495
129 130 0.38956300
129 133 0.00081440
118 121 0.00116482
118 119 0.51459000
132 136 0.00158312
132 135 0.01886840
132 133 0.57729400
132 134 0.03545290
13 13 0.97673900
51 50 0.00317188
51 49 0.00245576
51 51 0.91814200
78 77 0.01044490
78 76 0.05186760
78 75 0.06718740
97 95 0.13487700
97 97 0.00944668
97 100 0.16516700
97 98 0.05196590
97 99 0.00224639
97 96 0.00610397
97 94 0.15109400
64 63 0.02943440
64 62 0.29412500
64 64 0.04890200
74 72 0.05610320
74 71 0.01581270
74 73 0.02126330
124 126 0.00197823
124 127 0.00884631
124 125 0.45035500
124 124 0.00189730
63 61 0.01027800
63 63 0.01291630
63 62 0.05234370
113 114 0.01590540
113 116 0.00114797
17 17 0.97607800
11 11 0.97648800
60 60 0.03531720
60 58 0.01795720
60 59 0.04238600
79 77 0.07447070
79 78 0.00895516
79 76 0.00145103
79 82 0.00056077
82 81 0.00913232
82 85 0.00849677
82 80 0.00633810
82 79 0.00129991
73 72 0.11167900
73 70 0.00819123
73 71 0.10540700
73 73 0.00076601
67 65 0.02763550
67 66 0.36513000
67 67 0.05876260
109 112 0.00114958
109 110 0.99314800
8 8 0.79871300
106 107 0.01843140
106 109 0.00114860
19 20 0.00334660
19 19 0.97903100
34 34 0.56950300
110 110 0.00050612
110 113 0.00114970
110 111 0.99311200
