71 71 0.94929900
114 114 0.96670600
114 113 0.00140025
114 115 0.00071613
88 88 0.90980800
133 133 0.48616500
135 135 0.99960600
33 32 0.00849590
33 31 0.00160094
33 33 0.94947100
30 30 0.49590000
30 29 0.00240331
72 72 0.94148600
23 23 0.55494100
70 70 0.95565300
96 95 0.00510649
96 96 0.90232000
25 25 0.97477700
43 42 0.00525167
43 43 0.84850600
121 121 0.96092400
121 120 0.00107382
120 120 0.91297400
92 92 0.48928900
22 22 0.99344700
117 117 0.63665100
119 119 0.92208400
130 130 0.53664000
61 61 0.85027900
91 91 0.56391500
39 38 0.00202581
39 39 0.43451500
59 59 0.95770200
59 58 0.00100803
87 87 0.91628000
128 128 0.65033300
99 99 0.87820000
99 98 0.00787306
66 66 0.28761900
122 121 0.00271450
122 122 0.80482200
126 126 0.45636400
57 57 0.98030000
46 45 0.00072910
46 46 0.97683100
86 86 0.92418400
28 28 0.62786200
95 95 0.63260200
95 94 0.00071292
116 116 0.88618800
125 125 0.74900800
107 108 0.02245440
107 106 0.02209010
107 107 0.61167400
80 80 0.94290600
83 83 0.70665300
12 12 0.89975100
138 138 0.18094100
26 26 0.83889700
101 100 0.06337730
101 101 0.83269100
16 16 0.99618400
44 44 0.96897600
44 43 0.00697761
76 76 0.88218100
123 122 0.00190728
123 123 0.97094900
68 68 0.95573700
37 37 0.92058900
37 36 0.00373226
20 20 0.56182900
29 28 0.00051041
29 29 0.65200800
5 5 0.49873300
36 35 0.00458790
36 36 0.94829000
47 47 0.97747000
21 21 0.63961700
50 50 0.90678400
4 4 0.97807000
127 127 0.75177500
77 77 0.89364800
108 109 0.02230060
108 108 0.62106700
108 107 0.24271600
1 1 0.73864600
104 105 0.02300560
104 104 0.61830000
104 103 0.20865700
41 41 0.81834600
14 14 0.99632400
56 56 0.97668200
100 99 0.05584580
100 100 0.87066800
38 37 0.00259888
38 38 0.92089500
42 42 0.46491300
42 41 0.00159683
105 105 0.61287400
105 104 0.27706200
105 106 0.00230034
75 75 0.84409400
40 40 0.88425300
40 39 0.00092541
140 140 0.57769500
58 58 0.98192100
58 57 0.00130167
98 97 0.00118772
98 98 0.74414600
84 84 0.66910300
18 18 0.99687500
111 109 0.00086475
111 111 0.87858000
111 110 0.06414460
111 112 0.02223950
34 34 0.94849100
34 33 0.00820524
19 19 0.99707600
8 8 0.68417200
106 105 0.22240600
106 106 0.61364300
106 107 0.02464460
110 111 0.02517110
110 109 0.09314800
110 110 0.84964500
141 141 0.83372200
17 17 0.99617900
60 59 0.00056757
60 60 0.98530800
11 11 0.95208500
73 73 0.11117000
82 82 0.85244800
79 79 0.94291300
109 108 0.10887900
109 110 0.02381300
109 109 0.62977800
67 67 0.96153300
78 78 0.94291800
51 51 0.97132000
124 123 0.00057474
124 124 0.68513200
74 74 0.71955000
64 64 0.76305100
97 97 0.91794000
97 96 0.00060532
63 63 0.85181600
113 114 0.00124275
113 112 0.00442269
113 113 0.96163900
35 34 0.00452960
35 35 0.91036000
129 129 0.83143400
118 118 0.91580200
62 62 0.90882300
139 139 0.54580600
132 132 0.01404240
13 13 0.99643600
137 137 0.51977800
93 93 0.26899700
3 3 0.97801500
10 10 0.99668700
45 45 0.97268200
45 44 0.00479543
103 103 0.65749500
103 104 0.00772363
103 102 0.22684200
69 69 0.95570300
9 9 0.65812600
94 94 0.51933600
54 53 0.00094416
54 54 0.97445800
81 81 0.81075400
115 115 0.76202400
115 114 0.00057847
52 51 0.00050884
52 52 0.97237500
53 53 0.97325600
53 52 0.00079355
131 131 0.48252200
55 54 0.00110342
55 55 0.97600500
32 31 0.01321220
32 30 0.00241806
32 32 0.35457700
24 24 0.49560200
89 89 0.72394100
27 27 0.56524900
85 85 0.81121100
49 49 0.83688000
15 15 0.99608800
2 2 0.70204000
48 48 0.97758400
90 90 0.64966900
136 136 0.99963700
112 111 0.03539960
112 113 0.00319357
112 112 0.91106900
112 110 0.00054569
134 134 0.95985500
6 6 0.55804300
65 65 0.69130100
142 142 0.69882900
7 7 0.99339300
31 30 0.01359860
31 29 0.00110123
31 31 0.94639100
102 102 0.64667000
102 101 0.07215480
102 103 0.00401020
