105 151 105 151 0.57218642
15 79 15 79 0.26129057
25 71 25 71 0.12330813
25 68 25 68 0.05606693
32 62 32 62 0.14233667
41 58 41 57 0.00171363
41 56 41 56 0.01726763
41 56 41 57 0.00050488
11 83 11 83 0.18040508
11 87 11 87 0.00836864
11 87 10 87 0.00254846
5 88 5 88 0.00241237
5 94 5 94 0.00455697
5 89 5 89 0.08772187
5 87 5 87 0.00103728
5 96 5 96 0.00066228
45 53 44 54 0.00071434
45 53 45 54 0.00050452
45 56 43 55 0.00150446
94 100 94 100 0.00162448
94 160 94 160 0.02312608
1 93 1 93 0.02123955
1 156 1 156 0.00277867
1 92 1 92 0.00146070
1 95 1 95 0.17521053
1 97 1 97 0.01247297
111 145 111 145 0.47372865
2 96 2 96 0.01604371
2 155 2 155 0.00077136
2 94 2 94 0.20941912
110 146 110 146 0.48794420
88 92 88 92 0.00156859
109 147 109 147 0.45441230
98 156 98 156 0.03586477
47 53 47 53 0.04806967
47 52 47 52 0.07395532
10 83 10 83 0.01397913
10 87 9 87 0.00084311
10 87 10 87 0.13201719
10 88 9 88 0.00308857
10 88 10 88 0.01524844
10 89 10 89 0.00054400
107 149 107 149 0.44574276
9 87 9 87 0.13991242
9 89 8 89 0.00056602
9 89 9 89 0.02163354
9 88 9 88 0.19441259
30 64 30 64 0.34865176
104 152 104 152 0.44576071
42 58 41 57 0.01607602
42 56 42 56 0.39792284
42 56 41 57 0.00131129
38 59 39 59 0.00061439
38 59 38 59 0.04422179
38 58 39 59 0.00060810
38 58 39 58 0.00096320
38 58 38 59 0.00136316
8 88 8 88 0.06950391
8 89 8 89 0.07199360
8 87 8 87 0.06154766
43 57 42 56 0.02511471
43 50 43 50 0.00355111
43 55 43 55 0.36926720
43 55 42 56 0.00119980
81 88 81 88 0.00425610
95 159 95 159 0.03614380
95 99 95 99 0.00633792
108 148 108 148 0.48762114
16 78 16 78 0.44695926
12 82 12 82 0.20949958
12 86 12 86 0.00817730
31 63 31 63 0.28017056
7 88 7 88 0.13270761
7 89 7 89 0.07517664
7 87 7 87 0.00228983
37 59 38 59 0.00119776
118 139 118 139 0.03361371
39 57 40 58 0.00151778
39 57 40 57 0.00264558
39 57 39 58 0.00089425
97 158 97 158 0.14576903
97 159 97 159 0.04559958
20 74 20 74 0.31920228
113 143 113 143 0.54460873
119 138 119 138 0.10560881
106 150 106 150 0.67495315
14 80 14 80 0.30478602
93 101 93 101 0.00078641
100 155 100 155 0.39539232
21 73 21 73 0.31604388
87 93 87 93 0.00162572
19 75 19 75 0.31917790
40 56 41 57 0.00098511
40 59 39 58 0.00092997
40 59 39 59 0.00309203
40 59 40 58 0.00069014
102 154 102 154 0.02926775
102 153 102 153 0.27040499
102 156 102 156 0.00556347
82 87 82 87 0.00296676
44 56 43 55 0.02412626
44 54 43 55 0.00081718
44 54 44 54 0.29825512
116 140 116 140 0.42455563
3 157 3 157 0.00242882
3 91 3 91 0.02479146
3 92 3 92 0.01316576
3 93 3 93 0.32810069
3 95 3 95 0.00393204
101 154 101 154 0.33649287
101 157 101 157 0.00423816
114 142 114 142 0.56073010
6 93 6 93 0.01267861
6 90 6 90 0.08438952
6 92 6 92 0.00648881
6 86 6 86 0.00217730
6 91 6 91 0.06443060
103 155 103 155 0.00585813
117 139 117 139 0.54722258
4 92 4 92 0.13223320
4 156 4 156 0.00053058
4 90 4 90 0.07782554
4 93 4 93 0.00839958
4 95 4 95 0.00240449
4 9 4 9 0.00105597
4 91 4 91 0.04497840
46 51 47 51 0.00384586
46 50 47 51 0.00144938
46 55 44 54 0.00355133
96 160 96 160 0.06138190
96 157 96 157 0.01204881
125 130 125 130 0.07646395
99 157 99 157 0.02323658
99 156 99 156 0.32457130
