48 53 47 52 0.04335478
48 52 47 52 0.00054216
33 61 33 61 0.35723378
110 146 110 146 0.48732321
29 65 29 65 0.35584754
127 131 127 131 0.13487460
115 141 115 141 0.40435341
98 156 98 156 0.02995621
2 94 2 94 0.16637357
2 96 2 96 0.01592149
111 145 111 145 0.47264549
27 68 27 68 0.02062229
27 67 27 67 0.19003700
94 160 94 160 0.04061721
94 100 94 100 0.00124247
1 97 1 97 0.01277856
1 95 1 95 0.14818842
5 155 5 155 0.00296090
5 94 5 94 0.01061314
5 96 5 96 0.00203991
45 55 43 55 0.00084541
45 55 44 54 0.28693267
45 55 46 55 0.00746917
41 60 40 59 0.00128315
11 97 12 97 0.06213526
126 133 126 133 0.26765392
126 133 126 132 0.00050194
15 94 15 94 0.00393347
25 71 25 71 0.10249898
25 68 25 68 0.13349068
32 62 32 62 0.41667658
105 151 105 151 0.57218654
12 96 13 96 0.04931710
12 87 10 87 0.00062270
12 87 11 87 0.00074188
7 94 7 94 0.00169559
7 88 7 88 0.03493679
7 88 8 88 0.00055928
7 102 8 102 0.00449092
7 102 7 102 0.02527314
31 63 31 63 0.57566435
37 60 37 59 0.09404646
34 60 34 60 0.32391225
108 148 108 148 0.48637881
95 159 95 159 0.01779609
38 61 38 61 0.00081362
38 59 38 58 0.06700713
38 59 38 59 0.03891757
38 59 37 58 0.00332294
38 59 37 59 0.02536397
38 58 38 58 0.02105068
24 72 24 72 0.36935215
24 73 21 73 0.00061037
28 66 28 66 0.25886726
8 89 9 89 0.00323111
8 89 8 89 0.12354586
8 101 9 101 0.00443224
8 101 8 101 0.00920695
8 87 8 87 0.02665533
43 57 42 56 0.26958455
43 57 43 57 0.10828481
42 59 41 59 0.00168396
42 59 41 58 0.00084561
42 58 41 58 0.00619330
42 58 42 58 0.06996400
30 64 30 64 0.45400572
107 149 107 149 0.44570384
9 89 9 89 0.04726722
9 89 10 89 0.00102740
9 88 9 88 0.24787107
9 88 10 88 0.01517400
9 99 10 99 0.06331457
104 152 104 152 0.44575959
10 87 10 87 0.22215874
10 87 11 87 0.00888397
10 98 11 98 0.03619507
10 88 11 88 0.00114642
10 88 10 88 0.05199689
87 93 87 93 0.00679420
13 93 14 93 0.00064069
13 95 14 95 0.02804966
13 86 12 86 0.00051162
14 86 12 86 0.00122037
14 95 14 95 0.00123340
100 155 100 155 0.30331826
106 150 106 150 0.67494978
113 143 113 143 0.54422560
39 58 39 57 0.10509826
39 58 38 58 0.00716069
39 59 38 58 0.01296950
39 59 38 59 0.00417714
97 158 97 158 0.10345444
97 159 97 159 0.04823907
35 60 34 60 0.00783869
4 95 4 95 0.00606947
4 156 4 156 0.00356124
4 92 4 92 0.13526369
4 93 4 93 0.01796711
4 91 4 91 0.02235239
4 97 4 97 0.00122728
46 54 44 54 0.00138047
46 54 45 53 0.13089720
46 54 47 54 0.01773192
46 53 45 52 0.00878984
46 53 45 53 0.00074794
96 160 96 160 0.12389370
99 157 99 157 0.04621737
99 156 99 156 0.24016933
125 134 125 134 0.10083861
103 155 103 155 0.00966581
117 139 117 139 0.67758739
86 94 86 94 0.00104256
6 93 6 93 0.03618976
6 95 6 95 0.00122434
6 154 6 154 0.00114294
6 91 6 91 0.11976624
6 103 6 103 0.00207167
114 142 114 142 0.56627807
44 56 43 55 0.28694670
44 56 44 56 0.05833826
44 56 42 56 0.00133979
44 56 45 56 0.00316514
116 140 116 140 0.43503214
101 157 101 157 0.01045143
101 154 101 154 0.18179205
3 95 3 95 0.00794367
3 92 3 92 0.00551580
3 93 3 93 0.29056785
3 157 3 157 0.00727246
40 58 39 57 0.05973094
40 59 40 59 0.03114414
40 61 39 60 0.00050284
102 156 102 156 0.01010709
102 154 102 154 0.11289502
