77 76 0.01686154
77 77 0.31545034
50 50 0.81721921
6 6 0.65766084
102 102 0.22703664
57 57 0.41273924
61 62 0.01080871
61 61 0.30947362
34 34 0.97102399
90 89 0.00072272
90 91 0.00153082
90 90 0.32802143
65 65 0.37970779
65 66 0.00694111
100 100 0.26699166
100 99 0.00445672
87 86 0.02523668
87 88 0.01300531
87 87 0.60743465
19 19 0.74822909
29 29 0.54843073
92 93 0.02821579
92 92 0.74818897
146 146 0.89464585
130 130 0.39704688
79 79 0.29490841
79 80 0.00084325
79 78 0.00132153
115 115 0.93903346
115 114 0.00969100
62 63 0.01662673
62 62 0.37999297
95 96 0.01437343
95 95 0.55990247
3 3 0.66165320
103 103 0.22134565
2 2 0.58398792
99 99 0.46895468
99 100 0.00492921
99 98 0.00324578
116 116 0.21384286
47 47 0.90283436
124 124 0.22777917
55 55 0.53424685
85 84 0.02578186
85 85 0.82024746
85 86 0.02976156
127 127 0.52278611
10 10 0.46745760
109 109 0.31366814
30 30 0.62022348
93 94 0.02596651
93 92 0.02479668
93 93 0.80058208
17 17 0.93617886
138 138 0.56528635
111 112 0.07669015
111 111 0.77905834
49 49 0.63621555
53 53 0.51849412
145 145 0.90842916
83 83 0.73861338
83 84 0.02969834
83 82 0.02167456
32 32 0.55295173
58 58 0.52622284
36 36 0.98701033
7 7 0.75947029
142 142 0.98621059
120 120 0.96847243
54 54 0.39871176
88 87 0.01122146
88 89 0.00086043
88 88 0.28788480
114 115 0.00969180
114 114 0.86905394
114 113 0.05164371
15 15 0.51965917
73 73 0.31333962
73 74 0.01247607
63 63 0.28012545
63 64 0.02960375
82 83 0.02507450
82 82 0.62971702
82 81 0.01593179
117 117 0.31406242
91 90 0.00131864
91 91 0.38320861
122 122 0.19690384
84 83 0.02570174
84 85 0.02977860
84 84 0.85371194
119 119 0.66874973
18 18 0.67152216
25 25 0.77722838
70 71 0.06007095
70 70 0.49988581
68 68 0.19077921
68 69 0.04507833
52 52 0.59721687
129 129 0.34948306
126 126 0.27792264
123 123 0.22210898
40 40 0.54036135
5 5 0.79396219
125 125 0.22954832
134 134 0.24000684
11 11 0.24843439
31 31 0.55191973
76 77 0.02192272
76 75 0.00400124
76 76 0.75314379
45 45 0.19416760
108 108 0.26168084
16 16 0.73289766
14 14 0.39726660
97 97 0.34287466
97 96 0.00814116
97 98 0.00848927
137 137 0.52041051
13 13 0.43738208
48 48 0.89150794
26 26 0.59794063
12 12 0.37653859
37 37 0.98284847
69 69 0.26405920
69 70 0.06047331
113 114 0.05164185
113 113 0.79458675
113 112 0.07632595
28 28 0.60827710
105 105 0.30569948
131 131 0.24673633
135 135 0.33065716
143 143 0.38039283
67 67 0.31329841
67 68 0.00101566
75 75 0.30033489
75 76 0.02613343
66 66 0.78468509
66 67 0.04348160
74 75 0.01555843
74 74 0.21913800
121 121 0.33129790
133 133 0.36589998
51 51 0.79649141
110 110 0.18658457
132 132 0.77073481
22 22 0.44844954
33 33 0.63640676
60 60 0.70999155
60 61 0.00372259
81 81 0.78486170
81 80 0.00074091
81 82 0.01835453
86 87 0.02923122
86 85 0.02576780
86 86 0.84451877
20 20 0.42997933
38 38 0.97997181
118 118 0.26524042
147 147 0.93166008
98 99 0.00358909
98 98 0.82703922
98 97 0.00764364
1 1 0.76429901
112 111 0.07669790
112 113 0.07632096
112 112 0.76940966
21 21 0.61605974
78 78 0.31311253
78 79 0.00153500
39 39 0.60203454
35 35 0.98958048
104 104 0.19316718
56 56 0.44504999
80 80 0.34973202
80 81 0.00086038
80 79 0.00072106
9 9 0.69108812
64 64 0.30023451
64 63 0.00100088
64 65 0.00907658
107 107 0.66517820
23 23 0.38335769
141 141 0.32912138
106 106 0.98684447
144 144 0.67484860
101 101 0.22611021
46 46 0.32374277
72 73 0.01766346
72 72 0.31241043
8 8 0.78258532
96 95 0.01291415
96 96 0.37739731
96 97 0.00909366
42 42 0.60769043
128 128 0.88153576
94 93 0.02255252
94 94 0.57024733
139 139 0.29321583
71 72 0.01861973
71 71 0.43888713
136 136 0.33077482
4 4 0.61403608
59 59 0.61985306
59 60 0.00125676
140 140 0.19850732
44 44 0.59687748
43 43 0.53447061
27 27 0.54979154
148 148 0.97434235
24 24 0.68849026
41 41 0.54013552
89 90 0.00084476
89 89 0.34985170
89 88 0.00074097
