65 75 65 75 0.14573500
65 71 65 72 0.00093461
65 71 64 70 0.01078510
65 76 64 76 0.00104842
65 79 64 79 0.00768610
67 76 67 76 0.03257940
58 73 58 72 0.15654600
58 66 58 66 0.05645410
58 72 58 72 0.34240500
53 77 52 77 0.00122981
53 77 53 76 0.04251310
16 30 16 30 0.09623770
102 113 102 114 0.01813970
102 113 102 113 0.62296500
102 113 103 113 0.00061999
55 76 55 75 0.07381000
55 75 55 75 0.32267200
56 75 56 74 0.10839300
56 75 55 75 0.01084690
105 111 105 111 0.03126010
105 109 105 110 0.00458990
105 110 105 110 0.90822100
105 110 105 111 0.01541520
61 79 61 79 0.00987837
61 76 61 76 0.07413040
130 140 130 139 0.00323710
63 80 63 80 0.05809570
63 80 62 80 0.00315194
63 78 62 78 0.00081824
63 87 63 87 0.00489980
63 87 62 87 0.00075807
63 70 62 70 0.00143289
63 70 62 69 0.01486050
63 70 63 69 0.00935102
68 76 67 76 0.01309510
68 75 68 75 0.07480010
54 76 53 76 0.00191721
47 78 47 78 0.05092140
47 82 47 82 0.04896050
103 112 103 112 0.47100300
103 112 103 113 0.02009950
62 79 61 79 0.00112671
62 71 62 70 0.03928660
62 71 61 70 0.01235920
62 88 62 88 0.04064190
62 88 61 88 0.00118546
62 75 62 75 0.14229200
62 82 61 82 0.00148390
5 158 5 158 0.07173250
48 73 48 73 0.03339720
48 81 48 81 0.05867590
48 77 48 77 0.07040310
94 123 94 123 0.51991600
69 75 68 75 0.03790080
132 138 131 138 0.00217389
132 138 132 136 0.00236811
100 115 100 116 0.02046370
100 115 100 115 0.23625900
95 122 95 122 0.98811600
46 79 46 79 0.07308060
15 31 15 32 0.00077119
101 115 101 115 0.19212800
101 114 101 115 0.02203390
101 114 102 114 0.00065788
131 139 131 138 0.00120564
131 139 131 137 0.00132757
131 139 130 139 0.00327295
99 115 99 116 0.00099201
66 78 65 78 0.01033440
66 71 66 71 0.64552800
66 70 66 71 0.00114804
66 70 65 69 0.01540690
96 121 96 121 0.51415000
96 120 96 120 0.01883860
60 82 60 82 0.08903590
60 71 60 70 0.02228070
60 71 59 71 0.00787034
43 78 43 78 0.03735420
59 72 58 72 0.01064880
59 72 59 71 0.03351020
59 83 59 83 0.06684440
59 66 59 65 0.00664208
51 70 51 70 0.00654482
104 111 104 112 0.01676130
104 111 104 111 0.49079900
52 77 52 77 0.06386000
64 79 64 79 0.06900770
64 79 63 79 0.00923655
64 76 64 76 0.01994850
64 71 64 70 0.00190330
64 86 63 86 0.00321790
64 86 64 86 0.00377087
49 76 49 76 0.04652630
49 76 49 75 0.00213513
49 80 49 80 0.03656490
97 117 97 117 0.02471500
97 120 97 120 0.50058900
97 119 97 120 0.00093381
