35 62 32 59 0.00068405
35 63 31 60 0.00096520
35 63 32 59 0.00243731
145 156 143 153 0.11661554
145 156 142 154 0.02037558
45 54 44 51 0.00068776
45 55 42 52 0.00686237
41 59 38 53 0.00492261
41 59 36 55 0.00067565
41 59 35 56 0.00093609
41 59 37 54 0.00089854
40 59 37 54 0.00125220
37 64 31 60 0.00083644
37 64 33 58 0.00057906
37 64 34 57 0.00408554
37 65 32 59 0.00051083
37 65 35 56 0.00106696
46 54 43 51 0.01218619
99 107 102 112 0.00068383
99 107 103 111 0.01819723
92 113 92 121 0.00066225
92 113 96 117 0.01687893
92 113 95 118 0.00094566
92 118 92 121 0.00197027
148 153 145 151 0.01608082
3 133 3 137 0.01896046
100 106 104 110 0.01831272
100 106 103 111 0.00086324
89 122 89 124 0.00160586
89 116 89 124 0.00066790
89 116 92 121 0.00066941
143 158 141 158 0.04544533
143 158 141 156 0.08418859
33 67 33 58 0.00155740
36 65 33 58 0.00453485
36 65 32 59 0.00079692
36 66 31 60 0.00084296
36 66 34 57 0.00218844
36 64 33 58 0.00091137
1 135 1 139 0.01772445
88 117 91 122 0.00063317
88 117 92 121 0.01382810
88 117 88 125 0.00052911
2 134 2 135 0.00106453
2 134 2 138 0.03257405
2 134 3 134 0.00097153
101 105 104 110 0.00077832
85 127 85 127 0.03813955
85 121 88 125 0.00054795
95 111 95 118 0.00062659
95 111 98 115 0.00109448
42 57 41 54 0.00129168
42 58 39 52 0.01060256
42 58 40 55 0.00119354
42 58 37 54 0.00103648
42 58 38 53 0.00230360
42 58 41 54 0.00082714
42 58 36 55 0.00243385
39 60 36 55 0.00119864
147 154 145 151 0.09663376
147 154 144 152 0.03235079
5 131 5 135 0.03274385
141 159 139 157 0.04203806
141 159 138 158 0.00103569
141 159 141 158 0.00132081
141 159 140 159 0.00234868
84 128 84 128 0.04399394
142 159 141 156 0.00070775
142 159 140 159 0.05347300
142 159 139 158 0.00362115
142 159 139 157 0.00170186
6 130 6 134 0.03183492
91 119 91 122 0.00053378
91 114 94 119 0.00096479
91 114 95 118 0.01693050
31 69 31 60 0.00151684
31 69 28 62 0.00056268
144 157 141 156 0.00690505
144 157 142 154 0.10600330
81 125 81 129 0.00630177
94 112 97 116 0.00168640
94 112 98 116 0.01599323
38 64 33 58 0.00099970
38 64 36 55 0.00253118
44 57 41 54 0.01106233
98 108 98 115 0.00058896
98 108 102 112 0.01809772
146 155 143 153 0.02669895
146 155 144 152 0.10591039
4 132 4 136 0.01894637
43 57 41 54 0.00099391
43 57 38 53 0.00118906
43 57 37 54 0.00150834
43 57 39 52 0.00221927
82 124 82 128 0.00249094
90 121 90 124 0.00131821
90 115 94 119 0.01688340
32 68 31 60 0.00051923
32 68 32 59 0.00194926
