43 53 38 53 0.00122571
43 53 43 49 0.00179379
43 53 43 51 0.00609326
43 51 43 51 0.04269769
4 14 4 14 0.02893772
4 157 4 157 0.02575077
4 136 4 136 0.06863036
4 11 4 11 0.00849968
4 75 4 75 0.00771943
103 111 103 111 0.24077297
75 138 75 138 0.01024296
75 139 75 139 0.00775988
32 62 32 59 0.00195558
32 64 32 59 0.03220495
32 64 31 60 0.00753555
15 73 15 73 0.19921901
87 126 87 126 0.22742486
9 75 9 75 0.01091763
7 12 7 12 0.17686576
7 153 7 153 0.00080519
77 137 77 137 0.02250042
77 136 77 136 0.02509577
144 153 144 152 0.01708507
144 153 143 153 0.00314304
12 78 12 78 0.00974186
12 75 12 75 0.00657687
12 76 12 76 0.02157405
81 132 81 132 0.16350618
94 120 94 120 0.06264697
94 119 94 119 0.06051139
138 158 138 158 0.12907670
74 139 74 139 0.00718524
146 153 145 151 0.00056774
98 115 98 115 0.21041018
98 116 98 116 0.02278648
44 52 44 51 0.00081665
44 52 44 48 0.00666556
44 52 44 49 0.00342161
44 52 43 48 0.00446198
44 52 43 49 0.00224651
6 156 6 156 0.00100840
6 154 6 154 0.00400704
6 78 6 78 0.01235969
6 134 6 134 0.00970941
6 13 6 13 0.15211859
139 157 139 157 0.16567282
139 158 139 158 0.00888102
91 122 91 122 0.24074124
31 65 31 60 0.03476868
31 63 31 60 0.00234307
39 57 37 54 0.00987093
39 57 34 57 0.00140436
39 57 39 52 0.05557210
39 57 40 55 0.00476937
39 57 35 56 0.00051865
39 57 36 55 0.01365567
39 57 38 53 0.01046697
42 52 42 52 0.03440595
17 71 17 71 0.23815147
5 79 5 79 0.00777960
5 135 5 135 0.07037110
5 10 5 10 0.01639726
141 156 141 156 0.10292027
76 135 76 135 0.01409053
76 138 76 138 0.01591900
84 128 84 128 0.05555524
136 160 136 160 0.04161361
142 154 142 154 0.14604174
142 155 142 154 0.01112811
8 76 8 76 0.00980526
96 117 96 117 0.23854835
27 62 27 62 0.14076333
1 139 1 139 0.01042002
1 160 1 160 0.10721651
1 10 1 10 0.00108683
13 142 13 142 0.00078677
16 72 16 72 0.23675497
88 125 88 125 0.28838263
2 77 2 77 0.00482610
2 138 2 138 0.02641723
2 9 2 9 0.00185274
2 159 2 159 0.09615258
2 135 2 135 0.00676645
104 109 104 109 0.01376726
104 110 104 110 0.29974342
95 119 95 119 0.27765205
85 127 85 127 0.01801559
14 77 14 77 0.01465477
22 66 22 66 0.16775733
92 121 92 121 0.30409233
3 76 3 76 0.00759350
3 14 3 14 0.00762391
3 137 3 137 0.05635531
3 134 3 134 0.00356472
3 158 3 158 0.05238599
21 67 21 67 0.13057500
89 124 89 124 0.30021862
86 127 86 127 0.25260147
143 153 143 153 0.25031253
36 60 36 55 0.05687110
36 60 33 58 0.01422673
36 60 31 60 0.00105936
36 60 32 59 0.00051050
36 60 34 57 0.00851270
36 60 35 56 0.00990184
33 63 32 59 0.01079539
33 63 31 60 0.00654364
33 63 33 58 0.06383582
26 63 26 63 0.14184733
97 116 97 116 0.28788945
40 56 35 56 0.00113180
40 56 39 52 0.00630215
40 56 37 54 0.00544869
40 56 38 53 0.00850997
40 56 41 54 0.00156750
40 55 38 53 0.00126275
40 55 40 55 0.03851018
40 55 42 53 0.00094296
11 79 11 79 0.00725535
11 77 11 77 0.01918829
11 135 11 135 0.00257178
37 59 36 55 0.01115162
37 59 33 58 0.00060303
37 59 32 59 0.00123836
37 59 37 54 0.06380002
37 59 34 57 0.01646383
37 59 35 56 0.01031356
80 134 80 134 0.00479490
80 133 80 133 0.19777655
78 141 78 141 0.00084686
24 64 24 64 0.03916100
25 64 25 64 0.11380700
145 152 144 152 0.00565193
145 152 145 151 0.00923776
145 151 145 151 0.13814098
35 61 34 57 0.01104256
35 61 35 56 0.04544500
35 61 33 58 0.01112329
35 61 32 59 0.01256566
18 70 18 70 0.20162601
10 136 10 136 0.00184563
10 74 10 74 0.01181840
10 76 10 76 0.00374500
102 112 102 112 0.24170019
41 54 42 52 0.00191036
41 54 39 52 0.00945875
41 54 43 52 0.00658423
41 54 41 54 0.05240882
41 55 36 55 0.00142112
41 55 38 53 0.00602389
41 55 42 53 0.00125225
41 55 39 52 0.00766354
41 55 40 55 0.00053642
137 159 137 159 0.08108526
19 69 19 69 0.19688167
79 134 79 134 0.17321601
79 140 79 140 0.00080587
