49 49 0.29313500
74 74 0.44592700
53 53 0.99980200
82 82 0.39296100
75 75 0.42065900
7 7 0.93192300
11 11 0.39489300
77 77 0.15482400
33 33 0.39651600
156 156 0.99984700
15 15 0.99997400
114 114 0.41119700
99 99 0.91961800
142 142 0.50152600
57 57 0.39811500
140 140 0.97952500
104 104 0.29686000
153 153 0.13403700
38 38 0.32163700
96 96 0.78630900
89 89 0.42688700
81 81 0.39395400
31 31 0.39651800
134 134 0.62768800
131 131 0.97975700
95 95 0.90819800
63 63 0.29324900
64 64 0.29310900
91 91 0.44220600
70 70 0.35232500
103 103 0.29662300
125 125 0.61703700
24 24 0.99979700
22 22 0.39489400
30 30 0.12132300
39 39 0.88539900
44 44 0.01979460
90 90 0.17736700
113 113 0.31136400
155 155 0.42064800
62 62 0.33879900
152 152 0.99989100
5 5 0.12131900
18 18 0.99998700
6 6 0.34776500
52 52 0.39811200
2 2 0.39651700
119 119 0.32269100
154 154 0.31287500
141 141 0.98542500
118 118 0.42744900
83 83 0.39296600
35 35 0.81940900
3 3 0.29180000
17 17 0.99998500
8 8 0.34499500
120 120 0.77359600
43 43 0.86831600
132 132 0.60438200
48 48 0.33760200
68 68 0.97327700
66 66 0.87713500
100 100 0.38182300
151 151 0.99990500
1 1 0.31379600
12 12 0.39491000
14 14 0.30718100
41 41 0.68036100
56 56 0.99988100
116 116 0.30869200
55 55 0.99992100
158 158 0.42544000
34 34 0.34927800
36 36 0.90476700
23 23 0.30290900
111 111 0.95162900
105 105 0.40234000
115 115 0.30892800
159 159 0.50147100
29 29 0.27970800
122 122 0.50689000
20 20 0.29317500
87 87 0.92907700
97 97 0.54255200
67 67 0.77025100
130 130 0.97984900
137 137 0.93084700
40 40 0.73499000
80 80 0.99148100
94 94 0.65483200
149 149 0.40833300
121 121 0.83378500
139 139 0.96747600
78 78 0.97008700
148 148 0.40984000
98 98 0.89857000
92 92 0.96181800
28 28 0.90080100
86 86 0.64853600
65 65 0.02006010
157 157 0.45890800
60 60 0.29313500
76 76 0.31287400
135 135 0.91398700
146 146 0.99988800
143 143 0.53455700
84 84 0.98309400
42 42 0.88952300
72 72 0.37091500
110 110 0.97824700
32 32 0.29179900
150 150 0.99992500
26 26 0.71372600
13 13 0.29317500
16 16 0.99997300
37 37 0.78606300
54 54 0.99976900
71 71 0.33896800
128 128 0.19240800
69 69 0.49365900
117 117 0.33779600
106 106 0.29754300
46 46 0.29324900
25 25 0.61768600
88 88 0.93195200
47 47 0.33879800
85 85 0.56271600
112 112 0.33796000
127 127 0.53559100
50 50 0.39809700
93 93 0.57873200
144 144 0.49684600
123 123 0.75143600
79 79 0.99147700
160 160 0.66150900
9 9 0.61771400
4 4 0.39651700
108 108 0.97740400
58 58 0.29317400
73 73 0.42745600
126 126 0.96479100
101 101 0.42682200
136 136 0.93373000
102 102 0.36286800
27 27 0.73039400
109 109 0.97739900
107 107 0.30597800
138 138 0.88634900
19 19 0.30718100
145 145 0.59676300
129 129 0.44241800
147 147 0.40984100
61 61 0.33760100
59 59 0.39809600
133 133 0.57400900
21 21 0.39491100
45 45 0.29311000
51 51 0.29317400
10 10 0.30291400
124 124 0.95615100
