12 22 11 22 0.00557957
34 51 36 51 0.00084136
122 135 122 135 0.12958887
147 152 147 152 0.00593653
36 48 36 48 0.03836483
36 49 38 49 0.00126498
123 134 123 134 0.13522301
13 21 12 21 0.00280618
124 133 124 133 0.68876140
37 48 39 48 0.00080541
37 47 37 47 0.09593186
65 88 65 88 0.05816667
5 156 5 156 0.01420294
5 12 5 12 0.02569251
21 153 21 153 0.04216327
125 132 125 132 0.18994088
2 158 2 158 0.11443000
24 149 24 149 0.09719833
25 148 25 148 0.10137684
8 156 8 156 0.00533917
30 55 30 55 0.17524433
30 35 30 35 0.00110678
30 143 30 143 0.03276443
73 80 74 80 0.00102944
73 80 73 80 0.03590200
73 80 73 81 0.00067453
71 82 71 83 0.00224476
71 82 72 82 0.00215477
138 145 138 145 0.06307777
144 155 144 155 0.00240621
33 52 33 52 0.18528633
3 157 4 157 0.00180813
35 50 37 50 0.00110358
35 51 35 51 0.02925370
26 147 26 147 0.18787413
29 55 29 55 0.00740123
29 144 29 144 0.08699506
28 145 28 145 0.09108156
11 23 11 22 0.00052994
11 23 10 23 0.00344538
20 154 19 154 0.00174216
20 154 20 154 0.13586832
7 157 7 157 0.00741640
32 53 32 53 0.27562667
31 54 31 54 0.16809600
69 85 69 85 0.19772100
69 84 69 85 0.00050141
4 156 5 156 0.00102589
4 13 4 13 0.26424355
146 153 146 153 0.00402950
72 81 72 82 0.00234462
72 81 73 81 0.00084437
39 45 39 45 0.15332455
39 46 41 46 0.00094695
39 48 39 48 0.05528526
68 86 68 86 0.07989733
66 87 66 87 0.06143833
