124 142 124 139 0.01591370
124 142 122 141 0.01593980
124 142 121 142 0.00631681
127 140 127 137 0.01970660
127 140 124 140 0.00813006
127 140 126 138 0.02043210
127 140 125 139 0.01889900
122 144 122 141 0.01852120
122 144 120 143 0.02595940
122 144 121 142 0.02046150
122 144 119 144 0.00874918
120 146 117 146 0.00801600
120 146 119 144 0.02026290
120 146 118 145 0.02915210
120 146 120 143 0.01288410
61 96 61 96 0.41093900
114 154 114 154 0.02676370
114 152 114 152 0.03826370
114 153 114 153 0.38814800
17 31 17 31 0.23862500
129 138 127 137 0.02875330
129 138 126 138 0.00899752
117 152 115 152 0.00071758
60 97 60 97 0.67380000
112 158 112 158 0.04284080
7 152 7 152 0.06398900
6 153 6 153 0.13026900
126 141 126 138 0.02079130
126 141 125 139 0.02044400
126 141 123 141 0.00507170
126 141 124 140 0.02926740
125 142 123 141 0.01340620
125 142 124 140 0.02014490
125 142 125 139 0.00489205
128 139 125 139 0.00805272
128 139 126 138 0.02918660
128 139 127 137 0.02016510
152 158 152 158 0.05041420
63 94 63 94 0.66668300
111 159 111 159 0.02564340
1 158 1 158 0.09975150
1 157 1 157 0.06718770
1 159 1 159 0.14960700
121 145 119 144 0.02928990
121 145 121 142 0.01508830
121 145 118 145 0.00918750
121 145 120 143 0.02046800
123 143 122 141 0.01203990
123 143 120 143 0.00566769
123 143 121 142 0.02925210
130 137 130 137 0.35907600
130 137 130 134 0.00173284
130 137 130 138 0.00051885
130 137 130 136 0.00179610
130 137 127 137 0.00493626
16 32 16 32 0.30000800
116 151 114 151 0.00074405
116 151 116 151 0.42585100
116 151 115 151 0.00068307
131 136 130 134 0.00353275
131 136 131 136 0.37171500
118 148 118 145 0.01275770
118 148 117 146 0.02006110
118 148 117 147 0.00083529
8 151 8 151 0.02682520
59 98 59 98 0.42689200
119 147 118 145 0.02042170
119 147 119 144 0.01509950
119 147 117 146 0.02494270
119 147 117 147 0.00062372
115 152 115 152 0.45962000
115 151 115 149 0.00062531
115 151 115 151 0.04219480
5 154 5 154 0.21914500
150 160 150 160 0.02220750
150 155 150 155 0.00524460
151 159 151 159 0.01877510
36 57 36 57 0.28346900
62 95 62 95 0.30293200
2 158 2 158 0.05970430
2 157 2 157 0.11847000
