71 71 0.58967824
102 101 0.00093608
102 102 0.84604151
147 147 0.55908096
58 58 0.55453473
112 113 0.07707956
112 111 0.08921099
112 112 0.39477301
106 105 0.01785004
106 106 0.53133507
106 107 0.00234230
10 10 0.84960493
8 8 0.52693822
135 135 0.43428506
3 3 0.29983101
81 81 0.40490394
116 115 0.01607347
116 117 0.01294435
116 116 0.72570746
36 36 0.99196569
108 107 0.00810831
108 108 0.50372556
108 109 0.01189410
11 11 0.57414429
140 140 0.53269468
9 9 0.67839850
100 100 0.68424325
85 85 0.59074446
85 86 0.00305972
68 68 0.58276964
30 30 0.40575115
124 123 0.01032498
124 124 0.88003221
124 125 0.02998076
151 148 0.00608008
151 152 0.00090411
151 151 0.48247701
151 150 0.01740201
88 88 0.56551119
88 89 0.00123245
110 109 0.08199717
110 111 0.05807557
110 110 0.35016786
110 112 0.00055959
35 35 0.58969280
99 99 0.70925188
40 40 0.79623950
51 51 0.72958372
55 55 0.48242418
125 124 0.02806634
125 125 0.81422001
125 126 0.01612044
115 116 0.04942213
115 117 0.00052630
115 115 0.79358684
115 114 0.05219514
4 4 0.33693445
56 56 0.50742099
120 122 0.00511279
120 119 0.00200457
120 120 0.55333328
120 121 0.00064670
73 73 0.58862037
142 142 0.57142514
61 61 0.62981727
12 12 0.51357098
111 112 0.07048339
111 111 0.40172519
111 113 0.00056960
111 110 0.08898494
118 120 0.00101875
118 118 0.65092825
118 119 0.00815879
18 18 0.57364400
158 157 0.00122708
158 155 0.00061397
158 158 0.52921511
20 20 0.69403664
122 121 0.00171684
122 123 0.00998277
122 120 0.00136761
122 122 0.49029839
122 124 0.00195142
143 143 0.56069908
91 91 0.51869140
75 75 0.51886177
54 54 0.99568121
27 27 0.58863066
149 148 0.00163190
149 149 0.35987639
149 150 0.00079043
25 25 0.51891080
114 113 0.06494432
114 115 0.06878531
114 114 0.33185817
114 116 0.00094233
119 119 0.76089534
119 120 0.00672724
119 118 0.00240851
128 127 0.00441004
128 129 0.00091740
128 128 0.95309635
77 77 0.58858123
97 97 0.83397753
96 96 0.60927945
72 72 0.49649002
37 37 0.63719605
59 59 0.91242397
79 79 0.51883656
98 98 0.61412188
46 46 0.53016667
159 158 0.00118254
159 159 0.88604929
7 7 0.40801550
117 119 0.00054531
117 118 0.00107328
117 117 0.78094372
117 116 0.00429394
107 107 0.44170721
107 108 0.00754792
107 106 0.01402722
83 84 0.00053961
83 83 0.97824764
138 138 0.43084691
62 62 0.52242745
65 65 0.57306830
67 67 0.99201495
17 17 0.46856813
47 47 0.95133882
150 149 0.00880518
150 150 0.53353478
150 151 0.00115484
150 147 0.00083520
13 13 0.58257198
49 49 0.60719164
148 148 0.51768003
87 88 0.00218059
87 87 0.58699811
87 86 0.00054387
144 144 0.64497394
136 136 0.32080433
70 70 0.58969768
127 126 0.02785392
127 128 0.00457335
127 127 0.88799957
45 45 0.54490624
28 28 0.51896208
89 89 0.66316780
89 90 0.00067315
53 53 0.99566462
76 76 0.51890797
50 50 0.56134473
86 86 0.97896699
86 87 0.00311168
132 133 0.00321450
132 132 0.52490088
2 2 0.39977163
64 64 0.66176364
78 78 0.51892796
141 141 0.95022722
15 15 0.54696364
160 159 0.03458733
160 160 0.93992700
160 158 0.00504393
160 157 0.01977243
156 155 0.00501762
156 156 0.38757516
156 153 0.00205955
33 33 0.74505856
126 127 0.02951013
126 125 0.01295529
126 126 0.84585249
14 14 0.51720964
69 69 0.99200433
92 92 0.54694870
101 100 0.00067587
101 101 0.75678135
155 154 0.04899952
155 155 0.82279112
155 152 0.04241521
32 32 0.74338549
109 109 0.38424747
109 108 0.06861770
109 110 0.03822923
48 48 0.41633128
104 104 0.51375191
104 105 0.00054102
104 103 0.00442944
21 21 0.91287901
52 52 0.99570515
103 102 0.00257336
103 103 0.60006324
31 31 0.58862019
24 24 0.51874395
129 128 0.00095718
129 129 0.59323257
152 153 0.00058204
152 151 0.02532979
152 149 0.01960197
152 152 0.49415987
74 74 0.40571125
22 22 0.58342487
1 1 0.63721719
19 19 0.56107579
105 104 0.00628476
105 105 0.94047485
105 106 0.00148286
146 146 0.61389365
38 38 0.73328337
113 113 0.29701525
113 115 0.00056602
113 112 0.05534941
113 114 0.07003389
26 26 0.51895533
131 131 0.41390782
42 42 0.82847018
43 43 0.96111948
57 57 0.90752726
95 95 0.51346880
66 66 0.55386997
134 134 0.26596436
134 135 0.00076767
133 132 0.00094099
133 133 0.52029079
90 90 0.79519616
60 60 0.80909938
154 153 0.02759080
154 151 0.01109613
154 154 0.64372433
5 5 0.34650548
145 145 0.63706014
123 123 0.54784288
123 122 0.00653041
123 124 0.01439981
41 41 0.47874964
44 44 0.60664371
29 29 0.51896176
137 137 0.19670214
84 85 0.00088759
84 84 0.97783887
94 94 0.58255949
6 6 0.59048724
157 154 0.00822177
157 156 0.00432973
157 157 0.76906729
82 82 0.58321939
34 34 0.58969570
130 130 0.49444780
130 131 0.00066088
23 23 0.40504227
63 63 0.59637841
121 122 0.00437825
121 121 0.12379935
153 152 0.03448052
153 153 0.55089199
153 150 0.02368156
16 16 0.51880000
80 80 0.51855955
93 93 0.51720469
39 39 0.86175814
139 139 0.51215512
