9 43 9 43 0.03860590
9 45 9 45 0.04545812
130 139 130 137 0.00119375
73 78 70 75 0.01765803
24 30 24 30 0.41559502
72 79 69 76 0.04519022
43 52 43 52 0.01337822
43 47 43 47 0.00641415
43 50 43 50 0.03336567
43 54 43 54 0.01738737
41 54 41 54 0.00177433
124 131 124 131 0.10516035
102 152 102 152 0.04846267
22 32 22 32 0.31919538
114 142 114 142 0.03285503
18 37 18 37 0.25658339
113 143 113 143 0.03130397
7 48 7 48 0.03135131
7 45 7 45 0.01567556
115 141 115 141 0.12930941
131 138 131 138 0.02731897
131 138 131 136 0.00603686
121 134 121 134 0.24067153
23 31 23 31 0.51400636
105 149 105 149 0.06099300
17 38 17 38 0.25612398
44 53 44 53 0.01911877
44 49 44 49 0.06827781
37 46 37 46 0.00059920
71 80 68 77 0.03788555
11 42 11 42 0.00310707
11 44 11 44 0.05076217
118 138 118 138 0.02134090
120 135 120 135 0.08177014
106 148 106 148 0.08076100
123 132 123 132 0.11797198
13 42 13 42 0.33873217
13 39 13 39 0.00814846
104 150 104 150 0.03969067
98 105 98 105 0.08785600
99 104 99 104 0.02407896
119 137 119 137 0.02952910
21 33 21 33 0.59521478
116 140 116 140 0.03312169
122 133 122 133 0.19645815
14 41 14 41 0.25433914
12 42 12 42 0.00590537
12 44 12 44 0.02056395
6 158 6 158 0.04633972
132 137 131 136 0.00186107
132 137 132 137 0.04490298
38 45 38 45 0.00313162
103 151 103 151 0.05432033
42 53 42 53 0.00328991
45 52 45 52 0.02191405
125 130 125 130 0.13877642
