9 108 9 108 0.10717900
9 103 9 103 0.01346870
39 47 39 47 0.33759500
109 159 108 159 0.00083561
30 57 31 57 0.00097056
1 116 1 116 0.42361400
116 151 115 151 0.00482661
111 156 110 156 0.00143255
111 156 111 155 0.01496650
32 54 32 56 0.00143330
31 55 31 57 0.00086014
3 115 3 114 0.00105805
3 115 2 115 0.00097883
131 140 133 142 0.00056871
115 157 115 158 0.00071077
115 159 115 158 0.02020450
115 152 115 151 0.10710100
115 152 114 152 0.00116815
129 142 131 144 0.00052864
119 153 118 153 0.00060183
119 153 119 152 0.02739270
7 105 7 105 0.06652330
38 48 38 48 0.31982800
113 158 113 158 0.02509740
113 158 113 157 0.00715389
113 154 112 154 0.00162075
113 154 113 153 0.01882370
130 141 132 143 0.00057152
34 52 34 54 0.00097494
5 112 5 112 0.08514250
5 113 5 112 0.00068496
5 113 4 113 0.00075576
29 106 29 106 0.10997800
112 160 112 159 0.00184705
112 158 112 158 0.01874470
112 155 112 154 0.01779810
112 155 111 155 0.00117534
33 53 33 55 0.00084755
25 110 25 110 0.37902200
23 112 23 112 0.25697200
80 84 80 84 0.39960000
108 160 108 159 0.00198756
121 150 121 150 0.46817400
41 46 41 46 0.05322860
24 111 24 111 0.37741800
22 113 22 113 0.22335300
40 46 40 46 0.26717800
122 149 122 149 0.47423500
6 112 5 112 0.00073440
6 112 6 111 0.00173273
26 109 26 109 0.36567000
4 113 4 113 0.09065790
4 114 3 114 0.00125130
4 114 4 113 0.00069165
118 154 118 153 0.02883750
8 104 8 104 0.01677490
123 148 123 148 0.72508600
