157 157 0.99998200
14 13 0.00070098
14 14 0.98240500
60 60 0.99751300
119 119 0.11194900
119 118 0.85193600
119 116 0.00097304
119 117 0.01780840
119 120 0.00194151
46 46 0.92300900
23 23 0.40521500
140 139 0.02290690
140 140 0.96795300
136 135 0.17410200
136 133 0.00052831
136 136 0.81597100
8 8 0.97978200
152 152 0.96249500
91 89 0.00396598
91 93 0.00362578
91 91 0.78952700
91 90 0.00330471
91 88 0.15228500
1 1 0.99530800
50 50 0.99729100
114 111 0.00106226
114 112 0.04572880
114 116 0.00639119
114 115 0.01681540
114 114 0.04953700
114 113 0.80474500
125 124 0.05397950
125 125 0.11605100
153 153 0.90519000
64 64 0.99610200
64 63 0.00090997
130 129 0.05205330
130 130 0.11847200
132 132 0.12132700
132 131 0.09074020
113 114 0.01709970
113 113 0.04568560
113 115 0.00827477
113 110 0.00114556
113 112 0.77915600
113 111 0.05812660
45 45 0.98491500
43 43 0.98521800
129 128 0.87974300
129 129 0.11813400
83 82 0.01338930
83 83 0.81918400
83 80 0.13696300
83 85 0.00071081
124 124 0.11393000
124 123 0.04591320
124 122 0.00089175
141 141 0.97771900
141 140 0.01314420
128 128 0.11681900
128 127 0.88096700
106 105 0.08809730
106 108 0.01539280
106 107 0.09345480
106 106 0.36104100
106 103 0.00171412
106 104 0.41460700
67 67 0.97984500
67 66 0.00449658
135 135 0.58860100
135 132 0.00076566
135 134 0.40024900
135 133 0.00050907
108 109 0.04920920
108 105 0.00146802
108 110 0.02471620
108 107 0.15819500
108 108 0.35885000
108 106 0.35058500
80 77 0.09733750
80 78 0.00098520
80 80 0.83997200
80 79 0.03558130
47 47 0.98168800
137 137 0.86386700
137 136 0.12659600
144 144 0.98841600
144 143 0.00271789
66 66 0.99172300
66 65 0.00173213
99 100 0.02761340
99 99 0.45660400
99 96 0.00230317
99 97 0.35175400
99 101 0.00473683
99 98 0.01257150
112 110 0.13965600
112 112 0.05009580
112 111 0.65857800
112 114 0.02118410
112 113 0.02706600
112 109 0.00067839
33 33 0.02058470
20 21 0.00558961
20 20 0.94851400
20 19 0.00141973
97 98 0.00080705
97 94 0.01215970
97 97 0.51195700
97 96 0.00264934
97 95 0.29567600
65 64 0.00133777
65 65 0.99551900
127 127 0.11658700
127 126 0.88097600
2 2 0.99070400
70 67 0.01068670
70 70 0.94581800
7 7 0.99555400
82 79 0.10433300
82 81 0.01850820
82 84 0.00064634
82 82 0.81872400
76 73 0.06873170
76 75 0.01439390
76 74 0.00064543
76 76 0.87045700
72 72 0.93549400
72 71 0.00085848
72 69 0.04806240
28 28 0.99993600
59 59 0.99750500
145 144 0.00091039
145 145 0.99036600
44 44 0.98494100
29 29 0.99993100
16 16 0.55594800
96 93 0.06295840
96 95 0.00286306
96 96 0.45464600
96 94 0.17822400
96 98 0.00070685
87 87 0.73426100
87 89 0.00255529
87 84 0.16474100
87 86 0.01183470
56 56 0.99750900
85 85 0.81855300
85 87 0.00098356
85 82 0.16272400
85 84 0.01195740
149 149 0.99126700
22 22 0.40316800
12 13 0.00059138
12 12 0.98186400
150 150 0.87444700
102 102 0.37719300
102 103 0.08718490
102 101 0.03039830
102 99 0.00297601
102 100 0.45210500
102 104 0.00593736
118 117 0.83636300
118 116 0.03086770
118 120 0.00078832
118 115 0.00099790
118 119 0.00269290
118 118 0.10936200
63 62 0.00053001
63 63 0.99649200
31 31 0.99985500
52 52 0.99739900
117 117 0.10703400
117 116 0.83187500
117 118 0.00634964
117 115 0.03251490
117 114 0.00097311
117 119 0.00116696
103 104 0.02204470
103 100 0.00253999
103 101 0.45491500
103 105 0.00755330
103 103 0.36913300
103 102 0.03518020
95 95 0.59659700
95 93 0.10684800
95 97 0.00128191
95 92 0.00840175
95 94 0.01271050
131 130 0.04195230
131 131 0.11950200
3 3 0.98966700
38 38 0.98534600
55 55 0.99745800
148 148 0.99124300
98 95 0.00317050
98 97 0.01513880
98 100 0.00063898
98 96 0.38017500
98 99 0.00550521
98 98 0.49891600
155 155 0.99991500
9 9 0.92094100
42 42 0.98518800
154 154 0.98502900
40 40 0.98537700
89 89 0.73855000
89 91 0.00339386
89 88 0.01335030
89 86 0.16609700
78 75 0.07852660
78 77 0.03776650
78 78 0.85798200
78 76 0.00076783
27 27 0.99995000
147 147 0.99084700
101 99 0.44923700
101 100 0.02614190
101 101 0.40127900
101 98 0.00266894
101 103 0.00569887
101 102 0.06756680
121 119 0.00391824
121 118 0.00104303
121 122 0.00077502
121 121 0.10978900
121 120 0.87203900
51 51 0.99733600
48 48 0.99721400
122 122 0.11135100
122 120 0.00290100
122 121 0.87477900
122 119 0.00096964
122 123 0.00072523
79 76 0.09542250
79 79 0.85606600
79 78 0.03612790
79 77 0.00085459
120 118 0.00518976
120 119 0.86909400
120 121 0.00122087
120 120 0.11017600
120 117 0.00095716
105 104 0.05321630
105 103 0.44688200
105 106 0.09710230
105 102 0.00201009
105 105 0.36226600
105 108 0.00050841
105 107 0.01250290
53 53 0.99746100
142 141 0.00439843
142 142 0.98663300
69 66 0.00110151
69 69 0.94777700
69 68 0.00112720
107 106 0.12316300
107 105 0.38248600
107 108 0.04427140
107 107 0.35996000
107 104 0.00162485
107 109 0.02453260
75 74 0.01214490
75 75 0.90277300
75 72 0.06115280
110 109 0.26084800
110 107 0.00095223
110 108 0.28654300
110 110 0.10646100
110 111 0.08969130
110 112 0.00169283
11 11 0.95205000
6 6 0.99597300
104 105 0.10070500
104 101 0.00286913
104 103 0.04372120
104 106 0.01076230
104 102 0.45085400
104 104 0.36476200
19 19 0.94745800
19 20 0.00655624
34 34 0.40535800
4 4 0.55323400
17 17 0.53773600
156 156 0.99994400
13 13 0.98162800
143 143 0.98757300
143 142 0.00356715
123 121 0.00125619
123 122 0.09749470
123 123 0.11237900
123 124 0.00071661
37 37 0.98529800
146 145 0.00065221
146 146 0.99064000
73 72 0.00068566
73 73 0.92663500
73 70 0.05106000
74 71 0.05325190
74 73 0.00194476
74 74 0.90837700
57 57 0.99742800
109 109 0.32462400
109 107 0.32042900
109 108 0.19315400
109 110 0.08958450
109 111 0.00175266
109 106 0.00125444
30 30 0.99991000
58 58 0.99749500
21 21 0.97946200
32 32 0.30858700
138 138 0.91142400
138 137 0.07889260
133 132 0.83294300
133 130 0.00085474
133 133 0.15653300
92 92 0.76506500
92 90 0.00734396
92 89 0.06920320
92 91 0.00539088
92 94 0.00430729
18 18 0.94794100
18 19 0.00361134
77 74 0.07618730
77 77 0.86076100
77 75 0.00154780
77 76 0.03023280
54 54 0.99736800
68 67 0.00636907
68 68 0.96412900
93 92 0.02024980
93 90 0.12654100
93 95 0.00141765
93 93 0.69396400
93 91 0.00949512
81 80 0.01977480
81 79 0.00096403
81 78 0.10097700
81 83 0.00059434
81 81 0.82140400
94 94 0.67362800
94 93 0.02940460
94 91 0.13333900
94 92 0.02255360
115 112 0.00100986
115 116 0.01339780
115 117 0.00456523
115 113 0.04420660
115 114 0.80802200
115 115 0.10443200
36 36 0.98534500
49 49 0.99726400
15 14 0.00065962
15 15 0.98247700
88 88 0.75540500
88 90 0.00325249
88 87 0.01324060
88 85 0.16491600
5 5 0.53841100
84 84 0.81845900
84 86 0.00085193
84 83 0.01249210
84 81 0.15616200
61 61 0.99744600
62 62 0.99699400
126 126 0.11642000
126 125 0.88120700
90 88 0.00209839
90 92 0.00352440
90 87 0.16579900
90 90 0.76617500
90 89 0.01444600
71 68 0.03170170
71 69 0.00096424
71 71 0.94322300
134 131 0.00078929
134 132 0.00051748
134 134 0.38878600
134 133 0.59984600
139 139 0.95806900
139 138 0.03262390
10 10 0.98265700
39 39 0.98537400
151 151 0.97272900
25 25 0.30859200
24 24 0.02058390
111 113 0.00132417
111 109 0.21347500
111 108 0.00063163
111 110 0.55180800
111 112 0.07516760
111 111 0.07415770
86 88 0.00183308
86 86 0.76057600
86 85 0.01221030
86 83 0.16358800
100 100 0.42901000
100 99 0.02204010
100 97 0.00226037
100 98 0.38676300
100 102 0.00522473
100 101 0.04706110
35 35 0.40365600
26 26 0.99995300
41 41 0.98530700
116 117 0.00989962
116 116 0.10582000
116 115 0.82629400
116 113 0.00100707
116 114 0.03405800
116 118 0.00286875
