92 92 0.26747618
85 85 0.91589881
156 156 0.96667964
86 86 0.29669217
141 141 0.48082683
116 117 0.04934676
116 116 0.51845004
119 119 0.83096250
119 120 0.10066591
23 23 0.98690224
72 72 0.99470125
129 130 0.02874787
129 129 0.76467906
110 110 0.33195916
61 61 0.50624801
60 60 0.97473207
81 81 0.64279961
32 32 0.56312972
120 120 0.87437641
120 121 0.07300657
90 90 0.31601144
113 113 0.01577811
113 114 0.00556296
148 148 0.84392992
107 107 0.23785287
49 49 0.89053713
147 147 0.75999666
56 56 0.19888165
109 109 0.33191787
91 91 0.31715793
89 89 0.26821520
83 83 0.84267719
83 84 0.00110767
106 106 0.24315982
146 146 0.77083897
153 153 0.78899484
26 26 0.70084922
94 94 0.11779556
18 18 0.63104103
18 19 0.00066760
36 36 0.90891046
122 122 0.92592157
122 123 0.01746854
130 130 0.76191415
130 131 0.02111989
79 79 0.24489031
74 74 0.22766454
55 55 0.31611972
17 17 0.97224493
17 18 0.00102509
21 22 0.00091228
21 21 0.79836503
31 31 0.72679110
108 108 0.23663113
77 77 0.68366916
44 44 0.21314294
12 13 0.00207992
12 12 0.61951291
69 69 0.99929917
97 97 0.97496612
65 65 0.31633915
123 124 0.00869059
123 123 0.95781728
114 115 0.00122044
114 114 0.12069471
29 29 0.90381047
66 66 0.31803926
112 112 0.99283740
112 113 0.00711507
88 88 0.22225806
104 104 0.51756563
67 67 0.22589726
100 100 0.51244775
84 85 0.00065009
84 84 0.94447655
53 53 0.26821496
59 59 0.12941400
43 43 0.75770783
62 62 0.10216750
42 42 0.91473267
13 14 0.00210494
13 13 0.78025970
125 125 0.64505524
125 126 0.00343690
140 140 0.69158421
134 134 0.23833942
118 119 0.00276659
118 118 0.64556386
2 1 0.01851157
2 3 0.00592123
2 2 0.45433718
41 41 0.95072628
131 131 0.65455096
131 132 0.00119505
96 96 0.41172817
159 159 0.87088715
39 39 0.93552835
50 50 0.26074196
75 75 0.31625478
143 143 0.97343681
9 8 0.00742492
9 9 0.63427972
9 10 0.00362622
28 28 0.77337312
8 7 0.01921319
8 8 0.83656398
8 9 0.00746916
54 54 0.22225796
124 124 0.96237881
124 125 0.01198100
37 37 0.69211947
24 24 0.68185118
16 17 0.00126504
16 16 0.68653167
99 99 0.89645074
64 64 0.99347821
139 139 0.24315772
105 105 0.76131253
160 160 0.95630512
3 4 0.01863456
3 3 0.78266729
3 2 0.02993208
40 40 0.95072747
150 150 0.54443972
126 127 0.00487833
126 126 0.55484812
82 82 0.36646168
127 127 0.55581199
127 128 0.01171929
33 33 0.60948111
34 34 0.59670126
142 142 0.87547836
48 48 0.18349670
70 70 0.99492754
98 98 0.32614245
78 78 0.22161353
149 149 0.58372407
95 95 0.75755411
73 73 0.98432044
6 7 0.01938845
6 6 0.86970497
6 5 0.03839698
4 4 0.88755605
4 5 0.02166757
4 3 0.03953047
155 155 0.81363845
45 45 0.39710439
58 58 0.80953801
11 11 0.50370531
11 12 0.00212922
63 63 0.43857209
1 2 0.00150820
1 1 0.71669899
35 35 0.22013917
115 115 0.47907550
115 116 0.00200699
87 87 0.31610359
154 154 0.76343007
145 145 0.47309634
71 71 0.99466977
136 136 0.33190294
144 144 0.03148609
158 158 0.81415946
80 80 0.98515916
19 19 0.57404073
151 151 0.71009782
157 157 0.97620961
10 11 0.00089625
10 10 0.62666149
10 9 0.00335250
132 132 0.16523989
15 15 0.73323844
15 16 0.00167737
7 6 0.03815172
7 8 0.01319754
7 7 0.29063483
14 15 0.00192824
14 14 0.77770716
121 122 0.04529400
121 121 0.90204316
76 76 0.31633732
47 47 0.71675377
111 111 0.23873280
25 25 0.60333602
128 128 0.79367251
128 129 0.01343642
20 21 0.00071914
20 20 0.74718455
38 38 0.33170679
117 118 0.04975961
117 117 0.51010477
22 22 0.83525517
102 102 0.97445722
68 68 0.99936348
57 57 0.99974400
51 51 0.31711281
137 137 0.23663113
52 52 0.31601051
93 93 0.98258439
5 4 0.03923224
5 6 0.02266775
5 5 0.88679295
135 135 0.33191339
133 134 0.00087459
133 133 0.11975635
138 138 0.23785297
101 101 0.03145624
27 27 0.62480199
30 30 0.98113336
103 103 0.97614343
152 152 0.78443001
46 46 0.39119712
