51 60 51 60 0.07044560
34 145 34 145 0.10135500
55 60 55 60 0.11757400
25 153 25 153 0.62088500
81 86 81 86 0.30152600
53 59 53 59 0.09784700
53 60 53 60 0.12064100
53 58 53 58 0.10973400
26 152 26 152 0.62087900
96 103 96 103 0.36480100
95 104 95 104 0.33599700
27 151 27 151 0.60982200
28 149 28 149 0.21425000
28 149 28 148 0.00070673
28 150 28 150 0.28170700
23 155 23 155 0.61299400
30 147 30 146 0.00125461
30 146 30 146 0.24531500
52 60 52 60 0.05812560
52 59 52 59 0.06664270
54 61 54 61 0.13971600
80 87 80 87 0.28088900
10 17 10 17 0.60346300
8 19 8 19 0.60347600
24 154 24 154 0.50666000
79 88 79 88 0.30997700
7 20 7 20 0.60347300
9 18 9 18 0.70819600
97 101 97 101 0.15179100
29 148 29 147 0.00113643
