124 131 126 134 0.00055033
64 76 71 79 0.00067057
64 76 64 75 0.00089438
113 117 116 122 0.01281940
113 117 117 121 0.00066982
113 119 116 122 0.15946800
113 119 118 124 0.00068666
113 124 116 127 0.09143400
113 125 116 127 0.00296665
113 132 116 136 0.00105171
62 79 69 82 0.00108125
35 117 36 121 0.00102592
35 117 37 120 0.00051955
35 41 33 40 0.01025930
35 41 33 39 0.58719500
35 41 31 41 0.00097370
66 83 69 86 0.00324769
66 83 66 86 0.17524900
66 75 64 75 0.00090819
66 74 68 76 0.00179655
66 74 67 77 0.00148601
66 74 64 75 0.00189078
66 74 65 74 0.00113337
66 74 69 77 0.01171250
66 74 66 73 0.00283657
126 130 128 133 0.00136325
13 21 12 20 0.00086677
71 78 71 78 0.01644380
71 78 71 79 0.00255750
71 78 73 81 0.00681675
71 78 70 81 0.00163519
71 78 72 79 0.00136090
71 78 72 81 0.00299186
114 127 115 128 0.00272851
114 132 117 135 0.12644700
114 124 117 126 0.00635914
34 119 34 124 0.07752160
34 119 35 123 0.00061858
34 118 36 121 0.00219060
34 42 32 40 0.58236400
34 42 31 42 0.00218740
34 42 30 42 0.00170509
19 44 21 52 0.00139560
106 130 110 133 0.00109510
106 115 111 120 0.00151404
8 21 8 21 0.04167420
8 61 6 62 0.00074887
8 61 8 59 0.00163386
8 61 5 61 0.00444510
8 16 8 21 0.01278760
8 16 6 13 0.00081284
33 43 30 43 0.00194922
33 43 29 43 0.00087104
33 43 31 41 0.21165000
33 43 31 42 0.00686863
33 120 34 124 0.00123616
33 120 35 123 0.00217192
72 77 72 79 0.06582280
72 77 72 78 0.00251616
72 77 74 79 0.01071640
72 77 74 80 0.02439850
72 77 73 78 0.00215024
72 77 73 79 0.00388145
30 126 29 129 0.00291099
30 126 30 128 0.00095245
30 126 28 130 0.00250662
23 41 28 45 0.03650880
23 132 22 137 0.00058391
23 132 24 135 0.00469117
23 132 23 136 0.26188700
110 129 113 130 0.00867084
110 135 113 139 0.00516694
110 122 113 126 0.12195400
11 58 9 58 0.52297600
11 58 10 57 0.00143271
11 58 10 58 0.00321417
70 79 69 82 0.00890312
70 79 70 79 0.10633800
70 79 70 81 0.40134300
70 79 72 81 0.00627763
25 132 24 135 0.00373726
25 132 23 136 0.00244000
25 39 30 43 0.01540010
25 133 23 136 0.02450130
25 133 25 134 0.00143575
25 130 25 134 0.31064900
25 130 24 135 0.00072204
25 130 26 133 0.00470385
109 136 112 140 0.00075130
109 130 112 131 0.00244764
109 128 112 131 0.12915600
67 82 69 85 0.00164569
67 82 67 85 0.11521700
67 73 70 76 0.03934250
67 73 66 73 0.00182398
67 73 68 76 0.00205900
67 73 67 74 0.02085730
67 74 68 76 0.00079148
67 74 67 74 0.02083590
67 74 67 77 0.00761004
67 74 66 73 0.00060897
117 123 118 124 0.00054446
120 126 123 130 0.00390320
22 41 24 49 0.00153635
22 136 19 139 0.00090404
22 136 22 137 0.00154280
14 20 12 18 0.04676140
32 121 32 126 0.05433780
32 121 34 124 0.00069280
32 123 32 126 0.03326050
32 122 32 126 0.03626050
32 45 30 43 0.33654700
32 45 28 45 0.00252198
108 129 111 132 0.43657300
108 131 111 132 0.00908005
24 40 29 44 0.03657970
24 131 23 136 0.00071716
24 131 25 134 0.00472905
24 131 24 135 0.14372400
24 38 26 46 0.00133653
24 134 22 137 0.04438350
24 134 24 135 0.00052078
27 36 29 44 0.00146143
27 36 32 40 0.03584940
27 128 27 132 0.16183400
27 128 27 131 0.00871499
27 128 26 133 0.00072418
27 130 25 134 0.01311130
27 130 26 133 0.00482605
58 83 66 86 0.00059178
111 134 114 138 0.00670477
111 121 114 124 0.11213700
31 45 28 45 0.00212751
31 45 29 44 0.01940310
31 45 29 43 0.23588600
31 45 30 43 0.00225965
31 123 31 127 0.18360300
31 123 32 126 0.00182185
31 122 32 126 0.00070312
31 122 31 127 0.05548330
102 119 106 124 0.00066505
6 14 5 14 0.00050739
6 14 6 13 0.00752192
6 136 4 139 0.01476410
112 125 115 128 0.19751900
112 118 115 123 0.01005440
112 133 115 137 0.00109165
112 120 115 123 0.24641800
65 75 65 74 0.00090193
65 75 72 78 0.00060677
65 75 64 75 0.00177444
65 75 67 77 0.00051844
7 62 4 62 0.00430355
7 62 5 63 0.00095810
7 62 6 62 0.45426800
7 13 6 13 0.00238439
7 13 12 18 0.00089109
7 17 7 22 0.03379900
7 17 5 14 0.00067331
116 125 117 126 0.00580341
116 125 119 126 0.00080130
116 124 119 126 0.00135945
116 130 119 133 0.12633000
10 14 10 18 0.00102045
10 59 10 57 0.00610501
10 59 9 59 0.00649200
10 59 9 57 0.00124430
10 59 9 58 0.00148130
10 59 7 59 0.00085498
10 59 8 59 0.51330700
10 15 12 20 0.00211506
10 15 12 17 0.00066621
10 15 10 17 0.00062225
10 15 10 20 0.01743050
10 15 10 16 0.00060881
10 17 10 16 0.00176654
10 17 10 18 0.00083815
10 17 10 17 0.29165300
28 129 26 133 0.01061870
28 129 27 132 0.00299164
28 35 30 43 0.00144777
28 35 33 40 0.00134876
28 35 33 39 0.01982790
28 126 29 129 0.00340261
28 126 27 131 0.00063846
28 126 28 130 0.12406600
3 26 3 26 0.00193315
3 138 3 140 0.01558050
9 18 9 18 0.03326050
9 20 9 21 0.00082629
9 20 9 18 0.00112861
9 20 9 20 0.05437070
9 60 8 59 0.00138972
9 60 9 58 0.00226690
16 47 18 55 0.00100796
107 114 112 119 0.00202282
107 129 110 133 0.02149120
107 129 111 132 0.00067913
69 80 68 83 0.00114775
69 80 72 83 0.00210007
69 80 71 83 0.01246950
69 80 70 81 0.00106045
69 80 69 82 0.30618000
12 57 10 57 0.52265500
26 38 31 42 0.01340230
26 131 25 134 0.00467201
26 131 24 135 0.00468358
26 131 26 133 0.00063186
26 37 28 45 0.00146542
26 37 31 41 0.02330910
26 37 31 42 0.00096960
26 129 27 132 0.00387269
26 129 25 134 0.00072717
26 129 26 133 0.30791600
68 81 70 84 0.00461894
68 81 71 84 0.00167614
68 81 68 84 0.10635100
68 81 68 83 0.02603730
37 115 37 120 0.00892996
29 126 29 129 0.04391110
29 34 34 38 0.03269620
29 34 34 39 0.00251351
29 34 33 38 0.00074613
29 34 31 42 0.00138378
20 43 22 51 0.00150742
20 44 25 48 0.01044660
5 14 5 14 0.00334903
5 136 2 139 0.00303462
5 136 4 139 0.52059500
5 15 5 14 0.00118969
5 24 5 24 0.00713160
115 123 117 126 0.00069792
115 126 116 127 0.00504467
4 133 4 138 0.00074405
4 137 4 138 0.00286933
4 137 4 139 0.01554720
4 137 1 140 0.00056007
4 137 3 140 0.12130800
36 40 34 39 0.00950203
36 40 34 38 0.55774200
36 40 32 40 0.00125797
36 40 33 40 0.00114178
36 116 36 121 0.02781640
36 116 37 120 0.00092456
21 42 26 46 0.03680020
21 42 23 50 0.00089155
52 88 60 91 0.00055343
