67 78 67 78 0.00103863
142 151 142 151 0.00533056
147 154 147 154 0.00892333
147 157 147 157 0.17727800
147 155 147 155 0.05797620
147 156 147 156 0.05057900
147 152 147 152 0.00519005
93 113 93 113 0.03983300
93 116 93 116 0.57657100
16 79 16 79 0.03007150
16 138 16 138 0.02197590
16 78 16 78 0.05413540
89 120 89 120 0.64413500
89 119 89 119 0.04647730
84 125 84 125 0.58254800
13 140 13 140 0.19385100
25 67 25 67 0.60159700
100 110 100 110 0.08246240
100 105 100 105 0.04431580
100 108 100 108 0.39844200
80 128 80 128 0.20491600
12 141 12 141 0.17533500
87 122 87 122 0.68516100
87 119 87 119 0.00512278
88 118 88 118 0.00571952
88 121 88 121 0.68146200
102 108 102 108 0.17613800
19 141 19 141 0.00189835
149 153 149 153 0.08448160
149 155 149 155 0.68730900
101 106 101 106 0.35838900
101 109 101 109 0.08369550
23 69 23 69 0.61443700
23 138 23 138 0.00112954
8 21 8 21 0.00229028
8 145 8 145 0.15192600
8 136 8 136 0.22529200
8 154 8 154 0.00134458
8 12 8 12 0.03747760
77 128 77 128 0.01811630
5 141 5 141 0.50254200
5 148 5 148 0.09762740
5 147 5 147 0.03816830
5 151 5 151 0.02346830
72 79 72 79 0.00558720
72 76 72 76 0.04401610
21 71 21 71 0.56611600
21 25 21 25 0.00381113
71 75 71 75 0.04834120
71 77 71 77 0.02378770
2 145 2 145 0.30656500
2 154 2 154 0.02321500
2 140 2 140 0.00235333
91 115 91 115 0.01826350
91 118 91 118 0.64181200
14 129 14 129 0.01503030
14 130 14 130 0.04794450
14 80 14 80 0.01571050
14 139 14 139 0.23887100
85 124 85 124 0.68979000
18 73 18 73 0.18177900
18 75 18 75 0.08670880
18 136 18 136 0.03703550
18 142 18 142 0.00187111
18 77 18 77 0.07166830
18 134 18 134 0.03281170
18 135 18 135 0.03884460
10 133 10 133 0.02590080
10 134 10 134 0.17620800
10 152 10 152 0.00119427
83 128 83 128 0.04217460
7 137 7 137 0.34332500
7 13 7 13 0.01203640
7 149 7 149 0.00408451
7 138 7 138 0.01700520
7 146 7 146 0.18893700
24 68 24 68 0.61741700
68 81 68 81 0.00055862
68 77 68 77 0.00197578
92 114 92 114 0.04498010
92 117 92 117 0.80068100
95 114 95 114 0.47558400
95 111 95 111 0.05908480
97 109 97 109 0.04629440
97 111 97 111 0.42187800
98 113 98 113 0.01140340
98 110 98 110 0.47885300
98 108 98 108 0.04701500
90 117 90 117 0.02507090
6 150 6 150 0.00622081
6 140 6 140 0.14685400
6 139 6 139 0.06920650
94 112 94 112 0.07327820
94 115 94 115 0.58903300
22 139 22 139 0.00087212
22 30 22 30 0.00227823
22 26 22 26 0.00234086
22 27 22 27 0.00524128
22 70 22 70 0.49267900
79 131 79 131 0.17995400
79 132 79 132 0.01949640
79 126 79 126 0.04747220
79 129 79 129 0.17313000
79 130 79 130 0.05598680
59 77 59 77 0.00130111
3 153 3 153 0.01214070
3 144 3 144 0.22479400
3 150 3 150 0.00713452
3 139 3 139 0.00310486
69 80 69 80 0.00130174
69 77 69 77 0.01223970
20 140 20 140 0.00163965
20 30 20 30 0.00229239
20 134 20 134 0.02130200
20 26 20 26 0.00188868
20 27 20 27 0.00127592
20 72 20 72 0.43558800
86 123 86 123 0.68853900
86 120 86 120 0.00181106
55 81 55 81 0.00054069
144 149 144 149 0.01611270
144 159 144 159 0.00778449
153 159 153 159 0.00739693
141 152 141 152 0.00164939
148 154 148 154 0.02870250
148 156 148 156 0.20175100
148 153 148 153 0.00917573
96 113 96 113 0.54552300
96 110 96 110 0.06533770
58 78 58 78 0.00104794
81 128 81 128 0.11832100
9 135 9 135 0.16697400
9 134 9 134 0.01041690
9 153 9 153 0.00096481
9 144 9 144 0.12544500
99 106 99 106 0.02226060
99 111 99 111 0.05674850
99 112 99 112 0.01197520
99 109 99 109 0.43478600
76 134 76 134 0.04041500
4 138 4 138 0.00579952
4 143 4 143 0.30149100
4 148 4 148 0.00754829
128 133 128 133 0.01433990
78 132 78 132 0.05118510
78 83 78 83 0.00783567
78 131 78 131 0.18659800
78 133 78 133 0.03373010
78 127 78 127 0.02235770
78 130 78 130 0.07756660
143 150 143 150 0.00619057
73 79 73 79 0.00907209
73 78 73 78 0.03233830
17 78 17 78 0.06677230
17 143 17 143 0.00274993
56 80 56 80 0.00059174
146 153 146 153 0.00287772
146 155 146 155 0.03984300
82 128 82 128 0.05397190
1 6 1 6 0.00845995
1 159 1 159 0.02520170
1 146 1 146 0.46683100
60 76 60 76 0.00070993
70 76 70 76 0.02009680
70 78 70 78 0.00620232
70 79 70 79 0.00211947
15 138 15 138 0.24559000
15 79 15 79 0.02519050
15 128 15 128 0.01195360
