49 80 49 80 0.67148300
36 89 36 89 0.03537240
36 90 36 90 0.01495830
55 75 55 75 0.02150750
55 72 55 72 0.61098200
55 73 55 73 0.06504310
55 74 55 74 0.04217030
19 25 19 25 0.00634932
52 77 52 77 0.70957300
4 154 4 154 0.15253200
4 156 4 156 0.01881280
4 124 4 124 0.15804100
4 157 4 157 0.01702590
13 25 13 25 0.02140170
13 29 13 29 0.04975270
13 152 13 152 0.00369931
2 153 2 153 0.03901070
2 145 2 145 0.00237326
2 126 2 126 0.10292600
139 153 139 153 0.25540000
137 155 137 155 0.20964800
137 141 137 141 0.03670330
50 79 50 79 0.70819700
109 118 109 118 0.55960700
142 153 142 153 0.00657948
142 149 142 149 0.01947190
58 69 58 69 0.60507300
1 154 1 154 0.04769460
1 157 1 157 0.09713940
3 154 3 154 0.03717990
3 155 3 155 0.14753300
3 144 3 144 0.00137231
3 157 3 157 0.03342010
3 125 3 125 0.13375000
32 96 32 96 0.36482800
32 95 32 95 0.27867500
8 149 8 149 0.19670100
8 151 8 151 0.01210640
8 101 8 101 0.21746900
8 25 8 25 0.00462893
8 29 8 29 0.01010290
20 24 20 24 0.01559530
35 94 35 94 0.01001410
35 93 35 93 0.30754700
35 92 35 92 0.22104200
35 91 35 91 0.01291130
121 128 121 128 0.00058294
40 90 40 90 0.58937100
40 89 40 89 0.00979086
15 150 15 150 0.00129378
15 26 15 26 0.54868100
15 27 15 27 0.01960050
15 23 15 23 0.00283412
10 149 10 149 0.01073550
10 101 10 101 0.04211330
10 99 10 99 0.10513000
10 29 10 29 0.02730710
128 132 128 132 0.06811190
128 133 128 133 0.02668020
128 141 128 141 0.04697100
128 142 128 142 0.16495400
128 143 128 143 0.02629080
127 143 127 143 0.18402100
127 142 127 142 0.03897400
127 134 127 134 0.02423690
127 131 127 131 0.01886900
127 133 127 133 0.05679290
127 144 127 144 0.02331160
127 132 127 132 0.02331170
131 137 131 137 0.03377670
131 138 131 138 0.12243000
41 89 41 89 0.63147100
144 151 144 151 0.02968200
144 149 144 149 0.02303840
45 87 45 87 0.00358271
45 83 45 83 0.10247500
45 85 45 85 0.58776500
129 142 129 142 0.01997350
129 140 129 140 0.06953760
129 141 129 141 0.13776100
46 84 46 84 0.50217600
46 83 46 83 0.02343800
46 86 46 86 0.00287041
145 150 145 150 0.04744140
43 87 43 87 0.63802200
43 81 43 81 0.00074367
43 85 43 85 0.04272990
12 153 12 153 0.00292730
12 29 12 29 0.15743100
12 145 12 145 0.04119230
12 99 12 99 0.01911440
104 128 104 128 0.00267757
104 127 104 127 0.01875510
104 123 104 123 0.58741000
104 135 104 135 0.00139152
130 138 130 138 0.05541130
99 130 99 130 0.00204523
99 132 99 132 0.00570874
99 139 99 139 0.00315125
99 131 99 131 0.00355343
11 98 11 98 0.05457930
11 146 11 146 0.07942810
11 29 11 29 0.02327210
11 99 11 99 0.02451000
5 123 5 123 0.08027740
5 153 5 153 0.12148100
5 152 5 152 0.07197200
5 149 5 149 0.00787478
5 151 5 151 0.06636740
102 137 102 137 0.00133372
102 126 102 126 0.01116180
102 136 102 136 0.00234292
102 127 102 127 0.00479969
102 129 102 129 0.02641130
102 118 102 118 0.00071720
126 134 126 134 0.04439330
126 143 126 143 0.03617750
126 132 126 132 0.00921995
126 144 126 144 0.20517600
126 133 126 133 0.01536330
53 76 53 76 0.60507200
17 24 17 24 0.67802800
6 122 6 122 0.02253830
6 150 6 150 0.03160190
6 142 6 142 0.00120874
6 103 6 103 0.18417900
6 141 6 141 0.00116979
6 31 6 31 0.00127037
6 27 6 27 0.00870120
101 130 101 130 0.02409210
101 124 101 124 0.01554110
101 119 101 119 0.00083951
101 125 101 125 0.03577840
39 92 39 92 0.01627300
39 91 39 91 0.49369300
39 86 39 86 0.01196640
39 88 39 88 0.00452970
141 151 141 151 0.22532900
47 82 47 82 0.48568800
30 99 30 99 0.08698270
30 97 30 97 0.20515500
30 98 30 98 0.33169500
44 86 44 86 0.53505800
44 84 44 84 0.04471260
44 88 44 88 0.00756455
105 122 105 122 0.57243200
105 113 105 113 0.00444955
38 93 38 93 0.02501160
38 87 38 87 0.02683620
38 94 38 94 0.00304562
143 149 143 149 0.21958000
143 152 143 152 0.01452320
140 152 140 152 0.23456900
57 70 57 70 0.70957300
112 118 112 118 0.02920310
26 129 26 129 0.00128630
26 101 26 101 0.00670176
132 146 132 146 0.00146738
132 137 132 137 0.10779900
132 138 132 138 0.09609300
60 67 60 67 0.64808300
48 82 48 82 0.12593600
48 80 48 80 0.04245610
7 150 7 150 0.16860100
7 141 7 141 0.00069100
7 30 7 30 0.00384705
7 148 7 148 0.00273145
7 140 7 140 0.00151574
7 26 7 26 0.00704251
7 102 7 102 0.19954600
7 121 7 121 0.00806547
27 101 27 101 0.03639070
27 129 27 129 0.00183282
27 99 27 99 0.07757380
27 128 27 128 0.00279199
27 136 27 136 0.00126966
59 68 59 68 0.60507300
97 103 97 103 0.00160769
97 102 97 102 0.00269710
138 154 138 154 0.23162400
122 127 122 127 0.00210631
122 128 122 128 0.00076969
28 98 28 98 0.08453700
28 135 28 135 0.00179232
28 127 28 127 0.00252746
28 128 28 128 0.00150064
28 99 28 99 0.06531910
28 101 28 101 0.11841600
29 134 29 134 0.00183385
29 130 29 130 0.00078445
29 100 29 100 0.17957900
29 125 29 125 0.00176965
136 142 136 142 0.02168320
136 141 136 141 0.01412010
136 156 136 156 0.16818800
96 103 96 103 0.00074326
135 144 135 144 0.00277510
135 157 135 157 0.17652400
135 143 135 143 0.01891160
135 142 135 142 0.00835129
62 66 62 66 0.03885380
103 136 103 136 0.00177947
103 123 103 123 0.02180680
103 126 103 126 0.01151990
103 135 103 135 0.00439433
103 129 103 129 0.00390999
103 128 103 128 0.03856660
103 127 103 127 0.00664781
61 67 61 67 0.01470330
61 66 61 66 0.64595000
33 94 33 94 0.28126900
33 95 33 95 0.34977600
33 99 33 99 0.00099178
33 96 33 96 0.00860477
34 95 34 95 0.01038440
34 94 34 94 0.34122300
34 93 34 93 0.28676200
34 98 34 98 0.00061911
31 98 31 98 0.01408630
31 97 31 97 0.31606400
31 96 31 96 0.26383700
106 121 106 121 0.57671100
106 120 106 120 0.00850858
106 112 106 112 0.00863113
98 140 98 140 0.00122883
98 102 98 102 0.00631684
98 131 98 131 0.00100638
98 133 98 133 0.00292720
98 132 98 132 0.00124637
9 150 9 150 0.00550629
9 102 9 102 0.02690890
9 120 9 120 0.00169793
9 23 9 23 0.00053050
9 30 9 30 0.01098670
9 148 9 148 0.15857800
37 91 37 91 0.05249460
37 92 37 92 0.32150500
37 93 37 93 0.01226800
37 95 37 95 0.00094971
37 88 37 88 0.02910820
37 94 37 94 0.00601503
18 26 18 26 0.00185422
18 23 18 23 0.58277200
134 145 134 145 0.00267817
16 149 16 149 0.00088063
16 25 16 25 0.66463700
51 78 51 78 0.98054300
14 29 14 29 0.01810210
14 151 14 151 0.00366322
14 24 14 24 0.00923985
133 137 133 137 0.13846000
133 146 133 146 0.00130998
133 145 133 145 0.00222810
133 138 133 138 0.01624640
25 103 25 103 0.00946599
25 130 25 130 0.00080804
124 146 124 146 0.14227300
100 128 100 128 0.00323975
100 127 100 127 0.00692058
100 138 100 138 0.00338281
100 126 100 126 0.01727900
24 104 24 104 0.00159841
108 119 108 119 0.67814400
107 120 107 120 0.62970300
107 111 107 111 0.02354360
125 135 125 135 0.01711130
125 145 125 145 0.19795600
56 71 56 71 0.60507200
