48 75 52 77 0.01157420
48 75 50 79 0.06841120
48 75 48 77 0.40195600
7 28 7 30 0.02338920
7 30 7 30 0.79751900
7 119 7 121 0.07457360
57 66 59 68 0.60505000
93 111 97 113 0.00344425
93 101 97 103 0.00063620
93 113 95 115 0.27034900
93 112 95 114 0.05424270
42 80 42 82 0.85363600
42 80 44 84 0.06729360
39 86 39 88 0.77262600
101 117 107 120 0.00187136
38 83 38 87 0.00389231
30 92 34 94 0.00184040
30 92 32 96 0.00121913
47 76 49 80 0.06423210
47 76 51 78 0.01523010
47 76 47 78 0.74602600
102 116 108 119 0.00187736
95 110 97 112 0.01968160
95 111 97 112 0.00055710
95 111 97 113 0.82052900
95 111 96 113 0.00358457
17 23 16 25 0.00087272
17 23 17 24 0.00117677
17 22 17 24 0.00254079
17 24 16 25 0.00168194
17 24 17 24 0.95589800
6 120 6 122 0.18837200
6 31 6 31 0.14675800
53 70 55 74 0.00453263
53 70 55 72 0.52856200
53 71 55 73 0.10445100
53 71 55 75 0.00373801
100 118 106 121 0.00183377
56 67 58 69 0.60488200
16 25 16 25 0.62688000
16 25 15 26 0.00156585
16 25 15 27 0.00094329
51 72 53 76 0.06659240
51 72 55 74 0.00081574
18 23 17 24 0.00167823
18 23 19 25 0.00099634
18 23 18 23 0.52274700
18 24 19 25 0.00184755
18 22 20 24 0.00084053
18 22 17 24 0.00085878
37 87 37 91 0.00231989
37 87 37 88 0.00320310
37 87 39 91 0.01049670
37 87 41 89 0.00535859
14 25 15 26 0.00154344
14 25 15 27 0.00097097
14 21 17 24 0.00118622
14 21 15 23 0.01572130
9 28 9 30 0.00367645
9 26 9 30 0.00162137
98 120 104 123 0.00176406
31 91 35 93 0.00403358
31 91 34 93 0.00052865
31 91 33 94 0.00113344
31 91 33 95 0.00464316
34 88 35 92 0.00085317
34 88 36 90 0.02462940
33 89 34 93 0.00099737
33 89 33 95 0.00124907
33 89 35 91 0.02508620
33 89 35 93 0.00473030
33 89 37 91 0.00258510
103 115 109 118 0.00185362
96 110 98 112 0.52988500
96 110 97 112 0.00097365
3 155 3 157 0.06862020
3 123 3 125 0.27612600
8 27 8 29 0.02551660
8 27 9 30 0.00060322
8 29 8 29 0.85776300
50 73 52 77 0.06827220
50 73 50 75 0.83628700
58 65 60 67 0.93029900
2 123 2 126 0.00122592
13 23 13 25 0.00221236
13 22 16 25 0.00173934
13 22 14 24 0.01579270
94 112 95 114 0.00144569
94 112 96 113 0.00051291
94 112 96 114 0.25859400
94 101 96 103 0.00295839
94 111 96 113 0.05081920
94 111 97 113 0.00072329
94 123 100 126 0.00064694
36 85 38 87 0.00794640
36 85 36 89 0.00989336
36 88 36 89 0.00404367
36 88 36 90 0.83549800
36 88 40 90 0.01188590
49 74 53 76 0.00958391
49 74 49 76 0.63637300
49 74 51 78 0.06764150
19 23 20 24 0.00209322
4 122 4 124 0.31204900
55 68 57 70 0.70559800
99 119 105 122 0.00149235
5 121 5 123 0.71952700
54 70 55 72 0.00847007
46 77 46 79 0.74324200
46 77 50 79 0.01155590
12 23 15 26 0.00093792
12 23 13 25 0.01569660
92 111 96 113 0.00081712
43 79 43 81 0.85406600
43 79 45 83 0.06640620
45 78 49 80 0.01139170
45 78 47 82 0.06311810
41 81 45 83 0.00751219
41 81 43 85 0.03064320
40 82 44 84 0.01343190
15 25 15 27 0.00295434
15 25 15 26 0.00115659
35 86 35 92 0.00054412
35 86 37 88 0.02624730
35 89 35 92 0.00078648
35 89 35 93 0.00533680
35 89 35 91 0.85910900
35 89 39 91 0.00933765
35 89 37 91 0.00088029
35 89 37 93 0.00200800
35 89 37 92 0.00058513
