34 85 34 85 0.09349957
34 78 34 78 0.00852436
50 65 50 65 0.67464436
30 159 30 159 0.00422971
45 70 45 70 0.55067177
28 119 28 119 0.00860277
43 72 43 72 0.32506612
43 73 43 73 0.06715542
129 145 129 145 0.02136100
10 151 10 151 0.00369903
10 25 10 25 0.35238488
120 130 120 130 0.09103147
120 125 120 125 0.03525959
11 150 11 150 0.00148794
11 24 11 24 0.36741377
118 132 118 132 0.07952229
118 127 118 127 0.01556999
1 160 1 160 0.04867213
1 159 1 159 0.01991618
1 158 1 158 0.02577379
1 136 1 136 0.03231940
37 85 37 85 0.01414386
37 82 37 82 0.08637523
119 157 119 157 0.00445570
119 126 119 126 0.01820885
119 131 119 131 0.15425281
7 154 7 154 0.03592377
7 31 7 31 0.00808849
33 86 33 86 0.09397441
26 121 26 121 0.00307417
52 63 52 63 0.43075674
36 86 36 86 0.06183875
36 76 36 76 0.01643191
24 123 24 123 0.00064222
123 151 123 151 0.01044310
123 127 123 127 0.06149066
6 11 6 11 0.00131557
6 28 6 28 0.14969908
6 32 6 32 0.01453730
6 157 6 157 0.00790617
150 157 150 157 0.01425493
40 76 40 76 0.17317218
51 64 51 64 0.56287214
25 122 25 122 0.00450743
9 26 9 26 0.39098567
4 154 4 154 0.02182142
4 10 4 10 0.00073988
4 31 4 31 0.01968836
4 34 4 34 0.01231335
54 60 54 60 0.04215350
54 62 54 62 0.04818732
128 146 128 146 0.12946797
49 66 49 66 0.50786345
56 61 56 61 0.18142906
44 71 44 71 0.77388105
8 27 8 27 0.37712316
121 129 121 129 0.09077467
5 33 5 33 0.00546318
5 29 5 29 0.24404399
5 156 5 156 0.03148382
5 158 5 158 0.01422737
13 22 13 22 0.39492758
29 118 29 118 0.06521800
12 23 12 23 0.50525811
55 60 55 60 0.10348672
55 62 55 62 0.04410239
31 82 31 82 0.01490696
31 158 31 158 0.00692299
38 81 38 81 0.04460691
38 78 38 78 0.10959399
35 77 35 77 0.01371608
35 84 35 84 0.06042826
35 79 35 79 0.01419580
27 120 27 120 0.00566773
141 150 141 150 0.01144707
48 67 48 67 0.43488953
3 28 3 28 0.00243934
3 30 3 30 0.02133659
3 153 3 153 0.03487118
3 157 3 157 0.06677213
3 32 3 32 0.03027799
39 77 39 77 0.23980363
39 79 39 79 0.00461897
39 75 39 75 0.02845353
