4 142 6 147 0.39226400
60 70 65 75 0.99090700
63 67 68 72 0.68996900
38 90 43 95 0.01999560
30 40 35 45 0.14763900
30 35 35 40 0.03494290
30 38 35 43 0.13548900
46 83 51 88 0.30698800
46 82 51 87 0.20668500
97 105 102 110 0.46942600
1 5 3 7 0.00365649
1 5 2 8 0.00070920
1 7 1 9 0.06382850
1 7 3 9 0.00256120
59 71 63 76 0.00204679
29 41 34 46 0.15176800
29 41 32 46 0.00391575
29 36 34 41 0.02431400
29 39 34 44 0.14523300
91 96 96 101 0.10303400
91 111 95 116 0.00057224
91 111 96 115 0.00127545
32 38 37 43 0.19010800
57 72 62 77 0.96947700
52 77 57 82 0.61141300
43 86 48 91 0.33041200
7 144 10 149 0.03335900
41 88 46 93 0.26122200
37 91 42 96 0.01031560
94 104 99 109 0.00611603
40 89 45 94 0.14397900
49 80 54 85 0.47796200
49 79 54 84 0.08367520
61 69 66 74 0.70954600
2 141 4 146 0.00224425
2 6 2 8 0.40308200
90 97 95 102 0.01790890
90 113 95 118 0.36893000
90 101 95 106 0.00670656
31 39 36 44 0.16552300
31 37 36 42 0.16096300
56 74 61 79 0.60497900
44 85 49 90 0.39304800
89 114 94 119 0.25836900
89 112 94 117 0.03536000
89 98 94 103 0.00520302
89 95 94 100 0.01413610
89 106 94 111 0.00813808
45 84 50 89 0.97668000
45 84 49 89 0.00050335
51 78 56 83 0.52687500
51 79 56 84 0.04895500
3 143 5 148 0.15713000
3 141 4 146 0.00070243
3 7 3 9 0.00340444
95 103 100 108 0.00311544
95 107 100 112 0.31623300
62 68 67 73 0.60507200
88 115 93 120 0.25033800
88 107 93 112 0.00990753
88 96 93 101 0.00776221
88 103 93 108 0.00116847
55 75 60 80 0.87938200
92 110 96 115 0.00066884
92 110 97 114 0.00072575
86 117 91 122 0.09446480
98 103 103 108 0.23592200
50 80 55 85 0.04374280
50 79 55 84 0.44784300
50 78 55 83 0.07535510
54 76 59 81 0.70543200
6 145 9 150 0.03255250
6 142 6 147 0.03970220
96 106 101 111 0.63738600
47 81 52 86 0.37754200
47 82 52 87 0.22901000
47 83 52 88 0.01525120
