95 96 0.00698912
95 94 0.64643959
95 93 0.00728676
55 53 0.00478420
55 54 0.58279210
126 125 0.68891320
116 115 0.57573290
11 11 0.02997016
11 12 0.00291706
11 13 0.00949216
11 9 0.01458016
11 7 0.00098477
11 10 0.32849138
124 123 0.54182464
106 105 0.71978013
86 86 0.00110992
86 87 0.00885344
86 85 0.56131061
86 84 0.00097921
98 99 0.00057258
98 97 0.91166589
98 96 0.00092065
48 46 0.02380487
48 47 0.50887145
150 149 0.68394744
149 148 0.69085315
53 51 0.00136046
53 52 0.56812814
23 26 0.00083752
23 25 0.00310582
23 23 0.04090675
23 20 0.03030599
23 21 0.00646260
23 22 0.70267769
50 48 0.02731735
50 49 0.69711309
45 43 0.02060139
45 44 0.50487391
102 101 0.68234518
93 90 0.00103359
93 94 0.00705496
93 92 0.76007146
93 93 0.00086836
93 91 0.00184496
99 98 0.94659267
99 97 0.00067324
112 111 0.61486214
138 137 0.50080394
82 81 0.95144689
92 89 0.00090390
92 90 0.00121276
92 93 0.00328743
92 91 0.55284192
121 120 0.75574198
145 144 0.60692095
108 107 0.61894449
30 29 0.47488811
30 30 0.03132211
30 27 0.03334192
30 28 0.01689209
144 143 0.30620043
120 119 0.55843793
73 72 0.74648172
43 42 0.81381605
43 41 0.00892061
75 74 0.72647234
101 100 0.88252865
5 6 0.00149082
5 5 0.51016407
5 4 0.04686919
5 1 0.00058239
5 7 0.02809771
5 3 0.00684159
85 84 0.74391624
85 85 0.00161719
85 86 0.00717041
107 106 0.77557235
140 139 0.88208624
49 47 0.03009315
49 48 0.59173652
39 37 0.00355242
39 38 0.51391473
39 39 0.00304539
39 36 0.00212058
41 40 0.31681767
41 39 0.01052403
41 41 0.00163961
89 87 0.00091693
89 89 0.00095132
89 88 0.62119093
89 90 0.00970895
84 84 0.00062158
84 85 0.00612010
84 83 0.77082782
104 103 0.55976630
26 25 0.62023738
26 26 0.03457347
26 23 0.03383265
26 28 0.00086657
26 24 0.00927734
13 10 0.00173564
13 11 0.01714074
13 12 0.26029255
13 13 0.01899213
13 14 0.00269078
13 9 0.00063051
13 15 0.02706467
125 124 0.53694497
119 118 0.63988513
64 63 0.63889311
143 142 0.87542033
100 99 0.95791819
90 88 0.00094157
90 89 0.71193459
90 91 0.00808826
118 117 0.69169383
16 13 0.00552159
16 16 0.00563806
16 14 0.00152167
16 15 0.57723875
16 18 0.00647365
16 17 0.00123054
128 127 0.56906006
36 33 0.02283935
36 36 0.01932464
36 34 0.03946673
36 35 0.52065476
79 78 0.74642328
153 152 0.88795676
44 43 0.88038736
44 42 0.00098942
91 92 0.01650763
91 89 0.00075599
91 90 0.95203811
152 151 0.75376062
105 104 0.36888188
15 17 0.02527692
15 13 0.00066569
15 11 0.00064921
15 12 0.00987184
15 16 0.00101706
15 15 0.01536147
15 14 0.48735754
81 80 0.68565576
135 134 0.93620977
146 145 0.67668514
51 50 0.42238324
51 51 0.00173419
51 49 0.03712488
88 86 0.00104634
88 89 0.00914627
88 87 0.60876047
88 88 0.00081584
132 131 0.84232432
132 132 0.00065268
160 159 0.97438747
69 68 0.69685286
110 109 0.67364946
157 156 0.99684092
157 157 0.00054757
38 38 0.00460815
38 36 0.02905575
38 35 0.01322725
38 37 0.56910634
54 52 0.00264956
54 53 0.37541205
68 67 0.66431712
136 135 0.92497476
87 86 0.65591655
87 87 0.00085416
87 88 0.00908038
87 85 0.00125542
141 140 0.88063871
154 153 0.85388863
71 69 0.00067214
71 70 0.64831359
151 150 0.76657646
117 116 0.59535070
129 128 0.71760704
40 39 0.53549698
40 38 0.01747056
40 40 0.00209699
33 32 0.67718261
33 31 0.03435827
33 30 0.01309803
33 33 0.03064324
158 157 0.92975814
155 154 0.56572121
20 23 0.00093089
20 17 0.01058360
20 21 0.00160865
20 22 0.01799876
20 18 0.00054017
20 19 0.41760436
20 20 0.02721685
83 82 0.97188672
83 84 0.00117613
52 52 0.00097548
52 51 0.50533993
52 50 0.00996759
72 70 0.00318781
72 71 0.90069471
25 25 0.03451301
25 23 0.01050669
25 24 0.84656747
25 28 0.00114371
25 27 0.00115608
25 22 0.03109121
78 77 0.85158084
2 2 0.39873577
2 3 0.00685667
2 1 0.00188781
2 4 0.00300642
1 3 0.00146321
1 2 0.00125173
1 1 0.95489161
18 20 0.02326268
18 19 0.00436099
18 18 0.02664189
18 17 0.62167698
18 14 0.00055951
18 15 0.02102249
59 58 0.89276842
59 57 0.00317027
4 3 0.04152862
4 2 0.00428915
4 5 0.00925454
4 6 0.02020776
4 4 0.80013224
134 133 0.94650317
133 132 0.91714449
133 131 0.00073180
34 34 0.02743373
34 32 0.03891022
34 31 0.03091722
34 33 0.78794917
77 76 0.96101097
103 102 0.57816251
3 4 0.00998159
3 5 0.01672245
3 3 0.81821532
3 2 0.02448123
3 1 0.00075995
29 26 0.00428251
29 28 0.48953154
29 29 0.02446746
29 27 0.02526397
130 129 0.54192033
9 9 0.29253024
9 5 0.00092021
9 11 0.04040498
9 7 0.00671716
9 8 0.19763452
9 10 0.00085474
57 55 0.00060220
57 56 0.65042955
113 112 0.68998618
6 2 0.00077150
6 7 0.00087534
6 8 0.02575435
6 6 0.57170948
6 5 0.08299069
6 4 0.01015950
80 79 0.73229505
122 121 0.63987837
7 9 0.02949686
7 6 0.08522969
7 5 0.01279468
7 8 0.00103898
7 7 0.44688777
67 66 0.61959481
127 126 0.76548600
10 10 0.32769039
10 8 0.01906668
10 6 0.00100900
10 12 0.02937492
10 11 0.00245273
10 9 0.34642651
22 22 0.03520258
22 21 0.75398159
22 20 0.00414385
22 19 0.02247442
22 24 0.00460883
22 25 0.00081740
156 155 0.58072591
114 113 0.65497994
65 63 0.00318368
65 64 0.75030840
62 61 0.61191592
111 110 0.47150892
42 41 0.60485561
42 42 0.00075109
42 39 0.00050541
42 40 0.03360304
17 15 0.00062763
17 14 0.02152922
17 16 0.51337153
17 17 0.00482233
17 19 0.01824314
17 18 0.00118711
8 8 0.42895136
8 7 0.16225617
8 10 0.04125520
8 9 0.00189315
8 6 0.01425310
61 60 0.58978454
61 59 0.00230711
74 73 0.70726841
14 14 0.08515653
14 15 0.00162404
14 16 0.02558329
14 11 0.00424535
14 12 0.00687139
14 13 0.22639564
14 10 0.00063821
37 36 0.59251210
37 35 0.00374254
37 34 0.00103397
37 37 0.01745379
76 75 0.82726903
147 146 0.75312524
70 69 0.68772959
139 138 0.25276408
19 20 0.00457954
19 18 0.39303172
19 19 0.00665483
19 21 0.02082377
19 22 0.00089113
19 16 0.02435382
131 130 0.57196778
28 27 0.53758791
28 28 0.03432276
28 26 0.02569674
28 25 0.02350926
97 95 0.00356592
97 96 0.92686747
97 98 0.00229405
115 114 0.55972572
12 8 0.00057170
12 10 0.00476240
12 9 0.00101658
12 14 0.02992008
12 13 0.00095756
12 11 0.21800543
12 12 0.02126690
46 45 0.92884810
46 44 0.02397732
27 25 0.00191246
27 26 0.50263047
27 27 0.03825645
27 24 0.03383195
56 55 0.76925132
56 54 0.00426842
58 56 0.00156803
58 57 0.67182901
24 26 0.00207655
24 23 0.85648814
24 24 0.03356127
24 27 0.00099111
24 22 0.00891767
24 21 0.03064114
123 122 0.41377573
109 108 0.59864830
142 141 0.88516914
96 94 0.00684864
96 97 0.00418214
96 95 0.61391142
94 95 0.00147912
94 93 0.62218765
94 94 0.00091096
94 92 0.00664274
148 147 0.63238980
47 45 0.03764386
47 46 0.90703437
137 136 0.73447136
35 32 0.01395188
35 35 0.02473424
35 34 0.74824637
35 33 0.04316966
63 62 0.42983776
21 23 0.00648591
21 22 0.00104163
21 21 0.02458798
21 24 0.00082820
21 19 0.00247402
21 18 0.00610357
21 20 0.44276705
159 158 0.61735468
60 58 0.00255382
60 59 0.78365610
31 31 0.03169754
31 29 0.02167041
31 30 0.67326629
31 33 0.00054996
31 28 0.01991731
32 31 0.67329446
32 32 0.03267331
32 29 0.03147678
32 30 0.01780192
66 65 0.55737814
