146 151 146 151 0.03390433
67 79 67 79 0.26936232
94 101 94 101 0.05689100
94 101 103 111 0.00324314
94 102 103 111 0.00907139
55 85 55 85 0.00247286
13 121 18 134 0.00229163
13 121 20 132 0.03272408
13 121 19 133 0.00784579
70 77 71 78 0.00114739
128 137 128 137 0.29931397
10 144 10 145 0.00080935
10 141 10 141 0.00446347
93 102 101 113 0.00756421
93 102 93 102 0.05688500
129 136 129 136 0.45486385
12 122 18 134 0.01627470
12 122 19 133 0.02681786
12 122 20 132 0.00074492
80 86 80 86 0.00789679
59 82 60 83 0.00053538
59 82 59 82 0.03535969
59 84 59 84 0.08450044
17 117 20 132 0.01393339
11 123 18 134 0.05435210
11 126 10 126 0.00052796
16 118 19 133 0.01147850
8 144 8 145 0.03162978
8 144 9 144 0.02190784
5 147 5 148 0.02497135
5 147 6 147 0.03078877
41 53 50 63 0.09342507
41 53 51 62 0.04301103
41 54 51 62 0.00186525
41 54 50 63 0.00474007
41 54 49 64 0.00061145
95 101 104 110 0.00649417
95 101 103 111 0.00407640
126 140 126 140 0.02001897
79 87 79 87 0.00499385
96 100 104 110 0.01575165
96 100 105 109 0.03000581
14 120 20 132 0.01015429
14 120 19 133 0.00060416
142 151 142 151 0.07466692
68 74 68 74 0.01855903
68 75 68 75 0.06061875
68 78 68 78 0.11351862
1 151 1 152 0.00635762
1 151 2 151 0.01328851
61 80 62 80 0.00780916
61 80 61 81 0.00138491
61 71 71 84 0.00071664
42 53 52 61 0.00103203
42 53 51 62 0.00219754
42 52 50 63 0.00238254
42 52 51 62 0.08814067
42 52 52 61 0.04392866
40 55 48 65 0.00152656
40 55 49 64 0.01615300
40 55 50 63 0.01832079
15 119 20 132 0.00126339
15 119 18 134 0.02590773
63 78 64 78 0.00832884
63 78 63 79 0.00315446
65 77 65 77 0.01354121
130 135 130 135 0.43169871
139 151 139 151 0.02618756
58 85 58 85 0.08878049
56 86 56 86 0.31132167
9 145 8 145 0.00070551
9 142 9 142 0.01082006
66 80 66 80 0.25129293
62 79 62 80 0.00175345
62 79 63 79 0.00889419
60 83 60 83 0.20949256
60 81 60 81 0.09111176
60 81 61 81 0.00443131
43 51 52 61 0.04449038
43 51 53 60 0.01747077
43 51 51 62 0.00147145
3 138 3 138 0.06211333
3 137 6 152 0.00225431
3 137 3 137 0.07433133
64 76 65 77 0.00103553
64 69 74 79 0.00056411
38 58 48 65 0.00469865
125 141 125 141 0.00423244
122 132 122 132 0.00209165
69 77 69 77 0.19775979
28 33 28 33 0.26227400
121 133 121 133 0.00092833
7 145 8 145 0.07371559
123 142 123 143 0.00209092
2 138 2 138 0.22334833
2 150 2 151 0.00937529
124 141 124 141 0.00867866
6 146 6 147 0.02662373
52 61 52 61 0.00074372
4 137 4 137 0.04740100
