155 154 0.00087804
155 155 0.78174916
127 129 0.00225327
127 127 0.45214692
127 128 0.00347022
127 130 0.00301635
127 124 0.00137160
96 97 0.01265274
96 95 0.14898038
96 94 0.00118941
96 96 0.74441458
8 8 0.98230704
8 7 0.00088461
8 9 0.00065548
124 127 0.08068030
124 125 0.00234569
124 126 0.00234170
124 123 0.00162429
124 124 0.65931445
55 55 0.44791498
137 137 0.43261315
86 86 0.67806225
86 85 0.00473754
135 135 0.65751337
6 6 0.71405343
101 102 0.00053219
101 101 0.63770564
101 100 0.00057599
143 143 0.87704383
45 45 0.98734590
45 46 0.00279277
13 13 0.41186532
141 141 0.73419774
51 51 0.97398301
68 68 0.49017824
91 89 0.00061246
91 91 0.76611461
91 92 0.00325128
91 90 0.19937256
74 74 0.82316217
102 102 0.62699255
102 101 0.00152295
142 142 0.83575896
54 54 0.57697749
130 131 0.00239005
130 130 0.90534342
56 56 0.25189531
126 126 0.45724936
126 127 0.00450729
126 129 0.01157192
126 128 0.00232439
72 72 0.58856944
66 66 0.23170564
60 60 0.97954504
147 149 0.00117414
147 148 0.00053030
147 147 0.89394452
115 118 0.12332100
115 117 0.01181837
115 116 0.01674713
115 115 0.74446836
115 114 0.00344027
76 76 0.50057882
71 71 0.28611595
67 67 0.41793897
39 39 0.94580053
39 38 0.00075804
79 79 0.70837128
79 80 0.00084488
93 93 0.56345615
93 91 0.00066766
93 92 0.16553693
93 94 0.00222943
24 24 0.77925029
50 49 0.00059548
50 50 0.62721778
112 113 0.00086588
112 115 0.00523859
112 112 0.73790296
80 81 0.00708366
80 80 0.86090942
80 79 0.00198590
3 3 0.84921990
61 61 0.97934139
113 116 0.00877796
113 114 0.00201792
113 113 0.54181880
41 41 0.86301166
134 134 0.70321145
131 131 0.46746231
131 132 0.00056888
109 109 0.80462835
34 34 0.74904723
92 92 0.42097236
92 93 0.00862367
92 91 0.13088494
29 29 0.92899350
26 26 0.80091373
107 107 0.78548227
146 148 0.00055255
146 146 0.77845349
31 31 0.81694078
121 124 0.25728705
121 123 0.01655527
121 120 0.00370716
121 121 0.66254330
121 118 0.00116165
121 122 0.00462392
153 152 0.00127379
153 154 0.00053293
153 153 0.69900931
73 73 0.90653958
154 153 0.00069398
154 155 0.00092768
154 154 0.69214472
36 36 0.67589326
75 75 0.90129318
63 63 0.39659707
32 32 0.78689389
114 117 0.01635506
114 113 0.00077308
114 114 0.79932115
114 116 0.00181502
114 115 0.01367015
19 19 0.53692885
140 140 0.61481597
14 14 0.63412734
58 58 0.35121006
157 157 0.91920159
94 93 0.16801494
94 94 0.69784258
94 92 0.00067965
94 95 0.01534700
28 28 0.98446116
128 125 0.00150740
128 130 0.00222379
128 128 0.63726594
128 129 0.00463576
128 131 0.00142110
17 17 0.70052369
120 120 0.66461983
120 124 0.00063194
120 119 0.00237303
120 123 0.24261843
120 122 0.02582175
120 121 0.00510418
120 117 0.00148909
145 145 0.83538522
49 48 0.00097468
49 50 0.00073714
49 49 0.91941242
21 21 0.99335559
16 16 0.69015736
30 30 0.86769794
98 99 0.00301060
98 97 0.12223324
98 98 0.83318935
52 52 0.97157939
136 136 0.57225271
116 115 0.00410829
116 116 0.72038679
116 120 0.00067911
116 119 0.17869782
116 118 0.02066293
116 117 0.01403735
123 125 0.00781881
123 120 0.00084190
123 124 0.00377720
123 123 0.41160893
123 126 0.10691174
123 122 0.00230136
103 103 0.56084391
33 33 0.85992435
99 100 0.00205907
99 98 0.01626584
99 99 0.67837745
132 132 0.72469681
78 78 0.42123376
38 38 0.99222784
38 37 0.00078840
104 104 0.66103315
148 148 0.77716865
148 150 0.00147817
148 149 0.00052210
158 158 0.71137179
25 25 0.82185532
118 115 0.00278354
118 120 0.04193423
118 119 0.00581498
118 122 0.00069854
118 121 0.22358996
118 117 0.00165785
118 116 0.00099802
118 118 0.52769512
87 86 0.03734222
87 88 0.00635310
87 87 0.57332516
23 23 0.61500494
9 9 0.70388211
7 6 0.00072039
7 7 0.98240221
149 149 0.66362409
149 151 0.00187239
159 159 0.50423363
119 121 0.03413805
119 122 0.22967752
119 117 0.00091031
119 120 0.00583126
119 119 0.49017864
119 118 0.00161289
119 116 0.00334061
119 123 0.00078678
77 77 0.50570291
144 144 0.87259142
62 62 0.99855440
133 133 0.72419280
37 37 0.68490595
100 99 0.01055537
100 100 0.42727424
139 139 0.75869977
125 127 0.00438279
125 128 0.01685777
125 125 0.49717965
125 124 0.00102301
125 126 0.00119835
151 150 0.00056115
151 153 0.00091701
151 151 0.83786460
110 110 0.90529248
110 113 0.00064905
70 70 0.86239658
22 22 0.72856323
129 129 0.80347787
129 131 0.00119701
129 130 0.00413297
1 1 0.77370050
12 12 0.73546543
65 65 0.41977454
27 27 0.98462401
122 121 0.00313626
122 122 0.51189704
122 119 0.00087238
122 124 0.01437434
122 123 0.00440513
122 125 0.14136973
64 64 0.31970027
85 86 0.00204522
85 85 0.52983610
85 84 0.03491090
5 5 0.70698760
88 89 0.00192975
88 87 0.01220625
88 88 0.56970004
89 88 0.13886600
89 90 0.00314636
89 89 0.58300190
84 83 0.00780826
84 85 0.00845315
84 84 0.55943412
35 35 0.66811748
47 48 0.00193210
47 47 0.97761356
20 20 0.92266901
53 53 0.71222473
42 42 0.94446905
11 11 0.78639491
48 47 0.00054134
48 49 0.00121051
48 48 0.97732223
117 121 0.00067662
117 117 0.50266880
117 120 0.22410767
117 115 0.00072105
117 119 0.03561413
117 118 0.00576353
117 116 0.00376243
117 114 0.00083725
90 90 0.65507807
90 91 0.00751842
90 89 0.11561402
82 81 0.01070805
82 83 0.04483416
82 82 0.89815482
69 69 0.66328814
108 108 0.79562683
83 83 0.75856485
83 82 0.03503107
83 84 0.00149287
44 44 0.67323138
44 45 0.00094677
59 59 0.37029168
156 156 0.94293048
40 40 0.95727909
40 39 0.00051411
152 152 0.97374183
152 154 0.00053107
152 151 0.00100873
152 153 0.00061523
160 160 0.83111794
97 96 0.13616647
97 95 0.00085637
97 97 0.75746446
97 98 0.00867931
95 95 0.78311710
95 96 0.01487950
95 93 0.00144830
95 94 0.15930938
10 10 0.68035464
43 43 0.84285774
106 106 0.86221681
105 105 0.64826073
111 114 0.00082034
111 111 0.64676068
150 152 0.00118879
150 150 0.58892076
57 57 0.41827361
4 4 0.99350774
4 5 0.00359854
15 15 0.61085404
18 18 0.81950174
2 2 0.91059026
46 45 0.00061387
46 46 0.88323190
46 47 0.00330154
81 81 0.87701684
81 82 0.01043064
81 80 0.00535353
138 138 0.48686253
