48 82 48 82 0.52541871
33 97 33 97 0.40231933
11 19 11 19 0.01228813
11 129 11 129 0.00054016
11 24 11 24 0.15456905
11 144 11 144 0.06308540
11 136 11 136 0.01735333
11 21 11 21 0.02081699
29 134 29 134 0.02825627
53 79 53 79 0.01212073
53 77 53 77 0.39130631
53 78 53 78 0.03985613
53 76 53 76 0.24154467
46 84 46 84 0.63207883
52 78 52 78 0.35690269
52 80 52 80 0.00810007
52 77 52 77 0.14672600
52 79 52 79 0.08291267
103 135 103 135 0.20128533
22 26 22 26 0.02466267
107 127 107 127 0.63622935
138 144 138 144 0.09822200
25 141 25 141 0.00819080
104 134 104 134 0.12530600
104 130 104 130 0.51470246
136 146 136 146 0.04355680
10 137 10 137 0.02685913
10 130 10 130 0.00191790
10 23 10 23 0.01485400
10 26 10 26 0.10214000
102 136 102 136 0.17834667
41 90 41 90 0.05783628
41 87 41 87 0.01719260
41 89 41 89 0.27286411
41 88 41 88 0.10101557
8 26 8 26 0.01093338
8 27 8 27 0.15513817
8 147 8 147 0.09696014
8 25 8 25 0.00238767
8 14 8 14 0.00533559
8 28 8 28 0.06553573
8 102 8 102 0.00364966
8 146 8 146 0.01638627
60 70 60 70 0.64028195
54 78 54 78 0.00500995
54 77 54 77 0.02023460
54 75 54 75 0.33304128
54 76 54 76 0.20868594
39 90 39 90 0.07834126
39 88 39 88 0.03945915
50 80 50 80 0.60556395
50 79 50 79 0.03187013
134 141 134 141 0.00192803
109 124 109 124 0.52540471
40 87 40 87 0.01294637
110 123 110 123 0.58998588
108 125 108 125 0.63835166
139 148 139 148 0.05077680
111 122 111 122 0.58999077
12 143 12 143 0.07839968
12 22 12 22 0.02801959
12 18 12 18 0.03233507
12 135 12 135 0.01468127
12 21 12 21 0.00530067
12 24 12 24 0.03548120
12 20 12 20 0.05878138
57 72 57 72 0.01584720
57 75 57 75 0.02921053
57 78 57 78 0.00063386
65 71 65 71 0.00054858
7 14 7 14 0.01316667
7 28 7 28 0.18372906
7 26 7 26 0.00202697
7 27 7 27 0.00995166
7 103 7 103 0.00518887
7 147 7 147 0.02181160
7 142 7 142 0.01388347
7 148 7 148 0.11644798
56 72 56 72 0.03079281
56 75 56 75 0.01450120
56 76 56 76 0.01334053
133 148 133 148 0.00399066
133 142 133 142 0.00165117
51 81 51 81 0.00482003
31 99 31 99 0.40231933
23 29 23 29 0.00432700
23 143 23 143 0.00320121
23 139 23 139 0.00123252
2 138 2 138 0.05264573
2 148 2 148 0.04639087
2 146 2 146 0.02066760
19 146 19 146 0.00084275
19 28 19 28 0.01809053
19 27 19 27 0.09699200
19 148 19 148 0.00098085
19 25 19 25 0.00996847
19 138 19 138 0.00316762
9 146 9 146 0.07410297
9 14 9 14 0.00472361
9 26 9 26 0.23819997
9 27 9 27 0.06949867
9 131 9 131 0.01295453
9 138 9 138 0.02279447
9 25 9 25 0.02560307
62 68 62 68 0.52497245
42 86 42 86 0.03485682
6 141 6 141 0.00414637
6 29 6 29 0.25522468
6 15 6 15 0.00998907
6 149 6 149 0.24565267
6 143 6 143 0.01767518
131 144 131 144 0.00154262
21 146 21 146 0.00088317
21 28 21 28 0.00395179
21 27 21 27 0.00809527
21 25 21 25 0.17974200
137 145 137 145 0.08818000
5 144 5 144 0.04968759
5 132 5 132 0.10558800
5 135 5 135 0.05269633
5 30 5 30 0.07220705
14 24 14 24 0.01377227
14 141 14 141 0.05261087
14 21 14 21 0.09585625
14 19 14 19 0.07661268
112 121 112 121 0.64087614
105 129 105 129 0.51970263
105 127 105 127 0.00368836
43 87 43 87 0.38948213
106 128 106 128 0.62187595
106 126 106 126 0.01314553
44 87 44 87 0.08121333
58 72 58 72 0.46144052
4 141 4 141 0.00451176
4 136 4 136 0.06069800
4 133 4 133 0.01727507
4 143 4 143 0.00196070
4 145 4 145 0.03800359
55 73 55 73 0.02440467
55 74 55 74 0.36599883
135 148 135 148 0.00214402
135 147 135 147 0.03027147
34 96 34 96 0.47028600
49 81 49 81 0.52250204
140 147 140 147 0.18675168
15 23 15 23 0.03137820
141 146 141 146 0.07804553
28 135 28 135 0.01428840
3 147 3 147 0.03362033
3 148 3 148 0.01415502
3 137 3 137 0.06758333
3 134 3 134 0.01181133
3 142 3 142 0.00681273
17 148 17 148 0.00144631
24 28 24 28 0.00533503
24 142 24 142 0.00559885
24 138 24 138 0.00122269
24 103 24 103 0.00120289
36 94 36 94 0.69769987
61 69 61 69 0.64028195
113 120 113 120 0.52540861
18 147 18 147 0.00169095
18 23 18 23 0.00787833
18 26 18 26 0.01412127
101 137 101 137 0.18340667
59 71 59 71 0.79995245
16 23 16 23 0.00639886
45 86 45 86 0.20944013
13 23 13 23 0.05442960
13 134 13 134 0.01354847
13 142 13 142 0.07544637
26 140 26 140 0.01925833
27 136 27 136 0.01226507
37 93 37 93 0.64283446
32 98 32 98 0.47213133
1 145 1 145 0.00589398
1 139 1 139 0.05016160
47 83 47 83 0.80088881
20 26 20 26 0.16221600
20 147 20 147 0.00118793
20 137 20 137 0.00134647
30 100 30 100 0.38955600
