12 41 12 42 0.00079860
12 41 12 41 0.32995985
12 157 12 157 0.00181539
23 31 23 32 0.08498263
65 88 67 86 0.04086613
65 88 66 87 0.00308800
65 88 65 88 0.29998613
128 146 128 146 0.18298267
128 135 128 135 0.02147241
128 143 128 143 0.00316536
16 37 16 38 0.00100062
16 37 16 37 0.34291924
129 137 129 137 0.00869056
129 145 129 145 0.09205567
129 134 129 134 0.01215262
129 142 129 142 0.00775358
131 143 131 143 0.04839433
131 141 131 141 0.02441091
131 135 131 135 0.02145223
131 139 131 139 0.00686649
131 140 131 140 0.03537387
127 143 127 143 0.00201649
127 135 127 135 0.01058059
127 148 127 148 0.07274367
127 133 127 133 0.03442174
49 104 49 104 0.03350500
49 102 49 102 0.12052027
49 102 49 100 0.00360607
72 79 72 79 0.00635876
72 80 72 80 0.00537167
72 78 72 78 0.00233249
118 148 118 148 0.02579669
118 150 118 150 0.00589067
118 146 118 146 0.09126727
110 121 110 121 0.00561647
110 122 110 122 0.07866845
110 157 110 157 0.04522145
69 84 70 83 0.00329635
69 84 71 82 0.04208599
69 84 69 84 0.38990861
111 120 111 120 0.00688643
111 121 111 121 0.01391477
112 120 112 120 0.01168694
112 155 112 155 0.06210251
11 42 11 43 0.00114783
11 42 11 42 0.36843267
11 158 11 158 0.01508140
136 141 136 141 0.00361749
153 159 153 159 0.02828355
1 160 1 160 0.03853076
130 142 130 142 0.02036626
130 144 130 144 0.08211833
130 137 130 137 0.00192519
130 136 130 136 0.01449910
130 145 130 145 0.00517570
73 81 73 81 0.30155707
66 87 68 85 0.02803565
66 87 66 87 0.36369454
66 87 67 86 0.00213296
115 120 115 120 0.03362331
115 152 115 152 0.06397333
115 121 115 121 0.00877459
13 156 13 156 0.00216454
15 153 15 153 0.00066748
15 38 15 38 0.39293196
117 147 117 147 0.03081589
117 149 117 149 0.08880172
18 30 18 30 0.00742133
18 35 18 36 0.04455996
135 142 135 142 0.00151169
75 79 75 79 0.24571166
75 80 75 80 0.00394099
98 141 98 141 0.00076451
61 92 62 91 0.00272064
61 92 61 92 0.39265653
61 92 63 90 0.02201808
60 91 60 91 0.00301339
8 157 8 157 0.01698597
8 46 8 46 0.06548100
8 153 8 153 0.00528707
67 86 68 85 0.00187120
67 86 69 84 0.02557732
67 86 67 86 0.36761180
74 80 74 80 0.31908609
108 159 108 159 0.04209338
108 143 108 143 0.03206783
10 155 10 155 0.02251410
10 158 10 158 0.01159286
125 141 125 141 0.00205959
125 135 125 135 0.01630929
125 150 125 150 0.07643600
125 138 125 138 0.00554075
125 140 125 140 0.13412175
24 30 24 30 0.19899011
133 142 133 142 0.02232263
133 137 133 137 0.02788622
30 40 30 40 0.00151765
54 97 54 97 0.27213684
120 148 120 148 0.00128264
48 103 48 101 0.01028102
48 103 48 103 0.12548539
114 121 114 121 0.02028299
114 153 114 153 0.06606693
114 122 114 122 0.02162161
124 151 124 151 0.08296067
124 139 124 139 0.00383228
124 141 124 141 0.06938648
7 154 7 154 0.01071683
55 96 55 96 0.09865723
132 139 132 139 0.01530693
132 138 132 138 0.01753080
132 140 132 140 0.05637124
132 141 132 141 0.01267414
132 143 132 143 0.01187191
57 96 57 96 0.20501618
57 96 57 95 0.00053482
57 96 58 95 0.00180515
57 96 59 94 0.05016415
57 95 57 95 0.07170603
58 95 59 94 0.00212061
58 95 59 93 0.00144128
58 95 58 95 0.28485037
71 81 71 81 0.00470346
71 82 71 82 0.34580075
113 122 112 121 0.00168033
97 142 97 142 0.00106556
64 89 66 87 0.03425702
64 89 64 89 0.27501487
64 89 65 88 0.00266456
154 158 154 158 0.05058580
52 102 52 100 0.00102761
52 102 52 102 0.02278288
62 91 62 91 0.33409442
62 91 64 89 0.00336559
22 29 22 29 0.01691514
22 33 22 33 0.19390872
107 144 107 144 0.07660907
9 159 9 159 0.01816011
9 156 9 156 0.01910760
106 145 106 145 0.04515301
56 97 57 95 0.00269254
56 97 57 96 0.00088265
56 97 58 95 0.02955014
56 95 58 95 0.00105419
68 85 68 85 0.35274469
99 140 99 140 0.00136194
53 101 53 99 0.00073779
53 101 53 101 0.02057705
53 100 53 98 0.05352331
53 98 53 98 0.33505761
53 99 53 99 0.02326155
123 137 123 137 0.00432101
123 142 123 142 0.13889386
19 29 19 29 0.00273422
25 29 25 29 0.14189316
63 90 63 90 0.32999259
63 90 64 89 0.00387936
63 90 65 88 0.03021035
21 34 21 34 0.20635616
21 30 21 30 0.01684013
126 137 126 137 0.02214447
126 144 126 144 0.00663217
126 149 126 149 0.14703367
126 134 126 134 0.06375879
126 145 126 145 0.00211733
126 136 126 136 0.04773551
109 158 109 158 0.05471731
109 142 109 142 0.03214587
152 160 152 160 0.02186036
70 83 71 81 0.00089011
70 83 71 82 0.00108218
70 83 70 83 0.28983969
134 141 134 141 0.01310111
134 139 134 139 0.02457619
134 140 134 140 0.04447252
59 93 59 93 0.06618141
59 94 59 94 0.27668267
59 92 59 92 0.01847239
50 101 50 99 0.00321335
50 101 50 101 0.12270200
50 103 50 101 0.00452763
50 103 50 103 0.02310221
50 99 50 99 0.01194634
3 158 3 158 0.03951386
17 36 18 36 0.00321349
4 157 4 157 0.01973596
122 140 122 140 0.00334734
122 143 122 143 0.08282459
116 149 116 149 0.00662707
