62 91 60 91 0.02926705
62 91 62 91 0.17035604
62 91 61 90 0.00607194
22 27 22 27 0.00123693
22 33 21 33 0.00330997
22 33 22 32 0.02493641
14 40 14 40 0.01044429
14 39 14 39 0.30214189
154 158 154 158 0.11193468
123 131 123 131 0.03911410
53 98 53 98 0.33153357
53 99 53 99 0.02066769
63 90 61 90 0.02584399
63 90 63 90 0.08392075
63 90 63 88 0.19241718
9 159 9 159 0.02304021
56 95 56 95 0.15368020
56 97 56 95 0.02970277
56 97 56 97 0.00928123
68 85 67 84 0.00386619
68 85 67 85 0.00071642
68 85 66 85 0.03100020
68 85 68 84 0.00104082
71 81 70 81 0.00087093
71 82 70 81 0.00308131
71 82 69 82 0.03191526
113 122 111 121 0.00069521
113 122 112 121 0.00294807
58 95 58 95 0.06663251
58 95 58 93 0.06830835
58 95 57 94 0.00225181
58 95 56 95 0.03736446
58 96 58 94 0.00056591
57 96 56 95 0.00124549
57 96 55 96 0.01012788
57 96 57 96 0.03155775
57 96 57 94 0.06569546
57 95 57 95 0.01644769
57 95 56 95 0.00076149
26 31 26 31 0.04383428
55 96 55 96 0.16997264
64 89 63 88 0.00576016
64 89 64 87 0.14094159
17 36 17 36 0.46921817
116 137 115 137 0.00924910
116 136 116 136 0.00290596
122 133 121 133 0.00068463
70 83 69 82 0.00435584
70 83 69 83 0.00332224
70 83 70 81 0.11612371
21 34 21 33 0.02437878
21 34 21 34 0.11866237
126 134 126 134 0.17043565
126 136 126 136 0.03780098
121 133 121 133 0.00236214
50 101 50 99 0.00818893
50 101 50 101 0.11138164
50 99 50 99 0.03126675
59 94 57 94 0.03952786
59 94 58 94 0.00117374
59 94 58 93 0.00472567
59 93 58 93 0.00083117
69 84 68 84 0.00110926
69 84 69 83 0.00368767
69 84 69 82 0.25223193
69 84 67 84 0.02931440
111 121 111 121 0.03848628
110 125 111 125 0.00126095
110 122 110 122 0.44801527
118 135 117 135 0.00241252
72 79 72 79 0.02537920
49 102 49 100 0.00642238
153 159 153 159 0.07960521
11 42 11 42 0.24934104
112 127 110 126 0.00093964
112 120 112 120 0.02790990
23 31 23 31 0.39442879
65 88 64 87 0.00577433
65 88 63 88 0.02299161
65 88 65 86 0.23418291
12 41 12 41 0.38139550
12 43 12 43 0.00501280
127 135 127 135 0.00673892
127 133 127 133 0.05807338
16 37 16 37 0.30764794
10 42 10 42 0.04532756
24 30 24 31 0.00063653
125 135 125 135 0.11152008
67 86 65 86 0.03131988
67 86 67 85 0.00070729
67 86 67 84 0.17543059
67 86 66 85 0.00426498
74 80 74 80 0.20529429
119 134 118 134 0.00160625
48 103 48 101 0.01414768
48 103 48 103 0.24472958
124 139 124 139 0.03243787
124 130 124 130 0.03927118
114 121 113 121 0.00155406
114 121 113 120 0.00080406
114 121 114 121 0.09200628
54 97 54 97 0.26241499
47 104 47 104 0.09461551
66 87 65 86 0.00439562
66 87 64 87 0.04372662
66 87 66 86 0.00053353
66 87 66 85 0.18126063
115 120 114 120 0.00143360
115 120 115 120 0.10854057
115 137 115 137 0.00271291
73 81 73 81 0.27652132
61 92 61 92 0.22915636
61 92 61 90 0.10881219
61 92 60 91 0.00658073
61 90 61 90 0.00858392
60 91 60 91 0.01936194
15 38 15 38 0.33491966
75 79 75 79 0.14299483
18 36 18 35 0.01066853
18 36 17 36 0.00085270
18 35 18 35 0.29634907
117 136 116 136 0.00450517
