24 30 24 30 0.16404130
67 86 67 86 0.24528625
74 80 74 80 0.21857900
124 130 124 130 0.02635536
114 121 114 121 0.05276445
54 151 54 151 0.03657562
66 87 66 87 0.22413287
115 120 115 120 0.06762877
73 81 73 81 0.23587286
61 92 61 92 0.20321964
15 38 15 38 0.37910178
75 79 75 79 0.14709240
69 84 69 84 0.25276756
111 128 111 128 0.01508368
111 121 111 121 0.08452802
49 59 49 59 0.02329277
110 122 110 122 0.44663275
1 160 1 160 0.04696649
130 142 130 142 0.01373557
112 127 112 127 0.01526919
112 120 112 120 0.07432256
23 31 23 31 0.40363659
23 28 23 28 0.02577977
128 135 128 135 0.02866019
129 134 129 134 0.01998387
127 133 127 133 0.04765078
127 135 127 135 0.05893383
131 141 131 141 0.01628479
131 140 131 140 0.01185261
16 37 16 37 0.17395677
17 36 17 36 0.43643905
20 31 20 31 0.03033243
4 157 4 157 0.05009737
122 129 122 129 0.00670594
122 133 122 133 0.00356503
2 159 2 159 0.06954344
70 83 70 83 0.17911010
21 34 21 34 0.15548350
21 30 21 30 0.01773877
126 136 126 136 0.11556756
126 134 126 134 0.03946080
126 132 126 132 0.01155510
50 58 50 58 0.02287440
3 158 3 158 0.08618134
62 91 62 91 0.18007848
22 33 22 33 0.14809168
45 50 45 50 0.02829547
14 40 14 40 0.01640393
14 39 14 39 0.19517961
123 132 123 132 0.00800853
123 131 123 131 0.01847190
19 33 19 33 0.10262414
63 90 63 90 0.14942549
68 85 68 85 0.25089022
132 140 132 140 0.01976647
132 139 132 139 0.01580669
71 82 71 82 0.24996702
55 150 55 150 0.02433456
29 51 29 51 0.00069793
