70 119 70 119 0.06310125
70 121 70 121 0.01258131
70 115 70 115 0.00627128
70 118 70 118 0.00794029
30 38 29 38 0.00097214
30 38 30 38 0.10943029
30 38 30 37 0.00708294
30 37 30 37 0.19619020
30 37 30 38 0.00329884
30 37 29 38 0.01373146
30 69 30 69 0.01477762
30 69 31 68 0.03346102
30 69 29 70 0.00053627
41 59 40 60 0.01007498
41 59 41 59 0.01993944
41 59 42 58 0.00607606
82 105 81 106 0.00537645
82 105 82 105 0.38169182
4 158 4 158 0.09196459
4 160 4 160 0.12474400
4 157 4 157 0.06083937
4 157 5 157 0.01670290
4 53 5 52 0.00215705
4 11 4 11 0.01726009
3 12 3 12 0.00925839
3 150 3 150 0.00236877
3 145 2 145 0.00277783
3 145 3 145 0.00837688
71 118 71 118 0.07104029
71 115 71 115 0.00345972
71 119 71 119 0.01593704
44 56 44 56 0.03987595
124 151 124 151 0.00914103
124 129 124 129 0.00930606
124 130 124 130 0.08264001
9 139 8 140 0.00132706
9 139 9 139 0.03441922
9 139 10 138 0.00412301
9 144 9 153 0.00159609
9 144 9 144 0.00392755
9 153 9 153 0.14297131
9 153 9 144 0.00200082
9 153 10 143 0.00053729
9 149 9 149 0.00050514
9 155 9 155 0.05217033
9 60 9 60 0.00076659
85 102 85 101 0.00775845
85 102 85 102 0.10658506
85 101 86 100 0.00835004
85 101 81 106 0.00091905
85 101 83 104 0.00129410
85 101 85 102 0.00777599
85 101 85 101 0.28353052
85 101 84 102 0.00420588
85 101 78 109 0.00111394
11 143 11 143 0.00239912
11 59 11 59 0.02476903
11 151 11 151 0.00752202
11 138 11 138 0.05654744
11 19 11 19 0.00118712
126 131 126 131 0.00206633
126 134 126 134 0.00115713
126 137 126 137 0.00106405
18 154 18 154 0.00057683
18 49 18 49 0.17277033
18 48 18 48 0.00955663
18 121 19 120 0.00499550
18 121 20 119 0.00089168
18 121 16 123 0.00217838
18 121 17 122 0.01492566
18 121 18 121 0.03376928
10 59 10 59 0.00166345
10 47 10 47 0.00076451
10 154 10 154 0.06321500
10 151 10 151 0.15199467
10 143 10 143 0.00316876
10 143 9 153 0.00073370
10 143 9 144 0.00062441
10 138 10 138 0.07230975
10 138 9 139 0.00354696
81 106 82 105 0.00710821
81 106 80 107 0.00315712
81 106 81 106 0.25764891
58 145 57 130 0.00141255
58 145 58 140 0.00117562
58 145 58 145 0.00928497
58 145 58 129 0.00111522
58 129 58 140 0.00899794
58 129 58 145 0.00069080
58 129 58 129 0.05236719
58 129 58 127 0.00067123
58 129 59 144 0.00079010
58 129 59 139 0.00189873
58 126 58 126 0.01440127
58 140 58 127 0.00096731
58 140 58 145 0.00130126
58 140 58 129 0.01668900
58 140 58 140 0.03321470
58 140 57 130 0.00659854
58 140 57 138 0.00081381
58 140 57 145 0.00068309
58 140 59 139 0.00274965
58 140 59 144 0.00120833
58 150 57 130 0.00090424
58 150 58 150 0.01377387
58 135 58 129 0.00108014
58 135 58 140 0.00083924
58 127 58 127 0.00171858
58 127 58 129 0.00059404
56 131 56 131 0.05102167
56 63 56 63 0.00158966
56 152 56 152 0.02407512
56 146 56 146 0.01835910
56 146 56 142 0.00072278
56 142 56 142 0.00084241
56 142 56 146 0.00052042
26 41 26 41 0.33819960
26 41 27 40 0.02495560
26 41 25 42 0.01575403
40 60 40 60 0.02567468
40 60 41 59 0.01224569
40 60 39 61 0.01230130
40 60 38 62 0.00052720
63 140 62 136 0.00132739
63 140 62 123 0.00089029
63 140 63 140 0.01582238
63 126 63 121 0.00122464
63 126 63 126 0.00567097
63 145 63 145 0.00156772
63 121 63 126 0.00051321
63 121 63 133 0.00094080
63 121 63 121 0.12090617
63 121 64 131 0.01105534
63 121 64 132 0.00055886
63 133 63 133 0.01439329
63 133 63 121 0.00182265
63 133 62 123 0.00051618
63 133 62 122 0.00083033
63 133 62 136 0.00073879
63 135 63 135 0.03726018
63 135 62 136 0.00225628
63 135 62 123 0.00156168
63 130 63 130 0.00136167
6 147 6 147 0.00056837
6 51 6 51 0.03730902
6 51 7 50 0.00060737
6 51 5 52 0.00248852
6 156 5 156 0.00806489
6 156 5 157 0.00109054
6 156 6 156 0.12676959
6 158 6 158 0.08117439
6 142 7 141 0.00117929
6 142 5 142 0.00930089
6 142 6 142 0.06574541
6 155 7 155 0.00490104
6 155 6 155 0.01450210
6 141 7 141 0.00168290
86 100 86 100 0.27577936
86 100 79 108 0.00076429
86 100 85 101 0.00301229
86 100 88 98 0.00054494
86 100 87 99 0.00660451
86 100 84 103 0.00054759
67 141 67 141 0.00083385
67 122 67 122 0.01224790
67 122 66 118 0.00122516
67 117 67 117 0.07277748
67 117 67 128 0.00098039
67 117 68 127 0.00738736
67 120 66 118 0.00130290
67 120 67 120 0.01220092
67 128 67 128 0.10990343
67 128 67 117 0.00187010
67 128 68 127 0.00076941
67 128 66 129 0.00236607
67 128 66 118 0.04315265
67 128 65 119 0.00064076
46 54 46 54 0.28631685
46 54 45 55 0.00153933
46 54 47 53 0.00067404
57 151 57 151 0.02259319
57 145 57 138 0.00050728
57 145 57 130 0.00161657
57 145 57 145 0.01920359
57 138 57 130 0.00157861
57 138 57 138 0.00605559
57 130 57 138 0.00092665
57 130 57 130 0.06799493
57 130 57 145 0.00079014
57 130 58 140 0.00165750
57 62 57 62 0.00473185
36 64 36 64 0.01442721
22 45 23 44 0.01560604
22 45 22 45 0.27226350
22 45 21 46 0.00625040
22 117 21 118 0.00265187
22 117 22 117 0.01412021
22 117 22 114 0.00055250
22 117 23 113 0.00793704
33 66 34 65 0.03579387
33 66 32 67 0.01353025
33 66 31 68 0.00117100
33 66 33 66 0.08286105
88 98 84 103 0.00060374
88 98 87 99 0.00880089
88 98 88 98 0.47039283
88 98 90 96 0.00075759
88 98 89 97 0.01881066
88 98 86 100 0.00051919
88 98 81 106 0.00123128
88 99 88 99 0.00658203
52 150 52 150 0.00250765
52 56 52 56 0.00114600
52 135 52 135 0.00154065
34 65 33 66 0.02952939
34 65 32 67 0.00051172
34 65 34 65 0.06723670
39 61 38 62 0.02997565
39 61 39 61 0.08571143
39 61 40 60 0.01490115
7 157 7 157 0.05701000
7 147 7 147 0.00056549
7 146 7 146 0.00087897
7 155 6 155 0.00461468
7 155 7 155 0.14509473
7 141 8 140 0.00144640
7 141 7 141 0.01903373
7 141 6 141 0.00156143
7 141 6 142 0.00102743
7 50 7 50 0.00389888
79 108 79 108 0.38180433
79 108 80 107 0.00453285
79 108 78 109 0.00603556
35 63 35 63 0.00291323
17 122 17 122 0.01619092
17 122 16 123 0.00247344
17 122 18 121 0.01505726
17 52 17 52 0.16785023
17 155 17 155 0.00082161
17 141 17 141 0.00050436
17 50 17 50 0.15608033
17 51 17 51 0.02810157
17 53 17 53 0.00492280
132 138 132 138 0.00328411
151 156 151 156 0.00058324
69 119 69 119 0.00541780
69 118 69 118 0.01045803
69 115 69 115 0.00152983
69 126 69 126 0.07425855
141 151 141 151 0.14635793
141 145 141 145 0.00647529
21 55 21 55 0.00087523
21 46 22 45 0.01433160
21 46 20 47 0.00135849
21 46 21 46 0.27180915
21 48 21 48 0.02196319
21 48 20 49 0.00077455
21 118 21 118 0.00064767
21 118 23 113 0.00119251
21 118 22 117 0.00212151
21 118 20 119 0.00122267
21 47 21 47 0.00526212
130 141 130 141 0.00084001
130 136 130 136 0.09702569
61 137 60 143 0.00082927
61 137 60 138 0.01158496
61 137 60 135 0.00254639
61 137 62 141 0.00103893
61 137 62 136 0.00232641
61 137 61 134 0.00178367
61 137 61 125 0.00065254
61 137 61 124 0.00442711
61 137 61 137 0.05191659
61 137 61 142 0.00263555
61 142 60 135 0.00104716
61 142 60 138 0.00483291
61 142 61 142 0.02445154
61 142 61 137 0.00260009
61 124 61 137 0.00213287
61 124 61 134 0.00051881
61 124 61 124 0.01096731
61 124 62 136 0.00067667
61 125 61 125 0.00327555
61 123 61 123 0.05200311
61 132 61 132 0.00799083
61 134 61 137 0.00149538
61 134 61 124 0.00090431
61 134 61 134 0.01858896
61 128 61 128 0.00208585
61 147 61 147 0.00388096
27 40 27 40 0.31599301
27 40 28 39 0.03724408
27 40 26 41 0.01119774
28 39 28 39 0.31533348
28 39 27 40 0.01671181
28 39 29 38 0.03481414
28 39 29 39 0.00051115
28 71 28 72 0.01947163
28 71 28 71 0.01590662
28 71 27 73 0.00679870
91 95 91 95 0.33954829
91 95 84 103 0.00054262
91 95 89 97 0.00083643
91 95 90 96 0.00411277
32 67 33 66 0.01565395
32 67 31 68 0.01034277
32 67 32 67 0.06923752
38 62 38 62 0.06126014
38 62 39 61 0.03554501
77 111 77 111 0.02846241
77 110 78 109 0.00571097
77 110 77 110 0.31340091
65 121 65 121 0.00186030
65 133 65 133 0.00386526
65 119 65 119 0.12928118
65 119 65 130 0.00359816
65 119 66 129 0.01607200
65 138 65 138 0.00625815
65 130 63 121 0.00091006
65 130 66 129 0.00182067
65 130 64 131 0.00204943
65 130 64 120 0.02548671
65 130 65 119 0.00643303
65 130 65 130 0.10692981
65 143 65 143 0.00105290
83 104 85 101 0.00117203
83 104 83 104 0.20171856
129 134 129 134 0.00411437
129 137 129 137 0.00105091
76 113 75 113 0.00073155
76 113 75 117 0.00112955
76 113 75 114 0.00531545
76 113 76 113 0.41318634
123 130 123 130 0.00497598
13 155 13 155 0.00515903
13 54 13 54 0.01063413
13 136 13 136 0.05523980
13 51 13 51 0.00158580
13 148 13 148 0.00432933
13 141 13 141 0.00440593
13 57 13 57 0.05730267
13 53 13 53 0.00982830
20 119 20 119 0.01088688
20 119 19 120 0.01143834
20 119 18 121 0.00100156
20 119 21 118 0.00131587
20 56 20 56 0.00621645
20 48 20 48 0.01481557
20 49 20 49 0.02240897
20 49 21 48 0.00183547
20 47 21 46 0.00317662
20 47 20 47 0.20315265
19 50 19 50 0.04528110
19 120 18 121 0.00505298
19 120 19 120 0.02295085
19 120 20 119 0.01247434
19 51 19 51 0.01566009
12 58 12 58 0.03475533
12 156 12 156 0.00343300
12 134 12 134 0.00121925
12 149 12 149 0.01626866
12 18 12 18 0.00116331
12 137 12 137 0.04836397
12 52 12 52 0.00196171
12 142 12 142 0.00304531
12 152 12 152 0.01607703
73 114 73 114 0.00689770
73 117 73 117 0.02175878
73 120 73 116 0.00114989
73 120 73 120 0.00739460
73 112 73 112 0.00209130
73 122 73 122 0.00604118
73 122 73 116 0.00075389
73 116 73 120 0.00123710
73 116 73 116 0.25102995
73 116 73 122 0.00107092
73 116 74 115 0.00175462
47 53 47 53 0.05310761
47 53 46 54 0.00072047
140 152 140 152 0.10736874
140 146 140 146 0.00248832
142 150 142 150 0.24869305
136 151 136 151 0.00143159
136 143 136 143 0.00126656
135 144 135 144 0.00087185
135 139 135 139 0.01709160
135 152 135 152 0.00122601
55 132 55 132 0.06128133
55 148 55 148 0.00130600
55 60 55 60 0.00171126
55 153 55 153 0.02112930
55 147 55 147 0.01226394
68 119 68 119 0.01202508
68 119 67 117 0.00106866
68 127 67 128 0.00110426
68 127 67 117 0.02212047
68 127 68 127 0.08485369
68 127 66 118 0.00050979
68 121 68 121 0.01645674
68 121 67 117 0.00126290
68 140 68 140 0.00061674
48 52 48 52 0.00263237
31 37 31 37 0.27370862
31 68 31 68 0.06582286
31 68 33 66 0.00076818
31 68 29 70 0.00102761
31 68 32 67 0.01179458
31 68 30 69 0.02838274
127 134 127 134 0.00180026
5 52 5 52 0.04673931
5 52 4 53 0.00082555
5 52 6 51 0.00624666
5 142 6 142 0.01008269
5 142 5 142 0.00142764
5 156 6 156 0.00849373
5 156 5 157 0.00068277
5 156 5 156 0.04026032
5 157 6 156 0.00117378
5 157 5 157 0.10168988
5 157 5 156 0.00067625
5 157 4 157 0.01591155
5 159 5 159 0.08867167
121 134 121 134 0.00295776
90 96 91 95 0.01113597
90 96 88 98 0.00072157
90 96 89 97 0.00630466
90 96 90 96 0.32913138
90 96 83 104 0.00099446
60 129 60 129 0.00183820
60 143 60 138 0.00270058
60 143 60 143 0.02416057
60 143 59 128 0.00583607
60 143 59 139 0.00483317
60 143 59 136 0.00093038
60 133 60 138 0.00113732
60 133 60 133 0.00542047
60 133 61 137 0.00052415
60 135 60 135 0.02064601
60 135 60 138 0.00235796
60 135 61 137 0.00107796
60 138 59 136 0.00219583
60 138 59 139 0.01134831
60 138 59 144 0.00083558
60 138 59 128 0.01379727
60 138 60 138 0.05872874
60 138 60 135 0.00280312
60 138 60 143 0.00280883
60 138 61 142 0.00247999
60 138 61 137 0.00584804
2 13 2 13 0.13110906
2 151 2 145 0.00070251
2 151 2 151 0.01906881
2 145 2 145 0.01369309
2 145 3 145 0.00300210
45 55 46 54 0.00137535
45 55 45 55 0.07673820
134 145 134 145 0.00056531
134 143 134 143 0.00052178
134 140 134 140 0.00736577
72 118 72 118 0.03003246
72 115 72 115 0.00972943
72 121 72 121 0.01211087
72 119 72 119 0.00366384
23 44 23 44 0.31275920
23 44 24 43 0.03779529
23 44 22 45 0.00691529
23 113 23 113 0.00315284
23 113 22 117 0.00560899
23 113 21 118 0.00105340
120 135 120 135 0.00162921
120 130 120 130 0.00109185
42 57 43 56 0.00268317
42 57 42 57 0.00862541
42 57 42 58 0.00564250
42 58 41 59 0.00504413
42 58 42 58 0.01078475
42 58 42 57 0.00624926
14 135 14 135 0.04672717
14 55 14 55 0.13364249
14 154 14 154 0.00748793
145 153 145 153 0.00091679
137 150 137 150 0.00279854
137 154 137 154 0.00224499
122 133 122 133 0.00516800
15 50 15 50 0.00074645
15 52 15 52 0.05094000
15 51 15 51 0.00356927
15 153 15 153 0.00517027
15 54 15 54 0.21503322
15 148 15 148 0.00093355
15 53 15 53 0.03641700
15 134 15 134 0.02443945
1 14 1 14 0.01509358
1 146 1 146 0.00098897
1 152 1 146 0.00067169
1 152 1 152 0.02035523
1 160 1 160 0.02250190
1 159 1 159 0.01290595
138 149 138 149 0.00105779
138 155 138 155 0.00057838
138 153 138 153 0.01143152
80 107 80 107 0.38209112
80 107 81 106 0.00415188
80 107 79 108 0.00341553
119 136 119 136 0.00075620
119 131 119 131 0.01601015
119 124 119 124 0.00495843
133 141 133 141 0.00453940
133 142 133 142 0.00056665
133 137 133 137 0.00498574
133 139 133 139 0.00167017
66 118 66 118 0.11547409
66 118 66 129 0.00336145
66 118 67 120 0.00054133
66 118 67 128 0.01531615
66 129 65 119 0.04523480
66 129 65 130 0.00263070
66 129 67 128 0.00158045
66 129 66 129 0.11657923
66 129 66 118 0.00596752
66 129 64 120 0.00056957
66 121 65 119 0.00095203
66 121 66 121 0.00782750
66 121 66 118 0.00065491
54 154 54 154 0.00705507
54 61 54 61 0.00058762
54 133 54 133 0.04960467
125 129 125 129 0.00620232
125 130 125 130 0.00495692
125 138 125 138 0.00071990
125 135 125 135 0.00101631
8 145 8 145 0.00251482
8 145 8 154 0.00142558
8 154 8 145 0.00175231
8 154 8 154 0.14380920
8 140 7 141 0.00133327
8 140 9 139 0.00153598
8 140 8 140 0.07822901
59 149 59 149 0.00843641
59 149 58 140 0.00052972
59 149 58 129 0.00068178
59 125 59 125 0.02667608
59 134 59 134 0.00197968
59 134 59 128 0.00130370
59 134 59 139 0.00106853
59 136 60 138 0.00091383
59 136 59 139 0.00227498
59 136 59 128 0.00277568
59 136 59 136 0.01525899
59 128 59 144 0.00067274
59 128 59 139 0.00913545
59 128 59 128 0.04477907
59 128 59 136 0.00177741
59 128 60 138 0.00366958
59 128 60 143 0.00154989
59 144 59 144 0.02039173
59 144 59 139 0.00139428
59 144 59 128 0.00108617
59 144 58 140 0.00243716
59 144 58 129 0.00307342
59 139 58 129 0.00737737
59 139 58 140 0.00571690
59 139 59 136 0.00269811
59 139 59 139 0.05034325
59 139 59 144 0.00152284
59 139 59 128 0.01691987
59 139 60 138 0.00562564
59 139 60 143 0.00242110
16 54 16 54 0.00726860
16 51 16 51 0.11080767
16 53 16 53 0.12661307
16 123 18 121 0.00186710
16 123 17 122 0.00207671
16 52 16 52 0.02752970
16 152 16 152 0.00161853
16 50 16 50 0.00435743
29 39 29 39 0.10379185
29 39 29 38 0.00311477
29 38 29 39 0.00147245
29 38 29 38 0.24303749
29 38 28 39 0.01562171
29 38 30 37 0.03060090
29 38 30 38 0.00100901
29 70 31 68 0.00066540
131 135 131 135 0.00555119
131 140 131 140 0.00136883
139 154 139 154 0.00434820
53 135 53 135 0.00233032
53 133 53 133 0.00222662
24 43 24 43 0.42983260
24 43 23 44 0.01695621
78 109 78 109 0.29230274
78 109 77 110 0.00399255
78 109 79 108 0.00809275
64 122 64 122 0.00200137
64 125 64 125 0.00528058
64 123 64 123 0.00231230
64 132 63 121 0.00163930
64 132 64 132 0.01445607
64 120 65 130 0.00839276
64 120 64 131 0.00153556
64 120 64 120 0.08926482
64 131 64 131 0.07300328
64 131 64 120 0.00298336
64 131 65 130 0.00141543
64 131 63 133 0.00051764
64 131 63 121 0.03255381
64 144 64 144 0.00160386
64 139 64 139 0.01118436
64 134 63 121 0.00056026
64 134 64 134 0.00755469
25 42 25 42 0.24290509
25 42 26 41 0.03511160
43 56 42 57 0.00220023
43 56 43 56 0.01920926
51 151 51 151 0.00199812
89 97 88 98 0.00992272
89 97 91 95 0.00088448
89 97 87 99 0.00087817
89 97 82 105 0.00124596
89 97 90 96 0.01298656
89 97 89 97 0.52062765
89 98 89 98 0.00444962
84 103 84 103 0.17426098
84 103 86 100 0.00061221
84 102 84 102 0.07367533
84 102 85 102 0.00102916
84 102 85 101 0.00980883
143 149 143 149 0.21707637
143 148 143 148 0.01015848
75 120 75 120 0.00137524
75 114 75 114 0.34536210
75 114 75 117 0.00053962
75 114 74 115 0.00414922
75 114 74 118 0.00081135
75 114 76 113 0.00805603
75 112 75 112 0.00664700
128 138 128 138 0.00053586
128 133 128 133 0.00336003
128 135 128 135 0.00252792
74 119 74 119 0.00367371
74 121 74 121 0.00272130
74 111 74 111 0.00435940
74 115 73 116 0.00121178
74 115 75 114 0.00680007
74 115 74 115 0.28896870
74 115 74 121 0.00073384
74 115 74 119 0.00071267
87 99 89 97 0.00092368
87 99 86 100 0.00238210
87 99 80 107 0.00063174
87 99 87 99 0.25304959
87 99 88 98 0.01700762
87 100 87 100 0.00929626
62 123 62 123 0.00595159
62 123 62 136 0.00168143
62 132 62 132 0.00676264
62 132 62 122 0.00103464
62 141 61 124 0.00111684
62 141 61 137 0.00192076
62 141 62 141 0.02441914
62 141 62 136 0.00078667
62 134 62 122 0.00071721
62 134 62 134 0.00458214
62 134 61 137 0.00058307
62 131 62 131 0.00510005
62 122 62 122 0.08221123
62 122 62 132 0.00060435
62 146 62 146 0.00215613
62 136 62 136 0.04828992
62 136 62 123 0.00316518
62 136 62 141 0.00080517
62 136 61 134 0.00110667
62 136 61 124 0.00278712
62 136 61 137 0.00457479
62 136 63 140 0.00073497
62 136 63 135 0.00119524
62 125 62 125 0.00157193
62 124 62 124 0.00247306
