128 142 128 142 0.01630720
128 146 128 146 0.16872900
3 154 3 154 0.23241000
126 151 126 151 0.13533000
126 148 126 148 0.11487000
37 90 37 90 0.09901910
48 81 48 81 0.03109040
48 80 48 80 0.03772220
48 82 48 82 0.65429900
20 113 20 113 0.01907080
20 32 20 32 0.01881320
40 90 40 90 0.01036240
136 140 136 140 0.39238200
127 147 127 147 0.24738700
63 71 63 71 0.60347700
65 69 65 69 0.52330300
6 151 6 151 0.12431400
4 153 4 153 0.20890100
125 152 125 152 0.13726900
105 120 105 120 0.18166600
114 148 114 148 0.00804590
33 96 33 96 0.29008900
33 95 33 95 0.43625400
35 93 35 93 0.70949600
150 157 150 157 0.01320500
8 149 8 149 0.12646300
107 118 107 118 0.27862900
58 73 58 73 0.03173820
132 138 132 138 0.01226340
24 102 24 102 0.06677730
24 28 24 28 0.30375300
24 103 24 103 0.10168500
21 112 21 112 0.03040590
21 31 21 31 0.05451580
115 147 115 147 0.00961133
17 29 17 29 0.01208340
12 122 12 122 0.05880480
60 73 60 73 0.02530130
30 99 30 99 0.56454700
47 83 47 83 0.59867900
122 156 122 156 0.08660800
11 123 11 123 0.05186390
123 155 123 155 0.08956080
49 79 49 79 0.03565520
39 88 39 88 0.15076300
39 91 39 91 0.00862923
39 89 39 89 0.51854300
50 79 50 79 0.03120450
131 139 131 139 0.01342380
130 140 130 140 0.01613410
61 73 61 73 0.32296800
43 85 43 85 0.59816000
53 77 53 77 0.60507300
106 119 106 119 0.27734900
15 20 15 20 0.07108960
15 23 15 23 0.04868890
15 31 15 31 0.00533972
25 103 25 103 0.02064480
25 101 25 101 0.08373390
25 102 25 102 0.09695320
108 117 108 117 0.19756600
57 73 57 73 0.41057300
44 85 44 85 0.01138280
44 84 44 84 0.60564400
41 87 41 87 0.57638800
41 88 41 88 0.03491030
23 110 23 110 0.01621760
23 29 23 29 0.14844000
56 74 56 74 0.60507200
149 158 149 158 0.00585702
22 30 22 30 0.10677700
22 111 22 111 0.02836540
31 98 31 98 0.62029000
151 156 151 156 0.01420930
42 87 42 87 0.01355950
42 86 42 86 0.59684100
16 30 16 30 0.01023820
51 79 51 79 0.65523900
51 78 51 78 0.00981769
52 78 52 78 0.70260400
5 152 5 152 0.16527400
120 158 120 158 0.06590220
45 84 45 84 0.11779200
124 153 124 153 0.16427700
2 155 2 155 0.16988900
129 141 129 141 0.01916590
129 145 129 145 0.22015200
55 75 55 75 0.70957200
135 145 135 145 0.01279770
135 141 135 141 0.40509500
7 150 7 150 0.17541400
38 90 38 90 0.59109700
54 76 54 76 0.70957200
64 70 64 70 0.87724700
134 146 134 146 0.01230460
134 142 134 142 0.29897600
14 32 14 32 0.00330555
29 100 29 100 0.41296200
116 146 116 146 0.00512572
62 72 62 72 0.60347500
133 143 133 143 0.54281600
121 157 121 157 0.12138000
34 94 34 94 0.60502700
32 96 32 96 0.07692340
32 97 32 97 0.50276400
36 92 36 92 0.60341300
