124 122 0.00166744
124 126 0.00782373
124 124 0.77785000
124 125 0.01172170
124 123 0.00475111
45 45 0.34797494
101 102 0.02337322
101 101 0.31274762
136 139 0.00367723
136 135 0.00570359
136 138 0.06423084
136 136 0.81087291
136 134 0.00595809
136 137 0.00592845
134 135 0.02574224
134 136 0.04741093
134 134 0.32692728
134 133 0.00220147
134 137 0.00194448
20 20 0.59690867
68 71 0.00211349
68 69 0.00689285
68 68 0.96011382
68 67 0.00603560
152 153 0.00083684
152 151 0.00446934
152 150 0.00072419
152 152 0.15187568
106 107 0.00560198
106 106 0.18422299
106 105 0.01996366
117 118 0.00227553
117 116 0.00069483
117 119 0.00142502
117 117 0.26252631
117 120 0.00106513
33 33 0.50282558
33 34 0.05594799
132 135 0.00060115
132 131 0.00118400
132 130 0.00265976
132 132 0.46091704
132 134 0.00242963
132 133 0.00366873
44 44 0.33495897
156 157 0.00320966
156 156 0.35929078
156 154 0.00149006
15 15 0.70852673
125 125 0.35786305
125 124 0.00820693
125 126 0.01130957
125 123 0.00483423
125 127 0.03697821
74 74 0.34718624
104 105 0.00284282
104 104 0.30069362
118 121 0.00091585
118 115 0.00071362
118 119 0.03001431
118 117 0.00318184
118 120 0.00274033
118 118 0.24997885
118 116 0.00067318
114 113 0.01803604
114 115 0.01325536
114 116 0.00072958
114 114 0.80519330
154 156 0.00189321
154 154 0.78444499
154 155 0.00089993
100 100 0.31817347
4 4 0.62187045
91 91 0.35452440
91 90 0.00072759
91 92 0.00072641
19 19 0.76597284
51 50 0.00622978
51 52 0.02759842
51 51 0.68455205
51 49 0.00204642
48 49 0.03373189
48 48 0.61484351
48 47 0.02750687
48 50 0.00092245
46 46 0.49934174
46 47 0.00056725
120 123 0.00089034
120 118 0.00189067
120 120 0.78926746
120 122 0.00710438
120 121 0.05526769
120 119 0.01743907
120 117 0.00063861
77 76 0.00063806
77 77 0.48964940
77 78 0.00971426
113 112 0.01899954
113 114 0.03708672
113 113 0.91168285
109 110 0.01095489
109 108 0.00076688
109 109 0.29095436
3 3 0.61559719
38 37 0.01023224
38 38 0.41310839
13 13 0.62528751
2 2 0.59390931
139 142 0.00448064
139 139 0.80744725
139 138 0.00572783
139 137 0.00828650
139 140 0.00763543
139 141 0.00533091
135 138 0.00325667
135 135 0.82762296
135 137 0.00525487
135 133 0.00449534
135 134 0.00563263
135 136 0.01471193
142 144 0.00228376
142 139 0.00057692
142 142 0.67249728
142 141 0.00216552
142 140 0.00887391
142 143 0.00753518
56 56 0.84308579
56 54 0.00495744
56 55 0.00303419
56 57 0.02494591
56 59 0.00070346
82 80 0.00139442
82 81 0.00442552
82 82 0.45268317
82 83 0.01116528
16 16 0.75562041
103 103 0.35197204
6 6 0.64878152
34 34 0.31276507
34 33 0.02338137
89 90 0.00320183
89 88 0.00569533
89 89 0.33725145
93 92 0.00224225
93 93 0.32993566
11 11 0.57754229
64 64 0.94616524
64 63 0.00059721
64 67 0.00222381
40 40 0.28243073
40 39 0.00303497
108 108 0.30048443
108 107 0.00160021
108 109 0.00096538
23 24 0.00089704
23 23 0.85614335
39 40 0.00719773
39 39 0.28330826
21 21 0.64389031
85 84 0.01805621
85 86 0.02213445
85 87 0.00114334
85 85 0.42920504
85 83 0.00106485
144 147 0.00050864
144 144 0.33342394
144 145 0.00169678
144 143 0.00050091
144 146 0.00267890
131 129 0.00246479
131 131 0.42115624
131 130 0.01962319
131 133 0.00292870
131 132 0.00342003
99 99 0.50786408
99 98 0.00058902
35 35 0.31819488
128 126 0.00135885
128 129 0.04608618
128 128 0.80056901
128 130 0.02628971
128 127 0.01868253
29 30 0.04576165
29 29 0.44772386
29 28 0.00327318
61 61 0.34615324
42 43 0.00066072
42 42 0.35848880
31 30 0.00290080
31 31 0.29006662
53 53 0.33513197
53 56 0.00195032
53 55 0.00352625
53 54 0.00201876
53 52 0.00080993
88 88 0.49792861
88 87 0.00870206
88 89 0.00554546
43 43 0.35594003
37 37 0.84665075
37 38 0.02428159
67 68 0.00390117
67 67 0.96739535
67 66 0.00097963
67 70 0.00216508
84 84 0.74945805
84 85 0.01094151
84 83 0.03181007
81 83 0.00395543
81 82 0.00272612
81 81 0.55720515
81 80 0.01726100
127 127 0.37641599
127 128 0.04318494
127 126 0.01739641
127 125 0.01010705
127 129 0.00124809
7 7 0.66042211
121 121 0.41637697
121 119 0.00182698
121 120 0.01742335
121 122 0.03649907
121 123 0.01061472
145 148 0.00251282
145 145 0.30562913
145 147 0.05737954
145 146 0.00314347
47 47 0.88807323
47 48 0.05568948
47 49 0.00083268
126 128 0.00583787
126 125 0.00605228
126 124 0.00115829
126 126 0.27985226
126 127 0.03755945
155 153 0.00936265
155 157 0.00742850
155 155 0.35399744
155 156 0.00264407
32 32 0.35198258
69 70 0.00072201
69 68 0.01088556
69 72 0.00206209
69 69 0.88024574
130 130 0.37381177
130 128 0.00820507
130 131 0.06716369
130 129 0.00168486
130 132 0.00819216
28 27 0.01499335
28 28 0.54043137
28 29 0.00930759
59 59 0.30065888
24 25 0.00810179
24 24 0.69967330
24 23 0.00058091
36 36 0.42720072
36 37 0.00058825
107 106 0.01673567
107 107 0.23120867
107 108 0.00139822
18 18 0.63991749
9 9 0.55181287
141 138 0.00055256
141 139 0.00084468
141 142 0.00288127
141 141 0.68739418
141 140 0.00410484
141 143 0.03153192
12 12 0.65037130
116 120 0.00054108
116 115 0.00852086
116 117 0.00151398
116 119 0.00078431
116 116 0.28777800
116 118 0.00084017
5 5 0.61906745
73 73 0.34781355
66 69 0.00222039
66 67 0.00069989
66 66 0.78741540
86 85 0.03672990
86 87 0.02555989
86 86 0.46879920
112 112 0.89674990
112 114 0.00061847
112 110 0.00059503
112 113 0.02819502
112 111 0.03061348
96 95 0.05632427
96 96 0.58881840
129 131 0.00807585
129 129 0.34004034
129 130 0.00486392
129 128 0.01990147
119 120 0.05637659
119 121 0.00323057
119 119 0.30827449
119 117 0.00102096
119 116 0.00068942
119 118 0.01554721
151 150 0.00648603
151 152 0.01001420
151 153 0.00093748
151 151 0.35024280
30 31 0.00897387
30 30 0.30632146
30 29 0.01693346
150 151 0.01600273
150 152 0.00311969
150 150 0.82058838
150 149 0.00635880
149 151 0.00118418
149 148 0.00935364
149 147 0.00246971
149 149 0.27366775
149 150 0.01721756
22 22 0.64614304
50 51 0.00931071
50 53 0.00058955
50 48 0.00073637
50 49 0.01507052
50 50 0.61743506
50 52 0.00106410
123 122 0.00452789
123 125 0.01682492
123 124 0.00732899
123 121 0.00304460
123 123 0.35965661
110 111 0.00431690
110 109 0.02640814
110 110 0.32196986
110 112 0.00054043
8 8 0.59869474
63 63 0.30012340
90 89 0.00326004
90 91 0.00070928
90 90 0.32860217
111 113 0.00062439
111 111 0.89235312
111 112 0.02386773
111 110 0.00539287
27 26 0.00138037
27 27 0.47046341
27 28 0.04107390
146 145 0.00104923
146 148 0.00856461
146 147 0.01321914
146 146 0.48904143
146 149 0.00080665
76 76 0.69394277
76 75 0.00092196
76 77 0.00068217
133 135 0.03532457
133 131 0.00067719
133 136 0.00059190
133 133 0.29660257
133 134 0.00382462
133 132 0.00212358
65 65 0.87461443
65 68 0.00207588
87 88 0.00819116
87 85 0.00115793
87 87 0.91233616
87 86 0.04246703
87 84 0.00072916
153 153 0.32793266
153 151 0.00051020
153 155 0.01090120
17 17 0.62217733
78 80 0.00180523
78 79 0.00446976
78 77 0.01559792
78 78 0.52115859
147 148 0.01851780
147 145 0.00730178
147 147 0.35579103
147 149 0.01825285
147 146 0.00560742
14 14 0.68440506
70 69 0.00104641
70 73 0.00206058
70 71 0.01037181
70 70 0.89712463
140 142 0.04976867
140 139 0.00554820
140 138 0.00868343
140 143 0.00372917
140 141 0.00521139
140 140 0.78084791
94 95 0.00303596
94 94 0.33561852
72 72 0.28488247
54 55 0.02798090
54 54 0.49417118
54 56 0.00676514
54 53 0.00107235
26 26 0.57544087
26 27 0.00337128
26 25 0.00746433
92 93 0.00094693
92 91 0.00120283
92 92 0.35874411
122 123 0.01481170
122 120 0.00223679
122 122 0.35811268
122 124 0.00295489
122 121 0.01083487
80 78 0.00216599
80 82 0.00123776
80 77 0.00080398
80 79 0.00167492
80 80 0.88592541
80 81 0.00759803
98 98 0.77103743
98 97 0.02428589
52 55 0.00053962
52 51 0.01660928
52 53 0.00148681
52 50 0.00083353
52 52 0.67654397
1 1 0.89581399
57 56 0.01677963
57 58 0.00750419
57 57 0.36437108
79 80 0.00117981
79 79 0.29939961
79 78 0.00881132
115 115 0.32055171
115 116 0.03110283
115 118 0.00067539
115 114 0.00338847
148 149 0.02745059
148 150 0.00202588
148 146 0.00123231
148 147 0.00756787
148 148 0.29259615
157 156 0.00092850
157 155 0.00303797
157 157 0.48965106
97 97 0.43781683
97 98 0.01023463
49 51 0.00316128
49 47 0.00068868
49 49 0.87038541
49 48 0.01729878
49 50 0.02815133
49 52 0.00098023
138 138 0.78505792
138 139 0.00931534
138 141 0.00429077
138 140 0.06773652
138 137 0.00359235
138 136 0.00826021
83 83 0.47819284
83 82 0.02151330
83 81 0.00443888
83 84 0.01871049
83 80 0.00076939
83 85 0.00109253
62 62 0.34653020
71 70 0.01648273
71 71 0.81835231
71 74 0.00272066
25 24 0.00545369
25 25 0.51119169
25 26 0.01260276
137 138 0.00900011
137 139 0.06486539
137 135 0.00086759
137 140 0.00382247
137 137 0.36560102
137 136 0.00343854
58 58 0.57207368
58 57 0.00433892
58 60 0.00065591
58 61 0.00238155
55 58 0.00157865
55 54 0.01834756
55 55 0.55846352
55 53 0.00259919
55 56 0.00365724
105 106 0.00730135
105 105 0.35937216
105 104 0.00741567
102 102 0.50281838
102 101 0.05595484
41 41 0.32992813
10 10 0.86846177
95 96 0.02373839
95 95 0.41365315
95 94 0.00720153
75 76 0.00071539
75 75 0.45417724
60 58 0.00050690
60 60 0.45124303
143 143 0.85864130
143 140 0.00067633
143 141 0.00881523
143 145 0.00266186
143 142 0.00636224
143 144 0.00162914
