101 105 0.00770960
101 101 0.34709537
136 135 0.02380777
136 139 0.00214467
136 138 0.04190329
136 136 0.76810176
136 137 0.03822212
45 45 0.37413179
45 48 0.01304052
45 46 0.00069621
152 151 0.00368189
152 150 0.00074143
152 152 0.18580367
20 20 0.65929952
68 72 0.00751883
68 71 0.14555137
68 68 0.82755261
134 135 0.02095697
134 136 0.03017238
134 137 0.00063917
134 133 0.00107550
134 134 0.30507659
124 122 0.00106997
124 124 0.81666224
124 125 0.00292281
124 123 0.00693614
156 156 0.40490987
156 154 0.00055328
156 157 0.00194587
44 45 0.00072683
44 44 0.37291109
44 47 0.00431629
132 131 0.00140412
132 130 0.00385836
132 132 0.50655020
132 134 0.00061915
132 133 0.01018679
117 115 0.00056959
117 117 0.12791717
117 119 0.00106458
117 118 0.00137395
117 116 0.00674691
33 34 0.08659065
33 33 0.53430271
106 110 0.00318056
106 106 0.15986845
106 105 0.03243239
106 109 0.01852866
106 104 0.00238824
114 113 0.09811642
114 116 0.00061726
114 112 0.02437005
114 114 0.72964369
118 118 0.21034770
118 116 0.00567650
118 117 0.08961259
118 119 0.00198793
118 120 0.00092190
4 4 0.70911556
154 156 0.00097296
154 154 0.75001416
100 100 0.34458421
100 104 0.00062894
74 74 0.34894088
74 77 0.00099913
125 124 0.01412553
125 125 0.43757994
125 126 0.00577139
125 123 0.01078618
15 15 0.70563175
104 104 0.31766179
104 103 0.00066088
104 108 0.00387439
104 107 0.00058896
2 2 0.74065756
13 13 0.68407930
38 38 0.44187963
38 39 0.00053930
3 3 0.67127042
51 52 0.00427965
51 53 0.00706571
51 51 0.61438161
51 54 0.04573103
19 19 0.77545344
91 91 0.37311116
91 95 0.00130207
91 90 0.00267936
91 94 0.00086322
77 80 0.00116511
77 81 0.00212040
77 76 0.00072675
77 77 0.49399625
113 112 0.10713646
113 111 0.03113718
113 113 0.82932636
109 108 0.00302819
109 109 0.30075149
46 49 0.00103995
46 46 0.64291358
120 118 0.02563338
120 119 0.10478916
120 121 0.00332109
120 120 0.73283810
48 51 0.04268588
48 48 0.38177623
48 49 0.00066293
48 50 0.05373734
48 52 0.00088153
89 89 0.35393360
89 92 0.01248298
89 90 0.00319940
89 88 0.00621853
34 34 0.26971648
93 96 0.00209878
93 92 0.00377647
93 97 0.00145528
93 93 0.34665120
142 143 0.02605947
142 140 0.00335145
142 141 0.02715411
142 142 0.64227780
142 144 0.00083932
139 140 0.03424576
139 141 0.04696032
139 137 0.00232302
139 138 0.01355809
139 139 0.76184394
139 142 0.00459904
135 136 0.03387283
135 137 0.03878061
135 134 0.02612036
135 135 0.63674811
135 138 0.00143852
6 6 0.56628450
103 107 0.00186306
103 103 0.37684690
103 106 0.00051466
103 102 0.00141060
16 16 0.70738622
56 59 0.06433451
56 58 0.00110327
56 57 0.00354335
56 56 0.76600859
82 83 0.00344900
82 82 0.45133649
82 81 0.00680671
82 86 0.00643434
82 85 0.02165476
39 39 0.29526265
39 40 0.01877865
108 107 0.00291832
108 108 0.21477731
108 106 0.00105771
23 23 0.84175427
85 88 0.01647013
85 85 0.49991556
85 87 0.00178367
85 89 0.00524502
85 86 0.00795466
85 84 0.03442063
21 21 0.73090172
64 64 0.72070613
64 67 0.15355700
11 11 0.60942291
40 41 0.00051745
40 40 0.22649044
61 64 0.00187436
61 61 0.34959624
29 29 0.49328691
29 30 0.10311445
131 129 0.00386838
131 131 0.39091809
131 130 0.03328536
131 132 0.00358825
144 147 0.00433728
144 145 0.02298932
144 144 0.32895111
144 143 0.00062717
144 146 0.00189784
128 129 0.02842134
128 126 0.00374400
128 128 0.85090140
128 127 0.02182408
35 35 0.34380486
99 98 0.00093290
99 99 0.51949848
7 7 0.67502737
81 82 0.00132912
81 80 0.07430009
81 81 0.47290784
81 84 0.05201119
81 85 0.00184666
84 88 0.00612076
84 83 0.03888553
84 87 0.04561310
84 85 0.00630258
84 84 0.63717375
84 86 0.00124638
127 127 0.39582371
127 125 0.02163884
127 126 0.02028444
127 128 0.02567219
67 70 0.14914551
67 67 0.82712299
67 71 0.00403049
37 37 0.79742706
37 38 0.05844256
43 45 0.00089712
43 43 0.39791760
43 44 0.00083555
43 46 0.00238067
42 42 0.33126858
42 43 0.01194572
42 45 0.00239568
42 44 0.00158961
88 87 0.00964947
88 89 0.00558179
88 88 0.58786803
88 91 0.00079367
31 31 0.32079307
31 32 0.00088042
53 53 0.23674788
53 56 0.05946427
53 55 0.00081074
9 9 0.68803021
107 106 0.01724399
107 105 0.01032367
107 111 0.00058007
107 109 0.00058749
107 107 0.19836627
107 110 0.02002146
18 18 0.69790995
36 37 0.00111217
36 36 0.44220155
24 24 0.64941384
24 25 0.00525776
59 62 0.00625364
59 59 0.30032653
116 117 0.00094319
116 115 0.00051607
116 116 0.28248195
116 114 0.01442457
116 118 0.00114281
12 12 0.69923461
141 143 0.00115712
141 140 0.00394612
141 141 0.67829805
141 142 0.01457286
141 139 0.00054320
126 126 0.31319004
126 125 0.00735939
126 124 0.00251154
126 127 0.02265187
47 49 0.03904658
47 47 0.77114047
47 52 0.00138328
47 50 0.10152160
145 144 0.00056891
145 148 0.00589720
145 145 0.29497546
145 147 0.03577854
145 146 0.00224777
121 122 0.00189112
121 120 0.06300680
121 119 0.02562017
121 121 0.43508040
28 29 0.00579274
28 28 0.58353870
130 131 0.04299360
130 129 0.00234206
130 130 0.41125899
130 128 0.01322768
155 155 0.40066903
155 157 0.00783423
155 153 0.01065909
32 32 0.32286003
32 33 0.00186581
69 69 0.75527916
69 72 0.14196484
112 111 0.08360254
112 112 0.82588005
112 114 0.00072569
112 110 0.03912883
86 85 0.08221436
86 87 0.01577988
86 86 0.34073627
86 89 0.03232369
86 90 0.00581913
86 88 0.00354141
66 70 0.00053242
66 66 0.63824527
66 69 0.15323095
5 5 0.70343311
73 76 0.00111992
73 73 0.34936932
22 22 0.63012650
50 52 0.03079435
50 50 0.55604621
50 53 0.03085786
50 51 0.00146278
149 151 0.00089878
149 148 0.01658857
149 147 0.00074267
149 149 0.25961722
149 150 0.00949315
30 30 0.35916395
30 31 0.03474833
150 151 0.00750565
150 150 0.79577973
150 149 0.00629201
150 152 0.00055356
8 8 0.64523130
110 111 0.00095029
110 109 0.02303707
110 110 0.30112807
110 108 0.00421419
123 123 0.39886065
123 124 0.00245873
123 125 0.00058709
123 121 0.01760330
123 122 0.00171013
151 150 0.00602931
151 152 0.00377854
151 151 0.36234040
119 117 0.01785839
119 119 0.26988620
119 121 0.00081541
119 120 0.00180413
119 118 0.11323467
129 127 0.00072502
129 129 0.36257703
129 128 0.02436080
129 130 0.00352170
96 100 0.00191028
96 99 0.02857710
96 95 0.08900711
96 96 0.52661408
146 146 0.41568006
146 149 0.00188157
146 148 0.00514512
146 145 0.00138856
146 147 0.01146429
133 133 0.31703770
133 134 0.01704566
133 132 0.00110134
133 135 0.00140786
133 131 0.00089729
65 65 0.75028397
65 68 0.14330366
87 87 0.72046779
87 89 0.00208010
87 86 0.08389655
87 84 0.00165844
87 88 0.02283453
87 90 0.03209155
87 91 0.00652404
76 77 0.00222002
76 79 0.05878015
76 76 0.59205921
76 75 0.00370815
63 63 0.27797428
63 66 0.01232461
27 27 0.44608025
27 28 0.05897317
111 109 0.04395328
111 113 0.00071878
111 111 0.82626270
111 110 0.05172242
90 90 0.34531231
90 91 0.00071685
90 93 0.00408089
90 89 0.00360606
70 73 0.10734614
70 74 0.00866859
70 70 0.77102618
14 14 0.69170744
94 94 0.35627236
94 98 0.00064044
140 143 0.00352236
140 141 0.02533371
140 140 0.71690122
140 142 0.03193250
140 139 0.00524899
140 138 0.00176465
17 17 0.65892278
153 153 0.35889335
153 155 0.01136618
147 148 0.02875188
147 145 0.00142146
147 147 0.23325351
147 146 0.00223452
147 150 0.00054658
147 149 0.01153931
78 77 0.01443917
78 82 0.00154271
78 78 0.48602376
78 79 0.00062092
78 81 0.00919937
98 102 0.00073475
98 97 0.04356047
98 98 0.71766397
98 101 0.02295629
80 79 0.00123799
80 83 0.05089335
80 77 0.00074791
80 81 0.00091294
80 84 0.00379888
80 80 0.78599762
57 57 0.32010274
57 59 0.01369508
57 60 0.06372021
1 1 0.98739146
52 52 0.52604139
52 54 0.01322730
52 55 0.05128880
72 72 0.28506035
72 76 0.00773153
72 75 0.00088446
54 57 0.04858268
54 54 0.40298806
54 56 0.00326403
122 121 0.02158688
122 122 0.36779969
122 120 0.02049129
122 123 0.00210032
92 95 0.00350212
92 92 0.37520967
92 91 0.00839437
92 96 0.00445858
26 27 0.00455185
26 26 0.66252440
58 60 0.00601294
58 61 0.09419538
58 58 0.47174845
137 139 0.04298807
137 135 0.00100056
137 138 0.01730403
137 136 0.00280095
137 137 0.43273969
137 140 0.00273943
25 25 0.53934835
25 26 0.01763751
148 150 0.00124768
148 149 0.01863095
148 148 0.28754887
148 147 0.00377375
115 114 0.04510267
115 116 0.00073788
115 115 0.24302872
115 117 0.00109683
115 113 0.00514198
79 80 0.00054588
79 78 0.01292287
79 82 0.00578888
79 79 0.28785482
83 80 0.00339903
83 86 0.03470316
83 84 0.00674435
83 85 0.00059279
83 87 0.00664221
83 82 0.00352539
83 83 0.43498770
138 139 0.00793226
138 138 0.74017504
138 136 0.00178242
138 140 0.04589872
138 141 0.00348220
138 137 0.03104397
71 70 0.00082449
71 75 0.00737440
71 74 0.10687867
71 71 0.69232332
62 65 0.00189194
62 62 0.33363855
49 51 0.03803969
49 49 0.73869980
49 50 0.00124269
49 52 0.04116829
97 101 0.00355146
97 97 0.46271979
157 156 0.00054742
157 155 0.00112134
157 157 0.53593368
60 60 0.33301212
60 61 0.00050999
60 62 0.00065792
60 63 0.00186969
75 75 0.33320105
75 78 0.00136020
143 143 0.64973926
143 141 0.00360595
143 145 0.00069585
143 142 0.02736190
143 144 0.02079454
102 105 0.02174196
102 102 0.59974606
102 106 0.00439332
102 101 0.08734797
105 104 0.01561091
105 109 0.00577065
105 103 0.00082943
105 105 0.33450654
105 108 0.01144356
55 57 0.01292186
55 58 0.07486906
55 56 0.00792403
55 55 0.46835509
95 94 0.01313701
95 98 0.00181434
95 99 0.01026330
95 95 0.42599255
10 10 0.87122429
41 44 0.00750409
41 41 0.27678486
41 42 0.00078625
