61 62 0.01507207
61 61 0.85774777
127 127 0.83656909
85 85 0.74489372
15 15 0.92181505
150 150 0.72748856
10 10 0.33263621
47 48 0.13489441
47 46 0.00222415
47 47 0.57908977
106 106 0.51945724
60 59 0.00060507
60 60 0.88879922
60 61 0.00312722
54 54 0.67758900
54 55 0.03337532
75 75 0.48528560
91 91 0.77843831
40 40 0.83406016
40 41 0.01180597
4 4 0.58794848
3 3 0.74974274
17 17 0.94361505
132 132 0.68443555
96 96 0.67024296
84 84 0.72313513
101 101 0.61761735
138 138 0.87803543
104 104 0.97102020
128 128 0.78203264
21 21 0.52680685
48 47 0.00227254
48 48 0.76146108
48 49 0.07731468
22 22 0.42909308
39 39 0.90822757
39 40 0.00681392
157 157 0.91005807
151 151 0.70849040
148 148 0.82540147
38 39 0.00067271
38 38 0.76016640
73 73 0.86501782
72 72 0.46605034
86 86 0.72335821
122 122 0.90902595
146 146 0.87506204
13 13 0.87016980
121 121 0.96068225
76 76 0.72253598
49 49 0.54830956
49 50 0.15363427
49 48 0.00194118
65 65 0.76306494
65 66 0.00057468
30 30 0.82913899
105 105 0.97106763
159 159 0.95900089
16 16 0.94998473
43 44 0.12320713
43 43 0.66330917
43 42 0.00056422
14 14 0.94871533
145 145 0.91913331
145 146 0.00076733
98 98 0.61968881
111 111 0.66779395
97 97 0.66830524
74 74 0.73305586
117 117 0.95923169
50 49 0.00071223
50 50 0.72793227
50 51 0.11829243
155 155 0.56722694
34 34 0.95052586
123 123 0.96008391
11 11 0.46932407
144 144 0.81080108
144 145 0.00150248
144 143 0.00051587
83 83 0.83555757
143 144 0.00249518
143 143 0.74257755
143 142 0.00073859
24 24 0.64758283
70 70 0.74286705
23 23 0.42335894
59 59 0.88560882
59 58 0.00065903
59 60 0.02727157
139 139 0.71155841
88 87 0.00052988
88 88 0.80090541
18 18 0.93365512
33 33 0.68768841
26 26 0.79670573
141 142 0.00138790
141 141 0.82838470
12 12 0.72595587
158 158 0.92676611
112 112 0.66979610
64 64 0.90459071
64 65 0.00112605
136 136 0.90263316
63 63 0.90052993
63 64 0.00526967
130 130 0.69278047
51 51 0.63156827
51 52 0.07834221
51 50 0.00058591
66 66 0.58779746
5 5 0.62184816
152 152 0.67369287
100 100 0.47016562
77 77 0.76508695
129 129 0.66469849
78 78 0.97719235
149 149 0.73261240
102 102 0.51942588
45 44 0.00248787
45 46 0.09485213
45 45 0.78157466
1 1 0.67618870
36 36 0.73012466
67 67 0.75647472
135 135 0.82294348
119 119 0.93848253
81 81 0.76354442
154 154 0.70132135
120 120 0.92311008
19 19 0.78379684
115 115 0.95879162
89 89 0.64598249
58 59 0.02939287
58 57 0.00066806
58 58 0.91279950
7 7 0.64522253
53 54 0.01677927
53 53 0.63361141
99 99 0.61800934
133 133 0.61723305
69 69 0.68401933
118 118 0.91113208
56 57 0.04947361
56 56 0.70806551
153 153 0.59667710
79 79 0.93632580
160 160 0.98743553
80 80 0.88233979
25 25 0.73392970
6 6 0.46322743
87 87 0.59158536
109 109 0.61789564
90 90 0.85535325
93 93 0.92705577
156 156 0.69990609
42 43 0.07988332
42 42 0.78998450
55 56 0.04986404
55 55 0.58006929
35 35 0.79965888
131 131 0.69098345
28 28 0.91411158
140 140 0.84295575
95 95 0.84711169
125 125 0.92035114
108 108 0.47004624
92 92 0.85953869
124 124 0.94507772
8 8 0.49345767
116 116 0.94219336
126 126 0.77941010
82 82 0.81914136
37 37 0.77983563
44 45 0.14765184
44 43 0.00156578
44 44 0.77099722
62 63 0.00920276
62 62 0.85790360
46 45 0.00291859
46 46 0.60869481
46 47 0.16784514
107 107 0.61757236
110 110 0.61950232
137 137 0.83457145
68 68 0.73122566
114 114 0.76149098
52 52 0.64278718
52 53 0.08654382
103 103 0.97103965
2 2 0.62504217
57 58 0.04273789
57 57 0.90617652
31 31 0.78826197
41 42 0.05931740
41 41 0.86373787
94 94 0.74520492
27 27 0.92484180
20 20 0.40141788
113 113 0.84628041
142 142 0.75302106
142 143 0.00236610
147 147 0.84416652
9 9 0.39747967
29 29 0.85197081
71 71 0.85817844
32 32 0.90493321
134 134 0.73356391
