79 79 0.88481100
82 82 0.38906300
99 99 0.96695900
48 48 0.42749400
133 133 0.41406300
35 35 0.74839700
47 47 0.32294900
121 121 0.82362600
111 111 0.52316400
150 150 0.50069600
137 137 0.96009300
139 139 0.41533900
141 141 0.45436700
71 71 0.40375000
120 120 0.85316900
16 16 0.99815400
89 89 0.38225100
149 149 0.60202900
20 20 0.33327000
69 69 0.85214400
84 84 0.35632300
1 1 0.93022200
145 145 0.39521900
25 25 0.38225100
55 55 0.43237700
140 140 0.37383900
126 126 0.49642100
22 22 0.29042200
152 152 0.63669200
146 146 0.39180600
52 52 0.94314300
3 3 0.74870100
97 97 0.29024200
53 53 0.98022900
130 130 0.40570300
132 132 0.82242700
38 38 0.32564600
30 30 0.32834800
41 41 0.38818800
5 5 0.58872800
15 15 0.38077100
124 124 0.51124800
46 46 0.42115500
108 108 0.46213600
66 66 0.84888400
68 68 0.68700200
112 112 0.41367500
29 29 0.28278000
151 151 0.70783600
115 115 0.46788900
147 147 0.59547700
74 74 0.32564500
144 144 0.41165600
93 93 0.29042200
2 2 0.87591300
11 11 0.30093800
142 142 0.76994200
80 80 0.93559000
39 39 0.38985000
136 136 0.98378100
106 106 0.80326000
49 49 0.43319700
37 37 0.38251200
7 7 0.42625100
63 63 0.91420600
81 81 0.35162700
127 127 0.53549700
62 62 0.29265300
77 77 0.84732900
27 27 0.37622200
118 118 0.83431000
91 91 0.54357100
9 9 0.39013800
75 75 0.39000900
78 78 0.86410100
76 76 0.28347700
90 90 0.68155500
51 51 0.42269500
110 110 0.56349100
12 12 0.39196100
60 60 0.39972600
131 131 0.40236400
33 33 0.99841200
32 32 0.26650600
4 4 0.56853800
17 17 0.34161200
123 123 0.55372800
87 87 0.34627400
23 23 0.39492200
83 83 0.32834700
94 94 0.29041700
102 102 0.28684900
21 21 0.29041700
100 100 0.41181700
72 72 0.29265500
129 129 0.32659900
103 103 0.40974500
8 8 0.33225400
13 13 0.28685000
135 135 0.44103800
42 42 0.23844400
40 40 0.28743400
125 125 0.24938200
96 96 0.39485100
64 64 0.94791000
54 54 0.98023100
107 107 0.57905300
73 73 0.38985100
88 88 0.30773900
70 70 0.45437800
6 6 0.35007700
50 50 0.36358300
128 128 0.37247300
45 45 0.36381000
36 36 0.31271700
19 19 0.39485200
138 138 0.95636900
117 117 0.61187800
57 57 0.37720600
31 31 0.38906400
116 116 0.38691600
56 56 0.36010300
105 105 0.57772800
95 95 0.33326900
85 85 0.47554900
148 148 0.52775800
43 43 0.42794800
92 92 0.39492300
109 109 0.45881200
59 59 0.28722100
24 24 0.22514800
18 18 0.29024100
28 28 0.35352300
14 14 0.28563400
10 10 0.27765200
114 114 0.16950700
122 122 0.59379200
61 61 0.37842100
26 26 0.39981500
143 143 0.27841600
98 98 0.34161200
113 113 0.75363600
104 104 0.40480700
101 101 0.28563300
134 134 0.30286400
86 86 0.91160300
119 119 0.78559600
58 58 0.38724500
34 34 0.86082600
44 44 0.26456900
65 65 0.93252600
67 67 0.81554500
