116 117 0.00124075
116 116 0.52098100
56 53 0.00465344
56 57 0.00051060
56 56 0.09351170
56 55 0.51064600
56 54 0.34775200
138 138 0.95739600
138 139 0.02000100
117 118 0.00811319
117 117 0.71350100
57 56 0.03753200
57 57 0.01007280
57 54 0.00482131
57 55 0.04001630
31 31 0.91534900
31 30 0.00821898
31 29 0.00642045
105 105 0.91755600
85 85 0.93205200
95 94 0.00053734
95 95 0.93124400
43 43 0.10137800
43 44 0.00130672
43 42 0.00672333
43 41 0.04046700
43 40 0.00165746
148 149 0.06542220
148 148 0.70414500
148 150 0.00088697
59 58 0.02831490
59 59 0.00308739
92 92 0.93200900
109 109 0.91147700
109 110 0.00217350
6 6 0.94577200
128 128 0.18988000
128 129 0.05145520
50 50 0.00266213
50 48 0.02887540
19 19 0.93191500
45 45 0.09303450
45 44 0.00337420
45 43 0.85335000
45 46 0.00317703
36 36 0.43035100
36 34 0.04007820
36 35 0.12198800
104 104 0.93140100
101 100 0.00072898
101 101 0.93111300
58 56 0.02025360
58 57 0.83983100
58 58 0.09300220
58 55 0.00446024
86 86 0.93205200
119 119 0.91094800
119 120 0.04351780
134 134 0.79194200
134 133 0.00116806
134 135 0.03292990
44 45 0.00218273
44 43 0.00703085
44 44 0.09467930
44 42 0.52541000
44 41 0.00256586
34 32 0.00742086
34 33 0.01933840
34 34 0.81347200
67 67 0.95730800
67 66 0.01197040
65 65 0.82275500
65 64 0.13588500
65 63 0.00277118
28 26 0.00663795
28 27 0.00863625
28 28 0.91621100
18 18 0.93194700
24 25 0.00091475
24 22 0.00073551
24 23 0.00875230
24 24 0.91732600
114 114 0.79665000
114 115 0.02655740
10 10 0.93222900
14 14 0.93192400
143 144 0.09696600
143 143 0.87445700
122 123 0.01913400
122 122 0.64837200
61 61 0.08870310
61 60 0.02790260
26 25 0.00661816
26 24 0.00613111
26 27 0.00052540
26 26 0.91783500
98 98 0.93198700
113 113 0.88717200
113 112 0.00053263
113 114 0.01642180
12 12 0.93207800
60 60 0.06788510
60 59 0.02792240
131 130 0.00089379
131 132 0.19765600
131 131 0.67388300
4 4 0.73708800
32 32 0.91351700
32 31 0.00954514
32 30 0.00646435
33 33 0.90076900
33 32 0.01081930
33 31 0.00675910
78 78 0.93192700
76 76 0.93054000
76 75 0.00140782
90 90 0.93203500
9 9 0.93223300
75 74 0.00148812
75 75 0.93049800
51 50 0.00127542
51 51 0.09211000
51 49 0.86326000
51 52 0.00095173
110 111 0.00366973
110 110 0.28073600
42 39 0.00160522
42 40 0.68393100
42 42 0.11073500
42 41 0.00632001
13 13 0.93200200
135 136 0.00911787
135 135 0.94612500
96 96 0.93153200
40 39 0.02080770
40 40 0.22239900
40 38 0.65333500
40 37 0.00115316
125 126 0.15158200
125 125 0.15927400
54 53 0.16421600
54 52 0.69639300
54 55 0.00152638
54 54 0.09313820
54 51 0.00312690
107 107 0.88691900
64 65 0.00126080
64 64 0.62836200
64 62 0.00158797
64 63 0.24308100
73 72 0.00125231
73 73 0.93071600
70 70 0.72679000
70 69 0.00939411
88 88 0.93204000
83 83 0.93204100
123 123 0.66840000
123 124 0.07554600
17 17 0.93185600
23 22 0.00620138
23 24 0.00053487
23 23 0.91985700
87 87 0.93204100
21 21 0.92820000
102 101 0.00061160
102 102 0.93139700
94 94 0.93125500
72 72 0.93020700
72 71 0.00178681
100 100 0.93122900
8 8 0.90764700
129 129 0.67621600
129 130 0.14636400
103 103 0.93157900
68 67 0.00907665
68 68 0.96042700
112 112 0.81607300
112 113 0.00699114
108 108 0.87863900
46 45 0.00085006
46 43 0.00314809
46 44 0.02181620
46 47 0.00673823
46 46 0.08835730
66 66 0.93955300
66 64 0.00104477
66 65 0.02865140
29 28 0.00884475
29 29 0.91603200
29 27 0.00661898
115 115 0.85417500
115 116 0.03606470
151 151 0.78134500
151 152 0.00141241
74 73 0.00127197
74 74 0.93040100
147 147 0.16449200
147 148 0.04557820
147 149 0.00114359
38 38 0.26074600
38 37 0.01897080
38 35 0.00097591
38 36 0.47033000
132 132 0.76725300
132 133 0.12738200
132 131 0.00133853
130 130 0.60234800
130 131 0.19595300
130 129 0.00052990
30 29 0.00815244
30 30 0.91693100
30 28 0.00640127
41 38 0.00146958
41 41 0.12444100
41 39 0.66942700
41 40 0.02354550
5 5 0.76763900
53 54 0.00153447
53 51 0.71869900
53 50 0.00267547
53 53 0.09305470
53 52 0.14263500
15 15 0.93201300
124 124 0.67532400
124 125 0.11142100
127 128 0.06043800
127 127 0.76156600
63 64 0.00086959
63 61 0.00052294
63 63 0.10908800
63 62 0.01224230
81 81 0.93197900
37 37 0.27770000
37 35 0.22891900
37 36 0.03006100
7 7 0.92732800
77 77 0.93146100
77 76 0.00053177
62 63 0.00148623
62 62 0.12124100
62 61 0.01456300
27 26 0.00681009
27 27 0.91599700
27 25 0.00662585
118 118 0.88887800
118 119 0.03485630
91 91 0.93203000
144 145 0.00391591
144 144 0.65422600
93 93 0.93184200
2 2 0.96366100
80 80 0.93186600
39 37 0.63394500
39 38 0.01627910
39 39 0.23955400
39 36 0.00089753
11 11 0.93212700
142 142 0.87432200
142 143 0.00262840
136 136 0.96883800
136 137 0.00625741
106 106 0.90501300
49 49 0.06694760
49 47 0.02823320
139 139 0.95055600
139 140 0.02834470
141 142 0.09756190
141 141 0.80274600
120 121 0.04917400
120 120 0.90988700
71 71 0.16899000
71 70 0.00479334
69 69 0.96336800
69 68 0.00612319
89 89 0.93205000
16 16 0.93196400
20 20 0.93148500
149 151 0.00139728
149 149 0.72942200
149 150 0.01165550
99 99 0.93184200
48 48 0.08601740
48 46 0.02907180
48 45 0.00064829
48 49 0.00072533
79 79 0.93195000
82 82 0.93204100
133 132 0.00174894
133 133 0.67485600
133 134 0.00435474
35 34 0.07803420
35 33 0.01166800
35 35 0.57963500
47 48 0.00606433
47 44 0.00288925
47 47 0.08741350
47 45 0.03771310
121 121 0.79452800
121 122 0.00367371
111 111 0.82984700
111 112 0.00538716
150 151 0.00189323
150 150 0.80042900
137 137 0.96397000
137 138 0.01314080
22 21 0.00336691
22 22 0.92493400
146 146 0.87241700
146 148 0.00144847
146 147 0.00766240
52 52 0.00929901
52 53 0.00123338
52 50 0.07282560
52 51 0.00703875
152 152 0.82808200
3 3 0.78109200
97 97 0.93194200
84 84 0.93204200
145 147 0.00174739
145 146 0.08069110
145 145 0.87081700
1 1 0.97615800
25 26 0.00054778
25 25 0.91724900
25 24 0.00701018
25 23 0.00276738
55 55 0.09314000
55 54 0.21090700
55 53 0.64866600
55 56 0.00099898
55 52 0.00362192
126 126 0.69642700
126 127 0.07005570
140 141 0.00267968
140 140 0.70047700
