55 55 0.82779200
55 54 0.05842030
55 53 0.09265620
55 56 0.00999574
140 140 0.99941100
126 126 0.98517800
126 128 0.00078859
126 127 0.01264750
145 145 0.99935400
1 1 0.95277300
84 84 0.99970100
25 25 0.84261400
25 24 0.00216343
25 23 0.07999770
97 97 0.99764800
22 20 0.03525500
22 21 0.00753954
22 23 0.00068062
22 22 0.84693200
3 3 0.94658600
146 146 0.99881900
152 152 0.99984300
52 53 0.01994270
52 52 0.82242400
52 51 0.02212290
52 50 0.12502400
111 110 0.00134961
111 111 0.83355300
121 122 0.00205229
121 121 0.99442800
121 123 0.00255909
47 45 0.12998300
47 47 0.86062400
47 46 0.00573838
47 48 0.00271294
150 150 0.99988600
137 137 0.99960200
79 79 0.99966600
82 82 0.99950300
48 49 0.00282893
48 47 0.00632495
48 48 0.86074400
48 46 0.12907500
99 99 0.99587300
99 101 0.00051635
99 100 0.00172664
35 35 0.84817700
35 33 0.08534690
133 133 0.99203000
133 134 0.00310636
133 132 0.00186940
149 149 0.99960900
20 19 0.00067973
20 20 0.62762900
20 18 0.00493585
16 16 0.92862000
89 89 0.99979300
69 69 0.99956200
141 141 0.99971500
139 139 0.99944800
71 71 0.99964600
120 120 0.99408100
120 121 0.00213783
120 122 0.00273430
136 136 0.99945700
49 49 0.86209400
49 47 0.12839200
49 50 0.00296619
49 48 0.00560770
106 106 0.98816500
2 2 0.95647700
93 93 0.99904500
144 144 0.99974600
142 142 0.99975200
11 11 0.67469900
39 37 0.10416300
39 39 0.84826000
80 80 0.99947100
118 119 0.00188770
118 120 0.00141952
118 118 0.99321700
27 26 0.00098259
27 27 0.84435500
27 25 0.00469582
91 91 0.99975300
37 37 0.84810500
37 35 0.02673460
7 7 0.99167200
127 127 0.98502000
127 128 0.01303940
127 129 0.00053713
81 81 0.99952700
63 63 0.99878300
63 62 0.00089506
62 61 0.00098858
62 62 0.99839400
77 77 0.99977000
124 125 0.00850756
124 124 0.99018200
124 126 0.00081564
53 51 0.10622900
53 54 0.01995000
53 53 0.82189300
53 52 0.04954580
41 40 0.00260433
41 39 0.14121300
41 41 0.85501500
30 28 0.15110200
30 30 0.80373600
5 5 0.91675800
38 36 0.08322730
38 38 0.84824900
130 129 0.00091345
130 131 0.00971483
130 130 0.98595500
132 131 0.00140290
132 132 0.98987500
132 133 0.00514866
15 15 0.90074500
151 151 0.99989500
115 114 0.00082762
115 116 0.00091892
115 115 0.98813100
147 147 0.99877100
147 146 0.00060349
74 74 0.99973500
66 66 0.99945500
46 45 0.00586075
46 44 0.13038100
46 47 0.00285353
46 46 0.85986300
108 108 0.98646800
108 109 0.00068498
112 111 0.00085335
112 112 0.63452200
68 68 0.99965800
29 27 0.00422117
29 29 0.82421000
72 72 0.99983500
100 101 0.00118632
100 100 0.96859600
103 103 0.98998900
129 128 0.00070447
129 129 0.98364000
129 130 0.01214840
8 8 0.98879100
87 87 0.99977500
23 22 0.00652129
23 23 0.84180300
23 24 0.00055390
23 21 0.01637080
17 17 0.97352500
123 124 0.00342117
123 123 0.99417100
123 125 0.00096665
83 83 0.99968100
102 102 0.47095100
94 94 0.99863500
21 21 0.87871200
21 20 0.00422522
21 19 0.00709153
64 64 0.99901900
64 63 0.00071518
107 107 0.89534800
54 52 0.10182800
54 53 0.05244590
54 55 0.01963770
54 54 0.82349600
70 70 0.99962600
88 88 0.99977800
73 73 0.99985400
135 135 0.99881000
13 13 0.59709700
42 41 0.00324551
42 42 0.85942600
42 40 0.13602900
42 43 0.00050041
125 126 0.01264200
125 125 0.98589900
125 127 0.00079105
40 40 0.85089800
40 38 0.08552600
96 96 0.99761200
51 49 0.12827800
51 50 0.00784804
51 51 0.83723100
51 52 0.01502740
110 110 0.98539300
110 109 0.00182904
75 75 0.99977200
9 9 0.98889700
90 90 0.99976700
76 76 0.99964200
78 78 0.99976900
131 133 0.00057699
131 130 0.00119989
131 132 0.00724946
131 131 0.98801500
32 30 0.15107700
32 32 0.84803000
33 33 0.84795200
33 31 0.15113600
4 4 0.92921300
12 12 0.67238100
60 60 0.99742800
60 61 0.00054956
60 59 0.00152512
26 25 0.00159382
26 24 0.02685440
26 26 0.84362400
61 60 0.00123044
61 61 0.99773800
122 123 0.00231731
122 122 0.99456100
122 124 0.00198102
143 143 0.99974700
113 114 0.00090197
113 112 0.00080166
113 113 0.88202100
98 98 0.99663800
98 99 0.00097572
24 22 0.08983070
24 24 0.84188600
24 23 0.00257704
18 17 0.00079488
18 18 0.66048900
18 16 0.00148254
28 28 0.84721300
28 26 0.08538490
28 27 0.00083644
14 14 0.89427200
10 10 0.98889600
114 113 0.00124242
114 115 0.00139017
114 114 0.98698800
34 32 0.00423894
34 34 0.84807600
44 45 0.00174987
44 43 0.00336530
44 44 0.86030400
44 42 0.13392700
65 65 0.99916200
65 64 0.00052491
67 67 0.99964300
101 101 0.21958500
104 104 0.98944200
86 86 0.99977300
119 119 0.99302300
119 120 0.00220219
119 121 0.00242039
58 59 0.00073737
58 56 0.00496271
58 57 0.01084290
58 58 0.98232300
134 135 0.00051327
134 133 0.00106211
134 134 0.99510700
50 48 0.12830600
50 49 0.00586070
50 50 0.85877200
50 51 0.00478620
128 128 0.98366700
128 129 0.01433570
36 34 0.00460099
36 36 0.84823800
45 43 0.13245900
45 44 0.00394483
45 45 0.85940700
45 46 0.00281898
19 17 0.00300536
19 19 0.71135100
6 6 0.99163900
148 148 0.99898400
43 41 0.13469100
43 42 0.00401052
43 43 0.85892400
43 44 0.00161775
92 92 0.99964900
109 109 0.98536800
109 110 0.00090545
109 108 0.00101704
59 59 0.99453200
59 57 0.00089433
59 60 0.00052273
59 58 0.00356410
31 29 0.15110000
31 31 0.84797600
57 55 0.02409380
57 58 0.00154858
57 56 0.08185770
57 57 0.88822700
117 117 0.21990000
138 138 0.99940500
56 54 0.03808670
56 55 0.08985080
56 56 0.86157600
56 57 0.00540191
116 116 0.47023800
105 105 0.49589100
95 95 0.99777000
85 85 0.99967700
