146 147 0.00456858
146 146 0.46307855
6 4 0.00089444
6 7 0.10457614
6 3 0.02252938
6 6 0.59523511
6 5 0.00293110
14 15 0.03507424
14 11 0.08608754
14 14 0.52139123
90 91 0.01970786
90 90 0.59025203
61 62 0.00151793
61 61 0.58811539
61 65 0.00277472
61 64 0.00863462
61 63 0.10828763
156 156 0.40129526
156 155 0.00203159
156 157 0.12008533
116 116 0.79024553
30 33 0.00372928
30 34 0.00414373
30 31 0.01129869
30 28 0.00401120
30 30 0.71682188
30 29 0.00465705
30 32 0.06796053
140 141 0.00142737
140 140 0.86013783
64 65 0.00365352
64 66 0.08616950
64 67 0.05624370
64 64 0.78295839
84 84 0.45781219
84 83 0.00078103
84 85 0.07598041
5 2 0.01047596
5 5 0.53806793
5 3 0.00107747
5 6 0.07840684
5 4 0.00510789
11 10 0.00099103
11 12 0.01620449
11 8 0.12745549
11 11 0.65928954
41 41 0.53727533
41 45 0.01193753
41 43 0.04725483
41 44 0.00070530
107 107 0.70917159
107 106 0.00094397
15 17 0.00073986
15 18 0.00073157
15 15 0.59636134
15 12 0.02107796
15 16 0.01048802
65 67 0.02115810
65 68 0.03974376
65 66 0.01093740
65 65 0.71722634
13 10 0.12754745
13 14 0.02240719
13 13 0.36494564
103 103 0.67368771
103 102 0.02364099
44 44 0.48344084
44 46 0.07783947
44 48 0.01861206
44 47 0.00191106
44 42 0.00211490
159 159 0.39604405
159 158 0.00055553
159 160 0.12164811
67 72 0.00152736
67 68 0.11304346
67 67 0.60964878
40 40 0.54428748
40 42 0.05940772
40 44 0.00595564
22 25 0.00166254
22 22 0.26951456
22 23 0.00118247
22 24 0.00078426
9 9 0.50999682
9 10 0.07191648
9 8 0.00420083
9 6 0.12728194
83 82 0.00136296
83 83 0.36454233
83 84 0.18108904
98 98 0.34189636
128 128 0.86174917
128 127 0.00516015
105 104 0.00802804
105 105 0.79648910
132 132 0.83065541
132 131 0.00072163
139 140 0.03242987
139 139 0.80935225
106 105 0.06431730
106 106 0.64747425
85 85 0.39569316
85 86 0.03779451
24 24 0.08279012
24 25 0.01032269
24 27 0.00254300
24 26 0.01915328
38 41 0.00386851
38 36 0.00403195
38 38 0.51780915
38 42 0.01284962
38 40 0.06727092
137 138 0.01907525
137 137 0.83888991
57 61 0.02918766
57 57 0.54997762
57 59 0.04167231
148 148 0.80637956
148 149 0.05122655
2 3 0.02745283
2 1 0.00597401
2 2 0.85759827
75 75 0.33672969
75 76 0.02365010
142 142 0.49909990
142 143 0.00628851
34 34 0.28422740
34 36 0.04550993
34 35 0.00266245
34 37 0.00401104
34 32 0.00344574
86 87 0.04872574
86 86 0.39527335
52 54 0.06675491
52 56 0.02458223
52 51 0.00211998
52 53 0.00128269
52 52 0.72444835
55 57 0.03169055
55 59 0.02381718
55 55 0.68424796
147 147 0.64440650
147 148 0.05047856
136 137 0.01714094
136 136 0.68429029
4 4 0.36763154
4 1 0.00432068
4 3 0.00187294
4 5 0.04096819
4 2 0.00089593
78 79 0.56024019
78 78 0.22084389
74 75 0.33827878
74 74 0.15084433
28 27 0.01318580
28 32 0.00462695
28 29 0.02618531
28 26 0.00687682
28 30 0.04660416
28 28 0.87235410
28 31 0.00544936
153 153 0.41338724
153 154 0.08863034
29 30 0.01087641
29 28 0.00577526
29 32 0.00540226
29 27 0.00423067
29 29 0.87936596
29 33 0.00318628
29 31 0.06576970
152 151 0.00904852
152 153 0.07086171
152 152 0.68172697
157 156 0.00084343
157 158 0.02771655
157 157 0.43680265
17 14 0.02665153
17 19 0.00790731
17 18 0.01833108
17 17 0.71730688
17 20 0.00240429
17 16 0.00058663
155 156 0.07831103
155 155 0.58930713
155 154 0.00421940
59 63 0.02443670
59 64 0.00130304
59 61 0.03590370
59 59 0.58702003
59 62 0.00196219
102 102 0.50927806
102 101 0.00336863
49 52 0.00481946
49 53 0.04125330
49 51 0.07330884
49 49 0.53906629
49 47 0.00129202
49 48 0.00208611
49 50 0.00654990
32 36 0.00549802
32 35 0.00460979
32 34 0.06106024
32 33 0.00729255
32 31 0.00242384
32 30 0.00119920
32 32 0.87695010
108 108 0.59784681
108 107 0.00734670
3 1 0.00055734
3 3 0.57829209
3 4 0.02064483
3 2 0.00967383
111 111 0.36301763
21 18 0.00107450
21 21 0.31059480
21 22 0.00126769
21 23 0.00066304
33 37 0.00450042
33 32 0.00145697
33 33 0.06468348
33 34 0.00390149
33 36 0.00282737
33 35 0.06430716
8 9 0.10880411
8 5 0.09587068
8 7 0.00153251
8 8 0.40210458
8 6 0.00087017
154 154 0.52693613
154 153 0.00347250
154 155 0.08528174
25 29 0.00378225
25 26 0.02685378
25 27 0.02144004
25 25 0.88366103
25 28 0.00716324
25 24 0.00260175
133 133 0.86955348
158 158 0.44484001
158 157 0.00083741
158 159 0.08317145
99 99 0.34595385
99 98 0.02013109
53 53 0.66944668
53 52 0.00421400
53 57 0.00201293
53 55 0.06884539
46 50 0.02396072
46 44 0.00198812
46 46 0.50754553
46 47 0.00238943
46 49 0.00369047
46 48 0.04882694
82 83 0.13794179
82 82 0.43036909
82 81 0.00120374
129 129 0.87501706
129 128 0.00537296
138 138 0.60412604
138 139 0.03116633
123 123 0.87978360
123 122 0.00200836
110 110 0.35269217
110 109 0.00078712
81 80 0.00060370
81 82 0.42870515
81 81 0.35406097
87 88 0.02523303
87 87 0.27681682
117 117 0.81587179
135 136 0.00248135
135 135 0.67835884
101 100 0.00614537
101 101 0.61685946
79 80 0.14833676
79 79 0.20117293
96 95 0.00756487
96 96 0.71708249
118 118 0.83450686
118 117 0.00187300
126 126 0.68186826
36 38 0.06029431
36 36 0.25360517
36 34 0.00274997
160 160 0.54535185
124 124 0.75920271
124 123 0.00171709
47 51 0.02820865
47 45 0.00174637
47 50 0.00494071
47 47 0.77563880
47 49 0.07072022
47 48 0.00651050
88 88 0.28499565
88 89 0.03991820
80 80 0.29556231
80 81 0.34815298
141 141 0.68556768
141 142 0.00293354
91 92 0.00942969
91 91 0.82692624
127 127 0.75016550
1 1 0.78102162
1 2 0.01275726
58 60 0.00203109
58 63 0.00065694
58 61 0.00083926
58 58 0.51905269
58 62 0.06105187
89 89 0.02165124
89 90 0.07033145
54 54 0.56623190
54 56 0.03351174
54 53 0.00286989
54 55 0.00093405
54 58 0.00819601
134 135 0.00087513
134 134 0.92336067
43 43 0.54070268
43 45 0.05726583
43 47 0.01790544
43 41 0.00236866
23 23 0.32846800
23 26 0.00517911
23 25 0.00175548
23 24 0.00264253
93 93 0.96261586
93 94 0.00143326
27 29 0.02803359
27 26 0.02069184
27 27 0.86619759
27 28 0.04184818
27 25 0.00134703
27 30 0.00559304
27 31 0.00467669
56 58 0.03191518
56 56 0.54462227
56 60 0.00098537
35 37 0.04246935
35 33 0.00344131
35 36 0.00115867
35 35 0.23181130
35 38 0.00114709
119 119 0.83921915
119 118 0.00204637
120 120 0.90906437
120 119 0.00225674
7 7 0.65939517
7 4 0.08044188
7 8 0.10873147
7 6 0.00334009
7 5 0.00089382
122 121 0.00245265
122 122 0.90577133
150 151 0.08218282
150 150 0.78497679
20 20 0.48065248
20 21 0.00104468
20 22 0.00234504
20 17 0.08709790
92 92 0.96812491
92 93 0.00235122
130 130 0.83448618
10 7 0.12720834
10 11 0.00470720
10 9 0.00270904
10 10 0.65339113
62 65 0.01343439
62 62 0.73383705
62 63 0.00215191
62 66 0.00831929
62 67 0.00536356
62 64 0.11861924
131 130 0.00492292
131 129 0.00094398
131 131 0.94774615
51 51 0.51670455
51 52 0.00548390
51 53 0.06057586
51 55 0.04641340
51 49 0.00083661
51 50 0.00209273
70 71 0.30303749
70 73 0.00869202
70 70 0.27410342
76 77 0.01165237
76 76 0.25703609
95 95 0.96206874
95 94 0.00566197
104 103 0.00575770
104 104 0.50935524
31 35 0.00411917
31 33 0.04616173
31 34 0.00473012
31 31 0.84145903
31 30 0.00102419
31 29 0.00415782
31 32 0.00954832
144 145 0.00131961
144 144 0.59401782
115 114 0.00220975
115 115 0.75978283
50 53 0.00086345
50 52 0.04787148
50 51 0.00502266
50 50 0.54242998
50 48 0.00113454
50 54 0.04160838
50 49 0.00240162
60 62 0.08865715
60 61 0.00065383
60 65 0.00194763
60 64 0.01819815
60 63 0.00367285
60 60 0.55660257
94 95 0.00056648
94 94 0.95353418
94 93 0.00071201
73 74 0.29643479
73 75 0.00214121
73 73 0.11518431
149 150 0.05513323
149 149 0.84519933
69 70 0.19420431
69 72 0.00084463
69 69 0.32314737
69 74 0.00064509
16 19 0.00103747
16 18 0.00524062
16 17 0.00837291
16 13 0.01963790
16 16 0.66160236
26 26 0.69965730
26 29 0.00578801
26 27 0.03278636
26 25 0.00288808
26 28 0.02083708
26 30 0.00460184
26 24 0.00273075
68 69 0.17661495
68 73 0.00105450
68 68 0.57448235
68 71 0.00093310
66 69 0.02113967
66 66 0.65898140
66 68 0.00211427
66 67 0.06140481
113 113 0.55791786
125 125 0.73396874
125 124 0.00139324
48 48 0.68495495
48 47 0.00169601
48 49 0.00644916
48 46 0.00151831
48 50 0.07060039
48 52 0.03431937
48 51 0.00606322
151 150 0.00141460
151 152 0.03699121
151 151 0.63359683
112 112 0.54698399
39 41 0.00383941
39 39 0.52234333
39 43 0.00250012
42 46 0.01675058
42 44 0.06173077
42 40 0.00297002
42 42 0.54524433
63 65 0.09943420
63 63 0.78402887
63 66 0.01627877
63 68 0.00493230
63 67 0.00289710
63 64 0.00262697
77 77 0.24308609
77 78 0.01039339
72 72 0.08320373
72 75 0.00364228
72 73 0.47032840
72 74 0.00144073
143 143 0.54806268
143 144 0.02591597
114 114 0.71036302
109 109 0.35552977
109 108 0.00475175
18 20 0.01165955
18 21 0.00165083
18 15 0.02599173
18 18 0.54931468
18 19 0.00980177
18 17 0.00050731
19 17 0.00092001
19 19 0.47593619
19 16 0.02187662
19 21 0.00607284
19 20 0.00685696
145 145 0.41056925
145 146 0.01457402
71 72 0.39930085
71 73 0.00087617
71 74 0.00260490
71 71 0.17221616
97 96 0.00848672
97 97 0.02375237
45 48 0.00364248
45 47 0.06821679
45 49 0.02840255
45 46 0.00083666
45 45 0.29149924
45 43 0.00183660
12 13 0.02216480
12 9 0.12741292
12 12 0.41003502
37 35 0.00255675
37 41 0.01129555
37 40 0.00374571
37 39 0.06391316
37 37 0.54521458
121 121 0.74936720
121 120 0.00238190
100 99 0.02346927
100 100 0.60941251
