115 137 0.56346000
74 96 0.29066300
74 93 0.02044070
45 63 0.00082832
45 64 0.37271500
45 66 0.01261150
45 65 0.00141038
90 112 0.79429700
90 111 0.00066001
90 109 0.03939320
79 98 0.02045090
79 101 0.31224300
117 139 0.74633800
68 90 0.78520300
68 88 0.01386010
68 91 0.00061039
68 87 0.02818540
68 89 0.00055871
41 58 0.00125183
41 60 0.90270900
41 59 0.05873890
121 143 0.97176900
36 53 0.00410994
36 55 0.89581000
36 54 0.06082010
36 52 0.00181787
36 50 0.00199933
29 46 0.02996960
29 44 0.05286450
29 45 0.03831730
29 43 0.03146660
29 42 0.02334320
29 41 0.46331400
29 47 0.12585100
29 48 0.05187720
72 91 0.02044460
72 94 0.35920000
19 31 0.00932454
19 32 0.02544150
40 57 0.00057895
40 58 0.01855700
40 59 0.26811400
77 96 0.02044090
77 99 0.95123400
73 92 0.02044030
73 95 0.27834600
54 74 0.01097550
54 73 0.15326500
54 76 0.50592400
54 72 0.00077401
54 77 0.00837419
54 75 0.15179500
54 69 0.00136894
122 144 0.95394700
122 142 0.00060814
122 143 0.00051350
2 2 0.84133900
2 1 0.00263528
2 3 0.04445350
2 4 0.00592182
2 15 0.00577876
2 11 0.00229641
2 12 0.02837750
2 10 0.00056201
2 14 0.00154395
2 13 0.00357639
75 94 0.02044930
75 97 0.95125500
55 75 0.00744161
55 70 0.00134990
55 78 0.00641731
55 76 0.13522100
55 73 0.00057357
55 74 0.13810900
55 77 0.54292700
24 41 0.00074754
24 36 0.72127300
24 40 0.00347935
24 43 0.00060744
24 37 0.00424894
62 85 0.00338805
62 83 0.00053363
62 82 0.01521680
62 81 0.07252160
62 84 0.74266700
62 79 0.00072758
101 123 0.78205300
101 121 0.03340920
101 122 0.00627418
20 34 0.00050470
20 32 0.36387100
20 36 0.00370867
20 35 0.00081057
20 33 0.00482211
58 73 0.00108505
58 79 0.09673820
58 77 0.11312800
58 81 0.00110347
58 80 0.62074700
58 78 0.00090658
33 50 0.00317932
33 46 0.00131713
33 49 0.01327720
33 52 0.70143400
33 51 0.00996482
33 48 0.00109742
33 47 0.00053147
50 70 0.02133080
50 71 0.35654800
50 68 0.00240064
50 65 0.00400687
50 69 0.14064100
50 73 0.00541388
50 72 0.21417000
48 69 0.52266500
48 68 0.02725320
48 66 0.01678920
48 70 0.04119620
48 71 0.00274298
48 63 0.00387183
48 67 0.21815400
11 11 0.19479100
11 12 0.01583860
11 17 0.00101349
11 15 0.00869625
11 22 0.00262357
11 26 0.00074529
11 18 0.01372720
11 23 0.27991500
11 16 0.00122227
11 21 0.01020320
11 19 0.00249289
11 24 0.00092401
11 13 0.00339380
11 14 0.00213545
11 20 0.01351050
25 40 0.00079055
25 37 0.01948890
25 38 0.00186397
27 44 0.00650749
27 46 0.01201470
27 39 0.57520400
27 45 0.00849734
27 40 0.16740500
27 43 0.03401200
27 42 0.00660592
27 41 0.00695449
87 106 0.03653480
87 109 0.79584400
15 28 0.05210110
15 27 0.91130800
56 78 0.58474900
56 75 0.12039500
56 71 0.00158268
56 77 0.11807800
56 76 0.00311205
56 79 0.00425426
42 59 0.00114164
42 60 0.05624390
42 61 0.90683500
103 124 0.00543383
103 123 0.00622933
103 125 0.51551300
16 32 0.00201820
16 28 0.90742300
16 29 0.05398800
123 145 0.46352400
53 72 0.16178300
53 74 0.22230700
53 73 0.03024320
53 76 0.00816158
53 68 0.00199068
53 71 0.00058570
53 75 0.39800300
100 123 0.00061213
100 121 0.00052541
100 122 0.10733700
100 120 0.03337160
5 10 0.00057059
5 14 0.00149147
5 13 0.00083174
5 5 0.75393000
5 9 0.00288413
5 16 0.00169122
5 7 0.00912744
5 17 0.00385078
5 4 0.00052829
5 6 0.05680720
5 15 0.00497198
105 125 0.01449850
105 126 0.00254956
105 127 0.75078400
37 56 0.36207000
37 55 0.00112502
80 99 0.02045660
80 102 0.27833500
78 97 0.02044380
78 100 0.95133100
66 86 0.01753420
66 88 0.74164400
66 85 0.06433430
66 87 0.00053987
66 89 0.00417527
12 12 0.01678530
12 27 0.00082864
12 22 0.00479755
12 15 0.00099909
12 23 0.00239505
12 18 0.00064593
12 16 0.00061003
12 21 0.00119179
12 19 0.00555817
12 24 0.01420700
12 13 0.00602848
12 14 0.00622253
12 20 0.00070437
120 142 0.43330300
85 104 0.02100440
85 107 0.79004500
93 115 0.78694300
93 112 0.00122086
93 114 0.00177244
84 106 0.79198000
84 103 0.02047790
111 133 0.76888400
111 131 0.00536860
51 72 0.35503000
51 73 0.23640900
51 74 0.00561555
51 69 0.00111269
51 66 0.00362599
51 70 0.16509500
51 71 0.02118600
86 108 0.78993100
86 105 0.03445190
94 113 0.00267846
94 114 0.00291926
94 117 0.00067549
94 116 0.10772700
46 61 0.00109018
46 68 0.00172067
46 66 0.00240921
46 65 0.02709480
46 67 0.01950350
46 64 0.00066827
52 72 0.03360050
52 74 0.26408300
52 73 0.34366500
52 67 0.00357599
52 70 0.00090833
52 71 0.12732000
52 75 0.00627455
65 84 0.06644870
65 82 0.00062513
65 85 0.01773740
65 87 0.74001100
65 88 0.00975371
99 119 0.03324920
99 120 0.00057533
99 121 0.91320000
99 122 0.00071465
110 130 0.00492726
110 132 0.16278800
96 119 0.00059128
96 115 0.00144499
96 118 0.91272500
96 116 0.03202700
96 117 0.00067213
102 124 0.66514000
102 123 0.00644587
102 122 0.00543306
61 84 0.00251335
61 81 0.00930408
61 82 0.00078941
61 80 0.07957580
61 78 0.00065111
61 83 0.74218500
31 47 0.00311466
31 48 0.01978310
31 44 0.00057645
31 49 0.00346593
31 46 0.00068249
31 50 0.03402310
31 45 0.00720615
31 43 0.00209732
97 119 0.91283900
97 117 0.03297400
97 120 0.00060039
97 118 0.00103370
97 116 0.00051627
9 21 0.03154660
9 9 0.69595000
9 16 0.00223604
9 22 0.02805040
9 15 0.00051656
9 17 0.00422012
9 11 0.00253414
9 10 0.00178138
9 13 0.00055533
9 19 0.00229845
88 107 0.03880150
88 110 0.79495100
119 141 0.29819200
91 113 0.79135300
91 110 0.01660940
91 112 0.00052020
43 61 0.00343238
43 62 0.69864200
92 111 0.01496980
92 113 0.00110329
92 114 0.78975800
98 119 0.00102404
98 120 0.91267300
98 121 0.00075183
98 118 0.03311900
49 68 0.16571200
49 69 0.02288350
49 71 0.06342720
49 70 0.52306300
49 72 0.00342644
49 67 0.00549481
49 64 0.00427172
64 86 0.73900700
64 83 0.06931830
64 87 0.00921810
64 84 0.01683930
64 81 0.00064302
8 14 0.00062456
8 8 0.37763600
8 10 0.00639429
8 20 0.00835979
8 19 0.00126240
8 16 0.00318016
8 9 0.02300920
8 21 0.00141905
8 15 0.00053164
8 17 0.00076592
8 18 0.00828658
60 81 0.00242449
60 82 0.73315000
60 80 0.00274198
60 83 0.00127925
60 79 0.09472180
60 77 0.00058736
23 38 0.00159926
23 39 0.00105561
23 37 0.01698590
23 35 0.20278700
23 40 0.00059364
23 36 0.09141220
23 41 0.00136991
18 31 0.00065895
18 30 0.00926116
89 111 0.79481800
89 110 0.00064793
89 108 0.03912810
57 78 0.11849200
57 80 0.00210202
57 79 0.59315000
57 76 0.11551600
57 72 0.00130171
57 77 0.00172302
22 34 0.59859700
22 36 0.02572400
22 35 0.00613193
22 38 0.01178060
22 37 0.02101440
22 33 0.00075491
28 40 0.55706600
28 43 0.02587130
28 44 0.03694020
28 46 0.05970260
28 45 0.01039860
28 41 0.09501010
28 47 0.02124210
28 42 0.01091400
81 103 0.35916500
81 100 0.02045530
118 140 0.25978400
82 101 0.02045540
82 104 0.31925700
106 126 0.01204830
106 127 0.00225876
106 128 0.19352300
35 53 0.06947360
35 52 0.00725568
35 54 0.87971500
35 49 0.00384710
35 50 0.00123518
35 51 0.00321840
104 126 0.81502400
104 124 0.00395685
104 125 0.00489903
38 57 0.00924529
38 56 0.02527260
10 21 0.00170910
10 16 0.00199548
10 23 0.02829030
10 18 0.00328842
10 11 0.02153960
10 12 0.00276749
10 17 0.01252580
10 15 0.00143058
10 22 0.09729260
10 20 0.00444498
10 10 0.04733430
10 14 0.00189235
10 13 0.00145178
10 19 0.01966430
14 26 0.24859400
14 27 0.00261525
14 21 0.00052441
3 2 0.00521765
3 16 0.00524151
3 7 0.00069396
3 11 0.00059374
3 12 0.00147046
3 4 0.04966840
3 15 0.00396531
3 3 0.80689700
3 14 0.00594563
3 8 0.00065583
3 5 0.01141160
3 13 0.03063870
30 42 0.20320400
30 48 0.13657400
30 47 0.02523420
30 45 0.04504000
30 46 0.06300470
30 49 0.30021900
30 44 0.02426160
30 43 0.01904450
32 51 0.01599110
32 48 0.00082010
32 49 0.00206356
32 50 0.00332148
47 70 0.00098163
47 69 0.03364250
47 65 0.00205962
47 68 0.38612900
47 66 0.25609200
47 67 0.01722630
47 62 0.00230150
17 29 0.26917300
17 30 0.01740690
113 133 0.00081847
113 135 0.85151800
26 41 0.00104579
26 40 0.00060697
26 43 0.00151418
26 44 0.00077995
26 39 0.00234919
26 38 0.01281140
4 5 0.06843920
4 13 0.00114673
4 14 0.02780180
4 8 0.00158562
4 4 0.76972000
4 6 0.02427270
4 15 0.00482185
4 17 0.00744849
4 12 0.00060125
4 3 0.00064766
4 9 0.00153906
4 16 0.00285730
95 117 0.91309100
95 114 0.00343295
95 118 0.00066845
95 115 0.00189718
6 10 0.00294041
6 8 0.01020930
6 14 0.00270879
6 19 0.00075778
6 7 0.03621570
6 16 0.03110680
6 18 0.00125298
6 6 0.13770300
6 15 0.00090194
6 17 0.00064775
114 136 0.85826500
114 134 0.00074927
107 129 0.89513900
107 128 0.00100879
107 127 0.01158120
70 92 0.80569400
70 89 0.02311750
21 36 0.01347860
21 34 0.07342090
21 33 0.85168100
21 37 0.01297360
21 35 0.01197400
116 138 0.74077900
13 24 0.00142953
13 13 0.00109225
13 14 0.00083654
13 20 0.00079956
13 25 0.38141800
13 26 0.00069617
13 16 0.00075047
59 78 0.10481100
59 80 0.01490800
59 82 0.00104074
59 81 0.71237800
59 79 0.00085792
59 74 0.00058211
108 130 0.89618500
108 128 0.00600503
63 85 0.74407000
63 83 0.01533360
63 80 0.00076348
63 82 0.07095020
63 86 0.00392151
44 62 0.05149680
44 63 0.45109400
44 65 0.00122996
39 58 0.00907865
39 57 0.00063323
67 87 0.02432300
67 89 0.75588500
67 86 0.04311490
67 88 0.00107991
67 90 0.00114597
76 95 0.02045050
76 98 0.95129700
69 90 0.00085201
69 91 0.80005700
69 88 0.02561300
69 89 0.00194499
34 51 0.00793134
34 48 0.00474764
34 49 0.00066391
34 52 0.00462260
34 53 0.01380170
1 14 0.00116981
1 2 0.00973312
1 1 0.92557900
1 3 0.00420981
1 11 0.01716790
1 12 0.00346525
83 102 0.02046090
83 105 0.79419500
112 132 0.00503442
112 134 0.83749700
71 90 0.02058960
71 93 0.31969400
109 129 0.00522840
109 131 0.86977600
7 7 0.13291800
7 16 0.00130200
7 9 0.01001190
7 15 0.00107244
7 11 0.00068246
7 17 0.02576370
7 14 0.00051548
7 8 0.00593364
7 19 0.00419548
