119 116 0.07400367
119 130 0.00311388
119 132 0.04023573
119 125 0.00295124
119 122 0.00474854
119 120 0.10248862
119 124 0.00218771
119 118 0.00084848
119 121 0.00571996
119 117 0.02321400
119 131 0.01753686
119 126 0.03348300
119 123 0.01710126
119 129 0.10374628
119 128 0.01672271
119 127 0.00954385
22 20 0.00164456
22 24 0.00104689
22 22 0.34258815
22 23 0.59377804
78 76 0.20969838
78 79 0.35970263
78 77 0.00148795
78 75 0.00472640
78 78 0.00294919
1 1 0.52833937
1 2 0.24460453
86 87 0.38913597
86 83 0.00052631
86 84 0.07869727
108 111 0.00180503
108 112 0.00284645
108 109 0.33055679
108 116 0.00067657
108 106 0.08663992
108 110 0.01181427
108 114 0.00614536
108 113 0.00103256
108 115 0.03416083
108 105 0.01153557
108 117 0.00064532
137 135 0.03797855
137 143 0.00199671
137 137 0.03506151
137 136 0.00549365
137 139 0.00722940
137 140 0.00250348
137 142 0.00152327
137 146 0.00516351
137 144 0.01298455
137 138 0.17187518
137 147 0.43760968
137 134 0.13233192
137 145 0.00097951
60 61 0.31842328
60 59 0.00202932
60 60 0.00246549
87 85 0.07603208
87 88 0.53822396
105 111 0.00059378
105 102 0.00412380
105 107 0.02583418
105 112 0.00072965
105 103 0.27704763
105 109 0.01249699
105 110 0.00093526
105 106 0.33992238
105 114 0.00060600
105 108 0.00865307
40 41 0.21663421
40 40 0.07572993
40 42 0.06643367
40 39 0.05324362
135 138 0.00067774
135 144 0.00202572
135 132 0.00598566
135 145 0.36106325
135 134 0.00059017
135 141 0.00142111
135 136 0.08877630
135 131 0.00081589
135 135 0.00375972
135 142 0.02189919
135 133 0.00132842
65 65 0.00460291
65 66 0.59160301
107 114 0.03871790
107 116 0.01274352
107 110 0.01589210
107 109 0.07526587
107 120 0.00053133
107 112 0.00683281
107 111 0.02019090
107 104 0.01308611
107 117 0.00067315
107 105 0.23671206
107 113 0.00740331
107 108 0.36230826
107 115 0.00118868
84 82 0.00655851
84 85 0.48041012
81 79 0.24946967
81 82 0.52430732
81 78 0.00439666
138 148 0.32553401
138 135 0.04212499
138 143 0.01164826
138 136 0.01533693
138 137 0.01786147
138 139 0.23807678
138 142 0.00213413
138 146 0.00319585
138 140 0.00811503
138 144 0.00094051
138 147 0.01131200
138 138 0.05143132
138 141 0.00072425
138 145 0.02946603
72 72 0.00519537
72 69 0.00168899
72 70 0.00351067
72 73 0.43390679
75 76 0.59653187
75 75 0.00080422
75 73 0.19894867
125 127 0.00232594
125 133 0.00809370
125 128 0.00533789
125 135 0.29217744
125 129 0.00714901
125 123 0.03925835
125 126 0.09880570
125 131 0.00133548
125 136 0.02019696
125 124 0.00094805
125 137 0.00396096
125 134 0.00650519
125 122 0.25138990
125 125 0.00068243
125 132 0.00456506
125 130 0.00357405
125 138 0.00680729
73 71 0.03503767
73 70 0.00804517
73 73 0.01729420
73 74 0.55036011
128 124 0.00122037
128 136 0.00951077
128 137 0.00457722
128 135 0.00170393
128 131 0.00534860
128 129 0.10103458
128 126 0.00805048
128 133 0.00284636
128 140 0.00192975
128 128 0.00065987
128 139 0.00107169
128 127 0.00112335
128 130 0.00115543
128 138 0.26525001
128 132 0.00284219
128 125 0.04046827
89 91 0.00061141
89 90 0.55043727
89 87 0.00502661
127 140 0.00392860
127 128 0.09981601
127 139 0.02286699
127 127 0.00064049
127 124 0.01026914
127 136 0.00170943
127 137 0.28339019
127 135 0.01162081
127 131 0.00338820
127 129 0.00137267
127 123 0.00107808
127 126 0.00125629
127 134 0.00099054
127 130 0.00559386
127 138 0.00880711
127 125 0.01601959
127 132 0.00308177
13 13 0.01117565
13 14 0.32996224
99 97 0.34024719
99 96 0.00401818
99 100 0.47628755
99 103 0.00421901
99 101 0.00990556
99 102 0.00440747
139 138 0.01562120
139 147 0.00598338
139 144 0.01804321
139 149 0.30550262
139 145 0.00159131
139 141 0.00672225
139 137 0.01325033
139 136 0.01371060
139 148 0.00903039
139 143 0.00680443
139 142 0.00055888
139 146 0.02538465
139 140 0.19598868
139 139 0.04634339
113 119 0.01895997
113 113 0.00146857
113 115 0.04000901
113 118 0.00410199
113 124 0.00943302
113 123 0.01089852
113 126 0.04637146
113 117 0.00885035
113 121 0.01144835
113 122 0.01640757
113 111 0.03740024
113 112 0.00541816
113 120 0.08319008
113 116 0.00980036
113 110 0.22487300
113 114 0.17219724
113 125 0.01952429
118 118 0.00086222
118 124 0.00495975
118 115 0.24272033
118 117 0.00145392
118 121 0.00494568
118 123 0.00286135
118 126 0.02685151
118 129 0.00813857
118 131 0.09076975
118 128 0.04814710
118 119 0.11400644
118 127 0.01880637
118 116 0.10417565
118 130 0.04084697
118 125 0.10925992
118 122 0.01854820
118 120 0.01685676
42 43 0.13260087
42 45 0.00068346
42 44 0.17059475
42 42 0.18688454
42 41 0.09921164
121 125 0.00992847
121 132 0.00323681
121 130 0.00581124
121 134 0.00373785
121 122 0.03864906
121 126 0.00170591
121 129 0.00932170
121 123 0.00249566
121 131 0.07505465
121 118 0.24786311
121 124 0.00310812
121 127 0.00294782
121 133 0.01150958
121 119 0.10074652
121 128 0.02042138
35 37 0.11864911
35 35 0.18236858
35 34 0.01484122
35 36 0.22791038
102 105 0.00580402
102 104 0.00968014
102 100 0.34638891
102 106 0.00262371
102 103 0.33819302
37 38 0.06689591
37 37 0.31223032
37 36 0.02454171
37 39 0.11825714
141 142 0.22352151
141 146 0.04810544
141 140 0.00176778
141 139 0.00257272
141 150 0.01365296
141 148 0.01794235
141 143 0.00480661
141 145 0.01626961
141 141 0.02222837
141 151 0.31723961
141 138 0.00350145
141 147 0.00426148
141 144 0.00210488
141 149 0.00896267
76 76 0.00062904
76 77 0.62121142
76 73 0.00551623
76 74 0.04950167
110 118 0.00187469
110 113 0.00620752
110 108 0.22344379
110 115 0.04430883
110 121 0.00089029
110 117 0.06948283
110 123 0.00093320
110 119 0.00813314
110 116 0.03709423
110 110 0.00082750
110 109 0.00073449
110 114 0.01856031
110 107 0.02011693
110 112 0.05817297
110 122 0.00089801
110 111 0.20673577
110 120 0.00106786
26 27 0.55811616
26 24 0.00183804
26 28 0.01204131
26 26 0.35200328
34 36 0.05547167
34 35 0.20219405
34 33 0.01506005
34 34 0.41203228
33 33 0.44673515
33 34 0.20983910
33 35 0.01785717
33 32 0.00438277
8 8 0.03125519
8 9 0.84051095
91 92 0.49736000
91 88 0.05145285
91 89 0.29035297
83 81 0.10767773
83 84 0.42101911
83 80 0.00252875
3 2 0.00074191
3 4 0.22819679
3 3 0.35379839
31 31 0.34625189
31 33 0.10044247
31 29 0.00055675
31 30 0.02184083
31 32 0.06656834
142 139 0.00204821
142 140 0.00070146
142 142 0.01056640
142 146 0.01039470
142 143 0.13260173
142 150 0.02700371
142 152 0.31907146
142 148 0.00453670
142 151 0.04632789
142 141 0.00097667
142 145 0.00413277
142 149 0.04604780
142 144 0.00552946
142 147 0.03065708
21 23 0.00103459
21 22 0.42509726
21 21 0.32076973
21 19 0.00170803
74 74 0.01820317
74 73 0.00066802
74 75 0.57488579
74 72 0.00607083
111 111 0.00256013
111 122 0.00226774
111 112 0.17557840
111 120 0.01297046
111 109 0.12728097
111 116 0.04512150
111 110 0.00187933
111 114 0.00505712
111 119 0.00226496
111 113 0.02694325
111 108 0.11611467
111 115 0.02041838
111 118 0.04693743
111 124 0.00537498
111 123 0.00553780
111 121 0.00513065
111 117 0.03746905
145 146 0.03311908
145 154 0.03139143
145 148 0.00254499
145 150 0.00178777
145 152 0.05337213
145 155 0.84678949
145 151 0.00175646
145 153 0.01985657
145 147 0.00459673
145 149 0.00129234
71 69 0.01958220
71 72 0.23730815
71 71 0.01861377
71 68 0.00345087
52 51 0.05217922
52 54 0.00183654
52 53 0.18077123
52 52 0.25413952
9 10 0.91647884
9 9 0.01923362
77 74 0.00212465
77 78 0.34794860
77 75 0.04226533
77 77 0.00170914
77 76 0.00295223
45 44 0.36246994
45 46 0.13078687
45 47 0.13774960
45 45 0.00994759
132 132 0.00063107
132 130 0.00234034
132 134 0.00124752
132 141 0.00771335
132 131 0.00087733
132 129 0.07770429
132 135 0.00455331
132 137 0.00122607
132 136 0.00180042
132 139 0.00390419
132 128 0.00107163
132 133 0.08120851
132 142 0.39993965
67 65 0.00268779
67 66 0.00120991
67 67 0.06152033
67 68 0.31898594
140 141 0.24637520
140 145 0.04092254
140 149 0.00869693
140 144 0.00960134
140 147 0.00634012
140 138 0.00566034
140 139 0.00527235
140 140 0.02361043
140 142 0.01270845
140 146 0.00553829
140 143 0.00087710
140 148 0.00643242
140 150 0.48196476
140 137 0.00476732
95 97 0.00149041
95 96 0.45012539
95 99 0.00170684
95 93 0.07571059
95 92 0.00152977
27 27 0.33175150
27 28 0.51825445
27 26 0.00092330
27 29 0.01872157
27 30 0.00059961
27 25 0.00184768
124 127 0.00528477
124 128 0.00949525
124 133 0.00770822
124 131 0.00392286
124 126 0.00168080
124 129 0.00309507
124 123 0.00056422
124 135 0.01896193
124 121 0.24892854
124 137 0.00629147
124 124 0.00062578
124 136 0.05768479
124 134 0.25079646
124 122 0.11465370
124 132 0.00978446
124 125 0.10344186
124 130 0.00275932
20 18 0.00095769
20 22 0.00074436
20 21 0.57995343
20 19 0.00054198
20 20 0.14850779
129 131 0.00098849
129 126 0.00530374
129 136 0.00072217
129 137 0.00588372
129 139 0.33499342
129 127 0.00455635
129 133 0.00187075
129 140 0.00306182
129 128 0.00067067
129 125 0.00112535
129 132 0.00401316
129 130 0.08436944
129 138 0.00473702
129 141 0.00140175
129 134 0.00194814
12 12 0.01142301
12 13 0.66118490
123 134 0.00053097
123 120 0.00295442
123 122 0.00099788
123 132 0.00575792
123 125 0.00225133
123 130 0.00965625
123 127 0.01238075
123 128 0.00176183
123 133 0.12122143
123 129 0.00293120
123 126 0.00466974
123 131 0.00809338
123 135 0.00132112
123 121 0.00371065
123 136 0.00088903
123 124 0.09629533
54 54 0.26440807
54 53 0.13453335
54 55 0.56785679
51 52 0.28179283
51 50 0.00422362
51 53 0.00334951
51 51 0.00274884
32 32 0.20908305
32 34 0.01702912
32 33 0.15844315
32 31 0.02329100
134 131 0.00350684
134 135 0.08981765
134 137 0.00098132
134 136 0.00088454
134 140 0.00098509
134 133 0.00088899
134 144 0.41472800
134 132 0.00640048
134 130 0.00090370
134 134 0.00156724
134 141 0.00590025
15 14 0.00094834
15 16 0.56130574
15 15 0.00698717
25 25 0.34841709
25 26 0.58673173
25 23 0.00186194
25 27 0.00446956
55 54 0.02465851
55 55 0.26996033
55 56 0.56460798
11 12 0.80553475
11 11 0.01441022
96 94 0.01112168
96 100 0.00284508
96 93 0.00215255
96 98 0.00212381
96 97 0.53047123
96 99 0.00222331
44 46 0.17991190
44 44 0.22741692
44 45 0.10401586
44 43 0.07017263
6 7 0.32505949
6 6 0.09544885
36 36 0.21999281
36 38 0.11795920
36 37 0.24575946
36 35 0.01600687
24 26 0.00298767
24 25 0.59387114
24 24 0.32367106
24 22 0.00181354
126 130 0.00573020
126 132 0.00143913
126 125 0.00108736
126 122 0.00097370
126 134 0.00722338
126 136 0.27759288
126 124 0.04390042
126 129 0.00543352
126 126 0.00055983
126 123 0.24971985
126 131 0.00350099
126 135 0.00472001
126 128 0.00149413
126 133 0.00244648
126 127 0.09991192
126 139 0.00058986
46 45 0.04906006
46 49 0.00106116
46 47 0.09866804
46 46 0.00452094
46 48 0.07434051
117 120 0.01086875
117 122 0.00461151
117 114 0.24272969
117 125 0.04347960
117 116 0.00914770
117 130 0.07362535
117 127 0.02248341
117 128 0.00723397
117 119 0.02670772
117 126 0.01957679
117 123 0.00497519
117 129 0.04176502
117 131 0.00063291
117 117 0.00225056
117 121 0.01095017
117 115 0.04526285
117 118 0.12897160
117 124 0.11501081
104 108 0.00150698
104 105 0.30390236
104 106 0.01783154
104 109 0.00149325
104 101 0.00329270
104 107 0.01129138
104 102 0.09372010
68 66 0.00702817
68 69 0.30249358
68 67 0.00973540
68 68 0.01548990
53 54 0.41414411
53 53 0.26294610
53 55 0.00050403
53 52 0.25369212
94 91 0.05935683
94 92 0.10896072
94 98 0.00068194
94 95 0.45058433
94 96 0.00068010
106 109 0.02461172
106 110 0.00994074
106 111 0.00230044
106 103 0.00861353
106 107 0.34614026
106 112 0.00151489
106 104 0.27201315
106 108 0.02764656
106 113 0.00210168
106 115 0.00234102
100 97 0.00971133
100 104 0.00404876
100 98 0.00289721
100 101 0.13519590
100 103 0.00581628
29 30 0.36490695
29 29 0.39458809
29 28 0.00920939
29 31 0.02757232
29 27 0.00168744
114 114 0.00157443
114 116 0.03434544
114 120 0.00705607
114 112 0.00107805
114 111 0.00729173
114 122 0.02344976
114 121 0.06158715
114 117 0.00742539
114 123 0.01696514
114 126 0.00689943
114 118 0.00137468
114 124 0.00316663
114 113 0.00584324
114 115 0.12440248
114 127 0.02143283
114 119 0.00371504
10 11 0.70061590
10 10 0.01589972
70 70 0.01124747
70 67 0.00260560
70 68 0.00695107
70 71 0.40405659
62 62 0.25667970
62 61 0.00959197
62 63 0.50923216
48 48 0.25510929
48 49 0.21927996
48 50 0.05342203
48 47 0.20325068
66 67 0.62432863
66 65 0.00992527
66 66 0.06802867
41 43 0.13668615
41 42 0.16223075
41 40 0.29320612
41 41 0.06000602
41 44 0.00065736
82 83 0.40013755
82 80 0.23738811
82 79 0.00887052
58 59 0.36916822
58 58 0.25793634
93 97 0.00071214
93 90 0.06142904
93 91 0.27688986
93 94 0.42863644
43 43 0.19346093
43 45 0.17970209
43 44 0.11785576
43 42 0.06203516
43 46 0.00054574
101 102 0.36804606
101 103 0.00074278
101 98 0.00301315
101 105 0.00389953
101 99 0.00337091
30 31 0.25677498
30 32 0.06488563
30 30 0.49634298
30 28 0.00080285
30 29 0.02045766
38 40 0.04858406
38 39 0.16912398
38 38 0.12877010
38 37 0.03846792
2 2 0.38432492
2 3 0.14610436
2 1 0.00060435
28 30 0.02318202
28 29 0.32687884
28 26 0.00188681
28 28 0.35482510
28 31 0.00065531
28 27 0.00242990
79 80 0.40957174
79 77 0.23153270
79 79 0.00205941
79 76 0.00382243
18 18 0.03408523
18 19 0.77880230
18 16 0.00064440
130 140 0.32401355
130 133 0.00348940
130 128 0.00280946
130 139 0.00618572
130 127 0.00669606
130 137 0.00116193
130 135 0.00218787
130 131 0.07050271
130 126 0.00097290
130 129 0.00063399
130 141 0.00128890
130 134 0.00155575
130 138 0.00327284
130 132 0.00138154
144 146 0.00350031
144 152 0.04584115
144 150 0.00174486
144 148 0.00234387
144 154 0.77548240
144 145 0.02623281
144 151 0.01087069
144 144 0.00136908
144 149 0.00354703
144 153 0.02237975
144 147 0.00605964
39 38 0.04591914
39 40 0.25215721
39 41 0.01500819
39 39 0.16047855
4 5 0.29417280
4 3 0.00060402
4 4 0.32405570
98 104 0.00052137
98 96 0.33120223
98 95 0.01305144
98 99 0.59040107
98 100 0.00686981
98 102 0.00351331
98 101 0.00661017
85 82 0.00397678
85 86 0.37549617
85 83 0.00270244
57 57 0.26227902
57 58 0.70170242
57 56 0.00160708
16 17 0.54904169
16 15 0.00058274
16 16 0.01772917
143 140 0.00068264
143 146 0.00523928
143 142 0.00055907
143 143 0.00568524
143 152 0.03912600
143 148 0.01237222
143 150 0.00791098
143 145 0.00497273
143 151 0.06277960
143 144 0.04019213
143 149 0.00342429
143 153 0.63344595
143 147 0.00796411
103 104 0.39122182
103 105 0.00140331
103 108 0.00063704
103 107 0.00335492
103 101 0.00299554
103 100 0.00884680
103 106 0.00251392
63 64 0.35808272
63 63 0.00496813
56 57 0.69466440
56 56 0.26627426
56 55 0.00454715
120 125 0.00256987
120 132 0.01341635
120 130 0.08592675
120 122 0.00800981
120 123 0.00247249
120 129 0.01082626
120 126 0.00262858
120 131 0.00196897
120 121 0.02742342
120 117 0.00292057
120 118 0.00955115
120 124 0.01343936
120 127 0.03345222
120 128 0.01011580
120 133 0.03732162
109 118 0.00092873
109 113 0.00657276
109 115 0.01356207
109 117 0.00065801
109 107 0.01006255
109 112 0.00283652
109 111 0.04373426
109 116 0.06925905
109 106 0.00111591
109 110 0.27544523
109 114 0.02357534
17 17 0.02785534
17 18 0.36997925
17 15 0.00061692
17 16 0.00050916
7 8 0.66893846
7 7 0.13700415
5 5 0.05182646
5 6 0.23286312
61 62 0.47411766
61 60 0.00797383
61 61 0.25583268
59 59 0.00284351
59 58 0.00076309
59 60 0.31228830
49 49 0.25629790
49 50 0.26445726
49 51 0.01088026
49 48 0.16857254
80 77 0.00378134
80 81 0.37464497
80 80 0.00161425
80 78 0.24342234
23 21 0.00183239
23 24 0.59684058
23 23 0.32551576
23 25 0.00119294
88 86 0.24474628
88 89 0.48189174
88 90 0.00053216
88 85 0.01322272
133 139 0.00134254
133 142 0.00108525
133 133 0.00102125
133 140 0.01298957
133 143 0.37955583
133 135 0.00090407
133 129 0.00102484
133 131 0.00281501
133 136 0.00500596
133 141 0.00095152
133 134 0.08961018
133 132 0.00127347
133 130 0.07991989
133 138 0.00118570
90 91 0.57499199
90 87 0.00081792
90 88 0.16007064
97 101 0.00268586
97 94 0.01730805
97 100 0.00438713
97 95 0.27043515
97 99 0.00336803
97 98 0.53187395
14 15 0.60273993
14 14 0.01120465
115 119 0.00608690
115 127 0.00284856
115 118 0.01196961
115 124 0.00782801
115 115 0.00182791
115 113 0.00512507
115 121 0.00530768
115 117 0.02664468
115 123 0.02791550
115 126 0.00063099
115 112 0.08197535
115 122 0.13338586
115 120 0.00572837
115 116 0.13219481
115 125 0.00348074
115 114 0.00437879
136 134 0.00219673
136 132 0.00059056
136 138 0.00204226
136 139 0.00199901
136 146 0.39771456
136 142 0.00142509
136 133 0.09149511
136 143 0.02001605
136 135 0.00088476
136 137 0.09097456
136 136 0.01399224
19 17 0.00068296
19 19 0.06696048
19 20 0.61464187
131 136 0.00226281
131 129 0.01465932
131 135 0.00123229
131 128 0.24586280
131 142 0.00103737
131 133 0.00163921
131 140 0.00637991
131 127 0.00065042
131 139 0.00074648
131 138 0.00184088
131 132 0.04835497
131 134 0.00258284
131 141 0.39873602
64 64 0.00428212
64 65 0.35975874
122 120 0.01644534
122 134 0.00297927
122 122 0.00050727
122 125 0.00556754
122 132 0.16522729
122 130 0.00920639
122 127 0.00184083
122 133 0.00072053
122 128 0.00356778
122 119 0.00465887
122 121 0.00056773
122 135 0.00588354
122 129 0.02043969
122 123 0.10965946
122 126 0.01220270
122 131 0.00371562
122 124 0.00286947
112 125 0.03161981
112 114 0.04348764
112 116 0.01375476
112 110 0.11468387
112 109 0.21239309
112 120 0.00459411
112 112 0.00293404
112 111 0.00459628
112 122 0.00887669
112 121 0.01107173
112 117 0.01171788
112 123 0.00935245
112 118 0.01735085
112 124 0.01389381
112 115 0.00618385
112 113 0.10677662
112 119 0.08659433
47 50 0.00088623
47 49 0.09998624
47 47 0.00515585
47 46 0.05087925
47 48 0.09071700
116 127 0.01136672
116 128 0.02542561
116 119 0.01687538
116 131 0.00080232
116 126 0.01519933
116 123 0.11307256
116 129 0.07756188
116 121 0.00415824
116 117 0.13279045
116 115 0.01054506
116 113 0.24003600
116 124 0.04266446
116 118 0.02388542
116 120 0.01140492
116 122 0.00598431
116 114 0.04580807
116 125 0.02987409
116 130 0.00056005
116 116 0.00442167
92 93 0.43850701
92 89 0.04986654
92 90 0.25834032
50 52 0.00395611
50 49 0.01310741
50 50 0.00241717
50 51 0.30344021
69 69 0.00182254
69 70 0.34530659
69 67 0.15809167
69 66 0.00169618
