45 84 45 84 0.05048800
45 82 45 82 0.35978200
11 106 11 106 0.40345700
11 109 11 109 0.02895980
9 112 9 112 0.02150600
9 142 9 142 0.01860980
9 146 9 146 0.02186640
13 105 13 105 0.36375800
13 108 13 108 0.00294846
13 104 13 104 0.16106800
132 136 132 136 0.05108580
132 154 132 154 0.00154143
34 91 34 91 0.01651990
34 92 34 92 0.47215400
40 88 40 88 0.70438900
23 98 23 98 0.02328160
111 120 111 120 0.00347056
111 132 111 132 0.08424480
111 117 111 117 0.00807316
57 71 57 71 0.05422210
57 72 57 72 0.02532530
57 70 57 70 0.39926600
61 66 61 66 0.06244460
61 65 61 65 0.03130150
61 67 61 67 0.35459200
21 26 21 26 0.06427700
12 105 12 105 0.27653200
12 106 12 106 0.27333500
12 109 12 109 0.00470587
123 130 123 130 0.05254710
2 151 2 151 0.68071600
2 116 2 116 0.00272660
2 114 2 114 0.01923020
118 135 118 135 0.05263860
118 128 118 128 0.54253900
10 110 10 110 0.01827010
10 107 10 107 0.43669900
124 131 124 131 0.00358121
38 87 38 87 0.00234653
38 90 38 90 0.59142500
49 77 49 77 0.69408200
36 91 36 91 0.04057650
36 89 36 89 0.00656974
36 92 36 92 0.20067700
152 159 152 159 0.02686890
17 101 17 101 0.57556600
59 66 59 66 0.03444810
59 70 59 70 0.13277900
59 67 59 67 0.03403410
59 65 59 65 0.01516610
33 93 33 93 0.56964600
33 92 33 92 0.01114450
117 129 117 129 0.47462900
117 136 117 136 0.04901250
44 82 44 82 0.02495770
44 84 44 84 0.60262400
138 144 138 144 0.20370400
62 67 62 67 0.05108960
62 66 62 66 0.35078700
18 100 18 100 0.68379000
153 158 153 158 0.09762210
106 112 106 112 0.00196029
60 68 60 68 0.31669000
60 69 60 69 0.20260500
109 134 109 134 0.03053810
109 116 109 116 0.05039240
26 98 26 98 0.03496460
26 99 26 99 0.05498390
55 72 55 72 0.58672500
55 73 55 73 0.03232170
28 98 28 98 0.39359700
20 26 20 26 0.05122130
1 152 1 152 0.57228600
1 117 1 117 0.00068490
3 150 3 150 0.55351200
3 115 3 115 0.00698514
3 113 3 113 0.03964670
25 98 25 98 0.09504260
135 143 135 143 0.03942520
135 144 135 144 0.03058770
107 119 107 119 0.00167750
107 136 107 136 0.01019100
107 111 107 111 0.00605639
107 118 107 118 0.00833133
107 124 107 124 0.00052576
107 121 107 121 0.00080309
42 86 42 86 0.59789700
42 84 42 84 0.00448561
53 74 53 74 0.60507300
41 85 41 85 0.00594030
41 87 41 87 0.70261700
121 126 121 126 0.21570000
121 132 121 132 0.03798090
32 94 32 94 0.68423700
56 71 56 71 0.53951300
56 72 56 72 0.04508800
56 73 56 73 0.01734170
115 131 115 131 0.33811900
128 143 128 143 0.00532588
37 91 37 91 0.64669700
37 88 37 88 0.00351425
122 131 122 131 0.04617700
30 96 30 96 0.68279200
7 13 7 13 0.00129731
7 110 7 110 0.33869900
7 107 7 107 0.01178620
130 156 130 156 0.00072916
130 151 130 151 0.00128823
130 141 130 141 0.01703370
39 86 39 86 0.00175056
39 89 39 89 0.59695200
129 142 129 142 0.01003600
31 95 31 95 0.57606700
5 113 5 113 0.03603730
5 122 5 122 0.00096383
5 111 5 111 0.11809000
5 148 5 148 0.44384000
35 90 35 90 0.01169230
131 136 131 136 0.03107890
131 137 131 137 0.02021320
131 150 131 150 0.00397845
131 155 131 155 0.00093662
116 137 116 137 0.07202290
116 130 116 130 0.46382000
43 85 43 85 0.70096500
137 146 137 146 0.05930370
137 145 137 145 0.16311400
137 142 137 142 0.04959120
27 98 27 98 0.10655600
54 73 54 73 0.67171000
8 143 8 143 0.02180690
8 113 8 113 0.01789550
8 109 8 109 0.45380200
8 106 8 106 0.00916483
48 78 48 78 0.59868100
52 75 52 75 0.60507300
119 127 119 127 0.44091700
119 126 119 126 0.04031660
19 99 19 99 0.54100900
125 130 125 130 0.00940057
108 120 108 120 0.00158333
108 117 108 117 0.02413960
50 76 50 76 0.69271100
50 77 50 77 0.01415010
15 103 15 103 0.63046500
47 82 47 82 0.09665280
4 149 4 149 0.60105000
4 112 4 112 0.07793370
4 114 4 114 0.02262610
110 118 110 118 0.00268443
110 136 110 136 0.02875130
110 121 110 121 0.00147551
110 115 110 115 0.10133700
14 103 14 103 0.06781490
14 104 14 104 0.48506100
58 71 58 71 0.06145950
58 67 58 67 0.04886930
58 66 58 66 0.01153210
58 70 58 70 0.11004900
127 144 127 144 0.00273618
134 144 134 144 0.03765400
24 98 24 98 0.03059950
16 102 16 102 0.57555900
