3 158 3 157 0.05615540
3 158 3 159 0.00204661
3 118 3 115 0.00052954
25 34 25 34 0.59651500
42 72 48 78 0.00088107
42 72 49 77 0.00253219
42 73 48 78 0.00407933
42 73 47 79 0.35058100
126 153 127 153 0.08705220
126 153 124 152 0.00380768
126 153 126 154 0.05778320
126 153 126 150 0.00521019
126 153 125 152 0.09953240
26 33 26 33 0.10517500
127 151 127 149 0.46645800
127 151 125 152 0.00137652
127 151 126 150 0.12717300
46 70 53 76 0.00484414
46 70 51 76 0.05202540
46 67 54 73 0.00194367
20 26 20 26 0.07476390
47 66 55 72 0.00079615
47 68 54 74 0.08507840
47 68 54 73 0.05852790
47 68 55 74 0.01138690
47 68 52 75 0.03671170
47 68 53 74 0.10799100
15 21 14 20 0.00503713
110 130 110 130 0.02083140
4 157 3 157 0.00053919
4 157 4 158 0.01182940
4 157 4 156 0.06426550
14 22 13 21 0.04152300
50 62 58 70 0.02585450
50 62 58 67 0.00090903
50 62 58 71 0.00065330
50 62 57 71 0.00144540
139 149 139 149 0.01311180
139 149 139 147 0.00060325
109 131 109 131 0.01554010
51 61 58 70 0.00100784
51 61 58 67 0.07971960
44 71 50 77 0.05894770
44 71 49 77 0.23081000
44 71 51 76 0.04973380
125 153 125 152 0.07348250
125 153 124 152 0.01183100
125 154 125 152 0.42197400
125 154 126 154 0.08150240
108 132 108 132 0.00497493
33 90 36 90 0.00138522
136 144 135 143 0.05063970
136 144 134 143 0.00900018
136 145 134 143 0.00371120
136 145 135 143 0.00058517
136 152 136 152 0.11599000
136 143 135 143 0.01570670
136 143 134 143 0.00207943
136 140 135 139 0.03522420
136 141 134 139 0.00157840
136 141 135 139 0.00777248
140 148 140 148 0.01313050
133 144 132 144 0.01669700
133 144 132 143 0.00438946
133 144 133 143 0.00804970
133 144 133 144 0.28066800
133 144 131 144 0.00275733
133 145 132 143 0.01607570
133 145 132 144 0.09324910
133 145 133 144 0.01328770
133 145 133 143 0.38187600
133 145 131 144 0.00930791
48 67 56 72 0.00088537
48 67 56 73 0.01672800
48 67 54 73 0.09361780
48 67 53 74 0.02070320
48 67 55 73 0.12098500
48 67 55 72 0.07382640
48 67 55 74 0.00090374
52 60 59 66 0.18225600
52 60 59 67 0.06287790
52 60 60 68 0.02768490
52 60 58 67 0.03755010
36 81 41 87 0.01078360
36 81 42 86 0.00261571
36 92 36 92 0.19865500
36 87 36 92 0.00067031
36 87 41 87 0.34528200
36 87 40 88 0.00131479
36 87 42 86 0.00063266
36 82 43 85 0.00356093
36 82 42 86 0.00110229
36 82 41 87 0.00091687
137 144 135 143 0.00074108
137 144 137 142 0.09316240
137 141 135 139 0.02658880
137 141 137 141 0.33737900
137 142 137 142 0.05715440
137 142 137 141 0.00647294
137 143 137 142 0.00470451
137 143 137 141 0.01525300
54 58 61 67 0.00080213
54 58 62 66 0.01747040
141 147 139 145 0.00075623
8 14 7 13 0.03858870
38 77 45 82 0.00623959
38 77 44 82 0.00266703
38 91 37 91 0.00287446
38 79 45 82 0.00994050
38 79 45 84 0.00179278
38 79 43 85 0.33396200
38 79 44 82 0.00272928
38 79 44 84 0.00659077
49 65 55 72 0.00236877
49 65 56 72 0.00273115
49 65 56 71 0.02275410
49 65 57 72 0.00151300
49 65 57 71 0.00309109
49 66 57 72 0.01768430
49 66 57 71 0.00135687
49 66 56 71 0.07719550
49 66 56 72 0.10684600
49 66 56 73 0.00154342
49 66 54 73 0.01818990
49 66 55 72 0.06766910
49 66 55 73 0.00092359
124 155 124 152 0.00341074
123 156 122 156 0.00173281
2 159 2 158 0.13564400
43 72 50 77 0.07092100
43 72 48 78 0.30155900
43 72 49 77 0.00210404
5 156 4 156 0.00057149
5 156 5 157 0.00711565
5 156 5 155 0.09294850
5 156 5 154 0.01027590
131 147 129 146 0.00358755
131 147 129 147 0.00466877
131 147 130 146 0.10059800
131 147 130 147 0.01116540
131 147 130 145 0.00971966
131 148 130 146 0.00814670
131 148 130 147 0.00648225
131 148 129 147 0.00665739
131 151 131 150 0.00487027
131 151 130 151 0.00327773
35 88 39 89 0.00165260
35 88 40 88 0.32360000
35 88 35 93 0.00101021
35 93 35 93 0.15177400
35 83 40 88 0.00051981
35 83 42 86 0.00218910
35 84 41 87 0.00061924
122 157 120 157 0.00432929
122 157 122 156 0.09434940
111 125 111 126 0.00055925
39 90 39 89 0.07330170
39 78 44 82 0.00194708
39 78 44 84 0.27938200
39 78 45 82 0.00052141
130 152 130 151 0.00638854
130 152 129 152 0.00412727
130 149 129 147 0.00663559
130 149 130 146 0.00050436
130 149 130 147 0.05857470
130 149 128 148 0.01023550
128 150 126 150 0.00241204
128 150 128 148 0.46002700
128 150 127 149 0.12831900
128 151 126 150 0.00220938
128 151 128 148 0.00088205
37 86 42 86 0.33991200
37 86 37 91 0.00148255
37 86 41 87 0.00154799
132 150 131 150 0.00060339
132 147 130 146 0.00317944
132 146 132 144 0.30691000
132 146 130 146 0.00460437
132 146 130 145 0.00701297
132 146 131 144 0.01267600
34 89 39 89 0.07725500
40 89 39 89 0.00174948
40 89 40 88 0.38857500
32 91 37 91 0.05606780
32 91 35 91 0.00228008
45 71 50 77 0.05033450
45 70 53 76 0.00179348
45 70 52 75 0.08811110
45 70 50 77 0.00303154
45 70 51 76 0.06429280
53 59 61 67 0.02808120
53 59 60 68 0.00150276
53 59 59 66 0.03860350
121 158 121 158 0.64094700
121 158 120 157 0.00083243
121 158 119 158 0.00437363
41 73 48 78 0.05890590
41 73 47 79 0.00079360
41 88 41 87 0.17100800
41 88 40 88 0.00747791
