126 126 0.99849100
126 127 0.00089474
34 34 0.99583200
89 89 0.53551300
80 80 0.97639000
80 78 0.01337820
80 79 0.00318410
80 81 0.00226613
27 27 0.84836200
60 60 0.30189100
152 152 0.63700600
150 150 0.87624700
20 20 0.91848300
137 137 0.01399180
8 8 0.82756400
148 148 0.99531400
148 147 0.00144037
19 19 0.76390400
13 13 0.99527500
31 31 0.75542500
121 121 0.73752000
54 54 0.29042000
36 36 0.39648700
55 55 0.29041100
39 39 0.30602800
90 90 0.95349100
116 116 0.07303690
156 156 0.16080800
23 23 0.99657500
125 125 0.99899700
14 14 0.99548100
28 28 0.99898800
131 131 0.34369800
12 12 0.67553800
101 101 0.71704000
142 142 0.99097300
94 94 0.95180600
149 148 0.00105761
149 149 0.80718200
119 119 0.94080500
120 120 0.89266900
96 96 0.84484800
87 87 0.99534000
87 85 0.00203354
159 159 0.99322700
117 117 0.99980200
110 110 0.04258210
3 3 0.16122500
6 6 0.88134700
68 68 0.05819900
122 122 0.34375800
5 5 0.99216000
114 114 0.45440800
22 22 0.59366900
74 74 0.73166800
128 128 0.99929100
109 109 0.86133800
32 32 0.08609660
44 44 0.29041200
37 37 0.39649300
139 139 0.45423900
141 141 0.99089500
62 62 0.99928300
99 99 0.81706300
72 72 0.92680300
112 112 0.99074700
67 67 0.94429200
145 145 0.51716700
40 40 0.35360700
84 85 0.00185155
84 84 0.98093700
84 82 0.01376330
63 63 0.39652800
81 81 0.97829500
81 79 0.01413640
81 82 0.00155456
81 80 0.00215912
124 124 0.35138500
93 93 0.91453900
43 43 0.06741030
138 138 0.03362970
15 15 0.99582800
127 127 0.99868300
127 128 0.00056864
70 70 0.86849200
70 69 0.00069665
115 115 0.03376200
86 86 0.99295800
86 84 0.00341929
118 118 0.58462000
58 58 0.48951600
57 57 0.39616400
144 144 0.99534700
153 153 0.88408400
7 7 0.95209900
136 136 0.99993500
59 59 0.99893100
53 53 0.29042300
130 130 0.45341700
11 11 0.99385400
133 133 0.99972900
129 129 0.35123800
154 154 0.99273100
155 155 0.99273400
29 29 0.99767500
107 107 0.96362500
35 35 0.00857623
4 4 0.97007200
66 66 0.99580000
134 134 0.73749500
160 160 0.99568200
147 147 0.67572400
65 65 0.00857357
10 10 0.99386900
77 78 0.00322590
77 77 0.97790600
77 76 0.00589483
77 75 0.00155388
78 79 0.00324207
78 76 0.00244226
78 78 0.97488000
78 77 0.00751011
76 77 0.00089356
76 75 0.00354451
76 76 0.98794900
76 74 0.00069377
17 17 0.99585400
105 105 0.90960100
26 26 0.29616000
111 111 0.99111000
104 104 0.85873300
71 71 0.28349100
71 70 0.00063965
88 88 0.80030400
146 146 0.52611600
103 103 0.64923900
83 82 0.00088697
83 84 0.00216827
83 83 0.98018500
83 81 0.01405020
61 61 0.35784700
49 49 0.99998500
102 102 0.66771400
75 75 0.99161200
75 76 0.00053392
75 74 0.00112064
25 25 0.99665200
45 45 0.29042000
158 159 0.00060147
158 158 0.27763300
73 73 0.99641000
1 2 0.00187960
1 1 0.28263500
16 16 0.99585600
135 135 0.47748300
98 98 0.24194400
9 9 0.99387300
24 24 0.99666200
41 41 0.48952400
79 80 0.00308552
79 77 0.00834771
79 78 0.00433358
79 79 0.97531000
46 46 0.29042200
106 106 0.92538000
132 132 0.99970100
52 52 0.29317800
69 68 0.00067560
69 69 0.80623700
157 157 0.99258200
2 3 0.00111550
2 2 0.99527200
64 64 0.39648900
33 33 0.58565600
56 56 0.06740590
151 151 0.85359600
18 18 0.99587400
50 50 0.99998600
97 97 0.97618700
140 140 0.99080700
30 30 0.99482500
21 21 0.94098500
82 82 0.86364300
82 80 0.01403470
82 81 0.00108694
82 83 0.00154893
95 95 0.89601300
108 108 0.80070900
42 42 0.39616300
123 123 0.45348100
85 83 0.01232720
85 85 0.98285700
85 86 0.00103825
91 91 0.91829400
38 38 0.99913400
51 51 0.99998300
47 47 0.29318100
113 113 0.99087000
48 48 0.99998800
143 143 0.99159800
92 92 0.91626100
100 100 0.25355800
