16 15 0.00078139
16 25 0.00078016
16 27 0.00062144
16 26 0.02984609
16 18 0.32959324
16 17 0.00316855
16 23 0.00114043
16 8 0.00124387
16 19 0.02674830
16 16 0.11228388
16 21 0.00224196
16 14 0.07365835
16 24 0.04365415
19 22 0.05879363
19 17 0.02761720
19 11 0.01603255
19 31 0.00140592
19 32 0.00252756
19 26 0.00939372
19 18 0.03407883
19 27 0.04344592
19 24 0.00239158
19 20 0.01207626
19 21 0.39448937
19 28 0.02007917
19 19 0.03999125
19 29 0.05292493
19 30 0.04523507
19 23 0.00509267
139 152 0.78234719
139 153 0.01847185
115 128 0.66124377
115 130 0.00168473
62 74 0.00321889
62 73 0.00144196
62 75 0.18780093
62 76 0.00994987
62 70 0.00067266
62 54 0.01310065
95 97 0.00259913
95 108 0.86533731
100 113 0.80997671
100 102 0.00627995
10 20 0.00149746
10 10 0.10984558
10 7 0.00087643
10 19 0.00077951
10 8 0.07743215
10 22 0.00335821
10 12 0.29621350
10 11 0.06077450
10 17 0.00206650
10 18 0.00580328
10 13 0.00258823
10 15 0.00066903
7 14 0.03463799
7 9 0.27430600
7 7 0.11797928
7 8 0.08238050
7 16 0.03608093
7 5 0.00372356
7 4 0.00171685
7 18 0.00062458
7 13 0.00119389
63 77 0.01006555
63 75 0.00146002
63 55 0.00759465
63 71 0.00065561
63 76 0.23768958
129 143 0.00123536
129 142 0.63793756
94 107 0.93970074
94 96 0.00230518
114 127 0.65601858
114 129 0.00163796
117 130 0.79707479
117 132 0.00199495
48 60 0.02995495
48 61 0.21136208
48 55 0.35922378
48 58 0.00536996
48 59 0.01674003
48 54 0.00097794
48 62 0.00164716
48 56 0.00253234
48 57 0.01661025
52 63 0.00927452
52 59 0.36959105
52 64 0.03487700
52 62 0.00571566
52 65 0.16449020
52 61 0.01515385
52 66 0.00485590
52 60 0.00067015
88 101 0.55313269
88 103 0.00064479
88 98 0.00106924
88 102 0.02015608
88 90 0.00142719
88 89 0.00079179
88 88 0.00059745
61 68 0.00069189
61 69 0.00065275
61 53 0.00114237
61 72 0.00449527
61 73 0.01230580
61 74 0.24417850
61 75 0.00474377
75 67 0.00347682
75 88 0.25005541
75 89 0.25813795
17 22 0.00227617
17 17 0.10680783
17 26 0.00759234
17 18 0.00439823
17 25 0.01869397
17 27 0.07186335
17 15 0.10232197
17 9 0.00118772
17 24 0.00219527
17 20 0.03017325
17 21 0.00083475
17 19 0.33308661
17 16 0.00834586
17 28 0.01185554
125 139 0.00055304
125 138 0.93496218
125 127 0.01397560
143 156 0.58373745
143 153 0.00059422
143 157 0.00085106
109 124 0.00098273
109 122 0.60224245
5 11 0.04117345
5 3 0.08046660
5 2 0.00378187
5 6 0.05482750
5 7 0.26759801
5 5 0.12570950
44 52 0.00297227
44 53 0.01636435
44 58 0.00207664
44 55 0.01742104
44 54 0.00323814
44 51 0.39153070
44 57 0.15721325
44 56 0.03119117
121 136 0.00247960
121 134 0.73880723
121 135 0.00100897
45 37 0.01747915
45 53 0.00263871
45 52 0.62675571
45 55 0.00660427
45 58 0.17378410
45 54 0.01474740
45 59 0.00195728
45 56 0.01674850
45 57 0.07483292
45 51 0.00065752
134 148 0.01464507
134 147 0.64143899
9 3 0.00070380
9 12 0.00066710
9 11 0.29973450
9 17 0.00266159
9 18 0.00485401
9 6 0.00072905
9 15 0.00522473
9 9 0.11007892
9 21 0.00111878
9 20 0.00058309
9 7 0.17169170
9 10 0.06109300
9 16 0.00185505
99 101 0.01474165
99 112 0.77705845
84 85 0.00149394
84 98 0.24177600
84 97 0.44038536
84 94 0.00169054
113 126 0.60549811
113 128 0.00151872
21 34 0.00884099
21 25 0.00113488
21 26 0.00291378
21 33 0.02032398
21 31 0.02601024
21 32 0.08246800
21 22 0.00529611
21 29 0.03718348
21 23 0.30063175
21 30 0.01761018
21 28 0.01797974
21 19 0.00140486
21 20 0.00354066
21 21 0.00240683
21 24 0.00774460
118 133 0.00232050
118 131 0.84166994
76 68 0.00346401
76 90 0.58017265
76 89 0.24425728
104 93 0.00127007
104 117 0.80591279
104 106 0.00495609
145 158 0.62346091
15 18 0.01177510
15 13 0.08002596
15 25 0.00080392
15 15 0.11203523
15 22 0.00272938
15 17 0.34148745
15 16 0.00410881
15 23 0.00253753
15 20 0.00218611
15 7 0.00058164
146 159 0.38538511
28 31 0.00633998
28 32 0.01288629
28 41 0.06126346
28 39 0.07159286
28 34 0.09410964
28 33 0.07502104
28 20 0.01681785
28 30 0.29961060
28 35 0.09106551
28 29 0.00071020
28 40 0.00200833
86 96 0.00128507
86 87 0.00129894
86 88 0.00060265
86 99 0.33694677
86 100 0.14596614
47 58 0.01701675
47 55 0.00303651
47 61 0.00184494
47 53 0.00134040
47 60 0.19820855
47 39 0.01748305
47 57 0.00892564
47 56 0.01532525
47 54 0.60711743
47 59 0.08367979
43 53 0.00119447
43 52 0.01328840
43 55 0.00743829
43 54 0.01668450
43 35 0.01779125
43 56 0.15227362
43 50 0.40490769
43 57 0.00195467
43 51 0.00420904
78 92 0.17736950
78 70 0.00169860
78 91 0.09408021
24 36 0.00589539
24 28 0.00673777
24 35 0.12382686
24 30 0.00057080
24 29 0.01114296
24 31 0.00595080
24 32 0.00063439
24 37 0.02023612
24 33 0.00082693
24 26 0.07636434
24 27 0.00537984
24 25 0.00224306
24 34 0.00144745
103 105 0.00496288
103 92 0.00129785
103 116 0.77114954
111 124 0.94158974
111 126 0.00170436
141 155 0.00687432
141 154 0.59496656
93 95 0.00215153
93 106 0.81105327
53 67 0.01025325
53 63 0.00451920
53 62 0.00868045
53 64 0.01269663
53 66 0.19211952
53 61 0.00070342
53 65 0.04829336
53 60 0.37632831
22 25 0.02158299
22 27 0.00426347
22 34 0.02492424
22 33 0.12773674
22 31 0.00321811
22 32 0.00743898
22 22 0.00110696
22 29 0.01146801
22 30 0.02076392
22 35 0.00952775
22 23 0.00334321
22 21 0.00054192
22 24 0.02189517
128 130 0.01397625
128 142 0.00131875
128 141 0.93401262
12 10 0.02398546
12 20 0.01837664
12 14 0.29734250
12 24 0.00418366
12 19 0.02746186
12 17 0.00200386
12 12 0.10918264
12 22 0.00125617
12 15 0.00782175
12 13 0.05335950
123 137 0.00149645
123 136 0.72816837
133 147 0.00980961
133 148 0.00082881
133 146 0.63291810
3 4 0.03624513
3 11 0.00079719
3 3 0.18928054
3 1 0.00568637
3 12 0.00732799
3 10 0.00843040
3 9 0.00897786
3 5 0.10121128
3 8 0.00059414
32 39 0.35429173
32 34 0.00087223
32 43 0.00476757
32 38 0.00317101
32 45 0.00833003
32 24 0.01727655
79 93 0.17226039
79 92 0.12908587
79 91 0.00083445
79 80 0.00073445
102 115 0.82480062
102 91 0.00066931
102 104 0.00497523
112 125 0.61024614
112 127 0.00126832
14 19 0.00223110
14 16 0.33939850
14 14 0.11111233
14 24 0.02216447
14 21 0.05016334
14 15 0.00795195
14 22 0.00477313
14 12 0.04239815
14 17 0.00912050
136 150 0.02278072
136 149 0.58472543
98 100 0.00458505
98 111 0.69219712
50 42 0.01682450
50 60 0.00645393
50 58 0.00075152
50 61 0.00556296
50 62 0.03699111
50 59 0.01683440
50 64 0.00181508
50 63 0.18798659
50 57 0.35586020
50 56 0.00070872
51 57 0.00053530
51 63 0.03304876
51 62 0.00550453
51 43 0.01693090
51 64 0.11077257
51 59 0.00059800
51 65 0.00408288
51 58 0.50417797
51 61 0.00714246
51 60 0.01546190
57 64 0.04334796
57 68 0.01973332
57 69 0.10597466
57 67 0.09072826
57 71 0.01870388
57 70 0.29053592
57 65 0.00205480
57 66 0.00147800
36 42 0.00055671
36 49 0.01114117
36 47 0.00141249
36 43 0.58399212
36 28 0.00125629
36 50 0.00055160
36 45 0.00102504
142 155 0.78520473
142 156 0.00341400
119 132 0.81855913
119 134 0.00231037
83 96 0.43439414
83 97 0.26714295
83 84 0.00145768
13 11 0.23627332
13 22 0.00308073
13 13 0.10880932
13 15 0.31610450
13 18 0.00222785
13 20 0.09559114
13 21 0.01674484
13 14 0.03148870
13 23 0.06902323
13 16 0.00834930
127 129 0.01397560
127 141 0.00093617
127 140 0.93460523
41 55 0.00076185
41 49 0.00107789
41 33 0.01760655
41 52 0.00492059
41 53 0.00286747
41 48 0.49872373
41 51 0.00374136
41 50 0.00860106
41 54 0.13285116
77 90 0.25437406
77 91 0.27303733
77 69 0.00296704
55 66 0.03201471
55 65 0.00569495
55 62 0.36920208
55 68 0.27104318
55 64 0.00363053
55 67 0.05971978
55 69 0.01551851
55 63 0.00730242
120 135 0.00247852
120 133 0.88350929
116 129 0.67889160
116 131 0.00174037
122 136 0.00175623
122 135 0.74687889
81 82 0.00103230
81 95 0.32036866
81 94 0.44890188
131 144 0.62628498
131 146 0.00246055
131 145 0.00299784
90 90 0.00058084
90 103 0.43383839
90 91 0.00060086
90 92 0.00164667
85 86 0.00140967
85 99 0.19998212
85 98 0.22677560
85 95 0.00140268
80 92 0.00118332
80 93 0.23011988
80 81 0.00096268
80 94 0.23218047
23 32 0.00070354
23 31 0.00306311
23 25 0.35180956
23 27 0.00064149
23 34 0.12405423
23 33 0.00579883
23 26 0.00262547
23 36 0.00730690
23 23 0.00068319
23 35 0.02186060
23 30 0.00862058
23 28 0.00741291
59 51 0.00162502
59 69 0.00364784
59 73 0.02934367
59 66 0.01025011
59 72 0.24620680
59 70 0.00728775
59 71 0.11739420
69 82 0.31079480
69 83 0.30239160
69 61 0.01823115
91 91 0.00057676
91 92 0.00052271
91 93 0.00173906
91 104 0.63878690
18 25 0.04084016
18 27 0.01752668
18 26 0.06455469
18 18 0.07210328
18 17 0.03058396
18 31 0.00055191
18 22 0.00280589
18 29 0.02803389
18 30 0.00103855
18 23 0.00274423
18 28 0.06237606
18 19 0.00842636
18 16 0.04262284
18 20 0.36093550
18 21 0.04267616
33 44 0.00816096
33 35 0.00057864
33 40 0.47214646
33 38 0.00079305
33 46 0.08076778
33 45 0.00092536
33 25 0.01727420
33 39 0.04117756
71 84 0.25638586
71 85 0.00527953
147 160 0.44270632
147 158 0.00070851
27 38 0.06786828
27 28 0.00127577
27 40 0.00892556
27 19 0.01681660
27 29 0.38508950
27 30 0.03441034
27 32 0.09379777
27 31 0.04652539
27 33 0.07541262
27 34 0.05269681
27 39 0.00104152
2 10 0.00155234
2 7 0.00124416
2 9 0.00295128
2 5 0.00153730
2 8 0.03904859
2 4 0.04526591
2 11 0.01141656
2 3 0.01613580
2 6 0.00096400
2 2 0.17494528
96 98 0.00280109
96 109 0.68377147
74 66 0.00115737
74 87 0.25228065
74 88 0.01515399
58 71 0.30438509
58 70 0.00872489
58 72 0.00383861
58 65 0.01330644
58 66 0.00112169
58 68 0.00875373
58 69 0.00753576
126 139 0.93447528
126 138 0.00052862
126 140 0.00092258
126 128 0.01397265
68 80 0.00057136
68 81 0.30415852
68 82 0.64417026
68 60 0.01823970
56 70 0.01576878
56 66 0.02398080
56 65 0.00224612
56 64 0.00306546
56 68 0.06074596
56 67 0.09339357
56 69 0.28194453
56 63 0.27437101
67 59 0.01823625
67 80 0.31091508
67 79 0.00180789
67 81 0.64402562
101 103 0.00495618
101 114 0.75551799
97 99 0.00301304
97 110 0.39451474
137 150 0.59152634
137 151 0.02428784
20 30 0.05406400
20 23 0.05362257
20 29 0.01915734
20 19 0.01477197
20 28 0.05573457
20 21 0.00696629
20 20 0.01624227
20 24 0.00304593
20 27 0.03518484
20 25 0.00284011
20 33 0.00803258
20 18 0.00518146
20 32 0.00532787
20 31 0.05300973
20 22 0.30912712
124 137 0.87525996
124 126 0.01397625
107 120 0.70124510
107 109 0.00477154
105 107 0.00489940
105 118 0.72220224
105 94 0.00123874
39 52 0.15445064
39 53 0.00271614
39 48 0.00602530
39 49 0.00151437
39 31 0.01784840
39 47 0.00073529
39 46 0.65617293
39 51 0.00140835
39 50 0.00644288
6 7 0.08424750
6 8 0.27200347
6 4 0.00377542
6 3 0.00931615
6 12 0.00060518
6 6 0.11992129
42 54 0.03450459
42 56 0.00179762
42 50 0.00278269
42 51 0.01382304
42 49 0.43591709
42 34 0.01779255
42 52 0.00253579
42 53 0.01236252
42 55 0.15917075
92 94 0.00202143
92 105 0.61202003
140 154 0.01934935
140 153 0.73866086
1 6 0.00141057
1 2 0.00608741
1 3 0.07369552
1 1 0.53040342
1 4 0.00101641
1 8 0.00850190
1 5 0.00051987
1 10 0.00058353
1 7 0.02724064
31 36 0.00079090
31 38 0.02790455
31 23 0.01747045
31 44 0.00737460
31 43 0.00203805
31 37 0.02857755
31 33 0.00065906
31 42 0.00274554
110 125 0.00117537
110 123 0.62814373
35 48 0.01007887
35 42 0.67000478
35 27 0.01760875
35 41 0.00160223
35 47 0.00399234
35 44 0.00066659
35 46 0.00129813
35 45 0.00148116
30 41 0.00231033
30 32 0.00891359
30 37 0.36432572
30 34 0.00086623
30 36 0.00331167
30 35 0.00377762
30 43 0.01578610
64 78 0.00513347
64 76 0.02190339
64 77 0.25599748
29 36 0.04357305
29 40 0.00149759
29 35 0.00448807
29 41 0.00139886
29 31 0.01992291
29 32 0.00090161
29 33 0.00703893
29 34 0.03141781
29 42 0.02258654
38 48 0.00276507
38 52 0.00404234
38 49 0.00456965
38 47 0.00526745
38 30 0.01784455
38 44 0.00067031
38 50 0.00412889
38 51 0.05709908
38 46 0.00116667
38 45 0.66097118
49 60 0.00422021
49 55 0.00082714
49 61 0.03842053
49 58 0.01638445
49 62 0.18393535
49 59 0.00795737
49 56 0.35621958
49 63 0.00166813
49 57 0.00131181
26 28 0.40901431
26 30 0.04527868
26 29 0.06478927
26 38 0.00232686
26 18 0.01686360
26 37 0.00318614
26 33 0.02729453
26 39 0.00682647
26 27 0.00116742
26 31 0.10246699
26 32 0.03877269
89 89 0.00059419
89 91 0.00153922
89 103 0.00218314
89 90 0.00069995
89 102 0.41022542
60 67 0.00624680
60 72 0.05022629
60 52 0.00367885
60 71 0.03562480
60 70 0.01440382
60 73 0.18789457
60 74 0.23605287
130 144 0.00281955
130 143 0.65068895
82 95 0.50336824
82 83 0.00105219
82 96 0.24674435
108 123 0.00071396
108 121 0.78183149
108 110 0.00070239
25 38 0.02225953
25 36 0.11193275
25 28 0.08893394
25 30 0.03609237
25 29 0.03227488
25 31 0.00458669
25 32 0.00943124
25 26 0.00100009
25 37 0.03535548
25 33 0.00060682
25 27 0.42205857
132 146 0.00619115
132 147 0.00191079
132 145 0.81062295
66 58 0.01823150
66 78 0.00290580
66 80 0.36487071
66 79 0.25080373
11 12 0.05713950
11 11 0.11009712
11 18 0.02438856
11 13 0.29569650
11 14 0.00537325
11 9 0.01121914
11 21 0.00064914
11 20 0.00162416
11 8 0.00089503
11 16 0.00134709
11 19 0.00140085
11 23 0.00396925
40 50 0.00219473
40 51 0.00969562
40 47 0.54633902
40 54 0.00310327
40 32 0.00125628
40 48 0.00057228
40 53 0.01649252
40 52 0.00316492
40 49 0.00756630
8 17 0.00320445
8 12 0.00051935
8 15 0.00619885
8 6 0.00471448
8 10 0.29726600
8 14 0.02837099
8 9 0.06375900
8 5 0.00070880
8 8 0.11151710
8 19 0.00073910
8 16 0.00178112
54 67 0.26612532
54 63 0.00589780
54 62 0.00161018
54 68 0.01417473
54 64 0.00408844
54 66 0.05384984
54 61 0.41089055
54 65 0.01548923
106 95 0.00123216
106 108 0.00484266
106 119 0.72624264
144 148 0.00053430
144 157 0.20168675
46 54 0.00316302
46 59 0.19231902
46 57 0.01680870
46 38 0.01747950
46 56 0.00755707
46 60 0.00180214
46 53 0.47551770
46 52 0.00098651
46 58 0.07679712
46 55 0.01497900
135 149 0.01984511
135 148 0.63850502
37 49 0.00100822
37 48 0.01492604
37 45 0.00051185
37 50 0.02622599
37 51 0.00229080
37 46 0.00377904
37 47 0.00059096
37 29 0.01784595
37 44 0.63566420
138 151 0.90771140
138 152 0.04065296
34 46 0.00222310
34 38 0.00074141
34 45 0.05325567
34 47 0.14856257
34 40 0.00580299
34 41 0.65515248
72 85 0.22317716
72 86 0.01030056
72 64 0.00764410
70 83 0.24071585
70 62 0.01822990
70 84 0.36497433
73 65 0.01314945
73 87 0.01047599
73 86 0.24106531
4 6 0.03613879
4 13 0.00935922
4 2 0.08136157
4 4 0.15651682
4 11 0.01696552
4 5 0.06691511
4 7 0.00096427
4 10 0.00217702
65 77 0.00845897
65 79 0.30216838
65 57 0.01821905
65 78 0.30101830
87 89 0.00130813
87 88 0.00063922
87 100 0.40338002
87 101 0.07493660
87 97 0.00117552
87 102 0.00057430
