75 74 0.00484720
75 75 0.98914900
115 118 0.00162170
115 115 0.97379100
115 116 0.00898898
14 14 0.63918600
100 99 0.00059534
100 100 0.94314800
48 47 0.00053635
48 48 0.98380100
9 10 0.01869710
9 9 0.94636300
7 8 0.06205920
7 7 0.88601000
7 6 0.00129032
68 67 0.00951717
68 68 0.97264600
97 96 0.00326704
97 97 0.94010000
5 5 0.85200500
5 4 0.00195503
5 6 0.00705492
89 88 0.00436188
89 91 0.00080817
89 87 0.00149991
89 90 0.02996620
89 89 0.90177900
118 118 0.93793600
118 119 0.03773160
24 24 0.99342800
114 115 0.00866192
114 114 0.97986800
114 113 0.00099407
114 117 0.00185545
16 16 0.96264200
58 57 0.00069456
58 58 0.99744900
135 135 0.82547000
119 119 0.08496530
119 120 0.05688540
4 5 0.11115500
4 4 0.85812900
4 3 0.00118508
63 63 0.66127800
63 62 0.00155581
47 46 0.00080049
47 47 0.98337700
62 61 0.00107942
62 62 0.08778890
95 94 0.00692174
95 95 0.92391500
95 96 0.00173263
80 80 0.27892600
37 37 0.54796400
106 105 0.00191680
106 106 0.14886800
106 107 0.00126410
130 130 0.46916500
130 131 0.00117033
130 129 0.00124288
60 60 0.99752500
60 59 0.00071944
94 94 0.91738700
94 95 0.00882249
94 93 0.00701095
73 73 0.93353100
73 72 0.00143590
57 57 0.99769400
57 56 0.00053154
59 59 0.99743900
59 58 0.00073104
23 23 0.99338700
27 27 0.11255900
128 129 0.03552010
128 127 0.00069805
128 128 0.83401100
111 112 0.00752211
111 110 0.00293646
111 114 0.00253185
111 111 0.97837200
139 139 0.99794800
139 140 0.00114016
120 121 0.04649830
120 120 0.11288500
30 30 0.95054200
13 13 0.86294900
136 136 0.74631900
51 51 0.08901810
81 81 0.52022100
12 12 0.86786600
26 26 0.99286200
25 25 0.99340200
40 40 0.99419100
66 67 0.00172512
66 66 0.97014100
66 65 0.01179340
6 5 0.00216507
6 7 0.09632750
6 6 0.85290400
104 104 0.87399400
104 103 0.00064939
98 98 0.94051600
98 97 0.00298714
71 71 0.98383300
71 70 0.00053967
79 79 0.99263000
79 78 0.00118633
138 138 0.87563400
138 139 0.00137467
105 106 0.00059351
105 104 0.00088424
105 105 0.48065400
32 32 0.85365800
113 114 0.00829270
113 112 0.00486343
113 113 0.97783200
113 116 0.00226498
38 38 0.52043800
15 15 0.61616300
82 82 0.54763000
132 132 0.90340400
91 89 0.00438306
91 90 0.00942375
91 92 0.03262060
91 91 0.89820800
116 119 0.00109265
116 116 0.96813200
116 117 0.01252060
35 35 0.97042400
93 94 0.01962610
93 92 0.00694632
93 93 0.91094200
93 91 0.00087152
90 91 0.03136000
90 88 0.00274588
90 90 0.89856500
90 89 0.00599800
21 21 0.99433200
85 86 0.00390329
85 85 0.69574700
41 41 0.99354800
11 12 0.00062772
11 11 0.90814100
8 9 0.03657440
8 8 0.68309500
127 127 0.82698900
127 126 0.00076083
127 128 0.07201650
122 123 0.12791900
122 122 0.76276900
141 141 0.99926200
61 61 0.04083220
61 60 0.00075010
20 20 0.99878500
125 125 0.81811100
125 126 0.13800500
2 3 0.10719500
2 2 0.80417300
10 10 0.63599900
10 11 0.00178299
101 101 0.94351400
53 53 0.99794400
88 90 0.00080671
88 89 0.02888700
88 86 0.00064453
88 88 0.90469100
88 87 0.00251446
19 19 0.99876200
83 83 0.96782100
83 84 0.00214814
67 68 0.00185699
67 67 0.97112500
67 66 0.01067990
121 122 0.00186380
121 121 0.72092600
46 46 0.98338300
46 45 0.00077090
33 33 0.70009500
64 64 0.97330200
64 63 0.00294398
64 65 0.00080682
96 95 0.00519988
96 96 0.93711300
49 49 0.98404100
129 128 0.00215576
129 129 0.30655800
129 130 0.00535165
1 2 0.09670790
1 1 0.90042100
103 103 0.94264300
36 36 0.97023700
133 135 0.00230477
133 133 0.91868200
44 44 0.98340300
78 78 0.99174900
78 77 0.00206956
102 102 0.94330000
54 54 0.99789500
43 43 0.93418400
56 56 0.99776500
69 68 0.00659764
69 69 0.97719900
140 140 0.96074300
140 141 0.00069493
3 4 0.11867800
3 3 0.87397000
42 42 0.98656500
124 124 0.80199200
124 125 0.13080700
22 22 0.99346100
134 136 0.00055783
134 135 0.00053233
134 134 0.83171100
99 99 0.94275900
99 98 0.00095349
28 28 0.06211390
39 39 0.27932100
70 70 0.98054700
70 69 0.00357430
126 126 0.70213800
126 125 0.00069007
126 127 0.01535370
110 110 0.98130400
110 113 0.00250536
110 112 0.00058148
110 111 0.00684095
110 109 0.00110131
123 123 0.81362800
123 124 0.13033600
131 131 0.77284300
18 18 0.11872100
86 86 0.93264100
86 87 0.00592860
84 85 0.00238639
84 84 0.58168100
92 93 0.02626530
92 91 0.00832325
92 92 0.90180800
92 90 0.00262711
31 31 0.87100600
45 45 0.98319600
45 44 0.00050195
107 108 0.00183940
107 110 0.00096364
107 107 0.98104900
72 72 0.98425500
87 87 0.91042100
87 88 0.02576120
87 86 0.00080877
34 34 0.58433700
109 108 0.00092446
109 109 0.98399100
109 111 0.00054643
109 112 0.00250864
109 110 0.00610974
108 111 0.00158514
108 109 0.00593725
108 108 0.23217700
108 107 0.00069071
76 76 0.99102500
76 75 0.00310807
55 55 0.99783200
74 74 0.98731400
52 52 0.04157770
112 113 0.00814638
112 112 0.97761200
112 115 0.00250161
112 111 0.00512416
29 29 0.95188900
137 137 0.89073900
17 17 0.06830060
50 50 0.66426000
117 118 0.01657200
117 120 0.00052806
117 117 0.21015200
77 77 0.99102800
77 76 0.00292172
65 65 0.97054900
65 64 0.01005230
65 66 0.00153878
