4 4 0.87835200
58 57 0.23084300
58 58 0.34697300
119 119 0.86099200
135 135 0.94715200
24 24 0.59884200
114 114 0.97894600
118 118 0.73339400
16 16 0.99976100
89 89 0.50450500
68 68 0.65336400
68 67 0.30464700
7 7 0.37615100
5 5 0.05030220
97 97 0.59660800
48 48 0.90637400
9 9 0.40169100
14 14 0.99965500
115 115 0.60670300
100 100 0.48049700
75 75 0.96518900
59 59 0.29950300
59 58 0.02883780
23 23 0.58514700
27 27 0.93504600
57 57 0.50700900
57 56 0.14339000
73 73 0.97033900
94 94 0.91921100
60 58 0.00076247
60 57 0.00066017
60 59 0.32749700
60 60 0.29519100
106 106 0.93055700
130 130 0.52779000
37 37 0.39808200
80 80 0.49503000
47 47 0.97235900
62 62 0.29364000
62 61 0.65245500
95 95 0.92997000
63 63 0.30440600
63 62 0.64385200
71 71 0.57926000
71 70 0.00171779
98 98 0.68611000
104 104 0.99719100
40 40 0.95506700
66 65 0.30101800
66 66 0.32629500
26 26 0.21834200
25 25 0.61310000
6 6 0.76127400
81 81 0.39969500
51 51 0.74226300
12 12 0.39962700
13 13 0.99965000
30 30 0.50450500
136 136 0.98117200
111 111 0.39915200
120 120 0.33365800
139 139 0.77965400
128 128 0.99229200
116 116 0.21824900
93 93 0.90704000
35 35 0.99973800
82 82 0.39806900
132 132 0.22571700
91 91 0.47532300
15 15 0.50030600
113 113 0.98217000
38 38 0.39969800
32 32 0.39131500
105 105 0.55821900
138 138 0.70915300
79 79 0.85806000
83 83 0.39959500
19 19 0.47446700
88 88 0.50557200
53 53 0.92744400
53 52 0.00574418
10 10 0.44707100
2 2 0.41888300
101 101 0.12446900
125 125 0.81424200
20 20 0.30304400
122 122 0.26777900
127 127 0.99224900
141 141 0.86968700
61 60 0.64986500
61 58 0.00126329
61 59 0.00129348
61 61 0.29277300
11 11 0.51043100
41 41 0.83361500
8 8 0.99306400
85 85 0.99956000
90 90 0.38747600
21 21 0.42658700
69 68 0.07363160
69 69 0.88497600
140 140 0.47322900
56 55 0.10662700
56 56 0.74743300
43 43 0.75543400
54 53 0.03937430
54 54 0.89375000
78 77 0.00205732
78 78 0.77763300
102 102 0.45571400
44 44 0.66065800
36 36 0.39964000
133 133 0.58001500
103 103 0.54121000
1 1 0.73731500
129 129 0.99245100
49 49 0.89386500
96 96 0.28835300
46 46 0.97236000
121 121 0.58001100
67 67 0.40461800
67 66 0.17550700
33 33 0.50812900
64 64 0.30558600
64 63 0.64833200
64 62 0.00052856
86 86 0.50808800
18 18 0.60142600
131 131 0.81023300
110 110 0.44150700
126 126 0.87135400
123 123 0.83652900
70 69 0.03768980
70 70 0.92141300
39 39 0.53995400
28 28 0.51884200
99 99 0.45470600
134 134 0.19504900
22 22 0.47019600
124 124 0.76441600
42 42 0.75739300
3 3 0.87838800
117 117 0.70024300
65 65 0.30905500
65 64 0.64632100
77 77 0.41686600
77 76 0.00076612
50 50 0.67021600
17 17 0.99959100
137 137 0.82170900
29 29 0.38747700
112 112 0.51004900
55 54 0.07300010
55 55 0.77194600
76 76 0.67047200
52 52 0.74114300
52 51 0.00061308
74 74 0.96698300
34 34 0.99973600
87 87 0.39131100
72 72 0.62783000
108 108 0.39404100
109 109 0.50486000
45 45 0.97237300
107 107 0.99397500
84 84 0.99954000
31 31 0.50557100
92 92 0.93417800
