71 63 0.00056671
71 65 0.00091598
71 64 0.94083700
85 78 0.02628980
112 107 0.00260056
112 106 0.52215800
112 105 0.00766071
74 68 0.00071063
74 66 0.00093345
74 67 0.94151700
130 124 0.99878700
114 108 0.70792900
114 107 0.03008740
114 109 0.01279980
114 106 0.00103503
122 116 0.51128500
104 97 0.36239800
104 96 0.01494820
104 98 0.31331700
104 99 0.00499544
3 4 0.00197820
3 3 0.66473800
23 17 0.48855000
23 18 0.24869800
23 20 0.01748950
23 19 0.00173499
115 109 0.35741500
115 110 0.01440180
115 108 0.04821120
119 113 0.77574100
119 112 0.00058570
132 126 0.99823100
132 125 0.00121599
108 102 0.21953000
108 101 0.01214320
108 103 0.00238098
35 29 0.25394300
35 28 0.03824890
95 90 0.03198870
95 89 0.02266720
95 87 0.00093196
95 88 0.24014300
79 72 0.00896885
75 69 0.00087197
75 68 0.94141600
75 67 0.00087232
63 56 0.93112900
63 55 0.00236381
13 9 0.01361560
13 13 0.01144530
13 12 0.00480087
13 8 0.00324662
13 7 0.00880411
13 11 0.04395440
13 10 0.31732400
15 13 0.00629440
15 12 0.16253600
15 9 0.13829500
15 8 0.00053780
15 11 0.01400520
15 14 0.00228561
15 10 0.04267190
15 15 0.01023070
48 42 0.03985720
48 40 0.19830000
48 41 0.58927200
129 123 0.99865500
117 112 0.00154463
117 111 0.51532400
117 110 0.01537090
38 31 0.26711600
38 30 0.04401820
38 33 0.00350149
38 32 0.47472000
19 15 0.01078060
19 18 0.00114281
19 14 0.29239200
19 19 0.00151996
19 12 0.00139055
19 13 0.43766300
19 16 0.01852410
118 112 0.45638300
118 111 0.00466957
131 124 0.00085608
131 125 0.99835600
6 4 0.00650101
6 5 0.00301546
6 6 0.68965100
125 119 0.67697000
125 120 0.00090788
28 23 0.12332100
28 24 0.00204191
28 25 0.00086284
28 22 0.49471700
28 21 0.00714660
102 94 0.00587757
102 97 0.01547940
102 95 0.36008800
102 96 0.39552600
58 51 0.56500400
58 52 0.00197560
58 50 0.39270600
30 23 0.09330700
30 24 0.05413460
30 25 0.00239601
100 94 0.01144470
100 93 0.27065300
100 92 0.00361847
100 95 0.01042080
11 10 0.03077460
11 11 0.03246390
11 7 0.00266773
11 8 0.05668510
11 5 0.00060404
11 9 0.16892000
91 83 0.00159441
91 85 0.01122270
91 84 0.45968500
81 73 0.00154227
81 74 0.97338700
109 102 0.00889160
109 103 0.29853100
109 104 0.00230115
73 66 0.94141700
73 65 0.00098399
73 67 0.00073712
101 93 0.02096410
101 94 0.01619110
101 95 0.25317700
101 96 0.02143370
31 24 0.02756990
31 25 0.19615700
31 26 0.00596050
78 70 0.00069143
78 71 0.01385170
14 8 0.07334670
14 13 0.00374665
14 12 0.02690780
14 9 0.01832560
14 10 0.01317410
14 11 0.27420100
14 14 0.01088580
99 90 0.00512990
99 92 0.25432600
99 94 0.01271750
99 91 0.02811260
99 93 0.01173870
97 92 0.05003400
97 90 0.42740100
97 89 0.01865040
97 91 0.24022700
43 38 0.03272020
43 37 0.02561620
43 36 0.22719100
43 35 0.00379472
80 74 0.00090077
80 73 0.01129290
2 2 0.04959060
2 3 0.00163874
128 122 0.99853500
128 123 0.00077723
27 21 0.31960500
27 22 0.03537680
27 20 0.00342969
27 24 0.00229281
27 23 0.00233079
10 8 0.04735280
10 6 0.00123925
10 9 0.04610680
10 10 0.07854150
10 7 0.00540326
76 69 0.94469500
76 70 0.00080733
22 19 0.02163770
22 16 0.35804200
22 15 0.00050679
22 18 0.00217788
22 17 0.31984100
126 120 0.67001700
29 22 0.05010450
29 24 0.05455930
29 23 0.51305800
121 115 0.86291100
121 114 0.00104689
41 33 0.13442800
41 34 0.04581120
41 35 0.12159800
47 40 0.04871660
47 41 0.01820150
47 39 0.11195700
55 48 0.01739760
55 47 0.03573740
107 100 0.05889140
107 101 0.26191700
107 102 0.00235429
84 77 0.01362450
111 105 0.02542500
111 106 0.00235861
111 104 0.25478400
8 5 0.01207500
8 6 0.03811220
8 8 0.62702800
8 7 0.02909550
12 8 0.00483503
12 12 0.01530340
12 6 0.00156993
12 9 0.21345600
12 10 0.08523370
12 11 0.01148610
12 7 0.00096319
90 84 0.04008970
90 83 0.02130380
90 82 0.00140595
77 69 0.00069736
77 70 0.94560500
25 21 0.00072757
25 20 0.01401370
25 22 0.01309600
25 19 0.52970200
113 106 0.14237600
113 108 0.01205060
113 107 0.27406100
9 8 0.05252670
9 6 0.01394200
9 9 0.26492400
9 5 0.00123811
9 7 0.09322380
88 81 0.68443800
88 80 0.14463800
82 74 0.00090660
82 75 0.97468500
110 105 0.00204623
110 104 0.39330400
110 103 0.15343800
124 119 0.00101905
124 118 0.98290600
70 63 0.94109700
70 62 0.00276367
70 64 0.00126693
70 61 0.00050286
83 76 0.02649330
93 87 0.03086260
93 86 0.15762600
93 85 0.00087345
69 61 0.00143096
69 62 0.94251100
69 63 0.00135347
60 53 0.58115500
60 52 0.00382369
17 10 0.00104000
17 15 0.00234204
17 17 0.00956317
17 14 0.05676640
17 11 0.34997600
17 16 0.00149907
17 12 0.26742700
17 13 0.03426850
72 65 0.94115400
72 64 0.00089570
72 66 0.00075371
123 117 0.75021700
86 79 0.88234500
86 78 0.01243750
62 54 0.03723090
62 55 0.02179570
103 95 0.02236230
103 96 0.37017800
103 97 0.32750400
103 98 0.00903487
135 129 0.99928800
57 49 0.39412000
57 51 0.00199052
57 50 0.56269300
54 46 0.00735981
54 47 0.40145600
51 43 0.21711400
51 44 0.50417200
66 59 0.00892626
61 54 0.01084530
61 53 0.01473690
49 42 0.61693400
49 41 0.20577100
49 43 0.01364670
53 45 0.00301644
53 46 0.02578150
94 88 0.32779500
94 89 0.00094981
94 87 0.22198600
39 31 0.07566900
39 33 0.33985300
39 32 0.26005600
39 34 0.01181730
45 40 0.02360160
45 39 0.00889091
45 38 0.50447700
45 37 0.15027500
92 86 0.01638730
92 85 0.01483440
92 84 0.00411489
40 32 0.12645800
40 33 0.33959700
40 34 0.25781500
16 16 0.00972934
16 9 0.00121958
16 12 0.03007140
16 13 0.05002680
16 10 0.24554900
16 15 0.00218876
16 14 0.00270920
16 11 0.08501330
56 48 0.00465385
56 49 0.29782800
37 29 0.00219671
37 32 0.00203213
37 31 0.50074300
37 30 0.22106300
68 62 0.00050194
68 61 0.94488600
21 17 0.00778729
21 14 0.00105416
21 18 0.03739150
21 15 0.45208600
21 16 0.13607900
120 114 0.66470700
36 29 0.00401683
36 31 0.00054743
36 30 0.35308500
59 51 0.38605000
59 53 0.00163583
59 52 0.03100320
5 3 0.00108967
5 4 0.00123324
5 5 0.93081400
89 83 0.00305993
89 82 0.40673900
89 81 0.01126870
18 13 0.30438600
18 12 0.41821600
18 16 0.00068491
18 15 0.01861620
18 18 0.00750389
18 11 0.00127160
18 17 0.00134492
18 14 0.02182110
64 56 0.03188800
64 57 0.94400000
106 99 0.12900400
106 101 0.00065376
106 100 0.24656500
34 27 0.00315983
34 28 0.01329710
52 45 0.23314200
52 44 0.02213300
133 127 0.99858400
133 126 0.00090024
105 100 0.00078442
105 99 0.42882800
105 98 0.35387800
105 97 0.00749114
26 23 0.01098830
26 19 0.00055289
26 21 0.14061000
26 20 0.50390800
26 22 0.00158313
98 91 0.41647300
98 93 0.00103553
98 90 0.02486160
98 89 0.00700239
98 92 0.30436200
44 38 0.29214200
44 37 0.41483400
44 36 0.00327868
44 39 0.00067813
32 25 0.22346100
32 27 0.00131864
32 26 0.24037300
134 127 0.00051707
134 128 0.99914300
1 1 0.99803300
1 2 0.00173429
96 88 0.01404190
96 91 0.01178070
96 90 0.35060700
96 89 0.25236300
67 59 0.00051766
67 60 0.01166610
67 61 0.00139195
4 3 0.00070009
4 4 0.66504700
33 27 0.05292950
33 26 0.03618500
116 110 0.62239000
116 109 0.08124490
116 111 0.00072695
20 13 0.00137307
20 16 0.01135050
20 19 0.00109776
20 17 0.05492340
20 14 0.39450500
20 15 0.29613500
7 6 0.00473984
7 5 0.03451680
7 4 0.00118611
7 7 0.59191200
87 79 0.07853450
87 80 0.81618500
50 42 0.02819150
50 43 0.38862000
65 58 0.01081520
65 57 0.00656103
42 36 0.00512297
42 34 0.00384708
42 35 0.26668300
42 37 0.01854040
127 121 0.05302990
127 122 0.00129861
24 19 0.31671700
24 20 0.00092232
24 21 0.01566660
24 18 0.25788900
46 40 0.05955030
46 41 0.00270699
46 39 0.37057400
46 38 0.12283300
