82 80 0.01067120
82 77 0.01266490
82 79 0.02155110
82 75 0.00068722
82 78 0.67484400
82 81 0.00368715
82 76 0.05065220
82 74 0.04742530
82 82 0.00471243
82 73 0.15010100
88 79 0.15651100
88 80 0.03855500
88 86 0.00466660
88 85 0.00441855
88 83 0.00967796
88 82 0.02153190
88 84 0.74685900
88 81 0.00309297
110 102 0.00213299
110 103 0.04507170
110 104 0.94861700
110 105 0.00297415
70 73 0.00148912
70 69 0.00174869
70 61 0.10676400
70 71 0.01659070
70 68 0.06154830
70 66 0.51641400
70 64 0.05896060
70 67 0.08603610
70 72 0.00514520
70 62 0.00056820
70 70 0.00341735
70 65 0.00272597
124 118 0.99840300
107 102 0.00050673
107 101 0.51860400
107 100 0.07069150
55 52 0.39888400
55 55 0.00203332
55 58 0.03869420
55 53 0.00987752
111 103 0.00190747
111 105 0.95257300
111 106 0.00246612
111 104 0.04182060
84 82 0.00676107
84 76 0.05046430
84 83 0.00104697
84 81 0.01959600
84 78 0.04609600
84 84 0.00177650
84 79 0.00614979
84 75 0.14897900
84 77 0.00068417
84 80 0.70081000
8 8 0.99873100
113 108 0.00102919
113 107 0.98354200
113 105 0.00116181
113 106 0.01285070
25 24 0.04885400
25 25 0.88044100
25 26 0.00106907
9 9 0.99843000
77 77 0.00469488
77 72 0.00825738
77 79 0.00171262
77 75 0.03835910
77 78 0.00181432
77 71 0.06622360
77 68 0.06539520
77 73 0.63824000
77 74 0.00717537
77 69 0.00140846
77 76 0.01291670
90 87 0.00124709
90 86 0.75278300
90 82 0.02763150
90 88 0.00117073
90 83 0.00371431
90 85 0.01241220
90 81 0.16783000
90 84 0.02039960
12 13 0.00100167
12 12 0.82958400
29 28 0.00998241
29 29 0.16680000
126 119 0.00102993
126 120 0.99833000
22 21 0.00459262
22 22 0.29622700
22 23 0.01657110
76 70 0.05692090
76 77 0.00435842
76 75 0.01317760
76 67 0.09914610
76 72 0.62039100
76 78 0.00212715
76 74 0.05237670
76 73 0.00748971
76 76 0.00453005
76 71 0.00830385
76 68 0.00121565
10 11 0.00096022
10 10 0.14575800
121 115 0.99936100
41 44 0.00296267
41 38 0.00299248
41 41 0.77518400
41 42 0.00059285
41 40 0.00409465
47 44 0.03088100
47 50 0.02140650
47 46 0.01562330
47 47 0.39903300
73 70 0.05219810
73 65 0.03309210
73 67 0.05870720
73 75 0.00395611
73 72 0.00473292
73 64 0.15482500
73 69 0.56934600
73 73 0.00197429
73 74 0.01133500
73 68 0.00396668
73 71 0.06519350
99 93 0.00712167
99 91 0.07947030
99 94 0.53410000
99 95 0.00101485
99 92 0.00687285
99 90 0.03861950
14 15 0.00180576
14 14 0.99227200
14 16 0.00531435
78 79 0.00061628
78 75 0.00889851
78 72 0.06534430
78 77 0.00774232
78 70 0.02227450
78 80 0.00165769
78 76 0.03393230
78 73 0.00894419
78 74 0.63961300
78 69 0.01191270
78 78 0.00706257
31 31 0.87598600
31 30 0.03273380
101 92 0.01244120
101 96 0.41796300
101 97 0.00072431
101 95 0.23117000
101 93 0.12950800
101 94 0.01366610
43 44 0.00137981
43 40 0.00671686
43 42 0.00204737
43 46 0.00916693
43 43 0.87676600
97 92 0.03666090
97 89 0.06610530
97 90 0.00167097
97 93 0.00654271
97 88 0.00325958
97 91 0.00273111
27 26 0.01346620
27 27 0.52298700
128 122 0.83054800
2 2 0.14615900
80 80 0.00587183
80 77 0.01849750
80 72 0.03669500
80 79 0.00594232
80 75 0.01345080
80 78 0.02170490
80 71 0.15764100
80 74 0.05715380
80 82 0.00091325
80 76 0.65684000
58 54 0.00213828
58 55 0.46683100
58 56 0.03057140
58 61 0.02908970
102 94 0.12390000
102 93 0.00872898
102 95 0.01898750
102 97 0.22406100
102 96 0.40580800
81 72 0.15374000
81 75 0.05333550
81 79 0.01282680
81 80 0.00472761
81 77 0.66331100
81 76 0.01249720
81 73 0.04196440
81 81 0.00525243
81 78 0.02008870
91 88 0.00076859
91 83 0.02294220
91 85 0.01902240
91 82 0.17289600
91 84 0.00433006
91 87 0.75243000
91 86 0.01417850
91 89 0.00065567
11 12 0.00104636
11 11 0.99819900
30 29 0.00169137
30 30 0.45686300
100 93 0.01730690
100 94 0.04086810
100 91 0.03563780
100 92 0.12111800
100 96 0.00080997
100 95 0.58918100
109 103 0.93461200
109 101 0.00355152
109 102 0.05675590
109 104 0.00358869
48 46 0.00314989
48 47 0.01090930
48 45 0.03361230
48 48 0.52825800
48 51 0.03199470
15 15 0.98096400
15 17 0.00950242
15 16 0.00852618
38 37 0.00483535
38 38 0.74461800
117 111 0.99612500
117 110 0.00264407
129 123 0.99931800
118 111 0.00144499
118 112 0.99765100
19 19 0.92412200
19 18 0.00121696
19 21 0.00202694
19 20 0.00203633
28 29 0.00054821
28 28 0.13720500
28 27 0.00153007
125 118 0.00068027
125 119 0.99803200
6 6 0.99874000
131 125 0.99928100
108 102 0.19572400
108 101 0.08087430
108 103 0.00403824
132 126 0.99876600
132 125 0.00061991
75 76 0.00499065
75 69 0.05765100
75 74 0.01128890
75 73 0.05420980
75 66 0.15526400
75 71 0.61368200
75 67 0.03304160
75 75 0.00444490
75 72 0.01167750
75 77 0.00318073
75 70 0.00733459
79 81 0.00125807
79 78 0.00676581
79 73 0.05960970
79 74 0.01299090
79 76 0.01247650
79 71 0.02446630
79 70 0.15737500
79 77 0.03069980
79 75 0.65480900
79 79 0.00666753
95 91 0.00981816
95 88 0.00075002
95 86 0.16187900
95 89 0.00952904
95 90 0.02414260
95 87 0.03600530
35 35 0.91990100
35 34 0.00611577
13 13 0.99732500
13 14 0.00105732
13 15 0.00099442
63 60 0.18612500
63 61 0.14492600
63 58 0.00286482
63 66 0.05084320
63 56 0.00145942
63 57 0.00291045
63 65 0.00235856
63 59 0.27948900
74 70 0.57411900
74 65 0.15496500
74 75 0.00583702
74 72 0.06464880
74 73 0.00783180
74 74 0.00201963
74 69 0.00478223
74 76 0.00350149
74 71 0.01623460
74 66 0.03300350
74 68 0.05818520
112 107 0.00180394
112 105 0.01616660
112 104 0.00155906
112 106 0.97926100
71 67 0.52332200
71 72 0.01732940
71 70 0.00219886
71 62 0.09733330
71 63 0.00095607
71 65 0.05857560
71 69 0.05901050
71 73 0.00460486
71 74 0.00075611
71 66 0.00295204
71 71 0.00178463
71 68 0.07212690
85 84 0.00050628
85 78 0.00122285
85 81 0.70827300
85 83 0.00761615
85 85 0.00107932
85 82 0.01811100
85 76 0.14933800
85 80 0.00565128
85 77 0.04827080
85 79 0.04343810
122 116 0.99931400
114 108 0.99168800
114 107 0.00593755
114 106 0.00081374
114 109 0.00081272
130 124 0.99950100
115 108 0.00489154
115 109 0.99337100
115 110 0.00058315
23 22 0.00204777
23 23 0.65811000
23 24 0.00922917
3 3 0.99877900
104 95 0.00054435
104 96 0.02958480
104 97 0.05354210
104 98 0.57995100
104 99 0.00454474
119 112 0.00133032
119 113 0.99783000
127 120 0.00101543
127 121 0.99836700
24 25 0.00199491
24 23 0.01647220
24 24 0.83179600
46 45 0.00615897
46 43 0.02800560
46 46 0.82439200
20 19 0.00120236
20 20 0.74766300
20 22 0.00101269
20 21 0.00201058
116 110 0.99478500
116 109 0.00377677
33 33 0.69402700
33 32 0.00769859
7 7 0.99875200
87 79 0.04337150
87 80 0.00251653
87 82 0.00861532
87 83 0.73318300
87 85 0.00710354
87 78 0.15403700
87 81 0.02324560
87 84 0.00588444
50 49 0.00913956
50 53 0.02261760
50 48 0.00879388
50 47 0.07687900
50 46 0.00080525
50 50 0.03436460
42 42 0.58455300
42 39 0.00477491
42 43 0.00083817
42 45 0.00601076
42 41 0.00188531
65 67 0.00245352
65 59 0.02365980
65 57 0.00060840
65 62 0.12135900
65 63 0.08174060
65 61 0.34269400
65 58 0.00056522
65 56 0.01088520
65 68 0.04664820
65 60 0.00277765
32 32 0.22382000
32 31 0.04754530
98 89 0.00475177
98 90 0.00686220
98 92 0.00318519
98 94 0.00271601
98 91 0.00053484
98 93 0.32414200
44 44 0.87135500
44 45 0.00185528
44 41 0.01671780
44 43 0.00351428
44 42 0.00065477
44 47 0.01248890
134 128 0.99856900
134 127 0.00069064
4 4 0.99875900
67 64 0.10544500
67 68 0.00157548
67 61 0.07491980
67 58 0.03103590
67 69 0.00510569
67 65 0.06957380
67 63 0.48509300
67 70 0.01351960
67 62 0.00105050
67 59 0.01357430
1 1 0.99972400
96 90 0.00435687
96 89 0.00089088
96 87 0.08641390
96 92 0.02006770
96 91 0.24033000
96 88 0.08009760
64 67 0.04999520
64 59 0.01731840
64 57 0.00187136
64 62 0.09161310
64 63 0.00051297
64 58 0.00483449
64 61 0.19543800
64 55 0.01063010
64 56 0.00059927
64 66 0.00302530
64 60 0.27811400
18 20 0.00249102
18 17 0.00073542
18 18 0.96049700
18 19 0.02494620
34 33 0.01428520
34 34 0.93983900
52 50 0.04239340
52 52 0.01011940
52 55 0.00771642
52 51 0.00295261
52 49 0.35902800
106 99 0.06561790
106 100 0.09050950
26 25 0.05300180
26 26 0.87711600
105 97 0.00133581
105 99 0.33897000
105 98 0.00380199
133 127 0.99848800
133 126 0.00068905
133 128 0.00054626
68 68 0.00104890
68 66 0.06644060
68 71 0.00461976
68 69 0.00838961
68 60 0.01435230
68 64 0.49529800
68 59 0.05960080
68 65 0.09251430
68 63 0.00160963
68 62 0.06015020
68 70 0.00487682
37 35 0.00266596
37 36 0.00232153
37 38 0.00086297
37 37 0.93798500
56 54 0.01788230
56 59 0.03887050
56 53 0.11448900
56 56 0.00068887
21 21 0.82326400
21 20 0.00122867
21 22 0.00179968
21 23 0.00073942
59 55 0.00802839
59 56 0.69692100
59 62 0.00490192
59 57 0.06704830
36 34 0.00122108
36 36 0.91398400
36 35 0.00385653
120 114 0.99906400
5 5 0.99864600
89 87 0.00189975
89 80 0.16261800
89 86 0.00312132
89 83 0.02052330
89 85 0.74825300
89 82 0.00315941
89 84 0.01177830
89 81 0.03341180
61 59 0.07967700
61 63 0.00069260
61 57 0.10316900
61 56 0.00076892
61 58 0.06170860
61 64 0.02829840
66 58 0.00117948
66 61 0.00151645
66 69 0.02429770
66 68 0.00259622
66 64 0.07481840
66 60 0.06504410
66 67 0.00054689
66 59 0.00158803
66 57 0.01270160
66 62 0.46490300
66 63 0.10963300
51 51 0.02172650
51 48 0.12279900
51 49 0.02053150
51 50 0.00348439
51 47 0.00059314
51 54 0.04734980
94 90 0.24368200
94 86 0.02271580
94 89 0.11558400
94 87 0.00569382
94 88 0.01755870
94 85 0.17617100
53 53 0.00406380
53 56 0.00425365
53 51 0.07325440
53 50 0.16110400
53 52 0.00161368
49 49 0.31866500
49 48 0.00502872
49 47 0.00373693
49 46 0.02143230
49 45 0.00081851
49 52 0.01700100
92 88 0.72296200
92 85 0.00535070
92 83 0.17706800
92 84 0.02168300
92 87 0.02021070
92 86 0.01806360
45 48 0.00079970
45 44 0.00500203
45 45 0.84951600
45 42 0.02530360
39 39 0.88914000
39 38 0.00358736
16 17 0.02002780
16 18 0.00887394
16 16 0.96801900
40 37 0.00097387
40 40 0.80291900
40 39 0.00383167
103 98 0.02541940
103 94 0.00601923
103 96 0.05458480
103 95 0.07767850
103 97 0.61337100
135 129 0.99889800
135 128 0.00073729
54 53 0.00062847
54 51 0.82462600
54 54 0.00278544
54 57 0.01464330
54 52 0.04570290
54 50 0.00092958
57 54 0.11053400
57 60 0.01326810
57 55 0.01080720
69 69 0.00438863
69 61 0.01623160
69 68 0.00050739
69 71 0.00649734
69 66 0.09287890
69 64 0.00260757
69 60 0.00294732
69 67 0.06642370
69 72 0.00253794
69 70 0.01616580
69 63 0.05969170
69 65 0.51378000
93 84 0.17749500
93 88 0.05081920
93 85 0.02147980
93 86 0.00586490
93 89 0.65999200
93 87 0.01753830
83 77 0.04876920
83 80 0.02042770
83 79 0.69320200
83 75 0.04967180
83 81 0.00871188
83 78 0.00656510
83 76 0.00063754
83 74 0.14960700
83 82 0.00267780
83 83 0.00385778
17 19 0.01042110
17 16 0.00053196
17 17 0.96488700
17 18 0.02117660
60 57 0.44399600
60 63 0.04371260
60 58 0.00718067
60 56 0.05577320
72 66 0.05860630
72 71 0.00358283
72 68 0.54293300
72 69 0.05662520
72 73 0.01371750
72 74 0.00419563
72 64 0.03294430
72 72 0.00167114
72 67 0.00365808
72 75 0.00054430
72 63 0.10916500
72 70 0.06213630
62 55 0.00090996
62 56 0.00070914
62 58 0.16864800
62 60 0.00382791
62 64 0.00095762
62 59 0.30997100
62 65 0.05024960
62 57 0.00111358
86 79 0.00211153
86 80 0.02747110
86 77 0.15178500
86 83 0.01586920
86 82 0.72739200
86 84 0.00678496
86 81 0.00674042
86 78 0.04563300
123 117 0.99924800
