3 156 3 156 0.06632940
3 135 3 135 0.14131800
3 137 3 137 0.00653264
3 134 3 134 0.04527500
31 40 31 40 0.00848770
31 85 31 85 0.00818143
11 129 11 129 0.57515200
11 126 11 126 0.00168661
53 66 53 66 0.56891000
72 87 72 87 0.00368051
67 77 67 77 0.00057130
67 79 67 79 0.02055790
42 75 42 75 0.12742700
30 34 30 34 0.51401200
43 75 43 75 0.19489000
81 86 81 86 0.02574580
66 80 66 80 0.00809509
137 153 137 153 0.39623300
137 157 137 157 0.06694860
137 159 137 159 0.01927540
54 61 54 61 0.02613430
54 65 54 65 0.45482400
48 70 48 70 0.54628900
48 75 48 75 0.00554474
119 126 119 126 0.00057404
133 156 133 156 0.01507710
133 155 133 155 0.12895500
133 146 133 146 0.00053222
32 39 32 39 0.00945017
32 84 32 84 0.00750753
144 148 144 148 0.05546810
138 156 138 156 0.01975860
138 150 138 150 0.02360410
138 152 138 152 0.43048500
100 106 100 106 0.01869460
100 105 100 105 0.01148570
100 108 100 108 0.54367600
100 109 100 109 0.02445870
88 119 88 119 0.35645100
136 143 136 143 0.00226138
136 155 136 155 0.03102250
136 156 136 156 0.02398920
136 158 136 158 0.06628050
136 160 136 160 0.01960560
136 152 136 152 0.06926430
131 137 131 137 0.00071832
47 63 47 63 0.00844264
47 76 47 76 0.00692865
38 45 38 45 0.00163539
38 78 38 78 0.04583270
28 36 28 36 0.10052500
28 37 28 37 0.39102700
148 157 148 157 0.00249641
148 159 148 159 0.00533738
10 130 10 130 0.63793100
70 74 70 74 0.01447080
26 38 26 38 0.12532000
24 39 24 39 0.09896120
143 147 143 147 0.18132200
143 149 143 149 0.02093990
44 74 44 74 0.47163900
27 38 27 38 0.25444800
83 122 83 122 0.02019020
83 88 83 88 0.00893821
83 123 83 123 0.01212770
83 125 83 125 0.00693498
69 75 69 75 0.00517717
69 77 69 77 0.01296880
6 159 6 159 0.08209490
6 131 6 131 0.00697379
6 133 6 133 0.06778340
6 132 6 132 0.09964500
6 153 6 153 0.00647301
92 116 92 116 0.60507300
98 107 98 107 0.00185483
98 110 98 110 0.60395000
41 76 41 76 0.12706400
2 135 2 135 0.06387890
2 137 2 137 0.01445270
55 64 55 64 0.56049200
20 27 20 27 0.07068850
20 43 20 43 0.17949400
103 107 103 107 0.15885900
1 136 1 136 0.15182000
65 81 65 81 0.00430346
56 62 56 62 0.12221300
78 83 78 83 0.21770800
78 86 78 86 0.02991830
13 127 13 127 0.67613400
13 124 13 124 0.00530447
14 126 14 126 0.56500500
14 123 14 123 0.00465207
14 50 14 50 0.00064987
128 133 128 133 0.00082758
33 38 33 38 0.01284680
33 83 33 83 0.00494034
142 147 142 147 0.05307990
142 153 142 153 0.00148635
150 157 150 157 0.00963688
45 73 45 73 0.39933200
45 65 45 65 0.00290251
140 148 140 148 0.12185700
140 150 140 150 0.47410300
140 155 140 155 0.00187973
89 119 89 119 0.28256300
89 118 89 118 0.19991700
89 120 89 120 0.01939480
25 39 25 39 0.19848100
154 160 154 160 0.02386630
29 35 29 35 0.17787200
29 37 29 37 0.01668750
29 36 29 36 0.32176000
141 147 141 147 0.14048900
141 149 141 149 0.36666700
141 154 141 154 0.00095378
18 26 18 26 0.00666717
18 122 18 122 0.23356700
18 45 18 45 0.03918630
95 113 95 113 0.70681600
134 157 134 157 0.00927732
134 154 134 154 0.16080700
134 145 134 145 0.00116862
23 39 23 39 0.06353570
91 117 91 117 0.70681700
5 133 5 133 0.22666700
5 136 5 136 0.01272310
5 154 5 154 0.01686810
5 132 5 132 0.01298640
132 156 132 156 0.06128300
49 69 49 69 0.56577400
49 74 49 74 0.00396067
49 62 49 62 0.01403790
77 84 77 84 0.22099700
77 87 77 87 0.01684420
16 124 16 124 0.61463600
16 23 16 23 0.00354754
16 35 16 35 0.00131028
101 106 101 106 0.11962500
101 108 101 108 0.05633110
101 109 101 109 0.02050580
101 105 101 105 0.06453310
17 27 17 27 0.00339672
17 46 17 46 0.01328930
17 34 17 34 0.00326589
17 123 17 123 0.50799300
17 22 17 22 0.02149660
39 44 39 44 0.00617846
39 77 39 77 0.09948140
9 132 9 132 0.02441500
9 131 9 131 0.64714400
22 41 22 41 0.49709700
52 67 52 67 0.24852000
52 63 52 63 0.01038290
87 121 87 121 0.20487000
87 120 87 120 0.45691100
57 62 57 62 0.20971400
90 118 90 118 0.53723700
90 119 90 119 0.00820859
4 155 4 155 0.04167540
4 134 4 134 0.20806800
4 137 4 137 0.00660820
4 135 4 135 0.02249430
146 159 146 159 0.00149936
97 111 97 111 0.70542700
76 83 76 83 0.06994490
76 86 76 86 0.04663550
21 42 21 42 0.21402600
21 26 21 26 0.09655240
7 158 7 158 0.05676350
7 135 7 135 0.00762546
7 134 7 134 0.05533760
7 152 7 152 0.00167029
94 114 94 114 0.60507300
15 24 15 24 0.00252133
15 36 15 36 0.00143066
15 49 15 49 0.00243570
15 124 15 124 0.04173520
93 115 93 115 0.70957300
155 159 155 159 0.04170620
85 122 85 122 0.08429000
84 124 84 124 0.01148120
84 121 84 121 0.04266230
120 125 120 125 0.00459951
37 46 37 46 0.00086184
147 158 147 158 0.00133074
147 160 147 160 0.00300686
51 67 51 67 0.38606600
51 60 51 60 0.02360150
86 123 86 123 0.01945450
86 122 86 122 0.19751200
68 78 68 78 0.00832600
68 76 68 76 0.00226301
102 106 102 106 0.20257200
102 108 102 108 0.08220360
12 125 12 125 0.00488112
12 128 12 128 0.63523600
74 85 74 85 0.05434410
8 131 8 131 0.01185100
8 133 8 133 0.04629660
8 157 8 157 0.03979720
8 132 8 132 0.44972700
149 156 149 156 0.00390518
149 158 149 158 0.00540587
135 159 135 159 0.06024320
135 154 135 154 0.01948060
135 157 135 157 0.01666910
135 144 135 144 0.00196137
135 153 135 153 0.12565400
75 84 75 84 0.07270360
75 87 75 87 0.01115930
82 89 82 89 0.00482630
46 64 46 64 0.00878575
46 72 46 72 0.51354100
99 106 99 106 0.00407923
99 109 99 109 0.66541800
99 108 99 108 0.00776425
139 151 139 151 0.78436100
50 68 50 68 0.45754600
50 61 50 61 0.01361060
50 73 50 73 0.00267774
