10 10 0.47575135
121 121 0.79239096
42 43 0.00349598
42 42 0.53140483
42 44 0.04667000
140 140 0.70202278
81 81 0.83142345
137 137 0.88669665
48 50 0.01205337
48 47 0.00448708
48 49 0.06061945
48 48 0.20386735
87 86 0.00077323
87 88 0.00089082
87 87 0.90750718
35 35 0.57455463
47 48 0.00269663
47 46 0.00062237
47 49 0.06429267
47 47 0.23428030
66 67 0.04497698
66 66 0.72254823
66 65 0.00353841
66 68 0.00233721
4 4 0.65339667
92 92 0.81137864
103 101 0.00072280
103 102 0.16159739
103 103 0.77998095
103 104 0.03412124
83 83 0.51309599
26 26 0.76842399
15 15 0.76891282
101 101 0.68424081
101 102 0.01578638
101 100 0.12041403
101 99 0.00069794
27 27 0.80339018
96 95 0.00229887
96 96 0.78251512
139 139 0.75822355
37 37 0.70368104
37 38 0.00685342
5 5 0.58336085
115 115 0.65501340
115 114 0.01656750
74 74 0.43744759
104 102 0.00232866
104 105 0.03048445
104 103 0.15703918
104 104 0.78749908
59 60 0.05594219
59 58 0.00404670
59 59 0.16868407
59 61 0.01587427
3 3 0.63831229
120 120 0.51589247
72 73 0.00059930
72 72 0.38974780
32 32 0.48119751
146 146 0.75184427
34 34 0.38249866
126 126 0.75228267
91 91 0.81883970
91 92 0.00067330
99 99 0.64228743
99 98 0.00640581
99 100 0.00588183
54 53 0.04351386
54 55 0.01879498
54 56 0.09911767
54 54 0.72198223
114 113 0.01996615
114 114 0.88148697
123 122 0.00145011
123 123 0.87645758
24 24 0.54334587
67 69 0.00087682
67 68 0.01257502
67 66 0.00213791
67 67 0.50968947
19 19 0.42896190
112 111 0.02670671
112 112 0.85233948
40 41 0.05216777
40 40 0.53784808
40 42 0.04089579
132 132 0.65705778
18 18 0.45230375
58 58 0.49455304
58 60 0.01769763
58 59 0.04333315
58 57 0.13680255
23 23 0.41081029
53 52 0.03892632
53 53 0.67457473
53 55 0.00728160
53 54 0.01757969
150 150 0.69221767
62 64 0.03853670
62 62 0.20078760
62 63 0.02858969
62 61 0.12156553
94 94 0.69330785
125 125 0.60496860
125 124 0.00064442
51 53 0.09430500
51 52 0.02468738
51 51 0.54905845
51 50 0.00542453
151 151 0.58363531
6 6 0.58496584
21 21 0.48446982
60 62 0.06835100
60 61 0.01710324
60 59 0.04719870
60 60 0.29296599
108 107 0.04287582
108 106 0.00218848
108 108 0.79630856
68 67 0.00058354
68 68 0.23279135
68 70 0.00149099
68 69 0.01460103
89 89 0.98293741
124 124 0.41070638
124 123 0.00156919
29 29 0.74891416
88 88 0.77214041
88 87 0.00104124
78 78 0.65752970
39 39 0.74772497
39 40 0.01497417
39 41 0.00654523
80 80 0.82124526
127 127 0.62366779
118 118 0.59399040
71 72 0.01093765
71 71 0.65407705
82 82 0.41220055
93 93 0.78995703
154 154 0.74213915
98 99 0.00317251
98 97 0.06620586
98 98 0.61858093
133 133 0.73444191
144 144 0.86880742
131 131 0.69528317
95 94 0.00064855
95 95 0.70927058
16 16 0.40979739
79 79 0.81446232
41 43 0.00267211
41 42 0.04724416
41 41 0.57042068
57 56 0.01502112
57 59 0.00803493
57 57 0.58052626
57 58 0.02867550
134 134 0.96370217
70 72 0.00080919
70 70 0.60124787
70 71 0.01006110
45 46 0.03021743
45 47 0.05773500
45 45 0.49747624
7 7 0.39615693
44 44 0.53451413
44 45 0.05648582
44 46 0.04358000
84 84 0.45239593
86 87 0.00124243
86 86 0.81058724
31 31 0.92603317
145 145 0.79558636
8 8 0.43054297
90 90 0.82527641
117 116 0.00077098
117 117 0.67719650
50 50 0.22445718
50 51 0.00631660
50 49 0.00658692
50 52 0.08169800
73 74 0.00418149
73 73 0.25990255
128 128 0.83908537
147 147 0.54344298
142 142 0.98168045
149 149 0.71166373
141 141 0.64344807
38 39 0.03101923
38 38 0.77126967
38 40 0.00124892
122 121 0.00141784
122 122 0.75830877
2 2 0.81245462
75 75 0.50622779
17 17 0.47005341
106 107 0.00080944
106 106 0.67927199
106 105 0.10952904
106 104 0.00183906
136 136 0.84905597
12 12 0.71496404
143 143 0.96875092
135 135 0.90358837
11 11 0.44345436
36 37 0.00087001
36 36 0.85394298
119 119 0.67947399
52 52 0.34477706
52 53 0.02306834
52 54 0.09507667
52 51 0.00715783
46 48 0.00546140
46 45 0.00275370
46 47 0.01803584
46 46 0.15661053
77 77 0.53125094
153 153 0.87881887
65 67 0.04244900
65 64 0.00842357
65 65 0.56183331
65 66 0.11820649
13 13 0.85964926
1 1 0.81986070
85 85 0.41371395
56 58 0.09931200
56 57 0.00667290
56 55 0.00774777
56 56 0.39983446
152 152 0.73485154
113 112 0.02335847
113 113 0.88604393
116 115 0.00417349
116 116 0.67241290
105 103 0.00204374
105 104 0.15350785
105 105 0.79494461
105 106 0.02694698
33 33 0.54427661
30 30 0.57785286
49 48 0.00216300
49 49 0.33800316
49 51 0.00615760
49 50 0.07520497
138 138 0.71592264
129 129 0.87646957
111 109 0.00071107
111 111 0.67846627
111 110 0.02694565
43 43 0.26986585
43 45 0.00684667
43 44 0.05768681
28 28 0.80055191
69 69 0.56729480
69 70 0.01132405
69 71 0.00169099
130 130 0.65020855
61 61 0.21700520
61 60 0.00592792
61 63 0.02049617
61 62 0.20729549
14 14 0.84960055
25 25 0.41058006
55 55 0.43576990
55 54 0.07596007
55 56 0.02179252
55 57 0.09911333
109 108 0.03457182
109 109 0.67039228
109 107 0.00209522
63 62 0.08269312
63 65 0.03706510
63 64 0.01277430
63 63 0.34487529
107 107 0.71414226
107 106 0.09847723
107 108 0.00053150
107 105 0.00170799
64 62 0.00073639
64 66 0.04897300
64 65 0.01838125
64 64 0.37826834
64 63 0.06198221
22 22 0.49276223
9 9 0.39489897
148 148 0.76824367
110 108 0.00195719
110 109 0.03065419
110 110 0.68095464
20 20 0.41703315
97 97 0.68230246
97 98 0.00050834
97 96 0.01585701
76 76 0.74754705
102 101 0.00806012
102 102 0.68591919
102 103 0.01209140
100 99 0.11946740
100 100 0.70089547
100 101 0.03389853
