5 5 0.58357540
37 37 0.57407556
139 139 0.60748064
59 61 0.00374997
59 57 0.00352069
59 59 0.49951549
59 58 0.01345647
59 60 0.01092054
104 103 0.03463035
104 104 0.91204350
104 105 0.00386272
74 73 0.00098379
74 74 0.47484498
115 115 0.42004761
26 26 0.70854886
15 15 0.74907891
27 27 0.70233438
96 96 0.62803295
96 97 0.00108620
101 101 0.78544778
101 102 0.00906388
101 100 0.02053759
47 45 0.02758905
47 47 0.52303069
47 46 0.00283964
66 66 0.73520427
66 65 0.01020717
66 64 0.00246623
66 67 0.02463599
35 35 0.54531542
87 86 0.00080057
87 88 0.00288543
87 87 0.62348276
83 83 0.62963354
103 102 0.03752238
103 104 0.00640360
103 103 0.84547584
92 92 0.94335918
92 93 0.00531984
4 4 0.64632259
42 40 0.01703137
42 41 0.00796581
42 42 0.51257875
121 121 0.65382369
121 122 0.00055342
10 10 0.46612023
137 137 0.99649588
48 49 0.00333568
48 46 0.00086956
48 48 0.31471462
81 81 0.92127254
140 140 0.65434547
112 112 0.75156035
40 38 0.00060108
40 40 0.44155025
40 39 0.00437154
67 67 0.48782736
67 65 0.00378785
67 66 0.01639640
67 68 0.00805897
19 19 0.53304139
114 114 0.82528137
54 54 0.82489449
54 55 0.00270332
54 53 0.00107766
54 52 0.00894391
99 98 0.00354117
99 99 0.67390283
99 100 0.00324714
24 24 0.51210124
123 124 0.00064025
123 123 0.75939536
126 126 0.65559788
34 34 0.39206435
146 146 0.54233374
91 91 0.88784524
91 92 0.02868033
72 72 0.49651365
72 73 0.00065651
72 71 0.00419184
3 3 0.62890316
120 120 0.54391652
32 32 0.40190299
21 21 0.50493119
108 107 0.00073923
108 108 0.89155200
60 59 0.00291639
60 61 0.07204063
60 60 0.56978915
60 58 0.00799605
60 62 0.00123718
51 49 0.00289392
51 51 0.60214069
94 95 0.00460553
94 94 0.79963901
125 125 0.54503439
6 6 0.51565075
151 151 0.54678516
62 62 0.55055119
62 64 0.00061638
62 61 0.02158072
62 60 0.00597093
62 63 0.00287053
150 150 0.65761852
132 132 0.60737546
18 18 0.56152800
23 23 0.45296121
53 51 0.04431430
53 54 0.00117390
53 53 0.76503464
53 52 0.00065952
58 58 0.71153774
58 59 0.01310777
58 57 0.00895574
58 56 0.04703036
131 131 0.65423288
144 144 0.87799846
133 133 0.65573017
98 99 0.00250481
98 97 0.00117945
98 98 0.58115099
95 95 0.81281773
95 96 0.00706661
93 93 0.80519899
93 94 0.00214067
82 82 0.57911337
154 154 0.60876713
127 127 0.87907107
80 80 0.81223426
71 70 0.00276098
71 72 0.00451817
71 69 0.00055229
71 71 0.55965747
118 118 0.56217950
88 88 0.51650243
88 89 0.05220723
88 87 0.00103586
29 29 0.76677357
124 124 0.52202916
68 68 0.22692996
68 69 0.00322206
68 66 0.00065234
68 67 0.00263868
89 90 0.02713037
89 89 0.71094516
89 88 0.00078692
39 38 0.00505235
39 39 0.71949000
78 78 0.66545222
73 73 0.27783624
73 74 0.00070794
50 49 0.01344590
50 51 0.00199056
50 50 0.53738156
117 117 0.62626807
142 142 0.98948526
147 147 0.52574182
128 128 0.99691792
8 8 0.48395098
145 145 0.65823208
31 31 0.85815518
90 91 0.05193243
90 90 0.65052333
7 7 0.47150549
45 44 0.00458536
45 46 0.00121932
45 43 0.00064826
45 45 0.50636632
134 134 0.99647288
70 71 0.00862213
70 70 0.70866918
70 69 0.00295777
86 87 0.05836718
86 86 0.48842783
84 85 0.00395304
84 84 0.55819999
44 44 0.54699138
44 43 0.00129729
44 42 0.01529915
57 57 0.86023219
57 59 0.00101358
57 58 0.01528609
57 56 0.00319371
57 55 0.04736829
79 79 0.76016808
41 41 0.51500490
41 40 0.01142594
41 39 0.00299272
16 16 0.54992502
36 36 0.75407057
119 119 0.58423796
11 11 0.46115988
52 50 0.02765637
52 51 0.00825628
52 52 0.52427141
52 53 0.00132833
143 143 0.99756626
12 12 0.81233898
135 135 0.99648738
106 106 0.86701651
106 105 0.02743516
17 17 0.55836159
75 75 0.60972664
2 2 0.84606420
122 123 0.00065891
122 122 0.60742130
136 136 0.99647538
141 141 0.61013152
149 149 0.61126884
38 37 0.00054759
38 38 0.75837128
129 129 0.99700193
111 111 0.59742219
138 138 0.65584249
49 48 0.00075094
49 50 0.00225908
49 47 0.00586256
49 49 0.74944032
152 152 0.66420138
113 113 0.83109893
56 55 0.00892967
56 56 0.68740124
56 54 0.04769709
56 57 0.00652297
85 86 0.00111732
85 85 0.43964382
30 30 0.59083782
33 33 0.55352658
105 104 0.03088567
105 105 0.89332177
105 106 0.00133357
116 116 0.63553839
65 65 0.31787697
65 66 0.07908936
65 64 0.00153789
65 63 0.00180574
153 153 0.93819045
13 13 0.74188149
1 1 0.90985955
46 44 0.01811507
46 45 0.01368522
46 46 0.31704768
77 77 0.68186298
76 76 0.77393720
97 98 0.00102660
97 97 0.59630978
20 20 0.55299219
148 148 0.76308887
110 110 0.74505278
100 99 0.01092709
100 101 0.02238902
100 100 0.60053336
102 103 0.00670055
102 102 0.87827195
102 101 0.03295633
22 22 0.53683642
64 64 0.48393311
64 62 0.00127473
64 65 0.01095597
64 63 0.00087300
107 107 0.80207727
107 106 0.00491958
9 9 0.42497734
109 109 0.72492979
55 56 0.00257832
55 54 0.00253573
55 55 0.65627732
55 53 0.00322598
25 25 0.35787804
63 63 0.51109067
63 61 0.00115375
63 64 0.01616616
63 62 0.00991141
63 65 0.00139245
130 130 0.60371009
43 43 0.53946969
43 42 0.00069090
43 41 0.00096521
28 28 0.71268737
69 69 0.47039596
69 70 0.00753299
69 68 0.00141856
61 62 0.09642905
61 60 0.00265419
61 59 0.00055113
61 61 0.39631143
14 14 0.78706990
