29 29 0.13961769
57 60 0.00799993
57 53 0.00114416
57 56 0.03492244
57 55 0.00568262
57 54 0.01121878
57 57 0.15098701
57 58 0.06019153
61 59 0.04587944
61 63 0.00206318
61 60 0.00661579
61 61 0.06907778
61 57 0.00120841
61 64 0.00335559
61 58 0.00190121
61 62 0.03899141
60 61 0.00135462
60 57 0.00226737
60 59 0.07664560
60 56 0.00075015
60 60 0.01002041
60 62 0.00126781
60 58 0.03506024
109 106 0.00113491
109 105 0.00184961
109 107 0.18429807
109 104 0.04183998
19 19 0.99239953
83 79 0.37851931
83 81 0.39249368
83 78 0.00937937
124 124 0.10973287
124 122 0.47761642
124 121 0.01530992
124 125 0.00051535
124 119 0.00441791
124 120 0.04467997
92 87 0.01321863
92 86 0.00064066
92 88 0.10110113
92 92 0.00123163
92 95 0.00055701
92 90 0.44605860
92 78 0.00077242
92 89 0.13151044
92 91 0.03124545
76 72 0.01437186
76 71 0.00164945
76 74 0.21579314
76 73 0.00056856
8 8 0.21944055
119 119 0.00053883
119 116 0.00295613
119 117 0.32655958
119 115 0.05237244
119 114 0.00142215
64 65 0.05090714
64 61 0.00854172
64 63 0.17804134
64 60 0.00883549
64 59 0.00060257
64 62 0.32599452
64 64 0.07496304
134 130 0.01015349
134 132 0.48844201
134 131 0.00222042
134 133 0.02530410
134 134 0.00373722
134 129 0.00068212
94 80 0.00071568
94 88 0.00117203
94 92 0.46471791
94 90 0.02468992
94 93 0.00141603
94 89 0.00803928
94 91 0.18866668
94 94 0.00234435
129 130 0.01924892
129 128 0.01848366
129 125 0.01563367
129 127 0.60842829
129 129 0.08878686
126 124 0.21904990
126 121 0.01100662
126 122 0.04416668
126 126 0.00106090
126 127 0.00067006
133 133 0.01707205
133 129 0.00215935
133 132 0.00564326
133 130 0.00711035
133 131 0.61410510
78 73 0.02687110
78 76 0.13700491
78 74 0.01820511
17 17 0.98172047
121 122 0.01346059
121 121 0.00054176
121 119 0.11943077
121 120 0.00491814
97 95 0.19220507
97 97 0.00214673
97 92 0.00070640
97 96 0.00201676
97 94 0.00097538
97 91 0.00068165
97 99 0.00069650
97 93 0.00210902
36 39 0.00151487
36 34 0.02327837
36 37 0.04287919
36 35 0.14558720
36 36 0.41371279
36 38 0.01000258
16 16 0.98107297
71 70 0.00314678
71 68 0.01564580
71 67 0.00684154
71 69 0.24448345
71 66 0.01581369
100 96 0.01829004
100 98 0.08584405
100 97 0.00054722
100 101 0.00065375
100 99 0.00195076
79 75 0.10617217
79 74 0.00335644
79 77 0.13831890
43 38 0.00056532
43 44 0.00353129
43 46 0.00579886
43 43 0.50620304
43 42 0.02784942
43 41 0.00470208
43 45 0.03246555
125 121 0.00288224
125 123 0.19380134
125 125 0.00077658
125 120 0.00119145
40 42 0.11416736
40 40 0.19543033
40 41 0.02655254
40 39 0.00468205
40 37 0.00141010
40 44 0.00050974
40 38 0.00412429
40 43 0.03003510
15 15 0.21186985
47 50 0.00390758
47 49 0.09171303
47 47 0.42061459
47 40 0.00131983
47 45 0.04754247
47 48 0.00403332
47 51 0.00286632
47 46 0.00145207
77 72 0.00324854
77 75 0.16441094
77 73 0.19020709
77 74 0.00154073
14 14 0.18461459
63 62 0.20215300
63 58 0.00050419
63 64 0.10129518
63 63 0.10820724
63 59 0.00514340
63 61 0.26899767
82 77 0.00617038
82 78 0.35802237
82 80 0.22221442
24 24 0.77402572
31 31 0.15633054
4 3 0.00062318
4 4 0.83857238
4 5 0.00077870
3 4 0.00082935
3 3 0.49009413
3 2 0.00151008
67 66 0.03034431
67 65 0.22581767
67 63 0.01408939
67 67 0.00108103
67 64 0.01285139
108 105 0.00618407
108 106 0.28523114
108 109 0.00972061
108 103 0.08866705
108 108 0.00066671
108 104 0.00275437
26 26 0.57997416
30 30 0.13865281
2 2 0.52107642
2 1 0.00078495
21 21 0.98882754
58 58 0.07383980
58 57 0.05042781
58 54 0.00076874
58 55 0.00081898
58 56 0.01664692
96 92 0.00132358
96 98 0.00089984
96 96 0.00683316
96 94 0.12341781
96 91 0.00178240
96 99 0.00106687
96 82 0.00083412
132 133 0.00252167
132 127 0.00378861
132 129 0.00751245
132 128 0.02858074
132 130 0.59948426
132 132 0.00289895
132 131 0.02145102
42 42 0.28177695
42 40 0.00257109
42 41 0.02138726
42 45 0.00463465
42 44 0.02204300
42 43 0.01465767
99 99 0.00243907
99 101 0.00073680
99 95 0.00059864
99 97 0.18760265
99 96 0.00070458
99 100 0.00329887
66 64 0.11418263
66 65 0.03341476
66 66 0.02315048
66 63 0.00224298
50 53 0.00582950
50 50 0.20767079
50 49 0.00555926
50 54 0.01237750
50 51 0.00113809
50 52 0.01755261
50 48 0.01237131
53 48 0.00054982
53 51 0.00521131
53 52 0.01374792
53 58 0.00202164
53 57 0.00361633
53 54 0.02501778
53 55 0.00833518
53 56 0.00189301
53 53 0.19344222
93 91 0.48496228
93 93 0.00050967
93 89 0.06347568
93 90 0.07677158
93 95 0.00526701
93 92 0.01893812
93 88 0.01328599
93 87 0.00108742
93 79 0.00076855
89 88 0.01722215
89 92 0.00969274
89 75 0.00072989
89 86 0.05503062
89 87 0.25014781
89 91 0.00056681
89 85 0.01738289
89 84 0.00266568
89 90 0.00079319
89 89 0.00055332
55 49 0.00065880
55 54 0.02513990
55 57 0.00369941
55 56 0.01601057
55 55 0.21988190
55 53 0.04372911
55 51 0.00377178
55 58 0.01763975
55 52 0.00345108
48 50 0.03835622
48 47 0.00185563
48 49 0.00114149
48 53 0.00072731
48 48 0.21690064
48 46 0.01291926
48 51 0.00090270
48 44 0.00077977
48 52 0.00111120
123 123 0.01153506
123 124 0.02750737
123 121 0.27195220
123 122 0.01522596
123 120 0.00127808
9 9 0.12716403
98 100 0.00161790
98 96 0.19791736
98 98 0.00303638
98 95 0.00091319
98 99 0.02170551
98 94 0.00069526
46 43 0.00113432
46 46 0.17218265
46 44 0.00325053
46 48 0.00828621
46 45 0.00323418
46 50 0.00202263
46 49 0.00499786
110 111 0.00095059
110 108 0.40433559
110 109 0.01196546
110 105 0.03445907
110 110 0.00312182
110 106 0.00666510
65 62 0.00053100
65 64 0.00552926
65 63 0.31399267
65 60 0.00120332
65 65 0.04380781
65 61 0.00477859
65 66 0.01075847
72 69 0.01532760
72 70 0.22328254
72 68 0.09885683
72 67 0.00086186
118 115 0.00097799
118 116 0.15569289
118 117 0.02872752
118 118 0.00427799
118 114 0.02552902
59 62 0.00266693
59 58 0.10884083
59 57 0.05509575
59 60 0.00143563
59 55 0.00200849
59 56 0.00184481
59 59 0.08861009
56 58 0.00165457
56 52 0.00645683
56 56 0.18263413
56 59 0.00775933
56 55 0.02480053
56 53 0.00347476
56 54 0.00855758
56 57 0.12794260
135 134 0.03316874
135 133 0.53397658
135 131 0.01373538
135 132 0.00246285
122 123 0.00256548
122 122 0.11026159
122 121 0.00106365
122 119 0.00528228
122 118 0.01411837
122 120 0.34058246
35 36 0.00695463
35 35 0.18680051
35 33 0.00094781
35 37 0.00065807
35 34 0.03568827
95 94 0.00179848
95 81 0.00078177
95 91 0.00377894
95 93 0.21502110
95 90 0.00052020
95 92 0.00472297
95 95 0.00171669
112 108 0.04230981
112 112 0.07494042
112 111 0.01416229
112 110 0.67866640
112 109 0.02160011
75 72 0.00236742
75 71 0.01464178
75 70 0.00068684
75 73 0.39885500
68 66 0.06170389
68 65 0.00118669
68 63 0.00239026
68 67 0.01369105
68 64 0.00538675
68 68 0.00418251
5 6 0.00058011
5 4 0.00116037
5 5 0.43672256
107 102 0.00150348
107 106 0.00451038
107 105 0.15492433
107 107 0.00100819
107 104 0.00769824
107 108 0.00824958
107 103 0.00578593
13 13 0.13322266
70 68 0.26484618
70 70 0.00110569
70 67 0.00151258
70 69 0.00114454
70 66 0.07900264
51 48 0.00094248
51 52 0.00252752
51 51 0.21380715
51 54 0.00529324
51 47 0.00124888
51 49 0.01109166
51 50 0.01683603
51 53 0.01318825
51 55 0.00531191
111 108 0.02020425
111 107 0.00083082
111 111 0.01977849
111 106 0.01221197
111 110 0.01013946
111 109 0.53924436
49 49 0.13424153
49 47 0.00409148
49 54 0.00120011
49 50 0.00527928
49 53 0.00128415
49 45 0.00088312
49 48 0.00296331
49 52 0.00500625
49 51 0.00247585
28 28 0.19066312
81 77 0.21554486
81 79 0.24840487
81 76 0.00386460
6 6 0.58621646
6 5 0.00469648
41 43 0.06330066
41 44 0.00746365
41 41 0.22912223
41 39 0.00173330
41 42 0.02263013
41 40 0.02216112
120 118 0.20401556
120 120 0.03792271
120 116 0.00123823
45 43 0.02252435
45 44 0.00230216
45 38 0.00059995
45 48 0.00099045
45 45 0.19104116
45 42 0.00125823
45 47 0.00320935
45 49 0.00357185
25 25 0.88291311
69 67 0.39875373
69 64 0.01778610
69 68 0.00110915
69 66 0.00117060
69 65 0.00482431
69 69 0.00290747
34 36 0.00070962
34 34 0.17802369
34 35 0.00106566
104 105 0.00087753
104 99 0.02108945
104 101 0.00691703
104 102 0.52083882
104 103 0.00211776
104 104 0.00735220
104 100 0.00247055
33 33 0.00523207
103 101 0.39982011
103 102 0.00786277
103 99 0.00715199
103 100 0.00204615
103 98 0.00107781
103 97 0.00110821
103 103 0.00241429
103 104 0.05269909
115 113 0.32126059
115 111 0.01084843
115 112 0.00590302
115 115 0.00722339
22 22 0.96537853
136 132 0.00111047
136 134 0.82208134
136 133 0.00576548
86 88 0.00123587
86 86 0.00173221
86 84 0.36112583
86 81 0.01751939
86 89 0.00692124
86 83 0.00178970
86 82 0.15766261
52 48 0.00051582
52 52 0.45818484
52 51 0.00537283
52 54 0.01339021
52 57 0.00199177
52 50 0.03717923
52 53 0.02023403
52 56 0.00922615
52 55 0.00250992
80 75 0.00980031
80 76 0.03285857
80 78 0.38472912
11 11 0.15539030
91 87 0.13706466
91 86 0.00681396
91 88 0.15831872
91 92 0.00186099
91 90 0.01097919
91 89 0.42212928
91 93 0.00087054
91 91 0.00131665
91 77 0.00076451
91 94 0.00089995
106 105 0.00203112
106 101 0.08639985
106 102 0.01269688
106 103 0.01279980
106 104 0.66767623
106 107 0.02464859
85 81 0.30735234
85 83 0.32295187
85 88 0.00108569
85 80 0.01676065
84 82 0.35599033
84 80 0.30165282
84 79 0.01718701
84 70 0.00065963
32 32 0.13154120
105 102 0.00359211
105 101 0.00276934
105 106 0.05344065
105 105 0.00083640
105 104 0.00758206
105 103 0.30793763
27 27 0.22341743
102 99 0.01029021
102 101 0.00126538
102 102 0.00212477
102 97 0.00527887
102 96 0.00145392
102 100 0.12121397
90 88 0.42357879
90 92 0.00099040
90 76 0.00077519
90 87 0.12970530
90 86 0.17134487
90 91 0.00243147
90 85 0.00121666
90 90 0.00083290
90 93 0.00054569
90 89 0.01561149
113 112 0.01873372
113 111 0.70293658
113 108 0.00236439
113 109 0.04849928
113 113 0.09242605
113 110 0.02346420
20 20 0.97647371
88 88 0.00084338
88 86 0.26868829
88 87 0.01367364
88 91 0.00248196
88 85 0.00250157
88 84 0.02140996
88 83 0.01360400
88 89 0.00076330
116 114 0.18496581
116 112 0.00227923
116 116 0.04296879
116 117 0.00224542
73 69 0.00624179
73 70 0.00246342
73 68 0.00191654
73 71 0.04924598
74 71 0.00146544
74 70 0.03235847
74 72 0.15886714
131 127 0.02360137
131 129 0.49240714
131 130 0.02222487
131 128 0.00320622
131 131 0.01577261
10 10 0.16208909
38 41 0.00340300
38 39 0.01437000
38 42 0.00056956
38 40 0.00978172
38 38 0.35051647
38 36 0.03487568
38 37 0.18701744
44 45 0.00116060
44 42 0.01567666
44 47 0.00140821
44 46 0.00395853
44 43 0.03032982
44 44 0.45801537
44 48 0.00270980
44 37 0.00058193
87 87 0.00126140
87 86 0.01131390
87 73 0.00050746
87 88 0.00099195
87 83 0.06323137
87 89 0.00257612
87 90 0.00234724
87 82 0.01101225
87 84 0.00196887
87 85 0.32254210
1 1 0.97512906
54 52 0.00306741
54 54 0.04541426
54 56 0.00071592
54 55 0.00206236
54 53 0.00394983
7 7 0.26436801
7 6 0.00077821
114 113 0.02550440
114 109 0.00196800
114 114 0.00163360
114 110 0.06154775
114 111 0.01761136
114 112 0.71198437
39 40 0.01052245
39 42 0.05032776
39 39 0.25202955
39 41 0.00722050
39 38 0.01354709
39 43 0.00108311
39 37 0.01057373
39 36 0.00101084
127 125 0.19821839
127 128 0.00054149
127 127 0.04734729
101 97 0.00777045
101 98 0.00159585
101 96 0.02628044
101 100 0.00882741
101 99 0.33695214
101 102 0.01265569
101 101 0.00330967
37 35 0.00118614
37 37 0.49984606
37 36 0.14544826
37 38 0.01791126
37 40 0.01226284
37 39 0.00243995
117 117 0.09253686
117 116 0.00147388
117 115 0.29283582
117 113 0.00615397
12 12 0.13353609
130 128 0.51209244
130 130 0.11598889
130 129 0.00429972
130 127 0.01674782
23 23 0.62542223
128 126 0.12390583
128 128 0.00202159
128 124 0.00072221
62 64 0.00286377
62 62 0.07605763
62 58 0.00668117
62 61 0.18398641
62 65 0.00067558
62 63 0.13560518
62 60 0.11010978
18 18 0.12759779
