88 88 0.43043000
95 95 0.39334000
137 137 0.91920000
94 94 0.99595900
106 106 0.29843300
74 74 0.53351300
132 132 0.99590100
81 81 0.92680800
25 25 0.99982400
157 157 0.99996600
96 96 0.12112500
146 146 0.51478700
53 53 0.58465500
40 40 0.38542400
42 42 0.63581800
24 24 0.99989500
2 2 0.96664900
99 99 0.12274200
114 114 0.74811500
108 108 0.06776930
119 119 0.98949700
131 131 0.39333800
71 71 0.62795300
145 145 0.64781900
54 54 0.96532000
66 66 0.65085300
141 141 0.82956200
69 69 0.61286800
8 8 0.58339400
58 58 0.94528500
154 154 0.99636100
78 78 0.61479400
61 61 0.99982400
23 23 0.99993400
151 151 0.96288200
16 16 0.39192700
112 112 0.87929900
1 1 0.99997700
84 84 0.43388600
130 130 0.12113000
10 10 0.32198600
76 76 0.84608000
36 36 0.47444000
68 68 0.52187000
126 126 0.99985500
156 156 0.99993600
49 49 0.64426100
38 38 0.57660500
52 52 0.61242600
105 105 0.14751800
127 127 0.12277600
60 60 0.94606200
83 83 0.60191400
140 140 0.87301200
7 7 0.51389400
63 63 0.33548700
72 72 0.23470300
80 80 0.99392700
90 90 0.35248700
56 56 0.54298400
44 44 0.24572800
150 150 0.94971500
120 120 0.12338100
91 91 0.39050900
104 104 0.99920800
75 75 0.99724100
111 111 0.98722800
86 86 0.56494000
110 110 0.74577500
33 33 0.08789040
48 48 0.65014300
47 47 0.97251000
107 107 0.39870200
138 138 0.83565400
92 92 0.28963900
46 46 0.67171800
21 21 0.99994300
109 109 0.57992200
115 115 0.68516700
142 142 0.67155400
148 148 0.88409700
125 125 0.99990000
4 4 0.50316100
12 12 0.41820800
34 34 0.37393100
113 113 0.98969600
35 35 0.30453700
129 129 0.29174200
62 62 0.57381100
64 64 0.99971300
65 65 0.61695600
51 51 0.62535500
37 37 0.63496500
153 153 0.97736800
82 82 0.80981200
102 102 0.99930100
102 103 0.00051862
87 87 0.58886800
118 118 0.97915300
134 134 0.28968800
26 26 0.29314900
31 31 0.27651700
39 39 0.36613800
67 67 0.65061500
97 97 0.29174100
85 85 0.66046400
122 122 0.29887200
152 152 0.96569600
18 18 0.29008100
5 5 0.44910900
101 101 0.99951700
59 59 0.96830500
155 155 0.99953900
32 32 0.38799900
128 128 0.29178400
139 139 0.96510900
15 15 0.35925500
123 123 0.14787800
20 20 0.29315600
144 144 0.17902800
45 45 0.19408800
6 6 0.33405200
73 73 0.49272100
27 27 0.29032400
124 124 0.99909000
3 3 0.58432900
100 100 0.99972500
70 70 0.64445900
28 28 0.29008000
50 50 0.52791300
57 57 0.97558500
55 55 0.30686300
22 22 0.99994400
117 117 0.76061500
135 135 0.39051100
30 30 0.39192800
13 13 0.98243000
136 136 0.37031500
147 147 0.68874200
98 98 0.29178200
41 41 0.41126400
11 11 0.28298700
149 149 0.92385900
103 103 0.99925200
116 116 0.94886600
19 19 0.29032500
9 9 0.38736100
133 133 0.99616600
79 79 0.99390100
14 14 0.98279400
77 77 0.74034200
17 17 0.39374000
143 143 0.35983700
43 43 0.67393900
121 121 0.40897000
29 29 0.39374100
93 93 0.99590800
89 89 0.68273300
