126 126 0.98023200
68 68 0.99922100
36 36 0.73253500
76 76 0.99973400
10 10 0.57969900
130 130 0.98024500
84 84 0.76493700
1 1 0.99997600
16 16 0.16439700
112 112 0.98359200
151 151 0.98042000
23 23 0.99991900
63 63 0.99936300
7 7 0.76165500
140 139 0.00156881
140 140 0.97817800
83 83 0.72291900
60 60 0.99981800
127 127 0.98026800
105 104 0.00200251
105 105 0.89096300
52 52 0.99974000
38 38 0.74906600
49 49 0.99953800
156 156 0.98804900
110 110 0.98358100
86 86 0.98216900
111 111 0.98358700
75 75 0.99936100
104 103 0.00742941
104 104 0.97197700
150 150 0.98031300
91 91 0.91014200
120 120 0.98025200
44 44 0.30689100
56 56 0.99981500
90 90 0.50786100
80 80 0.91796500
72 73 0.00172715
72 71 0.00065460
72 72 0.99706700
115 115 0.89526200
109 109 0.98337500
21 21 0.08471450
46 46 0.67797000
92 92 0.89748400
107 107 0.98267400
138 137 0.00293729
138 139 0.00051645
138 138 0.97647200
48 48 0.99955500
47 47 0.94978600
33 33 0.79624700
25 25 0.08470860
81 81 0.92980900
132 132 0.98028100
74 74 0.99824900
106 105 0.00063257
106 106 0.89440200
94 94 0.97750600
94 93 0.00164896
137 136 0.00288219
137 137 0.97595400
137 138 0.00061487
95 95 0.97774000
95 94 0.00226202
88 88 0.81589000
24 24 0.99997700
42 42 0.53107700
40 40 0.58743000
53 53 0.99974600
146 146 0.75513400
96 95 0.00201777
96 96 0.97821800
157 157 0.99975100
69 69 0.99847800
69 70 0.00057907
141 140 0.00127339
141 141 0.97863400
66 66 0.99937600
54 54 0.99970000
145 145 0.78021100
71 71 0.99742000
71 70 0.00064316
71 72 0.00138869
131 131 0.98026100
119 119 0.98023800
114 114 0.98351600
108 108 0.98285200
2 2 0.99997300
99 98 0.00217830
99 99 0.97445000
61 61 0.99977700
78 78 0.85361900
154 154 0.98043800
58 58 0.99982100
8 8 0.78718400
30 30 0.23222400
135 135 0.97945900
117 117 0.98023500
55 55 0.99980200
22 22 0.99998300
57 57 0.99982000
50 50 0.99968900
28 28 0.32127500
70 71 0.00105323
70 69 0.00058440
70 70 0.99783100
124 124 0.98009000
3 3 0.88093400
100 101 0.00068943
100 100 0.97007400
100 99 0.00574349
27 27 0.32146100
103 104 0.00052422
103 102 0.01192150
103 103 0.96710900
11 11 0.52054400
149 149 0.96331900
41 41 0.58323900
98 98 0.97807600
98 97 0.00165308
147 147 0.96591900
136 137 0.00083793
136 135 0.00058109
136 136 0.97633400
13 13 0.68387000
17 17 0.42960100
77 77 0.94565500
14 14 0.74146100
79 79 0.99981600
133 133 0.98025400
9 9 0.67667700
116 116 0.89329400
19 19 0.32146200
89 89 0.86129000
93 92 0.00088570
93 93 0.97814800
29 29 0.42959900
121 121 0.98027600
43 43 0.47650800
143 143 0.28832000
62 62 0.99953800
129 129 0.98014500
35 35 0.86527900
113 113 0.98359800
34 34 0.83654500
12 12 0.51511900
4 4 0.88247000
125 125 0.98005400
148 148 0.93959200
142 142 0.69704800
31 31 0.54612300
26 26 0.32443600
134 134 0.98002400
118 118 0.98024400
102 103 0.00086654
102 102 0.96607800
102 101 0.01211140
87 87 0.98217100
82 82 0.52736500
153 153 0.98035900
37 37 0.72048000
65 65 0.99937700
51 51 0.99963300
64 64 0.99937400
128 128 0.98022400
32 32 0.79680000
59 59 0.99981900
101 100 0.00920335
101 101 0.96653300
101 102 0.00124430
155 155 0.98360700
5 5 0.89204800
18 18 0.32127500
152 152 0.98043000
122 122 0.98025100
85 85 0.98217100
67 67 0.99953200
97 96 0.00168006
97 97 0.97852600
39 39 0.55978700
73 72 0.00057807
73 74 0.00097502
73 73 0.99726100
6 6 0.85349400
45 45 0.18965700
144 144 0.28734000
20 20 0.32443600
123 123 0.98008400
15 15 0.39118800
139 138 0.00185512
139 139 0.97772500
