147 147 0.62776100
126 126 0.72743100
136 136 0.51376300
99 99 0.80066300
51 51 0.49017900
23 23 0.99904600
63 63 0.64878800
80 80 0.97674900
37 37 0.66950400
32 32 0.99898800
149 149 0.98472600
149 148 0.00051859
5 5 0.99857000
13 13 0.99905700
123 123 0.70946900
25 25 0.99896800
15 15 0.99908900
21 21 0.99907400
14 14 0.99897400
132 132 0.69210000
61 61 0.50056200
68 67 0.01151250
68 70 0.00053055
68 69 0.00840536
68 68 0.96653300
106 106 0.41773800
64 64 0.66525800
157 157 0.99918100
41 41 0.99868500
53 53 0.99438500
57 57 0.99929900
22 22 0.99895300
90 90 0.45167900
112 112 0.75996000
81 81 0.97940600
48 48 0.73744700
98 98 0.79708200
118 118 0.85997000
72 72 0.71778100
72 73 0.00089739
72 71 0.00226803
34 34 0.09474040
114 114 0.72443000
135 135 0.87371900
96 96 0.97796000
96 97 0.00237851
109 109 0.63772600
12 12 0.99904100
142 142 0.73338200
128 128 0.96565600
119 119 0.94128000
24 24 0.99906900
153 153 0.66389000
82 82 0.71834700
134 134 0.63707800
137 137 0.80094900
28 28 0.99888100
77 77 0.71683000
95 96 0.00188625
95 95 0.97877200
44 44 0.63513900
107 107 0.39021400
102 102 0.99021200
19 19 0.99917400
141 141 0.97846400
138 138 0.83408700
71 71 0.97114800
71 72 0.00141046
71 70 0.00320189
71 69 0.00068034
122 122 0.98996300
31 31 0.99883100
1 1 0.99941400
144 144 0.67131900
120 120 0.97062100
65 65 0.97794600
65 64 0.00243389
65 66 0.00108740
150 150 0.55492500
27 27 0.99904700
9 9 0.99908200
43 43 0.99011200
70 70 0.96810300
70 69 0.00414328
70 68 0.00074751
70 71 0.00612030
49 49 0.62329100
16 16 0.99915500
156 156 0.86161100
76 75 0.00061751
76 76 0.74612900
59 59 0.99932800
108 108 0.44960800
145 145 0.18211100
154 154 0.67927300
104 104 0.48186100
130 130 0.95909800
45 45 0.67907600
105 105 0.20002700
11 11 0.99911900
10 10 0.99902500
92 92 0.59946800
60 60 0.34669500
140 140 0.93169100
26 26 0.99905400
75 75 0.97596800
75 74 0.00131960
8 8 0.99907300
113 113 0.92228700
87 87 0.70346700
55 55 0.50129200
47 47 0.61725800
66 65 0.00546600
66 67 0.00811291
66 66 0.97389600
50 50 0.51543000
84 84 0.97413900
91 91 0.22373700
39 39 0.99889300
159 159 0.06945760
73 73 0.73338100
73 72 0.00187237
143 143 0.97698800
101 101 0.84138000
38 38 0.67254700
2 2 0.99932800
52 52 0.58338600
124 124 0.93579500
74 74 0.05479690
74 73 0.00174447
74 75 0.00050743
139 139 0.98275800
29 29 0.99896700
155 155 0.99520400
56 56 0.46030600
30 30 0.99894400
93 93 0.69397200
4 4 0.99858700
129 129 0.77862000
69 68 0.01349800
69 70 0.00822873
69 69 0.96603500
69 67 0.00076490
69 71 0.00053397
85 85 0.05617680
67 67 0.97007400
67 66 0.00843740
67 68 0.00863533
62 62 0.49708600
116 116 0.59874100
100 100 0.99082400
115 115 0.48950900
103 103 0.43037600
46 46 0.26197700
125 125 0.71424400
158 158 0.09515160
97 97 0.97801100
97 98 0.00142593
127 127 0.72699100
86 86 0.73487100
40 40 0.56836600
148 148 0.98461400
83 83 0.74550700
20 20 0.99916200
152 152 0.66217200
131 131 0.91404200
79 79 0.97748400
151 151 0.98842900
6 6 0.99899300
111 111 0.73757500
35 35 0.86218300
54 54 0.66730500
42 42 0.99010900
121 121 0.99302700
110 110 0.76602900
117 117 0.65645900
78 78 0.97727700
133 133 0.30484800
94 94 0.83096500
89 89 0.54528600
3 3 0.99907200
7 7 0.99895500
146 146 0.66622100
36 36 0.68358200
18 18 0.99917800
58 58 0.99929200
33 33 0.06871380
88 88 0.96022300
17 17 0.99917500
