123 150 123 150 0.58522800
4 157 3 157 0.00056797
64 112 60 111 0.00666338
64 112 60 112 0.01912300
64 112 61 111 0.00580915
64 112 61 112 0.00199161
64 108 64 108 0.08070460
31 39 31 36 0.13794500
31 39 33 39 0.00092819
31 39 30 37 0.01080700
31 39 32 40 0.00752007
31 36 31 36 0.15832200
72 104 68 104 0.00240051
72 102 70 102 0.00182525
72 106 68 104 0.58009800
72 106 66 106 0.00058693
72 106 67 105 0.00183661
73 105 68 104 0.00172736
73 105 67 105 0.00052525
73 105 69 103 0.81516400
66 113 61 111 0.00054853
66 113 61 112 0.00053435
66 113 62 111 0.43200600
66 106 66 106 0.07922000
54 62 50 58 0.00079458
40 46 37 43 0.11044900
40 46 38 44 0.00795745
63 113 59 111 0.06745810
63 113 58 113 0.00143990
63 113 61 112 0.00052807
63 113 60 112 0.05533880
63 113 60 111 0.00218607
63 114 60 112 0.05686540
63 114 58 114 0.00256036
63 115 58 115 0.01934860
63 109 63 109 0.07709360
125 148 126 148 0.00435262
125 148 125 149 0.00322858
135 139 135 139 0.80516100
80 97 78 95 0.00295783
80 97 78 97 0.00152861
80 97 76 95 0.42655800
80 97 76 97 0.00670646
80 97 75 96 0.00093968
75 102 70 102 0.00090525
75 102 70 101 0.00075221
75 102 71 100 0.81293800
75 102 69 102 0.00057716
75 102 73 100 0.00308635
79 98 74 97 0.00102478
79 98 75 98 0.00567782
79 98 75 96 0.46400300
76 101 71 100 0.00115112
76 101 74 101 0.00263596
76 101 74 99 0.00330994
76 101 72 99 0.75819500
76 101 72 101 0.00894235
38 48 38 46 0.00119067
38 48 36 44 0.01689080
38 48 41 48 0.00062715
38 48 35 45 0.01396060
10 19 12 21 0.00063505
10 19 10 21 0.00117483
10 19 11 20 0.00199819
10 19 11 22 0.00063320
81 97 77 95 0.18521700
71 107 67 105 0.80934400
71 107 66 106 0.00185412
71 107 65 107 0.00059538
71 106 66 106 0.00169570
71 103 69 103 0.00211790
56 119 53 117 0.03719850
56 119 53 118 0.10262100
56 119 55 117 0.00156873
56 119 56 119 0.06470210
56 119 52 118 0.04287260
56 119 52 117 0.00870943
56 119 54 118 0.00252004
68 110 65 107 0.00054923
68 110 64 108 0.55843500
68 110 63 110 0.00959619
68 110 63 109 0.00133094
68 108 64 108 0.00597681
67 111 62 111 0.00780614
67 111 63 109 0.71449900
67 111 63 110 0.04913390
67 111 64 108 0.00052670
67 105 67 105 0.06077990
36 50 37 47 0.00181877
28 44 30 44 0.00065052
120 153 120 153 0.48055400
120 153 118 153 0.00735877
121 152 121 152 0.92048900
121 152 120 152 0.00387618
6 156 4 156 0.07369700
59 118 54 118 0.02374760
59 118 55 118 0.05212550
59 118 55 117 0.10460300
59 118 56 116 0.00754844
59 117 54 117 0.00170248
59 117 55 117 0.20867400
59 117 55 115 0.01624630
59 117 56 116 0.02354710
59 119 56 119 0.00861688
59 119 55 118 0.01558650
59 119 55 117 0.03518480
70 106 66 106 0.00280941
70 107 65 107 0.00107112
70 102 70 102 0.06592100
70 104 68 104 0.00266500
77 100 73 100 0.00566880
77 100 73 98 0.46391500
77 100 75 98 0.00212322
77 100 75 100 0.00082359
77 100 72 99 0.00109497
124 149 125 149 0.00432369
122 151 121 151 0.00053310
122 151 122 151 0.69026200
85 93 83 91 0.00908272
85 93 86 93 0.00267792
85 93 81 89 0.20040600
85 93 81 93 0.00349126
85 93 82 93 0.00251551
85 92 85 92 0.04819930
85 92 83 91 0.00109837
85 92 83 90 0.00587552
85 92 83 92 0.00217843
85 92 81 89 0.04578780
85 92 81 88 0.55009600
57 118 54 118 0.13744800
57 118 54 117 0.09669230
57 118 52 118 0.00546229
57 118 55 117 0.00199199
57 118 55 118 0.00071898
57 118 53 118 0.18656900
57 118 53 117 0.02249110
57 116 54 115 0.00079167
57 116 54 114 0.00462151
57 116 57 116 0.04317860
82 95 80 93 0.00565708
82 95 80 95 0.00332628
82 95 78 93 0.81187200
82 95 78 95 0.00973327
82 95 82 93 0.00070427
82 96 80 95 0.00063115
78 99 74 97 0.75883500
78 99 74 99 0.00924932
78 99 76 99 0.00113502
78 99 76 97 0.00257872
78 99 73 98 0.00106129
119 155 119 155 0.49190300
128 146 128 146 0.97843000
69 103 69 103 0.05273370
69 107 65 107 0.00737803
69 109 64 108 0.00209787
69 109 65 107 0.75052700
12 17 13 20 0.00059452
8 154 6 154 0.03735500
32 38 34 38 0.00087287
32 38 31 36 0.01032100
32 38 33 39 0.01889300
62 110 58 110 0.02301160
62 117 58 115 0.02245050
62 116 58 114 0.08078930
62 116 58 115 0.26141800
62 116 57 116 0.01847180
9 153 7 153 0.01502360
29 41 29 38 0.44566500
29 38 29 38 0.24294100
131 143 131 143 0.69111000
129 145 129 145 0.69250100
130 144 130 144 0.69252000
86 92 87 92 0.00051285
86 92 82 88 0.08162580
86 92 84 90 0.00741169
86 92 86 93 0.00069697
86 91 84 91 0.00120802
86 91 84 90 0.00057020
86 91 83 91 0.00094722
86 91 82 87 0.69093100
86 91 82 89 0.00299297
86 91 82 88 0.02707850
86 90 82 88 0.00073024
86 90 82 87 0.00097662
5 157 3 157 0.02230360
58 114 58 114 0.01782670
58 114 55 113 0.00098251
58 114 55 114 0.00173961
58 114 54 114 0.00133856
58 115 58 115 0.03996470
58 115 55 115 0.00193772
58 115 55 113 0.00181187
83 94 81 93 0.00059955
83 94 83 92 0.00054487
83 94 79 94 0.00952431
83 94 79 92 0.80691600
33 38 31 36 0.04952830
33 38 33 39 0.00051565
11 18 12 21 0.00059212
60 116 57 116 0.00806849
60 116 58 115 0.00060269
60 116 56 116 0.04036110
60 118 55 118 0.00223521
60 118 58 118 0.00051813
60 118 56 116 0.02247910
60 118 57 116 0.02523830
60 117 57 116 0.03155890
60 117 55 117 0.02978110
60 117 56 116 0.03621860
60 112 56 112 0.02124030
60 112 60 112 0.04734840
60 119 57 119 0.00174937
60 119 56 119 0.00096227
30 40 30 37 0.44158600
30 40 32 40 0.00094905
30 40 29 38 0.00600621
30 37 30 37 0.25314400
65 111 62 111 0.00167208
65 111 61 111 0.00152859
65 112 62 111 0.04494700
65 112 61 112 0.05855660
65 112 61 111 0.02599500
65 112 60 112 0.00518510
37 49 38 46 0.00087263
37 49 37 48 0.00144035
37 49 37 47 0.00069584
37 49 35 45 0.01659450
39 47 37 45 0.02062960
39 47 37 43 0.01651250
39 47 37 47 0.00065784
39 47 36 44 0.01663780
39 47 38 44 0.00061547
39 47 38 46 0.00168511
39 47 39 46 0.01217290
132 142 132 142 0.64378200
7 155 5 155 0.09135050
61 117 58 115 0.05134290
61 117 57 116 0.12283400
61 118 57 116 0.00857737
61 118 58 118 0.00637464
61 116 58 114 0.01374120
61 116 58 115 0.08377300
61 116 56 116 0.00589625
61 116 57 116 0.05836540
61 111 61 111 0.04228010
61 111 57 111 0.00835247
84 94 85 94 0.00277436
84 94 80 93 0.00057207
