35 112 35 112 0.00205261
35 47 30 41 0.00091127
35 47 35 47 0.12532166
35 49 35 49 0.04175692
35 48 35 48 0.01694336
35 149 35 149 0.00113354
35 137 35 137 0.00137642
35 113 35 113 0.00081460
126 152 126 152 0.00206728
28 143 28 141 0.00304581
28 148 28 148 0.00942997
28 121 28 121 0.01008590
28 56 28 56 0.05113181
28 37 28 37 0.00884736
97 117 97 117 0.01787427
17 28 17 28 0.00457153
17 138 17 138 0.01447227
17 146 17 144 0.00654493
17 146 17 146 0.00064376
17 43 17 43 0.00059905
40 108 40 108 0.00346110
98 115 98 116 0.00121807
2 158 2 158 0.02723193
2 158 2 156 0.01179153
2 159 2 157 0.00232655
2 157 2 156 0.00059871
2 157 2 157 0.02356837
26 36 26 36 0.00114669
26 32 26 32 0.01241127
26 40 26 40 0.00064415
8 149 8 149 0.00141732
8 29 7 29 0.00531517
8 151 6 151 0.00121645
8 151 7 150 0.00055557
8 151 8 149 0.04414267
8 150 7 150 0.13093367
18 145 18 145 0.00098464
18 137 18 137 0.00813599
24 38 24 38 0.01239301
67 72 62 67 0.00242920
115 134 115 135 0.00499277
115 134 116 134 0.00210044
45 56 45 56 0.00588700
41 107 41 107 0.00141902
30 35 30 35 0.01748617
30 147 30 146 0.00060341
30 117 30 117 0.09205267
6 152 6 151 0.00054472
6 152 5 152 0.11746200
6 159 5 159 0.00830528
6 159 7 159 0.00169051
6 30 5 30 0.01249933
6 153 5 152 0.00081920
6 153 6 151 0.07536367
6 19 7 19 0.00223778
6 19 6 20 0.06016238
6 29 6 28 0.00071982
122 128 122 128 0.13644959
122 155 122 155 0.00154633
121 129 121 129 0.19155718
117 132 117 133 0.00904757
116 133 116 134 0.00424521
116 133 117 133 0.00650131
11 25 6 20 0.00360519
11 25 11 25 0.04898129
11 25 10 25 0.06858512
11 148 10 148 0.00441813
32 159 32 159 0.00758057
32 153 31 153 0.00087703
32 152 32 152 0.00257732
32 52 32 52 0.06927527
32 49 32 49 0.00667840
32 139 32 139 0.00236082
32 115 32 115 0.03019667
32 50 27 44 0.00064068
32 50 32 50 0.07263267
32 145 32 145 0.00083434
5 160 6 160 0.00219936
5 20 5 21 0.02755719
5 20 6 20 0.00135879
5 156 4 156 0.12656467
5 154 6 154 0.00091911
5 154 3 154 0.00108574
5 154 5 152 0.07541233
36 46 36 46 0.15671635
36 46 31 40 0.00090404
36 47 36 47 0.01644835
36 136 36 136 0.00172083
36 112 36 112 0.00074064
36 44 36 44 0.00218845
36 48 36 48 0.11777870
36 148 36 148 0.00080339
33 151 33 151 0.01356677
142 151 142 151 0.04167800
22 36 21 36 0.00051011
22 36 22 36 0.03463502
22 36 22 35 0.00052591
107 114 107 114 0.09939333
10 26 10 26 0.04542413
10 26 9 26 0.06258179
10 26 5 21 0.00097288
10 148 10 148 0.00108512
10 148 9 148 0.02824930
10 15 10 15 0.00171580
128 133 128 133 0.00408956
128 151 128 149 0.00058808
16 44 16 44 0.00057264
16 139 16 139 0.00663668
16 29 16 29 0.00402850
16 137 16 137 0.00375353
63 76 57 71 0.00162096
19 39 19 39 0.02146384
19 134 19 134 0.00719350
9 27 9 26 0.00097773
9 27 4 22 0.00123687
9 149 9 148 0.00085527
9 149 8 149 0.06605333
9 150 7 150 0.00087961
9 150 9 148 0.06732500
119 130 120 130 0.01591628
119 130 119 131 0.00132878
62 77 56 72 0.00211714
23 35 23 34 0.00051091
23 35 23 35 0.02832190
23 39 23 39 0.00635693
3 157 2 157 0.01723370
3 157 3 155 0.05967033
3 158 2 158 0.00856737
14 30 13 30 0.00110134
14 139 14 139 0.00554337
14 22 13 22 0.07814633
14 22 14 22 0.06316223
14 22 14 21 0.00089246
14 29 14 29 0.00197971
14 23 13 23 0.00270928
25 34 25 34 0.00083557
25 33 24 33 0.00092271
25 33 25 32 0.00078909
118 131 119 131 0.01834374
123 127 123 127 0.26102233
29 55 29 55 0.07350618
29 36 29 36 0.00406330
12 147 12 145 0.03155593
12 24 7 19 0.00532702
12 24 12 23 0.00105895
20 25 20 25 0.00930833
20 133 20 133 0.00632593
20 38 20 38 0.02197987
96 117 96 118 0.01255027
134 143 134 142 0.00157343
134 143 134 141 0.00200624
39 44 39 44 0.12438067
39 109 39 109 0.00141659
39 46 39 46 0.00159295
39 133 39 133 0.00091349
37 45 37 45 0.18621306
37 135 37 135 0.00142896
37 43 37 43 0.00512481
4 21 4 22 0.03043260
4 21 5 21 0.00168867
4 155 3 155 0.03051511
15 146 15 146 0.00345763
15 21 14 21 0.11089333
15 21 11 17 0.00050314
15 138 15 138 0.00922973
15 28 15 28 0.00123641
15 140 15 140 0.00424397
15 53 15 53 0.00062727
15 20 15 20 0.05363100
47 130 47 130 0.00099164
13 23 13 22 0.00063843
13 23 13 23 0.05121300
13 23 12 23 0.08383200
13 30 13 30 0.00617670
13 145 12 145 0.00188194
46 131 46 131 0.00064165
46 55 46 55 0.00579141
105 115 105 116 0.00546053
66 73 61 68 0.00307433
44 57 44 57 0.00207346
44 51 44 51 0.00267354
133 144 133 143 0.00293507
130 149 130 149 0.02122237
130 149 130 147 0.00975333
31 146 31 146 0.00169498
31 160 31 160 0.00462653
31 51 26 45 0.00079231
31 51 31 51 0.03426488
31 140 31 140 0.00388970
31 53 31 53 0.15749320
129 150 129 148 0.00446073
129 150 129 150 0.03375667
21 37 21 36 0.00127564
38 134 38 134 0.00096187
38 146 38 146 0.00051840
38 45 38 45 0.08781633
131 148 131 148 0.02193313
94 116 94 117 0.00092985
7 29 7 29 0.00501253
7 151 6 151 0.17848033
7 152 7 150 0.04216767
7 152 5 152 0.00102531
7 152 6 151 0.00076620
43 52 43 52 0.00105869
34 113 34 113 0.00430203
34 49 34 49 0.02288127
34 150 34 150 0.00512880
34 50 34 50 0.05263203
34 48 34 48 0.09564250
27 144 27 142 0.02741993
