129 129 0.49655400
112 112 0.56120000
136 136 0.99986400
103 103 0.82769300
150 150 0.42542400
54 54 0.33766000
56 56 0.37864400
50 50 0.34162800
85 85 0.47824700
70 70 0.08008150
63 63 0.49640300
124 124 0.99953800
95 95 0.38817200
139 139 0.99995700
76 76 0.32067600
132 132 0.09856020
75 75 0.32257600
131 131 0.38067800
42 42 0.98734900
38 38 0.95863500
128 128 0.99975900
80 80 0.57412600
115 115 0.92160700
8 8 0.94237100
35 35 0.34609700
46 46 0.41694200
53 53 0.96250000
114 114 0.75682700
99 99 0.88035700
44 44 0.95132800
1 1 0.99996200
78 78 0.69183000
40 40 0.45469800
34 34 0.30175600
98 98 0.82410600
116 116 0.83915500
19 19 0.08152490
28 28 0.41581700
108 108 0.67387000
125 125 0.42538800
64 64 0.02255840
121 121 0.98144500
17 17 0.41352900
107 107 0.69216000
148 148 0.03399460
71 71 0.96097000
27 27 0.99997200
145 145 0.02893310
154 154 0.99985300
120 120 0.72103700
49 49 0.29850200
89 89 0.42220000
6 6 0.95413700
96 96 0.64179300
151 151 0.99964600
122 122 0.39970900
81 81 0.61134200
111 111 0.74257200
31 31 0.30490100
126 126 0.41565000
65 65 0.99987500
90 90 0.79999200
32 32 0.99999000
117 117 0.66798800
2 2 0.79002900
20 20 0.42218700
55 55 0.31071900
134 134 0.49500100
110 110 0.75480500
21 21 0.42232400
33 33 0.40844800
137 137 0.99993200
94 94 0.46771600
113 113 0.54582400
58 58 0.97194800
152 152 0.50330200
14 14 0.30964300
77 77 0.27195600
51 51 0.29865300
138 138 0.99995400
74 74 0.32012100
15 15 0.31139500
100 100 0.88482800
43 43 0.98728000
11 11 0.89553800
127 127 0.03399700
79 79 0.61095500
9 9 0.52757300
133 133 0.17080100
22 22 0.31440700
37 37 0.40805000
45 45 0.98629100
143 143 0.09856660
66 66 0.42225000
24 24 0.99997200
62 62 0.99983500
30 30 0.31307900
10 10 0.60267400
67 67 0.31427200
60 60 0.75240100
104 104 0.62386300
135 135 0.39492700
48 48 0.40418500
153 153 0.39968200
18 18 0.99639800
72 72 0.44277500
36 36 0.30297100
3 3 0.75485800
4 4 0.98050200
16 16 0.31664900
109 109 0.75557600
23 23 0.42236200
41 41 0.92819800
59 59 0.88865200
12 12 0.44727100
83 83 0.74124800
26 26 0.42634600
57 57 0.55640700
102 102 0.79425400
97 97 0.93279900
147 147 0.99975800
87 87 0.45221300
119 119 0.64611900
47 47 0.34766800
91 91 0.80209400
86 86 0.34475600
106 106 0.67108700
84 84 0.52207900
7 7 0.95075200
29 29 0.30490900
69 69 0.42237300
25 25 0.05056790
88 88 0.66636300
101 101 0.71429900
61 61 0.99975900
92 92 0.79626300
142 142 0.17079600
52 52 0.40652800
93 93 0.41176600
39 39 0.33520500
73 73 0.31577800
13 13 0.31122000
68 68 0.42227300
140 140 0.39492300
141 141 0.49500000
118 118 0.66695900
123 123 0.50333000
146 146 0.49655200
82 82 0.62310300
105 105 0.66064400
130 130 0.02893420
149 149 0.41565800
5 5 0.90402300
144 144 0.38068000
