19 19 0.36009800
116 116 0.97594800
108 108 0.97597100
28 28 0.45342600
40 40 0.96282400
40 39 0.00161637
78 78 0.73708000
98 98 0.57772800
34 34 0.97383200
114 114 0.97594600
53 53 0.99988700
1 1 0.99999000
44 44 0.58711700
44 43 0.00226146
99 99 0.56363700
128 128 0.97591100
42 42 0.96037200
42 43 0.00076464
42 41 0.00486865
38 38 0.88523300
131 131 0.97570700
46 46 0.42272700
115 115 0.97587300
35 35 0.97373800
8 8 0.89343000
80 80 0.71202600
132 132 0.97571800
75 75 0.98396400
124 124 0.97574300
95 95 0.82496900
76 76 0.73467400
139 139 0.97597300
50 50 0.40292000
56 56 0.36009600
54 54 0.99989300
150 150 0.88525300
63 63 0.62407000
70 70 0.84672500
85 85 0.77074500
112 112 0.97596200
129 129 0.97578500
103 103 0.83737900
136 136 0.97554700
58 58 0.45550300
152 152 0.81005900
113 113 0.97595800
51 51 0.35738300
77 77 0.63454000
14 14 0.44183100
55 55 0.16514100
20 20 0.16516200
2 2 0.71883900
117 117 0.97595500
94 94 0.59024400
137 137 0.97592600
21 21 0.99990700
110 110 0.97596000
33 33 0.96637800
134 134 0.97549200
32 32 0.96456100
65 65 0.94876600
126 126 0.97582500
31 31 0.45825600
111 111 0.97595800
90 90 0.89927300
96 96 0.78118700
6 6 0.78040600
81 81 0.95285500
122 122 0.97595900
151 151 0.76109800
49 49 0.99988200
120 120 0.97594700
89 89 0.87948000
121 121 0.97593100
145 145 0.83737400
27 27 0.99989800
154 154 0.99999000
71 71 0.47845800
148 148 0.75372000
107 107 0.97596400
17 17 0.45549500
64 64 0.94871900
125 125 0.97579400
59 59 0.99359700
23 23 0.85624900
41 40 0.01054180
41 41 0.96032500
4 4 0.69318600
36 36 0.97366400
3 3 0.73423900
109 109 0.97597300
16 16 0.99356100
72 72 0.81310300
18 18 0.35026900
153 153 0.74838100
67 67 0.94873000
10 10 0.38972300
30 30 0.33429400
48 48 0.45349500
135 135 0.97556100
104 104 0.86752900
60 60 0.34339800
66 66 0.94878600
143 143 0.97594800
62 62 0.96030500
24 24 0.46954700
9 9 0.69889800
133 133 0.97550500
79 79 0.71555700
127 127 0.97587300
22 22 0.99974800
37 37 0.84178800
45 45 0.99942400
74 74 0.98393700
138 138 0.97596500
43 43 0.96185300
43 44 0.00130493
11 11 0.95829500
100 100 0.66227200
15 15 0.34339600
149 149 0.80018100
130 130 0.97561200
82 82 0.95281900
105 105 0.97597500
144 144 0.86751200
5 5 0.79295500
146 146 0.98618600
141 141 0.97597200
123 123 0.97594400
118 118 0.97595600
39 39 0.93105500
73 73 0.98383100
93 93 0.79257000
68 68 0.33389200
140 140 0.97597200
13 13 0.62409400
101 101 0.86485200
88 88 0.96374600
92 92 0.62986100
142 142 0.97595600
52 52 0.32599800
61 61 0.44182900
84 84 0.77431000
106 106 0.97596300
86 86 0.94962400
91 91 0.68832200
25 25 0.35737500
69 69 0.66010300
7 7 0.68819300
29 29 0.37255500
87 87 0.94971800
147 147 0.99994100
97 97 0.89220300
102 102 0.97125300
47 47 0.41375700
119 119 0.97595000
12 12 0.96282600
57 57 0.35026900
26 26 0.40290300
83 83 0.74799100
