48 78 42 72 0.31784700
31 48 28 44 0.31551300
31 48 27 45 0.00050449
31 48 30 42 0.00080316
10 25 8 22 0.02315710
10 18 8 15 0.00324195
10 145 7 140 0.00247056
10 145 8 139 0.93553500
23 30 20 26 0.00729587
23 133 19 128 0.00077725
22 28 19 25 0.12370200
22 28 18 24 0.00761638
22 136 19 130 0.08090470
22 136 19 131 0.31733200
22 136 19 129 0.00092500
22 134 19 129 0.11895600
22 134 19 128 0.06620500
24 29 20 26 0.00127853
24 56 21 50 0.05994240
93 125 87 119 0.00827218
93 124 88 118 0.00728257
93 124 87 119 0.78599400
52 74 46 68 0.02304560
95 122 89 117 0.96995500
95 122 90 116 0.00688153
101 116 95 110 0.96696200
101 115 95 110 0.00193218
64 73 58 67 0.03535730
8 24 8 22 0.00151041
8 147 6 141 0.93091500
8 147 9 141 0.00113690
8 147 7 141 0.00285301
8 147 5 142 0.00144535
96 120 90 116 0.00438965
11 83 11 77 0.00066701
11 144 8 139 0.00191537
11 138 11 132 0.00059836
11 20 9 17 0.49749900
11 17 9 13 0.00138145
11 21 11 20 0.00129815
11 21 9 17 0.00322745
30 50 27 45 0.00277574
30 35 26 30 0.00106968
45 81 39 75 0.01576550
56 81 50 75 0.06576850
100 117 94 111 0.63308400
6 29 6 26 0.00056897
6 149 4 143 0.58398500
6 149 6 143 0.04429740
6 25 6 24 0.00064453
106 112 100 106 0.62473800
133 140 128 134 0.03761000
133 140 127 134 0.00230458
53 73 47 67 0.01462050
98 119 93 113 0.01097980
98 119 92 114 0.94125900
98 118 92 114 0.00466822
37 45 32 40 0.00214494
21 26 17 22 0.00432642
21 32 18 29 0.01957710
21 137 17 131 0.00687457
21 137 19 131 0.00110603
54 83 48 77 0.08991630
54 63 48 57 0.21181200
19 27 15 23 0.00148839
19 27 18 24 0.00074864
19 27 16 24 0.00819710
19 27 16 23 0.00170537
19 27 17 25 0.00068239
19 137 17 131 0.00600371
19 137 17 132 0.00053621
47 79 41 73 0.07315420
57 80 51 74 0.04023510
34 45 31 41 0.70429700
34 45 32 40 0.00054229
63 74 57 68 0.04658870
97 119 91 115 0.00461370
97 120 92 114 0.01141660
97 120 91 115 0.96503100
36 43 32 40 0.00105863
36 46 31 41 0.00147371
36 46 32 40 0.19524700
35 47 30 42 0.00066652
35 47 31 41 0.15177400
35 44 32 40 0.59685200
35 44 31 41 0.00079205
28 56 25 50 0.01341050
28 51 25 47 0.00165842
29 36 26 30 0.02246740
29 36 25 31 0.00115599
29 138 26 133 0.00599702
104 112 99 107 0.00058366
4 148 4 143 0.00060557
13 142 11 136 0.22183300
13 142 12 136 0.00545116
13 141 11 135 0.01336510
13 141 12 135 0.00052274
26 58 23 52 0.00448066
26 133 23 128 0.09250920
102 114 96 109 0.00060849
102 114 96 108 0.14646500
102 116 96 110 0.00405888
102 115 96 109 0.54763500
12 23 12 22 0.00052455
12 23 12 21 0.00163093
12 137 12 131 0.00119505
50 67 44 61 0.41997300
50 58 44 52 0.00584909
50 76 44 70 0.05173110
27 132 24 127 0.09246570
27 57 24 51 0.00549165
77 84 72 78 0.00250512
49 68 43 62 0.50349000
99 117 94 111 0.00293704
99 117 93 113 0.00115667
18 136 19 131 0.00063247
18 136 19 130 0.00052407
18 136 17 131 0.00789585
18 136 17 130 0.00171190
18 28 14 24 0.00250905
18 28 15 24 0.00909737
18 28 16 26 0.00065117
33 46 29 43 0.00080046
33 46 32 40 0.00107975
33 46 31 41 0.00057745
33 46 30 42 0.54065500
51 66 45 60 0.48772000
51 66 47 60 0.00062563
51 57 45 51 0.02579940
51 75 45 69 0.02186070
5 150 5 144 0.24140600
17 140 14 134 0.07423050
17 140 16 134 0.00063606
17 137 13 132 0.00151028
7 148 8 142 0.00066818
7 148 5 142 0.59915800
7 148 4 143 0.00119980
7 24 7 23 0.00136071
3 151 3 145 0.46049100
3 149 3 143 0.02913430
3 152 3 146 0.31935400
14 19 14 19 0.00058306
14 21 14 19 0.00104204
14 21 13 20 0.00051746
14 20 14 19 0.00196089
14 135 11 129 0.00060447
14 135 12 130 0.00429724
14 141 12 135 0.20153900
14 141 11 135 0.01493570
14 141 11 136 0.00320908
14 141 13 135 0.00719428
132 140 127 134 0.01884590
103 113 97 107 0.21616900
103 114 98 108 0.00065950
58 79 52 73 0.04094020
15 140 14 134 0.00636717
15 140 12 135 0.00433781
15 140 13 135 0.00068046
9 26 7 23 0.00231824
9 22 7 19 0.00090883
9 146 7 140 0.57349000
9 146 9 140 0.00365616
9 146 6 141 0.00221172
105 113 99 107 0.77309200
20 26 19 25 0.00067860
20 26 17 22 0.00836634
2 150 1 144 0.00295017
2 150 2 144 0.06428510
2 153 2 147 0.85205800
55 82 49 76 0.02889360
91 125 85 120 0.37332200
16 141 13 135 0.02688830
16 138 13 132 0.09878320
16 138 17 132 0.00053557
78 83 72 78 0.00093770
78 83 73 77 0.00169077
94 123 88 118 0.58703400
94 123 89 117 0.00566298
94 124 88 118 0.00570099
32 47 31 41 0.00105728
32 47 30 42 0.00053583
32 47 28 44 0.00068828
32 47 29 43 0.36641200
