79 73 0.37692452
79 72 0.04926619
79 82 0.04577707
79 83 0.00304137
137 131 0.61836181
137 130 0.00858293
109 102 0.00658990
109 103 0.72080981
72 66 0.39819191
72 76 0.03599221
72 70 0.00248657
72 71 0.00549836
72 65 0.01692834
130 124 0.90672668
36 33 0.00703975
36 34 0.03537338
36 35 0.00394944
36 30 0.01135945
36 37 0.15192916
36 31 0.08555409
36 36 0.02706522
94 91 0.00326617
94 88 0.44706863
94 94 0.00301745
94 92 0.00220402
94 93 0.00166358
94 89 0.00130967
94 87 0.02165498
94 90 0.01107816
17 18 0.04814885
17 17 0.53408650
17 12 0.01884516
17 13 0.00542350
142 135 0.07414794
142 137 0.01837809
142 136 0.59833834
102 97 0.00074769
102 96 0.68308484
102 98 0.00097887
102 95 0.08440051
63 58 0.00125219
63 57 0.57537561
63 54 0.00353819
63 67 0.08277254
63 65 0.00188442
63 55 0.00482421
63 62 0.00206803
63 61 0.00191116
63 63 0.00132499
63 56 0.00297029
154 148 0.98254820
60 54 0.32229863
60 51 0.00496892
60 50 0.00271528
60 53 0.04346895
60 62 0.00177865
60 55 0.00129424
60 52 0.02405552
60 59 0.00078343
60 64 0.03563503
50 51 0.00880331
50 42 0.04024002
50 48 0.00404102
50 40 0.00143043
50 41 0.00695137
50 54 0.03437307
50 49 0.00216631
50 45 0.04235301
50 47 0.01144913
50 44 0.07963261
50 43 0.04600234
50 46 0.01174175
50 50 0.00581156
10 5 0.01237990
10 4 0.00174953
10 9 0.00961382
10 11 0.05200594
10 6 0.00394346
10 10 0.48365872
30 30 0.36745474
30 29 0.00216672
30 31 0.04936049
30 25 0.00157582
77 75 0.00265894
77 71 0.42310322
77 79 0.00123745
77 80 0.06193324
77 70 0.00212729
45 40 0.00430131
45 41 0.17018364
45 42 0.17350272
45 49 0.00056304
45 45 0.15592374
45 43 0.01169877
45 46 0.00361622
45 39 0.02012650
45 44 0.00382779
45 38 0.00783575
45 37 0.00562583
66 58 0.00114603
66 66 0.00088504
66 62 0.00160606
66 59 0.05578028
66 60 0.62506292
66 68 0.00439593
66 61 0.00321827
66 70 0.14486350
47 45 0.00377167
47 47 0.07062807
47 48 0.05558982
47 42 0.00728221
47 51 0.02921102
47 41 0.03193533
47 40 0.00371838
47 37 0.00061942
47 38 0.00394398
47 39 0.02608139
47 44 0.12456719
47 43 0.12960244
47 46 0.00441260
131 125 0.68702176
61 54 0.04623956
61 51 0.00584349
61 56 0.00226945
61 63 0.02992449
61 52 0.00407002
61 64 0.00107693
61 59 0.00192492
61 60 0.00072022
61 53 0.03937587
61 55 0.25691961
61 65 0.02866380
103 96 0.02702431
103 97 0.58437596
69 61 0.00335788
69 63 0.58654483
69 69 0.00340489
69 62 0.06163374
69 68 0.00060400
69 67 0.00097752
73 77 0.00396098
73 67 0.10658711
73 66 0.00061607
138 133 0.00061591
138 131 0.02900653
138 132 0.65471942
144 137 0.07983196
144 138 0.62380015
144 139 0.02340466
34 29 0.04988294
34 31 0.00095527
34 35 0.00250949
34 33 0.00885147
34 34 0.29881129
34 32 0.01674555
114 107 0.00649753
114 108 0.76500907
87 81 0.52111685
87 86 0.00062156
87 88 0.05023567
87 90 0.00055101
87 87 0.01446525
87 89 0.00455537
87 80 0.06082338
9 8 0.00230817
9 10 0.05006375
9 6 0.00067815
9 9 0.46422627
9 3 0.00056039
9 5 0.00121744
9 4 0.01096839
22 23 0.03539039
22 20 0.00136803
22 22 0.74825686
22 17 0.00136971
22 21 0.00432541
129 123 0.91048278
110 104 0.54752378
110 103 0.00174995
140 134 0.78617703
140 135 0.00596475
140 133 0.08643082
2 1 0.00820334
2 3 0.00160380
2 2 0.76611311
98 95 0.00059957
98 92 0.55618592
98 91 0.03436110
98 94 0.00478791
98 93 0.00420572
1 2 0.00448051
1 1 0.78344963
116 111 0.00124811
116 110 0.79005370
116 109 0.00459431
122 116 0.61899949
23 18 0.00927943
23 22 0.00263187
23 21 0.00217775
23 23 0.59734634
23 19 0.00105956
23 24 0.02554666
152 147 0.00079058
152 146 0.92146683
152 145 0.00096074
40 33 0.03874455
40 34 0.03139724
40 32 0.00062982
40 35 0.04244501
40 40 0.01181092
40 41 0.02255222
40 37 0.06046295
40 36 0.00143334
40 38 0.03497577
40 39 0.01329022
153 147 0.92908230
153 146 0.00055770
44 37 0.00121305
44 38 0.00820023
44 39 0.00614960
44 44 0.13552196
44 43 0.01080908
44 45 0.05518129
44 47 0.00095875
44 42 0.01153927
44 48 0.01178710
44 41 0.14399055
44 40 0.00845620
3 3 0.80266219
3 2 0.00588035
3 4 0.00392155
43 42 0.00770240
43 40 0.06813106
43 41 0.00828946
43 47 0.00159659
43 39 0.00849201
43 44 0.10908554
43 43 0.07707877
43 46 0.00124535
43 37 0.00271831
43 36 0.00159404
43 38 0.00679567
62 56 0.46900647
62 61 0.00309603
62 64 0.01061735
62 52 0.00382532
62 60 0.00486290
62 59 0.00208112
62 53 0.00543790
62 55 0.04200193
62 54 0.03911065
62 51 0.00051544
62 57 0.00070805
62 66 0.01653330
53 51 0.00327144
53 48 0.00809267
53 54 0.05741334
53 45 0.01344262
53 49 0.00062383
53 47 0.23292522
53 57 0.02984216
53 44 0.00744452
53 46 0.04567884
53 43 0.00158836
53 55 0.05658939
53 53 0.00276429
53 52 0.00130911
53 50 0.00536649
59 50 0.00560694
59 52 0.00506449
59 53 0.41070467
59 55 0.00059690
59 56 0.00142899
59 63 0.03434334
59 61 0.00171516
59 57 0.00072256
59 58 0.00084716
59 54 0.00230039
59 51 0.04083015
13 8 0.01751006
13 14 0.01562556
13 9 0.00175038
13 13 0.33497888
118 113 0.00115925
118 112 0.83597869
118 111 0.00114827
81 84 0.10174243
81 74 0.05453387
81 75 0.49704358
81 83 0.00653906
81 85 0.00215745
150 145 0.00554574
150 144 0.89965895
150 143 0.00886561
7 4 0.00062166
7 2 0.00628455
7 3 0.00497415
7 7 0.61125531
7 6 0.00647007
7 8 0.01256919
70 74 0.00213401
70 64 0.15367329
70 68 0.00159470
70 63 0.06164997
70 69 0.00298373
70 70 0.00057163
24 19 0.05008699
24 25 0.00751034
24 24 0.47200565
24 20 0.00124368
24 22 0.00764442
24 21 0.00146737
124 118 0.73529712
65 59 0.64454250
65 60 0.00165672
65 65 0.00229364
65 63 0.00055892
65 56 0.00113893
65 69 0.06454295
65 58 0.00211512
65 57 0.00450979
65 67 0.00323829
5 1 0.00712737
5 4 0.01410580
5 5 0.75476894
5 6 0.01781625
134 127 0.00076396
134 128 0.66948490
96 90 0.71020155
96 96 0.00224534
96 89 0.01458512
96 93 0.00318153
96 92 0.00600765
96 94 0.00136665
96 91 0.00306363
8 4 0.00549227
8 3 0.00223179
8 9 0.05790333
8 6 0.00087837
8 7 0.00745509
8 8 0.69098419
76 80 0.01883907
76 79 0.05589174
76 70 0.37830673
76 69 0.05242104
148 142 0.64082387
148 141 0.02279468
148 143 0.02314826
141 136 0.00857593
141 135 0.77296701
141 134 0.09082713
119 114 0.00057386
119 113 0.73538330
119 112 0.00066672
125 119 0.67744682
83 87 0.00158625
83 84 0.00569611
83 83 0.00204595
83 85 0.01078444
83 86 0.00567732
83 76 0.05315496
83 77 0.48348688
39 40 0.01097802
39 34 0.04890854
39 32 0.02994756
39 33 0.00728748
39 39 0.19867006
39 36 0.04789922
39 38 0.01430957
39 37 0.00702856
136 129 0.00607467
136 130 0.69334323
25 21 0.00238279
25 22 0.00714785
25 26 0.04967692
25 25 0.42037304
25 20 0.05067909
25 23 0.00101610
123 117 0.59963250
121 115 0.51714734
113 106 0.00740880
113 107 0.76248533
67 71 0.14512109
67 62 0.00329421
67 59 0.02584431
67 60 0.06261459
67 69 0.00408311
67 61 0.55686744
67 63 0.00333426
67 67 0.00357025
100 96 0.00498064
100 93 0.06052292
100 95 0.00226891
100 94 0.54592295
74 68 0.57156760
74 78 0.02831883
74 67 0.05692039
32 31 0.00355245
32 27 0.00997080
32 30 0.00376934
32 32 0.43857988
32 33 0.00410477
127 121 0.91564929
132 126 0.65748229
80 82 0.00392293
80 74 0.47042967
80 75 0.00054786
80 83 0.05188755
80 84 0.00398055
80 73 0.00128176
64 57 0.01589418
64 66 0.00105443
64 58 0.31496119
64 56 0.01272619
64 68 0.01303548
64 64 0.00082583
64 59 0.00243057
139 134 0.00257078
139 132 0.04758158
139 133 0.77127265
120 114 0.68883708
120 115 0.00054244
33 28 0.07692063
33 31 0.00579327
33 30 0.00055653
33 33 0.36415901
33 32 0.00649066
33 34 0.00108616
56 54 0.00496909
56 51 0.00728830
56 48 0.02590174
56 47 0.00426114
56 49 0.00180680
56 58 0.11641783
56 56 0.00087339
56 50 0.48404617
56 55 0.00233890
56 53 0.01238283
56 60 0.00371394
90 87 0.01135864
90 89 0.00187837
90 84 0.72205804
90 90 0.01804392
90 91 0.00820957
90 88 0.00145484
90 83 0.06773625
90 92 0.00066781
90 86 0.00280415
68 61 0.06189295
68 72 0.00138335
68 60 0.00664201
68 62 0.51568418
68 68 0.00575305
71 70 0.00533603
71 69 0.00170054
71 64 0.00068865
71 65 0.59537589
71 75 0.07178880
16 17 0.07490634
16 12 0.00082645
16 16 0.50759810
16 11 0.01208082
78 72 0.41218602
78 71 0.05385633
78 80 0.00334710
78 82 0.00100228
105 99 0.54037124
105 98 0.01689631
147 141 0.66078443
147 142 0.02296659
147 140 0.03988115
149 143 0.88523755
149 142 0.01368398
149 144 0.01437524
128 122 0.92465802
107 101 0.74158443
107 100 0.00788355
89 90 0.03517252
89 87 0.00205753
89 89 0.00997631
89 85 0.00163295
89 83 0.45096593
89 82 0.03658192
89 86 0.00150735
89 88 0.00111493
89 91 0.00065395
46 38 0.03912948
46 50 0.00510634
46 37 0.00102022
46 46 0.09946694
46 43 0.11012325
46 39 0.00802601
46 44 0.00671023
46 47 0.00302018
46 45 0.00369036
46 41 0.00754804
46 40 0.02641307
46 42 0.15579851
55 47 0.04088751
55 57 0.00812330
55 45 0.00724371
55 49 0.21903826
55 54 0.00113105
55 48 0.04514160
55 51 0.00125954
55 50 0.00622979
55 55 0.00087403
55 53 0.00218072
55 52 0.00522371
55 59 0.00121891
55 46 0.00562434
55 56 0.00099248
29 24 0.01775297
29 28 0.00056173
29 29 0.53071211
29 30 0.05338101
52 52 0.00590593
52 53 0.08425564
52 50 0.00385077
52 44 0.04063489
52 56 0.03053107
52 43 0.00746940
52 46 0.16423569
52 49 0.00466538
52 45 0.03292065
52 47 0.00869470
52 51 0.00209721
52 42 0.00094413
52 48 0.00094221
52 54 0.02961973
21 22 0.04650936
21 21 0.79559367
21 16 0.02717353
21 20 0.00254488
41 36 0.03044969
41 38 0.03871458
41 37 0.00584804
41 39 0.01451353
41 34 0.00161896
41 33 0.00077573
41 41 0.18869008
41 40 0.00219155
41 35 0.00705506
41 42 0.07924109
58 49 0.00434798
58 51 0.04494557
58 48 0.00383553
58 54 0.00065060
58 62 0.03412537
58 55 0.00150207
58 53 0.00318449
58 60 0.02605747
58 52 0.37633688
58 50 0.04171610
15 11 0.00689347
15 16 0.01661481
15 10 0.01243815
15 15 0.54510687
6 6 0.79659288
6 7 0.01253805
6 8 0.00068186
6 5 0.00780702
6 4 0.00114400
6 1 0.00190551
6 2 0.01146942
57 61 0.03128490
57 56 0.00203494
57 52 0.00368072
57 59 0.00177211
57 55 0.00496104
57 53 0.00085110
57 50 0.04476435
57 48 0.00421192
57 51 0.30850804
57 54 0.00933412
57 49 0.02091405
115 110 0.00057005
115 109 0.64979800
115 108 0.00566541
14 14 0.24199141
14 9 0.01378890
14 10 0.00617972
14 15 0.01728491
27 28 0.02505054
27 27 0.57125886
27 23 0.00205988
27 22 0.07025101
12 11 0.00148151
12 12 0.40385411
12 13 0.03395753
12 8 0.00680446
12 7 0.01289842
112 105 0.00667699
112 106 0.64272059
126 120 0.68697046
97 97 0.00109408
97 90 0.02935623
97 93 0.00836865
97 95 0.00123684
97 92 0.00426729
97 94 0.00233457
97 91 0.69030375
106 100 0.82174811
106 99 0.00838644
37 36 0.00333453
37 38 0.07322641
37 31 0.00174830
37 37 0.02068926
37 34 0.01632931
37 32 0.02152621
37 33 0.00057723
37 35 0.00352744
37 30 0.00063842
19 19 0.60196730
19 14 0.03045743
19 20 0.02494789
19 15 0.00914177
108 101 0.00724553
108 102 0.72852338
91 85 0.43704675
91 92 0.00775346
91 88 0.01337873
91 91 0.00477079
91 90 0.00247033
91 84 0.00769166
91 89 0.00064683
91 87 0.01074136
42 35 0.00708698
42 42 0.12390685
42 40 0.00688509
42 41 0.01791002
42 37 0.02178377
42 38 0.14328268
42 36 0.02122923
42 39 0.11743031
42 43 0.10519349
51 47 0.00202701
51 45 0.11865895
51 49 0.00173171
51 41 0.00147041
51 51 0.00558145
51 42 0.00698331
51 48 0.00403694
51 50 0.00317254
51 52 0.11129817
51 53 0.00293193
51 55 0.03454980
51 43 0.04096184
51 46 0.01447211
51 44 0.01770138
101 97 0.00356703
101 96 0.00074497
101 94 0.04973538
101 95 0.55384150
86 86 0.01176735
86 88 0.01208787
86 87 0.02728646
86 80 0.60955497
86 89 0.00099969
86 79 0.00713430
92 88 0.01288159
92 91 0.00057576
92 86 0.45933045
92 85 0.00463998
92 92 0.01562350
92 89 0.00857532
92 93 0.00233652
92 87 0.00064049
92 90 0.00110502
11 6 0.02066687
11 7 0.00413077
11 10 0.00207770
11 12 0.06654737
11 11 0.76953775
93 91 0.00092148
93 88 0.00074600
93 94 0.00063251
93 92 0.00121670
93 86 0.02357316
93 87 0.43241282
93 89 0.00679732
93 93 0.00653644
93 90 0.01573698
135 129 0.66549783
135 128 0.00336667
104 97 0.01055900
104 98 0.52490848
99 95 0.00639401
99 92 0.03535522
99 94 0.00417773
99 97 0.00137358
99 93 0.54168309
143 138 0.02120216
143 137 0.64062305
143 136 0.08075360
133 127 0.71841699
88 90 0.00327932
88 87 0.00107769
88 89 0.02444318
88 84 0.00063628
88 82 0.53185701
88 81 0.06419050
88 88 0.01861055
18 18 0.46418983
18 13 0.02316898
18 19 0.05034193
18 14 0.00497702
49 45 0.10979821
49 49 0.03273664
49 47 0.00310042
49 42 0.04585949
49 48 0.00352442
49 41 0.03989008
49 40 0.00659067
49 53 0.03371312
49 50 0.11490114
49 44 0.01446166
49 46 0.09263197
49 43 0.08122453
85 87 0.02894229
85 79 0.52059584
85 88 0.00795616
85 78 0.00784171
85 85 0.00833604
85 86 0.00706255
146 140 0.55403270
146 139 0.07446882
146 141 0.01867954
28 28 0.52198473
28 29 0.00398286
28 23 0.08809988
26 26 0.49233746
26 22 0.00861115
26 21 0.05402106
26 27 0.09686821
26 23 0.00101292
95 92 0.00443936
95 95 0.00336411
95 94 0.00129382
95 88 0.08088906
95 91 0.00207901
95 90 0.00206222
95 89 0.70213119
95 93 0.00332748
82 85 0.06618962
82 83 0.00234173
82 75 0.02700045
82 76 0.46502094
82 86 0.00167735
82 84 0.01666709
111 105 0.53414309
111 104 0.00318151
84 85 0.00449175
84 86 0.02085812
84 78 0.71570558
84 88 0.00103207
84 77 0.00457084
84 87 0.03923217
84 84 0.00526032
20 16 0.00446391
20 20 0.72845807
20 15 0.03136274
20 21 0.05029917
4 4 0.66088392
4 5 0.01090295
4 3 0.01111064
38 32 0.01094793
38 34 0.00079185
38 33 0.01224821
38 35 0.01914412
38 36 0.03580789
38 38 0.21735856
38 31 0.00231399
38 37 0.01427628
38 39 0.14867239
31 26 0.02367332
31 33 0.00074954
31 32 0.15221649
31 30 0.00660317
31 29 0.00203750
31 31 0.60567248
35 35 0.02200763
35 30 0.07872235
35 34 0.01062924
35 32 0.00362389
35 33 0.01551454
35 36 0.14898347
35 29 0.00585535
48 46 0.00505395
48 43 0.00934085
48 44 0.11170881
48 39 0.00173691
48 52 0.02966143
48 40 0.03967537
48 41 0.04992781
48 48 0.05196688
48 42 0.04603699
48 47 0.00340234
48 45 0.09646909
48 49 0.00244320
54 51 0.00539362
54 48 0.25264214
54 54 0.00151707
54 58 0.01108707
54 45 0.00240457
54 49 0.00737699
54 47 0.02139617
54 44 0.00213060
54 56 0.08638586
54 46 0.04093366
54 55 0.02766783
54 53 0.00143042
54 50 0.00125483
75 78 0.00181909
75 67 0.00062554
75 68 0.05984870
75 79 0.07363125
75 69 0.59213520
117 111 0.92971146
117 112 0.00125702
117 110 0.00162793
145 140 0.00192967
145 139 0.53099666
145 138 0.08202156
151 146 0.00139064
151 145 0.92518856
151 144 0.00338890
