105 121 105 120 0.10756849
105 121 104 121 0.51432589
84 142 84 140 0.00996377
84 142 84 141 0.00076527
86 140 84 140 0.00140173
86 140 85 140 0.01124697
86 140 86 138 0.02367204
109 117 109 117 0.01436798
109 117 108 117 0.17194947
109 115 109 115 0.05206760
109 115 108 115 0.04224761
8 156 8 156 0.05296733
103 124 101 124 0.00238333
103 124 102 123 0.00425608
83 143 83 141 0.00391579
107 119 107 119 0.01325250
107 119 106 119 0.35201139
89 137 87 137 0.00097908
89 137 89 137 0.31757511
70 77 70 77 0.04961902
106 120 105 120 0.37158516
106 120 106 119 0.17142960
87 139 85 139 0.00250874
87 139 88 139 0.00064977
87 139 87 137 0.02089459
87 139 87 138 0.00065431
95 131 95 131 0.35741671
95 133 95 131 0.00779450
95 133 93 133 0.00069078
94 134 94 132 0.02776741
94 132 94 132 0.58071113
93 134 93 134 0.08251016
93 134 93 133 0.00479910
93 135 93 133 0.05132244
96 130 96 130 0.32015108
108 119 107 119 0.00977397
108 115 108 115 0.00490301
108 115 107 115 0.00495087
108 117 108 117 0.01378019
108 117 107 117 0.01323976
112 117 111 117 0.00182423
112 117 112 116 0.00112783
79 147 79 147 0.12049947
101 124 101 124 0.24019098
101 124 102 123 0.00180194
11 153 11 153 0.07284475
11 151 11 151 0.15688245
98 126 99 126 0.00054620
98 126 98 126 0.09729689
12 150 12 150 0.10563101
12 152 12 152 0.02101121
99 125 99 125 0.08305687
99 125 100 125 0.00075959
100 124 101 124 0.00088085
110 119 110 119 0.00083729
110 115 109 115 0.16148991
110 117 109 117 0.01853423
110 117 110 117 0.03925578
9 155 9 155 0.07530486
81 145 81 145 0.09722922
10 152 10 152 0.07049785
10 154 10 154 0.06255593
6 156 6 156 0.05207767
13 149 13 149 0.11055429
90 136 88 136 0.00093903
90 136 90 136 0.39628233
90 136 90 135 0.00053104
85 141 84 141 0.00576282
85 141 85 140 0.00065075
85 141 85 139 0.02188505
85 141 85 141 0.31983847
111 119 111 119 0.00173931
111 117 110 117 0.00645126
111 117 111 117 0.01816688
88 138 87 138 0.01052297
88 138 86 138 0.00226486
88 138 88 136 0.02250999
80 146 80 146 0.12754421
14 148 14 148 0.09883047
102 123 102 123 0.24446478
102 123 103 122 0.00136500
102 125 100 125 0.00242612
102 125 101 124 0.00348423
92 136 92 134 0.01572995
92 136 92 136 0.00576487
92 135 92 135 0.02562714
92 135 92 134 0.00191666
92 134 92 134 0.31352956
104 122 103 122 0.36113524
104 122 104 121 0.11674171
104 123 102 123 0.00087198
104 123 103 122 0.00113610
