40 78 40 79 0.03428950
40 53 40 53 0.04599650
40 92 40 93 0.00575662
40 83 40 84 0.22935700
12 99 12 100 0.64565100
29 39 29 39 0.00115720
35 87 35 88 0.28485300
35 66 35 67 0.00279072
67 85 68 86 0.01186620
67 79 68 80 0.00274780
73 80 74 81 0.02449430
73 81 74 82 0.08663070
70 79 71 80 0.00981968
70 84 71 85 0.03535760
52 63 52 64 0.05473770
52 66 52 67 0.01361250
52 74 52 75 0.01837500
52 69 52 70 0.05101310
52 70 52 71 0.04364500
52 72 52 73 0.05115950
10 101 10 102 0.70265300
64 88 65 89 0.00493534
15 37 15 37 0.00933204
15 96 15 97 0.55204500
21 92 21 93 0.04101550
21 87 21 88 0.02339650
59 67 59 68 0.01895880
59 91 59 92 0.00050664
59 69 59 70 0.04189350
6 107 6 106 0.00353248
6 107 6 108 0.01328640
6 107 6 107 0.00179912
6 106 6 107 0.03690630
6 106 6 106 0.00710260
6 105 6 106 0.58911100
39 93 39 94 0.00802625
39 84 39 85 0.29810600
39 54 39 54 0.03043000
39 79 39 80 0.03747050
14 38 14 38 0.00506626
65 87 66 88 0.00603819
43 87 43 88 0.00291161
43 77 43 78 0.05727780
43 66 43 67 0.00710793
43 82 43 83 0.12828200
22 30 22 30 0.46682700
22 29 22 29 0.06856410
22 86 22 87 0.00887590
66 80 67 81 0.00153248
66 86 67 87 0.00868688
48 77 48 78 0.07027320
48 73 48 74 0.18987400
51 60 51 60 0.00171684
51 68 51 69 0.02530840
51 64 51 65 0.01861570
51 81 51 82 0.00238336
51 71 51 72 0.09293780
51 56 51 56 0.03686840
51 75 51 76 0.02754290
51 59 51 60 0.00126660
18 96 18 97 0.03356170
18 92 18 93 0.16028900
49 70 49 71 0.02823200
49 73 49 74 0.05902380
49 72 49 73 0.14124100
42 88 42 89 0.00401076
42 51 42 51 0.07319570
42 78 42 79 0.06105190
42 83 42 84 0.08519130
42 67 42 68 0.00851412
44 86 44 87 0.00336478
44 76 44 77 0.07480040
44 58 44 58 0.00337323
44 81 44 82 0.11731500
44 65 44 66 0.00707736
44 64 44 65 0.00602191
44 79 44 80 0.05233330
38 47 38 47 0.00480420
38 80 38 81 0.02567530
38 94 38 95 0.00551018
38 85 38 86 0.18644200
54 78 54 79 0.00309346
54 70 54 71 0.07256260
54 67 54 68 0.05953660
8 103 8 104 0.59823000
45 57 45 57 0.00513925
45 63 45 64 0.01582940
45 66 45 67 0.00163440
45 77 45 78 0.03994360
45 78 45 79 0.04184620
57 93 57 94 0.00086004
57 71 57 72 0.03996060
57 62 57 63 0.03688330
57 62 57 62 0.00723408
57 64 57 65 0.10338700
57 68 57 69 0.18173100
50 57 50 57 0.01795670
50 82 50 83 0.00344318
50 69 50 70 0.03631440
50 72 50 73 0.08395990
69 76 70 77 0.00435197
69 80 70 81 0.00380246
69 85 70 86 0.00636465
11 100 11 101 0.70125900
47 78 47 79 0.06751650
47 74 47 75 0.13699000
47 83 47 84 0.00450358
24 28 24 28 0.46453600
24 30 24 30 0.01087560
24 29 24 29 0.03698800
46 62 46 63 0.00497223
46 75 46 76 0.16160600
46 65 46 66 0.00212666
46 79 46 80 0.08377640
46 56 46 56 0.00990682
46 84 46 85 0.00511037
58 92 58 93 0.00068137
58 67 58 68 0.16465400
58 67 59 68 0.01698190
58 70 58 71 0.03926940
72 81 73 82 0.03062390
31 37 31 37 0.01658300
56 72 56 73 0.03582420
56 69 56 70 0.15850700
17 35 17 35 0.02218740
17 97 17 98 0.02890910
17 21 17 21 0.01490780
17 94 17 95 0.33717900
23 28 23 28 0.06877610
23 30 23 30 0.03888750
23 29 23 29 0.41556600
23 85 23 86 0.00257515
71 83 72 84 0.04611410
71 82 72 83 0.02727440
71 78 72 79 0.01825300
34 67 34 68 0.00215384
34 88 34 89 0.37952700
68 78 69 79 0.00389433
30 38 30 38 0.00414006
19 91 19 92 0.11744700
60 67 61 68 0.02458450
60 92 61 93 0.00061200
60 69 61 70 0.00505093
61 67 61 68 0.02873990
61 91 62 92 0.00113900
55 70 55 71 0.10851500
55 69 55 70 0.04892330
55 73 55 74 0.02746000
36 86 36 87 0.29261200
36 65 36 66 0.00427505
13 98 13 99 0.68711000
20 31 20 31 0.15530300
20 93 20 94 0.05712630
20 32 20 32 0.13959100
25 29 25 29 0.02413120
16 96 16 97 0.03402050
9 102 9 103 0.59865700
74 80 75 81 0.09487720
37 95 37 96 0.00913849
37 48 37 48 0.00395511
37 85 37 86 0.18351700
37 81 37 82 0.02958170
37 64 37 65 0.00641129
53 68 53 69 0.06634330
53 79 53 80 0.00265689
53 65 53 66 0.02326180
53 62 53 63 0.02901580
53 71 53 72 0.08982870
41 52 41 52 0.11482300
41 80 41 81 0.08588440
7 104 7 105 0.67914100
7 105 7 105 0.00251685
7 105 7 106 0.01148710
