36 65 36 65 0.13255100
36 65 36 63 0.00148540
61 67 60 66 0.00143530
60 67 59 67 0.00215045
19 89 19 87 0.00223019
19 89 17 89 0.00102988
19 89 17 90 0.00057924
19 89 18 88 0.00072080
30 38 30 38 0.01831070
23 29 23 29 0.27798400
23 85 23 87 0.01556820
23 85 21 82 0.00157046
23 85 21 85 0.00434205
34 67 34 69 0.00089630
34 67 34 67 0.19248700
71 83 69 84 0.02063880
71 82 69 84 0.00291225
58 67 58 68 0.00197653
77 94 81 98 0.00051806
77 94 80 99 0.00184936
7 104 7 105 0.20438600
75 96 78 101 0.00073392
75 96 79 100 0.00203476
41 52 41 51 0.07093940
80 91 82 97 0.00090922
28 78 26 75 0.00853423
37 64 37 63 0.02464490
37 64 37 65 0.00135145
37 48 35 46 0.00093758
74 97 78 101 0.00167926
53 62 51 60 0.00889440
53 62 53 61 0.01780550
53 62 52 62 0.05244820
53 75 53 76 0.00431764
53 75 52 77 0.00911910
20 32 20 32 0.11513100
39 54 39 53 0.00839658
21 87 20 86 0.00259986
21 87 21 85 0.00143576
21 87 19 87 0.00366962
27 79 25 76 0.00846934
59 67 59 67 0.02191050
59 70 58 68 0.00071627
59 69 58 68 0.00167052
79 92 81 98 0.00122390
79 92 82 97 0.00292897
52 73 52 77 0.00089772
52 74 52 77 0.00655303
52 57 50 55 0.06100530
52 66 50 64 0.00134043
52 63 50 61 0.00860826
52 63 51 63 0.17448700
52 63 51 60 0.00100407
52 63 52 62 0.01860380
70 84 68 85 0.03388420
67 85 67 86 0.02831770
35 66 35 66 0.13981900
35 66 35 64 0.00473864
35 72 33 69 0.00073373
29 39 29 39 0.01576400
29 39 29 37 0.00073190
29 77 27 74 0.00636254
40 53 40 52 0.00933410
46 62 45 61 0.00369845
46 62 44 60 0.05816140
46 62 46 60 0.00333506
46 68 46 65 0.00106202
46 79 46 83 0.00075774
46 64 46 65 0.00051882
46 64 44 62 0.00180218
46 65 46 65 0.04609010
46 81 46 83 0.02575470
47 67 47 64 0.00051239
47 66 47 64 0.00123186
47 63 45 61 0.00479316
47 63 47 64 0.00266808
47 83 47 82 0.00124091
47 78 47 82 0.00179805
78 93 82 97 0.00077286
78 93 81 98 0.00187243
50 57 49 56 0.00850800
50 57 49 57 0.00109715
50 57 50 56 0.00091188
50 57 50 57 0.05263310
50 77 50 79 0.02664360
69 85 67 86 0.01410790
69 85 69 84 0.00156141
8 103 8 104 0.16148900
26 80 25 79 0.00177829
26 80 25 82 0.00719529
26 80 26 78 0.00611706
26 80 24 77 0.00479460
45 66 45 66 0.02975940
45 63 45 61 0.00255828
45 63 44 62 0.00296368
45 63 43 61 0.04147480
45 57 45 56 0.00186568
45 57 45 57 0.02379600
45 69 45 66 0.00092964
38 47 38 45 0.00050820
42 51 42 50 0.12233200
44 64 44 62 0.00110441
44 64 42 62 0.01625140
44 64 43 61 0.00052412
44 65 42 63 0.01700990
49 78 49 80 0.02722840
49 77 49 80 0.00057688
18 90 18 88 0.00202636
18 90 16 91 0.00117746
18 90 16 90 0.00062164
51 60 51 60 0.19536400
51 60 49 58 0.01436890
51 76 51 78 0.01718720
51 58 49 56 0.05430210
51 58 50 57 0.00324169
51 59 51 60 0.00112676
51 59 49 57 0.02308730
51 64 50 64 0.11666200
51 64 50 61 0.00089589
51 64 51 63 0.00471258
51 75 51 78 0.00131572
51 56 50 55 0.02809480
51 56 50 56 0.00230148
66 86 65 88 0.00076147
66 86 66 87 0.01290980
48 77 48 81 0.00054474
48 67 46 65 0.00738082
43 66 41 64 0.07032410
43 66 42 63 0.00073180
22 30 22 30 0.26943600
22 86 21 85 0.00298865
22 86 20 86 0.00402044
22 86 20 83 0.00063745
81 90 85 94 0.00667700
65 87 65 88 0.01610580
