139 146 139 146 0.00554962
85 101 85 101 0.03578660
85 103 83 103 0.00296316
85 102 84 102 0.86796000
85 102 85 101 0.01033180
24 33 24 33 0.84807400
57 75 57 75 0.00521686
148 152 148 152 0.04636370
89 97 89 97 0.95478900
89 97 88 97 0.01508300
89 99 87 99 0.00745581
134 146 134 146 0.06635840
43 56 43 56 0.09850050
23 34 23 34 0.38381700
75 112 74 112 0.41670300
75 112 75 111 0.00500549
75 112 75 112 0.00715131
118 125 118 125 0.01716390
126 146 126 146 0.24561100
124 148 124 148 0.10843100
80 108 79 108 0.05112680
80 108 80 107 0.00101467
80 108 80 108 0.00449079
80 107 80 107 0.00910551
80 107 79 107 0.38279500
47 138 47 138 0.01966280
88 100 86 100 0.00775087
88 98 88 98 0.54898400
91 97 89 97 0.00724912
91 97 89 95 0.00062215
127 145 127 145 0.26023800
81 106 81 105 0.01494450
87 99 87 99 0.73251500
117 124 117 124 0.24555400
135 145 135 145 0.47061500
44 55 44 55 0.10067700
44 141 44 141 0.02631770
22 35 22 35 0.44851000
79 108 79 107 0.00719967
79 108 79 108 0.00850886
83 103 83 103 0.01825730
83 104 82 104 0.62217000
83 104 83 103 0.01504690
83 105 81 105 0.00343984
146 154 146 154 0.03370300
146 155 146 155 0.06833350
6 157 7 157 0.00177341
90 98 88 98 0.00573182
90 95 89 95 0.00181774
116 125 116 125 0.11282900
46 139 46 139 0.02347870
82 106 81 105 0.00083090
84 103 84 102 0.02209200
84 103 83 103 0.63298300
84 104 82 104 0.00193619
5 158 6 158 0.00522702
5 158 5 158 0.91983100
123 149 123 149 0.12799600
138 147 138 147 0.00501885
77 110 77 109 0.01218080
77 110 76 110 0.90634400
143 152 143 152 0.01142740
19 38 19 38 0.46165300
145 156 145 156 0.10494800
45 52 45 52 0.29628100
45 50 45 50 0.11289700
45 140 45 140 0.03245360
121 151 121 151 0.55554600
3 160 4 160 0.00314884
3 160 3 160 0.92236700
125 147 125 147 0.11017800
48 138 48 138 0.03197490
21 36 21 36 0.95346000
76 111 75 111 0.42987900
76 111 76 111 0.00686322
76 111 76 110 0.00666281
49 81 49 81 0.00163795
49 137 49 137 0.01707030
115 126 115 126 0.25037500
144 157 144 157 0.04614060
142 153 142 153 0.07138470
86 100 86 100 0.18443800
86 102 84 102 0.00341507
86 101 85 101 0.32049300
86 101 86 100 0.00872598
56 76 56 76 0.00477561
119 124 119 124 0.02522000
120 152 120 152 0.11947800
136 144 136 144 0.18236200
136 143 136 143 0.12929100
136 141 136 141 0.05774100
55 77 55 77 0.00269167
4 159 4 159 0.86115800
4 159 5 159 0.00423111
122 150 122 150 0.12799500
92 98 92 98 0.00155005
20 37 20 37 0.49496100
78 109 77 109 0.90990800
74 113 73 113 0.36275800
74 113 74 112 0.00281248
74 113 74 113 0.00699176
