44 44 0.73113476
55 55 0.36935413
21 21 0.75967707
95 96 0.00090006
95 95 0.74186878
95 94 0.00298777
151 151 0.52864315
135 135 0.74288327
5 5 0.90137874
136 136 0.69916595
20 20 0.72869190
154 154 0.94923846
154 155 0.00509833
160 160 0.85636229
139 139 0.64670520
130 130 0.45387764
81 81 0.53014771
4 4 0.90815060
74 74 0.39193936
60 60 0.63103336
120 120 0.57782561
120 121 0.00064539
120 119 0.00078621
65 65 0.53791060
64 64 0.55833919
132 132 0.55254086
73 73 0.28859629
119 119 0.60741984
97 97 0.61981450
97 96 0.00275805
19 19 0.60414001
133 133 0.63593191
105 105 0.54871049
40 40 0.52160099
138 138 0.68730046
85 85 0.88433771
155 156 0.00498349
155 155 0.84432243
153 154 0.00099297
153 153 0.87687424
78 78 0.68048282
104 104 0.67972543
104 103 0.00097298
108 108 0.66630696
51 51 0.55809349
127 127 0.57970551
41 41 0.61178875
76 76 0.70001397
76 77 0.00050242
76 75 0.00060508
53 53 0.61008433
150 150 0.58153366
86 86 0.75741500
86 85 0.00059615
17 17 0.70192613
28 28 0.74406783
103 102 0.00741660
103 103 0.46312234
23 23 0.53303418
159 159 0.60766182
158 159 0.00258839
158 158 0.41376289
26 26 0.59292978
129 129 0.61009465
141 141 0.55495673
46 46 0.66074079
71 71 0.46239458
11 11 0.70083723
149 149 0.31641111
63 63 0.47251562
38 38 0.61808271
7 7 0.87827810
90 91 0.00051007
90 90 0.60472293
111 111 0.81865069
111 110 0.00074756
111 112 0.00057808
98 98 0.56625493
98 97 0.00879417
42 42 0.80252678
48 48 0.75525909
145 145 0.54550759
3 3 0.80956854
100 100 0.51310979
14 14 0.85305359
101 101 0.69405131
101 100 0.00148727
1 1 0.82742742
143 143 0.71807408
122 123 0.00218775
122 122 0.59657600
122 121 0.00123937
157 158 0.00490740
157 157 0.52938689
13 13 0.80897704
118 118 0.84591593
88 89 0.00055260
88 88 0.87990545
88 87 0.00054595
125 125 0.78402633
36 36 0.49775678
52 52 0.50281041
34 34 0.58250633
77 76 0.00098710
77 77 0.60948485
82 82 0.64530015
31 31 0.79279890
99 99 0.46384156
99 98 0.00224582
84 84 0.74960540
49 49 0.76677443
126 126 0.61671646
15 15 0.90890233
50 50 0.80374582
79 79 0.61520031
47 47 0.80315391
93 94 0.00138833
93 93 0.62397490
93 92 0.00111940
80 80 0.65056319
110 109 0.00074203
110 111 0.00069474
110 110 0.44328251
114 114 0.41350333
12 12 0.82785713
25 25 0.64916501
144 144 0.51164223
70 70 0.58596489
83 83 0.58012553
96 95 0.01089051
96 96 0.69601822
22 22 0.78137926
113 113 0.51107082
33 33 0.58310026
109 110 0.00077391
109 109 0.60656084
109 108 0.00058041
140 140 0.78159271
39 39 0.48338528
124 124 0.75718503
124 123 0.00075914
107 107 0.84765641
69 69 0.76416630
89 88 0.00058888
89 89 0.83723213
43 43 0.68057093
59 59 0.66309079
152 152 0.57333694
152 153 0.00062703
30 30 0.66141079
56 56 0.86506185
37 37 0.65990641
92 93 0.00063218
92 92 0.43726655
115 114 0.00066355
115 115 0.61528165
121 122 0.00150337
121 120 0.00087999
121 121 0.75907611
131 131 0.45858047
147 147 0.68164785
58 58 0.73822962
8 8 0.74571593
91 92 0.00055984
91 91 0.53086605
9 9 0.66052095
106 106 0.51732955
16 16 0.77636984
137 137 0.74104581
61 61 0.58872058
112 111 0.00070502
112 112 0.78255437
112 113 0.00051982
27 27 0.64901547
117 117 0.81622239
117 116 0.00058295
116 115 0.00066858
116 116 0.56969614
142 142 0.66553968
68 68 0.75931509
67 67 0.81371266
29 29 0.51619979
2 2 0.70631512
18 18 0.81011675
148 148 0.53865228
128 128 0.60438335
102 102 0.86476746
72 72 0.47695350
87 88 0.00064754
87 87 0.90405244
6 6 0.89595635
66 66 0.52310024
24 24 0.69425719
123 124 0.00101177
123 123 0.60033474
123 122 0.00126718
156 157 0.00529685
156 156 0.47479108
54 54 0.59957476
57 57 0.69616431
94 95 0.00176014
94 93 0.00183239
94 94 0.81978643
75 75 0.54897160
134 134 0.61190673
45 45 0.53014615
62 62 0.43613899
146 146 0.70334602
32 32 0.58834452
35 35 0.46882971
10 10 0.59446786
