30 35 0.01945047
30 31 0.32086912
30 32 0.12030434
30 34 0.02079021
30 28 0.00153066
30 33 0.02121563
30 36 0.06188801
30 30 0.15292622
30 29 0.00098838
38 44 0.00269947
38 42 0.00167078
38 39 0.61174282
38 36 0.00173245
38 38 0.01914975
38 40 0.02630534
87 86 0.00095876
87 89 0.01398812
87 88 0.45591769
87 91 0.09734951
87 90 0.00910906
87 87 0.00310024
75 78 0.00183185
75 75 0.00681998
75 77 0.05981395
75 76 0.62088613
75 79 0.11404748
71 73 0.07821125
71 72 0.45039733
71 75 0.05204275
71 74 0.01695274
71 71 0.00447222
102 100 0.00251607
102 101 0.00469273
102 104 0.09537826
102 105 0.01996522
102 103 0.09661477
102 102 0.04677557
102 106 0.01130915
49 54 0.15517042
49 48 0.00209070
49 50 0.61870428
49 49 0.00096991
111 111 0.00580008
111 115 0.00340714
111 113 0.40991516
111 110 0.03404984
111 112 0.06889625
111 114 0.16500807
111 108 0.00486282
111 109 0.06654620
55 60 0.00241836
55 56 0.70185851
55 55 0.00196143
43 49 0.00736187
43 43 0.00203984
43 42 0.00150738
43 48 0.01196296
43 44 0.44439105
43 45 0.00099111
119 119 0.02064259
119 117 0.00098296
119 118 0.01648369
119 120 0.01265697
119 121 0.68822255
67 71 0.02745574
67 69 0.04568338
67 67 0.00053760
67 70 0.03618576
67 68 0.67771062
108 107 0.00696121
108 106 0.09389042
108 113 0.00086662
108 111 0.16079413
108 109 0.07750767
108 105 0.00877110
108 108 0.00386953
108 110 0.35464325
108 112 0.00374257
48 48 0.00993821
48 54 0.00225165
48 53 0.14311393
48 47 0.00056944
48 49 0.64154708
101 101 0.00456734
101 105 0.01239171
101 104 0.06167173
101 99 0.00419929
101 100 0.00086511
101 103 0.22362862
101 102 0.30936255
101 98 0.00522243
18 19 0.39735378
18 20 0.15788585
18 17 0.00121423
18 16 0.00446566
18 18 0.15643979
18 21 0.04551872
86 89 0.00116957
86 88 0.02618417
86 90 0.10533261
86 91 0.00051807
86 87 0.56317836
84 88 0.08083195
84 86 0.02294289
84 85 0.57950873
61 65 0.06059168
61 62 0.46592501
61 66 0.01452074
23 23 0.17692658
23 24 0.26205212
23 26 0.02372894
23 21 0.00279887
23 25 0.12806706
23 27 0.00396085
23 22 0.00357175
62 66 0.06502037
62 63 0.50964139
62 65 0.00102160
62 67 0.00437648
53 58 0.00263334
53 54 0.69337899
53 53 0.00065251
64 66 0.00078176
64 67 0.00138817
64 68 0.00059961
64 65 0.58049906
11 11 0.24580620
11 12 0.22750679
11 9 0.00665106
11 10 0.00254537
11 8 0.00101347
11 13 0.20067537
11 14 0.00415463
98 97 0.00802697
98 96 0.03203397
98 95 0.00155533
98 102 0.00285047
98 98 0.01072266
98 99 0.40667957
98 100 0.01687956
98 101 0.02211875
36 41 0.00430157
36 35 0.00335984
36 37 0.57497729
36 40 0.00359307
36 38 0.05280262
36 39 0.00124328
36 36 0.02652525
36 42 0.06862691
36 34 0.00155146
20 20 0.14234888
20 17 0.00051469
20 19 0.00176158
20 22 0.10547595
20 18 0.00351628
20 21 0.28191407
20 23 0.02282210
60 65 0.01083341
60 64 0.11653911
60 61 0.60101563
37 36 0.00074272
37 38 0.69917927
37 39 0.04546328
37 37 0.01787569
37 43 0.00123176
37 42 0.00240937
37 35 0.00161935
37 41 0.00056555
17 19 0.14434343
17 20 0.03592571
17 17 0.14862724
17 16 0.00141617
17 15 0.00128362
17 18 0.28754102
95 96 0.24586990
95 95 0.00794328
95 93 0.00412835
95 97 0.03392932
95 98 0.02663224
95 94 0.00819943
95 99 0.01004864
34 34 0.02496025
34 32 0.00164725
34 37 0.00414847
34 40 0.07455474
34 36 0.07465606
34 39 0.01598175
34 33 0.00071044
34 35 0.50106472
58 62 0.00403949
58 59 0.41779540
26 24 0.00130824
26 31 0.00109517
26 26 0.18275500
26 32 0.00089893
26 27 0.26527147
26 28 0.15557445
26 30 0.00767529
26 29 0.01920789
13 14 0.33069877
13 13 0.22312983
13 12 0.00181532
13 11 0.00131764
13 16 0.03226101
13 15 0.13932021
70 70 0.00338804
70 73 0.03731268
70 71 0.55660229
70 74 0.07553475
70 72 0.07165571
9 11 0.14266169
9 7 0.00115207
9 12 0.00399653
9 6 0.00053420
9 9 0.31216736
9 10 0.38984937
35 34 0.00135598
35 33 0.00151976
35 36 0.52796106
35 40 0.00767798
35 38 0.00215171
35 37 0.06840444
35 41 0.12088300
35 35 0.02519821
110 108 0.08772856
110 114 0.00332804
110 109 0.01317417
110 110 0.00147344
110 112 0.35966780
110 107 0.00826355
110 113 0.15767512
110 111 0.03677633
45 46 0.56397270
45 44 0.00084049
78 81 0.02008733
78 80 0.02378670
78 82 0.07762834
78 78 0.00142482
78 79 0.48881313
33 31 0.00172456
33 35 0.08878996
33 37 0.00053159
33 36 0.00829095
33 39 0.00271770
33 33 0.06788557
33 34 0.36784586
33 32 0.00626166
91 90 0.00307744
91 95 0.04561779
91 93 0.00812046
91 91 0.00195929
91 94 0.00612014
91 89 0.00051405
91 92 0.54916063
47 52 0.13113862
47 48 0.48806114
47 46 0.00263365
47 53 0.01421789
97 102 0.00086962
97 98 0.46703020
97 97 0.02352184
97 96 0.03971625
97 95 0.07291358
97 101 0.01292266
97 99 0.03565711
97 100 0.01857145
117 117 0.00982824
117 119 0.17447484
117 121 0.00208170
117 118 0.04026724
117 120 0.09347882
117 116 0.00250520
105 103 0.04925385
105 107 0.08981898
105 106 0.05075206
105 109 0.00055606
105 105 0.00333093
105 108 0.03696253
2 4 0.00425778
2 3 0.04574278
2 2 0.74169226
92 92 0.00484665
92 94 0.00734235
92 90 0.00077797
92 95 0.01238647
92 96 0.03798655
92 93 0.56458079
92 91 0.00378650
4 5 0.31925699
4 7 0.00114019
4 6 0.05951960
4 4 0.19054405
21 22 0.24547691
21 19 0.00241430
21 20 0.00132037
21 23 0.10603355
21 24 0.03876077
21 21 0.14951319
112 113 0.01212537
112 111 0.05505736
112 115 0.01528353
112 112 0.00574796
112 110 0.04579620
112 116 0.00256909
112 114 0.38043776
112 109 0.00121438
57 62 0.00627843
57 61 0.00076204
57 58 0.43802139
57 57 0.00144284
107 106 0.00449875
107 107 0.03995908
107 111 0.00495247
107 108 0.12464571
107 109 0.29515228
107 104 0.00115942
107 105 0.09734447
107 112 0.00063361
107 110 0.02084018
103 106 0.07474815
103 107 0.01139144
103 102 0.00472863
103 103 0.05079848
103 100 0.00104617
103 105 0.10234573
103 104 0.06209920
103 101 0.01353458
74 76 0.08549988
74 77 0.01561598
74 74 0.00732487
74 78 0.11187840
74 75 0.58641754
59 64 0.02733727
59 60 0.26773556
56 61 0.00171855
56 57 0.47246089
56 56 0.00159420
115 115 0.00093089
115 117 0.45763246
115 119 0.00364941
115 114 0.00086903
115 118 0.02037715
115 120 0.00055525
115 116 0.00325768
77 78 0.52268041
77 81 0.06458149
77 77 0.00231463
77 80 0.01047005
77 79 0.03520812
96 98 0.02218379
96 96 0.00483148
96 95 0.01539659
96 97 0.51479340
96 101 0.00056934
96 94 0.02571850
96 100 0.00955887
96 99 0.02594367
25 25 0.16479046
25 27 0.16568380
25 28 0.02332717
25 29 0.00867318
25 24 0.00824820
25 31 0.00202294
25 23 0.00359195
25 26 0.25496102
22 22 0.16632476
22 25 0.05142015
22 20 0.00505199
22 24 0.10549669
22 23 0.17047913
22 21 0.00488246
22 26 0.00254643
80 84 0.11791217
80 82 0.00654101
80 81 0.52289553
80 83 0.02872842
109 109 0.00093753
109 114 0.00123722
109 108 0.01003529
109 110 0.07745030
109 112 0.16898211
109 107 0.09084003
109 106 0.00887849
109 113 0.00349408
109 111 0.31679484
24 27 0.02303784
24 25 0.26855381
24 22 0.00159278
24 26 0.16343856
24 23 0.00323332
24 24 0.15224558
116 115 0.01354021
116 117 0.00994701
116 119 0.02720684
116 116 0.00342799
116 118 0.15575888
116 120 0.00198858
65 70 0.00335642
65 68 0.00095621
65 67 0.00264988
65 69 0.00149268
65 66 0.66177194
83 87 0.11841254
83 85 0.01315305
83 86 0.00244516
83 84 0.77483293
85 86 0.61959627
85 89 0.07051595
85 88 0.00119410
85 87 0.00103258
28 34 0.01183039
28 27 0.00354848
28 32 0.00283114
28 29 0.26795764
28 30 0.16470266
28 33 0.00145959
28 28 0.17161719
28 31 0.01628892
28 26 0.00144015
27 31 0.00447928
27 26 0.00284100
27 27 0.17541713
27 25 0.00142826
27 32 0.00351619
27 30 0.02454090
27 29 0.18258586
27 33 0.00109980
27 28 0.26862220
32 32 0.08326616
32 34 0.09548154
32 33 0.39123700
32 37 0.00060648
32 36 0.00979613
32 30 0.00166901
32 38 0.00126803
32 35 0.01216389
32 31 0.00634459
1 1 0.89526050
1 2 0.02291441
1 3 0.00865354
3 5 0.03399992
3 3 0.42328060
3 6 0.00079369
3 4 0.16183903
76 79 0.00137894
76 76 0.00522950
76 80 0.11406073
76 77 0.56065565
76 78 0.05774400
118 121 0.05007637
118 118 0.01405023
118 120 0.58729264
118 117 0.00237083
118 119 0.00373847
54 54 0.00366853
54 55 0.69869781
54 59 0.14971502
6 7 0.39727805
6 9 0.00332451
6 6 0.34542154
6 8 0.12066399
100 103 0.08206748
100 102 0.13014076
100 98 0.02069897
100 101 0.30998467
100 104 0.00327582
100 99 0.00270756
100 100 0.00473389
50 51 0.27188409
50 49 0.00071479
50 50 0.01432524
7 8 0.35697749
7 9 0.07892932
7 10 0.00110099
7 7 0.34999619
12 15 0.00570642
12 12 0.22246182
12 11 0.00284024
12 14 0.15459757
12 13 0.28315145
12 10 0.00691990
12 9 0.00360823
39 41 0.00668183
39 45 0.00216346
39 40 0.63579449
39 39 0.01975016
39 37 0.00147063
106 108 0.27504621
106 109 0.02145285
106 105 0.00172711
106 104 0.02564367
106 110 0.00283076
106 106 0.05424175
106 107 0.08828661
106 103 0.00128314
81 85 0.11797076
81 83 0.02172634
81 82 0.67314977
81 84 0.01166098
19 22 0.05696629
19 19 0.15806206
19 20 0.35090449
19 17 0.00574695
19 16 0.00394261
19 21 0.18807200
19 18 0.00434578
73 73 0.00621121
73 76 0.03059889
73 77 0.09039137
73 75 0.06138951
73 74 0.55424002
8 8 0.35661874
8 10 0.08311746
8 6 0.00095304
8 9 0.27762073
8 11 0.01677406
10 11 0.30440938
10 7 0.00070159
10 12 0.04936496
10 10 0.25213952
10 9 0.00122482
10 8 0.00233215
10 13 0.00276119
46 47 0.60089107
46 52 0.02680858
46 51 0.05078187
46 45 0.00155716
31 32 0.36249824
31 34 0.01597980
31 33 0.10749506
31 29 0.00159512
31 37 0.00295036
31 36 0.02809233
31 30 0.00106975
31 31 0.08731553
31 35 0.01312785
63 67 0.02335795
63 64 0.60040955
63 66 0.00674405
89 88 0.00187637
89 92 0.02113836
89 89 0.00826178
89 91 0.00740685
89 93 0.07339811
89 90 0.50858102
41 46 0.00138980
41 41 0.01514166
41 47 0.13208085
41 42 0.66176054
41 43 0.00187439
41 39 0.00121714
72 72 0.00718336
72 75 0.02195850
72 74 0.08887218
72 73 0.64994175
72 76 0.09315400
51 50 0.00053020
51 52 0.16240508
51 51 0.00586696
51 56 0.00328535
52 52 0.00083261
52 57 0.02347312
52 53 0.50050335
82 84 0.00171400
82 86 0.11822419
82 83 0.58398789
82 85 0.00814532
113 111 0.00189866
113 115 0.27025518
113 117 0.00296124
113 113 0.00267409
113 114 0.01450214
113 116 0.02637304
113 112 0.02442305
42 48 0.00282744
42 41 0.00098643
42 44 0.00181133
42 40 0.00050534
42 43 0.73908816
42 42 0.03086421
42 47 0.00085016
69 70 0.56608660
69 69 0.00150012
69 73 0.07348248
69 74 0.00119818
69 71 0.07155748
69 72 0.02636947
14 14 0.22593142
14 13 0.00191207
14 16 0.07961267
14 15 0.29344843
14 12 0.00150359
14 11 0.00070532
14 17 0.00517338
114 118 0.00242027
114 114 0.00627487
114 112 0.00057682
114 116 0.12003483
114 117 0.04513136
114 113 0.04899383
114 119 0.00056816
114 115 0.03292560
68 70 0.08995628
68 68 0.00091190
68 69 0.65310104
68 73 0.00206181
68 71 0.03573377
68 72 0.03130300
16 19 0.05406132
16 17 0.33391097
16 15 0.00181855
16 16 0.14320401
16 13 0.00315640
16 14 0.00275393
16 18 0.15297682
79 79 0.00069521
79 81 0.03326861
79 82 0.00652563
79 80 0.52376171
79 83 0.11756829
94 96 0.02269994
94 95 0.26788364
94 93 0.03136125
94 97 0.00761364
94 98 0.02188239
94 94 0.00310343
94 92 0.00153726
40 38 0.00113713
40 40 0.00151996
40 42 0.00399619
40 41 0.59797456
40 46 0.00083003
66 67 0.66744481
66 69 0.00165731
66 68 0.02492612
66 70 0.02522008
66 71 0.00319727
29 27 0.00149113
29 34 0.00350527
29 32 0.03804848
29 30 0.30350185
29 29 0.17439291
29 33 0.00663096
29 28 0.00248496
29 31 0.20211710
29 35 0.02803582
93 92 0.00641763
93 94 0.51828551
93 91 0.00119804
93 97 0.02924254
93 93 0.00243031
93 96 0.00529869
93 95 0.00350859
90 92 0.01565359
90 94 0.06653024
90 89 0.00368669
90 90 0.01019248
90 93 0.02864054
90 91 0.65328763
104 108 0.00235170
104 105 0.20919355
104 104 0.00555505
104 106 0.16687773
104 107 0.09287787
104 102 0.00086118
88 89 0.64031637
88 92 0.08896590
88 88 0.00567506
88 90 0.01636520
88 91 0.01494354
88 87 0.00145403
15 17 0.08312135
15 12 0.00257481
15 16 0.25491195
15 15 0.19393752
15 18 0.00879864
15 14 0.00195565
15 13 0.00209541
99 97 0.02085520
99 96 0.00171286
99 103 0.00188344
99 102 0.05721379
99 98 0.00170565
99 99 0.00275644
99 100 0.33803486
99 101 0.04185357
5 7 0.11840022
5 5 0.38973922
5 6 0.35598855
5 8 0.00248440
44 50 0.00233159
44 44 0.00121526
44 45 0.61611866
44 49 0.00067622
44 43 0.00284357
