16 19 0.01859931
16 17 0.09610244
16 15 0.01756282
16 16 0.15837646
16 14 0.02244581
16 13 0.00120713
16 18 0.10059192
79 79 0.36013161
79 78 0.00401939
79 77 0.00118380
79 81 0.00346953
79 82 0.08850639
79 80 0.02038977
94 97 0.04763228
94 91 0.01762372
94 96 0.02438810
94 95 0.03800106
94 94 0.51487198
94 92 0.00299368
14 17 0.00206857
14 14 0.34956294
14 13 0.02367913
14 15 0.09664305
14 16 0.05041269
14 12 0.02323404
14 11 0.00120458
69 68 0.08180065
69 70 0.05877307
69 69 0.41893891
69 71 0.06930790
69 72 0.01893813
114 112 0.00956587
114 116 0.02705126
114 114 0.14008156
114 117 0.01013651
114 113 0.00309303
114 115 0.15857097
68 71 0.04915906
68 70 0.08272324
68 68 0.46849436
68 69 0.02557255
68 67 0.03487261
120 120 0.56762906
120 121 0.03017388
120 118 0.04550430
120 119 0.00867475
82 84 0.01371128
82 80 0.00755878
82 82 0.57486090
82 83 0.06233131
82 85 0.08656327
42 46 0.00316123
42 41 0.18034399
42 45 0.00067861
42 39 0.00105201
42 38 0.00052315
42 43 0.00545831
42 42 0.28382034
113 111 0.01420041
113 115 0.00745912
113 117 0.00092013
113 113 0.28850963
113 116 0.00419198
113 112 0.01640474
113 114 0.34992795
72 73 0.07341953
72 72 0.45704492
72 75 0.09738858
72 74 0.03764667
72 71 0.06510094
52 55 0.01605980
52 52 0.18593350
52 51 0.02337631
51 51 0.26501971
51 52 0.00072819
51 50 0.30442684
51 54 0.31271467
99 99 0.25086202
99 100 0.02767097
99 101 0.06420595
99 97 0.00164833
99 96 0.00095465
99 103 0.00458136
99 102 0.02236763
99 98 0.00404395
5 5 0.58872005
5 7 0.02957566
5 3 0.00613390
5 6 0.08490173
5 4 0.02386065
15 17 0.00569677
15 15 0.30365268
15 16 0.28190919
15 12 0.00129148
15 14 0.02321996
15 13 0.02290050
15 18 0.00070141
44 43 0.28663528
44 42 0.00050570
44 47 0.00148035
44 48 0.00582200
44 44 0.31526938
44 45 0.00140269
104 107 0.00884856
104 106 0.00724317
104 103 0.00644127
104 102 0.04063688
104 105 0.26282324
104 104 0.17921662
104 108 0.00082136
104 101 0.00053138
88 91 0.05515329
88 90 0.00287885
88 85 0.00424989
88 86 0.00618076
88 89 0.03142350
88 88 0.32320195
93 94 0.02972695
93 90 0.01737221
93 93 0.56650720
93 91 0.00296525
93 95 0.05044636
93 96 0.05213865
90 87 0.00057503
90 91 0.02647031
90 93 0.05394496
90 90 0.46452770
90 88 0.00129031
90 92 0.01208573
40 41 0.01301914
40 44 0.02194333
40 36 0.00052491
40 39 0.10157057
40 40 0.32091235
40 38 0.00058428
40 37 0.00142445
66 66 0.35740496
66 65 0.07504517
66 68 0.00234238
66 69 0.00214987
66 67 0.00270638
29 29 0.14660712
29 30 0.15935649
29 28 0.03740089
29 33 0.00851887
29 25 0.00066585
29 27 0.01525179
29 32 0.04273332
29 26 0.00145401
29 31 0.08349461
50 49 0.30402831
50 51 0.00107408
50 50 0.32443423
50 53 0.28844833
50 54 0.00453823
100 101 0.03152004
100 100 0.14631889
100 99 0.00888321
100 98 0.00500138
100 102 0.04174090
100 103 0.01249001
100 97 0.00367667
7 10 0.00184939
7 6 0.02298721
7 9 0.05860920
7 8 0.10027355
7 5 0.02421428
7 7 0.66676937
12 11 0.02565346
12 12 0.19059175
12 15 0.00081645
12 10 0.02405635
12 9 0.00096099
12 13 0.09984987
12 14 0.00930639
3 4 0.04318079
3 2 0.01880299
3 1 0.00719123
3 3 0.64146613
3 5 0.01175336
1 3 0.00138675
1 2 0.00949777
1 1 0.91012830
76 74 0.00051354
76 78 0.00738916
76 75 0.03034935
76 77 0.04092382
76 76 0.40290753
76 79 0.08729626
118 118 0.16812711
118 120 0.00552517
118 121 0.00824935
118 116 0.01017198
118 119 0.14805970
118 117 0.01059867
54 54 0.33046917
54 53 0.16209856
54 57 0.09051900
54 55 0.00145169
6 7 0.07279979
6 5 0.02997427
6 4 0.00256113
6 9 0.00161725
6 6 0.63260357
6 8 0.05079295
27 26 0.03722979
27 31 0.01636430
27 23 0.00063395
27 24 0.00141446
27 29 0.15544962
27 30 0.01568439
27 28 0.13976462
27 27 0.13471913
27 25 0.01627626
32 32 0.18205506
32 34 0.03244995
32 33 0.11301919
32 29 0.00167439
32 30 0.02843955
32 36 0.23694905
32 31 0.06029538
32 35 0.05709180
85 85 0.50962982
85 83 0.00829063
85 88 0.07230920
85 86 0.04921745
83 81 0.00765710
83 85 0.00720245
83 83 0.54466855
83 86 0.08505312
83 84 0.02165639
28 31 0.01031301
28 24 0.00064109
28 26 0.01544192
28 25 0.00145637
28 27 0.03719648
28 32 0.00683313
28 29 0.07801683
28 30 0.07558940
28 28 0.12156386
46 44 0.00069151
46 45 0.04871938
46 46 0.25996958
46 50 0.22309800
46 49 0.06470441
31 28 0.00162345
31 33 0.06520761
31 29 0.01665510
31 30 0.04199826
31 32 0.14607456
31 34 0.01467690
31 27 0.00066672
31 35 0.19819909
31 31 0.23322299
41 41 0.32615708
41 45 0.12455967
41 40 0.04330032
41 38 0.00115640
41 37 0.00050200
41 42 0.00910261
89 90 0.04816106
89 91 0.00648392
89 87 0.00340530
89 89 0.49113027
89 86 0.00200829
89 92 0.05443040
63 66 0.17070367
63 62 0.08269501
63 65 0.00236244
63 63 0.27869167
73 76 0.09836780
73 73 0.46949718
73 71 0.00054518
73 74 0.09139435
73 75 0.03023281
73 72 0.06085085
8 7 0.02341910
8 11 0.00145958
8 8 0.65790339
8 6 0.02117224
8 9 0.10809972
8 10 0.07719292
10 11 0.32560532
10 7 0.00078532
10 12 0.01145068
10 13 0.00070659
10 9 0.01876674
10 10 0.40345099
10 8 0.01574622
19 19 0.20821942
19 22 0.02374600
19 17 0.01480875
19 20 0.26490459
19 16 0.00152951
19 18 0.02809581
19 21 0.12208229
81 79 0.00497294
81 84 0.08732397
81 83 0.04077071
81 81 0.43181576
81 82 0.02016043
81 80 0.00066693
39 35 0.00056510
39 37 0.00182609
39 36 0.00148404
39 39 0.24036559
39 38 0.18613347
39 40 0.03554844
39 42 0.00513569
39 43 0.00283480
106 110 0.00103584
106 108 0.05958126
106 109 0.12798974
106 104 0.05627209
106 105 0.02440412
106 106 0.19059042
106 107 0.36488754
112 111 0.01669263
112 115 0.00064339
112 113 0.34881953
112 112 0.28257651
112 110 0.05836967
112 114 0.00963414
105 108 0.11002046
105 105 0.17195302
105 104 0.00484842
105 109 0.00471425
105 103 0.01079861
105 106 0.33184505
105 107 0.02786224
2 2 0.73136716
2 3 0.01231360
2 1 0.01128180
2 4 0.00260339
92 93 0.03512761
92 95 0.05319158
92 90 0.00313115
92 89 0.01712915
92 94 0.02604920
92 92 0.61896221
4 2 0.00123146
4 3 0.04158154
4 6 0.02978580
4 4 0.39931799
4 5 0.09678672
21 22 0.29878179
21 19 0.01490441
21 20 0.03268257
21 23 0.01687204
21 24 0.00358214
21 18 0.00145050
21 21 0.11829134
97 98 0.03673551
97 96 0.00194422
97 95 0.00333475
97 97 0.21703509
97 101 0.00314402
97 100 0.01353365
97 99 0.18387405
97 94 0.01843988
47 47 0.27702674
47 51 0.00817437
47 45 0.00069631
47 46 0.05057371
47 50 0.00464671
47 48 0.00051601
91 94 0.05386940
91 89 0.00334867
91 88 0.01178878
91 92 0.03020745
91 91 0.69997348
91 93 0.01570407
117 117 0.22638176
117 119 0.01006661
117 115 0.00703846
117 116 0.00906556
117 118 0.19486187
117 120 0.01615001
78 78 0.35235425
78 81 0.07650300
78 77 0.00670969
78 80 0.01287512
78 79 0.02795107
33 35 0.00740929
33 31 0.02359755
33 33 0.22234987
33 30 0.00156109
33 36 0.05327521
33 29 0.00055916
33 37 0.00751451
33 32 0.11024369
33 34 0.08472234
24 26 0.03990763
24 21 0.00137957
24 23 0.03274007
24 24 0.11268659
24 20 0.00052152
24 28 0.00133732
24 25 0.32848661
24 27 0.00365633
24 22 0.01523129
116 115 0.00379056
116 117 0.04327555
116 119 0.00228517
116 116 0.11935268
116 114 0.02196674
116 118 0.00775353
65 68 0.00093565
65 67 0.00266084
65 64 0.02259383
65 65 0.39399507
65 66 0.00210668
109 109 0.20714029
109 108 0.01250863
109 112 0.05397470
109 110 0.18900891
109 107 0.05897928
109 111 0.10284740
109 113 0.00290484
56 55 0.29850364
56 56 0.33110126
56 59 0.30791400
56 57 0.00193222
115 115 0.11959088
115 117 0.15403653
115 113 0.05667528
115 114 0.01067052
115 118 0.00317820
115 121 0.00050299
115 116 0.01893193
77 79 0.00160713
77 76 0.01643407
77 80 0.06159993
77 77 0.41017685
77 78 0.05937062
96 94 0.00310513
96 100 0.00270341
96 99 0.01894584
96 98 0.25863598
96 96 0.33312683
96 95 0.00130363
96 93 0.01823139
96 97 0.12555301
25 29 0.00315266
25 28 0.00979352
25 25 0.12314719
25 27 0.08376348
25 22 0.00138642
25 26 0.11544363
25 21 0.00055795
25 23 0.01542632
25 24 0.03911290
22 22 0.14379671
22 19 0.00141473
22 25 0.02255332
22 20 0.01466534
22 23 0.07462670
22 24 0.10039432
22 21 0.02575197
80 81 0.05312009
80 82 0.01143408
80 80 0.45924058
80 83 0.08806715
80 78 0.00300267
80 79 0.00133095
57 56 0.20093565
57 60 0.00919210
57 57 0.18771801
107 110 0.10264265
107 108 0.08613226
107 105 0.00926139
107 109 0.05494254
107 111 0.01328045
107 106 0.00517160
107 107 0.18517919
103 101 0.00304013
103 104 0.35575001
103 105 0.01357055
103 103 0.20085466
103 102 0.03187248
103 107 0.00107484
103 106 0.01503051
74 74 0.43369718
74 75 0.03856961
74 72 0.00054666
74 77 0.09981528
74 76 0.05031373
74 73 0.05082548
59 58 0.16885248
59 62 0.02203600
59 59 0.22375121
86 88 0.00291803
86 89 0.06527997
86 86 0.55602486
86 84 0.00839686
86 87 0.02295991
86 83 0.00100935
23 21 0.01488747
23 26 0.02183347
23 23 0.17892731
23 24 0.25492588
23 20 0.00141163
23 22 0.01684468
23 25 0.09767028
84 84 0.72381813
84 86 0.00363483
84 82 0.00809048
84 85 0.04694838
84 87 0.08346024
62 65 0.16267233
62 62 0.36163760
62 61 0.04595312
61 61 0.46602740
61 64 0.31695200
61 60 0.07488167
53 53 0.17336626
53 54 0.00146294
53 56 0.31446700
53 52 0.02185934
64 65 0.00188888
64 64 0.47017786
64 63 0.09048040
64 67 0.05867467
64 66 0.01684375
11 13 0.10294989
11 14 0.00139854
11 9 0.02443175
11 10 0.02540443
11 8 0.00087950
11 11 0.27359331
11 12 0.07358785
67 70 0.04797259
67 68 0.01025328
67 67 0.37645648
67 69 0.00366375
67 66 0.02823385
108 108 0.20897094
108 109 0.06160512
108 112 0.00815786
108 110 0.07855157
108 106 0.01466656
108 107 0.01261744
108 111 0.08351587
121 119 0.04608533
121 120 0.00972688
121 121 0.72196423
48 48 0.16686116
48 46 0.00066529
48 51 0.10234133
48 52 0.05402767
48 49 0.00175819
48 47 0.29826791
18 21 0.02202821
18 18 0.17523983
18 16 0.01474279
18 15 0.00153907
18 17 0.02777040
18 20 0.11592293
18 19 0.40776706
101 99 0.02020050
101 100 0.01601160
101 105 0.00151354
101 104 0.01028893
101 101 0.16655535
101 98 0.00600989
101 103 0.03745682
101 102 0.34442620
49 49 0.27147373
49 47 0.00056410
49 52 0.26429033
49 53 0.02865403
49 50 0.00216816
49 48 0.28452091
111 112 0.35665552
111 110 0.01983895
111 114 0.01256572
111 109 0.05855806
111 111 0.23578374
111 113 0.07151731
43 43 0.27434744
43 42 0.27645037
43 47 0.27216133
43 39 0.00051769
43 41 0.00064504
43 44 0.00208938
43 46 0.00286034
55 54 0.29849990
55 58 0.00541853
55 55 0.33114535
55 56 0.00144047
119 119 0.35990381
119 117 0.05381022
119 118 0.01060622
119 121 0.08662255
119 120 0.10152720
87 89 0.00243239
87 84 0.00155505
87 88 0.06247364
87 90 0.05721317
87 85 0.00767022
87 87 0.24075701
30 33 0.02394273
30 28 0.01529094
30 29 0.03951688
30 30 0.25532249
30 32 0.06833209
30 34 0.09203672
30 27 0.00160123
30 26 0.00066438
30 31 0.14418687
38 35 0.00129994
38 41 0.00734711
38 36 0.00314996
38 39 0.06537962
38 38 0.30158139
38 37 0.17307405
38 34 0.00062158
38 42 0.15783267
75 75 0.32910823
75 78 0.10021565
75 74 0.04119848
75 77 0.02112583
75 73 0.00053730
75 76 0.09352219
71 72 0.05763055
71 74 0.10884543
71 71 0.46415874
71 73 0.04997868
71 70 0.07321245
102 103 0.35620569
102 102 0.13611763
102 106 0.00997971
102 101 0.02562441
102 104 0.01929450
102 105 0.01117808
102 99 0.00180764
102 100 0.00507402
35 33 0.01471180
35 36 0.07383601
35 39 0.00627213
35 38 0.00071954
35 37 0.00427288
35 32 0.00129529
35 34 0.13852949
35 35 0.09047057
35 31 0.00063964
110 111 0.34497625
110 113 0.00222465
110 109 0.02224714
110 108 0.05886691
110 112 0.00700907
110 110 0.26363849
45 46 0.00054715
45 45 0.31607123
45 44 0.12690149
45 48 0.04613296
45 49 0.02838953
45 43 0.00062154
26 30 0.00357477
26 29 0.00296266
26 28 0.02025110
26 27 0.09131534
26 25 0.03822886
26 22 0.00059619
26 26 0.12884924
26 24 0.01592745
26 23 0.00139146
58 61 0.12517300
58 58 0.17346317
58 57 0.05828884
13 12 0.02361676
13 11 0.02365594
13 15 0.00954327
13 10 0.00112534
13 14 0.07666293
13 13 0.27030982
70 70 0.53106736
70 69 0.08300579
70 73 0.07468108
70 74 0.00067504
70 71 0.05127544
70 72 0.04321305
9 8 0.00539943
9 9 0.45206093
9 6 0.00075500
9 10 0.20479784
9 12 0.00183456
9 7 0.00130167
9 11 0.07228929
34 33 0.12603828
34 36 0.00886189
34 38 0.00296463
34 30 0.00056920
34 37 0.00306800
34 32 0.01999502
34 34 0.07757392
34 35 0.11815727
34 31 0.00152682
95 98 0.02872038
95 93 0.00315936
95 97 0.06717511
95 96 0.05570532
95 95 0.49234456
95 92 0.01795165
95 99 0.00050183
95 94 0.00070673
98 96 0.00818633
98 95 0.01467013
98 97 0.00537141
98 98 0.19889445
98 102 0.00138862
98 100 0.03067222
98 99 0.04664800
98 101 0.01133568
36 34 0.00958862
36 32 0.00063272
36 37 0.11880727
36 40 0.17182867
36 39 0.03695006
36 36 0.16182617
36 38 0.00430756
36 33 0.00129697
36 35 0.14819199
20 22 0.01482379
20 19 0.03219669
20 20 0.21065248
20 17 0.00146863
20 23 0.00333820
20 18 0.01617871
20 21 0.24930752
17 19 0.10868077
17 20 0.02026406
17 17 0.30981428
17 16 0.01792525
17 15 0.01986685
17 18 0.13264986
17 14 0.00142382
60 59 0.09390013
60 60 0.22738291
60 63 0.00288930
37 40 0.01414809
37 39 0.00086952
37 36 0.15609585
37 38 0.05555720
37 37 0.22582522
37 33 0.00063245
37 34 0.00127126
37 35 0.00441740
37 41 0.28136733
