16 16 0.33140700
57 57 0.22302200
57 55 0.00360720
57 56 0.70966900
13 10 0.00357137
13 13 0.29580100
15 12 0.00111228
15 15 0.28219300
69 68 0.94171700
69 69 0.00266795
69 67 0.01668360
35 35 0.83961700
35 34 0.09759330
114 110 0.09078300
114 107 0.16913100
114 111 0.08457080
114 109 0.31041500
114 104 0.00815038
114 103 0.00061870
114 113 0.01815050
114 112 0.00075687
114 108 0.01039810
114 105 0.00119129
114 106 0.00174545
117 106 0.01564850
117 112 0.17269100
117 108 0.00156660
117 114 0.12157300
117 113 0.07478470
117 115 0.00349122
117 109 0.00303972
117 116 0.00360553
117 110 0.16700300
117 111 0.00136618
117 107 0.03016310
144 133 0.00339056
144 132 0.52942400
144 131 0.00057980
144 141 0.00050333
50 49 0.02301350
50 50 0.23493800
140 132 0.00139926
140 129 0.45765300
140 128 0.00299654
140 137 0.00068897
140 130 0.00064260
140 131 0.10735000
140 136 0.00062573
105 100 0.46845000
105 103 0.00276893
105 104 0.00066487
105 102 0.07019120
105 99 0.00064970
105 101 0.02371510
105 105 0.01857610
91 87 0.25034300
91 89 0.02483590
91 86 0.00476564
91 90 0.06267730
91 88 0.04354430
141 137 0.00062114
141 138 0.00067588
141 129 0.00613223
141 132 0.08181190
141 131 0.00151237
141 130 0.37142600
97 97 0.00216682
97 92 0.29074000
97 93 0.27395100
97 94 0.08323870
24 24 0.94997000
90 86 0.04858460
90 85 0.00431242
90 88 0.07077940
90 89 0.05913910
90 87 0.14142600
160 151 0.24289300
160 147 0.11354600
160 150 0.01581090
160 148 0.00804039
160 149 0.02765250
133 128 0.00228361
133 125 0.00872707
133 123 0.03518300
133 126 0.01527430
133 122 0.18191900
133 130 0.02500910
133 127 0.01086380
133 124 0.01609490
133 121 0.00283102
22 22 0.56664000
143 132 0.22809000
143 131 0.27026600
143 140 0.00054001
143 130 0.00077240
143 134 0.00113090
127 118 0.00326695
127 121 0.19797900
127 124 0.02040920
127 117 0.16413100
127 120 0.11077300
127 123 0.01574570
127 125 0.00173332
127 122 0.01429090
127 115 0.00127865
127 116 0.19004500
127 119 0.00915113
12 9 0.01215370
12 12 0.92978300
41 40 0.61503100
41 41 0.27489600
49 49 0.07101290
49 48 0.02695780
78 77 0.02276570
78 75 0.00091370
78 76 0.17882100
125 121 0.02033560
125 113 0.00092138
125 117 0.01026340
125 114 0.08916740
125 118 0.06080220
125 119 0.17055100
125 116 0.00442567
125 122 0.04172260
125 115 0.11960700
125 120 0.02866060
120 115 0.17785700
120 119 0.00050602
120 110 0.04614000
120 111 0.00442522
120 116 0.05614840
120 109 0.03452040
120 108 0.00077392
120 112 0.00516482
120 117 0.14100100
120 113 0.19342000
120 118 0.02531350
120 114 0.00395290
2 2 0.39413700
2 1 0.00151877
39 38 0.45424600
39 39 0.28812200
7 7 0.94058100
7 4 0.03048280
80 78 0.37265400
80 79 0.44190800
106 103 0.08262910
106 104 0.00490555
106 102 0.18161900
106 100 0.00064454
106 101 0.49372400
106 105 0.00470040
106 106 0.01779990
150 140 0.01226660
150 138 0.45695600
150 137 0.02266250
108 108 0.01495790
108 106 0.00286583
108 105 0.11901800
108 101 0.00388024
108 100 0.00133349
108 107 0.00457527
108 104 0.15526200
108 103 0.50040000
108 102 0.00526497
159 150 0.08509260
159 148 0.04770480
159 149 0.02150610
159 146 0.80506500
159 147 0.00964249
44 44 0.27811900
44 43 0.61855600
86 85 0.21849700
86 81 0.00064250
86 83 0.00894917
86 82 0.00282783
86 84 0.02956030
5 4 0.00322334
5 2 0.00080293
5 1 0.00118699
5 5 0.04572600
154 141 0.27480900
154 149 0.00633138
154 145 0.00081849
76 73 0.00050851
76 74 0.22454300
76 75 0.02737350
149 136 0.00226464
149 137 0.27176700
149 139 0.00376526
48 48 0.20419800
48 47 0.04866690
157 148 0.00655135
157 144 0.01910850
157 147 0.00128397
157 151 0.00050937
157 145 0.00455673
93 91 0.01152210
93 89 0.74670900
93 90 0.00825115
93 92 0.03812700
93 93 0.01438440
93 88 0.04551930
65 65 0.02686660
65 63 0.00275985
65 64 0.91807000
137 132 0.00385622
137 129 0.00245082
137 128 0.02985560
137 125 0.00191952
137 133 0.00057514
137 126 0.45886200
137 134 0.00093112
137 130 0.03780470
137 127 0.00548826
137 131 0.02214020
38 37 0.60325200
38 38 0.31232300
84 83 0.28654700
84 82 0.20806200
84 80 0.00106210
84 81 0.00186428
82 81 0.35915800
82 80 0.11322800
82 79 0.00257482
131 126 0.00180512
131 122 0.00906586
131 120 0.25335500
131 128 0.02815620
131 125 0.04859350
131 123 0.00202299
131 129 0.00156301
131 119 0.00262664
131 121 0.09213760
131 124 0.02809230
136 128 0.00441389
136 125 0.41138700
136 126 0.03562170
136 133 0.00121351
136 132 0.00206979
136 129 0.03511210
136 130 0.09682730
136 127 0.02888910
136 131 0.00389035
136 124 0.00179404
10 10 0.29041400
10 7 0.00901582
135 127 0.01355570
135 131 0.00141497
135 130 0.00736256
135 124 0.37309100
135 126 0.07615340
135 128 0.04516320
135 123 0.00173516
135 125 0.06038710
135 132 0.00414175
135 129 0.11412300
100 96 0.04286840
100 94 0.00062606
100 95 0.22360500
100 100 0.02778470
100 93 0.00064496
100 97 0.00396729
67 66 0.13554000
67 65 0.00321029
67 67 0.00467418
8 8 0.28305000
113 106 0.13481700
113 105 0.00182823
113 112 0.01953560
113 108 0.28600800
113 103 0.00191722
113 104 0.00076302
113 109 0.00931914
113 107 0.00589649
113 110 0.00665960
158 145 0.90480100
158 146 0.01140430
158 147 0.00639919
158 149 0.01946350
158 148 0.02627810
124 120 0.02477700
124 115 0.01113060
124 116 0.01214420
124 119 0.03277190
124 112 0.00084223
124 114 0.08955350
124 118 0.12494900
124 121 0.04844090
124 117 0.06264950
124 113 0.05190580
53 53 0.31998000
53 52 0.66144200
26 26 0.90999200
40 39 0.06607020
40 40 0.28149200
151 146 0.00102236
151 139 0.02133640
151 138 0.47067300
32 32 0.31972100
32 31 0.04560810
139 136 0.00071887
139 130 0.07024710
139 131 0.00178311
139 127 0.00232248
139 128 0.66670600
139 132 0.00747415
139 129 0.00060782
122 120 0.02466750
122 115 0.08364630
122 116 0.05803350
122 110 0.00074575
122 111 0.03929220
122 119 0.13185100
122 112 0.04961050
122 118 0.04058770
122 114 0.01407250
122 113 0.00505135
122 117 0.09335150
103 99 0.05161930
103 95 0.00061175
103 103 0.00234472
103 98 0.37126600
103 100 0.01539090
115 113 0.02687600
115 114 0.01520350
115 108 0.17158100
115 112 0.11549100
115 105 0.02054560
115 106 0.00054402
115 110 0.29054000
115 107 0.00406964
115 111 0.10479800
115 109 0.00986432
115 104 0.00096908
104 99 0.12575400
104 101 0.01317700
104 100 0.05541860
104 102 0.00079710
104 104 0.01165760
56 56 0.23746600
56 55 0.55847000
56 54 0.00283563
36 35 0.12398900
36 36 0.56736600
130 122 0.00302043
130 120 0.12679300
130 125 0.01946470
130 123 0.12487000
130 119 0.21287000
130 127 0.02475570
130 124 0.15081500
130 121 0.00606698
130 118 0.00184947
59 57 0.00744298
59 58 0.21217400
59 59 0.11380600
27 27 0.90995000
129 127 0.00051072
129 117 0.00139960
129 121 0.00671734
129 124 0.01590660
129 118 0.20590000
129 122 0.16517700
129 126 0.01619780
129 123 0.06716490
129 120 0.00421727
129 119 0.16619800
123 115 0.01668870
123 120 0.09021310
123 111 0.00075328
123 119 0.02639470
123 116 0.06869970
123 112 0.04483790
123 117 0.08448440
123 113 0.05416360
123 121 0.02452390
123 118 0.06226680
123 114 0.01214320
95 92 0.01412650
95 90 0.07288760
95 95 0.00821638
95 91 0.66987300
95 94 0.00117204
34 34 0.86591900
34 33 0.05248380
83 81 0.11239600
83 80 0.00086441
83 79 0.00096165
83 82 0.31507700
79 77 0.07115730
79 78 0.47791100
79 76 0.00194424
55 53 0.00205258
55 55 0.23474800
55 54 0.68741500
152 142 0.00905787
152 139 0.26605000
152 147 0.00148666
152 140 0.00142481
152 143 0.00061658
116 112 0.09741120
116 108 0.00277230
116 106 0.02853010
116 105 0.00208440
116 113 0.11515100
116 114 0.02721840
116 115 0.01025450
116 107 0.00089818
116 111 0.17336400
116 110 0.00451523
116 109 0.16275700
18 18 0.93425800
64 64 0.03015590
64 62 0.00271341
64 63 0.89726600
61 61 0.08995020
61 60 0.02818390
61 59 0.00185305
23 23 0.65427700
54 54 0.30389200
54 52 0.00126851
54 53 0.64852700
11 11 0.93073700
42 42 0.27447700
42 41 0.62132800
46 46 0.31491900
46 45 0.58068600
1 1 0.97470400
109 105 0.14748800
109 106 0.12182700
109 101 0.00192797
109 107 0.00259555
109 109 0.00061030
109 104 0.48398200
109 103 0.00304263
109 102 0.01078440
146 134 0.32667000
45 44 0.58554700
45 45 0.31101900
62 60 0.00202582
62 62 0.07176100
62 61 0.85843200
28 28 0.90959000
126 121 0.02035080
126 117 0.00367733
126 114 0.00129575
126 118 0.00896441
126 119 0.06578370
126 116 0.16347200
126 122 0.01714340
126 115 0.17854000
126 120 0.19515800
126 123 0.01308180
70 68 0.02277140
70 70 0.00235575
70 69 0.94115000
134 129 0.01462430
134 125 0.05545480
134 123 0.28112200
134 128 0.01009600
134 122 0.00179321
134 126 0.01750600
134 124 0.04371830
134 131 0.01083140
134 127 0.06776540
73 71 0.06333950
73 73 0.00073830
73 72 0.79242300
153 140 0.11252000
153 144 0.00067235
153 148 0.00227871
74 73 0.03686600
74 72 0.19986800
71 70 0.71072700
71 71 0.00240166
71 69 0.02457180
107 100 0.00217847
107 107 0.01628920
107 104 0.08504930
107 103 0.18153200
107 102 0.50587000
107 99 0.00078964
107 105 0.00705595
107 106 0.00540684
107 101 0.00134069
6 6 0.07869290
87 86 0.06128300
87 85 0.37322100
87 82 0.00207758
87 84 0.00591825
87 83 0.03810710
33 33 0.72684600
33 32 0.04719460
9 9 0.11772000
19 19 0.93421300
19 18 0.00077090
58 58 0.03468380
58 56 0.00440470
58 57 0.72238100
37 36 0.38338800
37 37 0.34739300
128 118 0.17109100
128 117 0.20400300
128 121 0.16112100
128 124 0.00155852
128 125 0.00171694
128 123 0.01519940
128 120 0.01023850
128 122 0.05878900
128 126 0.00070963
128 116 0.00123985
128 119 0.00356696
99 95 0.03687120
99 99 0.02779370
99 94 0.36961600
99 96 0.03674960
148 136 0.11586300
148 138 0.00326063
148 135 0.00108205
156 143 0.06580810
156 147 0.00163403
156 151 0.00444101
101 96 0.37128300
101 101 0.02779070
101 97 0.16005200
101 98 0.04873680
101 95 0.00052120
81 80 0.16497800
81 79 0.14666300
81 78 0.00282092
29 29 0.90587900
14 11 0.00233431
14 14 0.11934300
14 12 0.00144371
147 135 0.27974800
147 138 0.00089165
147 134 0.00065169
98 95 0.00231686
98 98 0.02781070
98 93 0.27197300
98 94 0.28199000
119 109 0.03829820
119 116 0.13663400
119 111 0.00418305
119 110 0.00296406
119 107 0.00074311
119 115 0.06082630
119 114 0.28594500
119 118 0.00072451
119 117 0.02525180
119 113 0.00102725
119 112 0.20971200
119 108 0.02569600
92 87 0.00952461
92 89 0.03058930
92 91 0.06722660
92 92 0.00225262
92 88 0.67803900
92 90 0.01494070
138 127 0.59278500
138 130 0.00216793
138 131 0.01729320
138 129 0.05064110
138 132 0.00830943
138 135 0.00089193
138 126 0.00237383
138 128 0.00146647
75 74 0.46038100
75 73 0.21849300
142 130 0.03159510
142 131 0.45073300
142 132 0.00221103
142 129 0.00106616
142 133 0.00317471
142 138 0.00051757
142 139 0.00060534
85 82 0.02211210
85 84 0.23211900
85 83 0.16626700
85 81 0.04721040
52 52 0.33423000
52 51 0.01901720
145 133 0.01128520
118 115 0.12519500
118 107 0.02336980
118 110 0.00444522
118 111 0.20489800
118 109 0.00400603
118 116 0.02541540
118 112 0.00063001
118 108 0.03705240
118 106 0.00074905
118 117 0.00220037
118 113 0.31750200
118 114 0.06730300
21 21 0.93555000
68 67 0.22250800
68 68 0.00289647
68 66 0.00510425
25 25 0.79844200
88 84 0.00428336
88 87 0.14131400
88 83 0.00427191
88 86 0.21088400
88 85 0.25174700
4 3 0.00246561
4 2 0.00061532
4 4 0.95407300
4 1 0.01410980
47 47 0.31874400
47 46 0.57679000
43 42 0.62175800
43 43 0.27399800
72 70 0.03682930
72 72 0.00339977
72 71 0.89114300
66 64 0.00319524
66 65 0.09344820
66 66 0.02369400
51 50 0.45043500
51 51 0.23695700
17 17 0.02197290
31 31 0.86390400
31 30 0.02505610
63 61 0.00265467
63 63 0.05111380
63 62 0.87649900
121 115 0.03098120
121 116 0.12366300
121 109 0.00076955
121 110 0.03747150
121 119 0.00172274
121 111 0.05035710
121 112 0.00381318
121 114 0.12453400
121 118 0.14110500
121 113 0.01308650
121 117 0.05433240
3 2 0.00187604
3 3 0.95486700
3 1 0.00082509
94 90 0.76222900
94 93 0.00724947
94 92 0.00690056
94 91 0.00406907
94 94 0.02857020
94 89 0.05295670
155 142 0.92857500
155 145 0.03046120
155 146 0.00090498
155 150 0.00930006
30 29 0.00412293
30 30 0.88492200
77 76 0.01889860
77 75 0.06523230
110 104 0.00438149
110 103 0.03482210
110 102 0.00273458
110 107 0.09490090
110 110 0.01269950
110 109 0.00071890
110 108 0.00337143
110 105 0.44286100
110 106 0.01507850
111 106 0.19940600
111 105 0.00265442
111 108 0.00842044
111 109 0.00155574
111 107 0.00914300
111 111 0.00061073
111 110 0.00227154
111 103 0.00275643
111 104 0.04170810
132 127 0.00277229
132 130 0.00056647
132 121 0.29133800
132 124 0.00460937
132 122 0.05233990
132 126 0.03396750
132 125 0.02718710
132 123 0.00837771
132 120 0.00274810
132 129 0.02901980
102 97 0.31379000
102 98 0.02904670
102 102 0.02777930
102 99 0.02621600
102 96 0.00052896
102 94 0.00055289
60 60 0.09550650
60 59 0.02778370
60 58 0.00076072
89 87 0.29912000
89 84 0.00105988
89 85 0.10399200
89 86 0.13807000
89 88 0.07750090
20 20 0.93484300
112 106 0.00190547
112 105 0.05441170
112 108 0.01511050
112 109 0.01159320
112 111 0.00057308
112 107 0.30296700
112 102 0.00078098
112 104 0.00531783
96 96 0.00114667
96 91 0.18167200
96 93 0.00152306
96 92 0.52634100
