48 48 0.73796275
25 25 0.50452290
59 59 0.81279966
135 134 0.00144029
135 135 0.52850095
46 46 0.75666656
32 32 0.42872815
35 36 0.00063299
35 35 0.76533288
108 108 0.74535456
69 69 0.69523545
58 58 0.47115308
89 89 0.72676041
33 33 0.51492822
114 114 0.76196343
43 43 0.69642076
45 45 0.74023396
93 93 0.87322539
26 26 0.58430928
73 73 0.39765083
22 22 0.91922390
154 155 0.00120020
154 154 0.50797960
154 156 0.00136508
107 107 0.75424992
52 53 0.00107299
52 52 0.70182232
60 60 0.42347758
139 140 0.00179229
139 139 0.80543578
139 138 0.10753107
139 141 0.00635371
11 11 0.84233854
147 146 0.00112422
147 147 0.50267286
147 149 0.02877111
31 31 0.59476238
125 125 0.39580870
16 16 0.78648753
101 101 0.85133202
56 56 0.60124799
138 138 0.87847666
138 137 0.10761577
138 140 0.00118806
61 61 0.37832637
87 87 0.63914562
103 103 0.79111576
1 1 0.87538177
34 34 0.59028117
8 8 0.42123463
15 15 0.96677960
113 113 0.74987772
144 144 0.40201897
144 143 0.00117996
55 56 0.00118530
55 55 0.61119504
123 123 0.92304335
123 122 0.00058369
134 134 0.31631593
134 133 0.00788757
142 144 0.06497682
142 141 0.00431574
142 142 0.40384185
80 80 0.68793191
2 2 0.08499200
78 78 0.55137117
44 44 0.73155406
18 18 0.45570464
106 106 0.74328274
155 155 0.64293239
155 157 0.00063765
64 64 0.54541400
95 95 0.74168772
159 159 0.10476335
47 47 0.75246981
133 133 0.48647051
133 132 0.01990170
57 57 0.67043096
99 99 0.87775118
148 147 0.00117891
148 150 0.01286705
148 148 0.52547205
126 126 0.66319437
70 70 0.37596586
150 152 0.05164437
150 150 0.56785111
65 65 0.53293396
117 117 0.68117846
116 116 0.84838191
76 76 0.57039986
28 28 0.74225734
112 112 0.78043719
54 55 0.00124422
54 54 0.57662297
127 127 0.60038220
129 129 0.49742673
129 128 0.00626721
122 122 0.91653503
122 121 0.00078668
140 142 0.05669355
140 141 0.01466327
140 139 0.10752590
140 140 0.65649768
130 130 0.50960309
130 129 0.00097374
63 63 0.55237391
92 92 0.96899097
128 128 0.49123876
149 149 0.41947943
149 151 0.02835665
149 148 0.00108740
105 105 0.74427489
68 68 0.85013792
21 21 0.94067778
90 90 0.87351104
152 152 0.70910266
152 153 0.00407850
152 154 0.02027040
143 145 0.14554189
143 142 0.10698703
143 144 0.00918762
143 143 0.35861618
136 136 0.52631004
136 135 0.06637303
9 9 0.70724527
94 94 0.84269138
96 96 0.66428521
71 71 0.60640961
131 130 0.03581901
131 131 0.54687321
124 124 0.62947167
158 158 0.42872664
118 118 0.56457810
81 81 0.66821560
104 104 0.85488471
109 109 0.78509513
102 102 0.79423049
53 54 0.00126383
53 53 0.78609083
82 82 0.65988055
88 88 0.64406115
23 23 0.35539543
49 49 0.76914184
50 50 0.54090426
79 79 0.58595510
91 91 0.91838602
100 100 0.74080978
40 40 0.75013140
7 7 0.58410585
97 97 0.70504773
20 20 0.75289062
153 153 0.52629454
153 155 0.00196715
3 3 0.67844439
10 10 0.62154794
5 5 0.41562942
36 36 0.82229945
36 37 0.00091761
36 35 0.00138161
77 77 0.80355797
86 86 0.60168238
74 74 0.39369299
41 41 0.90227282
146 148 0.00739614
146 145 0.00830101
146 146 0.49018190
145 144 0.00134646
145 147 0.04416883
145 145 0.70165073
72 72 0.46595555
27 27 0.75445642
39 39 0.65394100
62 62 0.50648446
12 12 0.75361432
110 110 0.70170274
6 6 0.52351898
151 151 0.57170479
151 152 0.00631208
151 153 0.04460645
75 75 0.80952805
17 17 0.53002765
66 66 0.80716771
132 132 0.51022706
119 119 0.70328341
115 115 0.76268417
51 51 0.68891567
4 4 0.77625114
14 14 0.71636709
120 120 0.72174055
30 30 0.83177233
156 156 0.54332353
37 36 0.00136226
37 37 0.79104453
137 136 0.00440225
137 137 0.82040316
13 13 0.74424010
67 67 0.75616125
29 29 0.84901942
121 121 0.88271875
84 84 0.59695333
98 98 0.80399030
24 24 0.45411351
42 42 0.77078388
19 19 0.46271443
85 85 0.71334846
160 160 0.99904987
111 111 0.84201494
141 141 0.38401388
141 142 0.00857481
141 143 0.00307472
141 140 0.09689801
157 157 0.63936845
83 83 0.86983772
38 38 0.62613624
38 37 0.00077230
