105 105 0.74427489
128 128 0.49123876
128 129 0.00626721
149 147 0.02877111
149 149 0.41947943
92 92 0.96899097
63 63 0.55237391
130 131 0.03581901
130 130 0.50960309
129 129 0.49742673
129 130 0.00097374
122 123 0.00058369
122 122 0.91653503
140 141 0.09689801
140 138 0.00118806
140 139 0.00179229
140 140 0.65649768
118 118 0.56457810
81 81 0.66821560
124 124 0.62947167
158 158 0.42872664
71 71 0.60640961
131 131 0.54687321
9 9 0.70724527
94 94 0.84269138
96 96 0.66428521
136 137 0.00440225
136 136 0.52631004
143 144 0.00117996
143 143 0.35861618
143 141 0.00307472
152 151 0.00631208
152 150 0.05164437
152 152 0.70910266
68 68 0.85013792
90 90 0.87351104
21 21 0.94067778
97 97 0.70504773
7 7 0.58410585
40 40 0.75013140
91 91 0.91838602
100 100 0.74080978
50 50 0.54090426
79 79 0.58595510
23 23 0.35539543
49 49 0.76914184
82 82 0.65988055
53 53 0.78609083
53 52 0.00107299
88 88 0.64406115
109 109 0.78509513
104 104 0.85488471
102 102 0.79423049
72 72 0.46595555
41 41 0.90227282
145 143 0.14554189
145 145 0.70165073
145 146 0.00830101
146 146 0.49018190
146 147 0.00112422
74 74 0.39369299
5 5 0.41562942
86 86 0.60168238
77 77 0.80355797
36 35 0.00063299
36 37 0.00136226
36 36 0.82229945
10 10 0.62154794
20 20 0.75289062
3 3 0.67844439
153 153 0.52629454
153 152 0.00407850
153 151 0.04460645
110 110 0.70170274
12 12 0.75361432
62 62 0.50648446
39 39 0.65394100
27 27 0.75445642
14 14 0.71636709
4 4 0.77625114
51 51 0.68891567
119 119 0.70328341
115 115 0.76268417
17 17 0.53002765
66 66 0.80716771
132 132 0.51022706
132 133 0.01990170
151 151 0.57170479
151 149 0.02835665
75 75 0.80952805
6 6 0.52351898
84 84 0.59695333
29 29 0.84901942
121 122 0.00078668
121 121 0.88271875
67 67 0.75616125
13 13 0.74424010
156 154 0.00136508
156 156 0.54332353
137 137 0.82040316
137 138 0.10761577
37 37 0.79104453
37 38 0.00077230
37 36 0.00091761
30 30 0.83177233
120 120 0.72174055
83 83 0.86983772
38 38 0.62613624
157 157 0.63936845
157 155 0.00063765
141 140 0.01466327
141 139 0.00635371
141 142 0.00431574
141 141 0.38401388
111 111 0.84201494
19 19 0.46271443
85 85 0.71334846
160 160 0.99904987
98 98 0.80399030
42 42 0.77078388
24 24 0.45411351
46 46 0.75666656
135 136 0.06637303
135 135 0.52850095
59 59 0.81279966
25 25 0.50452290
48 48 0.73796275
58 58 0.47115308
69 69 0.69523545
108 108 0.74535456
35 35 0.76533288
35 36 0.00138161
32 32 0.42872815
154 152 0.02027040
154 154 0.50797960
22 22 0.91922390
73 73 0.39765083
26 26 0.58430928
45 45 0.74023396
93 93 0.87322539
43 43 0.69642076
89 89 0.72676041
33 33 0.51492822
114 114 0.76196343
125 125 0.39580870
31 31 0.59476238
11 11 0.84233854
147 145 0.04416883
147 147 0.50267286
147 148 0.00117891
139 139 0.80543578
139 140 0.10752590
107 107 0.75424992
52 52 0.70182232
60 60 0.42347758
15 15 0.96677960
113 113 0.74987772
1 1 0.87538177
8 8 0.42123463
34 34 0.59028117
61 61 0.37832637
87 87 0.63914562
103 103 0.79111576
138 138 0.87847666
138 139 0.10753107
56 55 0.00118530
56 56 0.60124799
101 101 0.85133202
16 16 0.78648753
106 106 0.74328274
155 154 0.00120020
155 155 0.64293239
155 153 0.00196715
64 64 0.54541400
95 95 0.74168772
78 78 0.55137117
18 18 0.45570464
44 44 0.73155406
2 2 0.08499200
134 135 0.00144029
134 134 0.31631593
142 143 0.10698703
142 140 0.05669355
142 141 0.00857481
142 142 0.40384185
80 80 0.68793191
123 123 0.92304335
144 143 0.00918762
144 144 0.40201897
144 145 0.00134646
144 142 0.06497682
55 55 0.61119504
55 54 0.00124422
70 70 0.37596586
150 148 0.01286705
150 150 0.56785111
126 126 0.66319437
148 148 0.52547205
148 146 0.00739614
148 149 0.00108740
99 99 0.87775118
159 159 0.10476335
47 47 0.75246981
57 57 0.67043096
133 133 0.48647051
133 134 0.00788757
127 127 0.60038220
54 53 0.00126383
54 54 0.57662297
28 28 0.74225734
112 112 0.78043719
117 117 0.68117846
76 76 0.57039986
116 116 0.84838191
65 65 0.53293396
