9 135 10 153 0.15849726
9 135 9 154 0.48589811
9 138 9 154 0.07119132
9 138 8 155 0.00512567
17 126 18 144 0.00192526
17 126 18 145 0.00117985
17 126 20 143 0.00075557
17 126 19 144 0.00499108
17 126 17 146 0.03083886
17 125 19 144 0.00084671
17 125 17 146 0.26235369
17 125 18 145 0.01916239
17 125 20 142 0.00065584
17 125 20 143 0.02561765
69 103 73 112 0.13772048
69 103 75 110 0.00960863
69 103 72 113 0.25977388
69 103 74 111 0.02513729
8 138 8 155 0.00405016
8 135 9 154 0.00102501
8 135 8 155 0.00184564
29 61 32 63 0.00050214
29 60 32 63 0.03036360
117 127 129 141 0.01386059
117 127 130 140 0.00390448
19 123 22 141 0.00614620
19 123 20 143 0.02033088
19 123 20 142 0.00108352
19 123 25 141 0.00376810
19 123 19 144 0.18650165
19 123 21 141 0.00151768
42 48 46 51 0.00074606
42 51 42 54 0.25020305
42 51 43 53 0.00548219
34 55 37 58 0.03322980
34 57 35 60 0.00087906
34 57 34 60 0.00974504
34 57 34 61 0.02509579
34 57 34 62 0.00093666
34 59 34 61 0.00065619
34 59 34 62 0.06098561
113 117 125 137 0.00155630
113 117 132 138 0.00052132
113 117 129 133 0.00056221
23 118 24 138 0.00072979
23 119 25 137 0.00090182
23 119 25 136 0.00083153
23 119 23 140 0.08724730
23 119 23 139 0.21795148
23 119 23 138 0.00730646
23 119 26 136 0.00089262
23 119 26 137 0.00800046
23 119 26 135 0.01219563
23 119 24 138 0.00138631
23 119 24 139 0.00064432
82 90 88 100 0.20837028
82 90 90 98 0.00084771
82 90 89 99 0.00916838
82 91 88 100 0.00580632
82 91 87 101 0.00054014
82 92 89 99 0.20823970
82 92 88 100 0.08372743
82 92 87 101 0.00425160
26 118 26 136 0.00092860
26 116 28 133 0.00365025
26 116 29 132 0.02423352
26 116 27 134 0.04017847
26 116 26 135 0.03773510
26 116 26 137 0.00300449
26 116 26 130 0.00496463
26 116 26 136 0.15120641
26 116 32 134 0.00584902
111 115 127 135 0.00707833
111 115 127 131 0.00059349
111 115 128 134 0.00078447
111 115 126 135 0.00067867
111 115 129 133 0.00357171
111 115 129 135 0.01073689
111 120 127 135 0.00313055
111 120 125 136 0.00179057
80 94 87 101 0.25737619
80 94 85 104 0.00203999
80 94 85 103 0.00512634
80 94 86 103 0.00702826
80 94 86 102 0.08795366
80 94 86 101 0.00350597
5 138 5 157 0.01145310
5 138 5 156 0.03342363
5 138 6 156 0.00209376
81 91 87 101 0.22278234
81 91 88 100 0.00786788
81 92 86 102 0.00071735
81 92 87 102 0.00280458
81 92 87 101 0.00493138
81 93 87 101 0.08776965
81 93 87 102 0.00164638
81 93 85 103 0.00057414
81 93 88 100 0.25442054
81 93 86 102 0.00491632
36 59 36 59 0.00084473
36 57 36 59 0.00271616
36 54 36 59 0.00392193
36 53 39 56 0.03040780
36 53 40 56 0.00124610
36 46 40 56 0.00129070
36 46 37 58 0.00533509
36 46 41 55 0.00100273
36 46 42 54 0.00169260
36 46 43 53 0.00503191
36 55 36 59 0.07049351
36 55 37 58 0.00358585
72 100 77 108 0.03841825
72 100 75 110 0.23705360
72 100 76 109 0.14190960
72 100 78 107 0.00971646
86 91 92 97 0.01085416
18 124 24 142 0.00319850
18 124 18 144 0.02457067
18 124 18 145 0.27943397
18 124 20 143 0.00093667
18 124 20 142 0.00398537
18 124 19 144 0.01926980
18 124 21 141 0.00094881
118 126 131 139 0.00297749
118 126 130 140 0.00494982
44 49 46 51 0.00860974
44 49 45 52 0.00244801
44 49 44 50 0.00100612
44 49 44 52 0.43483284
33 48 39 56 0.00090156
33 48 34 60 0.00206099
33 111 32 129 0.00097389
33 111 33 128 0.11267210
33 111 33 130 0.00433770
33 111 33 132 0.00097883
22 123 25 141 0.02024471
22 123 24 142 0.00055659
22 123 22 141 0.00418439
22 123 22 144 0.00954299
22 119 25 137 0.00126420
22 119 23 139 0.00124746
24 116 27 134 0.00175999
24 118 28 136 0.00075405
24 118 30 136 0.00211524
24 118 24 139 0.05768395
24 118 24 138 0.26067085
24 118 26 135 0.00261526
24 118 27 134 0.03221290
24 118 25 137 0.00066749
24 118 25 136 0.01535825
63 109 68 120 0.01232544
63 109 68 117 0.00556826
63 109 66 122 0.04572790
63 109 67 121 0.03889731
43 50 45 52 0.00203371
43 50 44 52 0.00457553
43 50 43 53 0.47511018
112 117 132 138 0.00240244
112 119 126 135 0.00079699
112 119 128 134 0.00786981
28 116 28 135 0.00089526
28 116 28 133 0.00187052
28 116 28 128 0.00058650
28 116 28 137 0.00065033
28 116 28 136 0.01028062
28 55 33 62 0.00052326
40 53 41 55 0.00703572
40 53 40 56 0.41158291
13 134 12 151 0.00640241
13 134 13 150 0.05344590
62 111 66 122 0.00758940
62 111 65 123 0.00898268
6 138 6 157 0.07853681
6 138 6 156 0.02364682
6 138 7 156 0.00742339
6 140 6 157 0.00073467
75 98 77 108 0.00109560
75 98 81 107 0.01490657
75 98 78 107 0.00450862
75 97 81 107 0.01624496
75 97 78 107 0.07915025
70 102 75 110 0.03811137
70 102 73 112 0.14136651
70 102 74 111 0.14337562
70 102 76 109 0.01161251
38 54 39 56 0.00654215
38 54 38 57 0.46925791
38 44 43 53 0.00057380
38 44 39 56 0.00649402
38 44 44 52 0.00160681
38 44 42 54 0.00082288
38 51 41 54 0.01009890
38 51 42 54 0.00075641
7 138 7 156 0.06789943
7 140 7 156 0.00958538
25 119 25 137 0.00333308
25 119 25 136 0.00071757
25 117 27 134 0.00354800
25 117 29 135 0.00077433
25 117 26 135 0.02332580
25 117 26 137 0.00062928
25 117 26 136 0.00052026
25 117 30 135 0.00083482
25 117 28 133 0.02985839
25 117 31 135 0.00339237
25 117 25 137 0.27512968
25 117 25 136 0.03300873
25 117 25 131 0.00566987
37 45 43 53 0.00104446
37 45 44 52 0.00455322
37 45 41 55 0.00132293
37 45 42 54 0.00060357
37 45 38 57 0.00567412
37 54 37 58 0.01014338
37 54 38 57 0.00163594
79 95 86 102 0.13893985
79 95 85 102 0.00505138
79 95 85 103 0.05219632
79 95 85 104 0.00635071
79 92 85 102 0.00289960
79 93 86 102 0.00311662
79 93 85 103 0.14701246
35 55 36 59 0.00063270
35 55 37 58 0.00057381
35 55 35 60 0.00361619
35 54 38 57 0.02870851
35 57 35 61 0.00295561
35 57 35 60 0.12994949
35 57 36 59 0.00146883
68 104 73 112 0.03618866
68 104 71 114 0.06688856
68 104 72 113 0.14335895
68 104 74 111 0.00264979
3 140 3 158 0.18878392
3 142 3 158 0.00191658
3 142 3 160 0.07119893
105 112 125 132 0.00100756
83 89 89 99 0.16457541
83 89 90 98 0.00518563
65 106 69 117 0.00153538
65 106 69 118 0.00063021
65 106 69 116 0.00163430
65 106 69 115 0.11304840
65 106 68 120 0.03481480
65 106 68 117 0.00843122
65 106 68 116 0.08341327
65 106 68 118 0.00069049
65 106 70 119 0.00124953
65 106 70 114 0.02937849
65 106 71 114 0.00252741
64 107 67 121 0.08343234
64 107 70 119 0.03398046
64 107 68 118 0.00294899
64 107 68 116 0.07394806
64 107 68 117 0.00219311
64 107 68 120 0.00780013
64 107 69 115 0.01485173
64 107 69 118 0.00177856
84 89 91 96 0.22310473
84 89 92 97 0.00112675
84 89 90 98 0.00262872
27 115 27 134 0.04262296
27 115 27 129 0.00468508
27 115 29 132 0.00352136
27 115 33 133 0.00385369
27 115 28 133 0.02895563
27 115 28 135 0.00050105
27 115 30 131 0.03504020
27 115 30 133 0.00119327
27 113 27 134 0.00111187
2 141 2 159 0.14954378
21 124 24 142 0.02459956
21 124 20 143 0.00113049
21 124 21 141 0.00172336
21 124 21 145 0.00749648
58 117 62 129 0.00102680
58 108 61 126 0.01986312
58 108 61 127 0.00235506
58 108 62 126 0.00199310
58 108 62 125 0.01049487
20 125 20 143 0.00418194
20 125 20 146 0.00206766
20 125 20 142 0.00223506
20 125 23 143 0.00289707
20 125 19 144 0.00115596
20 121 23 139 0.00070873
20 121 20 142 0.01356639
20 121 21 141 0.01086698
20 122 21 141 0.00122823
20 122 23 139 0.00087665
20 122 23 140 0.00366477
20 122 22 141 0.00074043
20 122 20 142 0.02727779
20 122 20 143 0.22971688
11 133 12 151 0.08728199
11 133 11 153 0.00384978
11 133 13 150 0.00090358
11 136 10 153 0.00743329
11 132 12 151 0.00203146
11 132 11 153 0.00187345
4 140 4 157 0.00143600
4 138 4 157 0.02913394
119 125 132 138 0.00336800
119 125 131 139 0.00280523
12 135 12 151 0.03916594
12 132 12 151 0.23299701
12 132 13 150 0.14420077
12 132 14 149 0.00077016
12 131 13 150 0.00956440
12 131 12 151 0.00618897
106 111 126 131 0.00207900
30 59 33 62 0.02432455
30 60 32 63 0.00167621
73 100 76 109 0.00210773
73 99 76 109 0.24773698
73 99 78 107 0.03416776
73 99 77 108 0.13545248
10 134 11 153 0.00096107
10 134 10 153 0.32788582
10 134 12 151 0.00091987
10 137 9 154 0.00742319
10 137 10 153 0.02865489
39 50 43 53 0.00259113
39 50 42 53 0.02405649
66 105 69 115 0.19470153
66 105 69 116 0.00710665
66 105 69 118 0.00239621
66 105 69 117 0.00115039
66 105 72 113 0.00313102
66 105 70 114 0.03319163
66 105 70 119 0.00084921
31 57 34 60 0.00094195
31 59 34 62 0.00279371
31 59 33 62 0.00130461
31 59 32 63 0.00243395
41 49 45 52 0.00144138
41 49 44 52 0.02943185
41 52 42 54 0.01052412
41 52 41 55 0.51044274
32 112 33 132 0.00064837
32 112 31 130 0.00093116
32 112 32 129 0.05707735
32 49 38 57 0.00135662
32 49 39 56 0.00246703
32 49 33 61 0.00203957
32 58 35 61 0.02290771
32 58 35 60 0.00072863
32 58 33 62 0.00201358
32 58 34 61 0.00216462
32 58 32 63 0.06441180
71 101 76 109 0.02606955
71 101 74 111 0.17571487
71 101 75 110 0.14326312
71 101 77 108 0.00841153
67 105 73 112 0.00196738
67 105 70 119 0.00434082
67 105 72 113 0.03707938
67 105 71 114 0.04749693
67 104 70 114 0.14543948
67 104 73 112 0.00261645
110 121 126 136 0.00237114
74 99 76 109 0.00068004
74 99 77 108 0.00549798
