61 92 73 99 0.00158506
61 92 71 101 0.00143688
61 92 72 100 0.00303036
26 53 35 57 0.00052371
26 53 30 59 0.00081782
26 53 44 68 0.01784345
26 53 32 58 0.00336470
26 53 43 69 0.00148969
26 116 26 116 0.11351305
26 116 27 115 0.02611313
26 116 27 113 0.00065327
26 116 24 116 0.00092298
26 116 24 118 0.01763241
26 116 25 117 0.00185729
26 57 44 68 0.00330854
26 57 26 57 0.02461700
48 94 48 94 0.01484437
34 48 38 54 0.00367371
34 48 41 52 0.20564459
34 48 40 53 0.01495965
34 48 35 57 0.01185520
23 62 35 77 0.00106012
23 62 36 76 0.00109297
23 120 23 119 0.00067913
23 120 24 118 0.10308605
23 120 25 117 0.00528686
23 56 41 71 0.02910409
23 56 31 59 0.00085814
23 56 32 58 0.00133554
23 56 40 72 0.00227094
42 51 42 51 0.00913193
117 127 117 127 0.00451054
19 63 35 77 0.00280815
19 61 36 76 0.00989006
19 123 19 123 0.09765536
19 123 22 123 0.00094615
19 124 18 124 0.00207047
19 124 20 121 0.00903860
19 124 20 125 0.00164686
19 124 20 122 0.01853334
19 124 17 125 0.00054506
19 124 19 123 0.00104700
8 136 8 135 0.00082691
8 136 8 138 0.00090371
8 136 9 138 0.07146474
8 136 9 135 0.36340948
8 136 10 137 0.00712154
29 55 29 55 0.01248017
29 55 30 59 0.00053907
29 54 29 54 0.02228067
29 54 47 65 0.00614645
29 54 46 66 0.00131082
29 54 34 57 0.00056149
29 45 29 45 0.04914867
29 51 36 55 0.00097811
60 95 69 103 0.06784435
60 95 66 105 0.00080891
60 95 67 105 0.00963655
60 95 68 104 0.03751162
60 92 72 100 0.00092194
60 92 71 101 0.00051716
69 85 79 95 0.00860729
69 85 79 93 0.06556860
69 85 81 91 0.00118212
69 85 80 94 0.00147751
104 113 112 119 0.00121462
104 113 113 117 0.00189059
104 113 111 115 0.00376372
104 113 111 120 0.01713001
104 114 104 114 0.07279133
17 63 34 78 0.00185828
17 63 35 77 0.00457807
9 135 9 135 0.33837531
9 135 9 138 0.00871026
9 135 10 137 0.03764564
9 135 10 134 0.25437006
9 135 11 136 0.00870619
24 119 25 117 0.02767685
24 118 26 116 0.00073785
24 118 24 118 0.11526741
24 118 25 117 0.00823025
24 61 36 76 0.00084551
24 55 32 58 0.00120387
24 55 41 71 0.00137418
24 55 31 59 0.04455604
24 55 30 60 0.00072836
24 55 28 61 0.00052436
63 92 70 102 0.01056670
63 92 72 100 0.06593387
63 92 71 101 0.03957752
63 92 69 103 0.00316156
33 51 34 57 0.00076202
33 51 34 55 0.00052370
33 51 33 51 0.00522940
33 41 33 41 0.08529433
33 41 38 54 0.00208162
33 48 51 62 0.00915486
33 48 35 54 0.00073722
33 48 34 57 0.00224420
33 48 34 55 0.00108137
33 48 33 48 0.02239317
33 48 50 63 0.00125278
33 48 41 52 0.00092646
33 48 36 53 0.00152714
33 48 38 54 0.01129301
33 48 40 53 0.00208651
33 46 33 46 0.00233204
33 111 33 111 0.00275775
22 123 22 123 0.02321053
22 63 35 77 0.00617655
22 57 40 72 0.02465260
22 57 31 59 0.00083686
44 99 44 99 0.02129070
44 49 44 49 0.01728647
100 116 110 121 0.00170023
100 116 108 122 0.00276643
100 116 107 123 0.01894593
100 116 107 118 0.00562774
100 116 111 120 0.02690450
100 116 105 120 0.00373233
100 116 112 119 0.00146715
100 116 106 119 0.00244349
100 119 110 121 0.00075991
100 117 100 117 0.03224993
18 64 34 78 0.00149651
18 124 21 124 0.00131619
18 124 20 122 0.00101056
18 124 18 124 0.07014719
118 126 118 126 0.01108242
36 108 36 108 0.00152601
36 46 43 50 0.21656271
36 46 41 52 0.02013635
36 46 36 55 0.00071802
36 46 36 46 0.03319763
36 46 39 50 0.00057718
36 46 40 53 0.02566910
36 46 42 51 0.01763721
36 46 37 54 0.00212768
36 46 34 55 0.00786638
72 83 81 91 0.01436162
72 83 81 92 0.00081016
72 83 81 93 0.08750451
72 83 80 94 0.04587787
72 83 79 93 0.00053723
72 83 79 95 0.02176306
72 83 82 91 0.00179796
72 83 82 92 0.02497176
72 83 82 90 0.12468154
5 140 5 140 0.07421650
5 140 6 140 0.00051563
5 138 5 138 0.07575458
5 138 6 138 0.00129893
81 93 81 93 0.03535100
80 94 80 94 0.03293017
99 117 110 121 0.04575476
99 117 108 122 0.01146835
99 117 107 123 0.00335629
99 117 111 120 0.00072548
99 117 105 120 0.00108415
99 117 106 119 0.00568932
99 117 106 124 0.01903848
99 117 104 121 0.00726618
46 97 46 97 0.01299227
62 93 69 103 0.01394496
62 93 68 104 0.00169959
62 93 70 102 0.07934515
62 93 71 101 0.09845584
62 91 72 100 0.00245708
62 91 73 99 0.00475389
62 91 70 102 0.00065983
6 140 6 140 0.01069395
6 138 7 138 0.00496539
6 138 7 140 0.00149985
6 138 6 140 0.00051785
6 138 6 138 0.06705956
59 96 67 105 0.02686961
59 96 67 104 0.00076203
59 96 65 106 0.00163891
59 96 68 104 0.03764735
59 93 70 102 0.00164532
59 93 71 101 0.00200832
13 131 13 134 0.00995111
13 131 12 132 0.00268470
47 96 47 96 0.02184600
40 103 40 103 0.00311428
40 53 40 53 0.00583727
28 46 32 58 0.00095618
28 46 28 46 0.03759533
28 55 30 59 0.00055208
28 55 46 66 0.00833945
28 55 28 55 0.03395500
28 55 32 58 0.00111802
28 55 45 67 0.00107923
28 51 35 55 0.00154169
28 51 35 57 0.01472772
96 121 96 121 0.00768163
96 121 107 123 0.00068941
96 120 105 125 0.00072024
96 120 106 124 0.00133157
96 120 107 123 0.00830522
96 120 103 122 0.00052958
96 125 96 125 0.00863573
96 122 107 123 0.06266892
96 122 103 122 0.00399603
96 122 102 124 0.00071751
96 122 106 124 0.01005287
96 122 104 126 0.00220322
96 122 105 125 0.00543471
43 50 43 50 0.01767380
43 100 43 100 0.00636093
93 126 104 126 0.00155588
93 125 104 126 0.07201042
93 127 93 127 0.00528980
93 127 104 126 0.00086478
93 97 93 97 0.01282540
93 106 93 106 0.00151526
35 47 42 51 0.12831454
35 47 41 52 0.03934396
35 47 36 55 0.01656106
35 47 38 54 0.00690981
35 47 40 53 0.01229598
35 47 54 62 0.01018576
37 46 41 52 0.00051710
37 46 37 46 0.00406480
37 45 44 49 0.19666766
37 45 41 49 0.00582111
37 45 41 52 0.02759000
37 45 42 51 0.00667207
37 45 38 54 0.10559270
37 45 37 45 0.03169220
37 45 43 50 0.02031799
37 45 35 54 0.00735458
25 54 29 60 0.00110871
25 54 43 69 0.01360098
25 54 32 58 0.06926856
25 54 31 59 0.00275029
25 117 25 117 0.09021678
25 117 27 115 0.00092541
25 117 26 116 0.01760606
25 117 24 118 0.00121554
25 117 23 119 0.00507072
16 64 34 78 0.00235174
16 124 16 124 0.00721173
16 124 20 122 0.00061565
53 100 65 106 0.00139315
45 98 45 98 0.02941157
7 138 8 138 0.00298158
7 138 6 138 0.00057945
7 138 7 138 0.04173186
7 138 7 140 0.00348961
7 140 7 140 0.00547100
38 44 36 53 0.00837583
38 44 38 54 0.00146538
38 44 38 44 0.03695367
38 44 42 51 0.00774082
38 44 41 49 0.00157431
38 44 44 49 0.02199358
38 44 43 50 0.01024776
38 45 38 45 0.00471987
38 45 44 49 0.00198733
38 45 41 52 0.00084268
3 142 3 142 0.03566459
3 140 3 140 0.12585521
3 140 3 142 0.00230873
94 124 94 124 0.00505103
94 124 105 125 0.07631743
94 124 104 126 0.01165993
94 124 101 125 0.00348474
94 105 94 105 0.00288486
68 86 79 93 0.00193303
68 86 79 95 0.00078276
49 93 49 93 0.01369223
20 124 21 124 0.00074407
20 61 36 76 0.00052034
20 123 20 121 0.00225957
20 123 21 124 0.00065263
58 63 58 63 0.02943894
95 123 102 124 0.00193894
95 123 105 125 0.00865340
95 123 106 124 0.05339340
95 123 104 126 0.00990976
95 123 101 125 0.00083561
98 119 98 119 0.09194600
98 118 103 122 0.00377790
98 118 107 123 0.01441712
98 118 108 122 0.00531691
98 118 110 121 0.00076111
98 118 106 124 0.00324047
98 118 104 121 0.00116430
98 118 105 120 0.00473171
98 118 105 125 0.01591784
2 141 2 141 0.15454079
21 61 36 76 0.00088388
21 123 22 123 0.00203837
21 123 23 119 0.00116208
21 123 19 123 0.00196982
21 124 21 124 0.03231587
123 130 123 130 0.00624077
123 130 124 129 0.00058244
27 115 27 115 0.08156262
27 115 26 116 0.00171812
27 115 28 116 0.00115462
27 115 25 117 0.01564950
27 47 27 47 0.00552917
27 47 31 59 0.00061282
27 47 32 58 0.00079554
27 56 27 56 0.02224877
27 56 32 58 0.00059065
27 56 44 68 0.00194437
27 56 31 59 0.00076758
27 56 45 67 0.00314250
27 52 34 57 0.00796760
27 52 35 57 0.00053895
27 52 32 58 0.00052359
27 52 44 68 0.00124455
65 89 72 100 0.01351017
65 89 71 101 0.00241264
65 89 75 98 0.00179616
65 89 75 97 0.02618316
65 89 73 99 0.04444172
65 89 74 99 0.00154107
135 139 135 139 0.00705023
64 90 74 99 0.00233909
64 90 70 102 0.00328401
64 90 73 100 0.00055632
64 90 73 99 0.11905497
64 90 72 100 0.05302220
64 90 71 101 0.01150576
97 124 97 124 0.00627343
105 112 111 115 0.00061086
105 112 105 112 0.12774718
105 112 112 119 0.01393316
103 114 110 121 0.01758533
103 114 103 114 0.10049667
103 114 111 120 0.00228757
91 129 91 129 0.01625420
91 99 91 99 0.03645233
30 53 35 57 0.00100228
30 53 30 53 0.01888557
30 53 47 65 0.00050915
30 54 30 54 0.01154210
30 54 34 57 0.00072536
30 44 30 44 0.06348267
30 51 37 54 0.00179709
30 51 36 55 0.00454261
30 51 35 57 0.00129984
30 51 34 57 0.00072864
30 51 34 55 0.00181958
30 51 48 66 0.01413483
106 111 113 117 0.00115693
106 111 111 115 0.00361226
106 111 106 111 0.13051018
124 129 124 129 0.03385309
134 140 134 140 0.00126301
55 98 67 104 0.00334212
12 132 11 133 0.00117650
12 132 13 134 0.07868579
12 132 12 135 0.00340805
12 132 12 132 0.23996168
12 132 12 131 0.00755091
11 133 11 133 0.21092129
11 133 11 136 0.00301829
11 133 11 132 0.00096410
11 133 13 134 0.00523522
11 133 12 131 0.00299333
11 133 12 132 0.11764189
11 133 12 135 0.03518377
4 140 4 140 0.04702497
4 138 4 138 0.00794268
119 125 119 125 0.05381905
50 103 63 109 0.00090519
74 81 83 89 0.01392073
74 81 81 93 0.02513855
74 81 81 91 0.00082539
74 81 82 90 0.03244005
74 81 82 91 0.00063143
74 81 82 92 0.03503725
74 81 84 89 0.00095694
71 84 81 93 0.03753656
71 84 81 91 0.14581353
71 84 81 92 0.00230683
71 84 80 94 0.12073578
71 84 82 92 0.00196694
71 84 79 93 0.02494031
71 84 79 95 0.02445796
67 87 79 93 0.00065258
32 42 32 42 0.07819767
32 52 36 55 0.00245094
32 52 32 52 0.01056473
32 52 30 59 0.00107965
32 50 50 64 0.01326735
32 50 50 63 0.00141555
32 50 38 54 0.00160838
32 50 30 59 0.00290506
32 50 35 57 0.00069862
32 50 49 65 0.00263992
32 112 32 112 0.00513323
32 47 32 47 0.00350480
32 49 40 53 0.00141470
32 49 50 64 0.03700178
32 49 50 63 0.01549840
32 49 38 54 0.03377881
32 49 36 53 0.00460325
32 49 36 55 0.00211064
32 49 30 59 0.00052004
32 49 35 54 0.00195638
32 49 34 55 0.00082300
32 49 32 49 0.02257623
54 99 66 105 0.00347974
54 99 64 107 0.00059824
66 88 75 98 0.00127295
66 88 75 97 0.02205377
66 88 73 99 0.00954962
66 88 72 100 0.00314097
31 53 29 60 0.00157084
31 53 35 57 0.00239006
31 53 31 53 0.01482200
31 43 31 43 0.09212967
31 51 32 58 0.00058367
31 51 49 65 0.01546131
31 51 29 60 0.00804267
31 51 35 57 0.00069764
31 51 48 66 0.00373484
41 52 41 52 0.00730813
41 102 41 102 0.00250273
10 134 12 135 0.00289377
10 134 11 136 0.05619177
10 134 11 133 0.05809907
10 134 10 137 0.00255758
10 134 10 134 0.25864197
10 134 9 135 0.00157416
73 82 81 91 0.03241227
73 82 81 92 0.00082297
73 82 81 93 0.04651604
73 82 80 94 0.04069706
73 82 83 89 0.14892798
73 82 82 92 0.11136883
73 82 82 91 0.00103190
73 82 82 90 0.01704401
