64 64 0.99995700
47 47 0.73755600
109 109 0.99998700
156 156 0.73753200
93 93 0.99997400
108 108 0.99998600
41 41 0.99998500
138 138 0.99997500
81 81 0.73755300
130 130 0.99995000
15 15 0.94268200
139 139 0.99997300
129 129 0.99996100
42 42 0.73496400
105 105 0.99997600
56 56 0.71092800
29 29 0.66966100
102 102 0.99983000
152 152 0.67699300
98 98 0.99998200
149 149 0.68135100
59 59 0.61300600
24 24 0.83295100
13 13 0.90227300
57 57 0.65322700
134 134 0.99998600
158 158 0.76374100
75 75 0.77087600
90 90 0.99998500
94 94 0.99997800
51 51 0.77085300
157 157 0.67843700
119 119 0.99998700
160 160 0.76852100
58 58 0.60824700
40 40 0.69564700
123 123 0.99998800
80 80 0.99995800
122 122 0.99998600
12 12 0.87465300
118 118 0.99998400
8 8 0.84037800
2 2 0.99998700
136 136 0.99998500
9 9 0.99009200
89 89 0.99997600
121 121 0.99999100
36 36 0.67699200
147 147 0.99998600
32 32 0.73756600
6 6 0.65944100
100 100 0.99996300
67 67 0.99998400
10 10 0.99009000
53 53 0.70914700
96 96 0.99988500
115 115 0.99998400
133 133 0.99998800
144 144 0.99998300
55 55 0.61140500
137 137 0.99998500
22 22 0.86524300
79 79 0.99994600
87 87 0.99998400
65 65 0.99994700
141 141 0.99997200
16 16 0.98364400
11 11 0.99009100
27 27 0.99997400
63 63 0.99997900
4 4 0.68188700
26 26 0.99997200
142 142 0.99997300
83 83 0.68711000
131 131 0.99996000
3 3 0.79011700
46 46 0.68854000
117 117 0.99997700
148 148 0.69564500
124 124 0.99999100
74 74 0.74593300
78 78 0.99995600
21 21 0.79382600
91 91 0.99998300
68 68 0.61300700
140 140 0.99997200
120 120 0.99998800
146 146 0.99997300
60 60 0.99997900
49 49 0.99998200
82 82 0.68854100
33 33 0.99997600
97 97 0.99997200
45 45 0.68710800
135 135 0.99999000
5 5 0.56790200
37 37 0.76970600
103 103 0.99986300
88 88 0.99997700
70 70 0.65323300
143 143 0.99997400
48 48 0.99998300
62 62 0.99997000
116 116 0.99997700
132 132 0.99998300
92 92 0.99997500
19 19 0.75323100
155 155 0.99993200
154 154 0.73366800
72 72 0.61140700
18 18 0.71850800
7 7 0.65555100
110 110 0.99998500
84 84 0.68711100
113 113 0.99998500
23 23 0.83132500
25 25 0.80643900
153 153 0.68279800
112 112 0.99997700
145 145 0.99997200
159 159 0.66966100
61 61 0.99997100
52 52 0.99985500
150 150 0.72043700
44 44 0.68711100
104 104 0.99991500
86 86 0.73496900
28 28 0.76851900
20 20 0.73822000
1 1 0.99998900
77 77 0.99997400
99 99 0.99998400
38 38 0.72044200
50 50 0.77086300
14 14 0.92115800
34 34 0.73365800
30 30 0.76374300
126 126 0.99998700
127 127 0.99998700
76 76 0.77087200
114 114 0.99998700
73 73 0.70916600
106 106 0.99998400
66 66 0.99995800
151 151 0.76970000
69 69 0.60825100
39 39 0.68135000
31 31 0.67845400
111 111 0.99997700
43 43 0.77901500
35 35 0.68279000
128 128 0.99998400
95 95 0.99994200
17 17 0.98364700
107 107 0.99998700
71 71 0.71093000
101 101 0.99977700
54 54 0.74592000
85 85 0.77902300
125 125 0.99998600
