7 7 0.00502179
7 6 0.10665900
7 8 0.01219490
7 5 0.62094700
18 16 0.37770700
18 17 0.22263500
18 18 0.01269010
154 154 0.04867060
155 155 0.34645100
72 73 0.00057895
72 72 0.00793899
72 71 0.99045600
145 146 0.00223163
145 145 0.99472100
153 153 0.10497400
112 112 0.99927200
113 113 0.99928000
23 21 0.00225266
23 23 0.29723300
23 22 0.00082766
25 25 0.99781500
25 24 0.00097963
84 84 0.96239400
84 82 0.00497317
84 85 0.00553789
84 83 0.02472540
110 110 0.99927000
37 37 0.87778200
103 103 0.99838400
5 2 0.00245278
5 6 0.01290290
5 4 0.13680300
5 5 0.02193170
5 3 0.54731400
82 83 0.00575401
82 82 0.92998300
82 81 0.05839160
82 80 0.00433679
33 33 0.99918100
45 46 0.00450457
45 44 0.53463100
45 43 0.10687900
45 45 0.15133500
97 97 0.99911100
135 136 0.01191840
135 135 0.98716000
60 58 0.00580798
60 59 0.98966200
60 60 0.00360115
49 50 0.00428554
49 48 0.61778600
49 49 0.03070300
49 47 0.34011900
92 92 0.99922200
19 19 0.03351240
19 17 0.33714000
19 18 0.23780600
116 116 0.99874800
132 133 0.01284270
132 132 0.98555400
62 61 0.98693500
62 62 0.00556534
62 60 0.00593430
70 71 0.00057086
70 70 0.00591860
70 69 0.99206200
88 88 0.99628600
88 86 0.00189623
143 144 0.01844510
143 143 0.97879400
48 47 0.57566900
48 46 0.33160000
48 49 0.00491338
48 48 0.03479160
111 111 0.99926800
43 41 0.00627904
43 42 0.20530500
43 44 0.00282327
43 43 0.55713600
69 68 0.99310000
69 69 0.00500968
69 70 0.00050680
39 39 0.98986500
39 38 0.00060600
31 31 0.99910800
106 106 0.99897000
66 66 0.00576170
66 65 0.99217000
151 151 0.60885900
76 75 0.90633600
76 76 0.09224990
114 114 0.99927100
127 127 0.99926600
73 74 0.00060357
73 73 0.01576530
73 72 0.98269300
54 52 0.02198170
54 53 0.96772000
54 54 0.00844287
85 85 0.98399700
85 83 0.00369639
85 86 0.00530137
85 84 0.00588892
125 125 0.99922200
107 107 0.99900900
71 72 0.00064098
71 70 0.99130100
71 71 0.00674806
101 101 0.99844500
17 16 0.09124460
17 17 0.00251354
17 15 0.00745162
95 95 0.99923100
35 35 0.99921700
128 128 0.99916600
150 150 0.86090400
86 87 0.00485785
86 84 0.00360081
86 85 0.00404555
86 86 0.98596500
104 104 0.99857900
44 44 0.25690000
44 42 0.03883540
44 43 0.26672300
44 45 0.00415320
52 53 0.00058506
52 50 0.23770400
52 51 0.73929700
52 52 0.00926419
61 61 0.00593836
61 59 0.00575335
61 60 0.98686500
159 159 0.89604800
14 14 0.00164752
14 11 0.00067992
14 13 0.06099460
14 12 0.82966100
34 34 0.99919200
126 126 0.99927200
30 30 0.99901300
99 99 0.99847100
38 38 0.65152900
50 49 0.62250000
50 48 0.34027300
50 50 0.02696060
50 51 0.00308718
20 19 0.36837200
20 20 0.28510000
20 18 0.20670800
1 1 0.93363800
77 77 0.11642900
77 76 0.88205000
28 28 0.99895400
94 94 0.99925100
24 24 0.99760800
24 22 0.00088840
24 23 0.00069957
13 11 0.82352500
13 13 0.00140846
13 10 0.00064516
13 12 0.03855650
134 134 0.98662600
134 135 0.01183170
158 157 0.00083086
158 158 0.35124200
57 55 0.01199750
57 57 0.00371985
57 56 0.98166600
75 75 0.06774490
75 74 0.93041400
90 90 0.99895400
98 98 0.99861100
149 149 0.35264800
59 57 0.00655224
59 59 0.00341398
59 58 0.98902200
102 102 0.99854100
152 152 0.61315500
80 79 0.13175100
80 78 0.00134521
80 80 0.85865800
80 81 0.00461294
122 122 0.99924100
118 117 0.00065690
118 118 0.99654400
118 119 0.00167177
12 10 0.84132500
12 12 0.00169674
12 11 0.05948970
12 9 0.00066435
58 57 0.98812200
58 58 0.00357777
58 56 0.00727840
40 40 0.96468600
40 39 0.00439935
123 123 0.99925400
51 51 0.01862770
51 52 0.00193835
51 49 0.32697500
51 50 0.64075800
119 119 0.99661600
119 120 0.00093043
119 118 0.00085543
157 156 0.00098968
157 157 0.72631700
160 160 0.70218800
15 15 0.00270781
15 14 0.04693790
15 13 0.24881000
41 40 0.02874580
41 41 0.93512500
138 138 0.98279500
138 139 0.01622400
81 82 0.00506712
81 79 0.00414346
81 80 0.09506200
81 81 0.89404000
130 131 0.00713530
130 130 0.99213500
93 93 0.99924100
108 108 0.99916300
64 64 0.00519852
64 63 0.99259000
64 62 0.00102513
47 48 0.00476609
47 47 0.07692160
47 46 0.56134300
47 45 0.26961700
156 156 0.81610000
156 155 0.00110829
109 109 0.99925800
56 54 0.01272980
56 56 0.00532565
56 55 0.97925100
29 29 0.99884100
105 105 0.99872400
42 41 0.05267330
42 43 0.00085423
42 40 0.00090868
42 42 0.37650900
139 139 0.98270900
139 140 0.01631840
129 129 0.99810400
129 130 0.00117540
142 143 0.01997340
142 142 0.97895900
83 83 0.94681600
83 82 0.04013750
83 81 0.00469304
83 84 0.00685143
131 131 0.98609700
131 132 0.01302230
4 2 0.21081100
4 4 0.09059480
4 3 0.13927900
4 5 0.01014090
63 62 0.98980600
63 61 0.00350944
63 63 0.00551911
26 25 0.00103900
26 26 0.99775100
11 11 0.00183227
11 9 0.73251400
11 10 0.06318660
11 12 0.00064304
27 27 0.99852600
27 26 0.00063014
141 141 0.97898000
141 142 0.01995160
16 14 0.00977609
16 15 0.03171220
16 16 0.00266860
146 146 0.99683100
68 67 0.99214200
68 68 0.00502243
21 21 0.21365300
21 20 0.07554840
21 19 0.06343930
91 91 0.99910100
78 78 0.36404300
78 77 0.63348200
78 79 0.00073885
140 140 0.98096800
140 141 0.01826150
120 120 0.99820000
148 148 0.29844300
117 117 0.99755200
117 118 0.00093564
124 124 0.99914800
74 74 0.04399220
74 73 0.95414100
3 3 0.30189600
3 4 0.00627860
3 2 0.14000100
3 1 0.04540750
46 47 0.00487460
46 46 0.10087900
46 45 0.57315400
46 44 0.17734400
53 53 0.00818519
53 51 0.05445990
53 52 0.93291400
115 115 0.99919800
96 96 0.99911300
133 133 0.98632300
133 134 0.01213510
121 121 0.99914500
36 36 0.99923500
147 147 0.30022200
32 32 0.99918800
100 100 0.99849900
67 67 0.00576173
67 66 0.99189400
6 7 0.01329280
6 4 0.19222100
6 6 0.01250770
6 3 0.00053859
6 5 0.14263000
10 8 0.76518200
10 10 0.00320159
10 9 0.06535420
10 11 0.00452121
136 136 0.98469600
136 137 0.01427460
2 1 0.02001660
2 2 0.51532900
2 3 0.00235973
9 7 0.81673200
9 9 0.00390663
9 10 0.00501119
9 8 0.07482480
89 89 0.99800800
89 87 0.00109713
8 8 0.00396210
8 6 0.81522200
8 9 0.00925947
8 7 0.10572400
65 65 0.00564056
65 64 0.99281800
87 85 0.00268670
87 86 0.00232007
87 88 0.00077907
87 87 0.98933800
137 137 0.98284000
137 138 0.01611980
22 20 0.00646819
22 22 0.28612300
22 21 0.00583700
79 77 0.00090658
79 79 0.61149400
79 78 0.38498000
79 80 0.00127086
144 145 0.00436728
144 144 0.98054600
55 55 0.00697477
55 53 0.01730550
55 54 0.97256000
