150 150 0.99239800
86 86 0.99243200
44 44 0.99832400
104 104 0.99224200
52 52 0.99779900
61 61 0.78460200
159 159 0.87371400
14 14 0.11439800
34 34 0.99851800
126 126 0.98840900
126 127 0.00380144
30 30 0.99773800
30 29 0.00056460
99 99 0.99173500
38 38 0.99865800
50 49 0.00087749
50 50 0.99748800
20 20 0.33538900
1 1 0.99998700
77 77 0.99984200
28 28 0.99826300
111 111 0.99218500
43 43 0.99828800
69 69 0.97064700
39 39 0.99865600
31 31 0.99821800
106 106 0.99242600
66 66 0.97113400
151 151 0.99238700
127 127 0.98551500
127 128 0.00629209
76 76 0.84217200
114 114 0.99225500
73 73 0.99664800
54 54 0.39755300
85 85 0.99243400
125 126 0.00344133
125 125 0.98881600
107 107 0.99243100
71 71 0.97696100
101 101 0.99147000
17 18 0.00062715
17 17 0.99907800
95 95 0.99240800
35 35 0.99857900
128 127 0.00058315
128 129 0.02231450
128 128 0.96614200
37 37 0.99866000
103 103 0.99209100
5 5 0.77901700
82 82 0.99242100
33 33 0.99847600
97 97 0.99237300
45 45 0.99806700
135 134 0.01466500
135 135 0.84727000
135 136 0.10608000
60 60 0.66592300
49 48 0.00123122
49 49 0.99696800
92 92 0.99242100
19 19 0.35827900
116 116 0.99240400
132 131 0.01022080
132 133 0.12953500
132 132 0.84905800
62 62 0.97118700
70 70 0.95235900
88 88 0.99242200
143 143 0.95713300
143 144 0.00893149
48 48 0.99702000
48 47 0.00059418
7 7 0.72838400
18 18 0.99901400
155 155 0.99162600
155 156 0.00198432
154 155 0.00166029
154 154 0.99148700
72 72 0.99223600
145 146 0.00453354
145 145 0.98718900
153 153 0.99221200
112 112 0.99216900
113 113 0.99231500
23 23 0.99765800
25 25 0.40060900
110 110 0.99233700
84 84 0.99243000
53 53 0.39855100
96 96 0.99239800
115 115 0.99234700
133 134 0.13418400
133 132 0.01274930
133 133 0.84128400
121 121 0.99243500
147 147 0.99169300
32 32 0.99826300
36 36 0.99864600
100 100 0.99155600
100 101 0.00054624
67 67 0.97107200
10 10 0.99996900
6 6 0.11440100
2 2 0.99997100
136 135 0.01423250
136 136 0.87131800
136 137 0.08243980
9 9 0.99993000
89 89 0.99242200
8 8 0.99984800
65 65 0.97113700
87 87 0.99242900
137 137 0.89657800
137 136 0.01305370
137 138 0.05700280
22 22 0.08977910
79 79 0.83689300
55 55 0.99015400
144 144 0.98341700
144 145 0.00516408
142 142 0.94464100
142 143 0.03496950
83 83 0.99242200
131 131 0.85603000
131 130 0.00729400
131 132 0.12578100
4 4 0.99985800
63 63 0.97119400
26 26 0.99843200
11 11 0.99997600
27 27 0.99821600
141 141 0.94105900
141 142 0.04736340
16 16 0.69429300
146 147 0.00073091
146 146 0.98781200
91 91 0.99242900
21 21 0.31820000
68 68 0.97063400
78 78 0.73017500
120 120 0.99243300
140 140 0.94074900
140 141 0.05038930
140 139 0.00072664
148 148 0.99231100
117 117 0.99241200
74 74 0.99816200
124 124 0.99205400
3 3 0.99985900
46 46 0.99792700
15 15 0.59238800
41 41 0.99862700
81 81 0.99331900
138 137 0.00373759
138 138 0.93145600
138 139 0.05377840
130 130 0.89353900
130 129 0.00696730
130 131 0.09135750
93 93 0.99242100
108 108 0.99242800
64 64 0.97116000
47 47 0.99789000
156 157 0.00269199
156 156 0.83354000
109 109 0.99241600
56 56 0.06710430
29 29 0.99778700
105 105 0.99240200
42 42 0.99848500
139 140 0.05049530
139 138 0.00224870
139 139 0.93629400
129 129 0.92837500
129 128 0.00384376
129 130 0.05678480
94 94 0.99242700
24 24 0.40080200
134 134 0.84107000
134 135 0.12997300
134 133 0.01590620
158 159 0.00163298
158 158 0.99641400
57 57 0.27124400
13 13 0.72842100
75 75 0.93354400
90 90 0.99243100
98 98 0.99220200
149 149 0.99240600
59 59 0.34044400
102 102 0.99195400
152 152 0.99230900
80 80 0.99431000
122 122 0.99242300
12 12 0.99997500
118 118 0.99242800
58 58 0.31458000
40 40 0.99865500
123 123 0.99238200
51 50 0.00051420
51 51 0.99756100
157 157 0.84990500
157 158 0.00330595
119 119 0.99243200
160 160 0.77620100
