4 30 4 30 0.01268290
4 137 4 137 0.15741000
81 132 81 132 0.96241900
15 33 15 33 0.87986100
44 64 44 66 0.02064900
44 65 44 66 0.00210984
44 65 45 65 0.00337013
17 25 17 25 0.01584840
17 23 17 23 0.24158800
17 31 17 31 0.09964590
48 60 48 60 0.95123000
103 109 102 109 0.00325550
103 110 102 109 0.00155405
103 110 101 110 0.00103473
99 116 97 114 0.00930444
93 122 90 120 0.00118899
95 120 92 118 0.00088015
92 123 89 121 0.00064288
5 29 5 29 0.01638200
19 23 19 23 0.05460590
19 29 19 29 0.09448100
41 69 41 69 0.33936600
41 67 41 69 0.00669820
102 110 101 110 0.00360423
102 111 102 109 0.00162089
102 111 101 110 0.00135050
102 109 102 109 0.67081300
40 68 40 70 0.00571206
40 70 40 70 0.08142060
40 69 41 69 0.00083101
40 69 40 70 0.00147385
23 27 23 27 0.03041210
23 32 23 32 0.06189910
10 20 10 20 0.00619206
50 56 50 56 0.54535200
50 58 50 58 0.27493000
20 35 20 35 0.00333105
21 34 21 34 0.00420144
77 137 77 137 0.08094410
77 136 78 136 0.00083169
43 65 43 67 0.01644590
43 67 43 67 0.29888200
43 66 43 67 0.00147962
43 66 44 66 0.00245205
8 22 8 22 0.00696887
8 25 8 25 0.00474845
49 59 49 59 0.33321800
49 57 49 57 0.05522700
2 138 2 138 0.02052510
2 139 2 139 0.92526600
16 24 16 24 0.18635500
16 32 16 32 0.17277800
82 131 82 131 0.91362500
96 119 93 117 0.00268563
24 31 24 31 0.10312500
80 133 80 133 0.24721200
3 138 3 138 0.92011100
18 30 18 30 0.08657490
18 24 18 24 0.02786120
45 63 45 65 0.01598610
1 140 1 140 0.94293600
83 130 83 130 0.73349500
13 20 13 20 0.00506715
25 30 25 30 0.08950010
98 117 95 115 0.00127482
98 117 96 115 0.01465360
98 107 95 105 0.00067997
94 121 91 119 0.00311912
22 28 22 28 0.02844380
42 68 42 68 0.07818750
42 66 42 68 0.00697251
42 67 43 67 0.00125881
