113 146 115 146 0.01039910
102 111 102 111 0.15411100
102 109 102 111 0.00607216
123 136 125 138 0.02784900
29 40 29 40 0.38380100
126 133 128 134 0.00076433
126 132 128 134 0.05468650
127 132 129 133 0.00066717
127 131 129 133 0.05136060
10 92 10 92 0.04828270
7 134 7 134 0.28047700
7 107 7 110 0.00077022
7 141 7 141 0.01902210
103 110 103 110 0.84927700
103 109 103 110 0.00320946
103 108 103 110 0.03958840
89 94 89 94 0.10822200
114 145 116 145 0.02882760
4 144 4 144 0.00456738
4 143 4 143 0.00334395
122 137 124 138 0.00233270
122 136 124 138 0.02339380
5 111 5 112 0.00102229
5 142 5 142 0.00434937
9 93 9 93 0.07793160
9 137 9 139 0.00072053
99 106 99 107 0.00779757
116 143 118 143 0.01208540
88 95 88 95 0.10818600
1 140 1 140 0.87368100
124 135 126 136 0.00055352
124 134 126 136 0.01712330
125 133 127 135 0.05406700
6 110 6 111 0.00132058
6 142 6 142 0.00442834
98 107 98 107 0.00880437
98 107 98 108 0.00133664
30 39 30 39 0.93379400
85 99 85 101 0.00159795
8 94 8 94 0.04920660
8 133 8 133 0.04230750
117 142 119 142 0.01667970
68 74 67 73 0.00114311
76 83 76 83 0.12015200
76 83 75 83 0.00069344
75 84 74 84 0.00074992
2 139 2 139 0.87202500
2 138 2 139 0.00066370
31 38 31 38 0.30434400
32 37 32 37 0.40128500
118 141 120 141 0.04144600
