11 40 11 40 0.00978231
11 105 11 105 0.20891800
11 42 11 42 0.01790270
11 44 11 44 0.04882220
11 106 11 106 0.00651252
56 96 56 96 0.60507300
44 49 44 49 0.17798100
44 100 44 100 0.00264644
44 109 44 109 0.02981350
44 107 44 107 0.00871523
44 53 44 53 0.00144354
68 83 68 83 0.60507300
71 80 71 80 0.66670300
17 38 17 38 0.59750300
120 149 120 149 0.28399400
120 148 120 148 0.21806700
118 151 118 151 0.01375990
118 150 118 150 0.57769600
64 88 64 88 0.63692600
64 87 64 87 0.08809650
51 104 51 104 0.01446540
51 101 51 101 0.46167400
15 43 15 43 0.01497950
15 104 15 104 0.00343945
15 101 15 101 0.02317100
47 107 47 107 0.16514600
47 104 47 104 0.01051100
108 158 108 158 0.09116920
13 44 13 44 0.03014270
13 39 13 39 0.00815434
13 40 13 40 0.02312320
13 105 13 105 0.00676503
13 42 13 42 0.37790600
109 159 109 159 0.02998390
8 159 8 159 0.04871670
8 108 8 108 0.32369300
8 44 8 44 0.02694570
8 47 8 47 0.01788920
8 99 8 99 0.00228040
8 46 8 46 0.07819680
8 15 8 15 0.00126450
112 155 112 155 0.70564100
123 146 123 146 0.70951000
40 53 40 53 0.00455896
40 102 40 102 0.00368613
46 107 46 107 0.03646500
46 109 46 109 0.00666577
124 145 124 145 0.70921500
25 30 25 30 0.04227610
41 52 41 52 0.00487903
43 47 43 47 0.03303070
43 50 43 50 0.09617030
43 99 43 99 0.00066148
43 51 43 51 0.00739893
43 52 43 52 0.00207112
43 108 43 108 0.00619501
61 91 61 91 0.70957300
73 78 73 78 0.67260100
72 79 72 79 0.60507300
55 97 55 97 0.70122300
24 30 24 30 0.67692800
63 89 63 89 0.66670300
20 36 20 36 0.03490190
66 85 66 85 0.70681700
130 139 130 139 0.60320200
9 107 9 107 0.27669500
9 45 9 45 0.11446600
9 43 9 43 0.04921660
9 158 9 158 0.02051240
70 81 70 81 0.60507200
131 138 131 138 0.60477300
115 152 115 152 0.67363300
115 153 115 153 0.02359450
39 103 39 103 0.00124467
121 148 121 148 0.52820000
23 31 23 31 0.60507300
67 84 67 84 0.70957300
16 42 16 42 0.00883843
16 40 16 40 0.03356480
16 39 16 39 0.65618600
129 140 129 140 0.70462400
114 153 114 153 0.67767700
114 154 114 154 0.01884770
22 32 22 32 0.70957300
62 90 62 90 0.60507200
7 100 7 100 0.00759976
7 109 7 109 0.45095300
7 103 7 103 0.00139137
7 45 7 45 0.00900937
7 48 7 48 0.01491170
113 154 113 154 0.69473600
18 37 18 37 0.59962300
54 98 54 98 0.92077400
19 35 19 35 0.51588100
19 34 19 34 0.04068560
42 109 42 109 0.00255606
42 53 42 53 0.00239131
42 49 42 49 0.00704266
42 48 42 48 0.01754220
5 102 5 102 0.01445380
5 41 5 41 0.00103570
5 158 5 158 0.04311880
132 137 132 137 0.70398800
69 82 69 82 0.70957300
38 45 38 45 0.00086032
38 43 38 43 0.00218478
45 106 45 106 0.01013410
45 51 45 51 0.00491500
45 99 45 99 0.00053850
45 50 45 50 0.01403790
45 52 45 52 0.00189614
45 108 45 108 0.07116630
50 101 50 101 0.03659820
50 104 50 104 0.33970100
3 158 3 158 0.04545510
3 43 3 43 0.00213370
3 104 3 104 0.00535952
3 107 3 107 0.00771920
125 130 125 130 0.00262023
125 144 125 144 0.60319700
52 100 52 100 0.87057000
52 101 52 101 0.00321389
52 103 52 103 0.00394346
52 102 52 102 0.00878284
60 92 60 92 0.66670300
4 42 4 42 0.00160015
4 159 4 159 0.06201670
4 112 4 112 0.00346381
4 111 4 111 0.00907105
4 106 4 106 0.00947601
59 93 59 93 0.70957200
99 104 99 104 0.00242871
119 149 119 149 0.46660400
10 44 10 44 0.15872700
10 106 10 106 0.27469600
10 42 10 42 0.05476400
58 94 58 94 0.66670400
57 95 57 95 0.70957300
14 102 14 102 0.04422770
14 103 14 103 0.00662466
14 104 14 104 0.00407271
14 43 14 43 0.02493250
14 41 14 41 0.46825000
49 105 49 105 0.35929600
122 147 122 147 0.60504700
110 157 110 157 0.51633100
6 110 6 110 0.12199700
6 101 6 101 0.00686405
6 104 6 104 0.00108668
6 158 6 158 0.03574960
12 44 12 44 0.03865130
12 40 12 40 0.03297480
12 42 12 42 0.04730980
12 105 12 105 0.01276070
48 106 48 106 0.30030200
21 33 21 33 0.60507200
111 156 111 156 0.69650800
116 151 116 151 0.67201000
116 152 116 152 0.02499470
65 87 65 87 0.56904300
107 159 107 159 0.05303610
