97 148 97 148 0.00740747
97 133 97 133 0.00249220
97 102 97 102 0.00457283
1 8 1 9 0.00428038
1 95 1 95 0.06611873
132 147 132 147 0.50190147
132 139 132 139 0.00107358
4 141 4 141 0.00093960
50 79 50 79 0.55113452
133 146 133 146 0.61864749
133 138 133 138 0.00287690
115 120 115 120 0.00558534
52 77 52 77 0.58966481
96 105 96 105 0.02057144
96 102 96 102 0.00331442
96 101 96 101 0.04495837
96 149 96 149 0.01233396
32 104 32 104 0.00323258
32 96 32 96 0.04022229
9 15 10 15 0.00760778
9 15 9 15 0.09495023
9 14 10 15 0.01444325
139 144 139 144 0.00734322
63 68 63 68 0.63142853
43 86 43 86 0.64087786
110 114 110 114 0.01062320
110 118 110 118 0.07028472
138 145 138 145 0.00338219
136 143 136 143 0.43124320
113 122 113 122 0.00289771
94 107 94 107 0.00206757
134 145 134 145 0.61797036
60 71 60 71 0.62594966
8 96 9 96 0.00248355
19 30 19 30 0.13968137
19 28 19 28 0.02826818
19 32 19 32 0.13969265
104 119 104 119 0.00481560
128 143 128 143 0.00141429
30 106 30 106 0.00090189
99 103 99 103 0.04777263
99 130 99 130 0.04491154
99 146 99 146 0.00088514
99 131 99 131 0.01237516
54 75 54 75 0.64087790
36 96 36 96 0.01000494
36 93 36 93 0.45008031
11 20 12 20 0.00261994
137 143 137 143 0.03952790
137 141 137 141 0.11188116
5 148 6 148 0.00063691
5 99 6 99 0.00388699
95 106 95 106 0.00847464
95 104 95 104 0.01929583
108 115 108 115 0.01255705
108 119 108 119 0.47057091
46 83 46 83 0.63833927
130 149 130 149 0.43889963
39 90 39 90 0.52400524
112 117 112 117 0.01628150
112 116 112 116 0.18349337
112 123 112 123 0.00265880
35 94 35 94 0.50922018
35 97 35 97 0.02802263
98 104 98 104 0.03028526
98 132 98 132 0.00515264
47 82 47 82 0.50980814
102 123 102 123 0.01508036
102 127 102 127 0.53934768
109 118 109 118 0.39842946
109 114 109 114 0.01947699
131 148 131 148 0.59883178
131 140 131 140 0.00086595
20 31 20 31 0.12934698
20 29 20 29 0.23037059
111 116 111 116 0.14351008
111 117 111 117 0.20540552
44 85 44 85 0.52541523
10 21 11 21 0.01086431
18 31 18 31 0.12831401
18 29 18 29 0.01689565
18 33 18 33 0.22775831
51 78 51 78 0.62881608
6 98 7 98 0.00418513
37 95 37 95 0.00575939
37 92 37 92 0.46126117
135 144 135 144 0.49743741
101 106 101 106 0.00183518
101 124 101 124 0.00929828
34 102 34 102 0.00369503
93 105 93 105 0.00149663
61 70 61 70 0.52541697
40 89 40 89 0.52539773
7 13 7 14 0.00272033
7 13 7 13 0.49125833
107 116 107 116 0.00522122
107 120 107 120 0.58706496
55 73 55 73 0.03622316
55 74 55 74 0.48037913
12 20 12 20 0.00098810
53 76 53 76 0.64087881
100 129 100 129 0.19707230
100 107 100 107 0.00065814
42 87 42 87 0.88561336
41 88 41 88 0.52541205
62 69 62 69 0.52541784
105 118 105 118 0.00253930
105 124 105 124 0.31613226
106 121 106 121 0.46920251
106 113 106 113 0.00081689
114 121 114 121 0.00218094
