150 150 0.69305702
55 55 0.69790569
53 53 0.90042178
83 83 0.98585742
159 159 0.91946119
25 25 0.99044269
43 43 0.61590559
136 136 0.87563322
129 129 0.66234564
39 39 0.78095879
155 155 0.77882461
90 90 0.70883068
133 133 0.64016749
68 68 0.61165027
116 116 0.84713089
85 85 0.73822632
144 144 0.94858644
89 89 0.75646585
73 73 0.79544649
117 117 0.85105222
4 4 0.43716658
4 3 0.01291134
115 115 0.86580091
126 126 0.65371643
28 28 0.42185303
5 4 0.01402382
5 5 0.80026407
112 112 0.64626448
87 87 0.76469326
93 93 0.86392583
49 49 0.55784201
154 154 0.82342084
100 100 0.60976670
100 99 0.00244013
59 59 0.78080437
114 114 0.52711902
99 99 0.61344058
67 67 0.98985669
31 31 0.63957722
40 40 0.49389830
72 72 0.68779516
132 132 0.73688036
108 108 0.64654018
139 139 0.76937899
125 125 0.79312167
11 11 0.81311090
11 10 0.00052861
3 3 0.67016770
3 2 0.02125463
34 34 0.87081274
103 102 0.03743005
103 103 0.57887434
145 145 0.87286515
64 64 0.72213250
80 80 0.72867573
58 58 0.72707940
105 104 0.02085743
105 106 0.00082850
105 105 0.70236410
71 71 0.61569416
123 123 0.58879144
104 104 0.66334302
104 103 0.03652049
52 52 0.69394288
63 63 0.92585196
128 128 0.60286008
24 24 0.91597867
61 61 0.43556260
42 42 0.90946117
130 130 0.65465466
62 62 0.73406191
113 113 0.59761592
9 10 0.00070496
9 9 0.73977191
9 8 0.01204463
149 149 0.83713729
38 38 0.73544125
29 29 0.77135218
151 151 0.81577309
122 122 0.57712175
36 36 0.54909291
148 148 0.88219888
95 95 0.65154924
79 79 0.67926791
48 48 0.65713807
140 140 0.96712113
88 88 0.61652360
70 70 0.80783573
152 152 0.85685573
160 160 0.93029659
76 76 0.71170461
30 30 0.69953563
56 56 0.61134176
1 1 0.97989113
13 13 0.69895086
147 147 0.89151269
94 94 0.86164955
137 137 0.72222067
16 16 0.81312234
12 11 0.00111705
12 12 0.61762679
19 19 0.53212252
21 21 0.60634332
141 141 0.97275439
134 134 0.86871277
8 8 0.92923594
8 9 0.00181857
8 7 0.02185854
46 46 0.77798521
92 92 0.88653852
107 107 0.72616126
107 106 0.00140647
51 51 0.70014650
47 47 0.44101696
33 33 0.57103772
127 127 0.56625985
10 10 0.75078372
10 9 0.01400132
84 84 0.94487142
32 32 0.36834447
135 135 0.81083367
27 27 0.66243800
131 131 0.77574549
124 124 0.88525196
120 120 0.94295733
69 69 0.98056840
96 96 0.73133548
118 118 0.92217038
119 119 0.76161436
111 111 0.78919290
23 23 0.89676036
138 138 0.77562615
35 35 0.62410635
20 20 0.65134618
82 82 0.76190126
60 60 0.78124012
143 143 0.97033517
57 57 0.63861779
44 44 0.95892141
142 142 0.96007772
86 86 0.79202402
7 6 0.00202617
7 7 0.86281720
7 8 0.00165921
97 97 0.50446216
75 75 0.59758278
109 109 0.58201263
37 37 0.82544322
102 103 0.00059008
102 101 0.03362475
102 102 0.90914541
77 77 0.67880492
146 146 0.78875818
74 74 0.73360835
41 41 0.89164235
54 54 0.67932556
78 78 0.91147333
65 65 0.92742436
18 18 0.78369148
2 2 0.87919603
2 1 0.01917957
101 101 0.80918527
101 100 0.00401623
50 50 0.70552158
91 91 0.82918930
81 81 0.73393464
156 156 0.86153434
26 26 0.61040207
110 110 0.53727201
66 66 0.91128665
14 14 0.55710717
22 22 0.81773887
158 158 0.81697117
17 17 0.61076368
153 153 0.78618417
45 45 0.93608793
106 105 0.01155311
106 106 0.63600279
6 5 0.01437789
6 7 0.00058410
6 6 0.85393151
15 15 0.33986888
157 157 0.99715268
121 121 0.80759490
98 98 0.60666116
