139 140 0.00572493
139 139 0.95466700
139 141 0.02685390
104 104 0.77493000
132 134 0.03522470
132 133 0.11370100
132 132 0.82527300
55 55 0.63133400
96 96 0.81498000
42 42 0.04119490
92 92 0.85050000
16 16 0.76549400
16 17 0.21470900
16 15 0.00309334
44 45 0.00269669
44 44 0.99684100
98 98 0.92020900
78 78 0.97282700
9 9 0.77070300
9 10 0.20527300
9 8 0.00322324
33 33 0.98763100
65 65 0.87751800
65 64 0.00902091
126 128 0.00531224
126 126 0.75814400
126 125 0.00115038
126 127 0.15176000
56 56 0.56597800
38 38 0.41418800
129 130 0.12475300
129 131 0.01645410
129 129 0.61521200
117 117 0.77550900
112 112 0.81079800
123 124 0.05430060
123 122 0.00067507
123 123 0.89649700
128 130 0.01082660
128 128 0.65061800
128 129 0.12640400
91 91 0.66101400
91 90 0.00116160
99 99 0.97438700
134 135 0.11512000
134 134 0.83450600
134 136 0.03444310
1 2 0.03139520
1 1 0.96844700
140 141 0.00487434
140 140 0.96164500
140 142 0.02530460
13 13 0.77637900
13 12 0.00249141
13 14 0.21242500
114 115 0.00082149
114 114 0.79700800
119 119 0.95112400
97 97 0.77675600
8 9 0.22080200
8 7 0.00428471
8 8 0.76552400
62 61 0.00255357
62 62 0.91908200
86 86 0.92176300
86 85 0.00101740
107 107 0.93000000
30 30 0.98820200
138 138 0.90145200
138 140 0.02762180
138 139 0.01204440
124 123 0.00056042
124 124 0.76569400
124 125 0.07552800
41 41 0.03993990
15 15 0.76077600
15 16 0.21744700
15 14 0.00511929
34 34 0.68563900
69 69 0.80401800
120 121 0.00315148
120 120 0.94836700
47 46 0.00256665
47 48 0.00195956
47 47 0.99278800
70 70 0.99273800
50 50 0.03993760
72 72 0.97389800
12 11 0.00205736
12 12 0.78517200
12 13 0.20703500
83 83 0.92378800
83 84 0.00053352
151 151 0.48840900
151 153 0.00155848
146 146 0.97055500
146 147 0.00218392
146 148 0.01460710
71 71 0.93855100
74 74 0.72958200
10 11 0.20114000
10 9 0.00273547
10 10 0.78674300
37 37 0.27210600
58 58 0.86247100
82 81 0.00053992
82 83 0.00053633
82 82 0.97880200
35 35 0.70958200
63 62 0.00322159
63 64 0.00062048
63 63 0.96648500
46 47 0.00453884
46 45 0.00244363
46 46 0.99218800
102 102 0.84886500
6 7 0.21671700
6 6 0.77236800
6 5 0.00515283
43 44 0.00062635
43 43 0.07888330
81 80 0.00082641
81 81 0.97999600
137 137 0.85278500
137 138 0.06020720
137 139 0.02805950
93 93 0.84605900
87 87 0.92013400
87 86 0.00107568
4 4 0.47905200
4 5 0.00942962
127 129 0.00703421
127 128 0.00775928
127 127 0.77013300
127 126 0.00063700
145 145 0.96980300
145 147 0.02098320
145 146 0.00211280
149 151 0.00317300
149 150 0.00230125
149 149 0.97868300
148 149 0.00377781
148 148 0.97725700
148 150 0.00893121
11 10 0.00216839
11 12 0.20087600
11 11 0.79094900
95 95 0.94808700
75 75 0.72425600
131 132 0.08228010
131 133 0.03615780
131 131 0.82005900
32 32 0.98763100
7 8 0.22396600
7 6 0.00560917
7 7 0.76471900
115 115 0.78963900
130 130 0.76154200
130 131 0.00691048
130 132 0.02288660
106 106 0.71875400
76 76 0.04596340
60 59 0.00200640
60 60 0.96772200
60 61 0.00065138
45 46 0.00470335
45 45 0.99274100
136 138 0.03296250
136 137 0.10836300
136 136 0.84527500
40 40 0.62067500
113 113 0.73877200
101 101 0.82313100
39 39 0.35016300
27 27 0.69507400
121 121 0.93071900
121 122 0.02019410
135 135 0.84454200
135 137 0.03343350
135 136 0.11478000
125 127 0.00120412
125 124 0.00084462
125 126 0.01542470
125 125 0.75732100
29 29 0.98895000
17 15 0.00053116
17 16 0.00277592
17 17 0.76676200
17 18 0.21393400
28 28 0.98979700
14 14 0.76106600
14 13 0.00504047
14 15 0.06578300
66 65 0.00604249
66 66 0.90354400
116 117 0.00070877
116 116 0.92748700
90 90 0.98503400
90 89 0.00191367
67 67 0.36814900
67 66 0.00296130
85 85 0.92184400
85 84 0.00096595
57 57 0.74315500
89 88 0.00097167
89 89 0.64797800
31 31 0.98760900
77 77 0.97292200
103 103 0.80758800
48 47 0.00097625
48 48 0.07665130
61 61 0.96770000
61 60 0.00225294
80 80 0.98028100
54 54 0.95666500
109 109 0.92964100
141 141 0.96314000
141 143 0.02453840
141 142 0.00575094
100 100 0.63739700
150 150 0.98357000
150 151 0.00063636
150 152 0.00109532
64 63 0.00232561
64 64 0.81515600
142 144 0.02379370
142 143 0.00468932
142 142 0.96366200
84 84 0.97942500
108 108 0.92989200
143 143 0.96543800
143 145 0.02300340
143 144 0.00350701
52 52 0.35014800
73 73 0.91098500
88 87 0.00114542
88 88 0.60787400
152 152 0.54387900
51 51 0.62067200
79 79 0.60500100
21 22 0.02330860
21 21 0.87179300
23 23 0.35127600
23 24 0.00223792
24 25 0.00063760
24 24 0.30759900
18 18 0.76934300
18 19 0.19725200
18 17 0.00260490
18 16 0.00051937
118 118 0.84242400
3 3 0.46732100
3 4 0.07612570
25 25 0.69641900
26 26 0.73087700
147 149 0.01217540
147 148 0.00295537
147 147 0.97149400
22 22 0.62879900
22 23 0.00715309
105 105 0.77859700
68 68 0.80947600
133 134 0.11375600
133 133 0.83470000
133 135 0.03489260
94 94 0.89561700
110 110 0.92965100
122 123 0.03725980
122 121 0.00064488
122 122 0.91364500
49 49 0.04108120
5 4 0.00051848
5 5 0.81739600
5 6 0.17225100
20 21 0.02874800
20 20 0.78679100
36 36 0.65926000
144 146 0.02196550
144 144 0.96742100
144 145 0.00208691
2 2 0.93618700
2 3 0.06189850
153 153 0.99822300
111 111 0.92979100
59 59 0.90039800
19 20 0.02383660
19 19 0.78599900
19 18 0.00250437
53 53 0.72489000
