160 159 0.00182190
160 160 0.93011875
140 140 0.52642120
71 71 0.42658351
18 18 0.56196670
121 121 0.59575919
110 110 0.99933165
99 99 0.34281539
8 8 0.84785763
94 94 0.59337366
127 127 0.59602655
37 37 0.65051711
155 155 0.88655546
55 55 0.65751423
55 56 0.00063092
70 70 0.23014032
138 138 0.52846240
96 96 0.42207524
49 49 0.92392819
14 14 0.53428136
120 120 0.52821589
131 131 0.46033792
67 67 0.94257421
28 28 0.77154257
104 104 0.52657776
9 9 0.57668987
26 26 0.90537006
111 111 0.53003526
50 50 0.93084427
113 113 0.55493558
122 122 0.54485025
41 41 0.93101301
29 29 0.69286731
17 17 0.49615020
38 38 0.55396517
141 141 0.99944189
149 149 0.34279772
153 153 0.81617508
75 75 0.90954200
16 16 0.55644616
119 119 0.99945320
60 60 0.93993403
24 24 0.91192687
124 124 0.99936758
118 118 0.52057809
25 25 0.84524896
23 23 0.81276391
158 158 0.90418252
158 157 0.00145021
109 109 0.52818426
115 115 0.99930896
52 52 0.63873101
31 31 0.71081781
42 42 0.66921830
56 56 0.92417440
43 43 0.57674493
147 147 0.59620540
47 47 0.92976615
4 4 0.52412365
151 151 0.18744203
22 22 0.36870407
12 12 0.68027135
82 81 0.00626435
82 82 0.76272387
87 87 0.83131525
105 105 0.56515142
100 100 0.52650702
107 107 0.52657876
33 33 0.79601118
46 46 0.94464054
139 139 0.59622377
103 103 0.52652279
126 126 0.54521751
128 128 0.52817956
154 154 0.61783757
61 61 0.95662737
81 80 0.00059635
81 81 0.63342364
117 117 0.46034630
6 6 0.87009367
74 74 0.91964829
36 36 0.65562189
142 142 0.56467552
39 39 0.67086433
30 30 0.53461957
157 157 0.85337668
59 59 0.89226248
54 55 0.00053910
54 54 0.57439177
98 98 0.45336083
135 135 0.59628841
5 5 0.78855635
10 10 0.40722527
114 114 0.52911924
11 11 0.41921411
137 137 0.99967340
89 89 0.66196147
150 150 0.45335896
148 148 0.52636374
3 3 0.58708898
93 93 0.63132358
68 68 0.65013074
44 44 0.60062795
92 92 0.57369383
40 40 0.76798345
143 143 0.52615147
146 146 0.99951776
133 133 0.52913156
102 102 0.59631171
134 134 0.55521007
97 97 0.18744135
80 80 0.45181087
156 156 0.87175930
66 66 0.70379835
1 1 0.99405767
106 106 0.99961776
65 65 0.70771812
85 85 0.88808410
130 130 0.55316515
62 62 0.61770704
78 77 0.00649203
78 78 0.44382382
32 32 0.53329058
57 57 0.73494854
86 86 0.59974169
132 132 0.37450719
53 53 0.67904096
144 144 0.52602637
7 7 0.93408880
2 2 0.45477776
45 45 0.64942559
21 21 0.46077365
91 91 0.58963658
116 116 0.37448765
48 48 0.94386067
90 90 0.67705689
159 158 0.00189535
159 159 0.77478208
51 51 0.93180776
20 20 0.80438668
64 64 0.70187530
79 79 0.22186861
79 78 0.00134985
73 73 0.80623493
34 34 0.83220485
136 136 0.53028475
145 145 0.59592564
152 152 0.40823215
101 101 0.59628237
69 69 0.52307442
95 95 0.68700509
108 108 0.59622544
77 76 0.00870693
77 77 0.59825449
84 84 0.77330846
83 82 0.00096453
83 83 0.66329960
129 129 0.96675016
63 63 0.61004703
88 88 0.94525534
76 76 0.97046050
76 75 0.00103717
27 27 0.79683805
112 112 0.59595065
15 15 0.37333226
125 125 0.99946150
35 35 0.73165209
72 72 0.59595966
13 13 0.49672849
19 19 0.63836615
123 123 0.99938490
58 58 0.93200380
