80 80 0.99622400
15 16 0.00536680
15 15 0.68011200
112 118 0.00239647
112 112 0.36053600
112 115 0.00292436
112 113 0.00431058
112 114 0.00143245
43 43 0.78647400
43 44 0.00148604
29 30 0.18946300
29 29 0.65260000
8 8 0.96026200
8 7 0.00053760
27 26 0.00066992
27 27 0.39597300
27 28 0.25889200
127 136 0.00301702
127 131 0.00056061
127 133 0.98455800
18 18 0.76045300
18 19 0.17816200
122 127 0.00100579
122 128 0.08183080
122 126 0.00172830
122 125 0.00682438
114 120 0.02206620
114 114 0.65109000
114 118 0.00292974
114 115 0.00101222
114 116 0.00277463
114 117 0.00490428
10 10 0.84216200
10 9 0.00061275
10 11 0.00277152
22 23 0.11429600
22 22 0.69604400
12 12 0.59276000
12 13 0.00498692
77 76 0.00412545
77 77 0.99251200
53 53 0.99658200
85 85 0.99630600
68 68 0.97766300
76 75 0.02647430
76 76 0.97009300
44 44 0.99688200
3 3 0.54644100
71 71 0.97696400
99 99 0.89291400
54 54 0.99652300
133 142 0.00321884
133 140 0.00135382
133 143 0.05601140
133 141 0.04011370
133 139 0.84854000
108 108 0.01078960
109 109 0.09065940
61 60 0.00230801
61 61 0.99379300
87 87 0.99639500
94 95 0.00174113
94 94 0.99355600
6 6 0.20070800
116 118 0.05029020
116 116 0.36146500
116 117 0.01300290
116 119 0.32305600
116 121 0.00936004
116 122 0.10786000
116 120 0.03787850
4 4 0.38060700
60 60 0.99392200
60 59 0.00250447
104 104 0.91602000
135 145 0.40593400
135 141 0.40726000
135 143 0.09433370
135 142 0.03048470
135 144 0.02125920
89 89 0.99635900
11 12 0.00367884
11 11 0.38133000
30 30 0.51440100
30 31 0.17987900
49 49 0.99735000
33 34 0.24080200
33 33 0.70090200
88 88 0.99621400
91 92 0.00054633
91 91 0.99588000
52 52 0.74076100
101 101 0.98314400
46 46 0.99751200
7 7 0.96317500
14 15 0.01304070
14 14 0.68960200
95 94 0.00110736
95 96 0.00104340
95 95 0.99353000
21 21 0.54735500
21 22 0.02191170
50 50 0.78798400
115 120 0.00205578
115 119 0.02346900
115 121 0.02896770
115 118 0.03386950
115 116 0.00392449
115 115 0.65559200
115 117 0.00948764
132 141 0.00176664
132 138 0.35904500
132 140 0.00170535
132 142 0.00542050
5 5 0.66128700
120 125 0.00181201
120 123 0.17138200
120 126 0.63516400
120 122 0.00562551
120 120 0.00068474
120 124 0.05683040
39 39 0.47830700
39 40 0.00858544
41 41 0.63785500
41 42 0.00236538
81 81 0.99637700
139 147 0.06742230
139 146 0.00823356
139 145 0.02492630
139 148 0.01155960
139 149 0.76903600
26 27 0.24894600
26 26 0.67514900
117 117 0.18423800
117 118 0.01146130
117 120 0.34303400
117 123 0.21797600
117 122 0.01286730
117 121 0.04790220
117 119 0.08550530
107 107 0.01063930
92 92 0.99583800
92 93 0.00069331
13 14 0.00501582
13 13 0.68369600
74 74 0.96472300
74 73 0.01210120
79 79 0.99606100
79 78 0.00057991
82 82 0.99623600
1 1 0.99991600
65 64 0.00198783
65 65 0.99406200
86 86 0.99629500
59 59 0.99373800
59 58 0.00235825
98 98 0.89685400
37 38 0.17040200
37 37 0.78649700
58 57 0.00238614
58 58 0.99394200
113 114 0.00165116
113 119 0.01222140
113 113 0.94289900
113 116 0.00345431
113 117 0.00051114
113 115 0.00393639
48 48 0.99735500
35 36 0.20394400
35 35 0.73853000
100 100 0.53542500
67 67 0.97749400
136 145 0.02376810
136 146 0.03652250
136 142 0.26083700
136 144 0.04705370
136 143 0.03350740
69 69 0.97767000
63 63 0.99435500
63 62 0.00212823
62 62 0.99412000
62 61 0.00235348
40 40 0.88799100
40 41 0.00329186
51 51 0.70166400
23 23 0.63462500
23 24 0.22744000
105 105 0.92215500
57 57 0.99411500
57 56 0.00050127
121 124 0.02108090
121 127 0.33164700
121 123 0.00055261
121 126 0.00120625
121 125 0.02109950
96 96 0.99467100
96 95 0.00072726
36 36 0.76189600
36 37 0.18681700
42 43 0.00171499
42 42 0.69932000
134 143 0.00307134
134 142 0.03931880
134 140 0.59078600
134 144 0.01930330
134 141 0.00459979
128 134 0.17581800
128 137 0.00134827
138 147 0.01813840
138 146 0.02162470
138 145 0.01627620
138 144 0.05333930
138 148 0.65414700
78 77 0.00119422
78 78 0.99546000
25 25 0.68537900
25 26 0.23894300
110 110 0.36213900
9 9 0.96052900
9 10 0.00051298
24 24 0.69579300
24 25 0.22930900
84 84 0.99647900
34 34 0.72000800
34 35 0.22251100
124 130 0.01054730
31 31 0.06359410
31 32 0.02539290
118 118 0.06353420
118 124 0.27727000
118 123 0.00970232
118 121 0.36359000
118 119 0.00347140
118 122 0.05590590
118 120 0.02664340
75 74 0.00272246
75 75 0.96798400
38 39 0.06395910
38 38 0.81180700
123 129 0.01064700
126 130 0.00148363
126 132 0.98363700
126 135 0.00260595
119 125 0.00759914
119 122 0.15033800
119 123 0.01920630
119 121 0.00874511
119 119 0.00214827
119 124 0.00154359
131 141 0.00184108
131 137 0.48239700
131 140 0.00216036
45 45 0.99743800
90 90 0.99618000
106 108 0.00194473
106 106 0.98260400
2 2 0.97767800
93 94 0.00127391
93 93 0.99517800
83 83 0.99627900
64 63 0.00189414
64 64 0.99435000
111 117 0.00136910
111 112 0.00095814
111 111 0.97686900
111 113 0.00131172
111 114 0.00051840
72 72 0.97124100
72 71 0.00074284
73 72 0.00645282
73 73 0.96548100
47 47 0.99737200
16 17 0.09817900
16 16 0.84180500
17 18 0.13896400
17 17 0.80120300
97 97 0.99584100
103 103 0.13285900
32 32 0.56177700
32 33 0.19951500
137 143 0.03199190
137 144 0.00452414
137 146 0.02318250
137 147 0.35085100
137 145 0.01335910
66 66 0.96801400
66 65 0.00218565
70 70 0.97752100
19 19 0.69378400
19 20 0.17782100
20 21 0.12678500
20 20 0.40119500
130 140 0.00158626
130 139 0.00214488
130 136 0.19496400
125 129 0.00249375
125 134 0.00222110
125 131 0.98307500
28 29 0.26801800
28 28 0.65131200
28 27 0.00060523
102 102 0.93325700
55 55 0.99648000
56 56 0.99614000
129 135 0.75160800
129 138 0.00176257
