40 101 41 106 0.00077670
53 94 53 99 0.00655274
53 85 55 89 0.21107400
53 85 54 90 0.12315000
53 85 53 90 0.01592770
47 120 48 130 0.32913300
47 120 47 131 0.00104019
47 77 48 78 0.14172000
47 77 47 79 0.25044400
47 119 49 129 0.00341449
47 119 48 130 0.00338520
68 72 69 74 0.10405600
84 95 89 101 0.01861630
84 95 88 99 0.02560340
84 95 88 102 0.00272458
84 95 90 100 0.00399440
84 95 86 102 0.00218263
84 95 86 101 0.00791259
84 122 89 133 0.00067412
84 92 90 97 0.00055597
84 92 89 98 0.00263416
82 97 84 104 0.00307458
82 97 88 102 0.00210774
82 97 87 103 0.00594422
82 97 83 103 0.00095187
82 97 86 101 0.00961686
82 97 86 102 0.01476270
82 97 85 102 0.01789940
82 124 87 134 0.00429762
118 126 125 133 0.13439300
118 126 127 136 0.00188789
52 92 53 99 0.00113534
52 92 54 98 0.00508298
52 87 52 91 0.00102385
52 87 52 93 0.00083427
52 86 52 91 0.03254950
52 86 53 90 0.12063900
52 86 54 90 0.11567600
52 95 52 100 0.03145470
85 117 88 127 0.04855850
85 121 90 131 0.00411365
85 91 90 97 0.00173008
85 91 88 94 0.02687620
65 75 66 78 0.00273387
75 84 80 89 0.00391711
93 134 93 133 0.00060139
93 134 93 138 0.00070175
92 114 99 124 0.00142348
92 114 98 125 0.00054386
92 135 92 138 0.00061002
92 115 99 124 0.00217602
92 115 98 125 0.24976100
119 125 129 135 0.14034000
119 125 128 135 0.00212521
119 125 130 136 0.00154098
119 125 126 132 0.22832000
119 126 127 136 0.00066173
119 126 130 136 0.00974836
119 126 130 137 0.00083057
98 129 98 132 0.01157540
96 130 96 134 0.00074651
96 111 101 122 0.06389650
96 111 102 121 0.25629800
96 111 103 120 0.00343722
55 83 55 88 0.00384646
55 83 55 89 0.00112847
55 83 56 88 0.09588220
55 83 57 87 0.12289700
55 92 55 97 0.01622030
55 70 55 71 0.02385190
55 70 55 72 0.00823932
55 70 56 71 0.07516930
55 70 56 72 0.00076299
83 96 89 101 0.00494627
83 96 87 103 0.00098674
83 96 88 102 0.00755798
83 96 85 103 0.00082388
83 96 85 102 0.00244860
83 96 86 101 0.05751070
83 123 88 133 0.00491622
79 89 83 94 0.00113066
79 89 82 95 0.00100239
79 89 84 95 0.00291112
79 89 80 89 0.01141710
79 88 80 89 0.00059586
79 91 82 95 0.00071369
79 91 81 96 0.00685679
79 86 81 88 0.00616941
79 86 80 89 0.00993160
79 86 83 90 0.00196768
89 96 89 101 0.00081560
60 78 62 82 0.06829300
60 78 60 84 0.00079210
60 78 61 83 0.04404850
60 68 60 69 0.00114554
60 65 62 67 0.01310020
60 65 60 67 0.00337232
60 65 61 66 0.67355000
95 112 100 123 0.06234420
95 112 102 121 0.00773199
95 112 101 122 0.59321800
123 130 131 138 0.00101918
129 134 136 142 0.05774180
129 134 138 143 0.00058678
77 84 81 88 0.00222372
77 84 80 89 0.00096208
30 41 30 43 0.00299597
30 41 31 42 0.67060500
30 41 32 41 0.00666964
59 66 60 67 0.66895000
59 66 61 68 0.01860240
59 66 59 68 0.00457691
94 113 100 123 0.58189800
94 113 99 124 0.02187040
94 113 101 122 0.00685775
94 133 94 136 0.00189357
56 82 56 88 0.00072260
56 82 57 87 0.09457560
56 82 58 86 0.20999000
56 71 56 72 0.02999600
56 91 56 96 0.00391383
104 124 104 127 0.00086570
103 125 103 128 0.01051260
122 129 133 140 0.00141233
122 131 130 139 0.00098167
122 131 129 138 0.00058845
63 75 65 78 0.13065100
63 75 63 81 0.00162831
63 75 64 79 0.00412913
63 75 64 77 0.03715240
63 77 64 79 0.00764934
32 39 34 39 0.00210206
32 39 33 40 0.91380600
32 39 32 41 0.00388202
31 40 31 42 0.00388003
31 40 32 41 0.59562700
31 40 33 40 0.00185629
17 99 17 104 0.07709780
17 24 18 26 0.00258324
17 24 19 25 0.00100868
51 93 52 100 0.00079176
51 93 53 99 0.00917770
51 114 52 125 0.00572365
51 115 51 126 0.00627456
51 115 52 125 0.29132200
51 96 51 101 0.01909330
51 73 52 74 0.16994600
51 73 51 75 0.09400800
41 100 41 106 0.00085349
41 100 42 105 0.00339589
41 100 42 107 0.00103598
12 101 12 108 0.00295268
127 137 137 147 0.65764800
127 137 138 146 0.00071156
73 86 78 91 0.00089802
28 43 30 43 0.00637679
126 138 136 148 0.64183200
126 138 137 147 0.00120581
62 76 64 79 0.12783700
62 76 62 82 0.00166966
62 76 63 81 0.01935680
90 95 90 100 0.00082454
45 97 45 102 0.00307713
97 130 97 133 0.01143730
97 110 102 121 0.02732200
97 110 103 120 0.24680600
97 110 104 117 0.00520117
97 110 104 119 0.00769054
1 140 1 142 0.00097199
109 125 109 124 0.00069025
42 99 43 104 0.01646770
50 74 50 76 0.09600520
50 74 51 75 0.05245660
50 116 51 126 0.08664570
50 116 52 125 0.00114488
50 116 50 127 0.01618380
50 97 50 102 0.00679754
50 94 52 100 0.00333010
50 115 52 125 0.01211130
50 115 51 126 0.00053900
50 90 51 94 0.00191085
117 127 124 134 0.03657360
117 127 127 136 0.00080093
114 122 125 133 0.00310627
15 26 17 27 0.00166679
15 26 15 28 0.00072224
54 84 54 90 0.00079816
54 84 55 88 0.03396840
54 84 55 89 0.17614700
54 84 56 88 0.21419800
54 93 54 98 0.00455556
13 102 13 107 0.05021350
13 100 13 107 0.00347131
61 77 61 83 0.00155115
61 77 62 82 0.04396180
61 77 63 81 0.14658600
61 67 61 68 0.00147152
64 76 66 78 0.00304581
64 76 65 78 0.00303656
57 70 57 71 0.02674950
18 23 19 25 0.00261474
18 23 20 24 0.00209979
16 25 18 26 0.00202399
16 25 16 27 0.00091367
16 25 17 27 0.00149900
16 100 16 105 0.05116520
14 101 14 106 0.03624110
29 42 30 43 0.21758600
29 42 31 42 0.00252282
81 89 85 94 0.00347404
81 89 83 94 0.02192550
81 89 82 95 0.00208340
81 89 84 95 0.00125951
81 87 83 90 0.02730770
81 87 81 87 0.00278050
81 88 85 94 0.00159340
81 88 81 88 0.00064963
81 88 83 94 0.00955844
81 88 83 90 0.02743920
81 98 85 102 0.00549050
81 98 85 103 0.02549210
81 98 83 103 0.11990200
81 98 87 103 0.00389018
81 98 84 104 0.00136832
81 98 82 104 0.00336415
48 90 49 96 0.01371910
48 76 49 77 0.16158600
48 76 48 78 0.12946800
48 96 50 102 0.00153914
76 83 81 88 0.00169812
5 135 5 138 0.00829168
128 135 135 143 0.05158560
128 136 135 143 0.13910000
128 136 135 146 0.00337926
128 136 137 145 0.00159270
128 136 138 146 0.64350800
86 93 91 99 0.11026700
86 93 90 100 0.00177049
86 93 90 97 0.03029630
86 93 88 99 0.00534686
86 93 89 98 0.00901552
86 116 89 126 0.00498961
86 116 88 127 0.00187377
86 94 91 99 0.07775930
86 94 90 100 0.01049370
86 94 88 99 0.02104660
86 94 89 98 0.00106132
86 94 89 101 0.00067594
108 126 108 125 0.00068964
58 67 59 68 0.29840400
58 67 60 69 0.06325630
80 87 83 90 0.00667473
80 87 81 87 0.00338433
80 87 81 88 0.00056523
80 89 80 89 0.00339187
80 89 85 94 0.02143120
80 89 84 95 0.00125359
80 89 82 95 0.01628410
80 89 83 94 0.00215752
80 88 83 94 0.00076959
80 88 85 94 0.00374295
80 88 81 88 0.00164150
80 99 82 104 0.10075300
80 99 84 104 0.01528450
39 102 40 109 0.00120446
87 93 89 98 0.00617500
87 93 90 100 0.00156892
87 93 90 97 0.00421977
87 93 91 99 0.18420500
33 38 34 39 0.32917400
33 38 33 40 0.00383044
120 125 131 135 0.00183503
120 124 127 131 0.23074500
120 124 129 134 0.00075249
6 134 6 137 0.00825896
78 87 80 89 0.00107082
78 87 79 90 0.02758420
49 117 49 128 0.00832905
49 117 51 126 0.00116581
49 117 50 127 0.35801200
49 75 49 77 0.25628100
49 75 50 76 0.16766500
49 95 51 101 0.00284121
49 91 49 96 0.00112449
