46 52 46 52 0.00654111
50 76 50 76 0.57936100
61 66 61 66 0.61704200
61 68 61 68 0.00835895
64 71 64 71 0.00071195
57 71 57 71 0.07159460
41 85 41 84 0.00055936
90 96 90 97 0.33665800
28 34 28 34 0.84808200
45 81 45 81 0.63172600
39 87 39 87 0.08377580
87 99 88 99 0.00058422
49 77 49 77 0.68143600
101 121 102 121 0.28673700
48 78 48 78 0.66847900
5 159 5 159 0.10526200
86 100 86 101 0.22347200
44 82 44 82 0.82339900
82 104 82 104 0.00756354
82 103 82 104 0.00593712
65 70 65 70 0.00151545
52 74 52 74 0.86264600
26 36 26 36 0.17265700
43 83 43 83 0.57936800
47 51 47 51 0.00229742
88 98 88 99 0.70671500
88 98 89 98 0.00053739
59 68 59 68 0.86622800
56 65 56 65 0.00051200
56 71 56 71 0.40697300
56 72 56 72 0.03791470
103 119 104 119 0.16289300
103 117 104 117 0.03468640
104 116 105 116 0.25588700
51 75 51 75 0.58096400
55 72 55 72 0.43188400
55 71 55 71 0.11214700
89 97 90 97 0.00132746
89 97 89 98 0.27798900
83 102 83 103 0.02211790
60 69 60 69 0.00404739
60 67 60 67 0.81839400
102 120 103 120 0.28892700
27 35 27 35 0.14758000
