1 1 0.74677765
51 42 0.00484269
51 43 0.02794655
51 51 0.54007075
29 29 0.40923713
29 30 0.01919528
29 28 0.15812001
29 31 0.00163770
29 22 0.02658565
29 23 0.00807530
29 26 0.15458900
41 41 0.53233225
41 35 0.04207997
41 34 0.01391630
41 39 0.00051260
41 40 0.00704839
41 33 0.00390813
41 42 0.00102078
41 32 0.00093724
112 112 0.31980386
112 106 0.02502921
110 105 0.00194131
110 104 0.00178568
110 110 0.51717797
85 85 0.07857486
85 81 0.01329812
85 77 0.07330161
85 86 0.45405652
85 84 0.00435500
13 10 0.04184957
13 14 0.00362520
13 11 0.00064777
13 13 0.43344685
13 15 0.01673740
13 9 0.10853252
13 12 0.01246437
20 14 0.05125359
20 18 0.00067936
20 19 0.00565156
20 16 0.04377508
20 17 0.16548387
20 20 0.14166411
20 21 0.00315455
20 22 0.00623358
20 15 0.00282074
25 20 0.00126439
25 26 0.00279396
25 27 0.00067145
25 25 0.19571812
25 21 0.02377573
25 22 0.05473161
25 24 0.00625494
22 19 0.16423150
22 16 0.06763142
22 17 0.00184792
22 24 0.00667653
22 18 0.04066404
22 15 0.00109805
22 23 0.00309053
22 22 0.27192969
22 21 0.00695497
64 56 0.13260134
64 65 0.01468837
64 64 0.10654097
64 60 0.00280760
64 62 0.00230537
64 63 0.00146298
64 55 0.00324542
9 5 0.00748082
9 7 0.00086261
9 6 0.00089474
9 9 0.53412794
33 32 0.08151475
33 33 0.07629546
33 27 0.03534114
33 28 0.00230857
33 30 0.09865936
33 34 0.00085378
120 120 0.22573207
120 115 0.00096500
120 118 0.00077999
43 43 0.29240386
43 34 0.02948674
43 35 0.00404991
43 37 0.01921542
48 42 0.01368125
48 41 0.02316549
48 48 0.65501266
48 40 0.02410241
48 39 0.06149303
118 118 0.60613244
44 38 0.00410623
44 36 0.00073894
44 35 0.08072498
44 44 0.67271557
44 37 0.00056440
62 58 0.00274193
62 62 0.30270600
62 63 0.04081290
62 61 0.02201889
62 60 0.00151853
17 13 0.07605535
17 18 0.00518797
17 14 0.19865262
17 11 0.00721301
17 19 0.01643533
17 16 0.00875163
17 17 0.44805914
8 5 0.00164500
8 8 0.66187183
8 4 0.02735063
8 7 0.00491993
8 9 0.00060742
97 97 0.82188381
97 92 0.00050540
97 91 0.00071857
97 95 0.00098227
46 37 0.08864442
46 38 0.01045929
46 41 0.00135519
46 46 0.43995118
46 39 0.01785704
46 40 0.00192971
67 59 0.09446239
67 63 0.00125909
67 58 0.01158017
67 66 0.01438553
67 65 0.00414423
67 67 0.24327884
67 68 0.27056107
93 88 0.00182526
93 86 0.01471082
93 90 0.00134917
93 93 0.48623992
93 92 0.01279495
93 85 0.00063249
93 94 0.00539993
93 87 0.00058346
124 118 0.00087120
124 124 0.73979026
124 119 0.00099214
50 43 0.04664229
50 41 0.01106436
50 50 0.52248114
50 42 0.02181264
57 57 0.46494267
57 50 0.05839961
57 49 0.04559727
57 56 0.01108117
57 51 0.00337727
57 58 0.06099145
57 48 0.00424726
23 25 0.00068340
23 22 0.01711094
23 23 0.23500117
23 20 0.17546194
23 16 0.00406785
23 17 0.06970577
23 19 0.00130248
23 24 0.00252104
23 18 0.00114648
121 116 0.00182633
121 115 0.01464527
121 118 0.00091005
121 121 0.47973967
114 108 0.07999240
114 114 0.47440757
114 109 0.00171639
96 96 0.36174428
96 94 0.00105258
71 63 0.07406430
71 71 0.04458110
71 62 0.03145804
71 70 0.00109657
71 64 0.03443844
71 67 0.00421254
71 72 0.53287815
71 69 0.00336460
40 31 0.00191326
40 40 0.40435466
40 39 0.01975801
40 34 0.06395245
40 38 0.00309603
40 41 0.00078640
39 37 0.00575810
39 33 0.00774824
39 40 0.00255895
39 39 0.40166296
39 30 0.00186920
39 38 0.05064128
116 116 0.45059834
116 111 0.00348881
116 110 0.00283884
36 37 0.00331572
36 33 0.06431737
36 36 0.19036148
36 29 0.00105295
36 34 0.01279270
36 30 0.14063303
36 35 0.14955909
84 76 0.06549916
84 84 0.06471172
84 85 0.38277466
84 82 0.00066536
84 80 0.01262705
84 77 0.00082380
84 75 0.00074427
84 83 0.00394522
32 31 0.08625672
32 29 0.03065282
32 32 0.31277631
32 33 0.01870966
32 26 0.00796817
68 67 0.00318850
68 69 0.13878069
68 68 0.18463234
68 60 0.00257206
68 61 0.01412889
68 66 0.02204334
49 41 0.02039487
49 40 0.03291307
49 43 0.02976237
49 49 0.51848278
49 42 0.02551634
98 91 0.00087869
98 93 0.00108418
98 92 0.00064182
98 98 0.19272376
98 96 0.00082253
61 57 0.00115345
61 60 0.02134821
61 61 0.42468360
61 53 0.10091783
61 54 0.00091004
61 62 0.02600115
12 9 0.02954628
12 12 0.41961290
12 13 0.00425197
12 8 0.00592942
12 11 0.00124279
12 14 0.01398476
12 10 0.00375452
95 88 0.00220760
95 93 0.00081208
95 94 0.00673002
95 95 0.42866581
95 87 0.00475023
107 108 0.00117668
107 102 0.02810358
107 107 0.45430750
107 101 0.12147154
86 87 0.43980000
86 79 0.01866071
86 78 0.00521150
86 82 0.02114490
86 85 0.00358357
86 86 0.10749255
30 27 0.15387277
30 29 0.02622481
30 30 0.40576361
30 28 0.00051567
30 31 0.01931879
73 73 0.06108063
73 74 0.39924647
73 69 0.00827189
73 64 0.00582579
73 65 0.00263780
24 17 0.02456254
24 24 0.32584466
24 18 0.07214594
24 26 0.01160139
24 25 0.00299317
24 23 0.05734581
24 22 0.00056635
24 21 0.16789449
24 20 0.02810534
108 108 0.52911389
108 103 0.01520444
108 102 0.13438199
108 109 0.00115073
79 80 0.16815925
79 75 0.01716687
79 79 0.01306843
79 78 0.00069744
79 70 0.02522144
79 71 0.00173091
119 119 0.32286211
47 39 0.01777719
47 40 0.03001630
47 41 0.00406196
47 38 0.08547183
47 47 0.52632355
47 42 0.00147157
78 78 0.01110533
78 79 0.01760422
78 72 0.00057112
78 71 0.00340598
78 70 0.13376506
102 102 0.67194848
102 97 0.06192540
102 101 0.00076189
102 96 0.00911505
83 79 0.01381198
83 83 0.05177039
83 82 0.00510571
83 74 0.00089649
83 75 0.12299130
83 84 0.45475498
83 76 0.01845196
89 89 0.11322084
89 88 0.00334897
89 90 0.34437903
89 85 0.01212152
89 82 0.08406897
10 8 0.00085229
10 10 0.27808021
10 11 0.00105486
10 6 0.04348418
10 7 0.00158580
10 12 0.00071014
10 9 0.00592762
58 52 0.00079056
58 57 0.00206255
58 49 0.00856953
58 50 0.06417289
58 58 0.61086204
58 51 0.01295254
58 59 0.07934731
14 9 0.00062209
14 15 0.00574088
14 13 0.00244067
14 16 0.00410150
14 11 0.10263951
14 14 0.40606264
14 10 0.10713415
115 115 0.51807745
90 86 0.01031159
90 89 0.00227017
90 90 0.12365671
90 82 0.02104378
90 91 0.22368037
90 87 0.00050804
90 83 0.00252775
101 95 0.01634385
101 94 0.00266294
101 96 0.13670626
101 100 0.00070941
101 101 0.63288934
111 106 0.00052593
111 111 0.82500620
111 105 0.00186098
4 4 0.62958614
4 3 0.00183192
56 55 0.00212814
56 48 0.04048457
56 57 0.02363527
56 47 0.00142193
56 50 0.01613859
56 49 0.05012410
56 56 0.32032690
77 68 0.01246299
77 77 0.05903924
77 78 0.31185557
77 73 0.00939745
6 5 0.01442687
6 4 0.00127438
6 3 0.00874252
6 7 0.00070613
6 6 0.50636286
6 2 0.00080500
94 87 0.12106892
94 94 0.63999607
94 85 0.00050989
94 92 0.00074151
94 86 0.00077513
45 38 0.00280175
45 36 0.10189119
45 45 0.27329819
45 39 0.00092312
45 37 0.00173912
31 24 0.00060834
31 30 0.05053963
31 28 0.03724199
31 31 0.38328884
31 25 0.04515398
31 26 0.00361648
31 32 0.01881825
100 95 0.00933755
100 94 0.00305866
100 98 0.00055115
100 100 0.69020155
55 48 0.02500673
55 55 0.48330627
55 54 0.00095358
55 56 0.00398932
55 49 0.01748272
55 47 0.00147842
16 13 0.07447356
16 15 0.00372231
16 12 0.00098717
16 18 0.01816591
16 16 0.31141492
16 17 0.00655645
104 98 0.00419068
104 99 0.00059123
104 104 0.47445417
106 106 0.76940373
106 101 0.00170259
106 107 0.00065674
106 100 0.00391912
54 47 0.00154599
54 48 0.01395168
54 55 0.00137416
54 46 0.00876977
54 54 0.78977322
38 39 0.00427907
38 38 0.47901892
38 36 0.00089835
38 35 0.00335007
38 32 0.00242133
38 37 0.07348098
69 65 0.00182156
69 66 0.00067644
69 61 0.00395278
69 67 0.00621812
69 68 0.00293158
69 69 0.10578954
69 71 0.00183884
69 62 0.00257682
69 70 0.35487728
81 73 0.00659148
81 82 0.17487961
81 81 0.07614541
81 80 0.00388039
81 77 0.00274298
72 68 0.00444464
72 72 0.12659517
72 64 0.06748884
72 65 0.00895030
72 70 0.00136405
72 73 0.51320871
72 63 0.00450653
26 20 0.08805730
26 23 0.00864232
26 22 0.01493774
26 21 0.00164696
26 26 0.02585906
26 25 0.00218288
42 34 0.01492868
42 35 0.00276069
42 36 0.03719480
42 41 0.00438287
42 42 0.62507890
42 33 0.00375086
2 1 0.00461370
2 2 0.68676656
21 16 0.00238247
21 17 0.04217318
21 18 0.16955013
21 14 0.00058439
21 15 0.06495549
21 23 0.00677840
21 22 0.00314718
21 21 0.39234775
21 20 0.00603572
53 54 0.00144801
53 46 0.01974850
53 45 0.00349377
53 53 0.69845643
53 47 0.00072554
65 63 0.00056284
65 66 0.18525040
65 65 0.22016539
65 64 0.01046540
65 61 0.00283351
76 70 0.00054499
76 76 0.08608679
76 68 0.13215784
76 72 0.01138791
76 77 0.59203353
76 67 0.00281456
18 19 0.00399177
18 17 0.00711769
18 18 0.48827747
18 14 0.06188040
18 15 0.19752866
18 13 0.00096630
18 20 0.01009537
105 105 0.43647301
105 100 0.01304982
99 99 0.24684500
99 97 0.00085583
99 92 0.00120093
99 91 0.00169980
99 93 0.00662634
99 94 0.11022021
11 11 0.32039092
11 10 0.00346247
11 9 0.00093369
11 12 0.00387370
11 13 0.00566680
34 29 0.00280228
34 34 0.17029963
34 35 0.00105080
34 28 0.11212972
34 31 0.10560633
34 33 0.06273541
34 27 0.01410935
34 32 0.00151507
63 61 0.00999533
63 64 0.05617004
63 56 0.02517329
63 55 0.00163288
63 63 0.29723152
63 59 0.00278017
63 62 0.02123178
35 33 0.00920820
35 32 0.02773607
35 34 0.05990025
35 35 0.27424599
35 36 0.00387692
35 29 0.13220223
35 28 0.01022548
7 3 0.03168470
7 4 0.01770918
7 6 0.01327050
7 7 0.60439042
7 5 0.00092043
123 123 0.67699010
123 122 0.00090227
123 118 0.10838997
123 117 0.01825147
60 59 0.02143790
60 52 0.00148765
60 53 0.02379713
60 60 0.50379020
60 61 0.03764576
37 34 0.01009312
37 35 0.00218767
37 36 0.00991430
37 38 0.00484150
37 31 0.01627445
37 37 0.46818410
66 58 0.00823536
66 62 0.00283903
66 59 0.00560020
66 67 0.41720711
66 66 0.33606313
66 65 0.01241519
66 57 0.00129862
66 64 0.00149669
5 1 0.00052739
5 5 0.51166317
5 4 0.01962594
5 6 0.00061672
88 84 0.00504868
88 88 0.12180086
88 89 0.40211648
88 87 0.00325791
88 80 0.00112349
88 81 0.00060917
117 111 0.15420469
117 112 0.00802307
117 117 0.44792865
70 66 0.00828092
70 61 0.04478034
70 68 0.00408410
70 72 0.00175282
70 69 0.00208009
70 63 0.00992405
70 70 0.09258628
70 62 0.08447295
70 71 0.46981428
113 113 0.46092394
113 107 0.05917959
113 108 0.00243241
28 22 0.10189963
28 21 0.02654553
28 23 0.00630956
28 27 0.09061161
28 25 0.15896953
28 28 0.29978887
28 29 0.01909203
28 30 0.00273465
19 13 0.03695094
19 20 0.00267256
19 21 0.01845878
19 15 0.04603694
19 14 0.00086063
19 18 0.00547448
19 19 0.40217543
19 16 0.19222133
59 59 0.59582335
59 51 0.00174553
59 58 0.02134200
59 60 0.17969418
59 53 0.00079899
59 50 0.00750879
109 103 0.14732804
109 109 0.82368353
52 52 0.48117546
52 53 0.00063253
52 43 0.00409876
52 45 0.00207755
52 46 0.00647879
82 75 0.00057481
82 81 0.00434475
82 74 0.00053531
82 82 0.11640536
82 78 0.01324696
82 83 0.33162205
92 84 0.00051807
92 89 0.00263894
92 88 0.00180494
92 87 0.00521941
92 83 0.00131357
92 92 0.57490517
92 85 0.00400020
92 91 0.00360221
92 93 0.02614228
74 72 0.00125053
74 75 0.26796654
74 74 0.02004449
74 65 0.01363493
74 66 0.00068564
74 70 0.00508524
91 91 0.20700533
91 92 0.23000598
91 83 0.00076820
91 87 0.00434995
91 88 0.00121626
91 90 0.00206952
91 84 0.00212383
80 76 0.00849303
80 80 0.07733890
80 81 0.23872656
80 79 0.00330775
3 3 0.62601414
3 2 0.00096100
75 76 0.63314974
75 71 0.00291682
75 66 0.00079662
75 67 0.01577206
75 75 0.09045427
75 68 0.00611540
75 69 0.00058767
122 118 0.00176343
122 117 0.00292112
122 116 0.00330617
122 122 0.63510757
87 87 0.10126533
87 79 0.01549229
87 83 0.00386708
87 80 0.00284671
87 88 0.58199075
87 86 0.00340571
103 103 0.56513853
103 102 0.00057919
27 27 0.21515082
27 26 0.00179188
27 21 0.09049953
27 22 0.00314696
27 23 0.00202271
27 20 0.02679165
27 29 0.01085428
27 24 0.08072078
27 28 0.00067457
15 16 0.00484378
15 17 0.00593761
15 14 0.00213112
15 11 0.10707408
15 12 0.01723734
15 9 0.00603057
15 15 0.32465435
