126 126 0.60607400
72 72 0.45935900
61 61 0.48044200
62 62 0.35886100
130 130 0.08266800
110 110 0.99203200
8 8 0.59980000
146 146 0.83331700
98 98 0.99743500
91 91 0.89600200
94 94 0.63671700
111 111 0.79205100
14 14 0.30880400
104 104 0.93565300
29 29 0.99333200
83 83 0.34450300
42 42 0.96100000
30 30 0.99326600
39 39 0.47436300
84 84 0.35810600
9 9 0.69407000
116 116 0.32427800
115 115 0.32389000
35 35 0.31882800
121 121 0.95444000
66 66 0.97999100
131 131 0.32586700
134 134 0.32411600
122 122 0.60608600
49 49 0.45013500
43 43 0.90202100
138 138 0.10009000
107 107 0.99207700
80 80 0.34223400
38 38 0.43380700
40 40 0.68499000
123 123 0.99989500
13 13 0.35456600
27 27 0.99822800
127 127 0.99977300
6 6 0.97049600
79 79 0.08448410
15 15 0.30924000
142 142 0.97492500
23 23 0.54550500
118 118 0.08267320
136 136 0.14525100
90 90 0.97117200
147 147 0.72835400
147 148 0.00193841
37 37 0.36976600
95 95 0.59009300
149 150 0.00075217
149 149 0.96869700
149 148 0.00098587
145 145 0.97305900
55 55 0.54221700
26 26 0.99820700
82 82 0.08347030
28 28 0.17239300
16 16 0.31367900
109 109 0.99209000
76 76 0.53826200
125 125 0.95448400
137 137 0.73075100
52 52 0.20048400
156 156 0.59679600
31 31 0.99373400
160 160 0.99986900
144 144 0.97294500
114 114 0.32423800
3 3 0.63213500
51 51 0.08738220
47 47 0.34246900
12 12 0.41994600
63 63 0.34699800
56 56 0.27673800
101 101 0.99804300
81 81 0.45013800
152 152 0.88453900
59 59 0.96323700
53 53 0.39238200
133 133 0.32388900
57 57 0.52226300
64 64 0.88321200
120 120 0.02559310
65 65 0.98015600
157 157 0.72889400
60 60 0.96303400
77 77 0.43620200
45 45 0.10448300
71 71 0.61137300
48 48 0.08307590
32 32 0.99397200
155 155 0.97215900
68 68 0.89052600
70 70 0.86733500
117 117 0.32586700
158 158 0.42422000
143 143 0.89780900
129 129 0.99979900
105 105 0.99199100
4 4 0.59259000
4 5 0.00055001
44 44 0.63965900
128 128 0.02557830
151 151 0.45807800
132 132 0.32427800
1 1 0.37862000
22 22 0.62262000
159 159 0.39664500
21 21 0.99361900
150 150 0.53925500
150 149 0.00107328
58 58 0.97239500
24 24 0.99823900
69 69 0.66502700
5 5 0.60450300
5 4 0.00136358
99 99 0.99800600
97 97 0.50127000
92 92 0.97320400
46 46 0.34299100
87 87 0.88781600
50 50 0.34222500
153 153 0.98843400
11 11 0.98204700
78 78 0.14726000
33 33 0.32067400
93 93 0.90345800
20 20 0.99423500
88 88 0.93188900
108 108 0.99204900
54 54 0.99216200
18 18 0.99432400
148 148 0.96605900
148 149 0.00528191
96 96 0.13104100
75 75 0.27952800
106 106 0.99205500
41 41 0.69792400
102 102 0.74314500
10 10 0.47436700
86 86 0.91290500
112 112 0.14770200
74 74 0.57079900
2 2 0.30183300
140 140 0.57534700
113 113 0.32374000
124 124 0.99989400
73 73 0.52510300
100 100 0.99803700
141 141 0.97485100
19 19 0.99432700
89 89 0.90161500
34 34 0.31370700
7 7 0.96744100
36 36 0.32057600
154 154 0.98855800
25 25 0.99823800
17 17 0.32066100
67 67 0.93441800
135 135 0.32328400
103 103 0.80316700
119 119 0.99991400
85 85 0.12322700
139 139 0.69382700
