22 21 0.02254424
22 8 0.00062351
22 10 0.00094702
22 9 0.00109443
22 22 0.55541364
11 9 0.00116830
11 5 0.00463367
11 7 0.00729949
11 11 0.58457670
11 10 0.00170938
11 3 0.00082579
11 8 0.05319138
11 6 0.00476564
11 4 0.00208601
113 99 0.01123520
113 100 0.11218905
113 98 0.00065638
113 101 0.00598504
113 113 0.53203533
113 103 0.00139564
113 102 0.06433500
102 87 0.00073735
102 102 0.58231890
102 88 0.17936974
102 85 0.01800515
13 11 0.00162685
13 7 0.02811155
13 13 0.74177994
13 9 0.00567762
13 5 0.00267871
13 6 0.00119402
13 3 0.00086253
13 8 0.00912118
13 10 0.04832971
13 4 0.00140310
15 6 0.01254584
15 10 0.01583017
15 8 0.00093460
15 12 0.00295553
15 9 0.01536314
15 5 0.00124951
15 11 0.00094375
15 7 0.00379424
15 15 0.60414288
81 81 0.25877428
81 64 0.00568822
81 65 0.00151493
91 91 0.33643760
91 74 0.00239121
91 76 0.00074354
91 75 0.00719521
32 14 0.04983350
32 32 0.70526432
34 34 0.16838598
34 16 0.00268455
46 29 0.00130161
46 46 0.24936289
46 28 0.00067225
62 46 0.14407629
62 47 0.00086441
62 62 0.57972279
62 48 0.00685394
62 43 0.00133183
61 43 0.00270009
61 42 0.00210031
61 61 0.18879786
61 47 0.00105245
60 46 0.00392688
60 41 0.01871656
60 43 0.03209987
60 45 0.00204318
60 60 0.19130720
60 42 0.01258688
60 44 0.00293632
21 11 0.00138102
21 20 0.04094379
21 9 0.00297489
21 21 0.55572964
21 8 0.00124045
21 10 0.00067054
21 6 0.00204526
57 42 0.00161123
57 57 0.70419878
57 38 0.00201455
57 40 0.01720668
57 39 0.00118344
57 41 0.00753724
57 43 0.00074392
111 99 0.00068387
111 111 0.58732732
111 100 0.00202253
111 97 0.00075281
111 98 0.00831517
111 101 0.00058056
111 95 0.00094537
64 50 0.00503647
64 47 0.00973070
64 48 0.20927888
64 49 0.00149861
64 64 0.18416653
28 12 0.00054039
28 10 0.00198400
28 11 0.00312841
28 28 0.23669497
130 124 0.00100635
130 127 0.00150545
130 130 0.61181337
130 123 0.00056821
130 122 0.09930292
130 125 0.00094210
130 131 0.00507454
25 11 0.01247779
25 7 0.00304754
25 25 0.73196115
25 13 0.00114388
25 9 0.00677424
25 5 0.00059473
25 10 0.00590967
25 8 0.00411962
25 4 0.00066743
25 24 0.01796890
25 12 0.00317794
87 70 0.00235106
87 87 0.63685392
112 102 0.00092522
112 112 0.57091928
112 101 0.00444644
112 98 0.00107951
112 100 0.00054162
112 99 0.00638804
123 123 0.62844969
123 113 0.07339203
123 112 0.00270095
123 115 0.01554935
107 93 0.16135167
107 90 0.01879339
107 94 0.03769339
107 92 0.01455026
107 107 0.67734813
107 91 0.00468643
107 95 0.00198483
71 71 0.47738518
71 56 0.01227717
71 55 0.19548416
71 54 0.00085561
17 6 0.00162430
17 10 0.00116206
17 8 0.00191815
17 12 0.00068060
17 11 0.00114248
17 7 0.00060265
17 9 0.00238983
17 5 0.00053747
17 17 0.33988734
92 76 0.01911454
92 75 0.08678364
92 92 0.28332264
66 50 0.03660656
66 66 0.24071618
66 47 0.00113964
66 51 0.00074794
66 49 0.00176778
8 3 0.00295902
8 8 0.36106336
8 6 0.00052301
8 4 0.01889276
8 7 0.01371376
8 2 0.00074136
8 5 0.00140623
44 44 0.24771257
96 79 0.04317092
96 80 0.00098287
96 96 0.68708225
96 82 0.00151647
97 97 0.72450738
97 82 0.00052842
110 99 0.00061036
110 94 0.01460202
110 96 0.01119113
110 98 0.00341812
110 97 0.20020248
110 110 0.71964624
110 95 0.00066599
89 89 0.25604132
89 73 0.01702984
109 95 0.02449057
109 92 0.00184571
109 97 0.00275726
109 96 0.18707323
109 93 0.02161314
109 109 0.72247946
109 94 0.00127013
72 57 0.00227771
72 56 0.03564291
72 55 0.00102159
72 72 0.59850510
54 37 0.00797227
54 54 0.03981329
54 36 0.00430097
54 35 0.00853114
90 73 0.14111215
90 90 0.32990261
128 128 0.73357387
128 129 0.00224708
128 120 0.05461927
128 127 0.00167195
16 16 0.27018141
16 10 0.00428353
16 6 0.00062202
16 9 0.00085615
16 7 0.00448480
16 11 0.00075534
116 105 0.05195865
116 116 0.61405741
116 102 0.00486934
127 119 0.07249169
127 126 0.00226716
127 127 0.05733348
127 116 0.00228533
86 69 0.00230397
86 86 0.72806520
63 46 0.00275176
63 63 0.23273966
63 47 0.12253841
63 48 0.00051960
63 49 0.00389041
6 5 0.00118001
6 6 0.58012959
58 40 0.01598372
58 44 0.00286161
58 42 0.03996137
58 58 0.19173959
58 43 0.00599424
58 41 0.04909865
42 42 0.68925443
42 24 0.19583226
118 109 0.00112935
118 118 0.03171337
12 12 0.68930841
12 4 0.00114252
12 8 0.00488350
12 10 0.00212378
12 6 0.00683447
12 5 0.00097727
12 9 0.04693019
12 7 0.00424778
120 120 0.72650306
120 110 0.00102285
120 109 0.04949214
120 111 0.00343203
120 112 0.00130332
4 3 0.00844922
4 4 0.57896971
4 2 0.00086430
4 1 0.00190393
43 25 0.00084465
43 43 0.04975788
99 84 0.01122679
99 82 0.00268689
99 85 0.03782515
99 83 0.00220100
99 99 0.57476842
88 88 0.42332071
88 73 0.00071482
88 71 0.00083411
31 13 0.02163884
31 14 0.00113996
31 31 0.23431907
132 132 0.73425102
132 128 0.00487316
132 131 0.00411746
132 125 0.00554999
132 129 0.02299827
132 126 0.00338846
132 124 0.07912566
132 130 0.00349165
132 127 0.00627287
7 7 0.27860531
7 2 0.00135662
7 4 0.00100460
7 3 0.00163461
7 10 0.00055445
7 6 0.02021992
106 94 0.00187557
106 89 0.01317716
106 88 0.00051173
106 90 0.00272402
106 93 0.01964044
106 91 0.01975994
106 105 0.00058639
106 92 0.17421177
106 106 0.74448050
69 54 0.00424851
69 55 0.00083610
69 50 0.00114915
69 69 0.23616446
69 53 0.00338923
79 64 0.00051788
79 62 0.00912425
79 63 0.01306401
79 79 0.33167815
95 78 0.00345138
95 79 0.01272714
95 95 0.57502195
124 123 0.00185684
124 124 0.54031641
124 113 0.00888041
124 116 0.18597260
124 115 0.00190056
101 101 0.59943127
126 118 0.00622310
126 125 0.00313714
126 115 0.00243131
126 116 0.00214932
126 126 0.55063726
10 5 0.00304510
10 9 0.00072176
10 2 0.00055937
10 7 0.04229607
10 4 0.00143923
10 6 0.00979947
10 10 0.70261538
10 8 0.00107281
10 3 0.00086666
48 32 0.07093535
48 33 0.00201332
48 31 0.00136288
48 48 0.71816765
39 22 0.00221862
39 39 0.17958051
39 21 0.03103922
70 56 0.00052996
70 55 0.01362721
70 54 0.21754245
70 70 0.57418697
70 51 0.00115971
74 55 0.00120846
74 58 0.07044390
74 74 0.48382288
74 59 0.00180857
74 57 0.00423620
129 130 0.00223195
129 128 0.00071817
129 129 0.67161738
129 121 0.04237291
77 77 0.57144987
77 58 0.00054786
77 62 0.01483068
77 61 0.02521946
117 117 0.61352482
117 106 0.00670283
117 103 0.00144587
117 107 0.00094180
40 23 0.00064194
40 40 0.24356337
40 24 0.00091578
40 22 0.01661028
125 116 0.00853545
125 124 0.00134344
125 125 0.60115571
125 115 0.00098790
125 117 0.00284347
3 3 0.55408731
3 6 0.00062861
3 4 0.00060555
3 2 0.02194580
3 1 0.00147294
3 5 0.00962916
104 91 0.00152848
104 104 0.74542624
104 89 0.00179915
104 90 0.00940612
119 108 0.00331076
119 110 0.00074508
119 119 0.56765684
119 109 0.01330191
65 49 0.21327555
65 65 0.26663162
65 51 0.00351618
65 48 0.00595525
65 46 0.00125509
65 50 0.00288935
98 82 0.00330656
98 98 0.58847636
98 83 0.00051015
98 84 0.00078422
37 37 0.57062997
37 19 0.02411844
94 77 0.01353694
94 94 0.58085773
94 78 0.00076986
94 79 0.00061527
49 33 0.00407388
49 49 0.73003719
49 34 0.03008217
49 32 0.10146877
78 62 0.19804259
78 63 0.00070281
78 61 0.00097472
78 59 0.00101401
78 73 0.00050159
78 78 0.27919783
33 33 0.22083985
33 15 0.00334649
80 80 0.33243521
80 64 0.08093460
80 63 0.00097992
1 2 0.00753714
1 1 0.47224797
1 3 0.03617138
1 4 0.00513914
35 18 0.00422347
35 17 0.00288430
35 35 0.70153912
105 90 0.00164714
105 88 0.00094972
105 104 0.00055372
105 92 0.00216784
105 105 0.73317793
105 91 0.00801837
36 36 0.24188247
36 18 0.13862070
38 38 0.18558717
38 21 0.00214588
85 68 0.00197906
85 85 0.72805204
73 54 0.00118984
73 73 0.57444063
73 56 0.00348250
73 57 0.20377170
23 23 0.42717577
23 8 0.00130139
23 10 0.00201087
23 11 0.00177758
23 7 0.00094244
23 22 0.01530026
53 34 0.00092972
53 35 0.01587341
53 53 0.23641851
53 36 0.00148474
26 26 0.62584363
26 25 0.00284453
26 11 0.00835548
26 5 0.00084378
26 9 0.00595443
26 12 0.00827495
26 10 0.00411899
26 8 0.00301327
26 6 0.00072960
103 103 0.74241818
103 85 0.00077351
103 89 0.18252776
103 88 0.02969433
103 90 0.00052174
108 92 0.02009009
108 91 0.00334041
108 108 0.69306918
108 95 0.17368919
108 93 0.00277672
108 94 0.03669441
108 96 0.00275242
9 4 0.00630325
9 3 0.00228973
9 8 0.01231449
9 6 0.00375396
9 1 0.00053598
9 7 0.00071229
9 2 0.00091246
9 5 0.01934572
9 9 0.30427310
114 103 0.00059693
114 114 0.58957076
114 101 0.00291162
29 15 0.04827329
29 11 0.02000525
29 29 0.23654493
29 12 0.00077413
20 20 0.55563207
20 19 0.02212013
27 6 0.00272241
27 10 0.01062425
27 12 0.00149625
27 11 0.00560704
27 7 0.00068564
27 26 0.00148364
27 13 0.00726504
27 9 0.00613811
27 27 0.74849451
5 4 0.04504335
5 8 0.00076674
5 3 0.00129658
5 5 0.59794994
5 1 0.00236280
5 2 0.00159908
5 7 0.00075979
19 11 0.00179829
19 7 0.00610703
19 9 0.00285644
19 18 0.01053698
19 19 0.59032405
19 6 0.00107312
19 8 0.00145370
19 10 0.00643510
18 9 0.00233551
18 17 0.00070748
18 18 0.30737828
18 11 0.00081011
18 6 0.00203335
18 10 0.00076812
18 8 0.00081606
122 113 0.03885137
122 112 0.00924604
122 111 0.00350240
122 122 0.68996457
122 121 0.00219502
30 13 0.00051101
30 30 0.16711630
30 12 0.02023946
30 16 0.00203823
121 121 0.69116380
121 120 0.00054903
121 110 0.00140923
121 111 0.00557617
121 109 0.00054546
121 113 0.02536537
121 112 0.00708093
76 61 0.00080939
76 57 0.00110451
76 76 0.56836351
76 59 0.00482243
76 60 0.00488477
51 51 0.24167938
51 36 0.00128312
51 33 0.00068830
51 35 0.05801196
51 32 0.00278014
51 34 0.04301834
45 27 0.00133577
45 28 0.00061899
45 45 0.17822325
55 39 0.00480189
55 36 0.00076160
55 40 0.00382331
55 38 0.00591712
55 37 0.03445362
55 55 0.71729395
131 126 0.00768480
131 123 0.18524457
131 130 0.00134531
131 127 0.00185915
131 124 0.00334443
131 131 0.56685503
131 128 0.00357719
131 132 0.00700365
131 129 0.00066055
131 125 0.00111226
67 50 0.00106583
67 67 0.16581936
67 52 0.00573760
67 51 0.21157473
67 48 0.00111046
115 115 0.68375957
115 99 0.00050866
115 104 0.00322534
115 105 0.00071247
115 101 0.00533194
115 102 0.00377950
41 24 0.03910144
41 23 0.00227253
41 41 0.22137166
56 39 0.00840119
56 38 0.00523484
56 40 0.00704074
56 41 0.00158214
56 56 0.73331057
56 37 0.05538062
100 85 0.00092195
100 83 0.00499264
100 100 0.59866131
100 86 0.00186323
100 84 0.00104035
83 67 0.00101359
83 83 0.35079692
14 14 0.72648167
14 4 0.00146190
14 8 0.02280398
14 10 0.00181001
14 6 0.00217183
14 5 0.00373858
14 9 0.01190779
14 7 0.00087556
14 11 0.03537291
2 2 0.47888104
2 1 0.00587258
2 4 0.00090678
68 49 0.00111147
68 54 0.00120686
68 52 0.00284313
68 51 0.00102168
68 68 0.23614536
68 53 0.00746248
50 33 0.00511517
50 32 0.02012635
50 34 0.05062718
50 50 0.73016748
50 35 0.03225467
84 84 0.72810241
84 67 0.00179765
47 32 0.01236722
47 30 0.00183740
47 47 0.72778488
82 82 0.72961078
82 65 0.00352295
82 66 0.00129571
75 56 0.00120340
75 75 0.72554353
75 59 0.21827393
75 58 0.00215350
75 60 0.01381731
52 34 0.00158272
52 35 0.06271625
52 37 0.00654475
52 36 0.00550579
52 52 0.16609788
59 41 0.01505750
59 45 0.00536882
59 43 0.07894714
59 42 0.04971096
59 59 0.27733055
59 40 0.00239293
59 44 0.00406124
24 11 0.00092012
24 9 0.00067935
24 10 0.00327026
24 6 0.00091685
24 24 0.42016628
24 23 0.01208533
93 76 0.20144272
93 93 0.55832551
93 77 0.00205832
