123 123 0.78622600
87 87 0.39620300
154 154 0.32744800
9 9 0.33261400
57 57 0.66694800
49 49 0.31620700
65 65 0.35143300
40 40 0.26168400
14 14 0.91982000
156 156 0.43311700
80 80 0.98780400
42 42 0.29133000
36 36 0.44201700
4 4 0.94576600
25 25 0.33436800
30 30 0.99987400
107 107 0.58976700
146 146 0.41432400
124 124 0.68243800
134 134 0.77844800
112 112 0.53068000
145 145 0.41608500
13 13 0.86788500
135 135 0.73538600
59 59 0.54807300
125 125 0.73124300
69 69 0.95979500
144 144 0.33573200
131 131 0.76048700
32 32 0.38849700
64 64 0.34520500
41 41 0.41654500
105 105 0.65574000
114 114 0.98349700
132 132 0.65100800
116 116 0.98010800
52 52 0.85882100
10 10 0.39251000
34 34 0.33435500
96 96 0.33185200
98 98 0.35163700
21 21 0.37407400
50 50 0.86001100
51 51 0.83105000
93 93 0.97901900
6 6 0.35996600
102 102 0.38404200
136 136 0.52856200
7 7 0.45222400
119 119 0.96333400
82 82 0.98783700
117 117 0.97346600
63 63 0.39564500
38 38 0.43218800
88 88 0.30497100
61 61 0.65405500
100 100 0.39966700
126 126 0.66409700
122 122 0.47851100
99 99 0.39544900
150 150 0.37372500
1 1 0.83701900
113 113 0.51725900
19 19 0.47973800
127 127 0.79933400
92 92 0.96292800
86 86 0.39639300
29 29 0.99987400
16 16 0.70357600
104 104 0.55349400
26 26 0.44503300
108 108 0.51879600
142 142 0.28231100
158 158 0.73553900
53 53 0.59942300
47 47 0.43088100
101 101 0.90950000
37 37 0.99264200
74 74 0.39620200
155 155 0.42146900
20 20 0.76173700
106 106 0.77964000
118 118 0.96339500
22 22 0.99283200
60 60 0.66954700
27 27 0.38849100
149 149 0.94662500
48 48 0.32355200
75 75 0.39639200
56 56 0.44361200
35 35 0.37944900
128 128 0.64680600
5 5 0.42538900
17 17 0.48875900
153 153 0.44574100
2 2 0.96584100
67 67 0.30503100
71 71 0.63225000
11 11 0.56746700
81 81 0.98781400
94 94 0.16350700
147 147 0.98991600
68 68 0.13707700
72 72 0.59161400
12 12 0.77946600
130 130 0.27747900
39 39 0.92360200
31 31 0.99986700
23 23 0.44210600
109 109 0.52460500
8 8 0.44744100
138 138 0.79788300
28 28 0.99985900
103 103 0.74520100
79 79 0.98781500
115 115 0.98553400
137 137 0.49804800
83 83 0.31620800
3 3 0.99993400
129 129 0.59040200
76 76 0.12130400
58 58 0.74105500
152 152 0.40679800
143 143 0.39315300
141 141 0.38068200
157 157 0.32342000
121 121 0.46826500
91 91 0.10136300
70 70 0.21089400
90 90 0.34320200
15 15 0.94235900
110 110 0.63453500
85 85 0.12131000
46 46 0.44068600
73 73 0.30497000
120 120 0.49716000
77 77 0.29372400
44 44 0.34392200
133 133 0.40366500
55 55 0.39749300
151 151 0.39268600
140 140 0.38242700
33 33 0.44502600
45 45 0.35138700
84 84 0.30587000
62 62 0.38275600
66 66 0.30752300
78 78 0.31620700
95 95 0.33902400
89 89 0.99738900
148 148 0.91944200
24 24 0.37946700
54 54 0.63369100
97 97 0.36856400
111 111 0.53843300
18 18 0.46884600
43 43 0.28850000
139 139 0.33368700
