44 43 0.00111913
44 44 0.98674500
44 45 0.00218863
77 77 0.99017700
120 120 0.95077000
140 141 0.00090162
140 140 0.75429200
151 151 0.97358600
33 33 0.99027800
133 133 0.95016700
55 55 0.99029900
148 148 0.31823100
89 88 0.00188640
89 89 0.98783000
66 66 0.99277600
62 62 0.99024100
78 78 0.99023800
95 94 0.00317954
95 95 0.79651500
54 54 0.99028300
24 24 0.99005300
45 45 0.98770200
45 46 0.00204674
84 84 0.98726700
84 85 0.00058062
84 83 0.00212456
139 139 0.77485900
111 111 0.94829100
97 96 0.00181913
97 97 0.97804000
18 18 0.98942300
43 43 0.98702200
43 44 0.00195656
43 42 0.00088791
143 143 0.91977900
143 142 0.00250696
157 157 0.03740890
141 141 0.95072600
141 142 0.00064380
141 140 0.00420596
91 91 0.98712600
91 90 0.00214226
121 121 0.97474400
110 110 0.91414900
90 89 0.00203443
90 90 0.98795800
70 70 0.99014800
15 15 0.95001700
15 16 0.00050305
85 85 0.98736900
85 84 0.00207815
73 73 0.99029800
46 46 0.98763100
46 47 0.00236297
72 72 0.99026800
147 147 0.95745200
68 68 0.83658000
94 94 0.98577300
94 93 0.00265541
12 12 0.93977000
12 11 0.00050882
12 13 0.00100026
11 12 0.00278417
11 11 0.93822300
11 10 0.00057817
71 71 0.99024600
81 81 0.99017300
109 109 0.89693300
23 23 0.99006900
31 31 0.99030100
28 28 0.99028200
138 138 0.91458500
8 9 0.01740170
8 8 0.63495100
8 7 0.00769360
130 130 0.95028200
39 39 0.99009900
3 3 0.48492500
3 4 0.21986500
3 2 0.01808170
115 115 0.93504800
137 137 0.90058700
83 83 0.98777600
103 103 0.52601200
79 79 0.99024700
152 152 0.97367800
76 76 0.99027600
129 129 0.94998800
58 58 0.99030500
22 22 0.99026700
60 60 0.99029000
106 106 0.95106000
118 118 0.66994400
101 101 0.98274100
155 155 0.98405700
20 20 0.99023600
74 74 0.99030200
37 37 0.99018700
27 27 0.99027800
149 149 0.16792600
5 5 0.70264300
5 6 0.04024170
5 4 0.00376512
56 56 0.99029300
35 35 0.99028500
128 128 0.94973600
128 129 0.00050413
48 48 0.98615200
48 49 0.00384760
75 75 0.99030000
67 67 0.99268600
2 3 0.21177000
2 2 0.74266800
2 1 0.02438930
17 16 0.00056077
17 17 0.98840700
153 153 0.97587400
99 99 0.94545200
150 150 0.10927400
122 122 0.97474400
19 19 0.98988700
127 127 0.49866700
92 91 0.00273649
92 92 0.98708700
1 1 0.78654300
1 2 0.18869400
113 113 0.94107800
86 86 0.98813400
86 85 0.00202375
104 104 0.91412400
108 108 0.95121300
26 26 0.99025200
29 29 0.99028500
16 17 0.00071332
16 16 0.97536200
47 47 0.98638400
47 48 0.00356130
53 53 0.99017800
158 158 0.12380700
142 141 0.00409130
142 142 0.88013800
50 51 0.00093656
50 50 0.98599600
51 52 0.00050882
51 51 0.98901300
98 98 0.97888600
98 97 0.00113837
21 21 0.99028400
82 82 0.98990100
119 119 0.43818400
136 136 0.95047000
7 6 0.01679300
7 7 0.42549800
7 8 0.09212190
93 93 0.93928800
93 92 0.00270304
102 102 0.98280600
6 7 0.01826290
6 6 0.70813900
6 5 0.00263196
88 88 0.98805300
88 87 0.00191507
117 117 0.31548900
38 38 0.99015900
63 63 0.86065800
126 126 0.28822700
61 61 0.99026500
100 100 0.92840800
134 134 0.95000600
112 112 0.94823600
124 124 0.44216000
59 59 0.99029200
144 143 0.00175855
144 144 0.89428300
125 125 0.66625900
69 69 0.86064400
13 13 0.90501200
13 14 0.00081129
135 135 0.87899200
145 145 0.96593700
145 144 0.00096101
41 42 0.00068548
41 41 0.98894800
105 105 0.95101300
32 32 0.99030000
131 131 0.95019600
64 64 0.83663100
10 10 0.88917800
10 11 0.00421311
34 34 0.99024500
96 95 0.00244652
96 96 0.65369400
114 114 0.93511500
132 132 0.95021900
52 52 0.98957000
116 116 0.49677000
9 9 0.92461400
9 10 0.00569587
9 8 0.00055352
154 154 0.98386500
87 86 0.00175628
87 87 0.98829200
49 49 0.98565000
49 50 0.00375047
57 57 0.99029400
123 123 0.97528200
65 65 0.99274100
42 42 0.98822000
42 41 0.00055999
42 43 0.00110385
36 36 0.99025200
156 156 0.07711860
14 15 0.00050994
14 14 0.51765700
40 40 0.98970500
80 80 0.99021500
146 146 0.85325500
4 3 0.01863370
4 5 0.22418900
4 4 0.65053500
107 107 0.95112600
30 30 0.99028700
25 25 0.99000400
