3 4 0.01863370
3 2 0.21177000
3 3 0.48492500
115 115 0.93504800
83 83 0.98777600
83 84 0.00212456
137 137 0.90058700
103 103 0.52601200
79 79 0.99024700
152 152 0.97367800
129 128 0.00050413
129 129 0.94998800
76 76 0.99027600
58 58 0.99030500
94 95 0.00317954
94 94 0.98577300
147 147 0.95745200
68 68 0.83658000
72 72 0.99026800
12 12 0.93977000
12 11 0.00278417
71 71 0.99024600
11 11 0.93822300
11 10 0.00421311
11 12 0.00050882
81 81 0.99017300
31 31 0.99030100
23 23 0.99006900
109 109 0.89693300
8 8 0.63495100
8 9 0.00055352
8 7 0.09212190
28 28 0.99028200
138 138 0.91458500
130 130 0.95028200
39 39 0.99009900
128 128 0.94973600
56 56 0.99029300
35 35 0.99028500
5 4 0.22418900
5 6 0.00263196
5 5 0.70264300
48 47 0.00356130
48 48 0.98615200
75 75 0.99030000
2 3 0.01808170
2 1 0.18869400
2 2 0.74266800
67 67 0.99268600
17 17 0.98840700
17 16 0.00071332
153 153 0.97587400
118 118 0.66994400
106 106 0.95106000
60 60 0.99029000
22 22 0.99026700
101 101 0.98274100
37 37 0.99018700
20 20 0.99023600
155 155 0.98405700
74 74 0.99030200
27 27 0.99027800
149 149 0.16792600
66 66 0.99277600
95 95 0.79651500
95 96 0.00244652
78 78 0.99023800
62 62 0.99024100
89 90 0.00203443
89 89 0.98783000
148 148 0.31823100
24 24 0.99005300
54 54 0.99028300
45 45 0.98770200
45 44 0.00218863
84 85 0.00207815
84 84 0.98726700
139 139 0.77485900
111 111 0.94829100
97 98 0.00113837
97 97 0.97804000
18 18 0.98942300
43 44 0.00111913
43 42 0.00110385
43 43 0.98702200
44 44 0.98674500
44 43 0.00195656
120 120 0.95077000
77 77 0.99017700
151 151 0.97358600
140 141 0.00420596
140 140 0.75429200
33 33 0.99027800
133 133 0.95016700
55 55 0.99029900
85 86 0.00202375
85 85 0.98736900
85 84 0.00058062
73 73 0.99029800
46 46 0.98763100
46 45 0.00204674
143 143 0.91977900
143 144 0.00175855
141 140 0.00090162
141 141 0.95072600
141 142 0.00409130
157 157 0.03740890
121 121 0.97474400
91 92 0.00273649
91 91 0.98712600
90 90 0.98795800
90 91 0.00214226
15 14 0.00050994
15 15 0.95001700
70 70 0.99014800
110 110 0.91414900
41 41 0.98894800
41 42 0.00055999
105 105 0.95101300
131 131 0.95019600
32 32 0.99030000
64 64 0.83663100
10 9 0.00569587
10 10 0.88917800
10 11 0.00057817
34 34 0.99024500
96 96 0.65369400
96 97 0.00181913
114 114 0.93511500
132 132 0.95021900
52 52 0.98957000
52 51 0.00050882
116 116 0.49677000
134 134 0.95000600
112 112 0.94823600
124 124 0.44216000
59 59 0.99029200
125 125 0.66625900
144 144 0.89428300
144 145 0.00096101
69 69 0.86064400
145 145 0.96593700
135 135 0.87899200
13 12 0.00100026
13 13 0.90501200
42 43 0.00088791
42 42 0.98822000
42 41 0.00068548
36 36 0.99025200
40 40 0.98970500
14 14 0.51765700
14 13 0.00081129
156 156 0.07711860
80 80 0.99021500
146 146 0.85325500
4 4 0.65053500
4 5 0.00376512
4 3 0.21986500
30 30 0.99028700
25 25 0.99000400
107 107 0.95112600
154 154 0.98386500
87 87 0.98829200
87 88 0.00191507
9 8 0.01740170
9 9 0.92461400
57 57 0.99029400
49 49 0.98565000
49 48 0.00384760
123 123 0.97528200
65 65 0.99274100
104 104 0.91412400
26 26 0.99025200
108 108 0.95121300
29 29 0.99028500
16 17 0.00056077
16 16 0.97536200
16 15 0.00050305
47 46 0.00236297
47 47 0.98638400
142 142 0.88013800
142 143 0.00250696
142 141 0.00064380
53 53 0.99017800
158 158 0.12380700
99 99 0.94545200
150 150 0.10927400
122 122 0.97474400
1 1 0.78654300
1 2 0.02438930
113 113 0.94107800
127 127 0.49866700
19 19 0.98988700
92 92 0.98708700
92 93 0.00270304
86 86 0.98813400
86 87 0.00175628
88 89 0.00188640
88 88 0.98805300
117 117 0.31548900
63 63 0.86065800
38 38 0.99015900
126 126 0.28822700
61 61 0.99026500
100 100 0.92840800
50 50 0.98599600
50 49 0.00375047
51 50 0.00093656
51 51 0.98901300
98 98 0.97888600
21 21 0.99028400
119 119 0.43818400
136 136 0.95047000
7 6 0.01826290
7 7 0.42549800
7 8 0.00769360
82 82 0.98990100
93 93 0.93928800
93 94 0.00265541
6 7 0.01679300
6 5 0.04024170
6 6 0.70813900
102 102 0.98280600
