110 110 0.58744200
120 120 0.93319500
50 48 0.00411120
50 52 0.00249266
50 50 0.98937500
50 49 0.00111976
50 51 0.00241226
81 82 0.98685200
81 81 0.00792009
81 80 0.00426078
16 17 0.12527000
16 16 0.86510600
126 126 0.99710400
126 127 0.00123622
127 127 0.99699000
127 128 0.00121929
155 154 0.88983700
155 155 0.05953280
155 151 0.00065198
155 156 0.04619970
134 134 0.99699100
74 76 0.01382620
74 72 0.00060124
74 73 0.00373202
74 74 0.03904680
74 75 0.94151000
133 133 0.99808100
93 94 0.50304400
93 93 0.28387800
93 95 0.00067295
93 92 0.00275258
52 54 0.00231927
52 52 0.98913500
52 50 0.00413137
52 53 0.00363932
92 94 0.00067951
92 93 0.71019800
92 92 0.07771720
92 91 0.00262182
19 20 0.10435900
19 19 0.88339700
108 108 0.93338400
125 126 0.00081577
125 125 0.99859500
43 42 0.00054515
43 43 0.99899100
5 5 0.99962800
116 117 0.00052018
116 116 0.99914500
27 27 0.99573900
27 28 0.00105681
141 141 0.56494000
141 142 0.01783530
141 139 0.00078371
141 140 0.20754900
8 8 0.94317500
8 9 0.05644680
64 63 0.00196991
64 66 0.00486514
64 62 0.00266406
64 64 0.22765900
64 65 0.75813000
102 102 0.99935000
69 71 0.00412706
69 67 0.00064455
69 70 0.79695900
69 69 0.19600800
69 68 0.00118956
75 73 0.00051896
75 76 0.94739100
75 74 0.00433849
75 75 0.03143120
75 77 0.01480490
114 114 0.99982400
85 84 0.00403810
85 86 0.99533800
32 32 0.99993100
53 53 0.98219400
53 55 0.00226864
53 54 0.01051130
53 51 0.00404975
121 121 0.99971000
41 41 0.99923300
113 113 0.99986800
122 122 0.99987300
145 146 0.04678060
145 144 0.59191200
145 145 0.25384700
145 143 0.01032000
31 31 0.99972200
128 128 0.99689700
128 129 0.00066689
156 152 0.00063657
156 157 0.04405190
156 156 0.06331470
156 155 0.88889200
105 105 0.99974900
62 63 0.74153300
62 62 0.24351900
62 60 0.00304177
62 61 0.00242356
62 64 0.00870332
18 18 0.88182000
18 19 0.02925390
109 109 0.99996600
106 106 0.99985000
60 58 0.00428181
60 62 0.00902037
60 60 0.30820200
60 61 0.67319400
60 59 0.00357109
135 135 0.99577600
135 134 0.00123683
107 107 0.99995900
55 54 0.00209833
55 57 0.00694135
55 55 0.74420600
55 56 0.24064800
55 53 0.00398976
1 1 0.99993800
101 101 0.99900300
101 102 0.00052979
136 136 0.98794000
136 135 0.00226674
140 139 0.02743290
140 140 0.76192800
140 138 0.00056221
140 141 0.00303653
142 140 0.00267221
142 141 0.11096900
142 142 0.31768300
142 143 0.03257240
117 117 0.27809600
51 53 0.00252969
51 52 0.00276020
51 50 0.00065396
51 49 0.00414697
51 51 0.98962200
138 138 0.97082600
17 17 0.68546500
17 18 0.11700000
33 33 0.99995000
12 13 0.15681400
12 12 0.84254300
2 2 0.99995600
123 123 0.99984300
157 153 0.00060688
157 157 0.08355230
157 156 0.87099900
157 158 0.02949080
38 38 0.99994400
124 124 0.99941900
151 152 0.05466750
151 149 0.00067148
151 151 0.06047500
151 150 0.87287700
13 13 0.84149000
13 14 0.15536000
34 34 0.99984400
40 40 0.99935000
45 44 0.00056637
45 45 0.99812500
148 148 0.07498320
148 147 0.85187500
148 149 0.05583330
148 146 0.00675274
98 99 0.00392450
98 97 0.00109167
98 98 0.98999800
57 57 0.46674000
57 59 0.00786929
57 55 0.00413923
57 56 0.00389692
57 58 0.51508400
23 23 0.90079400
23 24 0.05085390
88 88 0.00452643
88 89 0.97561800
88 87 0.00396996
47 49 0.00205258
47 47 0.99161600
47 45 0.00100691
47 48 0.00135311
104 104 0.99958600
15 16 0.13449600
15 15 0.84542200
103 103 0.99964800
4 4 0.99980800
14 15 0.15407500
14 14 0.84272500
112 112 0.99979700
78 77 0.00686021
78 79 0.96747200
78 80 0.01050130
78 78 0.01439860
58 56 0.00422851
58 58 0.39718200
58 60 0.00907644
58 57 0.00485090
58 59 0.58331100
95 96 0.06253690
95 95 0.72575000
95 94 0.00386390
139 139 0.94659500
139 138 0.00384952
89 89 0.02123010
89 88 0.00286703
89 90 0.97341300
96 96 0.93381100
96 95 0.00311579
96 97 0.02607700
24 24 0.94278800
24 25 0.00878452
97 98 0.00869568
97 97 0.97177000
97 96 0.00172391
146 147 0.04935160
146 145 0.68340000
146 146 0.16972400
146 144 0.01162650
71 70 0.00201824
71 71 0.13909600
71 72 0.84930300
71 73 0.00779350
71 69 0.00063517
48 46 0.00143643
48 49 0.00180960
48 50 0.00246490
48 48 0.98978900
48 47 0.00106990
73 71 0.00068311
73 73 0.04668540
73 72 0.00298002
73 74 0.93596900
73 75 0.01274350
147 148 0.05285100
147 147 0.08582930
147 145 0.00950796
147 146 0.76723500
159 159 0.31541400
159 158 0.66884200
84 85 0.99567900
84 83 0.00402577
119 119 0.99972600
29 29 0.99899500
154 153 0.88963200
154 150 0.00051870
154 155 0.04715320
154 154 0.05789410
82 83 0.99455400
82 81 0.00393056
82 82 0.00128783
66 67 0.78024700
66 66 0.21305200
66 65 0.00137067
66 64 0.00077264
66 68 0.00377807
131 131 0.99805700
35 35 0.99990100
137 136 0.00088738
137 137 0.51907700
54 52 0.00399579
54 53 0.00074597
54 56 0.00276156
54 55 0.04234470
54 54 0.94835600
144 142 0.00652704
144 143 0.51254400
144 145 0.04465280
144 144 0.33752900
56 56 0.50023000
56 58 0.00728317
56 55 0.00291379
56 54 0.00408213
56 57 0.48344600
80 82 0.00092238
80 80 0.01424120
80 81 0.97288100
80 79 0.00660289
30 30 0.99969600
7 7 0.98864800
7 8 0.01129020
99 100 0.00293042
99 99 0.99549500
77 77 0.02015880
77 78 0.95973300
77 76 0.00601204
77 79 0.01086640
130 130 0.99767200
39 39 0.99986700
129 129 0.99743500
115 115 0.99926000
115 116 0.00064868
37 37 0.99988600
72 71 0.00252466
72 72 0.09297380
72 73 0.89264400
72 70 0.00067213
72 74 0.01007930
153 149 0.00051146
153 154 0.04850850
153 153 0.05495010
153 152 0.88851000
91 90 0.00258598
91 91 0.04111450
91 92 0.91879000
3 3 0.99995600
143 144 0.04234750
143 142 0.43829800
143 143 0.41559900
143 141 0.00452265
25 26 0.00162639
25 25 0.89908400
42 42 0.99888300
26 26 0.80315200
26 27 0.00060200
46 46 0.99614500
46 47 0.00083748
46 48 0.00117993
20 21 0.10363900
20 20 0.89420800
28 28 0.99842400
28 29 0.00066020
70 69 0.00129605
70 68 0.00063877
70 71 0.80276100
70 72 0.00534232
70 70 0.18882000
152 151 0.88023600
152 152 0.05412750
152 148 0.00051065
152 153 0.05152770
76 77 0.95453700
76 75 0.00516830
76 78 0.01282430
76 76 0.02401270
36 36 0.99991500
67 69 0.00319728
67 65 0.00072146
67 68 0.78916300
67 67 0.20485400
67 66 0.00126266
44 44 0.99861200
59 60 0.64011600
59 58 0.00396703
59 59 0.34094100
59 61 0.00945592
59 57 0.00435453
150 148 0.00094117
150 150 0.06766610
150 151 0.05588990
150 149 0.87217500
118 118 0.58735100
100 100 0.99657300
100 101 0.00083281
83 84 0.99566100
83 82 0.00394601
21 21 0.89491300
21 22 0.10044500
49 50 0.00216439
49 48 0.00160340
49 47 0.00375292
49 51 0.00246753
49 49 0.98923200
158 159 0.01499480
158 157 0.73395200
158 156 0.00051478
158 158 0.23503200
158 154 0.00051745
10 10 0.85289500
10 11 0.14687400
65 67 0.00432919
65 66 0.77124700
65 63 0.00107733
65 65 0.22114000
65 64 0.00140100
86 87 0.99339800
86 85 0.00408391
87 87 0.00231309
87 86 0.00409919
87 88 0.99139500
132 132 0.99811300
63 65 0.00860810
63 61 0.00283777
63 64 0.75020800
63 62 0.00216389
63 63 0.23468700
94 93 0.00420678
94 95 0.26853000
94 94 0.49040700
79 78 0.00697723
79 81 0.00611095
79 80 0.96769200
79 79 0.01390390
11 12 0.15588000
11 11 0.84343000
9 9 0.89806200
9 10 0.10169800
6 7 0.00179154
6 6 0.99818200
22 22 0.89547400
22 23 0.09294920
68 67 0.00114744
68 66 0.00067196
68 70 0.00329943
68 69 0.79741600
68 68 0.19650600
111 111 0.27858700
61 61 0.27587700
61 59 0.00348002
61 63 0.00907988
61 60 0.00309950
61 62 0.70760900
149 147 0.00362058
149 148 0.86260400
149 150 0.05563050
149 149 0.06792580
90 90 0.02360420
90 89 0.00271634
90 91 0.95566600
