67 68 0.00100163
67 65 0.01789387
67 64 0.00072524
67 69 0.00120418
67 67 0.61878167
141 141 0.98134435
68 66 0.02685485
68 70 0.00055430
68 68 0.60000224
68 65 0.00100713
68 69 0.00055480
101 101 0.64628474
101 102 0.00052102
100 100 0.95605824
43 41 0.00569866
43 42 0.00303503
43 43 0.64727629
43 45 0.07845790
43 44 0.00927738
62 61 0.00093102
62 59 0.01180479
62 60 0.00514983
62 64 0.00075432
62 58 0.00267363
62 62 0.60129384
104 105 0.00670146
104 104 0.45614899
104 103 0.00088256
142 142 0.70312721
11 11 0.43260970
11 10 0.01095383
11 13 0.02969624
11 8 0.00176240
11 12 0.04882174
11 17 0.00121289
11 15 0.00324939
11 16 0.01092073
11 14 0.03240182
11 9 0.02106442
48 47 0.00377367
48 48 0.82459098
48 51 0.01002610
48 49 0.00649769
48 50 0.06540088
127 126 0.01275986
127 128 0.01106974
127 127 0.76549984
59 58 0.00304964
59 57 0.08378775
59 60 0.00659231
59 59 0.85602671
59 56 0.01489473
59 61 0.00273608
76 77 0.00371876
76 74 0.01565741
76 75 0.00437181
76 73 0.00413574
76 76 0.88531934
150 151 0.00214751
150 149 0.00227292
150 150 0.58545271
17 17 0.70852986
17 19 0.03990435
17 15 0.02717123
17 16 0.03192525
17 18 0.02388975
17 23 0.00149761
17 14 0.01056333
17 13 0.00210889
17 20 0.01067908
17 22 0.00362728
17 12 0.00171201
148 148 0.62388490
148 149 0.00145566
148 147 0.00061829
137 137 0.70340476
12 18 0.00180357
12 16 0.00393546
12 14 0.02761886
12 9 0.00474030
12 17 0.01384054
12 15 0.02661909
12 8 0.00085459
12 12 0.67587761
12 13 0.04631776
12 11 0.03196991
12 10 0.01390079
114 113 0.02474024
114 115 0.02367558
114 114 0.36273875
118 118 0.69111574
118 119 0.08419254
118 117 0.06852881
89 89 0.66888288
117 117 0.49511335
117 116 0.02841959
117 118 0.07284557
133 134 0.00208001
133 133 0.60532074
133 132 0.00232824
27 23 0.00277518
27 26 0.02407289
27 27 0.44185521
27 24 0.00639647
27 28 0.02037927
27 32 0.00816457
27 25 0.01168923
27 22 0.00083738
27 30 0.02157223
27 29 0.04064853
27 31 0.00280446
3 3 0.60116164
3 4 0.00292212
3 5 0.01135415
3 2 0.00252026
3 1 0.00457902
40 43 0.01189448
40 40 0.59418478
40 38 0.00182312
40 42 0.05666152
40 39 0.00133413
40 41 0.00543024
79 78 0.00205200
79 76 0.00059623
79 80 0.00161334
79 79 0.77280618
21 20 0.00324261
21 22 0.01329324
21 25 0.00328239
21 28 0.00202540
21 21 0.40952142
21 19 0.00325489
21 24 0.01521393
21 18 0.00239079
21 26 0.00229340
21 23 0.01311263
70 73 0.00055537
70 72 0.00253547
70 70 0.54529564
70 68 0.01874289
70 71 0.00702431
70 67 0.00136099
70 69 0.00222970
61 58 0.01174803
61 62 0.00102145
61 59 0.05674434
61 60 0.00171968
61 57 0.00288098
61 63 0.00060570
61 61 0.59936849
75 74 0.00332478
75 72 0.00644744
75 77 0.00071858
75 73 0.04924693
75 75 0.84498047
75 76 0.00343190
56 57 0.00559416
56 59 0.00067478
56 58 0.00395509
56 54 0.00278784
56 55 0.00063368
56 56 0.59405965
125 124 0.01290337
125 125 0.78945604
125 126 0.00964377
97 97 0.67742232
74 71 0.00265852
74 76 0.00102053
74 75 0.00333479
74 73 0.00278007
74 74 0.77943930
74 72 0.01737859
5 8 0.02089657
5 6 0.00569983
5 7 0.00569315
5 5 0.51649560
5 2 0.00092985
5 9 0.00061592
5 3 0.00845329
5 4 0.00500126
139 139 0.98162708
146 146 0.44517327
20 21 0.00364708
20 25 0.00224391
20 22 0.01160470
20 20 0.37253604
20 23 0.02517972
20 18 0.00543091
20 16 0.00241350
20 24 0.00324837
20 17 0.00577337
20 19 0.01851248
31 36 0.00071099
31 33 0.01246050
31 34 0.00438520
31 32 0.01802414
31 28 0.00602410
31 30 0.01969770
31 29 0.00966187
31 31 0.50010103
31 35 0.00151502
29 25 0.00113318
29 32 0.00902275
29 28 0.02179661
29 31 0.04263713
29 29 0.53380981
29 30 0.02019869
29 27 0.01160346
29 26 0.00746541
29 33 0.00125601
29 24 0.00126298
49 47 0.00154063
49 51 0.05388532
49 52 0.00592716
49 48 0.00274799
49 49 0.84529476
49 46 0.00098318
49 50 0.01802117
69 72 0.00082290
69 70 0.00695293
69 66 0.01298132
69 68 0.00066777
69 71 0.00206073
69 67 0.04548471
69 69 0.82642169
34 36 0.01219552
34 37 0.00145975
34 34 0.58757757
34 33 0.01694832
34 32 0.00420600
34 35 0.02070555
34 31 0.00126585
83 83 0.72483752
149 149 0.63121087
149 148 0.00145517
149 150 0.00227293
140 140 0.98152333
86 86 0.79587715
111 112 0.03908431
111 110 0.03728913
111 111 0.71350155
120 120 0.75092649
120 121 0.02219357
120 119 0.06785642
77 78 0.00340189
77 76 0.00500859
77 77 0.91682964
77 74 0.00380368
77 75 0.00606199
25 24 0.03175145
25 27 0.01563626
25 26 0.03343629
25 23 0.01014857
25 29 0.00392895
25 20 0.00071107
25 31 0.00143940
25 30 0.00920232
25 22 0.01195993
25 25 0.51191848
25 32 0.00173175
25 28 0.01998919
25 21 0.00291691
102 101 0.00052102
102 102 0.96900549
41 44 0.01239483
41 43 0.05855555
41 40 0.00334502
41 42 0.03406277
41 39 0.00454206
41 41 0.85508449
30 33 0.00811797
30 27 0.00635611
30 26 0.00055046
30 35 0.00403786
30 29 0.02126698
30 31 0.01823228
30 30 0.47886267
30 28 0.00999173
30 32 0.02997846
30 25 0.00085969
1 4 0.00063501
1 3 0.00644446
1 2 0.00118108
1 1 0.89101164
46 48 0.00084206
46 47 0.00079244
46 49 0.01247749
46 46 0.58960810
46 44 0.00080432
46 45 0.00116871
78 79 0.00240551
78 77 0.00305227
78 75 0.00344960
78 78 0.81625933
78 76 0.00138007
85 85 0.79596271
147 147 0.51437864
147 148 0.00061877
107 106 0.02051727
107 108 0.01690127
107 107 0.46887462
116 116 0.55688715
116 115 0.02442381
116 117 0.03224886
124 124 0.96214487
124 125 0.01332376
124 123 0.01323534
55 53 0.00073076
55 57 0.00239153
55 54 0.00138337
55 55 0.47908053
55 56 0.00117912
55 52 0.00435750
55 51 0.00156073
57 56 0.00229676
57 55 0.00260755
57 54 0.00141137
57 59 0.00177126
57 57 0.61014205
57 58 0.00219754
44 46 0.00122936
44 44 0.61978289
44 45 0.00272138
44 43 0.00151783
44 47 0.00091519
44 42 0.00348913
45 47 0.00200088
45 46 0.00052696
45 44 0.00163239
45 45 0.49857323
45 43 0.00458265
53 53 0.82029453
53 50 0.00175063
53 51 0.00252448
53 52 0.00526708
53 54 0.00231031
53 55 0.00200001
115 115 0.67120888
115 116 0.02830292
115 114 0.02367576
95 95 0.70979048
39 37 0.00203748
39 40 0.00151743
39 38 0.00174929
39 41 0.00458412
39 39 0.59662682
39 42 0.01224221
132 133 0.00240446
132 132 0.44183454
132 131 0.00629689
145 145 0.49546366
19 15 0.00263235
19 24 0.00236717
19 19 0.67402710
19 17 0.01703508
19 23 0.00729362
19 14 0.00162110
19 16 0.01002281
19 18 0.01637480
19 22 0.01562330
19 20 0.01950350
19 21 0.00373142
58 56 0.08704369
58 58 0.64392829
58 59 0.00565176
58 57 0.00218704
58 60 0.00354696
47 46 0.00063145
47 49 0.01052432
47 50 0.01152293
47 47 0.61558929
47 48 0.00071335
98 98 0.49059389
10 9 0.00492005
10 14 0.00319667
10 16 0.00070475
10 15 0.00723561
10 12 0.01900674
10 8 0.00133110
10 10 0.48019067
10 11 0.01133544
10 13 0.02406911
99 99 0.75486220
23 22 0.03306969
23 30 0.00204240
23 29 0.00148222
23 20 0.01232296
23 28 0.00981868
23 21 0.00905455
23 25 0.01197723
23 24 0.03543147
23 19 0.00464425
23 23 0.73632956
23 26 0.01467358
23 18 0.00133649
23 27 0.00343380
87 87 0.79595039
64 64 0.60011098
64 62 0.02857845
129 128 0.00102852
129 130 0.00083107
129 129 0.63314658
96 96 0.65905003
54 56 0.00156213
54 51 0.00152780
54 52 0.05156651
54 54 0.61445317
54 55 0.00269460
54 53 0.00188718
54 50 0.00074395
60 60 0.85938944
60 57 0.01468042
60 59 0.00219631
60 62 0.00161282
60 58 0.08413820
60 61 0.00199872
60 63 0.00057700
60 56 0.00374679
16 11 0.00138696
16 13 0.00991905
16 20 0.00305116
16 12 0.00180518
16 15 0.03316872
16 19 0.01596504
16 17 0.03510108
16 23 0.00177197
16 14 0.02737994
16 16 0.71269341
16 18 0.04235839
112 111 0.03425763
112 113 0.03018143
112 112 0.72086941
94 94 0.38676174
131 132 0.00650354
131 130 0.00808616
131 131 0.49917177
105 106 0.01481061
105 105 0.65016563
105 104 0.00669827
9 14 0.00507771
9 9 0.51883478
9 10 0.00501937
9 13 0.00323973
9 11 0.03201171
9 7 0.00134766
9 6 0.00117697
9 12 0.01811380
9 8 0.01014458
26 21 0.00072272
26 28 0.04241671
26 32 0.00135493
26 25 0.02913898
26 22 0.00393815
26 30 0.00324850
26 31 0.00766718
26 29 0.02216333
26 23 0.00915119
26 26 0.50356953
26 27 0.02849706
26 24 0.01304870
135 135 0.35856548
135 134 0.00094876
15 17 0.04419674
15 19 0.00435121
15 15 0.73065651
15 18 0.01046625
15 16 0.03511390
15 14 0.03490304
15 20 0.00089439
15 10 0.00093682
15 11 0.00139489
15 13 0.02587723
15 12 0.01086973
71 70 0.00305740
71 72 0.00638940
71 73 0.00073067
71 69 0.05746392
71 68 0.00075366
71 71 0.53963586
126 125 0.00936586
126 126 0.76935604
126 127 0.01316948
63 59 0.00149028
63 60 0.00388284
63 63 0.63599802
63 61 0.00446554
38 37 0.00828213
38 40 0.00499338
38 36 0.00198507
38 41 0.00442570
38 39 0.01929912
38 38 0.61381984
35 37 0.00384388
35 34 0.01548053
35 33 0.00631020
35 36 0.01423067
35 35 0.56392505
35 32 0.00226325
84 84 0.41103598
73 69 0.00055652
73 71 0.01898615
73 70 0.00944785
73 72 0.00374078
73 74 0.00425617
73 73 0.76723830
73 75 0.00220173
151 151 0.62481767
151 150 0.00214856
52 54 0.00486604
52 52 0.83884648
52 51 0.00580217
52 50 0.00884843
52 53 0.00315155
52 49 0.00167978
14 10 0.00120645
14 11 0.01175682
14 13 0.03710056
14 20 0.00153156
14 12 0.02458901
14 15 0.03646611
14 19 0.01476117
14 17 0.02205528
14 14 0.69119332
14 9 0.00061457
14 16 0.04022818
14 18 0.00431451
50 49 0.00777454
50 53 0.00213787
50 50 0.84356304
50 47 0.00098491
50 51 0.02468680
50 52 0.02480934
50 48 0.00166179
66 66 0.60760481
66 69 0.00051513
66 67 0.00164048
143 143 0.14448437
13 12 0.04098678
13 10 0.00798858
13 11 0.02597739
13 13 0.63765546
13 14 0.03914722
13 9 0.00105909
13 18 0.01654623
13 16 0.02182317
13 15 0.03288120
13 19 0.00184618
13 17 0.00442770
103 104 0.00088256
103 103 0.34642805
65 65 0.63620182
65 63 0.00158582
110 109 0.03570678
110 110 0.66761293
110 111 0.04180131
28 24 0.00178904
28 33 0.00576798
28 27 0.01456877
28 26 0.01452200
28 23 0.00130409
28 31 0.02325957
28 29 0.02454618
28 30 0.04231004
28 25 0.00663960
28 28 0.47365563
28 32 0.00264011
130 131 0.00835734
130 130 0.60402675
130 129 0.00082152
121 121 0.67454156
121 120 0.02174746
121 122 0.02137790
8 11 0.00353498
8 10 0.00198815
8 7 0.00365136
8 5 0.00327800
8 12 0.00211653
8 8 0.70374092
8 6 0.02214125
8 4 0.00122493
8 9 0.01390220
88 88 0.60718666
91 91 0.81154338
144 144 0.25135777
18 18 0.61728407
18 16 0.02084657
18 14 0.00230225
18 23 0.00983925
18 19 0.01794780
18 17 0.02202066
18 15 0.00558776
18 21 0.00317815
18 20 0.00652599
18 13 0.00193544
18 22 0.00110108
81 80 0.00096282
81 81 0.64068172
4 7 0.00052984
4 2 0.00620512
4 5 0.00514687
4 8 0.00231057
4 6 0.00774413
4 4 0.56063384
4 3 0.00274542
37 36 0.01365390
37 34 0.00091142
37 37 0.56495179
37 38 0.00870833
37 35 0.00360180
37 39 0.01756567
109 110 0.03839561
109 109 0.58949579
109 108 0.01828198
92 92 0.61850740
106 107 0.02052418
106 105 0.01480945
106 106 0.41303025
72 73 0.00651816
72 74 0.00070299
72 72 0.59801423
72 70 0.07507738
72 71 0.00317844
72 69 0.00609233
2 1 0.00096174
2 5 0.00105082
2 2 0.79281002
2 3 0.00271621
2 4 0.00820656
93 93 0.82477522
33 36 0.00231988
33 37 0.00100957
33 33 0.56263589
33 34 0.02000373
33 32 0.01695474
33 31 0.00654658
33 30 0.00085207
33 35 0.01815350
82 82 0.61903806
136 136 0.50901676
51 54 0.00157406
51 51 0.84540330
51 52 0.01944882
51 48 0.00089794
51 50 0.00922802
51 53 0.00400981
51 49 0.00413245
42 42 0.85653792
42 41 0.00381289
42 43 0.01740639
42 40 0.00352484
42 45 0.01233506
42 44 0.07325805
123 123 0.95938361
123 124 0.01366185
123 122 0.01465205
90 90 0.79917949
36 36 0.59901027
36 37 0.01493715
36 34 0.00491036
36 38 0.00312958
36 39 0.00068597
36 35 0.01406791
24 28 0.00413470
24 21 0.00946307
24 25 0.03583525
24 22 0.00971871
24 20 0.00290348
24 29 0.00981865
24 31 0.00201868
24 30 0.00149179
24 23 0.03132579
24 27 0.01250954
24 26 0.01504907
24 24 0.54964036
24 19 0.00077980
119 119 0.70244275
119 120 0.06974274
119 118 0.08108946
128 129 0.00104008
128 128 0.58517418
128 127 0.01069448
32 36 0.00210211
32 37 0.00094503
32 33 0.02040872
32 34 0.01540546
32 32 0.83410058
32 29 0.00486169
32 31 0.01996515
32 30 0.00971871
32 35 0.01272095
138 138 0.98165602
113 112 0.02520677
113 113 0.73887734
113 114 0.03012257
134 135 0.00098157
134 133 0.00201210
134 134 0.26555544
122 123 0.01510101
122 121 0.02082192
122 122 0.85734533
108 109 0.01832094
108 107 0.01688752
108 108 0.55185189
6 5 0.00553649
6 7 0.00335799
6 11 0.00112312
6 6 0.49999429
6 8 0.03075826
6 4 0.00549297
6 9 0.00612001
80 81 0.00053891
80 79 0.00220946
80 80 0.91287310
22 25 0.01746913
22 28 0.00085616
22 21 0.01192288
22 29 0.00206416
22 20 0.00574704
22 22 0.49366084
22 18 0.00051977
22 27 0.00297968
22 26 0.00431551
22 23 0.03659656
22 19 0.01094190
22 24 0.01128812
7 6 0.00327411
7 8 0.00457055
7 5 0.00525296
7 7 0.51002522
7 10 0.00063158
7 9 0.00180185
