90 98 90 98 0.01727067
15 24 17 24 0.01138180
110 114 110 114 0.02166906
136 156 136 156 0.11534843
7 17 7 15 0.00134927
7 133 7 133 0.18000599
7 130 7 130 0.10845570
102 112 102 112 0.00096651
141 152 141 152 0.00967040
141 155 141 155 0.24033873
143 153 143 153 0.24065856
143 149 143 149 0.02877830
143 152 143 152 0.00778269
21 121 23 121 0.00294933
21 121 20 121 0.05142033
98 104 98 104 0.11329109
126 135 126 135 0.00771898
46 57 46 57 0.28940536
46 57 40 54 0.00170397
38 66 35 66 0.00082351
117 126 117 126 0.01976831
33 72 27 68 0.00195979
113 120 113 120 0.03880444
19 123 21 123 0.00106735
19 121 20 121 0.00621373
19 121 17 121 0.00272572
140 152 140 152 0.00436616
140 153 140 153 0.01763459
133 138 133 138 0.01623976
133 137 133 137 0.01747023
133 151 133 151 0.00063838
44 59 44 59 0.30167130
44 59 37 56 0.00125355
44 59 38 55 0.01253113
99 103 99 103 0.36409606
122 134 122 134 0.00197500
47 56 47 56 0.15140160
47 56 41 53 0.00151663
139 154 139 154 0.02113721
139 157 139 157 0.26826403
139 144 139 144 0.00191448
18 122 16 122 0.00219624
18 122 19 122 0.00536740
43 60 43 60 0.23650861
43 60 37 56 0.00876236
43 60 36 57 0.00126970
43 60 42 60 0.00109661
142 154 142 154 0.39642677
142 150 142 150 0.01094407
111 122 111 122 0.02190424
97 105 97 105 0.11873862
97 125 97 125 0.00350923
97 107 97 107 0.00568440
24 128 24 128 0.03513733
24 117 24 117 0.02049212
26 114 26 114 0.01999204
26 126 26 126 0.01291610
104 110 104 110 0.02010851
104 116 104 116 0.01013338
16 23 18 23 0.03403433
16 23 14 23 0.00094260
45 58 38 55 0.00086283
27 125 27 125 0.01433717
118 125 118 125 0.02168979
106 113 106 113 0.07833900
22 120 21 120 0.01499349
87 98 87 98 0.04756243
9 131 9 131 0.01267035
9 132 8 132 0.00060763
9 15 9 13 0.00079659
9 15 8 14 0.03549689
9 128 9 128 0.16256133
37 67 34 67 0.00155011
20 122 19 122 0.01620013
20 122 22 122 0.00106445
101 113 101 113 0.00241103
25 127 25 127 0.01658487
25 115 25 115 0.03449327
107 114 107 114 0.03972275
107 113 107 113 0.01529890
4 136 4 136 0.03472525
42 61 36 57 0.01435212
42 61 42 61 0.32355613
128 133 128 133 0.02675037
14 25 16 25 0.01020000
40 63 33 60 0.00101221
40 63 40 63 0.27761212
8 129 8 129 0.24776733
8 129 7 129 0.00290794
8 16 8 14 0.00247386
8 16 7 15 0.03225319
144 151 144 151 0.01515742
144 152 144 152 0.27665244
138 157 138 157 0.00693695
138 143 138 143 0.00174421
138 154 138 154 0.00879497
125 136 125 136 0.00526252
31 74 25 70 0.00224085
23 119 23 119 0.20420567
23 129 23 129 0.02912347
145 151 145 151 0.44267593
135 157 135 157 0.03969087
13 26 15 26 0.01576723
39 64 33 60 0.01138625
39 64 39 64 0.16936739
130 151 130 151 0.00064105
130 137 130 137 0.00971270
124 137 124 137 0.00946915
10 97 10 97 0.01655143
10 130 7 130 0.00919790
137 144 137 144 0.00089866
137 143 137 143 0.00147064
137 143 137 144 0.00129357
105 118 105 118 0.03360379
131 136 131 136 0.01441039
32 73 26 69 0.00122702
