109 117 109 117 0.19077992
25 82 25 82 0.16699479
29 78 29 78 0.08439020
88 144 89 144 0.00076716
43 68 45 68 0.02040571
43 68 43 70 0.00150834
43 68 44 69 0.00117358
43 67 44 69 0.00604030
43 67 45 68 0.00727467
39 73 40 73 0.16266325
39 73 39 74 0.00068531
110 116 110 116 0.18871011
22 85 22 85 0.05649388
82 94 82 94 0.04530755
9 19 9 19 0.45311092
9 18 9 18 0.00406748
46 61 47 61 0.31606067
46 61 46 62 0.01246105
46 64 48 65 0.00755235
53 57 55 59 0.01237663
53 57 53 57 0.00211329
53 58 53 58 0.00144392
23 84 23 84 0.08192573
138 143 138 143 0.05061800
111 115 111 115 0.14747382
111 116 111 116 0.00898043
49 58 49 59 0.01344437
49 58 51 60 0.00104712
49 58 50 58 0.16596267
49 61 51 63 0.00237509
49 61 49 59 0.00118998
49 61 48 60 0.00213291
49 57 50 58 0.00956210
49 57 50 57 0.02102827
51 57 51 57 0.04758133
51 57 52 57 0.00116336
51 58 51 58 0.00323130
51 55 51 55 0.02107070
51 55 51 56 0.00102273
51 55 52 56 0.03012067
30 77 30 77 0.08679267
6 16 6 16 0.00214540
33 74 33 74 0.07201405
34 73 34 73 0.13355256
3 20 3 20 0.00800519
38 74 39 74 0.02478586
38 74 38 74 0.01205285
32 75 32 75 0.08226055
11 17 11 17 0.22060548
11 16 11 16 0.08569473
40 71 40 73 0.00077995
40 71 42 71 0.00759784
40 72 41 72 0.11085723
40 72 40 73 0.00614706
52 56 52 56 0.19598633
52 56 52 57 0.00133006
24 83 24 83 0.07151250
47 60 48 60 0.31590633
47 60 47 61 0.01383557
47 63 47 61 0.00100967
47 63 46 62 0.00081236
47 63 48 65 0.00440602
7 21 7 21 0.26196669
7 15 7 15 0.00151550
45 62 46 62 0.31144933
35 72 35 72 0.04257420
87 145 88 145 0.00191275
83 93 83 93 0.03545228
4 19 4 19 0.00470276
4 18 4 18 0.00085712
44 66 46 67 0.00991401
44 66 45 68 0.00775596
84 92 84 92 0.06312266
42 69 43 70 0.00152408
42 69 42 71 0.00059773
42 69 44 69 0.00998571
42 70 43 70 0.29809032
42 70 42 71 0.00298087
10 18 10 18 0.27176887
10 17 10 17 0.01502421
137 144 137 144 0.06163333
48 62 47 61 0.00057694
48 62 48 60 0.00066673
48 59 48 60 0.01411236
48 59 49 59 0.29280200
41 70 43 70 0.02606134
41 71 41 72 0.00278473
41 71 42 71 0.12283266
81 95 81 95 0.04064976
16 24 16 24 0.00054868
5 18 5 18 0.00066932
5 17 5 17 0.00080718
5 23 5 23 0.04111052
5 38 5 39 0.00065073
37 75 37 75 0.01796090
50 60 52 62 0.00322459
50 60 51 60 0.00181322
50 60 49 59 0.00057592
50 56 51 56 0.04603333
50 56 51 57 0.03194503
50 56 50 56 0.01983490
50 56 50 57 0.00630723
8 20 8 20 0.33351604
