111 115 111 115 0.32219998
51 60 50 60 0.01815704
51 60 49 58 0.01397673
33 74 33 74 0.18618825
30 77 30 77 0.19263547
6 17 6 17 0.00572515
6 16 6 16 0.09474419
46 65 46 64 0.21787454
46 65 44 64 0.00059004
53 57 51 55 0.00061145
53 57 53 57 0.02819585
53 57 52 56 0.00233754
23 86 23 86 0.03340065
23 84 23 84 0.19545432
23 82 23 82 0.00331945
110 116 110 116 0.23987691
107 119 107 119 0.09085493
107 118 108 118 0.00056712
22 83 22 83 0.00188493
22 85 22 85 0.20062593
9 14 9 14 0.02879766
9 19 9 19 0.20967689
9 18 9 18 0.01203597
25 84 25 84 0.00199105
25 82 25 82 0.35733409
109 117 109 117 0.23652160
43 67 43 67 0.03521700
43 64 43 63 0.01345513
43 68 43 67 0.01303196
43 68 43 68 0.23394183
28 80 28 80 0.03386739
28 87 28 87 0.00154558
29 78 29 78 0.18773643
39 74 38 74 0.00295899
39 67 39 67 0.00616413
39 73 39 73 0.01330193
50 61 50 60 0.10717376
50 61 49 61 0.02124314
50 61 48 59 0.03273677
5 17 5 17 0.04492826
5 18 5 18 0.01207394
5 23 5 23 0.01456934
37 69 37 69 0.03646714
37 70 37 70 0.04087367
37 70 37 69 0.00351108
37 75 37 75 0.00662728
37 71 37 70 0.00075553
31 84 31 84 0.00078546
8 15 8 15 0.01818795
8 20 8 20 0.18820348
26 83 26 83 0.00251811
35 72 35 71 0.00103642
35 72 35 72 0.19711913
35 71 35 71 0.01775553
7 21 7 21 0.15607354
7 15 7 15 0.05504523
47 64 45 62 0.00718721
47 64 47 63 0.30043543
47 64 46 64 0.02396691
45 68 43 68 0.01044267
45 68 43 67 0.00408037
45 68 44 66 0.00435033
44 65 44 64 0.00506853
44 66 44 66 0.04671403
44 69 42 69 0.00521598
44 69 43 67 0.00337617
44 69 43 68 0.00050973
4 18 4 18 0.04383984
4 19 4 19 0.02182343
42 70 42 70 0.03106772
42 69 42 69 0.06822124
42 65 42 64 0.01273238
42 71 42 70 0.00190797
42 71 40 71 0.00462668
42 71 41 71 0.03020337
10 17 10 17 0.01765298
10 18 10 18 0.13010494
41 71 41 71 0.04187941
41 66 41 66 0.00310260
41 70 41 70 0.04382866
41 72 41 71 0.00176898
41 72 40 72 0.02655966
16 24 16 24 0.00089203
48 62 48 62 0.05177562
48 63 48 62 0.30542243
48 63 46 61 0.01081538
48 63 47 63 0.02407238
11 16 11 16 0.07568725
11 17 11 17 0.10230388
52 59 51 58 0.00431633
52 59 52 59 0.27943526
40 73 39 73 0.06224523
40 73 40 71 0.00085862
40 73 40 72 0.00657743
40 67 40 66 0.04245225
54 58 53 57 0.00456497
54 58 53 58 0.00059268
24 85 24 85 0.00715491
24 83 24 83 0.17964407
34 73 34 73 0.21235265
2 19 2 19 0.01513188
2 25 2 25 0.00285956
3 24 3 24 0.00298897
3 20 3 20 0.03433184
3 153 3 153 0.07120036
32 75 32 75 0.19041720
38 74 38 74 0.00928446
