38 74 38 74 0.05010873
32 75 32 75 0.05034962
3 20 3 20 0.00420815
3 108 3 108 0.03900900
120 151 120 151 0.35052208
126 145 126 145 0.26124133
106 112 106 112 0.01520653
106 117 106 117 0.02748297
106 110 106 110 0.02026610
106 111 106 111 0.00490820
34 80 34 80 0.05047051
34 73 34 73 0.07016830
17 22 17 22 0.01488507
2 109 2 109 0.03334067
122 149 122 149 0.31792674
24 29 24 29 0.01105353
24 83 24 83 0.06145936
24 116 24 116 0.00537640
114 153 114 153 0.00422937
12 28 12 28 0.02306674
40 73 39 73 0.00252636
40 73 40 73 0.32924617
52 57 52 59 0.00139105
52 56 53 57 0.00077760
52 62 52 61 0.00112292
36 78 36 78 0.04527708
119 152 119 152 0.24868073
11 16 11 16 0.06908363
11 17 11 17 0.12528434
11 29 11 29 0.01688701
48 60 48 62 0.00098656
48 60 48 63 0.00103154
41 72 41 72 0.20248559
81 106 81 106 0.00393870
16 24 16 24 0.01940457
42 71 42 71 0.20658703
42 71 41 71 0.00650811
121 150 121 150 0.26201637
10 16 10 16 0.00520645
10 18 10 18 0.15317575
10 17 10 17 0.03400255
86 100 86 100 0.21831199
4 19 4 19 0.00345605
4 18 4 18 0.00136719
4 106 4 106 0.02134740
44 69 44 69 0.19222899
47 61 48 63 0.00127455
47 61 48 62 0.00085371
47 61 47 64 0.00071017
7 102 7 102 0.04539733
7 20 7 20 0.00682690
7 37 7 37 0.00163550
7 15 7 15 0.00346556
7 21 7 21 0.14792131
45 68 45 68 0.20843136
45 68 43 68 0.00096006
35 72 35 72 0.01986638
35 79 35 79 0.06026246
87 99 88 98 0.00139605
87 99 87 99 0.18080755
87 99 86 100 0.00060638
90 96 89 97 0.00103102
90 96 90 96 0.18575194
27 113 27 113 0.00291134
8 20 8 20 0.21627307
8 32 8 32 0.00719907
15 25 15 25 0.02344827
26 114 26 114 0.00235540
115 154 115 154 0.03134840
5 23 5 23 0.00856921
5 105 5 105 0.01946110
5 34 5 34 0.00110020
5 18 5 18 0.00052223
5 17 5 17 0.00131544
5 106 5 106 0.03965367
5 119 5 119 0.00585130
37 77 37 77 0.02009808
37 75 37 75 0.06123848
14 26 14 26 0.02097363
39 74 39 74 0.09448575
130 142 130 142 0.01339600
130 141 130 141 0.30784075
29 78 29 78 0.05417550
29 111 29 111 0.00132281
88 98 89 97 0.00054956
88 98 87 99 0.00189331
88 98 88 98 0.22280791
124 147 124 147 0.37928941
28 112 28 112 0.00838467
43 70 42 70 0.01187610
89 97 90 96 0.00073490
89 97 88 98 0.00084502
89 97 89 97 0.22586029
118 154 118 154 0.17404393
118 152 118 152 0.00582933
109 117 109 117 0.09315193
25 82 25 82 0.21315217
9 31 9 31 0.02289528
9 17 9 17 0.00145144
9 18 9 18 0.01298466
9 19 9 19 0.29969524
22 105 22 105 0.00725063
22 118 22 118 0.00512220
22 85 22 85 0.03248194
107 115 107 115 0.06348314
107 116 107 116 0.01500763
107 118 107 118 0.00522293
107 114 107 114 0.00366479
131 140 131 140 0.26196861
133 138 133 138 0.26031026
110 116 110 116 0.10286987
23 84 23 84 0.08057748
23 117 23 117 0.00796060
53 57 53 57 0.02733780
132 139 132 139 0.31981158
18 22 18 22 0.00864547
46 62 47 64 0.00074112
46 63 46 63 0.03443049
46 67 46 66 0.00053148
13 27 13 27 0.02334435
30 77 30 77 0.05510831
6 33 6 33 0.00166290
6 105 6 105 0.02310913
6 118 6 118 0.00724263
6 16 6 16 0.00168225
6 38 6 38 0.00073347
6 103 6 103 0.12650433
105 111 105 111 0.00884333
33 74 33 74 0.03926128
116 153 116 153 0.02405930
51 58 52 59 0.00232684
51 60 51 60 0.07300356
125 146 125 146 0.38126364
85 102 85 102 0.01123773
85 101 85 101 0.17713809
108 113 108 113 0.00911221
108 114 108 114 0.03958767
21 106 21 106 0.00444140
111 118 111 118 0.00570597
111 115 111 115 0.14414499
111 119 111 119 0.00311261
49 59 50 61 0.00107892
