24 85 24 85 0.00704576
24 83 24 83 0.09654736
99 127 98 128 0.00072956
99 127 99 127 0.34606073
12 16 12 16 0.18716984
40 71 40 71 0.01273633
40 72 40 72 0.05130415
40 66 40 66 0.01714643
52 59 51 58 0.00187051
52 59 52 59 0.15321296
52 62 50 60 0.00575619
11 17 11 17 0.18196433
38 74 38 74 0.02690084
38 68 38 68 0.03151600
32 75 32 75 0.08124633
32 83 32 83 0.00644810
141 147 141 147 0.16288177
3 20 3 20 0.01451855
3 153 3 153 0.05419191
3 84 3 84 0.00917767
3 24 3 24 0.00948310
136 152 136 152 0.07238908
2 25 2 25 0.00809509
2 85 2 85 0.01412213
106 120 106 120 0.31717056
34 73 34 73 0.13748758
90 135 90 135 0.15118767
90 137 90 137 0.00656203
101 125 101 125 0.21383994
96 130 96 130 0.22025067
26 83 26 83 0.02012391
8 20 8 20 0.19849542
31 84 31 84 0.00762046
104 122 105 122 0.00150448
142 147 142 147 0.02460170
37 69 37 69 0.03836433
37 75 37 75 0.02239215
5 17 5 17 0.00674295
5 18 5 18 0.00470489
5 23 5 23 0.01500282
50 60 48 59 0.00358945
50 60 50 60 0.05494986
50 60 49 58 0.00121567
50 60 49 61 0.00132257
50 56 50 56 0.08346165
50 56 51 55 0.00110252
48 62 46 61 0.00199945
48 62 47 60 0.00218436
48 62 47 63 0.00412238
48 62 48 62 0.16970983
137 151 137 151 0.12899769
140 148 140 148 0.12208917
81 145 81 145 0.00362370
81 95 81 95 0.02924560
41 71 41 71 0.06077437
41 70 41 70 0.01924369
10 18 10 18 0.18091559
42 69 42 69 0.02797029
42 64 42 64 0.01846084
42 70 42 70 0.05095196
86 140 86 140 0.02325737
86 90 86 90 0.03776067
83 143 83 143 0.00346603
83 93 83 93 0.03709270
4 83 4 83 0.00446547
4 23 4 23 0.01011439
4 19 4 19 0.00920112
4 18 4 18 0.00770672
44 69 43 68 0.00054726
44 69 43 67 0.00371536
44 69 42 69 0.00570600
44 66 44 66 0.05744358
84 92 84 92 0.04850827
92 135 92 135 0.02489527
92 133 92 133 0.08871733
45 68 43 67 0.00825359
45 68 43 68 0.02106366
45 68 44 66 0.00879965
7 21 7 21 0.16736640
7 15 7 15 0.01105676
47 63 47 63 0.23342648
47 63 45 62 0.00144302
47 63 46 64 0.00336095
47 63 46 61 0.00178931
47 63 48 62 0.00157328
35 72 35 72 0.09471955
9 19 9 19 0.26224785
22 85 22 85 0.24662710
82 94 82 94 0.04476466
82 144 82 144 0.00387023
107 119 107 119 0.20899743
93 134 93 134 0.05692900
95 131 95 131 0.19759333
95 132 95 132 0.01656720
102 124 103 124 0.00093915
102 124 102 124 0.38713162
102 124 101 125 0.00077858
97 129 97 129 0.23560533
110 115 110 115 0.00457280
110 116 110 116 0.30221534
98 128 98 128 0.24342680
39 73 39 73 0.03301659
29 78 29 78 0.08924725
29 86 29 86 0.00200706
88 145 87 145 0.00075378
88 136 88 136 0.18949933
28 87 28 87 0.00347565
43 67 43 67 0.23464055
43 67 43 68 0.00330302
43 68 43 68 0.04941110
43 68 43 67 0.00157228
109 117 109 117 0.30835874
25 82 25 82 0.20516723
25 84 25 84 0.01937686
55 59 53 57 0.03745457
55 59 53 58 0.00100955
6 23 6 23 0.00742385
6 16 6 16 0.02622559
6 17 6 17 0.00320549
30 85 30 85 0.00264235
30 77 30 77 0.09311274
33 74 33 74 0.08092838
85 141 85 141 0.00937363
94 132 94 132 0.18727700
94 133 94 133 0.02970010
108 118 108 118 0.23652433
49 57 49 57 0.13088162
49 57 50 56 0.00258548
49 61 47 60 0.00374002
49 61 49 61 0.18025858
49 61 50 60 0.00051600
49 61 48 59 0.00210356
49 64 47 63 0.01292057
49 64 48 62 0.00376766
111 115 111 115 0.29022892
111 116 111 116 0.00306493
138 150 138 150 0.11460049
23 84 23 84 0.12883548
23 86 23 86 0.00306642
53 58 53 58 0.03948528
53 61 52 59 0.00157808
53 57 52 56 0.00054821
53 57 53 57 0.01590090
18 24 18 24 0.00068493
46 67 44 66 0.01657881
1 26 1 26 0.00481322
1 152 1 152 0.02017400
1 153 1 153 0.02057487
1 86 1 86 0.02469680
