66 65 0.00144249
66 61 0.00885051
66 66 0.92814088
40 35 0.00433205
40 41 0.00950986
40 36 0.00060006
40 40 0.19659327
40 39 0.10676918
105 103 0.00202894
105 105 0.66308191
105 100 0.00937546
105 102 0.00056711
105 101 0.00083333
105 108 0.01881880
114 112 0.00529565
114 113 0.00211159
114 111 0.00130153
114 114 0.29054852
114 109 0.01007020
114 117 0.02439574
114 110 0.03010982
10 10 0.43689884
21 21 0.72435875
79 79 0.63356791
79 80 0.00257088
79 74 0.00808365
79 77 0.00121194
97 92 0.01094702
97 98 0.00254472
97 100 0.00211296
97 95 0.00574070
97 97 0.64301354
152 146 0.12773137
152 147 0.07786710
152 148 0.03244290
72 72 0.30458986
138 135 0.26281027
138 137 0.00128894
138 138 0.21833348
138 133 0.09237104
138 132 0.13711530
138 136 0.02745074
138 140 0.02179006
138 139 0.00093607
138 134 0.00110392
149 143 0.02735392
149 145 0.37940405
149 142 0.00070037
149 144 0.01413285
149 148 0.00227326
149 147 0.00080356
64 63 0.01010104
64 64 0.90841953
64 59 0.00448714
64 60 0.00295355
35 36 0.00146472
35 34 0.07756304
35 35 0.73820109
35 32 0.00079657
108 108 0.76005645
108 104 0.01432235
108 106 0.00062614
108 111 0.02301354
108 103 0.00950511
108 105 0.00224557
12 12 0.71195006
82 82 0.58258991
82 81 0.00161939
82 83 0.12290947
82 80 0.00414425
134 129 0.08199434
134 137 0.00492834
134 136 0.01350204
134 132 0.01248891
134 133 0.00215941
134 138 0.00528525
134 134 0.22600921
134 130 0.00435281
134 127 0.01058401
134 128 0.02407119
134 131 0.01733750
76 71 0.00621524
76 76 0.92734029
125 123 0.00221026
125 118 0.00078189
125 125 0.18670259
125 122 0.00621979
125 128 0.00052685
125 120 0.07334312
125 124 0.00512222
57 57 0.55041353
57 58 0.00058806
57 56 0.11633281
119 114 0.08273654
119 118 0.00070687
119 113 0.00435481
119 112 0.00697936
119 119 0.31610619
119 115 0.01225562
119 117 0.00342058
119 122 0.00074197
119 116 0.00752527
18 18 0.78963894
18 17 0.00386242
147 140 0.00088212
147 148 0.00077474
147 147 0.01181201
147 141 0.10496124
147 142 0.15214667
147 144 0.00125132
147 143 0.02108776
51 50 0.06604961
51 51 0.76754645
51 46 0.00308978
118 121 0.02695708
118 115 0.00582867
118 116 0.00264974
118 117 0.00236142
118 114 0.01138027
118 112 0.00902750
118 118 0.34696987
118 113 0.07307598
118 111 0.00341357
140 134 0.13854305
140 139 0.00374816
140 141 0.00185483
140 137 0.25619614
140 135 0.09565072
140 140 0.14487930
140 136 0.00627617
140 138 0.00662101
88 91 0.00236015
88 83 0.01097295
88 86 0.03039945
88 89 0.15238783
88 87 0.00083740
88 88 0.51841024
146 139 0.00082635
146 143 0.00259636
146 142 0.01844342
146 141 0.14788896
146 144 0.00074887
146 146 0.02165498
146 148 0.00317624
146 140 0.04937335
86 89 0.00490718
86 81 0.01086997
86 87 0.21949911
86 88 0.00302810
86 85 0.00074487
86 86 0.55063514
86 84 0.03083865
8 8 0.72119555
8 9 0.00141330
131 135 0.00426658
131 126 0.15436965
131 129 0.03902313
131 133 0.00054534
131 125 0.00257671
131 124 0.02131002
131 127 0.00759400
131 134 0.01650982
131 130 0.00489117
131 131 0.36101429
131 128 0.04441690
50 49 0.12398492
50 50 0.47133305
117 115 0.00333877
117 120 0.02659947
117 116 0.00419743
117 117 0.63991435
117 114 0.00267284
117 112 0.05022091
117 111 0.00870581
117 113 0.01830054
144 146 0.00952869
144 138 0.00340662
144 140 0.07275824
144 139 0.13389946
144 143 0.00314503
144 141 0.00497167
144 142 0.00116205
144 144 0.05287838
104 104 0.68636049
104 101 0.00059115
104 100 0.00579304
104 102 0.00299256
104 99 0.00936142
68 63 0.00732985
68 68 0.22703196
67 67 0.90564540
67 62 0.00554348
84 87 0.00060480
84 86 0.00072486
84 84 0.53289232
84 83 0.00165141
84 85 0.15031837
84 82 0.00508703
84 79 0.00060638
107 107 0.77035652
107 105 0.00066012
107 102 0.00941476
107 110 0.02274698
107 104 0.00117108
5 5 0.62067732
150 144 0.05311003
150 143 0.00057641
150 145 0.13072347
150 146 0.28911426
24 24 0.71273114
122 116 0.00067549
122 122 0.53089761
122 117 0.11212148
122 121 0.00128184
122 115 0.01963947
122 120 0.00300115
122 119 0.00276302
122 118 0.00751224
122 125 0.01807275
151 145 0.07497279
151 148 0.00125670
151 147 0.24487071
151 146 0.14943741
15 15 0.78975407
15 14 0.00228771
91 91 0.61881389
91 92 0.11813251
91 88 0.01073230
91 89 0.00382852
91 94 0.00171248
91 90 0.00059403
91 86 0.01111961
133 130 0.12952091
133 127 0.00272448
133 128 0.13851017
133 131 0.02102470
133 126 0.01355886
133 129 0.01349105
133 137 0.00678274
133 135 0.01191048
133 132 0.00117623
133 136 0.00449825
133 133 0.23902400
46 45 0.11957713
46 46 0.59087262
129 129 0.44312091
129 126 0.01030511
129 132 0.00544437
129 125 0.00131659
129 127 0.01473262
129 124 0.06886646
129 128 0.00596664
129 131 0.00353837
129 122 0.02329685
137 134 0.25951247
137 139 0.01547332
137 141 0.00170705
137 131 0.09683041
137 137 0.27142849
137 135 0.02729926
137 136 0.00093215
137 140 0.00119972
137 132 0.08586176
137 133 0.00063219
130 128 0.03943792
130 130 0.43984516
130 134 0.00354698
130 127 0.02712135
130 132 0.00059326
130 125 0.20193340
130 123 0.02294559
130 133 0.00456005
130 126 0.00917238
130 129 0.00671236
11 11 0.55768775
113 111 0.00489481
113 113 0.52582196
113 112 0.00286570
113 110 0.00144955
113 108 0.01521451
113 109 0.02104771
113 116 0.02491720
92 90 0.01146411
92 92 0.57246177
92 87 0.01116867
92 89 0.01535678
92 94 0.00221779
92 95 0.02030115
92 91 0.00090528
92 93 0.10802436
44 45 0.00331496
44 39 0.01070792
44 40 0.00059523
44 43 0.12436224
44 44 0.71152144
126 123 0.00665387
126 125 0.00419907
126 119 0.00117076
126 129 0.02274737
126 126 0.19856325
126 122 0.00065957
126 128 0.00129028
126 124 0.00743015
126 121 0.19681396
128 128 0.44907571
128 131 0.00096130
128 130 0.00318531
128 121 0.02344755
128 124 0.00114407
128 127 0.00711364
128 123 0.10779388
128 125 0.00910416
128 126 0.01188281
75 75 0.88443123
143 139 0.04416623
143 143 0.02675146
143 142 0.00904229
143 141 0.00544699
143 144 0.00126376
143 137 0.02116818
143 138 0.09381469
143 140 0.00957101
96 99 0.00654531
96 94 0.00462438
96 96 0.51858160
96 91 0.01101505
96 97 0.00591638
145 139 0.12744465
145 143 0.00079207
145 145 0.04059718
145 142 0.00450809
145 141 0.03059330
145 144 0.00072243
145 147 0.00531188
145 138 0.00082651
145 140 0.15029313
38 38 0.52434078
38 33 0.00176643
38 39 0.01189802
38 35 0.00118127
38 37 0.10487775
38 34 0.00135254
94 96 0.00324182
94 91 0.01693698
94 95 0.02078992
94 97 0.02054436
94 92 0.00656331
94 89 0.01111080
94 94 0.39402486
74 74 0.81516421
20 20 0.37402696
136 135 0.00109433
136 132 0.00095881
136 140 0.00510581
136 136 0.18866662
136 133 0.25819565
136 138 0.01426247
136 130 0.02765572
136 134 0.02019359
136 139 0.00344843
136 131 0.08542510
98 101 0.02264922
98 93 0.01097925
98 95 0.00121492
98 96 0.00436332
98 98 0.79344800
13 13 0.70236047
6 6 0.65485567
6 7 0.00114177
106 101 0.00939901
106 106 0.64327942
106 104 0.00153554
106 109 0.00082744
106 103 0.00064675
106 107 0.00052630
17 17 0.86091558
17 18 0.00052564
120 119 0.00076354
120 113 0.01629670
120 118 0.00372227
120 123 0.02137491
120 114 0.00363361
120 116 0.01397715
120 117 0.00613064
120 115 0.08905546
120 120 0.31155583
48 43 0.01082030
48 47 0.02156407
48 48 0.52551345
65 64 0.00267982
65 65 0.92489898
65 60 0.00562843
65 61 0.00228050
78 73 0.00165275
78 78 0.62508318
78 76 0.00135005
78 79 0.00065666
54 53 0.06668073
54 54 0.81477182
54 49 0.00977602
103 98 0.00936034
103 99 0.00442726
103 103 0.70096528
103 100 0.00242855
103 106 0.01567435
103 101 0.00323014
58 57 0.11415654
58 58 0.54194762
58 53 0.00358985
59 59 0.18899279
59 58 0.11255823
43 38 0.00986284
43 39 0.00061378
43 42 0.12078196
43 43 0.38243496
43 44 0.00467199
34 35 0.00297060
34 32 0.00052740
34 34 0.71798785
34 31 0.00089263
34 33 0.07853058
53 48 0.00981390
53 52 0.02132780
53 53 0.80622020
25 25 0.71678012
154 148 0.26812909
139 133 0.13754683
139 138 0.00365487
139 136 0.26203030
139 140 0.00170936
139 135 0.00363802
139 137 0.00642930
139 141 0.00239542
139 139 0.10084264
139 134 0.09809493
127 123 0.00072152
127 125 0.00759719
127 129 0.00142861
127 126 0.00273771
127 122 0.14195122
127 127 0.17819705
127 124 0.00991540
127 120 0.01634750
127 130 0.00119015
110 110 0.70785483
110 108 0.00182504
110 109 0.00116767
110 106 0.01579054
110 107 0.00291944
110 113 0.02349962
110 105 0.00536008
70 70 0.13769404
36 35 0.08632175
36 37 0.00355937
36 36 0.22446561
36 33 0.00067001
9 9 0.42637704
9 10 0.00056236
27 26 0.00893421
27 27 0.61179740
23 23 0.72221168
60 55 0.00084801
60 60 0.09424164
60 59 0.02472213
4 4 0.75697752
89 89 0.67342210
89 88 0.00075391
89 87 0.02532264
89 92 0.00095490
89 86 0.00080660
89 84 0.01102179
89 90 0.10318209
31 31 0.40289078
31 30 0.07753153
26 25 0.00135496
26 26 0.85240664
153 148 0.13154154
153 147 0.04312052
56 56 0.63093027
56 55 0.11889713
62 61 0.06586252
62 57 0.00724716
62 62 0.25615626
69 69 0.34347926
69 64 0.00758205
148 143 0.15038942
148 144 0.02361082
148 141 0.00075252
148 142 0.15283817
148 147 0.00297353
148 148 0.01074431
16 16 0.72702896
16 17 0.00054812
16 15 0.00135095
142 141 0.00275861
142 142 0.10960355
142 143 0.00136341
142 139 0.02430206
142 140 0.03268741
142 136 0.08027707
142 138 0.13745674
142 137 0.09265092
39 35 0.00181171
39 34 0.00327672
39 40 0.01117289
39 38 0.10597151
39 39 0.67197045
116 116 0.66483834
116 110 0.00489570
116 115 0.00320871
116 119 0.00096068
116 112 0.01962352
116 113 0.00285312
116 111 0.02241244
116 114 0.00460044
28 28 0.47459218
28 27 0.01544148
95 90 0.01106563
95 98 0.00627008
95 93 0.00553902
95 95 0.49319262
95 97 0.00346568
95 96 0.00747193
115 114 0.00163134
115 112 0.00274681
115 111 0.01949477
115 118 0.02454107
115 113 0.00460492
115 115 0.42630909
115 110 0.01430310
115 109 0.00179557
19 19 0.71911311
19 18 0.00357879
132 135 0.00614081
132 126 0.00511958
132 129 0.08510667
132 125 0.02018033
132 132 0.27453068
132 136 0.00493052
132 127 0.10350412
132 130 0.03655995
132 134 0.00224463
132 131 0.00101975
132 128 0.00649210
47 42 0.00052686
47 46 0.00515251
47 47 0.49872061
90 93 0.01365398
90 91 0.14473893
90 89 0.00089659
90 88 0.01982389
90 87 0.00576562
90 85 0.01106531
90 90 0.56280316
42 42 0.18151360
42 37 0.00229613
42 41 0.07182015
42 43 0.00714028
42 38 0.00096558
33 33 0.64891713
33 32 0.07764195
33 34 0.00192592
33 31 0.00073752
109 106 0.00269133
109 109 0.70720175
109 112 0.00120426
109 105 0.01459585
109 107 0.00090704
93 96 0.01959029
93 91 0.01762135
93 95 0.00222807
93 93 0.46049562
93 90 0.00103566
93 92 0.00102155
93 88 0.01116478
93 94 0.09979629
121 118 0.00607702
121 119 0.00263159
121 114 0.01730311
121 117 0.01104707
121 116 0.09867395
121 120 0.00107422
121 121 0.63827642
121 115 0.00340961
87 82 0.01091984
87 88 0.19950971
87 87 0.56565183
87 89 0.00175902
87 86 0.00096455
87 90 0.01343468
87 85 0.01253789
77 72 0.00987054
77 77 0.70106648
99 102 0.00197236
99 96 0.00412375
99 97 0.00402974
99 94 0.00425738
99 99 0.57264834
83 78 0.01086680
83 82 0.00218054
83 84 0.21041280
83 83 0.49898741
83 81 0.00465004
52 51 0.12228642
52 52 0.81198147
52 47 0.00982123
22 22 0.57796367
49 48 0.00655729
49 49 0.52494587
102 98 0.00283950
102 99 0.00580461
102 105 0.00071008
102 100 0.00324220
102 102 0.70494482
102 97 0.00232394
81 79 0.00379536
81 82 0.03208476
81 76 0.00295415
81 80 0.00107224
81 81 0.61385828
37 32 0.00105858
37 36 0.09538583
37 37 0.31669164
37 34 0.00086562
37 38 0.00156942
37 33 0.00061255
29 30 0.00065281
29 28 0.06520289
29 29 0.66394949
85 88 0.00126520
85 87 0.00103651
85 83 0.02569551
85 86 0.21666548
85 84 0.00107629
85 85 0.49897722
85 80 0.00052591
7 7 0.76588153
7 8 0.00160017
1 1 0.73730253
135 138 0.00517857
135 133 0.01048651
135 132 0.02971375
135 135 0.27699476
135 137 0.01509168
135 129 0.02580079
135 131 0.00117433
135 128 0.00061173
135 139 0.00531319
135 134 0.00177487
135 130 0.08459369
63 62 0.02904453
63 63 0.16711217
63 58 0.00707946
2 2 0.55728278
141 141 0.13629010
141 142 0.00175784
141 139 0.02310230
141 140 0.02401819
141 136 0.08895823
141 138 0.13711122
141 137 0.02530934
141 135 0.13918482
30 29 0.06530002
30 30 0.37937672
30 28 0.00076379
124 122 0.00303070
124 117 0.01454979
124 124 0.65340934
124 120 0.00089185
124 121 0.00307090
124 123 0.00287463
124 119 0.18294288
100 98 0.00568288
100 103 0.00055206
100 100 0.47419481
100 95 0.00136479
100 97 0.00656665
71 66 0.00093634
71 71 0.12024116
55 50 0.00933865
55 54 0.06952576
55 55 0.57026500
123 122 0.00205710
123 116 0.00089101
123 120 0.00250160
123 121 0.00409836
123 123 0.55606837
123 118 0.14553754
123 119 0.00183703
123 126 0.00419576
80 81 0.01495476
80 80 0.55762157
80 78 0.00388340
80 75 0.01085176
101 96 0.00489192
101 101 0.58093568
101 99 0.00411089
101 98 0.01401579
3 3 0.52502090
41 36 0.00749285
41 41 0.18510291
41 40 0.11675356
41 42 0.00379416
111 106 0.01122954
111 109 0.00239625
111 108 0.00274874
111 110 0.00174480
111 111 0.73427474
111 114 0.02406836
111 107 0.01806722
112 107 0.01194223
112 111 0.00314854
112 112 0.71945856
112 110 0.00297735
112 115 0.02374053
112 108 0.02081900
112 109 0.00209068
73 68 0.00366309
73 73 0.83024740
14 14 0.36075704
32 31 0.07683763
32 32 0.45783965
32 33 0.00133466
45 45 0.68836322
45 46 0.00277554
45 40 0.01088120
45 44 0.12076057
61 60 0.00633192
61 61 0.13678599
