113 113 0.96236000
103 103 0.99984600
58 58 0.99948400
111 111 0.96235900
56 56 0.99948500
5 5 0.99743700
57 57 0.99947500
64 64 0.99932400
146 146 0.93433300
117 117 0.28996000
66 66 0.93547300
59 59 0.99950200
31 31 0.63368300
31 30 0.00435037
23 23 0.86346300
23 22 0.05964560
88 88 0.92565400
83 83 0.72652200
71 71 0.70196000
53 53 0.99948600
12 11 0.11517700
12 12 0.37360200
12 13 0.01549360
125 125 0.99957100
24 23 0.02363710
24 24 0.89932600
150 150 0.88288200
6 6 0.81324700
118 118 0.40131800
49 49 0.83718200
42 42 0.99345300
51 51 0.99946400
18 18 0.36934600
18 17 0.46930800
10 9 0.01258810
10 11 0.00097200
10 10 0.82691200
90 90 0.54719600
55 55 0.99950200
123 123 0.29587900
29 28 0.01576970
29 30 0.00079537
29 29 0.90402200
34 34 0.74612300
112 112 0.96236000
135 135 0.64847400
63 63 0.99939200
43 43 0.40827200
41 41 0.76317300
129 129 0.15103800
142 142 0.40481600
81 81 0.74613900
107 107 0.94623800
77 77 0.76316900
52 52 0.99947100
128 128 0.35475100
15 14 0.58215300
15 16 0.00097249
15 15 0.29880300
4 4 0.99738300
48 48 0.93538600
147 147 0.93896700
8 8 0.81302600
37 37 0.98750600
99 99 0.31561100
114 114 0.39089100
91 91 0.95923300
120 120 0.99997900
148 148 0.78609900
69 69 0.87753200
149 149 0.88236300
95 95 0.35466800
2 2 0.85853900
16 15 0.45138500
16 17 0.00050878
16 16 0.35121400
109 109 0.42168900
131 131 0.91214900
106 106 0.31478800
110 110 0.97606200
102 102 0.06914250
7 7 0.73530100
67 67 0.99928100
87 87 0.73994200
9 8 0.00171649
9 9 0.95046600
133 133 0.78941100
136 136 0.53633200
97 97 0.42527700
139 139 0.57588000
122 122 0.12274500
72 72 0.71810100
30 29 0.01029790
30 30 0.91239700
75 75 0.40828300
73 73 0.67268300
141 141 0.85118900
116 116 0.95805500
61 61 0.99948600
121 121 0.06914560
25 24 0.01801190
25 25 0.90462800
127 127 0.09194920
93 93 0.44997600
101 101 0.12273800
17 16 0.43192300
17 17 0.35799100
39 39 0.98749600
124 124 0.31563200
46 46 0.71808800
3 3 0.66779100
145 145 0.75315400
96 96 0.09182700
38 38 0.98750500
62 62 0.99937600
108 108 0.34313400
60 60 0.99950000
137 137 0.66209100
86 86 0.86458500
54 54 0.94554700
100 100 0.29587800
32 31 0.00051840
32 32 0.72595700
98 98 0.99944300
89 89 0.59894200
40 40 0.67140900
21 21 0.31222300
21 20 0.43722100
92 92 0.95931900
26 27 0.00214518
26 26 0.90338100
26 25 0.01715510
126 126 0.42536800
14 13 0.07172410
14 14 0.35797900
14 15 0.00125363
11 10 0.07412710
11 11 0.33800600
11 12 0.00722151
1 1 0.99964100
78 78 0.67141800
143 143 0.60991100
82 82 0.64647400
138 138 0.65641900
44 44 0.76527100
22 21 0.09545790
22 22 0.63043200
20 19 0.51793300
20 20 0.25450600
115 115 0.27624400
19 18 0.53372700
19 19 0.38243700
76 76 0.99342800
27 26 0.01663470
27 27 0.90236600
27 28 0.00375399
80 80 0.75106800
132 132 0.72919700
13 13 0.35955300
13 12 0.41645300
13 14 0.01575480
140 140 0.78303800
105 105 0.40131000
151 151 0.99994200
85 85 0.91270600
70 70 0.99928000
35 35 0.75105900
84 84 0.63839400
45 45 0.67268000
79 79 0.75485100
130 130 0.44292500
50 50 0.85665800
134 134 0.65647900
65 65 0.90505900
33 33 0.64640800
152 152 0.99998300
28 28 0.90277300
28 27 0.01610270
28 29 0.00355137
119 119 0.99997900
104 104 0.99984500
68 68 0.85657100
36 36 0.75485100
74 74 0.76527400
94 94 0.15102700
47 47 0.70194100
144 144 0.59730700
