112 112 0.99985200
43 43 0.11921200
10 10 0.97519700
130 131 0.00273227
130 130 0.39269300
99 99 0.99985800
68 68 0.51999700
8 8 0.91757200
127 127 0.99839700
77 77 0.99853900
5 5 0.87394400
60 60 0.78748500
14 14 0.65558000
11 11 0.97518500
107 107 0.41461100
3 3 0.93812300
118 118 0.29867400
120 120 0.90820900
35 35 0.44687100
133 133 0.95855000
133 134 0.03033810
135 135 0.96327700
135 136 0.00758267
67 67 0.39524100
90 90 0.99975300
103 103 0.08732930
129 129 0.34054600
56 56 0.68094700
57 57 0.48205700
79 79 0.39595400
150 150 0.97636200
123 123 0.29025900
58 58 0.65732900
28 28 0.99983700
46 46 0.54974900
19 19 0.76331100
33 33 0.20424600
101 101 0.99984200
59 59 0.73139300
119 119 0.99971000
142 142 0.67403800
62 62 0.76088000
12 12 0.97511800
113 113 0.39808500
75 75 0.27273700
23 23 0.76147800
17 17 0.83714300
114 114 0.12198800
22 22 0.70060900
72 72 0.95885100
61 61 0.85846000
1 1 0.99998400
152 152 0.84564500
49 49 0.46571300
149 149 0.97633800
32 32 0.11920400
21 21 0.43278400
74 74 0.39542900
136 136 0.50108900
136 137 0.00081210
6 6 0.83895000
86 86 0.99925000
26 26 0.46571200
81 81 0.02044340
110 110 0.41575900
131 131 0.12856300
13 13 0.97510400
25 25 0.46936000
91 91 0.41574100
105 105 0.39491500
148 148 0.65626500
134 135 0.00643184
134 134 0.96255400
151 151 0.85782100
97 97 0.99984800
52 52 0.88116200
100 100 0.99985700
54 54 0.28283300
98 98 0.99984800
92 92 0.05078460
69 69 0.98506900
84 84 0.29864400
96 96 0.08734440
73 73 0.12902000
116 116 0.99949100
144 144 0.49732900
141 141 0.50449400
145 145 0.94510900
106 106 0.41058200
80 80 0.29026200
48 48 0.04164250
93 93 0.39006500
70 70 0.96961300
125 125 0.99854300
4 4 0.91470700
65 65 0.27897900
9 9 0.91687200
42 42 0.20424100
53 53 0.86718700
39 39 0.99995500
44 44 0.43372600
37 37 0.99993100
83 83 0.99962100
137 137 0.39453600
139 139 0.31459400
94 94 0.38726900
2 2 0.94101300
109 109 0.53543600
82 82 0.10046600
89 89 0.39807600
71 71 0.99300600
104 104 0.99991800
20 20 0.75081400
38 38 0.99995300
51 51 0.98809500
36 36 0.99986200
126 126 0.99842200
146 146 0.60767200
27 27 0.04164570
111 111 0.99984600
95 95 0.39492800
88 88 0.12197900
147 147 0.05469120
115 115 0.99943300
34 34 0.54983400
85 85 0.06828260
30 30 0.03580070
153 153 0.88141100
122 122 0.06760480
64 64 0.30346000
66 66 0.01939410
41 41 0.54983300
121 121 0.14479200
78 78 0.99848300
16 16 0.55815200
117 117 0.06838710
138 138 0.01930460
108 108 0.46743400
132 132 0.95851900
31 31 0.43372400
18 18 0.52919300
15 15 0.05400140
143 143 0.41819400
47 47 0.99983500
76 76 0.99855000
7 7 0.85938500
140 140 0.34396900
24 24 0.28064800
45 45 0.03579920
50 50 0.46937000
128 128 0.93015300
63 63 0.37260600
154 154 0.91954000
29 29 0.54975100
124 124 0.39595600
87 87 0.99906900
40 40 0.44686700
102 102 0.99984000
55 55 0.81268000
