101 109 101 109 0.00279541
101 106 101 106 0.41561300
136 146 136 146 0.76732800
28 55 28 55 0.95632100
90 116 90 116 0.23127800
9 123 9 123 0.14392000
133 149 133 149 0.76732700
80 126 80 126 0.01685030
80 125 80 125 0.01352020
126 155 126 155 0.20919600
75 83 75 83 0.23187000
75 122 75 122 0.06070400
77 84 77 84 0.04640390
77 82 77 82 0.11854200
92 113 92 113 0.58418000
78 83 78 83 0.07794740
96 109 96 109 0.44644300
96 107 96 107 0.00974611
96 110 96 110 0.03862730
99 104 99 104 0.03086310
99 108 99 108 0.42241800
99 105 99 105 0.14300900
135 147 135 147 0.52663600
82 122 82 122 0.01715040
103 107 103 107 0.02074110
86 119 86 119 0.56298900
137 144 137 144 0.29456700
137 145 137 145 0.32338400
122 159 122 159 0.02458340
91 115 91 115 0.11338400
91 114 91 114 0.55047500
123 158 123 158 0.03007540
138 143 138 143 0.39651100
74 123 74 123 0.11276900
74 84 74 84 0.16687900
93 112 93 112 0.97867200
98 106 98 106 0.10364700
98 109 98 109 0.25691800
98 107 98 107 0.09797960
128 154 127 154 0.00093529
131 151 131 151 0.46502900
30 53 30 53 0.30293100
88 118 88 118 0.46470900
134 148 134 148 0.86293800
94 110 94 110 0.01702430
94 111 94 111 0.66012700
125 156 125 156 0.22195100
95 109 95 109 0.01719900
95 110 95 110 0.61531700
95 111 95 111 0.02222240
87 118 87 118 0.48050900
102 108 102 108 0.01038390
132 150 132 150 0.52330700
89 117 89 117 0.22218800
89 116 89 116 0.31814500
29 54 29 54 0.21868300
100 106 100 106 0.02831440
100 110 100 110 0.00136751
100 107 100 107 0.39837900
8 124 8 124 0.82787200
26 57 26 57 0.29452600
84 122 84 122 0.34554100
27 56 27 56 0.71500200
85 120 85 120 0.84288400
83 123 83 123 0.15845300
39 47 39 47 0.25304700
