47 52 47 52 0.42447200
47 129 47 132 0.00399091
69 102 71 105 0.00801082
69 106 71 105 0.00169387
69 106 70 109 0.08650170
69 106 69 108 0.00279442
62 72 66 76 0.00572700
62 72 64 74 0.00094530
62 72 65 76 0.00076613
62 72 63 75 0.01300940
62 113 61 116 0.00800043
62 113 62 115 0.06421780
62 113 63 112 0.00186776
62 113 63 114 0.00696337
62 73 66 76 0.01323530
62 73 65 76 0.20616400
62 73 63 75 0.00436950
14 35 14 35 0.12451300
14 31 14 31 0.16667800
76 80 78 83 0.04420920
76 101 77 102 0.00066985
76 98 79 101 0.16955500
76 98 78 98 0.18800500
108 143 108 144 0.00246494
108 136 111 141 0.00318118
51 123 51 126 0.00720230
122 129 122 132 0.00242442
122 129 121 131 0.00085729
122 129 123 130 0.02103090
122 129 123 131 0.03752770
122 132 122 132 0.01513010
54 120 54 123 0.07996170
54 59 57 62 0.00077739
63 68 66 71 0.06904270
63 112 62 115 0.01750290
63 112 64 111 0.00359341
63 112 63 114 0.06053240
63 112 63 112 0.00154227
63 71 67 75 0.00489668
63 71 64 74 0.01250550
63 71 66 74 0.02517090
63 70 66 73 0.01862870
6 101 6 104 0.03045320
6 40 6 40 0.06350680
79 95 79 97 0.00134757
79 95 81 95 0.10258400
79 95 80 96 0.00098328
79 96 80 96 0.03471880
79 96 81 99 0.00158270
72 105 73 105 0.01817640
72 77 75 80 0.01441480
72 77 72 80 0.00065961
72 77 73 78 0.03856450
72 102 73 105 0.03848910
72 102 73 102 0.01222760
72 102 74 102 0.11304300
18 28 18 28 0.27104000
18 28 17 28 0.04202290
18 31 18 30 0.00428178
16 33 16 32 0.00846786
16 33 15 33 0.00327209
16 30 16 29 0.08517890
16 30 15 30 0.13078500
41 54 41 54 0.12667400
117 132 116 135 0.03130530
117 132 118 134 0.00400330
117 132 117 134 0.02673270
117 132 117 135 0.00678273
117 134 117 135 0.01491810
117 134 117 134 0.00765003
66 82 66 82 0.00117538
66 82 66 85 0.00346377
66 82 65 85 0.00133334
71 78 74 81 0.01199120
71 78 71 78 0.00107159
71 78 72 79 0.03619020
71 78 72 80 0.00670165
78 96 79 97 0.00101971
78 96 81 99 0.23396600
78 96 80 96 0.18431300
78 96 78 98 0.00091046
111 120 114 123 0.32691800
73 105 73 105 0.00115450
61 74 65 77 0.01466210
61 74 64 77 0.20184500
61 73 65 77 0.00362974
61 73 63 75 0.00064082
61 114 61 116 0.06256210
61 114 60 117 0.01996030
61 114 62 115 0.01771850
70 79 70 79 0.00316334
70 79 70 80 0.00112376
70 79 71 81 0.00139867
5 41 5 41 0.07059030
21 28 21 27 0.03180390
21 25 21 25 0.44949200
55 61 55 64 0.00294279
75 81 77 84 0.00621281
123 131 123 131 0.05075830
46 53 46 53 0.42021700
46 130 46 133 0.00791478
107 143 107 145 0.00262074
107 143 106 146 0.00673504
82 94 83 94 0.20475100
82 94 82 94 0.01056240
82 94 85 97 0.20025100
82 91 84 93 0.00169235
77 97 78 98 0.00099040
77 97 80 100 0.17159000
77 97 79 97 0.10793900
77 100 77 102 0.00105221
37 58 37 58 0.07363140
37 58 37 59 0.05799910
37 58 37 60 0.00382690
12 34 12 33 0.08370580
68 103 71 105 0.00116928
68 73 69 74 0.01320910
68 73 69 76 0.05149930
68 73 68 75 0.00530943
68 108 69 108 0.13051800
68 107 69 108 0.00127670
68 107 70 109 0.00232695
68 110 70 109 0.00050267
68 74 69 76 0.05228070
68 74 69 77 0.11632700
68 74 68 75 0.00361679
68 80 69 83 0.06996140
68 80 68 81 0.00175659
106 138 109 143 0.00218359
15 31 14 31 0.10307500
15 31 15 30 0.04957870
84 92 87 95 0.26132200
84 92 84 93 0.00127145
84 92 85 92 0.20823000
84 92 86 94 0.00076854
84 95 87 98 0.02387240
104 140 107 145 0.00322245
113 137 112 140 0.01805670
113 137 114 138 0.00210223
113 137 113 139 0.07740090
118 133 117 135 0.00054670
118 133 118 134 0.01069900
118 131 119 132 0.00728793
118 131 120 134 0.00625168
118 131 117 134 0.00487971
118 131 118 134 0.00269125
118 134 118 134 0.00122350
38 57 38 58 0.21875400
38 57 38 57 0.26517900
57 68 58 70 0.00074418
57 61 57 62 0.27542800
83 93 83 94 0.00105797
83 93 84 93 0.21017200
83 90 84 93 0.00054654
83 90 85 92 0.00140359
42 59 42 62 0.06667830
42 62 42 62 0.01348550
17 29 17 28 0.08233370
17 29 16 29 0.06943090
17 32 16 32 0.00082723
17 32 17 31 0.02045450
121 130 122 132 0.04003610
121 130 120 132 0.00099914
121 130 121 131 0.01455310
121 130 121 130 0.00410225
11 35 9 35 0.00068958
11 35 11 35 0.08594140
52 122 52 125 0.00648049
43 52 43 52 0.20004500
43 61 43 61 0.01379950
67 81 67 84 0.00153939
67 81 68 84 0.01724950
67 72 68 75 0.00309068
67 72 69 74 0.00177299
67 72 67 75 0.00170621
67 73 68 75 0.00100138
67 73 66 76 0.00203863
67 73 67 75 0.00107388
67 73 69 76 0.00073980
119 132 118 134 0.00121217
119 132 120 134 0.00934946
119 132 119 132 0.00603797
58 69 58 70 0.00652823
65 83 64 86 0.00081130
65 71 66 74 0.00235918
65 71 66 73 0.00308539
65 71 69 74 0.00161820
65 71 65 74 0.00118885
65 71 65 73 0.00138454
65 70 65 73 0.00291810
65 70 66 73 0.01484550
65 70 66 71 0.01412460
65 70 69 74 0.00338768
65 70 69 73 0.00280782
56 62 56 63 0.05300730
56 71 57 72 0.00095216
56 71 56 73 0.00068331
116 121 116 121 0.02648370
116 134 117 135 0.00779844
116 134 115 137 0.04673310
116 134 116 135 0.00911647
19 28 19 27 0.00715037
19 28 18 28 0.00282518
19 27 19 26 0.00342778
19 27 19 27 0.37565400
19 26 19 26 0.14477900
81 92 83 94 0.00183173
81 95 84 98 0.25780800
81 95 81 95 0.00497617
9 38 7 38 0.00065523
10 36 10 36 0.12539300
10 37 10 36 0.00068145
13 33 11 33 0.00075849
13 33 12 33 0.10997900
13 33 13 32 0.08797690
13 36 13 36 0.47589500
85 91 87 93 0.00121746
85 91 88 94 0.23703100
85 91 86 91 0.18579800
85 91 86 92 0.00071789
85 91 85 91 0.00253057
85 91 85 92 0.00096602
85 94 88 97 0.01694750
85 90 86 91 0.00475109
85 90 85 90 0.00432025
7 39 7 39 0.06168520
7 100 7 103 0.02848010
59 89 59 92 0.00072361
109 142 109 143 0.00322165
114 136 113 139 0.01592670
114 136 114 138 0.10490600
114 136 115 137 0.00259263
114 137 114 138 0.00108096
44 51 44 51 0.10416500
115 135 114 138 0.04780070
115 135 115 137 0.10041000
112 138 112 140 0.10608800
112 138 113 139 0.00238140
112 138 111 141 0.01688680
112 139 112 140 0.00116277
60 75 63 78 0.19738400
60 115 59 118 0.01910800
60 115 61 116 0.01755880
60 115 60 117 0.06524820
105 139 108 144 0.00080851
64 70 65 73 0.00843934
64 71 68 75 0.00468370
64 71 67 75 0.00081540
64 71 64 74 0.00313323
64 71 65 73 0.00761938
64 71 65 74 0.01540240
