142 142 0.03441210
77 77 0.77432800
14 14 0.95573900
14 13 0.00108381
16 16 0.12212300
74 74 0.96946500
83 83 0.38195000
83 84 0.05953840
87 87 0.22498000
87 88 0.05392650
62 62 0.98541900
49 49 0.98542100
88 88 0.17751700
88 89 0.59645600
151 151 0.85106000
157 160 0.00072033
157 157 0.56548900
13 12 0.00098449
13 14 0.00303988
13 13 0.93033700
115 115 0.32170400
24 25 0.00078138
24 24 0.84376800
116 116 0.27623000
28 28 0.67318300
130 130 0.99885100
44 44 0.98539600
38 38 0.89435100
56 56 0.98535800
72 72 0.92468100
47 47 0.98542200
118 118 0.95059800
66 66 0.98541700
78 78 0.58610700
144 144 0.57848400
63 63 0.98541200
95 96 0.25605100
95 95 0.30256200
95 94 0.00317535
32 32 0.87989200
41 41 0.90815300
1 1 0.76727000
48 48 0.98542000
146 146 0.62786700
135 135 0.99884600
145 145 0.03047290
6 5 0.00298836
6 6 0.91342300
6 7 0.07925490
106 106 0.70372200
156 156 0.65500400
139 139 0.99881300
82 82 0.43964500
82 83 0.00271629
60 60 0.98542400
11 11 0.87718900
11 10 0.00347886
11 12 0.00566878
127 127 0.03441140
5 5 0.95314200
5 6 0.04191480
5 4 0.00059095
98 98 0.46018700
98 99 0.03638040
29 29 0.70676900
65 65 0.98542000
37 37 0.60519000
54 54 0.98536700
36 36 0.76954200
108 108 0.97186000
51 51 0.98532900
148 148 0.94062300
61 61 0.98542200
104 104 0.58803400
67 67 0.98538800
124 124 0.02744900
3 4 0.00061053
3 3 0.64795100
125 125 0.57831900
138 138 0.99882600
120 120 0.95116000
25 25 0.98442000
94 93 0.00139790
94 94 0.30313900
94 95 0.17620800
141 141 0.99874900
46 46 0.98542200
159 159 0.69299400
4 5 0.00458789
4 4 0.68314800
112 112 0.95804400
76 76 0.78472400
128 128 0.99886900
64 64 0.98541200
143 143 0.58340200
103 103 0.85577900
121 121 0.95903700
21 21 0.57784400
81 81 0.42950800
81 82 0.00310307
39 39 0.91248600
93 93 0.08401210
93 94 0.63412100
85 86 0.11503600
85 85 0.37106300
30 30 0.89012800
101 101 0.06128930
133 133 0.99892600
45 45 0.98541800
18 18 0.40084400
26 26 0.98472500
34 34 0.94493500
99 100 0.00604252
99 99 0.37845800
153 153 0.73344700
105 105 0.70585700
110 110 0.20273300
35 35 0.86810800
19 19 0.73829200
136 136 0.99873200
40 40 0.89845600
92 92 0.03899600
92 93 0.03624050
158 158 0.87610000
131 131 0.99878100
31 31 0.83370800
90 90 0.32391400
90 91 0.61366100
70 70 0.89845100
75 75 0.55237600
8 9 0.08160780
8 8 0.90620900
8 7 0.00676456
79 79 0.03895420
50 50 0.98541100
119 119 0.95104900
91 92 0.61381700
91 91 0.32348500
22 22 0.32369900
122 122 0.95904200
89 90 0.61151700
89 89 0.32623500
27 27 0.33282800
69 69 0.90812400
134 134 0.99892300
73 73 0.63554400
96 96 0.32833700
96 95 0.00312211
96 97 0.06610900
17 17 0.64949400
132 132 0.99886500
55 55 0.98527200
20 20 0.70285000
126 126 0.58340300
117 117 0.61128900
58 58 0.98542100
33 33 0.94686400
155 155 0.68162700
9 9 0.90922400
9 8 0.00642267
9 10 0.05999860
152 152 0.78676900
84 85 0.01147700
84 84 0.55995400
107 107 0.28247500
137 137 0.99876400
102 102 0.99611900
86 87 0.47082100
86 86 0.21468300
147 147 0.97371000
97 98 0.01489610
97 96 0.00168664
97 97 0.31956400
7 7 0.90674100
7 6 0.00496854
7 8 0.08371950
123 123 0.54062600
59 59 0.98542100
23 23 0.91106000
53 53 0.98531100
80 80 0.18816400
57 57 0.98541400
109 109 0.62156900
68 68 0.98534400
113 113 0.95033800
149 149 0.99360700
12 13 0.02457110
12 11 0.00283584
12 12 0.89769900
114 114 0.95033700
15 15 0.66588400
129 129 0.99876700
150 150 0.99355200
140 140 0.99870200
160 160 0.97528700
10 9 0.00603284
10 11 0.04805430
10 10 0.93148100
43 43 0.98536800
42 42 0.98541500
71 71 0.92543500
111 111 0.33235100
52 52 0.98521200
2 2 0.99844000
154 154 0.04853820
100 101 0.00079173
100 100 0.18454200
100 99 0.00057357
