35 35 0.99997800
92 93 0.00433100
92 90 0.06504260
92 91 0.40689600
92 92 0.01387110
158 158 0.64007400
131 131 0.58167100
131 129 0.00404200
136 135 0.00104963
136 136 0.85672800
136 134 0.04394660
136 133 0.00365849
136 137 0.00620754
19 19 0.61241400
40 40 0.35644000
31 31 0.01113200
90 90 0.05861960
90 89 0.09796590
90 88 0.01078480
8 5 0.01555990
8 8 0.88242100
75 75 0.99696900
75 74 0.00219311
70 70 0.70020900
91 89 0.02346380
91 90 0.26014500
91 91 0.04662160
91 92 0.00265714
27 27 0.40670100
89 89 0.07801990
89 87 0.00919384
89 88 0.65364500
22 22 0.99967800
122 123 0.00706661
122 122 0.86565400
122 118 0.00068376
79 79 0.64939300
79 78 0.00282659
50 50 0.67962700
119 119 0.86670900
119 116 0.02248290
119 115 0.00154783
96 95 0.28388100
96 96 0.26996700
96 94 0.18809600
96 93 0.00100115
96 97 0.00102522
134 135 0.00073687
134 134 0.87794400
134 132 0.01040340
134 131 0.00492332
69 69 0.99769700
73 72 0.00188198
73 73 0.99678200
126 126 0.56065100
126 122 0.01053390
20 20 0.76173000
55 55 0.91604300
17 14 0.00466303
17 17 0.39382200
132 130 0.05262860
132 132 0.77276900
132 129 0.00182016
9 9 0.88257700
9 6 0.00774088
58 58 0.91428900
33 33 0.99997700
155 155 0.99579900
117 117 0.86697400
117 113 0.00114072
117 114 0.10216000
107 104 0.00751067
107 107 0.06859780
84 83 0.00085666
84 84 0.37268500
152 152 0.63300500
152 151 0.00071343
102 102 0.84555700
102 101 0.00767194
102 100 0.02761440
102 99 0.05034900
137 134 0.00268381
137 138 0.00507146
137 136 0.00441013
137 135 0.08266700
137 139 0.00064620
137 137 0.83912600
137 133 0.00108005
7 4 0.01195690
7 5 0.00050985
7 7 0.88197500
123 120 0.00558040
123 123 0.86687600
123 122 0.00061515
123 124 0.00267029
123 119 0.01802120
59 59 0.99485600
97 97 0.44313200
97 94 0.00237541
97 98 0.00068825
97 96 0.10805100
97 95 0.34799200
147 147 0.93250100
147 145 0.00120914
147 146 0.00577335
86 85 0.04982700
86 84 0.00100877
86 86 0.69375000
68 68 0.95377000
109 105 0.00064123
109 109 0.56092200
109 106 0.00399091
57 57 0.89158500
80 82 0.00078995
80 79 0.00370854
80 81 0.00050242
80 80 0.45580600
23 23 0.99946800
53 53 0.91600100
15 12 0.04452640
15 15 0.88442100
114 114 0.86698800
114 111 0.00345780
114 110 0.01381550
129 126 0.00126808
129 129 0.66791900
129 127 0.00052703
150 150 0.91203700
150 149 0.00066981
140 138 0.11920400
140 136 0.00307274
140 141 0.00685870
140 139 0.01084940
140 140 0.83121200
140 137 0.00924047
12 9 0.00775098
12 12 0.88256400
149 148 0.00060261
149 149 0.86251700
113 110 0.00202065
113 113 0.86695700
10 7 0.03364850
10 10 0.88259000
160 160 0.99497600
71 71 0.99700700
111 108 0.00088773
111 111 0.87423000
43 43 0.53474800
42 42 0.64361200
100 97 0.00953492
100 100 0.50996900
100 99 0.05567060
100 98 0.01603250
2 2 0.99902400
154 154 0.99571300
52 52 0.88347900
14 14 0.88218600
14 11 0.00095196
16 14 0.00120347
16 16 0.66934000
16 13 0.00870773
77 76 0.00250905
77 77 0.99646400
142 143 0.00620271
142 142 0.82818800
142 139 0.00110006
142 141 0.00635089
142 140 0.00782818
151 151 0.70719800
151 150 0.00218436
49 49 0.39897000
62 62 0.99993200
88 86 0.00759290
88 87 0.45242300
88 88 0.28791800
74 73 0.00232768
74 74 0.99681600
83 84 0.00082338
83 83 0.65587500
83 82 0.00335848
87 85 0.00598925
87 87 0.49079100
87 86 0.25115300
115 111 0.00515820
115 115 0.86698400
115 112 0.09810090
13 10 0.03342600
13 13 0.88227600
157 157 0.99584300
24 24 0.76381300
72 72 0.99691900
47 47 0.37447700
118 118 0.86691700
118 114 0.00094691
118 115 0.00903597
44 43 0.00059236
44 44 0.99745900
38 38 0.39634100
56 56 0.91635800
28 28 0.29830400
130 128 0.00128334
130 127 0.00051189
130 130 0.60205300
116 116 0.86698400
116 113 0.10031400
116 112 0.00292820
48 48 0.34844100
32 32 0.99998200
41 41 0.45048900
1 1 0.99955800
63 63 0.99924800
95 94 0.38033700
95 95 0.07520080
95 96 0.00366352
95 97 0.00054905
95 93 0.36445900
78 77 0.00247365
78 78 0.99615400
66 66 0.95732600
144 143 0.03565770
144 142 0.05326340
144 144 0.89140600
144 145 0.00252332
6 6 0.88295300
6 5 0.00187068
6 4 0.00347506
6 3 0.00203158
106 106 0.60580100
106 103 0.00512028
145 146 0.00076876
145 144 0.03413870
145 143 0.04541870
145 145 0.90560400
146 144 0.00729599
146 146 0.92623400
146 147 0.00053163
146 145 0.01008640
135 133 0.00515322
135 132 0.01675450
135 135 0.87187300
135 136 0.00478932
5 4 0.00577416
5 3 0.00093259
5 5 0.89622400
11 11 0.88259000
11 8 0.03341640
127 124 0.01756270
127 127 0.06860830
127 123 0.00088676
60 60 0.95915300
156 156 0.95541500
139 140 0.00744718
139 137 0.11522200
139 135 0.00565764
139 139 0.83104500
139 136 0.01632400
139 138 0.01089020
82 81 0.00116857
82 83 0.00069036
82 82 0.42713000
108 108 0.56069600
108 105 0.01066630
54 54 0.89037000
36 36 0.99997900
29 29 0.39616400
37 37 0.01113160
65 65 0.70026400
98 97 0.08112600
98 95 0.01518470
98 96 0.10233400
98 94 0.00292843
98 98 0.47011900
61 61 0.99984400
104 103 0.00087059
104 101 0.00089447
104 104 0.60083000
67 67 0.94936000
148 148 0.55198700
148 147 0.00110032
51 51 0.92948900
125 122 0.00066486
125 125 0.56030000
125 121 0.00396967
3 3 0.99549900
124 124 0.06935380
124 121 0.02517290
124 120 0.08156720
124 125 0.00065522
120 120 0.86650500
120 116 0.00181354
120 117 0.00368758
25 25 0.99808600
138 137 0.00767930
138 138 0.83277000
138 134 0.00276434
138 135 0.02296790
138 139 0.00637149
138 136 0.09755860
64 64 0.99747300
128 124 0.00431988
128 125 0.00083007
128 128 0.60588100
112 109 0.00099117
112 108 0.00060068
112 112 0.86712100
4 3 0.00147800
4 4 0.97385800
159 159 0.66588300
76 75 0.00235666
76 76 0.99678400
94 93 0.03385220
94 95 0.00632026
94 92 0.00682612
94 94 0.05090910
141 140 0.00858468
141 137 0.00058766
141 142 0.00649953
141 138 0.00220458
141 141 0.46405000
141 139 0.10492800
46 46 0.32892700
93 94 0.00592566
93 92 0.15297900
93 93 0.04957240
93 91 0.10497900
85 84 0.00262795
85 85 0.14207600
81 81 0.61572400
81 80 0.00087282
81 82 0.00066606
39 39 0.39616500
21 21 0.56459000
143 143 0.83402200
143 142 0.02149690
143 141 0.08596930
143 144 0.00162184
143 140 0.00081177
103 99 0.00500529
103 103 0.87524100
103 102 0.00167754
103 100 0.00069983
103 101 0.00418866
121 118 0.00376220
121 122 0.00063781
121 117 0.00072677
121 121 0.86607600
18 18 0.34778100
18 15 0.00051738
133 133 0.64267400
133 131 0.00276998
133 130 0.00086764
45 44 0.00109528
45 45 0.99859500
26 26 0.28283400
101 101 0.68374900
101 100 0.03699490
101 99 0.16038100
101 98 0.00559480
30 30 0.39634200
110 107 0.01806060
110 110 0.07163730
110 106 0.00555997
153 153 0.99525400
153 152 0.00052116
105 105 0.66771300
105 102 0.00142118
34 34 0.99997800
99 98 0.05599400
99 99 0.49876600
99 96 0.00144535
99 95 0.00209478
99 97 0.23017500
