62 80 62 80 0.00248344
54 102 54 102 0.01997980
54 100 54 100 0.09911209
33 39 30 36 0.00067619
44 109 44 109 0.23906263
50 54 50 54 0.27438451
57 99 57 99 0.06945567
15 132 15 132 0.00168663
15 136 16 136 0.27099133
10 16 6 11 0.00432560
16 116 16 116 0.00058679
16 135 17 135 0.15315848
16 135 16 136 0.00649597
4 149 2 149 0.00066927
4 149 4 149 0.06917273
4 145 5 145 0.00134460
68 72 68 72 0.01839773
68 99 68 99 0.01551829
68 89 68 89 0.01849741
68 87 68 87 0.00721813
72 81 72 81 0.02521783
13 138 14 138 0.11948300
13 138 13 138 0.00167512
13 138 13 139 0.01077927
19 132 20 132 0.14471300
19 132 19 133 0.00680727
19 48 19 48 0.00050365
19 112 19 112 0.00556847
19 112 20 112 0.00537020
19 25 19 25 0.00153120
119 123 119 123 0.03663233
48 105 48 105 0.17734163
80 85 80 85 0.10394994
105 112 105 112 0.00322300
46 107 46 107 0.23028615
116 123 116 123 0.03293089
116 125 116 125 0.04811800
116 126 116 126 0.02403933
75 81 75 81 0.00382697
114 125 114 125 0.06252334
114 128 114 128 0.03613700
23 113 23 113 0.01653390
23 34 23 34 0.09068334
23 138 23 138 0.00086930
23 130 23 130 0.10140667
47 106 47 106 0.23037057
30 36 30 36 0.01887527
2 146 2 146 0.03219401
2 149 2 149 0.03433885
79 87 79 87 0.11931221
79 86 79 86 0.05026190
29 38 29 38 0.00387968
29 37 29 37 0.01733067
113 126 113 126 0.05595646
22 139 22 139 0.02392977
106 111 106 111 0.01202257
58 98 58 98 0.14096733
12 139 12 140 0.00719750
12 139 13 139 0.27059433
63 77 63 77 0.01360937
63 70 63 70 0.00768893
5 21 5 21 0.00207631
5 144 5 144 0.04005271
21 36 21 36 0.04132967
60 96 60 96 0.04880433
45 108 45 108 0.17272325
66 73 66 73 0.07541433
66 91 66 91 0.12001867
71 95 71 95 0.04532807
71 96 71 96 0.03269764
104 113 104 113 0.00269269
8 141 8 141 0.01498624
8 17 8 17 0.00557663
8 18 8 18 0.02070263
8 146 9 146 0.02086680
8 146 8 146 0.00676846
8 143 9 143 0.00158726
17 115 17 115 0.00072632
17 134 17 135 0.00997203
17 134 18 134 0.16320996
17 114 17 114 0.00100773
17 130 18 130 0.00066876
17 130 17 130 0.00144407
111 128 111 128 0.03135759
77 89 77 89 0.09230043
7 141 7 142 0.00662783
7 141 8 141 0.00427331
7 127 7 127 0.00187288
7 18 7 18 0.01559493
7 146 8 146 0.04489624
25 111 25 111 0.02303717
25 32 25 32 0.25433122
26 48 22 45 0.00162946
49 55 49 55 0.29925496
49 104 49 104 0.22177645
14 137 14 138 0.01351510
53 101 53 101 0.06830554
20 27 21 27 0.00115148
20 127 21 127 0.02065220
20 132 21 132 0.01263750
20 132 20 132 0.02946723
20 132 20 133 0.00148362
115 127 115 127 0.02471900
115 126 115 126 0.02730543
41 112 41 112 0.13909667
69 75 69 75 0.01848987
69 97 69 97 0.01244428
69 86 69 86 0.00670390
69 98 69 98 0.01755957
118 124 118 124 0.22743567
55 100 55 100 0.07743507
28 46 24 43 0.00104102
70 98 70 98 0.00096614
70 97 70 97 0.10089716
78 88 78 88 0.15253365
3 144 3 145 0.00063219
9 143 9 143 0.01371790
9 17 9 17 0.02810862
9 16 9 16 0.00706710
9 145 10 145 0.20370529
24 129 24 129 0.02982907
24 33 24 33 0.14685870
24 137 24 137 0.00061076
24 112 24 112 0.01488587
18 113 18 113 0.00217734
18 133 19 133 0.27068080
18 133 18 134 0.01036201
59 97 59 97 0.19847300
59 66 56 63 0.00234659
59 66 57 66 0.01616588
59 66 58 65 0.00325347
59 66 59 66 0.06408505
73 80 73 80 0.04958533
6 143 6 143 0.02855932
6 147 6 147 0.03578623
6 147 7 147 0.03870100
6 128 6 128 0.00075553
6 148 6 148 0.01619613
6 148 7 148 0.00545140
