118 124 118 124 0.22743567
41 112 41 112 0.13909667
56 63 59 66 0.00234659
69 97 69 97 0.01244428
69 75 69 75 0.01848987
69 86 69 86 0.00670390
69 98 69 98 0.01755957
55 100 55 100 0.07743507
115 126 115 126 0.02730543
115 127 115 127 0.02471900
20 112 19 112 0.00537020
20 132 20 132 0.02946723
20 132 19 132 0.14471300
20 133 20 132 0.00148362
25 32 25 32 0.25433122
25 111 25 111 0.02303717
53 101 53 101 0.06830554
49 104 49 104 0.22177645
49 55 49 55 0.29925496
14 138 13 138 0.11948300
14 138 14 137 0.01351510
7 127 7 127 0.00187288
7 147 6 147 0.03870100
7 18 7 18 0.01559493
7 142 7 141 0.00662783
7 148 6 148 0.00545140
6 148 6 148 0.01619613
6 128 6 128 0.00075553
6 11 10 16 0.00432560
6 147 6 147 0.03578623
6 143 6 143 0.02855932
73 80 73 80 0.04958533
24 112 24 112 0.01488587
24 137 24 137 0.00061076
24 129 24 129 0.02982907
24 33 24 33 0.14685870
24 43 28 46 0.00104102
9 17 9 17 0.02810862
9 143 9 143 0.01371790
9 143 8 143 0.00158726
9 146 8 146 0.02086680
9 16 9 16 0.00706710
3 145 3 144 0.00063219
59 97 59 97 0.19847300
59 66 59 66 0.06408505
18 113 18 113 0.00217734
18 134 18 133 0.01036201
18 134 17 134 0.16320996
18 130 17 130 0.00066876
70 97 70 97 0.10089716
70 98 70 98 0.00096614
78 88 78 88 0.15253365
60 96 60 96 0.04880433
21 36 21 36 0.04132967
21 132 20 132 0.01263750
21 27 20 27 0.00115148
21 127 20 127 0.02065220
5 145 4 145 0.00134460
5 144 5 144 0.04005271
5 21 5 21 0.00207631
63 77 63 77 0.01360937
63 70 63 70 0.00768893
12 140 12 139 0.00719750
58 65 59 66 0.00325347
58 98 58 98 0.14096733
106 111 106 111 0.01202257
111 128 111 128 0.03135759
77 89 77 89 0.09230043
8 17 8 17 0.00557663
8 146 7 146 0.04489624
8 146 8 146 0.00676846
8 18 8 18 0.02070263
8 141 7 141 0.00427331
8 141 8 141 0.01498624
17 130 17 130 0.00144407
17 114 17 114 0.00100773
17 135 17 134 0.00997203
17 135 16 135 0.15315848
17 115 17 115 0.00072632
66 91 66 91 0.12001867
66 73 66 73 0.07541433
71 96 71 96 0.03269764
71 95 71 95 0.04532807
104 113 104 113 0.00269269
45 108 45 108 0.17272325
75 81 75 81 0.00382697
114 125 114 125 0.06252334
114 128 114 128 0.03613700
23 138 23 138 0.00086930
23 130 23 130 0.10140667
23 113 23 113 0.01653390
23 34 23 34 0.09068334
46 107 46 107 0.23028615
116 123 116 123 0.03293089
116 125 116 125 0.04811800
116 126 116 126 0.02403933
80 85 80 85 0.10394994
105 112 105 112 0.00322300
48 105 48 105 0.17734163
2 149 4 149 0.00066927
2 149 2 149 0.03433885
2 146 2 146 0.03219401
79 86 79 86 0.05026190
79 87 79 87 0.11931221
22 45 26 48 0.00162946
22 139 22 139 0.02392977
113 126 113 126 0.05595646
29 38 29 38 0.00387968
29 37 29 37 0.01733067
47 106 47 106 0.23037057
30 36 30 36 0.01887527
30 36 33 39 0.00067619
16 136 16 135 0.00649597
16 136 15 136 0.27099133
16 116 16 116 0.00058679
10 145 9 145 0.20370529
15 132 15 132 0.00168663
44 109 44 109 0.23906263
50 54 50 54 0.27438451
57 99 57 99 0.06945567
57 66 59 66 0.01616588
54 102 54 102 0.01997980
54 100 54 100 0.09911209
62 80 62 80 0.00248344
119 123 119 123 0.03663233
13 139 12 139 0.27059433
13 139 13 138 0.01077927
13 138 13 138 0.00167512
19 133 18 133 0.27068080
19 133 19 132 0.00680727
19 48 19 48 0.00050365
19 25 19 25 0.00153120
19 112 19 112 0.00556847
72 81 72 81 0.02521783
68 72 68 72 0.01839773
68 99 68 99 0.01551829
68 89 68 89 0.01849741
68 87 68 87 0.00721813
4 149 4 149 0.06917273
