150 150 0.96152036
150 148 0.00059240
98 98 0.63345903
136 135 0.00136551
136 136 0.53821311
136 137 0.00372711
19 18 0.03627544
19 19 0.56483970
19 17 0.00365073
28 28 0.57744419
5 4 0.00128673
5 5 0.65937747
146 146 0.73824874
27 27 0.54478064
70 70 0.87582476
125 125 0.72604962
29 29 0.38259738
18 18 0.50782251
18 17 0.01749975
114 114 0.74165117
114 115 0.00057113
130 131 0.00056689
130 130 0.74207279
148 148 0.89964795
88 88 0.54699731
62 62 0.87244656
147 148 0.00053177
147 147 0.84046035
64 64 0.64484265
60 60 0.71300107
138 139 0.00165234
138 138 0.92060124
149 149 0.84327646
37 37 0.67807511
24 24 0.75432479
77 77 0.76568539
134 135 0.00407234
134 134 0.59760985
94 93 0.00073059
94 94 0.61830094
142 142 0.73495772
13 11 0.00125813
13 14 0.00059427
13 12 0.03188998
13 13 0.72145328
44 44 0.45758417
8 8 0.71102045
8 7 0.00577249
123 123 0.71623122
133 133 0.59814262
133 134 0.00053050
128 128 0.68600495
104 105 0.00188254
104 104 0.60051888
15 13 0.00086784
15 16 0.00062898
15 15 0.73417226
15 14 0.00401200
45 45 0.55109433
20 20 0.36394024
20 18 0.00314591
20 19 0.00323749
25 25 0.69887920
56 56 0.69364779
36 35 0.00052821
36 36 0.33795635
52 52 0.66203873
144 144 0.73634732
89 89 0.54937219
89 88 0.00054652
34 34 0.95769591
85 85 0.56645058
109 108 0.00161590
109 109 0.76728576
109 110 0.00699384
21 21 0.54124277
21 20 0.00875866
69 69 0.99295985
159 159 0.71423289
30 30 0.63010142
73 73 0.53308106
71 71 0.84658640
131 131 0.66462378
3 2 0.01630163
3 3 0.57380099
154 154 0.52533089
115 115 0.48426792
33 33 0.86757154
57 57 0.68681478
12 11 0.03138348
12 12 0.72398974
12 10 0.00115411
96 96 0.64665147
96 97 0.00050765
127 127 0.61487290
86 86 0.64823830
49 49 0.62732900
55 55 0.71020369
53 53 0.52483695
112 113 0.00215070
112 112 0.50763418
7 6 0.01219856
7 7 0.50398463
9 9 0.61582759
9 8 0.03245435
119 119 0.68179205
122 122 0.77305239
152 152 0.55840107
152 151 0.00050857
121 121 0.87286830
91 91 0.76227139
91 90 0.00518151
91 92 0.00079787
79 79 0.88195675
76 76 0.75305031
137 138 0.00278566
137 137 0.73821197
156 157 0.00075081
156 156 0.63442750
75 75 0.49992666
22 21 0.00433736
22 22 0.76188092
117 117 0.73848177
99 99 0.78251297
38 38 0.65444472
82 82 0.67997894
151 151 0.62905231
46 46 0.65037245
129 129 0.93206654
158 158 0.78983634
101 100 0.00190497
101 101 0.65787155
101 102 0.00057411
16 15 0.05000991
16 17 0.00058728
16 16 0.73549534
16 14 0.00077348
11 10 0.03748414
11 11 0.71543937
6 5 0.02448466
6 6 0.58442195
81 81 0.54861654
72 72 0.53576001
65 65 0.63835093
90 90 0.74201922
90 89 0.00399141
26 26 0.95416304
100 100 0.72093007
113 114 0.00213022
113 113 0.63026393
87 87 0.99639829
103 103 0.72203628
103 104 0.00142734
102 103 0.00073026
102 101 0.00087231
102 102 0.70358154
59 59 0.72688510
141 141 0.60387899
10 9 0.02017867
10 10 0.79483709
23 22 0.00268571
23 23 0.56522647
61 61 0.80592694
54 54 0.66581210
47 47 0.73276393
17 17 0.69096927
17 15 0.01212767
17 16 0.00588899
132 132 0.71659248
108 108 0.73752588
108 109 0.01083924
108 107 0.00281340
4 4 0.44994762
4 3 0.00198448
41 41 0.69446573
80 80 0.79265335
120 120 0.93639648
93 93 0.79109019
93 92 0.00218918
110 111 0.00498998
110 109 0.00053362
110 110 0.71556348
14 12 0.00213287
14 13 0.04687075
14 14 0.68623192
106 105 0.00288889
106 107 0.01022447
106 106 0.45032872
50 50 0.66167169
157 157 0.71389324
157 158 0.00108335
31 31 0.27434688
160 160 0.98002534
92 93 0.00067122
92 92 0.55121161
92 91 0.00537473
83 83 0.57434242
140 140 0.90827832
48 48 0.88194280
58 58 0.72475585
42 42 0.59933250
153 152 0.00145733
153 153 0.62106846
126 126 0.72363877
43 43 0.83094578
63 63 0.64076835
1 1 0.76929346
124 124 0.56268845
124 123 0.00070172
105 106 0.00305809
105 105 0.52619007
105 104 0.00478057
39 39 0.73217350
67 67 0.48823365
111 111 0.63558986
111 112 0.00328627
135 136 0.00416248
135 134 0.00132274
135 135 0.72768919
145 145 0.70442493
97 97 0.56313710
107 108 0.00540829
107 107 0.67035387
107 106 0.01386083
32 32 0.78462124
68 68 0.54364699
35 35 0.93551243
116 116 0.64499553
95 94 0.00058363
95 95 0.83330290
2 1 0.00262921
2 2 0.58964311
78 78 0.99972235
51 51 0.56231772
155 155 0.93746198
74 74 0.52641233
143 143 0.55329557
139 140 0.00121916
139 139 0.89137845
66 66 0.55668801
40 40 0.55423342
84 84 0.56428380
118 118 0.63925191
