56 63 76 84 0.00556666
56 63 74 85 0.00119666
56 63 75 85 0.01435850
56 63 75 82 0.00052944
56 65 72 87 0.00108518
56 65 75 84 0.02108330
56 65 75 85 0.00131766
56 66 75 85 0.00062081
56 60 77 81 0.00669155
56 60 78 82 0.33378100
56 60 76 82 0.03978340
56 60 76 84 0.03410850
56 60 75 84 0.00081586
56 60 75 82 0.00198794
10 95 10 125 0.01780060
10 95 12 123 0.00834786
10 15 12 17 0.00339830
10 97 10 125 0.29270400
10 97 17 128 0.01380730
10 97 19 126 0.05607450
10 97 12 123 0.00779369
10 97 20 125 0.00832321
10 97 18 127 0.07092660
10 97 21 124 0.02123660
10 97 11 124 0.00246094
53 59 77 83 0.00062976
53 64 74 85 0.00580223
53 64 71 88 0.00830368
53 64 73 86 0.05469500
53 67 72 87 0.00136897
53 62 73 86 0.07751680
53 62 75 84 0.60151200
53 62 74 85 0.00238550
53 68 72 87 0.00050197
112 118 143 147 0.00358255
112 118 142 148 0.96751900
112 118 142 147 0.00442845
112 119 142 148 0.01143640
46 72 65 94 0.39304600
46 72 64 95 0.00208658
46 72 66 94 0.00113438
46 72 66 93 0.01810750
46 75 62 99 0.45229200
46 75 63 97 0.03696180
46 75 61 101 0.00051947
46 75 61 100 0.01034600
46 75 61 99 0.00138600
43 78 58 102 0.00087360
43 78 58 103 0.01169400
43 78 60 100 0.00064815
43 78 61 100 0.00521762
43 78 61 102 0.00115119
43 79 61 100 0.00088949
43 79 58 102 0.00108058
43 79 58 101 0.00243746
43 79 58 103 0.00381922
43 79 60 103 0.00782554
43 79 60 102 0.02678150
43 79 60 101 0.37242800
43 79 59 104 0.00582248
43 75 62 99 0.00091367
39 83 55 106 0.00241962
39 83 55 107 0.57642400
39 83 44 105 0.01305650
39 83 54 105 0.00087456
39 83 54 110 0.00159305
39 83 54 108 0.08512760
39 83 52 110 0.00692891
39 83 57 107 0.00197111
39 83 42 107 0.00689741
39 83 41 108 0.00063676
39 83 43 106 0.00057901
39 83 56 107 0.02858890
39 83 53 107 0.00461576
39 83 53 106 0.00237880
39 83 53 109 0.01978190
6 95 6 122 0.00084554
6 101 16 129 0.01157240
6 101 7 128 0.00095915
6 101 6 127 0.00216604
6 101 15 130 0.04988250
6 101 15 131 0.00062879
6 101 17 128 0.02079630
6 101 14 131 0.02783260
6 94 6 122 0.00894791
6 19 6 21 0.00105688
108 122 137 152 0.11024700
108 122 139 151 0.00359384
108 123 137 153 0.00371912
108 123 137 152 0.00248105
108 123 136 153 0.01193680
20 87 31 117 0.00096148
20 87 20 114 0.19980000
36 86 38 110 0.02680840
36 86 52 110 0.29126100
36 86 52 111 0.00519897
36 86 53 109 0.02065450
36 86 45 113 0.00292663
36 86 54 110 0.00139384
36 86 41 108 0.00194992
36 86 48 113 0.00226389
36 86 48 112 0.00103904
30 93 41 117 0.00208962
45 77 62 99 0.42357500
45 77 61 99 0.02483890
45 77 61 100 0.02454790
45 77 61 102 0.00658910
45 77 61 101 0.45631900
45 77 60 101 0.00372827
45 77 60 102 0.01133430
45 77 60 99 0.00132161
45 77 60 103 0.00132183
88 94 113 121 0.00249029
88 94 112 120 0.00194452
88 94 112 121 0.00676163
15 92 22 120 0.14355800
15 92 16 118 0.00223915
15 92 25 122 0.00233325
15 92 25 117 0.00709621
15 92 23 119 0.03867320
15 92 15 119 0.45420100
15 92 29 119 0.00064886
15 92 24 122 0.00070718
15 92 24 118 0.09052810
100 133 130 158 0.18681900
100 133 131 158 0.00114042
100 133 129 159 0.00070910
42 79 58 101 0.01546960
42 79 58 102 0.02836210
42 79 58 103 0.44166200
42 79 60 103 0.00270596
42 79 60 101 0.00436333
42 79 61 101 0.00052464
42 81 44 105 0.00159771
42 81 54 105 0.00104916
42 81 56 107 0.00967273
42 81 57 107 0.00117653
42 81 60 102 0.00057684
42 81 59 104 0.04869000
42 81 58 106 0.01190040
42 81 58 103 0.03838500
57 65 76 84 0.00134861
57 63 76 82 0.02051450
57 63 74 85 0.00366507
57 63 77 83 0.02469930
37 85 39 109 0.02544840
37 85 55 109 0.00208788
37 85 48 112 0.01292940
37 85 52 111 0.00068461
37 85 52 110 0.08329810
37 85 53 109 0.46432100
37 85 42 107 0.00854988
37 85 54 108 0.02426940
37 85 54 110 0.00209241
11 95 14 121 0.00056510
11 95 11 124 0.00164711
11 95 20 125 0.00078474
11 96 18 127 0.01213580
11 96 19 126 0.07029430
11 96 12 123 0.00208835
11 96 20 125 0.05071770
11 96 22 120 0.00903253
11 96 13 122 0.00683918
11 96 11 124 0.61573700
11 96 21 124 0.01149010
11 94 22 121 0.00381799
11 94 13 122 0.02471550
11 94 11 124 0.07378330
9 98 9 126 0.31356800
9 98 11 124 0.00541106
9 98 17 128 0.06226930
9 98 10 125 0.00238347
9 98 18 127 0.05598150
9 98 20 125 0.02135570
9 98 19 126 0.01057950
9 98 16 129 0.01372900
9 16 11 18 0.00244436
22 83 38 110 0.00168925
14 93 15 119 0.00079961
14 93 14 121 0.30639300
14 93 14 120 0.31648200
14 93 24 118 0.00720614
14 93 24 123 0.00237249
14 93 16 118 0.00340314
14 93 21 124 0.00766890
14 93 28 120 0.00082930
14 93 22 120 0.04275140
14 93 22 121 0.00062936
14 93 23 119 0.05189660
14 93 25 117 0.01909480
14 88 14 116 0.00063577
8 99 15 130 0.01344550
8 99 17 128 0.05548220
8 99 9 126 0.00215729
8 99 10 125 0.00533814
8 99 16 129 0.04626120
8 99 19 126 0.02131770
8 99 18 127 0.01190450
8 17 8 24 0.00054703
8 17 10 19 0.00285712
8 97 10 125 0.00166092
19 88 30 118 0.00333475
19 88 20 114 0.00473081
19 88 19 115 0.54783400
19 88 19 116 0.00584672
12 93 12 123 0.04185560
12 93 14 121 0.03997580
12 93 14 120 0.00072606
113 117 143 147 0.65236000
111 119 142 148 0.00368139
111 119 141 149 0.83680100
111 120 140 150 0.00069890
111 120 141 150 0.00139034
111 120 141 149 0.01185140
47 70 65 94 0.00147227
47 70 67 92 0.00114284
47 73 64 95 0.05278850
47 73 63 97 0.40439600
47 71 67 92 0.01792290
47 71 66 93 0.27315100
47 71 64 95 0.03219520
47 71 65 94 0.00234484
47 74 62 99 0.00804054
47 74 64 95 0.00221813
21 25 32 41 0.01006750
21 25 31 42 0.00055594
21 25 21 41 0.00183404
21 25 28 36 0.00119370
21 28 29 44 0.00052008
21 28 31 42 0.00136276
21 28 21 41 0.00149324
21 28 32 41 0.00179356
21 28 30 37 0.00166217
21 28 25 39 0.00118873
110 120 140 150 0.91621500
110 120 141 149 0.00342496
110 121 139 151 0.00182547
110 121 140 150 0.05317370
26 34 28 45 0.02045700
26 34 28 36 0.03745080
26 34 26 38 0.00866712
26 34 26 47 0.00781117
26 34 26 41 0.01068430
26 34 29 44 0.00533526
26 34 33 41 0.00760352
26 34 27 46 0.00378254
26 34 27 37 0.00089409
26 34 32 41 0.00147690
26 80 42 107 0.00101658
34 87 52 111 0.00428912
34 87 45 113 0.00867271
34 87 43 115 0.00538873
34 87 39 109 0.00356572
34 87 44 114 0.00203834
34 87 48 112 0.00060619
34 87 48 114 0.00225505
107 123 136 153 0.09201300
107 123 137 153 0.34891200
107 123 137 152 0.25942200
107 124 134 154 0.00122459
107 124 136 154 0.00214469
107 124 136 153 0.00200859
107 124 137 152 0.00775797
107 124 137 153 0.00817140
103 128 134 154 0.00192096
103 128 134 158 0.00241672
103 128 130 158 0.03051680
103 128 133 155 0.64092800
103 128 131 158 0.02087050
103 128 131 157 0.12311400
103 128 132 157 0.00294473
103 128 132 156 0.05836400
13 94 15 119 0.00338568
13 94 24 118 0.01909780
13 94 24 122 0.00091375
13 94 14 120 0.00133839
13 94 14 121 0.00141471
13 94 20 125 0.01364900
13 94 21 124 0.04969140
13 94 13 122 0.42604000
13 94 22 120 0.08577730
13 94 22 121 0.00294256
13 94 23 119 0.00707041
13 94 23 124 0.00111612
25 81 41 108 0.00158634
25 35 25 42 0.00239124
25 35 25 39 0.00226679
25 35 27 46 0.01566820
25 35 27 37 0.02292350
25 35 28 45 0.00469588
25 35 31 42 0.00052358
25 35 26 38 0.00082688
25 35 26 41 0.00100540
25 35 26 47 0.00456501
25 32 26 38 0.00063747
25 32 25 42 0.00103150
25 32 25 39 0.00136493
25 32 27 37 0.00077005
25 32 27 46 0.00155196
25 32 32 41 0.00766796
99 132 129 159 0.01726050
99 134 129 159 0.16039200
101 131 130 158 0.00099444
101 131 131 157 0.00769847
101 131 131 158 0.06878360
101 131 132 156 0.00054596
101 131 132 157 0.00071853
101 131 129 159 0.00495238
101 132 130 158 0.00201152
101 132 129 159 0.01257410
101 132 132 157 0.00370073
101 132 131 157 0.52954400
101 132 131 158 0.00603088
31 92 42 116 0.01619170
33 88 38 110 0.00325131
33 88 42 116 0.00930119
33 88 45 113 0.00096163
33 88 43 115 0.00235923
33 88 44 114 0.06304620
33 88 48 112 0.00305528
33 88 48 113 0.00216417
33 88 48 114 0.00078073
58 62 75 84 0.00363099
58 62 76 84 0.00075397
58 62 78 82 0.02983870
58 62 77 81 0.00780982
58 64 77 83 0.00122763
38 84 53 109 0.08640390
38 84 42 107 0.00053097
38 84 52 111 0.00106113
38 84 52 108 0.00301484
38 84 52 110 0.00897854
38 84 54 108 0.40303100
38 84 43 106 0.01245020
38 84 41 108 0.00326595
38 84 55 109 0.00223101
38 84 55 106 0.00060544
38 84 55 107 0.02493000
52 63 72 87 0.14282000
52 63 74 85 0.30532800
52 63 73 86 0.00238562
52 65 73 86 0.00363192
52 65 71 88 0.00071202
52 65 70 89 0.02398450
52 65 72 87 0.07029910
52 66 72 87 0.02185850
52 66 70 89 0.00263533
52 66 68 91 0.00094874
52 66 69 90 0.03313660
52 66 71 88 0.34168600
52 60 75 84 0.00061533
52 60 76 84 0.00106487
23 28 24 37 0.00140077
23 28 34 39 0.13920000
23 28 29 44 0.00125201
23 28 33 38 0.00134969
23 28 33 41 0.00125065
23 28 23 44 0.00405053
23 28 32 41 0.00052461
23 28 30 37 0.02495840
23 28 30 43 0.00264217
23 28 30 35 0.08242300
23 29 30 37 0.00205580
23 29 30 43 0.00392287
23 29 32 41 0.00094049
23 29 23 38 0.00140846
23 82 39 109 0.00053608
29 35 29 44 0.00053836
29 35 31 42 0.00240781
29 35 32 41 0.00316851
41 82 56 107 0.00809478
41 82 58 106 0.01721190
41 82 57 107 0.00175931
41 82 59 104 0.00076729
41 82 53 106 0.00052498
41 82 43 106 0.00104275
41 80 57 107 0.00078646
41 80 58 103 0.01121160
41 80 58 102 0.03076010
41 80 59 104 0.00512937
41 80 56 107 0.00077036
41 80 45 104 0.00050095
50 69 68 91 0.00082068
50 69 69 90 0.00063220
50 69 66 93 0.12534000
50 68 70 89 0.01559950
50 68 67 92 0.09018940
50 68 68 91 0.00362722
50 68 66 93 0.00105253
50 68 69 90 0.49286300
50 67 70 89 0.00667292
50 67 68 91 0.00624036
50 70 65 94 0.00073136
50 70 66 94 0.00437036
109 121 140 150 0.00359829
109 121 139 151 0.85892800
109 122 137 152 0.00194462
109 122 139 151 0.12058400
54 66 71 88 0.00102723
54 66 73 86 0.00181804
54 58 78 82 0.00159491
54 58 71 75 0.00051188
1 11 1 14 0.00056274
1 131 1 156 0.00150192
1 128 1 156 0.00077330
102 131 130 158 0.00633645
102 131 131 158 0.00050909
102 131 131 157 0.00169745
102 131 132 156 0.19728000
102 131 132 157 0.00309875
102 129 130 158 0.10035900
102 129 132 156 0.49735000
102 129 132 157 0.00092498
102 129 131 158 0.00096768
102 129 131 157 0.04794700
102 129 133 155 0.00142284
102 129 129 159 0.00792920
44 78 62 99 0.00092727
44 78 60 103 0.00998441
44 78 60 100 0.02089770
44 78 60 101 0.03057200
44 78 60 102 0.46033700
44 78 59 104 0.00071509
44 78 61 102 0.00277315
44 78 61 101 0.00717855
44 78 61 100 0.41310800
5 102 15 130 0.01029330
5 102 14 131 0.01530360
5 102 14 132 0.00093868
5 102 12 133 0.00127759
5 102 16 129 0.00874961
5 95 5 125 0.01632020
5 95 5 123 0.00540858
5 95 7 121 0.00058212
5 99 5 125 0.00078084
48 69 68 91 0.00467133
48 69 66 93 0.00200710
48 71 64 95 0.14519800
48 71 66 93 0.00141920
48 70 64 95 0.00097974
48 70 65 94 0.07849350
48 70 66 94 0.00383092
48 70 66 93 0.00261757
48 70 68 91 0.02378140
48 70 67 92 0.27762800
55 66 74 85 0.00474025
55 66 71 88 0.00094750
89 93 116 123 0.00087124
89 93 117 121 0.00122912
89 93 113 119 0.00099034
89 93 113 121 0.00064587
89 93 113 120 0.00790488
89 93 114 120 0.00301499
106 124 134 154 0.04597290
106 124 136 153 0.16845700
106 124 136 154 0.08387800
16 91 30 118 0.00084567
16 91 25 117 0.07876410
16 91 25 118 0.00062510
16 91 23 119 0.15730700
16 91 16 118 0.50448600
16 91 24 118 0.03771970
4 8 4 10 0.02003000
4 100 4 126 0.00108227
51 67 68 91 0.06139650
51 67 67 92 0.00146716
51 67 70 89 0.43825200
51 67 69 90 0.00385259
51 67 71 88 0.01647770
51 68 69 90 0.00065799
51 68 67 92 0.08037370
51 61 74 85 0.00067956
51 61 75 85 0.00067897
51 64 73 86 0.06300410
51 64 71 88 0.05558820
51 64 72 87 0.00151312
27 79 43 106 0.00115925
27 32 28 36 0.00050965
27 32 29 38 0.01437160
27 32 29 44 0.01214930
27 32 34 39 0.00293287
27 32 33 38 0.00144917
27 32 30 43 0.00116049
27 32 30 35 0.00061154
27 32 27 37 0.00113119
27 32 27 46 0.00193944
28 35 30 37 0.02605970
28 35 30 43 0.00329794
28 35 28 45 0.00241884
28 78 44 105 0.00095542
104 127 134 157 0.01839680
104 127 134 154 0.60243200
104 127 134 156 0.00270050
104 127 133 155 0.03921100
104 127 131 157 0.03077760
104 127 135 157 0.00240691
104 127 132 157 0.01939490
104 127 132 156 0.12091700
3 133 3 158 0.05336940
3 101 3 127 0.00111296
3 130 3 158 0.00420323
3 97 3 127 0.04376390
3 104 12 133 0.00072221
3 21 3 23 0.00097210
3 9 3 11 0.01310880
3 9 3 9 0.11254700
3 103 12 133 0.00068201
49 69 68 91 0.48834000
49 69 67 92 0.00207421
49 69 69 90 0.02446050
49 69 65 94 0.00177205
49 69 66 93 0.07402770
49 68 69 90 0.00572838
49 68 67 92 0.00307617
49 70 68 91 0.00057957
49 70 66 94 0.00513566
49 70 65 94 0.33464100
18 89 29 119 0.00339146
18 89 25 117 0.15367700
18 89 20 114 0.00419805
18 89 19 115 0.00377465
18 89 19 116 0.00186862
18 89 18 117 0.00441841
7 93 7 121 0.00309848
7 93 9 121 0.00124265
7 100 16 129 0.05413950
7 100 7 128 0.04553280
7 100 7 126 0.00151358
7 100 18 127 0.02122840
7 100 15 130 0.04419490
7 100 17 128 0.00776570
7 100 9 126 0.00224695
7 100 14 131 0.00582973
7 18 7 20 0.00200952
7 18 9 20 0.00313288
7 98 7 128 0.00619525
7 98 7 126 0.00965266
7 13 9 20 0.00101720
7 13 7 20 0.00117565
2 10 2 10 0.02307110
2 10 2 12 0.01156670
2 105 11 134 0.00051309
2 131 2 159 0.00182057
2 98 2 128 0.03014720
2 134 2 159 0.12977500
105 126 133 155 0.11060400
105 126 132 156 0.01688350
105 126 135 156 0.01784580
105 126 134 156 0.00540464
105 126 134 154 0.04782790
105 126 136 156 0.00074887
40 82 43 106 0.00302563
40 82 56 107 0.00340408
40 82 53 109 0.00392151
40 82 53 106 0.00060598
40 82 44 105 0.00058705
40 82 55 107 0.05610370
40 82 55 109 0.00053778
40 82 55 106 0.00188364
40 82 45 104 0.01303490
40 82 54 108 0.01938770
40 82 54 105 0.00496982
40 82 57 107 0.00858764
40 82 58 106 0.00288757
