121 134 129 142 0.20312600
35 44 35 44 0.84281200
35 47 35 47 0.01653360
55 85 55 84 0.00100082
45 86 45 86 0.00480010
45 93 45 93 0.00851605
45 50 45 50 0.00362216
58 81 58 81 0.70308400
31 89 31 88 0.00097420
11 144 11 152 0.43196900
52 85 52 85 0.06606430
24 46 24 46 0.01584620
38 44 38 44 0.00251590
30 90 30 89 0.00089637
30 39 30 39 0.00893356
29 91 29 90 0.00084284
29 91 28 91 0.00166329
112 119 118 127 0.00214429
112 119 120 127 0.03779970
112 119 115 127 0.00094565
53 87 53 86 0.00124381
50 81 50 81 0.00425457
97 106 101 113 0.00073297
54 86 54 86 0.44451500
17 25 17 24 0.00107869
56 83 56 83 0.58497200
46 85 46 85 0.00635634
43 88 43 88 0.02623850
117 138 125 146 0.07325480
120 135 128 143 0.10761800
47 90 47 90 0.01421920
47 93 47 93 0.04335810
47 84 47 84 0.00750891
66 73 66 73 0.70403800
65 74 65 74 0.70956900
7 29 7 29 0.00156641
5 150 5 158 0.54150200
27 53 27 53 0.14909400
27 146 27 154 0.01555250
110 120 114 128 0.00310897
64 75 64 75 0.60506500
23 47 23 47 0.02287410
113 120 114 128 0.00064234
113 120 121 128 0.21536600
122 133 130 141 0.19672500
44 93 44 93 0.00173686
44 87 44 87 0.00656324
44 51 44 51 0.00180539
44 94 44 94 0.00173216
114 119 122 127 0.20777300
114 119 120 127 0.00069244
114 119 115 127 0.00100607
114 119 118 127 0.00111979
48 89 48 90 0.00059314
48 89 48 89 0.05562790
48 91 48 91 0.59326400
48 83 48 83 0.01357590
6 149 6 157 0.79419000
6 30 6 30 0.00050630
33 46 33 46 0.55699800
33 50 33 50 0.00717247
57 82 57 82 0.69610800
124 131 132 139 0.13468800
37 41 37 41 0.91500300
10 145 10 153 0.90968500
14 29 14 29 0.15810600
14 54 14 54 0.00413903
14 19 14 19 0.13189000
14 24 14 24 0.02416990
26 44 26 44 0.00154670
12 26 12 26 0.05793510
12 23 12 23 0.02435550
25 45 25 45 0.00800992
36 42 36 42 0.21686300
36 46 36 46 0.00948655
9 146 9 154 0.56015600
61 78 61 78 0.70814800
51 80 51 80 0.00127886
28 145 28 153 0.04962260
28 52 28 52 0.10477300
18 24 18 23 0.00104419
16 148 16 156 0.01430140
16 52 16 52 0.00299327
16 35 16 35 0.02117730
16 27 16 27 0.49644900
59 80 59 80 0.70175100
96 107 100 114 0.00076565
118 137 126 145 0.10883700
15 36 15 36 0.00759398
49 90 49 90 0.18049700
49 89 49 89 0.07009510
49 91 49 91 0.03904470
49 82 49 82 0.00870269
32 47 32 47 0.46739500
32 49 32 49 0.02785080
111 119 115 127 0.00123474
111 119 118 127 0.00241187
34 45 34 45 0.57266000
34 49 34 49 0.00344955
13 25 13 25 0.04531070
13 141 13 149 0.13184000
13 20 13 20 0.04313400
