50 60 50 60 0.05297260
50 64 50 64 0.36269700
50 62 50 62 0.04761340
50 56 50 56 0.01771330
2 46 4 47 0.00337147
2 46 3 47 0.00237161
2 46 3 46 0.14551000
2 46 2 48 0.00369132
2 46 5 46 0.03128210
2 45 4 47 0.01652640
2 45 5 45 0.14987800
2 45 3 47 0.00205084
2 45 3 46 0.00172821
2 45 2 48 0.01369890
2 44 3 47 0.00697793
2 44 3 46 0.00105001
2 44 6 44 0.00338858
2 43 7 43 0.00072863
2 43 3 46 0.02935020
48 63 48 63 0.00479714
48 66 48 66 0.62876200
57 62 57 62 0.04000230
19 24 23 28 0.00252887
19 27 23 30 0.00057101
19 27 21 30 0.12039500
19 27 21 29 0.00214230
19 25 21 30 0.00061141
19 25 24 28 0.00114347
19 25 23 28 0.01613080
19 25 23 29 0.17661000
19 26 23 29 0.10091900
19 26 23 30 0.00092911
19 26 24 28 0.00285828
19 26 21 30 0.00078031
19 26 21 29 0.02106610
19 23 24 28 0.00135706
13 35 14 35 0.00802159
13 35 16 35 0.00327991
13 31 19 32 0.00234780
13 31 18 33 0.00989070
13 31 16 35 0.14378100
13 31 14 35 0.05803350
13 31 17 34 0.24081600
7 41 9 43 0.00689286
7 41 11 41 0.12862500
7 41 10 42 0.00204641
7 41 7 43 0.00095387
7 41 8 42 0.07127470
9 39 13 39 0.09578910
9 39 11 41 0.00145273
9 39 10 42 0.00230050
9 39 10 39 0.02283130
9 36 14 37 0.00180398
9 36 14 38 0.00127696
9 36 13 36 0.00890972
9 36 13 39 0.03789210
9 36 10 39 0.22973200
9 36 9 40 0.00090761
9 36 11 38 0.03660000
9 38 10 39 0.03655190
9 38 10 42 0.00302826
9 38 11 41 0.00290583
9 38 11 38 0.08248450
9 38 13 39 0.00826791
9 38 14 38 0.00072938
9 37 13 39 0.01057320
9 37 14 37 0.00266468
9 37 10 39 0.03162560
9 37 11 38 0.01500490
9 37 9 40 0.00100577
53 58 53 58 0.10774300
53 59 53 59 0.06017400
53 57 53 57 0.11585600
14 32 17 34 0.04537340
14 32 16 35 0.12035800
14 30 18 33 0.21687400
14 30 17 34 0.20286800
14 30 19 32 0.00925907
14 30 20 31 0.00233908
18 26 23 29 0.00100301
18 26 20 31 0.00068247
18 26 21 29 0.07465280
18 26 21 30 0.19664400
18 26 24 28 0.00095142
18 25 21 29 0.00539462
18 24 23 29 0.00060183
18 27 21 29 0.00549587
18 27 21 30 0.28855300
18 27 20 31 0.00112949
18 27 23 29 0.00379359
10 34 11 38 0.14329200
10 34 13 36 0.03670270
10 34 16 35 0.00227342
10 34 14 37 0.16911900
10 34 14 35 0.00412607
3 41 8 42 0.00051167
3 41 6 44 0.00101858
3 44 4 47 0.03171050
3 44 6 44 0.29841500
3 44 5 46 0.02820720
3 44 5 45 0.00786751
3 44 3 46 0.00550745
3 44 3 47 0.00747617
6 42 10 42 0.02264590
6 42 7 43 0.01771360
6 42 6 44 0.00110389
6 42 8 42 0.03659800
6 40 6 44 0.00085640
6 40 7 43 0.11860900
6 40 9 40 0.08197060
6 40 11 41 0.00259411
6 40 8 42 0.02912490
6 41 7 43 0.00225163
6 41 11 41 0.00439642
6 41 8 42 0.00109428
6 43 7 43 0.08990980
6 43 9 43 0.00952512
8 38 13 39 0.00274366
8 38 8 42 0.00086509
8 38 11 38 0.04362850
8 38 11 41 0.00151336
8 38 9 40 0.03199870
8 38 10 39 0.01719770
8 37 10 39 0.05814990
8 37 9 40 0.24463600
8 37 11 38 0.00373998
8 37 11 41 0.00099188
8 37 13 39 0.00191019
8 36 11 38 0.01471880
8 36 9 40 0.02766720
8 36 10 39 0.03341980
8 39 11 41 0.00305274
8 39 9 40 0.04460930
8 39 9 43 0.00169728
8 39 10 39 0.18359200
8 39 10 42 0.00835010
8 39 13 39 0.00614021
8 39 8 42 0.00100803
46 51 46 51 0.00118681
47 64 47 64 0.00729022
47 64 50 64 0.00063586
4 43 9 43 0.00071251
4 43 4 47 0.00062004
4 43 6 44 0.00512198
4 43 7 43 0.13437800
4 43 5 45 0.00145642
4 43 5 46 0.01841050
4 45 5 45 0.14254200
4 42 5 45 0.08804080
4 42 8 42 0.01585570
4 42 7 43 0.00328199
4 42 6 44 0.05040180
4 40 7 43 0.00054081
49 57 49 57 0.00440192
49 65 49 65 0.65810200
49 63 49 63 0.01283850
51 59 51 59 0.07140830
51 63 51 63 0.25323300
16 30 19 32 0.04304410
16 30 18 33 0.17968800
20 26 23 29 0.17193400
20 26 23 28 0.00439387
20 26 24 29 0.00203906
20 25 23 28 0.32296300
20 25 23 29 0.04161510
20 25 24 28 0.06648620
20 25 24 29 0.00296043
20 24 24 28 0.21396700
20 24 23 28 0.05823960
15 31 18 33 0.04524060
15 31 17 34 0.45025000
15 29 18 33 0.20403200
15 29 21 30 0.00160528
15 29 20 31 0.00949047
15 29 19 32 0.24523100
12 36 13 36 0.01023230
12 36 14 38 0.00072262
12 36 14 37 0.00079785
12 32 13 36 0.13422200
12 32 17 34 0.00992787
12 32 14 35 0.22639900
12 32 18 33 0.00232116
12 32 16 35 0.15686900
17 26 21 30 0.03286350
17 26 21 29 0.00257686
17 27 23 29 0.00096312
17 27 23 28 0.00085227
17 27 20 31 0.20628600
17 27 21 30 0.20241400
1 47 1 48 0.00462327
1 47 1 49 0.00337758
1 47 4 47 0.08845640
1 47 3 47 0.01370880
1 47 2 48 0.00383565
1 44 6 44 0.00218579
1 44 3 46 0.00228864
11 33 14 37 0.02199160
11 33 14 35 0.04557820
11 33 16 35 0.00913345
11 33 17 34 0.00234019
11 33 13 36 0.47282500
11 37 13 39 0.00184780
11 37 14 38 0.00051418
11 37 14 37 0.01304640
52 59 52 59 0.12647200
52 58 52 58 0.12226500
5 44 6 44 0.41110400
5 41 10 42 0.00115569
5 41 6 44 0.20032500
5 41 7 43 0.04864920
5 41 8 42 0.00888126
5 41 5 45 0.00083616
