88 93 88 93 0.33773000
21 50 22 50 0.01320590
21 50 23 50 0.92385200
4 15 4 16 0.23590400
4 15 4 14 0.00420205
25 46 27 46 0.39746800
32 44 32 44 0.14381000
32 38 32 38 0.01944730
119 147 119 147 0.34702900
118 148 118 148 0.36375300
35 41 35 41 0.85396800
129 138 129 137 0.10310700
129 138 128 138 0.00066679
33 42 33 42 0.05706850
33 40 33 40 0.03459540
33 43 33 43 0.14159800
85 96 85 96 0.43368400
5 159 8 159 0.00140005
5 12 6 12 0.00053328
5 12 5 13 0.02675120
5 12 5 15 0.00077983
5 14 5 13 0.00069685
5 14 5 15 0.11448500
128 139 127 139 0.00056301
128 139 128 138 0.07822350
86 95 86 95 0.44519200
1 156 2 156 0.00301239
27 45 27 45 0.07479830
27 34 27 34 0.00746691
11 157 11 157 0.03501380
11 160 10 160 0.00090230
11 160 12 160 0.04362710
11 160 13 160 0.12607600
11 159 14 159 0.00455915
11 159 11 159 0.02542630
26 35 26 35 0.00129217
20 50 22 50 0.04735560
31 43 31 43 0.06189400
31 42 31 42 0.20781100
31 45 31 45 0.09569880
31 40 31 40 0.00348758
31 39 31 39 0.02394670
115 151 115 151 0.75823600
24 47 26 47 0.97998600
2 155 3 155 0.00674360
8 157 11 157 0.00169227
8 160 10 160 0.02583500
22 49 24 49 0.56987900
6 11 6 12 0.20330700
6 11 7 12 0.05751800
6 11 5 13 0.00050500
87 94 87 94 0.33773400
10 17 10 19 0.13035800
10 17 11 18 0.01887750
10 17 13 19 0.00204653
29 44 29 44 0.13591900
29 44 30 44 0.00955809
23 48 25 48 0.57007700
117 149 117 149 0.36315600
28 44 28 44 0.19318600
28 44 29 44 0.01603880
28 44 30 44 0.03602860
28 33 28 33 0.02905900
