154 141 0.02175029
154 142 0.62751352
80 68 0.69618358
56 44 0.57590932
136 124 0.76778520
89 77 0.72663751
21 10 0.31769953
119 107 0.86238852
2 2 0.00545541
2 1 0.00269365
99 87 0.92671106
120 108 0.69101015
28 16 0.01041921
82 70 0.69021968
153 140 0.12140622
153 141 0.27275779
49 37 0.73559916
61 49 0.43461042
15 4 0.00791353
44 32 0.86597689
92 80 0.51828306
145 134 0.00053642
145 132 0.07792523
145 133 0.44910038
96 84 0.98904952
73 61 0.76697383
121 109 0.24834785
34 22 0.00636818
152 140 0.22413457
152 139 0.02017971
111 99 0.69287978
111 98 0.00128349
97 85 0.98905054
60 48 0.75478523
93 81 0.71165515
127 115 0.76390584
27 15 0.94660431
27 14 0.00083731
149 137 0.54428896
149 136 0.24635090
18 7 0.99896869
106 94 0.78206082
106 93 0.00083968
151 139 0.29536083
151 138 0.21510480
105 93 0.69520070
115 103 0.61931073
148 136 0.53029289
148 135 0.11890930
64 52 0.75074023
160 148 0.90582840
124 112 0.45745863
17 6 0.31800077
155 142 0.10252868
155 143 0.49206968
20 9 0.00833425
126 114 0.03779618
50 38 0.64754721
1 1 0.07029417
140 128 0.83286200
140 127 0.00591114
140 129 0.00059614
112 99 0.00083956
112 100 0.74108358
116 104 0.54013949
104 92 0.59422136
107 95 0.75440070
107 94 0.00167772
91 79 0.46128209
63 51 0.67860000
144 131 0.28789079
144 132 0.49802481
144 133 0.00209065
102 90 0.66365688
85 73 0.67824194
113 101 0.66589205
68 56 0.96716585
45 33 0.68787788
129 117 0.98575485
131 119 0.98997507
146 134 0.22307211
146 133 0.23906100
70 58 0.92755310
57 45 0.72467164
74 62 0.76230346
74 61 0.00115154
9 1 0.00402084
95 83 0.98894849
143 130 0.06332020
143 132 0.00199148
143 131 0.43398375
123 111 0.82727723
10 1 0.01746134
6 1 0.00228726
59 47 0.88846466
58 46 0.77683277
62 50 0.66920417
30 18 0.00830043
122 110 0.73553966
130 118 0.98740851
157 144 0.00923318
157 145 0.54525887
81 69 0.66965285
40 28 0.86200963
5 1 0.00482078
75 62 0.00104337
75 63 0.70677440
128 116 0.97804969
135 123 0.99833576
94 82 0.91808116
8 1 0.00514017
132 120 0.98999964
12 1 0.11052877
134 122 0.99552235
22 11 0.00708192
142 131 0.00180158
142 129 0.00588551
142 130 0.22218706
139 126 0.00105127
139 127 0.47711228
11 1 0.00183984
78 66 0.79085057
3 3 0.00126412
3 1 0.00230237
42 30 0.69416973
51 39 0.53098982
48 36 0.65052497
33 21 0.31802252
69 57 0.96490372
158 146 0.57785038
158 145 0.00108565
54 42 0.36381715
138 126 0.20630661
53 41 0.40569957
87 75 0.79982613
100 88 0.48459312
35 23 0.00793755
141 129 0.58076323
141 130 0.00095451
141 128 0.02816227
52 40 0.26898851
4 1 0.00228264
26 13 0.00124232
26 14 0.78849441
26 15 0.03035743
98 86 0.66038720
117 105 0.78038060
147 135 0.29936308
147 134 0.06760930
38 26 0.17985428
72 60 0.95648649
125 113 0.21646747
108 96 0.67842041
108 95 0.00223603
101 89 0.36350293
76 64 0.75941090
76 63 0.00084583
109 96 0.00252583
109 97 0.68809082
14 3 0.22194257
29 17 0.31758323
137 125 0.04265288
23 11 0.00448361
23 12 0.58804467
90 78 0.76246962
7 1 0.00186081
24 13 0.39404099
24 12 0.40115026
16 5 0.00636681
159 147 0.84098439
84 72 0.79023058
47 35 0.68506897
156 144 0.54406489
156 143 0.05561756
77 65 0.76036633
150 138 0.51481752
150 137 0.24558026
118 106 0.57549981
66 54 0.95187049
32 20 0.99894037
65 53 0.75109170
31 19 0.33849594
39 27 0.71462892
13 2 0.00792467
43 31 0.57532720
67 55 0.96704533
25 14 0.20050246
25 12 0.00121529
25 13 0.59449778
19 8 0.33854177
83 71 0.76502187
79 67 0.46448620
114 102 0.65956358
86 74 0.59513109
55 43 0.69046965
41 29 0.76065188
110 98 0.52578953
110 97 0.00278094
103 91 0.58539226
37 25 0.01320085
36 24 0.22320137
46 34 0.63020513
133 121 0.99288603
88 76 0.59799478
71 59 0.95879482
