104 104 0.00312916
104 105 0.00611659
57 57 0.68457700
138 138 0.95023000
38 38 0.31574400
136 136 0.30333100
46 46 0.01048920
102 102 0.00326588
102 103 0.18064300
14 13 0.00128702
14 14 0.91509800
51 51 0.86866100
51 50 0.00082183
80 81 0.00071598
80 80 0.89637000
90 90 0.30321000
156 156 0.15708800
123 124 0.00312479
123 123 0.18071000
25 25 0.59612100
118 117 0.00355736
118 119 0.35993100
118 118 0.57187100
74 74 0.97641700
126 127 0.00569024
126 126 0.58486600
10 10 0.76849500
9 9 0.59056600
132 132 0.33472100
17 17 0.93018500
114 113 0.00084148
114 115 0.13891700
114 114 0.78441800
41 41 0.99986300
119 119 0.04370430
119 120 0.00491575
133 133 0.29441200
137 137 0.40643700
32 32 0.89908500
159 159 0.99995200
4 4 0.99818000
56 56 0.88509800
121 122 0.00312573
121 121 0.00611725
2 3 0.00080339
2 2 0.99870200
50 50 0.99665400
50 49 0.00096742
12 12 0.68463000
116 116 0.60181000
116 117 0.28742300
116 115 0.00206917
99 99 0.34952200
99 100 0.31492100
45 45 0.31575900
98 98 0.91591100
98 99 0.02605180
37 37 0.01049010
79 79 0.79308600
31 31 0.52679700
139 139 0.98983100
144 144 0.36391700
128 128 0.82583400
128 129 0.00330454
91 91 0.99848300
26 26 0.57608600
61 61 0.98653200
75 75 0.59632900
108 109 0.35487400
108 108 0.19168800
150 150 0.99314700
150 151 0.00133530
78 78 0.61615500
15 15 0.99232100
3 3 0.99814700
3 4 0.00111207
22 22 0.99844800
160 160 0.88093900
141 141 0.25286000
29 29 0.55915600
18 18 0.37880200
94 94 0.33472900
106 106 0.00716346
106 107 0.08641500
125 125 0.09189040
125 126 0.35726000
33 33 0.99868900
70 70 0.52227100
19 19 0.31383800
21 21 0.39296300
115 115 0.61815900
115 114 0.00059346
115 116 0.12714700
130 130 0.39641400
117 117 0.04961530
117 118 0.04292170
117 116 0.00209606
83 85 0.00135660
83 83 0.92962700
83 84 0.06451080
103 104 0.18066300
103 103 0.10975900
129 129 0.00900567
8 8 0.75294300
145 145 0.15339700
109 110 0.18242800
109 109 0.36062200
147 147 0.96120300
149 150 0.00125288
149 149 0.99318600
131 131 0.39646200
54 54 0.96163200
28 28 0.99766900
92 92 0.31590000
113 113 0.79381800
113 112 0.00086064
113 114 0.12947500
55 55 0.87273200
111 112 0.16189600
111 110 0.00069417
111 111 0.54367200
88 89 0.00223604
88 87 0.00067035
88 88 0.93713000
85 85 0.31780300
85 86 0.01899620
68 68 0.31368300
97 97 0.01184990
5 5 0.99902700
13 13 0.99334600
13 12 0.00057631
65 65 0.88781000
120 121 0.00325956
120 120 0.07543250
6 6 0.89075000
34 34 0.99820900
20 20 0.34241000
152 152 0.99306700
152 151 0.00056219
81 82 0.00300002
81 83 0.00062695
81 81 0.78372700
124 125 0.00382295
124 124 0.18129200
151 151 0.99271200
151 152 0.00106037
73 73 0.97180100
73 72 0.00088662
146 146 0.37263000
110 110 0.41987700
110 111 0.15950700
82 83 0.02122900
82 84 0.00104591
82 82 0.94473600
140 140 0.94707300
16 16 0.60022900
72 73 0.00071581
72 71 0.00054680
72 72 0.96213200
62 62 0.39265700
134 134 0.34957200
24 24 0.39742800
42 42 0.99986300
100 101 0.07335830
100 100 0.39479900
67 67 0.34184200
135 135 0.96485900
143 143 0.10509400
43 43 0.99986600
63 63 0.39242700
76 76 0.70342600
11 11 0.66269500
101 101 0.00594832
101 102 0.18039100
53 53 0.36220600
7 7 0.98784600
153 153 0.99434100
64 64 0.99375500
112 111 0.00138651
112 113 0.11976900
112 112 0.65615300
39 39 0.99977300
71 71 0.99124800
58 58 0.67672400
36 36 0.30263700
59 59 0.57356200
52 51 0.00053432
52 52 0.65598800
96 96 0.39664100
48 48 0.41012200
93 93 0.29441700
95 95 0.39653000
66 66 0.49713600
157 157 0.35308800
87 88 0.01235580
87 86 0.00068285
87 87 0.93165700
154 154 0.99444200
35 35 0.41030100
44 44 0.99986700
40 40 0.99984600
77 77 0.69626600
60 60 0.41941100
122 123 0.10972500
122 122 0.18067400
30 30 0.31167500
89 89 0.40410800
158 158 0.09426990
107 107 0.35695100
107 108 0.43130700
1 1 0.99950300
142 142 0.99624900
69 69 0.31417100
127 128 0.17367900
127 127 0.65996100
49 50 0.00050068
49 49 0.99667000
148 148 0.99423900
86 87 0.05710750
86 86 0.92713300
27 27 0.50678500
84 84 0.92706600
84 85 0.05035980
155 155 0.34125200
105 106 0.07520420
105 105 0.00327509
47 47 0.30262900
23 23 0.40537400
