48 83 55 90 0.23516000
48 82 55 90 0.64349700
48 82 56 89 0.07136850
48 82 54 91 0.01009990
15 107 20 112 0.00082016
15 107 19 113 0.04028200
15 107 18 114 0.93583100
15 107 17 115 0.00377816
15 117 11 121 0.00306637
61 68 67 78 0.00105373
61 68 68 77 0.00447653
66 96 65 96 0.00052882
51 77 58 84 0.07909250
51 77 60 85 0.00051767
38 93 45 101 0.01626310
38 93 45 100 0.03864710
38 51 38 51 0.00631701
38 89 45 97 0.05648040
38 89 46 96 0.00274696
53 77 59 85 0.00235478
53 77 61 84 0.03806200
53 77 60 85 0.02269060
53 75 62 83 0.00115744
53 75 59 85 0.00065132
49 81 55 90 0.00616011
49 81 56 89 0.62776900
92 96 94 100 0.00071528
92 97 94 101 0.00123988
19 101 25 107 0.00302078
19 101 24 108 0.08013710
19 101 23 109 0.03138470
19 101 22 110 0.00151909
19 113 18 115 0.00058327
19 113 15 117 0.00310644
19 113 20 113 0.00106013
45 86 52 93 0.26391900
45 86 53 92 0.00571097
39 90 46 96 0.00101420
39 91 45 100 0.00341423
39 91 45 97 0.00059235
39 91 46 99 0.03228090
39 49 46 56 0.00170106
39 50 39 50 0.00629095
39 88 45 97 0.00088704
39 88 46 96 0.04049930
39 88 47 95 0.00091734
39 92 47 99 0.00073730
39 92 46 99 0.04703900
39 92 45 100 0.00063896
39 92 45 101 0.00247760
28 98 31 105 0.00237690
28 34 34 41 0.35632500
28 34 33 41 0.00134438
28 34 33 42 0.00050012
28 48 33 55 0.00060872
28 102 26 106 0.00321396
28 33 34 39 0.11412900
28 33 34 41 0.00382656
28 33 35 40 0.21779000
28 33 33 39 0.00060847
16 106 18 114 0.00351316
16 106 21 111 0.00076262
16 106 20 112 0.03740600
16 106 19 113 0.86932600
16 116 14 118 0.00079845
16 116 12 120 0.00189405
6 117 6 123 0.32676400
6 117 7 122 0.00050440
6 117 5 123 0.00665373
40 87 47 95 0.20613500
40 87 47 94 0.20062600
40 87 46 96 0.00091781
40 48 40 48 0.00647802
40 47 47 54 0.04010920
40 89 47 96 0.18110100
40 89 47 95 0.00224754
58 73 59 75 0.00074599
58 73 65 80 0.95351500
58 73 65 81 0.00487166
58 73 60 75 0.00156694
58 73 64 83 0.00098097
68 92 67 91 0.00051303
56 72 65 80 0.00050350
37 93 44 101 0.22669500
37 93 45 100 0.00242686
37 93 43 99 0.00146909
37 93 43 102 0.00580730
37 93 42 100 0.00055236
21 99 26 106 0.03437410
21 99 25 107 0.03061440
21 99 27 105 0.00310318
21 99 24 108 0.00093085
21 42 26 49 0.00111357
21 110 20 112 0.00077156
21 110 22 110 0.00136480
21 110 18 114 0.00200573
91 97 93 99 0.00109522
91 98 98 105 0.00738568
91 98 93 102 0.00224474
30 92 36 99 0.00054395
11 112 14 118 0.56641300
11 112 13 119 0.05663710
59 72 66 79 0.95729600
59 72 66 80 0.00398865
59 72 60 74 0.00077576
59 72 65 80 0.01267630
59 72 65 82 0.00197867
36 52 36 52 0.00350025
36 92 42 100 0.01950580
36 92 43 99 0.12199500
36 94 44 101 0.00602270
36 94 43 102 0.13850800
36 94 41 101 0.00092307
36 94 42 100 0.00160494
36 91 43 99 0.00607333
5 118 4 124 0.01311420
5 118 5 123 0.00787971
89 99 91 103 0.00279716
89 99 97 106 0.00095013
83 95 90 102 0.00340585
83 95 91 103 0.03680080
85 93 93 102 0.00172398
85 93 92 100 0.00226427
17 115 18 115 0.00096471
17 115 13 119 0.00315095
17 115 15 117 0.00084365
17 105 20 112 0.93735200
17 105 19 113 0.00378510
17 105 22 110 0.00081742
17 105 21 111 0.04027690
60 69 67 78 0.00365303
60 69 66 79 0.00122453
60 69 68 77 0.00129253
60 71 67 78 0.95091800
60 71 66 79 0.00762064
60 70 67 78 0.00168297
23 99 29 107 0.00536335
23 99 25 107 0.00243782
23 99 27 105 0.00067162
23 99 26 106 0.27978700
23 99 30 106 0.01527840
23 99 30 105 0.00102389
23 108 20 112 0.00202660
23 108 24 108 0.00089613
23 108 22 110 0.00115542
23 40 28 47 0.00597628
3 123 3 129 0.01391860
3 123 2 129 0.00119187
3 120 4 126 0.00065071
3 120 3 126 0.43779200
3 120 3 125 0.00488078
3 120 2 126 0.00312051
62 69 64 71 0.00395793
62 69 68 77 0.01220720
62 67 68 77 0.00201329
62 70 68 77 0.00920532
86 92 93 99 0.00266820
86 92 95 100 0.00163199
86 92 94 100 0.23414100
86 92 94 101 0.00167947
35 95 40 102 0.00095134
35 95 41 101 0.00056662
35 95 43 102 0.00579761
35 39 42 46 0.06539070
35 93 42 100 0.09818440
35 93 41 101 0.00729480
35 53 35 53 0.00602330
54 77 61 84 0.80850300
54 77 60 85 0.00833012
54 77 62 84 0.00186925
54 75 61 83 0.00546710
54 75 60 85 0.00085907
57 73 65 80 0.00069723
57 72 65 80 0.00050600
13 109 15 117 0.00340520
13 109 17 115 0.03336550
13 109 18 114 0.00051771
13 110 17 116 0.00199514
13 110 15 117 0.02628750
63 68 65 70 0.00396393
20 102 23 109 0.82501100
20 102 22 110 0.00265650
20 102 24 108 0.00608376
20 43 25 50 0.00059731
20 100 26 106 0.00872869
20 100 25 107 0.05883860
20 100 23 109 0.00182625
20 100 24 108 0.03277610
20 111 19 113 0.00116801
20 111 17 115 0.00286228
20 111 21 111 0.00138075
55 73 61 83 0.00064672
55 76 61 84 0.00996207
55 76 62 84 0.00568065
55 76 62 83 0.91846400
55 76 63 83 0.00627424
33 55 33 55 0.00444907
33 41 40 48 0.03070720
7 116 8 122 0.00610150
7 116 10 122 0.06955230
7 116 9 122 0.01140310
7 116 7 122 0.28827400
8 114 12 120 0.00249013
8 114 11 121 0.01218500
8 116 8 122 0.04809930
8 116 10 122 0.15840900
8 116 11 121 0.00133374
8 116 9 122 0.00548840
8 116 7 122 0.00075480
87 91 95 100 0.00154490
50 80 56 89 0.00937267
50 78 57 85 0.35301000
25 96 32 103 0.11401900
25 96 32 104 0.01083180
25 96 31 104 0.09188690
25 95 30 102 0.00430196
25 95 31 104 0.00340931
25 95 32 103 0.04917250
25 97 27 105 0.00118140
25 97 30 105 0.00104673
25 97 31 105 0.01653980
25 97 31 104 0.28800400
25 97 32 103 0.00430603
25 97 32 105 0.00119811
25 97 32 104 0.09862170
25 105 26 105 0.00127921
25 105 25 107 0.00127326
25 105 23 109 0.00318381
9 115 11 121 0.16776500
9 115 12 120 0.00125805
9 113 13 119 0.00352906
9 113 12 120 0.01809730
42 89 49 97 0.02806250
42 89 48 98 0.00428726
42 89 50 96 0.00190815
42 89 50 95 0.00228291
42 46 42 46 0.00475877
90 98 92 100 0.00066991
90 98 98 105 0.00819370
12 110 15 117 0.80685900
12 110 17 115 0.00065151
12 110 14 118 0.00227029
82 96 89 103 0.00334448
82 96 90 104 0.00331798
88 100 90 104 0.00291043
88 100 90 102 0.00094865
24 97 30 105 0.02024770
24 97 31 104 0.04475040
24 97 31 105 0.00739984
24 97 27 104 0.03002750
24 97 27 105 0.03776370
24 39 29 46 0.00342105
24 96 27 105 0.00223796
24 96 27 104 0.01537520
24 96 31 104 0.01830750
24 96 30 105 0.00090913
24 96 30 102 0.00127536
24 107 21 111 0.00303261
24 107 25 107 0.00117037
24 107 23 109 0.00115343
24 98 30 105 0.14562400
24 98 30 106 0.01666500
24 98 31 104 0.00584396
24 98 31 105 0.10816300
24 98 26 106 0.00209132
24 98 27 105 0.43911000
46 85 53 92 0.45517400
46 85 54 91 0.00569022
14 118 10 122 0.00126599
14 109 17 115 0.00164213
14 109 17 116 0.02755240
14 108 19 113 0.00074374
14 108 18 114 0.03634980
14 108 17 115 0.56258600
31 41 38 48 0.00223507
18 104 21 111 0.58336500
18 104 22 110 0.03769610
18 104 20 112 0.00236256
18 114 14 118 0.00209575
34 38 40 45 0.00470407
34 94 40 102 0.03967350
34 94 41 101 0.33590300
34 40 41 47 0.10686100
52 78 60 85 0.07078420
52 78 59 85 0.48131300
43 88 49 97 0.00762422
43 88 50 96 0.02404930
43 88 50 95 0.12968800
43 88 50 94 0.00102263
27 35 33 42 0.07035640
27 35 33 41 0.00250328
27 99 30 106 0.00132570
27 103 27 105 0.00119989
27 103 25 107 0.00323346
26 94 33 102 0.00809841
26 94 29 101 0.01892990
26 94 32 103 0.00255878
26 35 33 42 0.01244880
26 35 32 42 0.03597270
26 104 26 106 0.00119404
26 104 27 104 0.00070214
26 104 24 108 0.00299007
2 121 2 126 0.00555769
2 121 2 127 0.94140200
2 121 2 125 0.00097985
2 121 4 127 0.00089219
2 121 3 127 0.00106916
32 56 32 56 0.00533255
32 40 39 47 0.00837892
32 42 38 49 0.00153452
29 97 33 104 0.00091516
29 97 32 104 0.00365604
29 43 36 51 0.00051906
29 33 35 40 0.28324300
29 93 36 99 0.00057505
29 93 35 100 0.00063043
29 47 34 54 0.00066302
29 101 27 105 0.00307317
22 109 23 109 0.00127697
22 109 19 113 0.00281451
22 109 21 111 0.00108393
22 41 27 48 0.00464794
10 113 13 119 0.47844300
10 113 12 120 0.05366280
44 87 52 93 0.00454990
44 87 51 93 0.00085881
44 87 50 96 0.00780144
44 84 51 93 0.00058911
4 119 4 125 0.43091400
4 119 4 123 0.00117586
4 119 4 124 0.00558221
4 119 3 125 0.00689816
41 86 48 93 0.02121120
41 86 47 95 0.00093020
41 46 48 53 0.21023700
41 47 41 47 0.00491409
1 125 1 129 0.00060623
1 122 1 129 0.00247738
47 83 55 90 0.06983370
47 83 54 91 0.59248900
47 83 53 92 0.00875893
