9 11 0.06676917
9 3 0.00157126
9 7 0.00636065
9 4 0.00216322
9 12 0.00212030
9 6 0.18492617
9 8 0.03053992
9 10 0.00917187
9 9 0.13126057
9 5 0.00809529
9 2 0.00658344
19 16 0.18495921
19 19 0.05338236
19 17 0.00775140
19 20 0.00100544
19 21 0.00556907
19 14 0.00662521
19 15 0.10056376
19 18 0.13340081
20 14 0.00069693
20 15 0.00454301
20 18 0.00495276
20 13 0.00083519
20 16 0.08460472
20 22 0.07972652
20 19 0.13439990
20 17 0.02378710
20 20 0.15470198
20 21 0.00164209
138 132 0.00133255
138 131 0.04193438
138 129 0.00133575
138 130 0.72342828
46 38 0.06475421
46 43 0.07719175
46 41 0.00117310
46 42 0.03929633
46 46 0.01603446
46 37 0.00695330
46 40 0.08426737
46 39 0.09115208
25 24 0.03951319
25 15 0.00087935
25 23 0.03581615
25 18 0.02588366
25 19 0.00643096
25 17 0.00076684
25 20 0.03012302
25 25 0.06644644
25 26 0.00052253
25 21 0.32376847
25 27 0.00061040
25 16 0.00131113
25 22 0.01870563
30 24 0.00226975
30 23 0.00084994
30 31 0.00126827
30 28 0.02477043
30 25 0.01552859
30 30 0.09581985
30 26 0.33181724
30 21 0.00093733
30 27 0.03267265
30 29 0.03580935
88 82 0.00080259
88 86 0.07104957
88 88 0.00301554
88 83 0.01599656
88 81 0.00581130
88 76 0.00088488
88 79 0.26461987
88 80 0.45782327
88 84 0.01756524
88 87 0.03024248
88 85 0.00178897
88 75 0.00084596
133 125 0.69232087
133 126 0.01760561
50 41 0.00214301
50 43 0.08201674
50 42 0.34527871
50 50 0.12876690
50 47 0.06099231
50 44 0.16075641
50 46 0.00736353
16 15 0.13457774
16 11 0.00096526
16 18 0.06985180
16 12 0.06092338
16 14 0.02752528
16 17 0.01093401
16 9 0.01427154
16 19 0.00257811
16 16 0.11623472
16 13 0.26926697
119 114 0.05301078
119 110 0.04283471
119 113 0.00107652
119 112 0.00177829
119 111 0.73716976
97 93 0.00751686
97 84 0.00346738
97 96 0.02191406
97 95 0.03580217
97 90 0.10425618
97 89 0.29759385
97 91 0.02074577
97 88 0.03882563
97 92 0.01386013
149 143 0.00234344
149 141 0.36215774
149 142 0.53344058
149 139 0.00245575
149 140 0.03905945
148 141 0.48803482
148 142 0.00407979
148 139 0.02889995
148 140 0.37705561
148 138 0.00213065
53 47 0.00589374
53 50 0.04716396
53 48 0.00258340
53 46 0.00641533
53 45 0.05884186
53 53 0.00748128
53 49 0.00377004
57 54 0.00292280
57 48 0.02041267
57 50 0.08203975
57 51 0.04639580
57 58 0.00058624
57 49 0.45974502
57 57 0.04832633
57 53 0.00719783
18 14 0.08950630
18 15 0.23894839
18 18 0.04610488
18 13 0.00376398
18 22 0.00093067
18 16 0.01164279
18 19 0.03314207
18 17 0.13331307
18 20 0.00426135
134 126 0.92994664
134 127 0.01788426
45 37 0.01767204
45 39 0.15197294
45 40 0.00383903
45 36 0.00894866
45 42 0.07299049
45 38 0.13228548
45 41 0.04029118
45 45 0.02379846
31 27 0.00686653
31 29 0.00204174
31 26 0.00093768
31 30 0.01072638
31 25 0.00075168
31 28 0.00287302
31 31 0.05267036
31 24 0.01469877
31 32 0.00264290
7 6 0.06408467
7 10 0.00909088
7 8 0.02140323
7 9 0.07431208
7 5 0.03676649
7 2 0.01102284
7 3 0.02886650
7 7 0.21960495
7 1 0.00385213
7 4 0.14310223
85 85 0.00286599
85 75 0.00082950
85 79 0.00270627
85 84 0.01395205
85 80 0.01936043
85 78 0.01011462
85 76 0.20154926
85 77 0.45705714
85 82 0.00346254
85 83 0.02585566
85 81 0.02950248
85 86 0.00512366
3 6 0.00827216
3 5 0.00421333
3 2 0.09311277
3 3 0.45220195
3 1 0.00458883
3 4 0.04840621
28 29 0.00204087
28 22 0.00093111
28 27 0.13157249
28 19 0.00317134
28 28 0.14939170
28 21 0.00057190
28 26 0.08572107
28 25 0.03238464
28 24 0.34088465
28 18 0.00139502
28 23 0.01671968
151 145 0.00140120
151 144 0.50241041
151 143 0.31990749
151 141 0.00321340
151 142 0.05832994
104 99 0.00666297
104 96 0.32204476
104 95 0.20168922
104 97 0.10012487
104 98 0.00303824
104 91 0.00258984
104 100 0.00698245
104 94 0.00715373
8 11 0.00810402
8 4 0.01824113
8 1 0.00179915
8 7 0.12166416
8 3 0.01223383
8 9 0.01790465
8 8 0.15732201
8 10 0.07211923
8 6 0.02944483
8 2 0.00295716
8 5 0.08205089
109 99 0.00085361
109 105 0.02934673
109 103 0.00120101
109 100 0.03836852
109 101 0.71518543
109 104 0.05742083
109 102 0.01184322
91 82 0.03624035
91 91 0.00070691
91 86 0.00876895
91 88 0.00065752
91 83 0.29932058
91 89 0.07874725
91 90 0.02843397
91 78 0.00061639
91 87 0.00329918
91 84 0.00767010
91 85 0.00258699
54 45 0.00475341
54 49 0.00184253
54 54 0.03218478
54 50 0.00649470
54 47 0.08475121
54 48 0.13390460
54 46 0.14143950
54 51 0.04710749
118 110 0.62496940
118 109 0.04704144
118 112 0.00093379
118 113 0.11916264
40 40 0.05279850
40 39 0.00479353
40 33 0.02915070
40 37 0.10417898
40 36 0.08638918
40 32 0.00374588
40 35 0.03263010
40 34 0.02643145
40 31 0.00581412
40 38 0.00172802
79 81 0.00081308
79 72 0.00652696
79 71 0.54169757
79 76 0.01628991
79 70 0.00701018
79 74 0.01784115
79 80 0.10319361
79 79 0.00441050
79 75 0.01651163
79 73 0.00721872
120 114 0.00260202
120 112 0.76811115
120 113 0.01194210
120 115 0.06345725
120 111 0.03136466
111 106 0.05984257
111 102 0.03187979
111 103 0.34628248
111 104 0.00456531
158 149 0.13813433
158 150 0.50686833
74 65 0.00225182
74 66 0.34165706
74 71 0.01437427
74 70 0.01703901
74 68 0.00092380
74 75 0.08774237
74 69 0.00595801
74 74 0.02308622
59 53 0.00318978
59 59 0.00077028
59 56 0.02036583
59 55 0.00277954
59 51 0.41982696
59 50 0.11484358
59 52 0.08110128
62 54 0.18267497
62 53 0.02838117
62 62 0.09932365
62 58 0.01696427
62 59 0.01443198
62 55 0.00199060
62 63 0.02447970
96 94 0.00252956
96 89 0.03997494
96 90 0.01401866
96 88 0.35417231
96 91 0.01615508
96 95 0.00213491
96 87 0.17111031
14 14 0.15527424
14 7 0.01692676
14 12 0.01734047
14 11 0.13210904
14 18 0.00492314
14 15 0.00968131
14 16 0.04574778
14 13 0.00651666
14 17 0.00464471
14 8 0.00154559
14 10 0.02408930
14 9 0.00387573
75 72 0.00292286
75 71 0.00347001
75 66 0.00554543
75 76 0.05063484
75 70 0.01599152
75 75 0.00480345
75 69 0.00444005
75 67 0.40824698
137 129 0.93183254
137 130 0.00703635
70 70 0.00959687
70 61 0.00450041
70 71 0.04732509
70 66 0.02232921
70 67 0.02311830
70 69 0.00067139
70 63 0.01453836
70 64 0.00400054
70 62 0.43664153
155 148 0.29314311
155 146 0.15881203
155 145 0.00273316
155 147 0.22779856
66 61 0.00063891
66 66 0.02640331
66 63 0.02623582
66 59 0.03614946
66 62 0.02603911
66 58 0.59874448
66 60 0.01247877
66 67 0.00423492
66 57 0.01188317
72 72 0.04152484
72 66 0.00370633
72 63 0.00162848
72 64 0.46880214
72 68 0.01592266
72 73 0.07000969
72 67 0.00185015
72 69 0.01909185
44 35 0.00933370
44 36 0.00642153
44 38 0.07239079
44 41 0.05928682
44 44 0.03822004
44 37 0.04074612
44 39 0.00453496
44 40 0.04242570
139 132 0.11689993
139 133 0.00305944
139 131 0.70639751
139 129 0.00075618
139 130 0.00751564
92 90 0.08003372
92 91 0.02747028
92 83 0.04500556
92 86 0.00421902
92 88 0.00231088
92 79 0.00055556
92 87 0.00896071
92 84 0.16134681
92 85 0.00851048
114 106 0.35702485
114 104 0.00166570
114 107 0.00536174
114 109 0.11188989
114 105 0.02521386
27 25 0.06805785
27 26 0.11726616
27 21 0.00195636
27 28 0.00455408
27 19 0.00085928
27 17 0.00096930
27 20 0.00115091
27 27 0.10974870
27 22 0.00225511
27 23 0.32177239
27 18 0.00195527
27 24 0.01928790
35 31 0.18627707
35 34 0.02788190
35 35 0.25549086
35 32 0.09491487
35 27 0.00158362
35 29 0.00531245
35 33 0.04846065
35 28 0.00339889
35 25 0.00133927
35 30 0.01336397
35 26 0.00124222
23 18 0.02807396
23 23 0.26893537
23 22 0.01428740
23 16 0.02627373
23 21 0.02206858
23 25 0.00103673
23 17 0.00459146
23 20 0.02987215
23 19 0.14883642
64 61 0.02126462
64 65 0.00775446
64 56 0.26398398
64 55 0.00184136
64 64 0.06134320
64 60 0.00311738
64 57 0.00210192
99 97 0.00291377
99 93 0.00158311
99 98 0.00099258
99 96 0.00124298
99 95 0.05102516
99 90 0.27071899
99 89 0.00105966
99 94 0.00207074
99 91 0.17379892
99 86 0.00094907
99 92 0.10790951
152 144 0.31066005
152 146 0.00143925
152 145 0.46850677
152 142 0.00484161
152 143 0.10190914
90 84 0.00169070
90 85 0.00157843
90 77 0.00109583
90 89 0.02915870
90 90 0.00121636
90 86 0.00125471
90 88 0.07645469
90 81 0.00527356
90 83 0.00847032
90 82 0.36299474
90 78 0.00057949
89 83 0.00120651
89 81 0.43778955
89 86 0.00115873
89 88 0.03005766
89 82 0.00658280
89 76 0.00118756
89 77 0.00106680
89 89 0.00184051
89 85 0.01395902
89 87 0.07382934
89 84 0.01646510
89 80 0.14890994
94 87 0.01811829
94 93 0.00199441
94 85 0.10127643
94 86 0.18309807
94 88 0.01387638
94 90 0.00160687
94 89 0.01075724
94 92 0.00452870
82 73 0.03354944
82 75 0.01270699
82 69 0.00088052
82 74 0.62174930
82 79 0.00822029
82 84 0.00096756
82 78 0.03216599
82 82 0.00643127
82 72 0.00253884
82 81 0.00078170
82 83 0.07213228
82 77 0.01750380
82 76 0.00322013
65 65 0.02789501
65 66 0.02993843
65 61 0.02179452
65 62 0.02196407
65 58 0.02908842
65 56 0.02580308
65 59 0.00054406
65 57 0.41233209
103 90 0.00281778
103 94 0.22328992
103 97 0.02822851
103 93 0.00604842
103 98 0.00122036
103 99 0.00238811
103 96 0.21390422
103 95 0.27366643
144 137 0.51488604
144 136 0.40354974
144 138 0.00717744
144 135 0.02322489
144 134 0.00164903
26 22 0.30214665
26 27 0.00245762
26 17 0.00114734
26 19 0.02601606
26 21 0.00234614
26 26 0.04923621
26 25 0.13205441
26 24 0.05905017
26 18 0.00065016
26 23 0.02088742
48 42 0.16161930
48 41 0.02466843
48 45 0.01862464
48 44 0.01826323
48 40 0.05124676
48 39 0.00092686
48 48 0.12876700
150 144 0.00191543
150 140 0.00294741
150 143 0.52813820
150 141 0.04910250
150 142 0.35322806
145 135 0.00185187
145 139 0.00719315
145 138 0.51796232
145 137 0.39887778
145 136 0.02581206
5 4 0.06691800
5 3 0.02373960
5 1 0.01323043
5 7 0.02740721
5 5 0.17273767
5 2 0.01861150
5 8 0.01550982
5 6 0.05651833
93 88 0.01906112
93 86 0.02454742
93 91 0.08000380
93 89 0.00227876
93 92 0.00168438
93 80 0.00272577
93 87 0.01782716
93 84 0.25144265
93 85 0.15191499
141 133 0.54583170
141 132 0.02482282
141 131 0.00357618
141 134 0.25710689
141 135 0.00742343
11 12 0.01046036
11 4 0.00340748
11 7 0.03128569
11 11 0.18405757
11 13 0.05566412
11 5 0.00094038
11 9 0.02869067
11 8 0.29833441
11 10 0.01120145
11 6 0.00219015
12 13 0.01956253
12 5 0.01213145
12 9 0.30056188
12 10 0.02427042
12 8 0.04401211
12 12 0.01168740
12 7 0.00434880
12 14 0.02321741
12 11 0.00544972
4 6 0.01304847
4 5 0.01096103
4 2 0.01061839
4 3 0.15617935
4 1 0.01248264
4 7 0.00829562
4 4 0.38121679
63 60 0.01194745
63 55 0.25280790
63 59 0.00165102
63 64 0.04314487
63 56 0.00104943
63 63 0.08101309
41 32 0.00111508
41 35 0.08862440
41 36 0.02074269
41 41 0.01940075
41 38 0.07289146
41 34 0.03221894
41 40 0.00180458
41 37 0.07003896
41 33 0.00286500
73 69 0.00324316
73 74 0.07189467
73 64 0.00582039
73 68 0.00398319
73 73 0.03968720
73 70 0.01977785
73 65 0.33057711
73 66 0.00086058
101 96 0.01071085
101 95 0.02120902
101 97 0.08513549
101 93 0.23700549
101 92 0.02567728
101 94 0.04607737
101 91 0.00194930
101 88 0.00326495
107 102 0.03707393
107 101 0.00287016
107 100 0.01105240
107 103 0.07368937
107 99 0.58253267
107 98 0.02381462
107 97 0.00261165
129 121 0.74801195
129 122 0.02619875
71 67 0.02655074
71 69 0.00080697
71 64 0.00456120
71 63 0.37709397
71 62 0.00495190
71 68 0.02793779
71 65 0.00448075
71 66 0.00552206
71 71 0.04177516
71 72 0.07019055
127 119 0.44573202
127 120 0.02628565
127 118 0.00123714
123 116 0.00097519
123 118 0.01602157
123 114 0.00375361
123 115 0.51373049
123 117 0.00482792
125 120 0.00195348
125 117 0.63792077
125 119 0.00186049
125 116 0.00079276
125 118 0.02528320
146 138 0.39651115
146 137 0.02748925
146 136 0.00206712
146 140 0.00624027
146 139 0.52758100
132 125 0.00252485
132 124 0.57392934
142 134 0.54871994
142 135 0.32871416
142 133 0.02723026
142 132 0.00355515
142 136 0.00794999
156 147 0.17491687
156 146 0.00056432
156 148 0.36726882
156 149 0.23339203
115 106 0.01601929
115 107 0.45516344
115 109 0.00224728
115 110 0.11357179
49 40 0.00085191
49 46 0.05802470
49 42 0.09244647
49 45 0.02521928
49 41 0.12328089
49 43 0.16137858
49 49 0.12879796
56 56 0.01637966
56 49 0.08176403
56 53 0.03485693
56 52 0.00898858
56 50 0.11452225
56 48 0.42867853
106 97 0.08990273
106 93 0.00107623
106 98 0.39183260
106 99 0.03237481
106 96 0.00526888
106 100 0.00126461
106 101 0.03357877
106 102 0.07722627
58 59 0.00150429
58 55 0.01815086
58 58 0.00271739
58 49 0.04586855
58 50 0.40613327
58 54 0.00556075
58 52 0.01777086
58 51 0.08175322
136 129 0.01941784
136 128 0.93100177
124 115 0.00238537
124 117 0.01666296
124 119 0.00896846
124 118 0.00205617
124 116 0.48688273
17 16 0.13400525
17 13 0.08380899
17 17 0.13645778
17 19 0.08412236
17 12 0.00137465
17 14 0.28174807
17 15 0.02391179
17 18 0.03286618
77 77 0.00294964
77 70 0.00097244
77 72 0.01927095
77 71 0.00677388
77 78 0.07315952
77 69 0.68475192
77 74 0.02062662
77 63 0.00058020
77 68 0.00301147
77 73 0.00522257
110 101 0.02916688
110 104 0.00067294
110 103 0.00345197
110 105 0.07831395
110 102 0.69629493
110 106 0.00335401
105 100 0.00577731
105 101 0.08069834
105 92 0.00126542
105 97 0.48752052
105 98 0.05381503
105 96 0.14453869
105 99 0.00815577
105 95 0.00803507
81 74 0.01240427
81 73 0.59078111
81 75 0.00501860
81 68 0.00063516
81 71 0.00144048
81 82 0.09402690
81 81 0.00471057
81 72 0.12928235
81 83 0.00130646
81 76 0.01804994
81 77 0.02541872
81 78 0.01040601
153 143 0.00562533
153 145 0.33737864
153 147 0.00136723
153 146 0.43671121
153 144 0.14411310
126 118 0.88690308
126 121 0.00103814
126 117 0.00108874
126 120 0.00123895
126 119 0.00162625
131 124 0.00181769
131 123 0.83415941
67 63 0.02845526
67 59 0.34961616
67 64 0.02775491
67 68 0.02026100
67 60 0.00707068
67 58 0.00661116
67 67 0.00944305
80 82 0.00109485
80 71 0.12427250
80 72 0.54082550
80 81 0.10192956
80 77 0.01868488
80 76 0.02126543
80 74 0.00488672
80 80 0.00474144
80 73 0.00939128
80 75 0.01839900
112 107 0.06076564
112 104 0.70516794
112 105 0.01123132
112 103 0.01025174
112 102 0.00226070
112 106 0.00087039
42 36 0.04008208
42 35 0.04999435
42 34 0.00554824
42 42 0.12808726
42 38 0.05636720
42 41 0.00144563
42 33 0.00136335
42 37 0.02508326
42 39 0.06889136
128 119 0.00066757
128 120 0.77502079
128 121 0.01632137
108 99 0.04084352
108 98 0.00571743
108 102 0.01433775
108 100 0.65777467
108 103 0.03638365
108 104 0.05122914
108 101 0.02075586
6 5 0.12038316
6 2 0.01972904
6 8 0.04390020
6 9 0.01235515
6 6 0.25583458
6 4 0.03552359
6 3 0.05920306
6 1 0.00599634
6 7 0.04498524
83 74 0.14186092
83 84 0.04486066
83 80 0.00542107
83 79 0.01726023
83 75 0.59210265
83 73 0.00222919
83 83 0.00555851
83 81 0.00084446
83 82 0.00317048
83 76 0.01228630
83 77 0.00061611
83 70 0.00083148
83 78 0.01265832
100 92 0.16846808
100 91 0.27176060
100 90 0.00172552
100 94 0.01246813
100 96 0.06850307
100 95 0.01211819
100 97 0.00219062
100 87 0.00331208
100 93 0.12068579
86 85 0.02113304
86 79 0.00745291
86 87 0.00175285
86 84 0.04720780
86 78 0.45312716
86 82 0.02761069
86 86 0.00347695
86 83 0.00331904
86 81 0.02280766
86 77 0.11504183
47 44 0.05622908
47 47 0.08223842
47 39 0.01329459
47 40 0.01754412
47 41 0.00473906
47 43 0.03998507
47 38 0.00110342
157 149 0.38670177
157 148 0.16448533
157 150 0.32614905
102 89 0.00304322
102 94 0.20062340
102 92 0.00342473
102 97 0.00817105
102 98 0.00385889
102 93 0.21506592
102 96 0.02552478
102 95 0.23040516
52 49 0.05391973
52 43 0.00410004
52 45 0.06578613
52 46 0.11008573
52 44 0.15249074
52 52 0.12876985
52 47 0.00090229
52 48 0.00629468
33 23 0.00106805
33 32 0.02494457
33 24 0.00610146
33 34 0.00058801
33 31 0.06656025
33 30 0.06635012
33 26 0.00565835
33 25 0.00184590
33 28 0.02359536
33 33 0.18465630
33 29 0.06809699
33 27 0.00445080
147 141 0.00527459
147 138 0.02917533
147 137 0.00214776
147 140 0.53301625
147 139 0.39271860
2 4 0.00079697
2 3 0.00288314
2 1 0.04615006
2 2 0.45602372
39 35 0.18141665
39 32 0.02027784
39 36 0.09773849
39 38 0.01192374
39 31 0.00054055
39 34 0.03616955
39 30 0.00907835
39 37 0.00433614
39 33 0.00763575
39 39 0.00838497
24 22 0.03148066
24 19 0.02997246
24 20 0.04355319
24 17 0.02594418
24 21 0.02958666
24 26 0.00065574
24 15 0.00076914
24 24 0.25194053
24 23 0.01958908
24 18 0.00698120
84 81 0.00390369
84 83 0.00454408
84 82 0.00442073
84 71 0.00050465
84 77 0.01244475
84 76 0.56317950
84 78 0.00291321
84 74 0.00123948
84 80 0.01235457
84 84 0.00238472
84 79 0.01785933
84 75 0.17216431
84 85 0.01775048
36 36 0.14696566
36 32 0.29387315
36 35 0.01558822
36 34 0.03743773
36 31 0.02287592
36 30 0.00209803
36 28 0.00141359
36 33 0.09061280
36 29 0.00313501
36 27 0.00127277
113 105 0.51006314
113 108 0.04907718
113 104 0.03381165
113 106 0.00052635
55 46 0.00258124
55 51 0.00855507
55 48 0.08325655
55 50 0.00100115
55 47 0.15990727
55 52 0.04149466
55 49 0.12411516
55 55 0.03774453
38 33 0.03678657
38 37 0.00404785
38 29 0.00908461
38 30 0.00060350
38 34 0.27829824
38 31 0.00800302
38 38 0.03057322
38 36 0.00826191
38 32 0.00797180
38 35 0.13900254
1 2 0.00438256
1 4 0.00195451
1 1 0.61655555
1 3 0.00425549
143 135 0.42743235
143 134 0.02274073
143 137 0.00766360
143 136 0.49560878
143 133 0.00282896
60 60 0.12032346
60 57 0.00068376
60 53 0.00174509
60 54 0.00078373
60 52 0.14791860
60 51 0.15985384
60 61 0.00373103
68 61 0.02886406
68 65 0.02820953
68 68 0.00978759
68 62 0.00981350
68 60 0.37326881
68 63 0.00242802
68 59 0.00073431
68 64 0.02765042
68 69 0.00239009
76 67 0.00607966
76 69 0.00068997
76 68 0.57079588
76 73 0.00141947
76 77 0.06859613
76 76 0.00322244
76 70 0.00145658
76 72 0.00542769
76 71 0.01420321
10 13 0.00088288
10 5 0.00750803
10 9 0.13426350
10 8 0.02812169
10 10 0.19744957
10 6 0.03768692
10 12 0.02259038
10 4 0.00088158
10 7 0.03289097
10 3 0.01272602
10 11 0.01194111
61 58 0.01652872
61 62 0.00498683
61 57 0.01475045
61 53 0.25479546
61 54 0.04438345
61 52 0.00929540
61 61 0.00496506
122 114 0.49222745
122 116 0.00301206
122 113 0.00583957
122 115 0.00147746
122 117 0.06714251
140 132 0.66997976
140 133 0.18857639
140 131 0.02209611
140 134 0.00507621
140 130 0.00255453
51 42 0.00299419
51 45 0.05278976
51 43 0.23198277
51 44 0.02792451
51 51 0.12875707
51 48 0.05991761
51 47 0.02103671
116 111 0.11456762
116 106 0.00072765
116 107 0.01870804
116 110 0.00272823
116 109 0.00367492
116 108 0.44906217
21 15 0.00218471
21 23 0.01238474
21 18 0.02345001
21 14 0.02556356
21 19 0.01830818
21 17 0.02851988
21 20 0.00412800
21 21 0.11615381
21 22 0.00825137
21 16 0.00290779
13 12 0.00668250
13 14 0.01420355
13 7 0.00115528
13 15 0.01444305
13 11 0.00591358
13 16 0.01441396
13 13 0.16408712
13 10 0.30064448
13 8 0.00429620
13 17 0.00096359
13 9 0.04797653
13 6 0.00495762
22 15 0.02544671
22 24 0.00173213
22 23 0.00079866
22 18 0.04529230
22 16 0.00079561
22 22 0.18184699
22 19 0.01789636
22 20 0.02294530
22 17 0.00332540
22 21 0.00425237
29 28 0.04418667
29 19 0.00218714
29 25 0.34422692
29 26 0.04671370
29 30 0.00514326
29 21 0.00050337
29 27 0.13434982
29 29 0.04539217
29 22 0.00069301
29 24 0.02813404
29 23 0.00439154
37 30 0.00427336
37 28 0.00861973
37 33 0.30157973
37 37 0.10078507
37 29 0.00188298
37 36 0.00604797
37 35 0.01571992
37 32 0.04212756
37 34 0.10609201
37 31 0.00911257
154 148 0.00131562
154 146 0.35824278
154 147 0.42767584
154 145 0.13911494
154 144 0.00433225
78 70 0.45985975
78 72 0.00629209
78 71 0.00292191
78 78 0.00415349
78 80 0.00050935
78 79 0.10399065
78 69 0.01287649
78 74 0.01113622
78 64 0.00050740
78 75 0.01114316
78 73 0.01173952
87 85 0.06737584
87 75 0.00087025
87 79 0.45261530
87 80 0.00487264
87 84 0.00205554
87 87 0.00405894
87 74 0.00070875
87 78 0.12992230
87 82 0.01403003
87 86 0.03000726
87 83 0.01948298
117 112 0.11616570
117 111 0.00618222
117 108 0.02189602
117 110 0.00130774
117 109 0.76294322
98 93 0.01347232
98 97 0.01741662
98 95 0.00097087
98 96 0.01973523
98 91 0.12347679
98 94 0.01467066
98 90 0.30643243
98 89 0.26607623
98 92 0.00091922
15 9 0.00116006
15 19 0.00750942
15 17 0.02760069
15 8 0.01686775
15 10 0.00061116
15 13 0.02143787
15 16 0.02193908
15 18 0.00811772
15 11 0.04043774
15 15 0.07603004
15 14 0.13034316
15 12 0.05877777
32 24 0.00204169
32 32 0.13187845
32 23 0.00294115
32 31 0.04632724
32 28 0.14888275
32 26 0.00509936
32 30 0.06163969
32 25 0.01575488
32 27 0.02031918
32 22 0.00168024
32 29 0.02526469
32 33 0.00066950
130 122 0.81036272
130 123 0.02496845
135 128 0.01901775
135 127 0.89007518
69 62 0.02420808
69 60 0.00183031
69 64 0.00418170
69 63 0.00881504
69 69 0.02610875
69 66 0.02140690
69 61 0.32655337
69 65 0.02065930
69 70 0.04297372
43 40 0.06265920
43 39 0.04808271
43 37 0.13942851
43 36 0.06074867
43 35 0.00772968
43 34 0.00857289
43 42 0.00108868
43 38 0.04456208
43 43 0.12693734
34 28 0.00639417
34 25 0.00714044
34 26 0.00075775
34 30 0.04811647
34 27 0.01407386
34 29 0.02567960
34 33 0.03555553
34 35 0.00620192
34 24 0.00131268
34 32 0.04473071
34 31 0.03484599
34 34 0.25208963
121 113 0.78043511
121 112 0.01072442
121 115 0.00308134
121 114 0.00439667
121 116 0.06543986
95 87 0.32892452
95 93 0.00208849
95 89 0.01606829
95 90 0.01962253
95 91 0.00080712
95 86 0.13758145
95 88 0.02399314
