103 150 89 133 0.02771490
103 150 90 132 0.00505940
103 150 88 133 0.00202360
103 150 91 132 0.00751863
115 136 102 118 0.00075597
115 136 101 118 0.00178148
115 136 100 119 0.67581300
115 136 103 117 0.01037720
115 138 100 119 0.02459620
115 138 99 120 0.02920000
115 138 102 118 0.03369690
115 138 101 118 0.00202708
115 138 98 121 0.03183960
115 140 98 121 0.00089457
121 135 104 118 0.01271480
121 135 106 115 0.00132912
121 135 105 116 0.00478731
121 135 105 117 0.00297487
121 129 108 113 0.00170016
121 129 106 115 0.00147543
121 133 107 114 0.02238210
121 133 106 115 0.02712630
121 133 108 113 0.01384360
121 133 105 116 0.54010300
121 133 103 116 0.00132097
104 148 93 129 0.00089397
104 149 92 132 0.52266900
104 149 93 130 0.00256216
104 149 93 131 0.00094498
104 149 90 132 0.03597910
104 149 91 132 0.03955780
11 31 11 31 0.97099200
43 72 42 65 0.00077182
43 72 43 64 0.00145002
43 72 41 65 0.01213400
43 73 40 66 0.03130370
43 73 41 65 0.00694142
43 73 41 66 0.00182561
43 73 43 64 0.00882170
43 75 42 65 0.00102485
43 75 40 68 0.00396673
43 75 40 66 0.01203500
43 75 38 68 0.00071099
43 75 41 65 0.04884410
43 75 43 64 0.00975309
43 75 39 67 0.00153590
125 132 108 113 0.00650708
80 100 74 93 0.00088598
80 100 70 87 0.00489991
80 99 70 87 0.02199440
80 99 71 85 0.00072413
100 151 87 133 0.00116739
100 151 86 134 0.00131375
100 151 88 133 0.01305990
52 69 51 57 0.00242185
52 69 45 61 0.00131803
52 59 41 47 0.00157270
52 59 41 48 0.00056325
52 59 51 57 0.00302198
52 59 49 56 0.00181066
52 64 51 55 0.00449383
52 64 51 57 0.00852458
52 64 48 58 0.00244665
52 64 48 59 0.00334228
52 64 47 59 0.06039280
52 64 49 56 0.00114193
52 58 41 47 0.00146083
52 58 51 57 0.02204570
52 71 45 61 0.00056962
52 71 47 59 0.00139839
52 63 51 57 0.00183909
52 63 48 58 0.00155770
52 63 49 56 0.05761130
52 152 49 133 0.00051344
52 67 47 59 0.00254127
52 67 51 57 0.00236174
52 67 46 60 0.00617583
52 57 42 47 0.00075135
86 93 74 81 0.02702610
86 95 74 83 0.38103200
86 95 80 89 0.00125781
86 95 80 88 0.00055188
6 100 6 86 0.00068478
6 99 6 86 0.00084760
6 37 5 36 0.00099207
6 37 5 37 0.00240521
6 37 6 35 0.21328300
6 38 6 35 0.01371590
6 38 5 38 0.00106862
41 76 41 65 0.00248293
41 76 38 68 0.00061087
41 76 40 66 0.00106443
41 77 39 67 0.07329410
41 77 41 66 0.00561126
41 77 41 65 0.36630800
41 77 38 70 0.00222192
41 77 38 68 0.02122190
41 77 40 66 0.11923300
41 77 40 68 0.00179158
41 77 42 65 0.00077038
41 50 38 47 0.00146405
41 50 39 45 0.00060748
41 60 40 48 0.00050138
41 71 40 66 0.00183508
41 71 41 65 0.00085347
120 136 104 118 0.00098211
120 136 105 117 0.00309014
120 136 105 116 0.00116788
120 136 103 117 0.00190391
120 131 107 114 0.00062366
120 131 105 116 0.00244009
120 132 105 116 0.00082269
120 132 108 113 0.00288839
120 132 107 114 0.00290906
49 76 44 64 0.00388411
49 67 48 58 0.05045090
49 67 46 60 0.25670700
49 67 45 61 0.00189839
49 67 47 59 0.02878210
49 67 44 62 0.02780470
49 69 45 61 0.01765490
49 69 44 62 0.13461200
49 69 44 64 0.00519737
49 69 46 60 0.01378510
49 69 48 58 0.00516098
81 99 70 87 0.00813431
81 99 71 86 0.00882614
81 99 75 92 0.00096932
69 75 57 63 0.00138444
69 73 60 64 0.00156350
69 73 57 61 0.01068000
45 72 45 61 0.00070345
45 72 45 63 0.00354804
45 72 44 64 0.00075056
45 72 44 62 0.00765390
45 72 42 65 0.02829490
45 72 43 64 0.03125850
45 72 41 65 0.01115140
45 78 40 66 0.00354119
45 78 41 66 0.00119158
45 73 43 64 0.00392976
45 73 41 66 0.00180193
45 73 41 65 0.00111664
45 73 40 66 0.00428783
45 73 45 61 0.01106780
45 73 42 65 0.00086824
45 73 44 64 0.06541840
45 73 44 62 0.03652680
124 131 108 113 0.01585910
124 131 107 114 0.56138100
95 100 83 88 0.00442606
122 128 107 114 0.00148847
122 128 108 113 0.00074811
122 132 108 113 0.03287360
122 132 107 114 0.02727960
122 132 106 115 0.23596400
64 70 59 65 0.00324388
13 29 13 29 0.97511500
111 133 99 120 0.00070688
111 142 97 123 0.00656412
111 142 98 122 0.00635340
111 142 96 124 0.00068601
51 60 40 48 0.00166008
51 60 50 58 0.00087145
51 60 50 55 0.00255150
51 60 41 48 0.00061137
51 63 48 58 0.00614223
51 63 50 55 0.00121403
51 63 50 58 0.00110368
51 63 49 56 0.00295266
51 58 41 47 0.00053349
51 58 41 48 0.00063490
51 58 50 55 0.00120074
51 56 50 55 0.00896472
51 67 47 59 0.01016730
51 67 48 58 0.00449166
51 67 46 60 0.31678800
51 67 50 55 0.00139691
51 67 50 62 0.00059561
51 67 50 58 0.03237060
51 59 50 58 0.00439096
51 59 40 48 0.00087305
112 140 97 123 0.39139100
112 140 98 122 0.00362884
112 140 98 121 0.02146730
112 140 99 120 0.02186330
112 132 100 119 0.00174474
8 34 7 34 0.01621460
8 34 8 33 0.08543570
107 145 94 126 0.07405060
107 145 93 128 0.08486160
107 145 95 125 0.07509960
107 146 93 128 0.00350221
107 146 93 129 0.00984015
5 79 5 67 0.20316700
5 79 4 68 0.00059245
5 81 5 75 0.00069059
119 133 105 116 0.00151688
119 133 103 116 0.02368600
119 133 106 115 0.00146277
119 133 107 114 0.00154122
119 137 102 120 0.00206498
119 135 103 117 0.02422120
119 135 105 116 0.02153520
119 135 102 118 0.03128860
119 135 101 118 0.00108246
119 135 104 118 0.06887640
119 135 106 115 0.03768010
68 74 56 62 0.00535725
118 136 100 119 0.00149941
118 136 101 118 0.00134457
118 136 102 118 0.02919800
118 136 105 116 0.04215570
118 136 103 117 0.03087540
110 142 96 124 0.00554392
110 142 98 122 0.06736860
110 142 95 125 0.46985300
110 142 97 123 0.06336890
110 135 98 122 0.00137181
61 77 56 69 0.00156451
57 66 51 57 0.01083430
57 66 50 58 0.03153310
142 150 125 131 0.00113079
65 77 53 65 0.00948516
65 69 60 64 0.00299683
59 79 54 71 0.00171452
144 150 127 131 0.00544384
56 61 52 56 0.00086721
56 61 51 55 0.00168221
56 61 50 55 0.00089687
56 62 51 57 0.17403400
56 62 51 55 0.36289000
56 62 50 55 0.04149630
56 62 52 56 0.00316029
56 65 52 56 0.00057704
56 65 50 58 0.00181969
56 65 51 57 0.01098100
56 82 51 74 0.00081266
83 96 73 84 0.00219279
83 100 71 86 0.00160178
83 100 71 85 0.00111012
83 97 71 85 0.87390600
83 97 73 84 0.00659223
83 97 77 90 0.00117396
83 97 74 83 0.00127267
60 78 55 70 0.00151687
109 143 96 124 0.07356190
109 143 97 123 0.07478530
109 143 94 126 0.52831200
109 143 95 125 0.00614573
109 136 97 123 0.00128212
123 131 107 114 0.28392100
123 131 108 113 0.01353210
123 132 108 113 0.00474021
123 132 107 114 0.01769900
123 132 106 115 0.20578600
123 128 108 113 0.00389580
12 30 12 30 0.98904700
48 68 46 60 0.04088410
48 68 48 58 0.00217751
48 68 44 62 0.00176686
48 68 47 59 0.15022100
48 68 45 63 0.00126260
48 68 45 61 0.20075100
48 70 44 62 0.01669700
48 70 45 61 0.01090990
48 70 45 63 0.02663070
48 70 47 59 0.01346120
48 70 43 64 0.00243783
48 70 48 58 0.00758110
48 70 46 60 0.00060423
48 66 47 59 0.01721080
48 66 45 61 0.00210159
9 33 9 33 0.51289500
9 33 9 32 0.01554760
9 33 8 33 0.00663920
117 135 103 117 0.00128632
117 135 103 116 0.00087438
117 135 105 116 0.00579836
117 135 101 118 0.00350374
117 135 102 118 0.07840240
117 137 100 119 0.00126849
117 137 99 120 0.00108647
117 137 101 120 0.00068782
117 137 102 120 0.01272100
117 137 102 118 0.00967343
117 137 103 117 0.00293813
37 81 36 70 0.00276919
37 81 35 71 0.00225553
46 68 45 61 0.00787080
46 68 46 60 0.00066179
46 70 43 64 0.00057575
46 70 46 60 0.00240103
46 70 41 65 0.01003350
46 70 45 61 0.11496700
46 70 45 63 0.00642231
46 70 42 65 0.00595488
46 70 44 62 0.04400650
18 26 18 26 0.55725800
18 23 18 23 0.27680000
62 76 57 68 0.00174614
39 79 36 70 0.00148396
39 79 39 67 0.44582600
39 79 38 68 0.07324360
39 79 38 70 0.00058795
39 62 37 51 0.00050349
39 78 38 68 0.00378362
39 78 39 67 0.00378839
39 73 38 68 0.00138276
114 140 99 120 0.00940693
114 140 101 120 0.02297910
114 140 102 120 0.00950289
114 140 98 121 0.01117640
114 140 98 122 0.01342250
114 140 97 123 0.01176690
114 138 98 121 0.00111616
114 138 101 118 0.00977815
114 138 100 119 0.00954451
66 76 54 64 0.00702245
50 68 45 63 0.00399262
50 68 45 61 0.13912700
50 68 47 59 0.01258480
50 68 49 63 0.00067958
50 68 49 56 0.00159427
50 68 46 60 0.01530910
50 65 46 60 0.00092577
50 65 48 58 0.00113510
50 65 49 56 0.01369030
50 65 47 59 0.00070928
50 75 45 63 0.00281803
50 75 49 63 0.00059141
50 61 39 49 0.00133342
50 61 49 56 0.00667737
50 73 45 61 0.00208502
50 73 45 66 0.00106539
50 66 45 61 0.03069120
50 66 47 59 0.22177000
50 66 49 56 0.00090270
50 66 48 58 0.01531220
50 66 46 60 0.00138606
54 88 49 76 0.00119808
54 60 51 57 0.01414870
54 63 49 56 0.36123000
54 63 52 56 0.00109719
54 63 50 58 0.00119090
54 63 51 57 0.00109420
54 67 53 60 0.00089310
54 67 47 59 0.00673337
54 69 51 57 0.00052532
54 69 53 60 0.00098095
54 69 49 63 0.00097414
7 36 6 35 0.00061489
7 36 7 35 0.02462100
7 36 7 34 0.10223400
7 35 6 35 0.00997954
7 35 7 34 0.13087900
7 35 7 35 0.17476800
42 59 40 48 0.00069344
42 76 38 68 0.00126196
42 76 40 66 0.13516400
42 76 40 68 0.00099502
42 76 42 65 0.00661347
42 76 39 69 0.00131536
42 76 39 67 0.01486990
42 76 41 65 0.11418100
42 76 41 66 0.00184706
89 102 77 90 0.00773194
89 97 77 85 0.02720690
93 100 81 88 0.00604878
55 67 48 59 0.00054516
55 67 50 62 0.00052243
55 59 52 56 0.02048840
55 60 50 55 0.00856031
55 60 54 59 0.00112490
55 60 52 56 0.00086300
55 63 51 57 0.00343488
55 63 50 58 0.05859940
55 63 49 56 0.03611620
55 63 52 56 0.01269480
101 150 88 133 0.01620810
101 150 87 133 0.00295438
101 150 89 133 0.36649600
101 153 86 134 0.00060660
101 153 89 133 0.00075508
53 68 52 56 0.00078148
53 68 48 59 0.00051343
53 68 46 60 0.00346242
53 70 48 58 0.00329474
53 70 48 64 0.00081139
53 70 46 60 0.00055377
53 89 48 77 0.00085884
53 66 52 56 0.00117042
53 66 47 59 0.01536250
53 66 50 58 0.00138579
53 66 51 57 0.00137008
53 66 48 58 0.01170690
53 66 48 59 0.30036200
67 75 55 63 0.00684848
67 75 60 64 0.00100499
108 137 96 124 0.00113780
108 144 95 125 0.04300260
108 144 94 126 0.00625868
108 144 93 126 0.00054332
108 144 96 124 0.07506960
74 79 69 73 0.00065367
4 80 4 68 0.09010680
4 80 3 69 0.00246329
4 41 4 39 0.00185771
3 83 3 77 0.00084780
3 81 3 69 0.81717400
3 79 3 69 0.06447660
88 101 78 89 0.00102626
88 101 76 89 0.02740600
88 93 82 87 0.00209149
116 135 103 117 0.00088803
116 135 101 118 0.24785600
116 137 103 117 0.04189850
116 137 101 120 0.00963294
116 137 101 118 0.01070740
116 137 102 118 0.00326313
116 137 99 120 0.01673710
116 137 100 119 0.03078750
58 80 53 72 0.00133169
58 65 51 57 0.03445900
58 65 52 56 0.01181220
2 145 2 127 0.00072422
2 82 2 70 0.78977200
10 32 9 32 0.00467554
10 32 10 32 0.95444500
38 78 38 68 0.00219604
38 80 36 70 0.00996497
38 80 37 70 0.00079866
38 80 38 68 0.33699000
38 79 38 68 0.00148234
38 79 37 70 0.00057110
87 94 75 82 0.45287100
87 94 81 88 0.00180838
87 92 75 80 0.06458290
44 70 44 62 0.00157062
44 70 42 65 0.00118794
44 70 41 65 0.00549015
44 79 39 67 0.00588454
85 104 75 92 0.00062555
14 28 14 28 0.65618200
105 148 93 129 0.18283400
105 148 93 131 0.51047000
105 148 93 130 0.01716700
105 148 93 128 0.02789510
84 96 74 83 0.00430859
84 96 73 84 0.00093371
84 96 78 89 0.00096683
84 96 72 84 0.82610900
84 96 75 82 0.00126211
47 71 43 64 0.01515450
47 71 46 60 0.01445890
47 71 45 61 0.00066611
47 71 47 59 0.00848873
47 71 42 65 0.00199286
47 71 44 64 0.03349320
47 71 44 62 0.00715038
47 67 46 60 0.01880440
47 67 44 62 0.00156124
47 69 44 62 0.13755000
47 69 44 64 0.00119525
47 69 47 59 0.00230804
47 69 47 64 0.00080671
47 69 45 61 0.04350960
47 69 46 60 0.15208700
47 69 43 64 0.00308535
15 27 15 27 0.97492600
40 61 39 49 0.00060077
40 78 39 69 0.00173707
40 78 39 67 0.11434200
40 78 40 66 0.24534000
40 78 38 68 0.11250500
40 72 39 67 0.00174579
40 51 39 46 0.00243799
40 51 38 47 0.00067498
106 139 94 126 0.00060882
106 146 93 129 0.06018960
106 146 93 128 0.00878864
106 146 94 126 0.07556530
102 151 89 133 0.00952488
102 151 91 132 0.00403859
102 151 90 132 0.30092600
102 151 88 133 0.00069586
102 151 87 133 0.00175072
113 138 98 121 0.79671900
113 138 100 119 0.00421543
113 138 99 120 0.00346742
113 138 101 118 0.00150255
113 131 101 118 0.00178217
