104 122 114 140 0.00975711
104 122 119 137 0.00146423
104 122 117 137 0.00799864
104 120 115 136 0.00447353
104 120 115 138 0.04619890
104 120 118 136 0.04862770
104 120 117 137 0.06080390
104 120 117 135 0.05132340
104 120 116 137 0.00704804
104 120 119 135 0.02201260
103 122 114 140 0.03123220
103 122 114 138 0.00244803
103 122 115 140 0.00050518
103 122 116 137 0.00622100
103 120 118 136 0.00187220
103 120 115 138 0.00360489
103 120 115 136 0.01361410
103 120 114 138 0.01437180
103 120 116 137 0.06693500
103 120 116 135 0.16262100
103 120 117 135 0.00239029
103 120 110 135 0.00310338
103 120 119 135 0.00081313
103 120 113 138 0.00231794
103 120 113 131 0.00279855
97 127 107 145 0.13824700
97 127 104 142 0.00706280
97 127 109 143 0.00904251
97 127 110 142 0.29891500
97 127 108 144 0.15829000
80 91 88 101 0.00430557
79 92 89 102 0.00194511
52 75 59 82 0.00404924
52 75 56 82 0.01625880
52 75 58 80 0.00112694
52 75 58 82 0.00067764
52 75 58 83 0.45178700
52 75 57 81 0.00424078
52 75 57 84 0.02647970
52 75 57 83 0.07720250
100 123 112 140 0.10485200
100 123 113 138 0.52858800
100 123 114 140 0.02004240
100 123 114 138 0.00084187
100 123 115 138 0.02679950
100 123 115 140 0.00098453
100 124 114 140 0.02171340
100 124 111 142 0.01011050
100 124 112 140 0.01058430
100 124 110 135 0.00153622
100 124 110 142 0.12540500
100 124 107 139 0.00309268
43 79 48 89 0.00599909
43 79 46 89 0.00523902
11 31 11 31 0.97956200
49 78 52 87 0.00060895
49 78 52 86 0.78682800
49 78 54 87 0.00829628
49 78 54 88 0.08872710
49 78 56 85 0.00196215
81 91 89 100 0.00169728
81 90 89 100 0.00233986
6 129 6 147 0.00975551
6 39 6 38 0.00106864
6 35 7 35 0.00123126
6 35 6 37 0.06026460
6 35 6 38 0.03748740
94 135 103 150 0.04384850
94 135 102 151 0.00580320
129 134 144 150 0.00066072
129 133 144 150 0.01626230
41 83 46 93 0.00400265
41 83 47 88 0.00055080
41 83 44 93 0.01744930
41 87 44 95 0.46139500
41 86 44 95 0.00800649
41 86 44 93 0.01554270
41 86 45 94 0.00632738
41 86 43 94 0.00596637
41 82 45 92 0.00077089
41 84 45 92 0.00125255
41 84 45 94 0.00201028
41 84 44 93 0.00217378
41 84 43 94 0.00117078
41 85 44 95 0.01739320
41 85 44 93 0.17240100
41 85 45 92 0.00053193
41 85 46 93 0.00120020
41 81 46 89 0.00052142
41 88 44 95 0.00057782
45 81 48 89 0.42507700
45 81 49 88 0.00162986
45 82 48 89 0.01212600
45 82 50 92 0.01507720
45 82 51 87 0.00113642
45 80 48 89 0.00126719
45 80 51 88 0.00131902
45 80 49 88 0.01413670
45 84 50 92 0.00197652
126 135 141 150 0.00053078
95 128 103 143 0.00307740
95 128 108 144 0.00067675
95 133 105 148 0.02289370
95 133 103 150 0.06135930
95 133 104 149 0.00370668
95 133 104 148 0.02364210
95 134 103 150 0.00447842
95 134 104 149 0.08746430
95 134 102 151 0.00722858
95 130 105 148 0.09191260
95 130 106 146 0.00539833
95 130 104 148 0.00328370
95 130 107 146 0.00409934
95 130 107 145 0.05465650
95 132 104 148 0.00239782
95 132 104 149 0.19005100
95 132 103 150 0.00115979
95 132 105 148 0.00521079
95 131 105 148 0.08994950
95 131 107 146 0.00612456
95 131 106 146 0.05846620
95 131 104 148 0.06780400
95 131 104 149 0.00516766
92 135 103 150 0.00892681
92 135 100 151 0.00126004
92 135 101 150 0.00504446
92 135 102 151 0.00629080
8 34 8 34 0.97523100
8 33 8 34 0.00292556
107 119 120 131 0.00172963
107 119 120 132 0.00096683
107 119 120 136 0.02645430
107 119 118 136 0.00068955
107 119 121 135 0.00489801
107 119 119 135 0.00271827
107 118 119 135 0.03741710
107 118 119 133 0.00428282
107 118 121 135 0.00416253
107 118 121 133 0.34159900
107 118 117 133 0.00209973
107 118 117 135 0.00511596
107 118 118 136 0.05561190
107 118 120 136 0.00559659
107 118 120 132 0.00362592
107 118 120 131 0.01163930
5 38 6 38 0.00068571
5 37 6 37 0.00079864
5 133 5 151 0.06199420
5 134 5 151 0.19740600
13 29 13 29 0.97960300
51 76 57 81 0.00134005
51 76 57 83 0.00056185
51 76 57 84 0.58574500
51 76 58 83 0.00412890
51 76 56 82 0.00769848
51 76 56 84 0.26281400
51 76 56 85 0.05788180
111 115 122 132 0.00304399
111 115 126 130 0.39727300
111 115 124 131 0.02826800
111 115 123 132 0.01796650
111 115 123 128 0.00052455
111 115 125 132 0.00123083
111 115 125 131 0.00174294
110 115 126 130 0.00133261
110 115 125 132 0.00200189
110 115 117 122 0.00057524
110 115 121 129 0.00173607
110 115 121 133 0.01285500
110 115 122 132 0.03233890
110 115 122 128 0.00240289
110 115 120 132 0.00163807
110 115 123 132 0.02004380
110 115 123 131 0.10631800
110 115 123 128 0.02257480
110 115 124 131 0.02496430
57 71 63 79 0.00696641
57 71 63 78 0.00263622
57 71 60 78 0.00164533
57 71 62 76 0.00145195
57 71 64 79 0.02186690
57 69 65 77 0.39049300
57 69 61 77 0.00330653
57 69 62 76 0.14685100
57 69 63 75 0.00369816
61 67 67 73 0.00147985
61 67 69 75 0.00057166
61 67 66 74 0.02086210
61 67 68 74 0.10261500
61 66 68 74 0.00548629
61 66 67 73 0.00289242
61 65 68 74 0.00122722
61 65 69 73 0.38891800
60 67 67 75 0.00212879
60 67 66 74 0.00741867
60 67 68 74 0.00063382
60 66 67 73 0.08414540
60 66 67 75 0.00079770
60 66 66 74 0.00061815
60 66 65 71 0.00399661
60 66 68 74 0.69102300
60 68 66 74 0.00359506
60 68 67 75 0.03611770
60 68 68 76 0.00088140
109 116 122 128 0.00635209
109 116 122 132 0.24586000
109 116 119 133 0.00111101
109 116 121 129 0.00188998
109 116 121 133 0.03318170
109 116 124 131 0.36294200
109 116 123 131 0.18486800
109 116 123 132 0.02955850
109 116 125 132 0.00068769
109 116 120 132 0.00433279
109 116 120 131 0.00073203
83 91 93 102 0.00128939
83 90 93 100 0.00819251
83 89 93 100 0.00113368
56 70 64 79 0.00257730
56 70 60 78 0.00581128
56 70 63 78 0.01693830
56 70 62 76 0.00362132
56 70 61 77 0.23596500
56 72 61 77 0.00226344
56 72 63 80 0.01265380
56 72 63 79 0.00266592
56 72 59 79 0.00088429
59 68 66 76 0.00680886
59 67 66 74 0.13509500
59 67 66 76 0.00146524
59 67 67 75 0.41108700
59 67 63 75 0.00165044
48 79 53 89 0.07941910
48 79 52 86 0.00639609
48 79 52 87 0.00390092
48 79 54 87 0.00875716
48 79 51 87 0.42011300
12 30 12 30 0.99129600
98 126 109 143 0.27694100
98 126 110 142 0.00846677
98 126 108 137 0.00103232
98 126 108 144 0.13816900
98 126 105 141 0.00420656
98 126 111 142 0.00089619
9 33 9 33 0.98576200
18 23 18 23 0.58495500
18 26 18 26 0.11091900
46 81 52 86 0.00122793
46 81 49 88 0.01098630
46 81 51 87 0.00059175
46 80 49 88 0.78202500
46 80 51 87 0.00100077
46 80 51 88 0.02242910
54 71 58 78 0.00076711
54 71 60 78 0.00052907
54 71 59 79 0.05856960
54 73 59 82 0.06182230
54 73 59 81 0.21307200
54 73 59 79 0.00867727
54 73 57 81 0.01122300
54 73 60 81 0.56948700
54 73 60 80 0.00149610
54 73 60 78 0.00130775
54 73 58 80 0.01581230
42 81 46 89 0.00205752
42 84 45 92 0.17836600
42 84 45 94 0.00840899
42 85 46 93 0.01059590
42 85 45 94 0.00278511
42 85 45 92 0.01100600
42 85 44 93 0.00583852
42 85 44 95 0.00242323
42 80 47 88 0.00162436
42 80 45 90 0.00388678
42 87 44 95 0.00217000
42 86 45 94 0.14030800
42 82 45 90 0.08097690
42 82 45 92 0.00925134
42 82 46 89 0.00092772
42 83 46 93 0.00491468
42 83 45 92 0.00169844
42 83 45 90 0.00249040
42 83 44 93 0.00185605
7 34 7 36 0.00302194
7 34 7 35 0.00298548
7 34 8 34 0.00109135
7 35 7 36 0.03116920
7 35 7 35 0.55483800
99 125 109 136 0.00126788
99 125 109 143 0.13761700
99 125 112 140 0.25186000
99 125 110 142 0.23910600
99 125 111 142 0.03075280
99 125 114 140 0.01031570
39 46 40 51 0.00551057
39 89 45 94 0.00074768
39 135 42 150 0.00814108
39 135 41 150 0.00075514
50 77 53 83 0.00217090
50 77 53 84 0.00843673
50 77 57 84 0.00403138
50 77 55 87 0.03508100
50 77 56 85 0.57020300
50 77 56 82 0.00133075
101 122 112 140 0.03480920
101 122 113 138 0.01468480
101 122 111 133 0.00105221
101 122 117 137 0.00080338
101 122 116 137 0.01322680
101 122 114 138 0.00057254
101 122 114 140 0.03875170
101 122 115 138 0.04874890
101 122 108 137 0.00363458
53 74 60 81 0.00360989
53 74 58 83 0.05632450
53 74 58 80 0.00785381
53 74 58 82 0.10654600
53 74 57 81 0.01643680
53 74 56 82 0.00732952
53 74 59 81 0.00080896
53 74 59 82 0.30405100
53 74 59 79 0.00122928
89 129 97 144 0.02150710
89 129 100 144 0.00284568
89 129 102 144 0.00588342
89 136 100 151 0.00175099
89 136 101 153 0.00118717
89 136 96 151 0.00084862
89 136 102 151 0.00116100
55 72 59 79 0.00468776
55 72 61 77 0.00083633
55 72 63 80 0.13268500
55 72 60 81 0.01468270
55 72 60 80 0.03114500
55 72 60 78 0.00571061
55 72 58 80 0.00278468
20 26 20 26 0.02284780
4 39 4 41 0.01552520
4 126 4 141 0.00078364
88 134 96 151 0.39226500
88 134 102 151 0.00074462
88 134 100 151 0.00124160
88 133 101 150 0.00376356
88 133 96 151 0.02253940
88 133 103 150 0.00108598
3 128 3 144 0.00119949
108 117 119 135 0.04700620
108 117 119 133 0.00333188
108 117 121 133 0.24253400
108 117 121 129 0.00627262
108 117 121 135 0.00542364
108 117 122 132 0.14806600
108 117 120 132 0.00160535
108 117 123 132 0.13185300
2 83 2 94 0.00076480
2 129 2 145 0.00226686
2 85 2 94 0.00184912
10 32 10 32 0.98944900
38 136 40 151 0.00320958
38 47 38 51 0.00074572
38 47 41 50 0.01026530
58 68 63 75 0.19244400
58 68 62 76 0.00437684
58 68 65 77 0.00150373
58 68 66 76 0.68567600
58 70 65 77 0.02512010
58 70 61 77 0.00124380
58 70 63 78 0.00280936
58 70 63 75 0.00258938
96 128 106 146 0.13961500
96 128 106 139 0.00056640
96 128 109 143 0.33830800
96 128 107 145 0.27704600
96 128 108 144 0.00889596
96 128 103 143 0.00437269
87 135 95 152 0.21606400
1 86 1 95 0.00172176
1 129 1 146 0.00335555
40 84 45 94 0.00150164
40 84 43 94 0.00844505
40 85 44 95 0.00176268
40 85 44 93 0.00057715
40 85 43 94 0.00075903
40 83 44 93 0.00080857
40 87 43 94 0.00637627
40 87 44 95 0.01157940
40 86 44 93 0.00067033
40 86 45 94 0.00057265
40 86 43 94 0.08433300
40 82 45 92 0.00062018
91 136 100 151 0.01491560
91 136 102 151 0.01197070
91 136 101 153 0.03418520
15 26 15 26 0.00811755
15 27 15 27 0.97152200
47 79 52 86 0.00102251
47 79 52 87 0.00290926
47 79 53 84 0.00120181
47 79 51 87 0.00683989
106 120 118 136 0.00116254
106 120 120 136 0.00149455
106 120 121 135 0.00817487
106 120 119 135 0.04488830
106 120 119 137 0.00175889
85 91 95 102 0.00496394
85 91 93 102 0.00057493
85 91 93 100 0.00261015
85 90 95 100 0.00930131
85 90 93 100 0.00099567
85 134 96 151 0.00075377
85 89 93 100 0.00076781
85 89 95 102 0.00075759
85 89 95 100 0.00245312
84 89 95 100 0.00073240
84 91 95 102 0.00071055
105 111 115 121 0.00225701
105 111 118 126 0.00091489
105 118 119 133 0.01516760
105 118 117 133 0.00094110
105 118 117 135 0.00185156
105 118 121 133 0.00101391
105 119 119 135 0.04063380
105 119 116 137 0.05762520
105 119 116 135 0.00509554
105 119 117 135 0.01056770
105 119 117 137 0.00513746
105 119 120 136 0.00115610
105 119 118 136 0.19409100
105 119 115 136 0.01070730
14 28 14 28 0.69984700
102 121 112 132 0.00272841
102 121 113 138 0.02259480
102 121 109 136 0.00466789
102 121 114 138 0.03143140
102 121 118 136 0.00112148
102 121 115 138 0.15031100
102 121 115 136 0.44814300
102 121 116 137 0.05101930
102 121 117 137 0.00176273
90 95 95 102 0.00051544
