12 30 12 30 0.98900600
123 131 108 113 0.00142677
123 131 107 114 0.00656473
123 132 106 115 0.19063800
123 132 107 114 0.00456150
123 132 108 113 0.01580770
48 68 44 62 0.00531696
48 68 47 59 0.30411000
48 68 45 61 0.27124300
48 68 46 60 0.02557560
48 68 48 58 0.00109949
48 70 45 61 0.01772060
48 70 45 63 0.03616920
48 70 47 59 0.02732330
48 70 44 62 0.00543553
48 70 48 58 0.02138080
48 70 43 64 0.00253785
48 70 46 60 0.00063975
9 33 8 33 0.00599757
9 33 9 33 0.48489700
9 33 9 32 0.02114090
117 136 103 117 0.52626800
117 136 100 119 0.39127000
117 136 101 118 0.00485127
117 122 108 113 0.00238615
117 135 101 118 0.00630817
117 135 103 117 0.00058980
117 135 103 116 0.00367930
117 135 105 116 0.00132867
37 81 36 70 0.00323663
37 81 35 71 0.00132170
46 70 46 60 0.00145046
46 70 41 65 0.00967299
46 70 45 63 0.00106846
46 70 45 61 0.23708700
46 70 44 62 0.02632080
46 70 42 65 0.00624147
18 26 18 26 0.52752600
18 23 18 23 0.29542200
39 78 38 68 0.00289965
39 78 39 67 0.00495989
39 73 38 68 0.00277139
39 62 37 51 0.00112110
39 79 39 67 0.42503100
39 79 36 70 0.00090781
39 79 38 68 0.17355400
66 76 54 64 0.00660232
114 140 97 123 0.08168980
114 140 98 122 0.00329267
114 140 98 121 0.00279472
114 140 101 120 0.00664667
114 140 102 120 0.00214941
114 140 99 120 0.00062521
114 138 100 119 0.45115200
114 138 99 120 0.00051435
114 138 101 118 0.00793476
114 138 98 121 0.01558840
50 65 49 56 0.03010540
50 65 47 59 0.00132847
50 65 48 58 0.00189442
50 68 46 60 0.00479278
50 68 47 59 0.02083120
50 68 49 56 0.00522652
50 68 45 61 0.03581830
50 68 45 63 0.00103374
50 61 49 56 0.01185910
50 61 39 49 0.00376095
50 66 45 61 0.05513740
50 66 47 59 0.35854600
50 66 49 56 0.00198501
50 66 48 58 0.02124310
50 66 46 60 0.00300947
54 67 53 60 0.00086681
54 59 42 47 0.00075484
54 60 51 55 0.00063127
54 60 51 57 0.02593240
54 63 49 56 0.19507100
54 63 52 56 0.00195658
54 63 50 58 0.00150449
54 63 51 57 0.00222132
54 63 51 55 0.00053986
7 35 7 35 0.16767300
7 35 7 34 0.18452000
7 35 6 35 0.00896020
7 36 6 35 0.00061883
7 36 7 34 0.06699430
7 36 7 35 0.03461340
42 76 39 67 0.01310900
42 76 39 69 0.00139579
42 76 41 66 0.00200802
42 76 41 65 0.23742600
42 76 40 66 0.08535600
42 76 40 68 0.00059001
42 76 42 65 0.00734261
42 59 41 47 0.00098196
42 59 40 48 0.00162008
42 59 42 47 0.00125748
89 97 77 85 0.00833970
89 108 75 91 0.00080296
55 60 51 55 0.00050893
55 60 50 55 0.00593815
55 60 54 59 0.00099253
55 60 52 56 0.00145457
55 63 49 56 0.03315860
55 63 52 56 0.01933150
55 63 51 57 0.00870822
55 63 50 58 0.05751140
55 63 50 55 0.00058336
55 59 52 56 0.03751440
101 153 89 133 0.00138718
101 150 87 133 0.00128234
101 150 88 133 0.00734474
101 150 89 133 0.16105600
53 70 48 58 0.00083357
53 68 48 59 0.00075341
53 68 52 56 0.00173520
67 75 55 63 0.01826500
67 75 60 64 0.00062031
108 144 95 125 0.30880100
108 144 94 126 0.00750756
108 144 96 124 0.07337470
74 79 69 73 0.00145545
4 80 4 68 0.07698920
4 80 3 69 0.00224309
4 82 4 76 0.00066047
3 79 3 69 0.03712040
3 80 3 69 0.11120900
3 81 3 69 0.74029300
3 144 3 132 0.00209696
3 89 3 77 0.00297719
3 83 3 77 0.00146420
88 93 82 87 0.00442190
116 137 103 117 0.00992008
116 137 102 118 0.22144900
116 137 101 118 0.00081219
116 137 99 120 0.22373800
116 137 100 119 0.00931739
116 123 107 114 0.00087046
116 136 100 119 0.01364230
116 136 103 117 0.00836018
116 136 103 116 0.00074579
1 85 1 79 0.00067506
1 83 1 72 0.00073134
38 82 36 70 0.00240958
38 82 38 70 0.00164548
38 82 37 70 0.00578387
38 80 36 70 0.00618076
38 80 37 70 0.00056624
38 80 38 68 0.32741400
38 79 38 68 0.00293282
38 78 38 68 0.00152710
10 32 10 32 0.94565600
10 32 9 32 0.00422484
2 82 2 70 0.74434800
2 145 2 133 0.00197472
2 145 2 127 0.00097212
87 94 81 88 0.00375376
87 94 75 82 0.46862600
87 92 75 80 0.06808890
44 79 39 67 0.00196086
84 96 78 89 0.00226277
84 96 73 84 0.00266072
84 96 72 84 0.85916300
84 96 74 83 0.00166011
84 96 75 82 0.00057940
14 28 14 28 0.65621800
105 136 96 124 0.00255762
105 148 93 130 0.00803125
105 148 93 128 0.05187380
105 148 93 129 0.51419500
105 148 93 131 0.20465400
47 71 44 64 0.04298300
47 71 44 62 0.01170860
47 71 42 65 0.00190640
47 71 45 61 0.00067020
47 71 47 59 0.02219810
47 71 43 64 0.00467959
47 71 46 60 0.02935430
47 69 45 61 0.02623450
47 69 47 59 0.00135373
47 69 44 62 0.17324800
47 69 43 64 0.00308614
47 69 46 60 0.30643000
15 27 15 27 0.54482800
40 51 39 46 0.00072403
40 72 39 67 0.00309218
40 78 39 67 0.23979200
40 78 39 69 0.00154655
40 78 38 68 0.07133670
40 78 40 66 0.24332400
40 61 39 49 0.00150544
91 107 77 90 0.00133721
106 146 93 128 0.00564734
106 146 93 129 0.02784700
106 146 94 126 0.07449260
106 135 97 123 0.00281195
102 142 93 130 0.00072074
102 151 87 133 0.00083292
102 151 90 132 0.64252900
102 151 91 132 0.01239480
102 151 92 132 0.00069823
102 151 89 133 0.00507577
103 150 91 132 0.00358491
103 150 87 133 0.00071854
103 150 90 132 0.00294061
103 150 88 133 0.00073420
103 150 89 133 0.01071490
103 150 93 131 0.00063347
103 138 94 126 0.00108342
115 138 98 121 0.38231700
115 138 102 118 0.00883254
115 138 101 118 0.00577945
115 138 100 119 0.00166623
115 138 99 120 0.00949324
115 126 106 115 0.00145772
121 133 105 116 0.01073250
121 133 108 113 0.00089023
121 133 106 115 0.00288389
121 133 107 114 0.28720400
121 135 104 118 0.01720720
121 129 108 113 0.00087138
121 129 107 114 0.00128945
104 148 93 129 0.00363185
104 149 93 130 0.00917531
104 149 93 131 0.00050411
104 149 92 132 0.21333100
104 149 91 132 0.01753860
104 149 90 132 0.01410240
104 137 95 125 0.00188899
43 75 42 65 0.00141047
43 75 40 66 0.01070730
43 75 40 68 0.00396700
43 75 41 65 0.03234630
43 75 39 67 0.00050078
43 75 43 64 0.01111250
43 72 43 64 0.00064587
43 72 41 65 0.00781251
43 73 41 65 0.00406162
43 73 41 66 0.00119067
43 73 43 64 0.01191780
43 73 40 66 0.02947200
11 31 11 31 0.96960000
125 132 108 113 0.01201570
52 57 42 47 0.00192803
52 57 51 55 0.00074713
52 58 41 47 0.00388974
52 58 51 55 0.00061289
52 58 51 57 0.03788120
52 58 42 47 0.00091386
52 63 49 56 0.08271980
52 63 48 58 0.00162899
52 63 51 55 0.00082761
52 63 51 57 0.00380076
52 59 41 47 0.00442399
52 59 41 48 0.00157971
52 59 51 55 0.00052705
52 59 51 57 0.00552987
52 59 49 56 0.00243776
52 59 42 47 0.00119807
52 64 51 55 0.01281600
52 64 51 57 0.01816940
52 64 48 58 0.00718278
52 64 48 59 0.00255758
52 64 49 56 0.00258194
52 64 47 59 0.07350370
52 69 51 57 0.00595644
80 100 74 93 0.00221720
80 100 70 87 0.00179060
80 99 70 87 0.01406380
100 151 87 133 0.00069969
100 151 86 134 0.00055361
100 151 88 133 0.00681044
86 93 74 81 0.02840460
86 95 80 89 0.00249166
86 95 80 88 0.00128815
86 95 74 83 0.39564300
6 99 6 86 0.00053037
6 37 6 35 0.14613500
6 37 5 36 0.00113840
6 37 5 37 0.00215472
41 77 40 66 0.24430200
41 77 40 68 0.00162875
41 77 38 68 0.01767460
41 77 38 70 0.00231534
41 77 42 65 0.00064617
41 77 39 67 0.04811290
41 77 41 66 0.00625827
41 77 41 65 0.36135900
41 76 40 66 0.00110069
41 76 41 65 0.00249260
41 50 38 47 0.00062537
41 60 40 48 0.00124074
41 60 41 48 0.00114771
41 71 40 66 0.00286917
41 71 41 65 0.00068001
120 132 106 115 0.00105389
120 132 107 114 0.00227026
120 132 108 113 0.00135865
49 69 44 64 0.00505295
49 69 44 62 0.03573600
49 69 45 61 0.00563553
49 69 46 60 0.02217400
49 69 48 58 0.01070880
49 67 48 58 0.10363600
49 67 46 60 0.36822800
49 67 44 62 0.02960590
49 67 45 61 0.00586420
49 67 47 59 0.02232330
81 99 71 86 0.00333313
81 99 75 92 0.00240560
81 99 70 87 0.05094280
69 73 60 64 0.00180157
69 73 57 61 0.02733200
69 75 57 63 0.00374282
69 75 60 64 0.00057012
45 73 40 66 0.00112953
45 73 45 61 0.02410080
45 73 44 64 0.14638000
45 73 44 62 0.08124020
45 73 42 65 0.00088491
45 73 43 64 0.00318446
45 73 41 66 0.00053330
45 78 40 66 0.00135969
45 72 45 61 0.00085534
45 72 45 63 0.00504154
45 72 44 62 0.01337250
45 72 42 65 0.02929870
45 72 43 64 0.01844400
45 72 41 65 0.00324178
124 131 107 114 0.40295000
124 131 108 113 0.00399495
122 132 108 113 0.41998200
122 132 107 114 0.00296796
122 132 106 115 0.00518554
122 128 108 113 0.00218953
64 70 59 65 0.00050657
13 29 13 29 0.98937200
111 144 94 126 0.00115204
111 142 97 123 0.19545000
111 142 95 125 0.00904085
111 142 98 122 0.01088770
51 56 50 55 0.01535550
51 59 40 48 0.00227901
51 59 41 48 0.00121340
51 59 50 58 0.00586077
51 59 50 55 0.00067247
51 67 47 59 0.00431341
51 67 46 60 0.07412210
51 67 48 58 0.00853854
51 67 50 58 0.06893280
51 67 50 55 0.00546404
51 60 40 48 0.00465984
51 60 41 48 0.00169467
51 60 50 55 0.00454876
51 60 50 58 0.00130178
51 63 49 56 0.00451984
51 63 48 58 0.00851183
51 63 50 55 0.00237244
51 63 50 58 0.00140094
51 58 41 48 0.00166095
51 58 41 47 0.00140087
51 58 50 55 0.00220101
112 143 95 125 0.00104680
112 143 96 124 0.00050962
112 140 99 120 0.02794270
112 140 97 123 0.07474480
112 140 98 121 0.46995400
112 140 98 122 0.00122219
112 128 103 117 0.00197242
8 34 8 33 0.11640200
8 34 7 34 0.01463980
5 151 5 131 0.00055393
5 142 5 130 0.00166946
5 81 5 75 0.00150986
5 79 5 67 0.16460500
5 79 5 74 0.00105608
5 79 4 68 0.00052826
107 145 94 126 0.52888300
107 145 95 125 0.07361110
107 145 93 128 0.03512280
107 146 93 128 0.00387182
107 146 93 129 0.00459675
107 134 98 122 0.00071068
107 133 98 121 0.00162360
119 135 102 118 0.14056100
119 135 106 115 0.00269158
119 135 103 117 0.00681212
119 135 105 116 0.54381600
119 133 103 116 0.00496975
119 133 105 116 0.00153831
119 133 107 114 0.00091467
119 133 106 115 0.00215512
68 76 56 64 0.00086074
68 74 56 62 0.01370070
145 150 128 133 0.00152572
110 130 101 118 0.00225910
110 142 96 124 0.00482338
110 142 95 125 0.23529700
110 142 97 123 0.32665300
110 142 98 122 0.05425270
110 145 94 126 0.00067290
110 145 93 128 0.01655070
142 150 125 131 0.00092759
65 69 60 64 0.00067552
65 77 53 65 0.02554550
59 65 51 57 0.00138607
59 65 52 56 0.00310857
59 66 51 57 0.00278975
59 66 54 59 0.00274166
56 65 52 56 0.00093904
56 65 51 57 0.00826027
56 65 50 58 0.00149644
56 62 50 55 0.04023930
56 62 51 55 0.23954000
56 62 51 57 0.16656900
56 62 52 56 0.00792704
56 61 50 55 0.00092721
56 61 51 55 0.00124385
56 61 52 56 0.00141484
144 150 127 131 0.00369041
83 97 71 86 0.00079831
83 97 71 85 0.90795000
83 97 77 90 0.00278553
83 97 74 83 0.00058190
83 97 73 84 0.00253995
83 100 71 85 0.00073223
83 100 71 86 0.00060154
83 96 77 90 0.00053482
83 96 72 84 0.00094612
83 96 73 84 0.00131149
60 65 52 56 0.00323220
109 131 100 119 0.00175971
109 143 96 124 0.51868000
109 143 97 123 0.07198890
109 143 94 126 0.18076000
109 143 93 126 0.00143600
109 143 95 125 0.00733236
