66 66 0.79345817
66 63 0.00074922
66 67 0.00240499
24 24 0.98229961
112 112 0.58021244
31 31 0.58657616
31 30 0.00251094
137 137 0.74790036
137 134 0.00653303
110 110 0.81883541
123 122 0.00200766
123 123 0.94899486
123 124 0.00115857
80 79 0.00482677
80 80 0.85658751
17 17 0.57928519
128 129 0.00141599
128 126 0.00141095
128 127 0.00068857
128 128 0.89304342
99 99 0.43435531
57 58 0.00292528
57 54 0.00063057
57 57 0.77474052
39 39 0.80403657
11 11 0.83900010
115 115 0.56108792
100 100 0.81579339
136 136 0.65063612
136 134 0.00695975
136 133 0.01004083
135 133 0.00294616
135 132 0.00227045
135 135 0.75501770
16 16 0.57344687
134 131 0.00595974
134 132 0.01119142
134 133 0.00092256
134 134 0.71616622
40 40 0.68651382
10 10 0.91788403
150 147 0.00240846
150 149 0.01171771
150 146 0.00101344
150 150 0.68501187
118 118 0.44164455
38 38 0.68492839
36 36 0.61119498
114 114 0.68061325
56 56 0.63176719
56 53 0.00083432
93 93 0.83154771
122 122 0.95107675
122 123 0.01348872
13 13 0.59160392
89 89 0.58007967
61 58 0.04447133
61 61 0.77353746
90 90 0.83570702
51 51 0.66971900
14 14 0.51068361
82 82 0.59342165
126 126 0.40864094
126 125 0.00052045
126 124 0.00085738
126 127 0.00132074
48 48 0.71405168
85 85 0.58134049
55 55 0.58848437
64 64 0.76918033
64 61 0.00057935
64 65 0.00210977
54 54 0.58256559
43 43 0.78312973
41 41 0.62082082
107 107 0.61871259
140 140 0.78792712
140 137 0.00314928
97 97 0.54219898
47 47 0.54251935
52 52 0.76814640
26 26 0.84670407
26 25 0.00072732
19 19 0.46227969
151 148 0.00938228
151 147 0.00058375
151 151 0.70899260
151 150 0.00881772
154 154 0.71151631
133 130 0.00990185
133 131 0.03497752
133 133 0.73749754
133 132 0.00057677
62 59 0.00235109
62 62 0.65402774
62 63 0.00139916
20 20 0.89368688
125 126 0.00317878
125 125 0.65563324
113 113 0.50483550
139 136 0.00612514
139 139 0.64110831
70 69 0.00107116
70 68 0.01987136
70 71 0.00969706
70 70 0.79340407
70 67 0.04767400
71 69 0.06092833
71 68 0.00663100
71 70 0.00118176
71 72 0.02085192
71 71 0.71471780
160 160 0.85249545
138 135 0.00063812
138 138 0.80202966
117 117 0.69030299
35 35 0.58258121
22 22 0.85827712
142 142 0.64827474
142 139 0.00590117
157 157 0.82480059
4 4 0.78224312
25 25 0.93362031
91 91 0.65597585
12 12 0.63143141
152 149 0.00817817
152 152 0.54258452
152 151 0.00823436
108 108 0.76272413
30 30 0.49893582
30 29 0.00054129
69 69 0.88238783
69 66 0.05425500
69 68 0.00084012
69 70 0.01268124
69 67 0.01330840
103 103 0.59600774
106 106 0.72320016
145 145 0.61077174
145 142 0.01153953
145 144 0.00058102
132 131 0.00165996
132 130 0.01202769
132 129 0.00149568
132 132 0.87473009
15 15 0.50924988
83 83 0.51685745
109 109 0.74468622
148 145 0.00428100
148 147 0.00939813
148 144 0.00083503
148 148 0.57772671
2 2 0.59190446
46 46 0.61624939
92 92 0.49970423
78 77 0.00804045
78 78 0.69386138
78 76 0.00164624
159 159 0.82973498
158 158 0.77110848
77 75 0.03016910
77 76 0.00718068
77 77 0.64600288
21 21 0.93346348
98 98 0.67492717
94 94 0.75628641
74 75 0.02265364
74 72 0.00059145
74 73 0.00170405
74 74 0.65286263
72 71 0.00123481
72 72 0.74671483
72 73 0.02578585
72 70 0.00070139
88 88 0.68120383
146 142 0.00139465
146 143 0.00340635
146 146 0.57702494
129 129 0.87405033
129 128 0.00249369
129 130 0.00083136
129 127 0.01091987
44 44 0.67046860
81 81 0.50325228
81 80 0.00056746
156 156 0.74525956
143 142 0.00273266
143 140 0.01137421
143 143 0.57740825
116 116 0.67424657
153 152 0.00172638
153 153 0.57280087
153 150 0.00080447
79 77 0.00267264
79 78 0.00250972
79 79 0.74203347
105 105 0.82180947
34 34 0.48309931
111 111 0.66769542
63 60 0.02728923
63 63 0.69467482
63 64 0.00417210
28 27 0.00338899
28 28 0.88945973
101 101 0.70872867
141 141 0.61529824
141 138 0.00064767
23 23 0.98233130
84 84 0.66099961
3 3 0.65779347
60 57 0.00411040
60 60 0.78325944
60 58 0.00114278
29 29 0.33250548
1 1 0.78878644
18 18 0.33896817
73 74 0.01560121
73 71 0.00136796
73 72 0.00184339
73 73 0.81162148
130 129 0.00251270
130 128 0.00905687
130 130 0.71581419
155 154 0.00074782
155 155 0.44076948
68 68 0.84414010
68 69 0.00675214
68 66 0.00672987
68 65 0.06082600
7 7 0.74644672
124 122 0.00158843
124 124 0.84255448
124 123 0.00228241
124 125 0.01900692
67 64 0.06663533
67 68 0.00296059
67 67 0.85943727
67 65 0.00094854
87 87 0.47223872
5 5 0.59926639
37 37 0.69183607
27 26 0.00348979
27 27 0.87548843
144 143 0.00854289
144 141 0.01348472
144 144 0.77183940
144 140 0.00115543
102 101 0.00064147
102 102 0.80257497
86 86 0.64495458
75 74 0.00129770
75 76 0.00591028
75 75 0.81053127
75 73 0.02734447
95 95 0.76246765
147 143 0.00145702
147 147 0.65593157
147 144 0.00443899
147 146 0.01449811
6 6 0.72152571
121 121 0.93449629
121 122 0.01014050
96 96 0.51659042
45 45 0.76426751
8 8 0.61334920
119 120 0.00497397
119 119 0.40516824
9 9 0.84494318
49 49 0.76853804
104 104 0.75127143
120 121 0.01061017
120 120 0.76104019
33 33 0.50528049
131 129 0.00134189
131 131 0.72806436
131 130 0.00289383
131 128 0.00050038
42 42 0.75952584
65 62 0.00147099
65 65 0.86291036
65 66 0.00209173
53 50 0.00054581
53 53 0.45208407
127 125 0.00306074
127 128 0.00504292
127 127 0.58542114
58 56 0.00069073
58 55 0.00085875
58 58 0.57716534
50 50 0.60225036
32 31 0.00093079
32 32 0.59203356
76 75 0.00131367
76 76 0.65583652
76 74 0.00126418
76 77 0.00251882
59 57 0.00205489
59 59 0.59476913
59 58 0.00129665
59 56 0.00246251
149 145 0.00108455
149 146 0.01036552
149 149 0.63510800
149 148 0.01191660
