3 3 0.68162900
92 92 0.82482700
21 21 0.58241000
23 23 0.72030300
79 79 0.99953900
48 48 0.94018300
113 113 0.63969500
76 76 0.99955200
140 140 0.98317900
110 110 0.66700600
29 29 0.94309300
58 58 0.89847500
10 10 0.77433400
84 84 0.38595300
154 153 0.03895360
154 155 0.00942506
154 154 0.18859200
154 152 0.03281540
62 62 0.95591300
105 105 0.76225900
101 101 0.76432300
142 142 0.95760200
142 140 0.00095385
142 141 0.00349557
93 93 0.97053700
4 4 0.77392100
122 122 0.97070400
34 34 0.93401700
56 56 0.94021400
52 52 0.92805100
50 50 0.94014900
88 88 0.95099100
24 24 0.78028900
146 144 0.00182408
146 145 0.25336500
146 146 0.20497300
135 135 0.88768500
128 128 0.98884100
134 134 0.92278100
2 2 0.44212100
25 25 0.72775900
145 145 0.21618700
145 146 0.00319534
145 144 0.04449750
145 143 0.00259463
90 90 0.74438800
55 55 0.93358400
55 56 0.00086956
51 51 0.75945100
68 68 0.68013400
95 95 0.94402800
147 147 0.09606310
147 145 0.00200784
147 146 0.03559420
115 115 0.90616400
70 70 0.82109600
39 40 0.00059994
39 39 0.88077000
73 73 0.43606500
61 61 0.96399000
153 153 0.19672200
153 151 0.17792800
153 154 0.08336880
153 152 0.51658000
96 96 0.69293800
94 94 0.88190300
69 69 0.49807000
54 54 0.92931600
54 55 0.00394948
82 82 0.43606300
91 91 0.83306800
18 18 0.97582700
133 133 0.89331100
53 53 0.92810500
38 38 0.85110100
43 43 0.95718800
150 148 0.06400090
150 151 0.03097050
150 150 0.25533200
150 149 0.51776000
36 36 0.78881400
11 11 0.96746500
64 64 0.95577700
74 74 0.43659700
129 129 0.98885100
7 7 0.84660000
6 6 0.75442400
1 1 0.97264400
112 112 0.61426100
159 160 0.03511290
159 156 0.00066480
159 157 0.10899700
159 158 0.29303200
159 159 0.48628900
59 59 0.81540400
75 75 0.99955600
19 19 0.97345300
152 153 0.05726000
152 150 0.17243100
152 152 0.22225500
152 151 0.51757800
42 43 0.00058268
42 42 0.95667800
83 83 0.32671300
139 139 0.98373100
45 45 0.83749400
44 44 0.78912300
137 137 0.98426700
71 71 0.55092700
14 14 0.99607900
116 116 0.80604500
98 98 0.59329700
60 60 0.83208400
102 102 0.31443000
141 141 0.97979000
141 139 0.00069258
119 119 0.97059800
103 103 0.76686000
47 47 0.39867700
158 159 0.06357490
158 155 0.00067624
158 158 0.29494700
158 157 0.48908700
158 156 0.12733400
99 99 0.67461700
143 143 0.85828700
143 142 0.02388100
143 144 0.00086911
143 141 0.00119954
97 97 0.61460800
124 124 0.97069800
37 37 0.66219000
100 100 0.61303900
149 150 0.01667910
149 149 0.32374600
149 148 0.51544400
149 147 0.00886123
31 31 0.83836400
65 65 0.95586200
30 30 0.84534200
148 148 0.34801000
148 147 0.51724300
148 149 0.00238782
148 146 0.00230272
20 20 0.84962800
132 132 0.98865900
40 41 0.00115022
40 40 0.96532300
106 106 0.72466000
5 5 0.85102100
72 72 0.32671300
66 66 0.95590800
16 16 0.99650500
156 155 0.08226940
156 156 0.20002700
156 157 0.00517742
156 154 0.01855750
27 27 0.94339400
130 130 0.98880700
87 87 0.89042300
9 9 0.80932100
118 118 0.97066700
67 67 0.95591300
41 41 0.95714500
41 42 0.00101819
136 136 0.89576700
78 78 0.99953800
131 131 0.90413800
12 12 0.99570400
26 26 0.54334600
80 80 0.99947400
104 104 0.77629700
46 46 0.88198400
138 138 0.98398000
85 85 0.52682800
49 49 0.94018000
17 17 0.98853800
86 86 0.55908000
125 125 0.85956600
77 77 0.99954100
57 57 0.84010900
32 32 0.81891900
33 33 0.93400700
13 13 0.87528700
8 8 0.98824400
123 123 0.97070700
151 151 0.23474900
151 152 0.04528320
151 150 0.51674800
151 149 0.11728700
108 108 0.77318800
117 117 0.97060600
114 114 0.68377000
35 35 0.39224900
144 145 0.00613756
144 144 0.49868200
144 142 0.00283796
144 143 0.12080600
81 81 0.43659100
126 126 0.96672600
155 154 0.26306900
155 153 0.01417930
155 156 0.00427452
155 155 0.19070800
22 22 0.48896100
127 127 0.98885100
157 158 0.08010470
157 155 0.16457700
157 159 0.00055874
157 156 0.48384600
157 157 0.24662300
157 154 0.00058887
121 121 0.97068400
109 109 0.65293600
89 89 0.75262800
15 15 0.99640500
63 63 0.95586400
107 107 0.74729900
120 120 0.97067100
111 111 0.66776700
28 28 0.94337700
160 158 0.09471620
160 159 0.16660400
160 160 0.69630300
