153 150 0.23041291
153 149 0.51459891
153 148 0.00061463
131 128 0.01252105
131 132 0.00468468
131 126 0.06181630
131 127 0.12008592
131 129 0.06076683
131 130 0.00103541
116 109 0.00062837
116 110 0.02582144
116 113 0.21227548
116 118 0.03195637
116 112 0.04344424
116 111 0.00057139
116 114 0.00128503
37 37 0.62816802
5 5 0.88476221
5 4 0.05474941
5 6 0.00183919
5 3 0.00074710
99 94 0.00113271
99 96 0.00158183
99 93 0.01647339
99 95 0.00423456
99 97 0.01366393
99 99 0.00304253
99 102 0.02280368
99 92 0.00378884
99 91 0.00680025
99 98 0.18583837
117 114 0.00407544
117 119 0.14067695
117 111 0.01297209
117 110 0.00116221
117 115 0.01996025
117 112 0.00084030
117 113 0.07175145
55 55 0.56138064
55 57 0.02188508
55 56 0.07149844
55 53 0.19270814
55 52 0.01082077
102 105 0.00109105
102 94 0.01630244
102 96 0.00263415
102 101 0.09515948
102 98 0.07233498
102 100 0.00116574
102 99 0.02467069
102 97 0.00228799
27 27 0.91781183
51 50 0.00078560
51 52 0.06614094
51 53 0.01238478
51 49 0.09451663
51 48 0.00377454
51 51 0.08270082
98 97 0.22122700
98 98 0.00492782
98 91 0.00101980
98 92 0.07963437
98 101 0.15545666
98 96 0.01801879
98 94 0.02014173
98 90 0.00137429
98 93 0.01205114
98 95 0.00338765
11 11 0.55926469
11 12 0.00198388
11 10 0.11990332
60 58 0.10101144
60 54 0.00084475
60 61 0.02196266
60 60 0.39262983
60 56 0.01140436
60 57 0.00340702
60 62 0.03113917
69 68 0.01443324
69 67 0.03036231
69 65 0.00455009
69 72 0.10905941
69 66 0.05864715
69 71 0.04918739
69 62 0.00386621
69 63 0.00397276
69 69 0.23979642
26 26 0.89779458
154 150 0.52831803
154 149 0.00082090
154 151 0.12711397
123 125 0.01031935
123 119 0.21742012
123 123 0.00061486
123 116 0.00866999
123 117 0.01030498
123 121 0.01725591
123 120 0.25877524
123 122 0.00305068
123 118 0.02908202
123 124 0.01110441
74 72 0.01140730
74 73 0.05181798
74 76 0.00149845
74 74 0.37516429
74 67 0.09695627
74 68 0.00418672
74 77 0.16017545
74 69 0.00194841
74 66 0.00788618
74 70 0.00146335
74 71 0.03596172
110 112 0.00150276
110 108 0.04301878
110 102 0.03810134
110 109 0.00168738
110 106 0.00276314
110 104 0.03631802
110 107 0.15759072
64 60 0.00808006
64 66 0.08057783
64 57 0.00071045
64 62 0.07599251
64 65 0.00274888
64 67 0.01555809
64 61 0.00765020
64 58 0.00071975
64 64 0.16466770
78 81 0.00619934
78 71 0.03469936
78 70 0.00110691
78 78 0.02840507
78 77 0.01720928
78 74 0.00132739
78 76 0.02007245
78 73 0.00076396
78 75 0.00135105
78 72 0.00057435
6 6 0.87115994
6 5 0.06149521
6 7 0.00158646
6 2 0.00055397
144 143 0.00140069
144 139 0.00468170
144 140 0.50671190
144 137 0.00052475
144 142 0.00374524
144 141 0.43028346
83 82 0.00954669
83 79 0.01187835
83 75 0.00160405
83 76 0.03048707
83 86 0.01481968
83 81 0.04654609
83 83 0.01596979
83 78 0.02920721
83 80 0.00454552
45 45 0.51603163
53 51 0.10919403
53 55 0.01681076
53 54 0.07088191
53 53 0.56132105
97 91 0.00381059
97 100 0.15547168
97 92 0.04476687
97 97 0.00866346
97 95 0.01534880
97 93 0.00052372
97 96 0.01107479
97 94 0.00364864
97 90 0.00551624
34 34 0.62210641
82 82 0.01891202
82 74 0.00133603
82 79 0.01590078
82 75 0.01990693
82 76 0.00061859
82 85 0.16658801
82 81 0.10112874
82 78 0.07992979
82 80 0.07147530
82 77 0.02645940
88 88 0.00138711
88 86 0.03912728
88 91 0.00424305
88 87 0.24309822
88 81 0.03274193
88 83 0.13049451
88 84 0.00940268
88 80 0.10342434
13 13 0.44859413
13 14 0.00477345
13 12 0.14760434
121 118 0.01439775
121 115 0.03736408
121 122 0.00057928
121 117 0.06696356
121 116 0.04758232
121 123 0.08617217
121 119 0.01040748
121 114 0.02381105
94 93 0.21636064
94 87 0.00277495
94 94 0.00400647
94 86 0.06301903
94 92 0.00123542
94 89 0.02875670
94 97 0.05044419
146 141 0.00201316
146 142 0.16134290
146 143 0.47374654
90 88 0.01084247
90 85 0.00824519
90 86 0.00120327
90 82 0.10597963
90 89 0.00506250
90 93 0.15766080
90 84 0.00462137
90 83 0.00847166
90 90 0.00695201
141 138 0.31358989
141 139 0.00184303
141 134 0.00055662
141 136 0.06417657
141 137 0.40840900
141 140 0.00075527
71 68 0.03899453
71 74 0.12172615
71 67 0.00267461
71 65 0.00882374
71 64 0.03517283
71 73 0.02722079
71 70 0.03097452
71 66 0.00179787
71 71 0.12947657
71 69 0.00624261
52 48 0.00068811
52 54 0.00789642
52 50 0.02984407
52 52 0.50437168
52 53 0.06919793
93 86 0.00398783
93 85 0.00377701
93 88 0.16650306
93 92 0.00704543
93 91 0.01966900
93 87 0.00161731
93 96 0.13545806
93 93 0.01225811
3 4 0.00234366
3 1 0.00071446
3 3 0.73339554
3 2 0.02045939
122 121 0.00182041
122 117 0.05247498
122 124 0.02524608
122 118 0.03118284
122 115 0.00508054
122 120 0.01497627
122 123 0.00153385
122 119 0.01709128
122 116 0.01782014
136 131 0.11676081
136 128 0.00077236
136 132 0.05383111
136 135 0.00961586
136 134 0.08286631
136 133 0.22976267
24 24 0.19366919
129 123 0.00072986
129 127 0.01696032
129 125 0.02573083
129 126 0.05619644
129 128 0.00390719
129 124 0.10668988
48 46 0.00305177
48 48 0.66032922
48 49 0.00054430
48 47 0.00139230
128 126 0.10783825
128 127 0.00510313
128 123 0.10950862
128 125 0.06752225
128 129 0.00450326
128 124 0.29594561
128 122 0.00071105
80 83 0.00995701
80 78 0.09314773
80 77 0.06371508
80 80 0.07249348
80 76 0.05696338
80 73 0.00432446
80 79 0.06151963
80 75 0.00432630
80 72 0.00062004
68 61 0.02385307
68 64 0.00894088
68 65 0.05705121
68 68 0.24987415
68 67 0.01660709
68 62 0.00363425
68 71 0.08650441
68 70 0.05945226
68 66 0.03712109
109 107 0.00253273
109 105 0.01691986
109 111 0.00185068
109 103 0.00266558
109 101 0.00681110
109 102 0.00063250
109 106 0.16753683
109 108 0.00214348
79 71 0.00830656
79 78 0.04355837
79 77 0.07822462
79 82 0.00388136
79 74 0.00148772
79 79 0.12779398
79 75 0.04338018
79 76 0.09332819
79 73 0.00110673
79 72 0.00172070
143 141 0.00744614
143 142 0.00514865
143 140 0.27387591
143 136 0.00063622
143 139 0.50118962
143 138 0.01005780
49 46 0.00059548
49 51 0.00054430
49 48 0.00738355
49 50 0.02258034
49 49 0.43159839
49 47 0.01508267
36 36 0.74958708
150 147 0.47088190
150 146 0.13463780
96 88 0.00180175
96 92 0.00095923
96 91 0.00112592
96 99 0.15475379
96 89 0.00306245
96 93 0.01559473
96 95 0.00517721
96 94 0.00456786
96 90 0.00062813
96 96 0.00178594
15 15 0.39839001
15 16 0.00440330
15 14 0.11510460
4 3 0.04092263
4 2 0.00068979
4 4 0.76168464
4 5 0.00180239
118 111 0.00104120
118 114 0.06431339
118 116 0.03492472
118 113 0.01483569
118 112 0.03508863
118 115 0.11550389
118 120 0.00671773
46 44 0.00076513
46 48 0.00062616
46 46 0.56793360
61 61 0.42228808
61 55 0.00095574
61 64 0.00163491
61 57 0.00998754
61 63 0.01483676
61 62 0.00617836
61 59 0.04322326
66 69 0.00506451
66 62 0.00897387
66 63 0.01529588
66 59 0.00132730
66 60 0.00772788
66 66 0.29040971
66 61 0.00275301
66 64 0.09731285
66 65 0.00994896
66 67 0.00118671
66 68 0.07488962
63 66 0.00798192
63 60 0.00145271
63 59 0.01231680
63 63 0.22031274
63 56 0.00130382
63 57 0.00160609
63 65 0.07683216
63 64 0.00284149
63 61 0.09568438
25 25 0.51034202
30 30 0.80881295
119 117 0.00073268
119 121 0.14421903
119 112 0.03844712
119 115 0.10301951
119 113 0.05997745
119 114 0.00568402
119 116 0.13357521
95 98 0.15995709
95 92 0.00235872
95 88 0.00263575
95 87 0.06221497
95 90 0.04254207
95 94 0.00446707
95 93 0.03129237
95 95 0.00388114
134 129 0.11162568
134 135 0.00114460
134 130 0.05776608
134 133 0.00782131
134 131 0.21741567
134 132 0.11275130
135 133 0.13964353
135 130 0.04891274
135 134 0.00792069
135 131 0.03715220
135 132 0.03471319
42 42 0.64051054
28 28 0.68553061
73 69 0.00229414
73 66 0.08359319
73 70 0.00569794
73 71 0.01090942
73 72 0.04618231
73 75 0.00646640
73 73 0.35345600
73 76 0.15503210
73 67 0.00915278
73 68 0.00186709
73 65 0.00396009
104 103 0.13766246
104 96 0.00230796
104 101 0.14027191
104 107 0.02610327
104 99 0.00514310
104 97 0.01040118
104 102 0.00892510
104 106 0.04743660
104 98 0.14297040
104 100 0.17309138
70 63 0.00745855
70 69 0.02120956
70 70 0.30184052
70 66 0.00287620
70 64 0.00124397
70 72 0.04695403
70 73 0.10399369
70 68 0.00602433
70 67 0.09648492
70 65 0.00131141
50 48 0.08370241
50 51 0.00934837
50 47 0.00074361
50 49 0.00162750
50 50 0.49535091
50 52 0.01109348
21 21 0.83428835
21 20 0.03817490
120 117 0.00596923
120 113 0.00173340
120 118 0.01171805
120 115 0.03021044
120 122 0.13648057
120 114 0.02268499
120 116 0.02271413
20 19 0.04660025
20 21 0.00055464
20 20 0.65606807
29 29 0.84882437
115 109 0.02621745
115 117 0.10815847
115 113 0.03212233
115 108 0.00195754
115 112 0.00448031
115 111 0.05925542
115 107 0.00279445
139 132 0.00070917
139 138 0.00303987
139 137 0.00955792
139 135 0.01720451
139 136 0.16028907
139 134 0.12312113
113 111 0.01623727
113 107 0.07685717
113 109 0.03047977
113 110 0.00498861
113 108 0.00070500
113 115 0.10221165
38 38 0.62762816
140 137 0.30620143
140 136 0.07100387
140 135 0.11610805
140 133 0.00070086
140 138 0.00903489
8 8 0.39568593
8 9 0.00117049
8 7 0.07891138
9 9 0.61240669
9 8 0.08711297
9 11 0.00055686
9 10 0.00146344
125 120 0.09973869
125 122 0.26020534
125 118 0.00081445
125 124 0.01122557
125 121 0.03565735
125 126 0.00635614
125 125 0.00071546
125 119 0.00488228
125 127 0.00120833
125 123 0.06439471
105 104 0.07949791
105 101 0.04014048
105 103 0.01136369
105 107 0.09954212
105 97 0.03880049
105 99 0.14296457
105 108 0.02237348
105 102 0.14697842
105 98 0.01059363
105 100 0.00514101
111 103 0.00062777
111 104 0.00330062
111 107 0.06280525
111 105 0.00146139
111 113 0.04601125
111 108 0.19372626
111 109 0.04630617
39 39 0.18991896
65 59 0.00141426
65 66 0.00205617
65 63 0.06451155
65 62 0.00822097
65 65 0.47671086
65 67 0.10083086
65 68 0.03041931
65 61 0.01378138
65 64 0.00078536
147 142 0.00197489
147 144 0.46762918
147 143 0.23997578
40 40 0.65125333
17 17 0.59117241
17 18 0.00365613
17 16 0.05736024
86 83 0.00449718
86 81 0.02808610
86 78 0.00481027
86 84 0.07320911
86 89 0.01023219
86 82 0.01220059
86 79 0.03878030
86 85 0.22074231
86 86 0.06335321
22 22 0.66412621
22 21 0.00299530
133 129 0.04142524
133 134 0.00440774
133 130 0.05331314
133 131 0.08616018
133 132 0.00552569
133 128 0.08434677
133 127 0.00092128
47 48 0.00644484
47 47 0.44424989
47 45 0.00159542
81 81 0.04636530
81 78 0.02358698
81 77 0.03829532
81 80 0.12655775
81 84 0.00485265
81 74 0.00949252
81 76 0.00378383
81 73 0.01325595
81 79 0.02540396
1 2 0.00090361
1 1 0.83222197
44 44 0.69389917
58 55 0.00509134
58 54 0.00278305
58 58 0.07389185
58 60 0.00133212
58 59 0.00458707
58 56 0.13803634
18 19 0.00117083
18 18 0.36388554
18 17 0.02949876
19 19 0.62683426
19 18 0.06738643
19 20 0.00080447
16 17 0.00469876
16 15 0.01466742
16 16 0.48562870
127 121 0.00114137
127 122 0.07578268
127 124 0.24549197
127 125 0.03381898
127 123 0.26160534
127 128 0.00498755
127 126 0.00429038
43 43 0.52199402
124 124 0.00095230
124 118 0.00742184
124 120 0.24278708
124 122 0.02479435
124 121 0.25065074
124 117 0.00437160
124 126 0.00559028
124 123 0.00112783
124 119 0.02881765
124 125 0.00717432
10 9 0.10576417
10 11 0.00150055
10 10 0.42604011
100 94 0.00132825
100 96 0.00069750
100 103 0.04152370
100 95 0.00102916
100 97 0.02732910
100 99 0.16678571
100 92 0.00789492
100 100 0.00209999
100 98 0.01183324
87 80 0.01698075
87 83 0.00456878
87 81 0.00372018
87 90 0.00443866
87 87 0.02560449
87 79 0.09285013
87 85 0.05986016
87 86 0.04650320
87 82 0.08097063
126 121 0.11947286
126 124 0.04076149
126 122 0.03534955
126 120 0.00101787
126 127 0.00480910
126 123 0.25639227
126 125 0.00496018
126 126 0.00063787
59 60 0.00760105
59 59 0.45688582
59 56 0.00550103
59 57 0.16688166
59 61 0.05764248
59 55 0.01436495
114 107 0.02585345
114 111 0.02129279
114 116 0.10376673
114 110 0.00456107
114 106 0.00130593
114 109 0.00068419
114 112 0.00501201
114 108 0.00589081
57 57 0.36591010
57 53 0.00068841
57 59 0.00892092
57 54 0.00494669
57 58 0.00090027
57 55 0.05087279
89 92 0.15395734
89 88 0.00412924
89 85 0.00112435
89 89 0.00443768
89 82 0.00247920
89 84 0.00590464
89 87 0.02029614
89 83 0.00054963
89 81 0.03387464
137 129 0.00089409
137 135 0.02376914
137 136 0.00765805
137 134 0.26734926
137 133 0.13513523
137 130 0.00060521
137 132 0.07942906
108 107 0.00054134
108 105 0.18244419
108 101 0.00076029
108 104 0.00585733
108 106 0.03365819
108 100 0.01087882
108 110 0.14499417
108 102 0.11561317
72 72 0.38533900
72 64 0.00250277
72 75 0.15003884
72 74 0.01061538
72 67 0.00391074
72 68 0.00311498
72 65 0.08549924
72 69 0.08838230
72 66 0.01614661
72 70 0.01345736
72 71 0.05014669
75 72 0.00189457
75 73 0.01108732
75 75 0.34593848
75 68 0.08522451
75 74 0.03239555
75 67 0.01307155
75 69 0.00293832
75 70 0.00188516
75 78 0.12893500
75 71 0.00152043
41 41 0.49026496
84 82 0.00947654
84 79 0.02503960
84 76 0.10442202
84 81 0.00107456
84 83 0.01544094
84 78 0.00387692
84 87 0.16658034
84 80 0.00349191
84 77 0.01628095
84 84 0.05763431
155 150 0.00062861
155 151 0.73667733
91 86 0.01953636
91 85 0.00061537
91 89 0.01166388
91 84 0.00282311
91 90 0.00450946
91 94 0.13659282
91 83 0.01086530
31 31 0.82949521
76 75 0.04162213
76 79 0.11509271
76 73 0.04848267
76 76 0.16682135
76 72 0.00101711
76 74 0.01450645
76 69 0.05328375
76 71 0.00116027
76 78 0.00160584
76 70 0.00057589
14 13 0.13822018
14 15 0.00482827
14 14 0.65564456
56 53 0.00879602
56 52 0.00063395
56 57 0.05732495
56 56 0.51632631
56 54 0.17985575
56 58 0.01161682
32 32 0.56788205
35 35 0.64100297
138 136 0.01455453
138 135 0.34244382
138 137 0.00698406
138 134 0.09288725
138 133 0.11663017
138 131 0.00076484
130 127 0.01887951
130 125 0.03807653
130 126 0.01596168
130 128 0.00506280
130 129 0.00334683
33 33 0.28801947
103 98 0.00203033
103 106 0.07600211
103 100 0.05867162
103 102 0.11192575
103 99 0.06624641
103 97 0.11570158
103 95 0.00167831
103 96 0.00075635
103 101 0.00877318
107 104 0.19817923
107 103 0.02590445
107 101 0.14293074
107 105 0.03622058
107 99 0.11564925
107 110 0.00723664
107 102 0.00241100
107 109 0.13847630
107 100 0.01090029
107 106 0.00326866
148 143 0.00164611
148 141 0.00108009
148 144 0.40087578
148 145 0.47098363
77 72 0.00135366
77 76 0.11869601
77 73 0.00119280
77 75 0.05256360
77 74 0.00190499
77 69 0.00990072
77 80 0.16586149
77 77 0.11364324
77 70 0.04718680
77 71 0.00098644
7 2 0.00072548
7 3 0.00079614
7 7 0.85464514
7 6 0.07544017
7 8 0.00162217
149 146 0.46881629
149 144 0.00101987
149 145 0.10262391
149 142 0.00071285
142 141 0.00570091
142 138 0.44834367
142 139 0.26732958
142 140 0.00991511
142 135 0.00072255
142 137 0.03777387
67 65 0.04954949
67 68 0.00107722
67 67 0.37230700
67 61 0.00459195
67 64 0.02063763
67 60 0.00414740
67 70 0.06116245
67 66 0.00890768
67 69 0.04479964
67 63 0.00585896
112 105 0.00520697
112 107 0.00254588
112 114 0.01474955
112 104 0.00224060
112 110 0.01291525
112 106 0.02047678
112 109 0.19629710
112 108 0.02446394
92 84 0.01714702
92 95 0.01139292
92 90 0.00066048
92 87 0.04888737
92 86 0.00193874
92 92 0.00098323
92 91 0.00283796
92 89 0.00092218
132 129 0.03701124
132 130 0.06791522
132 133 0.00509235
132 128 0.00733156
132 127 0.01982116
101 93 0.00203966
101 95 0.03605904
101 101 0.00128647
101 104 0.00162031
101 100 0.12512084
101 98 0.03321999
101 99 0.01007516
101 97 0.00899953
62 55 0.00080607
62 64 0.04763175
62 58 0.00839248
62 65 0.00462869
62 62 0.15633702
62 63 0.00333488
62 56 0.00141343
62 60 0.09636860
152 148 0.30712729
152 149 0.40540338
12 13 0.00449735
12 11 0.13387469
12 12 0.65737519
145 142 0.38867534
145 141 0.20694436
145 140 0.00282642
151 148 0.42892293
151 147 0.13135563
54 51 0.00064014
54 54 0.55729103
54 55 0.07277962
54 56 0.01933533
54 52 0.16155871
85 78 0.01597824
85 81 0.01841854
85 83 0.01559417
85 84 0.00790683
85 77 0.00141939
85 80 0.02218423
85 82 0.00497013
85 85 0.04520396
85 88 0.03260640
2 1 0.01245379
2 3 0.00167924
2 2 0.71595249
23 23 0.51645663
106 105 0.02259463
106 104 0.02545273
106 103 0.15565674
106 102 0.17894714
106 100 0.14291519
106 98 0.11580694
106 109 0.01554628
106 99 0.01075512
106 108 0.12261901
