32 32 0.72113313
35 35 0.72097138
138 141 0.00407636
138 138 0.38201779
138 139 0.05339779
138 134 0.00513071
138 135 0.04482245
138 136 0.00534748
138 140 0.00744792
138 137 0.01422425
130 127 0.00313170
130 131 0.00391275
130 128 0.00471382
130 133 0.00265561
130 130 0.26239633
130 129 0.00315398
14 13 0.00502543
14 14 0.65383354
56 58 0.02598610
56 57 0.02832733
56 56 0.59963559
56 62 0.00266679
56 63 0.00208933
56 59 0.00621166
56 60 0.01821127
155 154 0.00610562
155 155 0.79433323
31 31 0.88794028
91 94 0.00636777
91 93 0.15580573
91 92 0.00172723
91 91 0.10883639
76 69 0.00057920
76 77 0.00164161
76 80 0.00112707
76 84 0.03947128
76 78 0.00243964
76 76 0.27776291
76 75 0.00409583
76 79 0.10855256
76 74 0.00143256
41 41 0.45501993
84 90 0.00301344
84 87 0.08346032
84 77 0.00105329
84 84 0.40441318
84 91 0.00135615
84 92 0.00294915
84 86 0.01346486
84 85 0.00095661
84 88 0.00107515
54 60 0.00142968
54 56 0.07475956
54 57 0.00806683
54 61 0.00091262
54 58 0.00348716
54 54 0.64161181
54 55 0.07312968
85 84 0.00065935
85 78 0.00117886
85 87 0.01441558
85 91 0.00073452
85 88 0.00519079
85 86 0.00063927
85 92 0.00111126
85 85 0.36495010
2 2 0.40110982
2 3 0.00091126
2 1 0.00074037
2 7 0.00076325
2 6 0.00057218
23 23 0.70384544
106 106 0.68311033
106 108 0.05042366
106 112 0.00056134
106 111 0.00108997
106 107 0.12587840
106 104 0.00192088
132 132 0.24684231
132 131 0.00398232
132 130 0.03420957
132 133 0.00457814
132 137 0.00197819
132 129 0.00228549
132 134 0.01105862
101 102 0.00134702
101 106 0.01051947
101 108 0.03843605
101 107 0.00430783
101 104 0.00214801
101 103 0.00350170
101 101 0.15480057
62 64 0.06143042
62 65 0.00315755
62 68 0.00196696
62 69 0.00133102
62 63 0.00344719
62 62 0.30195957
62 60 0.00071309
62 66 0.00159432
152 151 0.00145064
152 152 0.39689951
152 153 0.19937889
12 11 0.00484695
12 12 0.69770165
12 13 0.00226421
151 152 0.20062571
151 151 0.37021046
145 143 0.00896643
145 145 0.18904378
145 142 0.02720541
145 146 0.12577076
145 144 0.00307397
67 75 0.01212511
67 73 0.00778234
67 72 0.00264542
67 65 0.00108950
67 74 0.06209872
67 67 0.42716371
67 68 0.00735710
67 69 0.03081566
67 71 0.00228994
67 66 0.00066781
67 70 0.06584023
112 114 0.00064199
112 116 0.00059302
112 109 0.00082913
112 113 0.00665606
112 112 0.41153502
92 92 0.13741208
92 94 0.00194892
92 95 0.00500151
33 33 0.56303714
103 108 0.01765299
103 110 0.03218428
103 100 0.00497268
103 106 0.00280391
103 109 0.00183534
103 104 0.01074153
103 103 0.06391770
103 105 0.10340019
103 107 0.00061183
107 111 0.00337996
107 107 0.68616108
107 105 0.00191951
107 104 0.00447709
107 109 0.01854424
107 108 0.13423467
107 112 0.00139105
148 147 0.00074748
148 148 0.54559935
148 145 0.00052706
148 149 0.01544762
77 78 0.00248139
77 70 0.00109400
77 81 0.00287885
77 84 0.04069458
77 80 0.15891931
77 77 0.24450533
77 85 0.00051219
77 79 0.00164343
77 75 0.00494931
77 76 0.01125452
149 149 0.28731731
149 148 0.00052719
149 150 0.15910078
7 7 0.90944754
7 12 0.00059167
7 8 0.00137871
7 6 0.00445716
142 144 0.00467153
142 141 0.01108971
142 145 0.00295956
142 142 0.62576900
142 139 0.00283118
142 143 0.08845575
1 1 0.71066739
44 44 0.64801811
18 18 0.49377360
18 17 0.00114218
58 64 0.00058361
58 58 0.42013011
58 60 0.01285697
58 59 0.01041188
58 62 0.00240201
47 49 0.00153715
47 47 0.60216240
47 48 0.00666725
81 87 0.00821398
81 81 0.27750735
81 84 0.00462028
81 80 0.00565746
81 74 0.00074147
81 89 0.00637280
81 88 0.03708933
81 79 0.00187588
65 66 0.00727261
65 70 0.00082443
65 71 0.01310935
65 63 0.00058150
65 69 0.00255056
65 67 0.10227959
65 68 0.03599412
65 65 0.53918857
65 72 0.06403282
65 61 0.00082137
65 73 0.00396666
39 39 0.13143366
147 146 0.00118075
147 148 0.19227260
147 147 0.42087763
40 40 0.58429891
17 17 0.66896766
17 18 0.00138600
86 85 0.00806434
86 86 0.54315851
86 92 0.00931922
86 88 0.00863639
86 79 0.00220964
86 89 0.00124542
86 84 0.00420552
86 93 0.00233662
86 90 0.00082910
86 87 0.01112251
86 94 0.00341524
22 22 0.67654725
133 132 0.00277077
133 131 0.00557101
133 138 0.00173272
133 130 0.00165852
133 133 0.24864233
133 136 0.00301931
133 135 0.03517782
133 134 0.01044532
8 8 0.35698824
8 7 0.00448357
9 9 0.59481353
125 130 0.00327662
125 121 0.00553212
125 122 0.03107409
125 124 0.02633410
125 125 0.53641105
125 127 0.01697492
125 123 0.01210211
125 128 0.00328016
125 131 0.00060854
125 126 0.04293634
105 108 0.00158105
105 106 0.11851539
105 109 0.00081581
105 102 0.00530947
105 110 0.02930273
105 103 0.00196211
105 111 0.00171153
105 105 0.68055637
105 107 0.06048603
111 112 0.00734486
111 115 0.00184059
111 113 0.00406922
111 111 0.16762951
137 139 0.00629109
137 134 0.01627117
137 137 0.48865723
137 140 0.00414131
137 136 0.02520650
137 135 0.00582840
137 133 0.00676567
137 138 0.07710230
89 91 0.15719655
89 92 0.00619718
89 89 0.15744852
89 95 0.00620756
89 90 0.00488155
108 105 0.00475498
108 113 0.00074336
108 108 0.07065876
108 112 0.00258974
108 109 0.14120253
108 106 0.00277032
108 110 0.03353541
72 71 0.00423208
72 78 0.00194318
72 80 0.00079870
72 77 0.00066263
72 65 0.00234231
72 74 0.01192674
72 79 0.00141981
72 75 0.13432046
72 73 0.00152706
72 72 0.62570663
75 73 0.00105862
75 75 0.54919351
75 79 0.00112084
75 68 0.00101307
75 74 0.00286987
75 77 0.00114273
75 83 0.00104417
75 81 0.00150206
75 78 0.12563698
126 122 0.00264812
126 124 0.00582989
126 128 0.01233523
126 131 0.00239038
126 126 0.52883059
126 125 0.00348683
126 127 0.08403221
126 123 0.01680456
87 94 0.01217509
87 87 0.48747200
87 90 0.00114157
87 80 0.00061084
87 93 0.00068028
87 95 0.00114766
87 89 0.00388832
87 88 0.00402882
87 86 0.00237949
87 85 0.00229702
59 61 0.07444126
59 65 0.00133328
59 57 0.00054699
59 62 0.00059988
59 63 0.01441295
59 59 0.57190967
59 60 0.03547715
59 66 0.00167131
57 61 0.01454498
57 64 0.00349488
57 63 0.00204953
57 57 0.30031677
57 60 0.00481496
57 59 0.05359593
114 115 0.13292439
114 119 0.00147499
114 114 0.40642045
114 116 0.00140323
43 43 0.51802813
124 121 0.00543218
124 130 0.00289483
124 124 0.56341718
124 122 0.00112755
124 120 0.00110372
124 123 0.00423221
124 125 0.05078484
124 126 0.00267985
10 9 0.00282078
10 11 0.00066897
10 10 0.51810393
100 101 0.00369228
100 103 0.00298801
100 105 0.00230997
100 107 0.05178399
100 106 0.00514607
100 100 0.15638172
100 102 0.00955453
19 19 0.75856064
19 18 0.00095505
19 20 0.00067586
16 17 0.00164819
16 16 0.57284527
16 15 0.00052593
127 126 0.00391542
127 128 0.08608242
127 125 0.00640203
127 123 0.00210929
127 127 0.49910674
127 129 0.00095579
127 124 0.01346656
127 130 0.00227952
118 119 0.02953040
118 123 0.00098880
118 118 0.36658871
118 120 0.00122793
118 122 0.00536933
118 121 0.00097508
46 47 0.00063508
46 46 0.69933413
46 48 0.00128613
61 67 0.00491899
61 68 0.04478050
61 65 0.00643164
61 64 0.00548641
61 61 0.36870439
61 66 0.00322526
61 60 0.00077486
61 62 0.00788206
61 63 0.02284784
49 52 0.00052900
49 50 0.04948109
49 49 0.53961031
49 51 0.01834847
36 36 0.67456213
150 150 0.19114464
150 151 0.09247204
96 102 0.00129554
96 98 0.14647837
96 96 0.39178394
4 3 0.00319769
4 4 0.70088506
4 5 0.00193852
15 14 0.00460092
15 15 0.44315089
68 71 0.08721885
68 66 0.00079479
68 70 0.06362389
68 75 0.04666600
68 73 0.00182804
68 76 0.00052769
68 72 0.00160291
68 64 0.00053835
68 74 0.00458297
68 67 0.00125007
68 68 0.33939677
143 143 0.64279526
143 140 0.00257206
143 142 0.00455239
143 145 0.00458878
143 144 0.08991388
143 146 0.00099939
109 114 0.00078501
109 109 0.10012963
109 110 0.00163661
79 77 0.00598130
79 84 0.00057039
79 87 0.02796526
79 78 0.00401596
79 79 0.30371707
79 86 0.00062231
79 82 0.00449283
128 124 0.00956402
128 129 0.00699144
128 130 0.04561216
128 133 0.00357103
128 128 0.59796128
128 126 0.01546756
128 131 0.00275038
128 127 0.03297762
128 125 0.06351760
80 79 0.00453247
80 86 0.00117999
80 88 0.01099819
80 80 0.42157731
80 84 0.00148345
80 83 0.00973841
80 81 0.00057627
80 78 0.00728876
80 87 0.01908388
120 121 0.13165316
120 120 0.14205900
120 122 0.00543284
120 124 0.00985872
120 118 0.00076491
120 125 0.00484040
120 123 0.00180549
120 126 0.00758721
20 19 0.00064381
20 20 0.76031017
29 29 0.87824623
115 113 0.00078209
115 120 0.00053183
115 115 0.23916375
115 117 0.00530612
115 116 0.13265342
115 119 0.00144485
139 142 0.00369691
139 141 0.00369192
139 138 0.03231304
139 137 0.00193277
139 136 0.06638495
139 135 0.00381849
139 140 0.07680867
139 139 0.08622617
113 115 0.00274676
113 113 0.14645984
113 110 0.00335109
113 114 0.14083689
113 111 0.00259375
38 38 0.68588203
140 139 0.00304582
140 136 0.00209920
140 137 0.05264405
140 140 0.10147897
140 138 0.00103417
140 141 0.11903181
140 142 0.00405120
104 111 0.00057572
104 107 0.00281043
104 105 0.06080330
104 104 0.67137981
104 109 0.00913050
104 106 0.07048155
104 110 0.00312343
104 102 0.00223693
104 108 0.00121642
70 70 0.28708404
70 78 0.01715383
70 71 0.00176429
70 77 0.01772107
70 72 0.02027828
70 73 0.10485758
70 76 0.00312012
70 75 0.00117644
50 52 0.03490529
50 50 0.54720111
50 48 0.00093961
50 51 0.00905854
21 21 0.87290692
134 136 0.05534938
134 137 0.00305614
134 135 0.06531315
134 134 0.27888278
134 133 0.01395489
134 131 0.01891310
134 132 0.01092630
135 132 0.01622077
135 138 0.00311772
135 133 0.01346290
135 135 0.11059802
135 136 0.01034180
135 137 0.04819742
135 134 0.01085921
42 42 0.46210380
28 28 0.63650899
73 71 0.00107213
73 81 0.03667660
73 66 0.00186467
73 77 0.00079058
73 74 0.00154361
73 73 0.53786388
73 76 0.15332057
73 75 0.00658431
73 79 0.00093589
73 72 0.00445086
66 73 0.04597407
66 72 0.00985176
66 64 0.00092879
66 65 0.00078613
66 67 0.00349618
66 74 0.00536122
66 68 0.08618559
66 69 0.00370983
66 71 0.00281524
66 66 0.46323903
66 70 0.00146246
63 68 0.00084841
63 67 0.00137520
63 65 0.05127988
63 64 0.00357033
63 61 0.00066098
63 70 0.00440950
63 66 0.01091888
63 63 0.34478388
63 69 0.00234021
25 25 0.61166587
30 30 0.75714450
119 121 0.00358082
119 117 0.00066570
119 124 0.00222743
119 120 0.11491755
119 122 0.00472288
119 119 0.22649274
119 123 0.01295695
119 125 0.00337520
95 94 0.00062677
95 101 0.00050293
95 96 0.00160402
95 95 0.25335110
95 97 0.09565711
95 102 0.00122547
95 98 0.00053075
74 77 0.04286976
74 81 0.00572319
74 78 0.00093453
74 75 0.00159626
74 73 0.00459873
74 76 0.00232405
74 72 0.00112764
74 82 0.00183146
74 67 0.00251837
74 74 0.60135831
74 68 0.00053540
110 111 0.00995564
110 114 0.01139925
110 107 0.00193433
110 110 0.16136627
110 108 0.00088287
110 115 0.00257765
110 112 0.00168726
64 64 0.17631995
64 72 0.00097095
64 65 0.00192606
64 68 0.00200661
64 67 0.01545275
64 62 0.00050276
64 71 0.02363665
64 60 0.00059164
64 66 0.10751430
11 11 0.62287276
11 12 0.00102168
60 60 0.42213599
60 59 0.00077008
60 66 0.00869257
60 62 0.06001047
60 63 0.00090863
60 65 0.00054583
60 67 0.00521163
60 61 0.02180866
60 64 0.01810701
69 70 0.00123243
69 71 0.04887079
69 69 0.24483137
69 77 0.01097153
69 68 0.00112525
69 74 0.00117148
69 72 0.04715872
69 73 0.00090663
69 76 0.02924635
69 75 0.00423943
123 123 0.28242835
123 125 0.00176414
123 128 0.00317088
123 121 0.00246740
123 124 0.07540219
123 122 0.00181781
123 120 0.00142141
154 155 0.06111325
154 154 0.60423326
154 153 0.00695362
26 26 0.86229777
99 102 0.00360909
99 100 0.00121842
99 106 0.05562549
99 99 0.45505479
99 105 0.00283143
99 101 0.00140323
99 96 0.00069083
117 118 0.12509444
117 120 0.00050147
117 122 0.00137924
117 121 0.00193611
117 117 0.51951196
117 123 0.00053128
117 119 0.00112099
102 109 0.00887278
102 102 0.07278767
102 108 0.00146758
102 107 0.00634247
102 105 0.00156431
102 104 0.00375272
55 59 0.01570759
55 56 0.07163099
55 57 0.04395769
55 62 0.00156606
55 61 0.00179213
55 58 0.00637889
55 55 0.71122723
51 52 0.03859523
51 53 0.02065420
51 49 0.00055783
51 51 0.43667286
27 27 0.88417345
98 99 0.00132139
98 98 0.48595904
98 100 0.16606160
98 104 0.00163362
98 101 0.00081151
98 105 0.02076717
98 93 0.00071390
98 95 0.00084284
153 154 0.08592302
153 152 0.00288450
153 153 0.72412693
131 130 0.00394125
131 133 0.04429145
131 136 0.00252790
131 129 0.04165921
131 127 0.00278489
131 132 0.00081634
131 128 0.02945389
131 131 0.19768270
116 117 0.00923203
116 118 0.00426601
116 120 0.00302506
116 116 0.24247999
37 37 0.68361509
5 6 0.00214376
5 5 0.92751854
5 4 0.00354049
3 3 0.62075323
3 2 0.00165104
3 7 0.00083331
3 4 0.00211307
122 126 0.00068189
122 128 0.00712827
122 123 0.05606706
122 119 0.00072778
122 127 0.00089655
122 120 0.00180719
122 122 0.13175554
122 124 0.00729588
122 121 0.00241931
136 132 0.00193270
136 134 0.01685222
136 139 0.00378506
136 137 0.02177911
136 135 0.03832209
136 136 0.22389365
136 138 0.03074334
136 133 0.00860852
24 24 0.58018245
129 129 0.53817586
129 130 0.00258764
129 131 0.00504375
129 126 0.00471745
129 128 0.03470471
129 127 0.00669546
129 125 0.00076834
48 51 0.00505429
48 48 0.69584448
48 50 0.02482532
48 52 0.00070736
48 49 0.00520981
146 143 0.00160964
146 147 0.19489035
146 145 0.00155112
146 144 0.00137125
146 146 0.06596400
94 101 0.00334144
94 96 0.05912017
94 94 0.25232193
94 93 0.00061002
94 89 0.00056589
94 97 0.00079214
141 142 0.13803219
141 141 0.60435500
141 143 0.00075228
141 138 0.05775787
141 139 0.00057901
141 140 0.02578355
141 137 0.00113696
90 90 0.45114921
90 93 0.00567552
90 92 0.15574420
90 91 0.00143674
71 79 0.00451962
71 73 0.02777913
71 76 0.00089206
71 72 0.00163406
71 74 0.12694098
71 77 0.00239680
71 71 0.24955596
71 78 0.00350099
71 70 0.00099600
52 54 0.06477239
52 55 0.01065035
52 56 0.00072759
52 52 0.46945588
52 53 0.06934858
93 95 0.08562890
93 93 0.40387326
93 96 0.00179093
34 34 0.79597041
97 100 0.00270552
97 99 0.14910226
97 97 0.13240623
97 103 0.00056123
82 83 0.00138145
82 81 0.00486053
82 87 0.00126296
82 90 0.00260632
82 80 0.00300661
82 84 0.00616879
82 89 0.02528418
82 82 0.38803925
82 75 0.00153981
82 85 0.14863706
82 86 0.00705371
82 88 0.01971659
88 86 0.00198061
88 92 0.00092265
88 88 0.31951265
88 91 0.00076775
88 89 0.01316920
88 93 0.00079271
88 95 0.06048646
88 87 0.00218374
88 90 0.00572514
88 94 0.01023540
88 81 0.00137399
13 13 0.38819323
13 14 0.00225437
13 12 0.00479800
121 121 0.42594431
121 124 0.00081382
121 118 0.00085915
121 122 0.10030501
121 120 0.00107556
121 123 0.00782680
121 127 0.02020574
121 119 0.00144633
121 125 0.00340537
121 126 0.00300487
78 78 0.02627475
78 71 0.00331019
78 81 0.00583480
78 84 0.00705027
78 77 0.00151656
78 76 0.00186385
78 79 0.00140002
6 7 0.00192488
6 5 0.00402178
6 6 0.91505616
83 84 0.01209723
83 83 0.49261976
83 81 0.00211593
83 87 0.00109873
83 90 0.00278310
83 76 0.00218968
83 86 0.01274384
83 85 0.00063335
83 89 0.01100906
144 142 0.00273152
144 145 0.17413450
144 141 0.00563707
144 146 0.00169048
144 144 0.64823238
144 143 0.00302628
144 147 0.00058004
45 45 0.48906784
53 60 0.00052771
53 56 0.01009126
53 57 0.00112249
53 53 0.63192391
53 54 0.07125140
53 55 0.07395079
