150 155 0.00611731
150 154 0.42174593
150 153 0.13359576
96 95 0.04719425
96 93 0.33185133
96 96 0.01780192
96 102 0.00195493
96 98 0.01231043
96 99 0.03422121
96 97 0.00365974
36 36 0.76179149
49 48 0.01129488
49 47 0.00084462
49 49 0.41463889
15 16 0.02657055
15 15 0.42174787
15 14 0.00239257
4 6 0.00059427
4 4 0.79258982
4 5 0.03389943
4 7 0.00145302
4 3 0.00216260
118 125 0.07160885
118 123 0.01512528
118 126 0.00716769
118 116 0.09434445
118 117 0.00321794
118 121 0.00181948
118 120 0.00422505
118 124 0.12867725
61 61 0.44366633
61 65 0.00212562
61 63 0.00158875
61 62 0.00119202
61 59 0.12641051
61 60 0.05626008
46 45 0.00060373
46 46 0.65601686
128 134 0.00137595
128 135 0.00201812
128 129 0.01573277
128 133 0.01874871
128 130 0.01911071
128 128 0.03621818
128 132 0.00103003
128 131 0.00274058
128 126 0.00843616
128 125 0.00071509
128 127 0.06037581
80 81 0.06639518
80 83 0.00175309
80 87 0.00605245
80 77 0.33179233
80 80 0.32488334
80 82 0.06733885
80 79 0.00136053
68 66 0.17051933
68 70 0.00210070
68 69 0.00528214
68 67 0.00236335
68 68 0.37446301
68 65 0.06926300
68 72 0.00057553
68 75 0.00492383
68 73 0.00062149
79 81 0.04963935
79 80 0.03696335
79 77 0.00071939
79 82 0.00123871
79 76 0.23023100
79 79 0.31071983
79 86 0.01321860
143 148 0.00139653
143 146 0.46233792
143 144 0.00465160
143 143 0.00163379
143 147 0.10249198
109 107 0.31912127
109 111 0.02078066
109 112 0.08137604
109 115 0.10443691
109 108 0.01354913
109 110 0.00267822
109 117 0.00102779
109 106 0.03374981
104 108 0.00094607
104 110 0.09420207
104 102 0.00241447
104 109 0.00051011
104 106 0.01047302
104 104 0.00123813
104 103 0.01938919
104 101 0.00389520
104 107 0.08743649
104 105 0.03659756
70 75 0.00072339
70 72 0.00515571
70 67 0.13225400
70 74 0.00056733
70 68 0.12855600
70 77 0.01500017
70 71 0.01394885
70 70 0.37200610
50 48 0.00139628
50 50 0.44344423
50 49 0.10975766
21 21 0.76917395
21 20 0.00052016
21 22 0.00188178
113 120 0.00053527
113 112 0.00210011
113 115 0.01216501
113 118 0.00428690
113 117 0.00067201
113 121 0.00427747
113 116 0.07358953
113 111 0.12586561
113 119 0.14487355
140 145 0.00707826
140 142 0.00731029
140 148 0.00396995
140 144 0.23639170
140 141 0.00523090
140 143 0.08908287
140 140 0.00604114
38 38 0.60125358
20 20 0.75002611
20 21 0.00963545
20 19 0.00063449
120 121 0.00131048
120 129 0.00060854
120 124 0.00077487
120 118 0.02290603
120 122 0.00652139
120 123 0.07908779
120 127 0.06134811
120 119 0.00636498
120 125 0.04266243
120 126 0.12053543
120 128 0.05573178
139 139 0.00210888
139 140 0.00099655
139 143 0.24235249
139 146 0.00072688
139 141 0.00154354
139 144 0.05444758
139 142 0.07123947
29 29 0.79181635
115 123 0.01093537
115 114 0.12764385
115 116 0.00164461
115 121 0.09556451
115 117 0.00897731
115 118 0.03301796
115 113 0.32571313
115 120 0.00894690
115 122 0.00194688
66 68 0.00275814
66 67 0.00208124
66 65 0.00563457
66 64 0.22080867
66 72 0.00082401
66 73 0.00628833
66 70 0.00055297
66 66 0.43313628
66 63 0.02187297
30 30 0.86533143
119 121 0.00507312
119 117 0.34282690
119 118 0.08798176
119 124 0.01736922
119 122 0.00212354
119 127 0.01776846
119 125 0.14553944
119 128 0.00056159
119 126 0.06662051
119 116 0.00208732
95 92 0.02945833
95 98 0.03475833
95 99 0.00143578
95 97 0.02684514
95 95 0.03699194
95 94 0.01081834
95 101 0.01280742
95 96 0.00172296
63 63 0.30010469
63 62 0.00956375
63 60 0.00064825
63 70 0.00057086
63 61 0.04164604
63 65 0.00187019
63 67 0.00107005
25 25 0.57828054
135 142 0.09953901
135 141 0.07109387
135 138 0.35764721
135 143 0.00140715
135 136 0.02163564
135 135 0.01328336
135 140 0.06590343
135 137 0.03707064
135 134 0.00623202
135 139 0.01198143
42 42 0.39746144
134 135 0.01733497
134 140 0.01423290
134 136 0.15492123
134 137 0.23072796
134 139 0.07336491
134 134 0.02351848
134 133 0.01784702
134 138 0.06081152
134 141 0.05091113
134 142 0.00931904
73 74 0.02726615
73 75 0.00644380
73 73 0.46052353
73 71 0.05887333
73 70 0.22491833
73 80 0.00145185
28 28 0.69144241
11 12 0.02160409
11 11 0.53360766
11 10 0.00117794
60 60 0.30908719
60 59 0.10203350
60 58 0.02054967
123 120 0.00193837
123 122 0.02883909
123 124 0.00371328
123 129 0.11218484
123 121 0.21894041
123 130 0.01653318
123 128 0.05149604
123 126 0.09954659
123 131 0.00099715
123 125 0.11673769
123 127 0.02632886
123 123 0.00597577
26 26 0.75694854
69 74 0.00076486
69 67 0.09567267
69 73 0.00053539
69 76 0.01135912
69 71 0.00268132
69 70 0.00899400
69 66 0.01081560
69 69 0.20129822
74 81 0.00334588
74 71 0.26243133
74 72 0.02288587
74 75 0.01695374
74 76 0.00785615
74 73 0.00051280
74 74 0.52777223
110 111 0.00208188
110 107 0.01589859
110 116 0.10527458
110 109 0.02692985
110 117 0.00090945
110 113 0.00435143
110 118 0.00111163
110 108 0.31767645
110 112 0.00677284
64 63 0.00830790
64 62 0.13834333
64 71 0.00130705
64 66 0.00330694
64 61 0.00474850
64 64 0.19220263
64 68 0.00190277
116 122 0.05930177
116 115 0.07229561
116 113 0.00056620
116 118 0.01090678
116 124 0.02260219
116 117 0.00436127
116 121 0.01460111
116 114 0.33771440
116 119 0.03913395
116 123 0.01011062
131 132 0.00095295
131 131 0.00143363
131 138 0.00171503
131 130 0.00199926
131 133 0.28613624
131 135 0.00883590
131 136 0.02679111
131 137 0.04612947
131 134 0.05197933
37 37 0.71567536
5 6 0.03937525
5 5 0.89249519
5 4 0.00159906
5 7 0.00051578
99 99 0.05955437
99 100 0.07056229
99 98 0.14126105
99 102 0.03701292
99 103 0.03672585
99 101 0.00450145
99 96 0.33247046
99 104 0.00124624
99 105 0.05670317
27 27 0.81303279
51 49 0.00362183
51 50 0.06249458
51 51 0.11504144
98 99 0.07791515
98 97 0.02614472
98 98 0.04457603
98 100 0.00556952
98 102 0.00654168
98 101 0.03256616
98 103 0.00051201
98 104 0.05315880
98 95 0.33237703
117 124 0.06199056
117 115 0.32917039
117 122 0.01911583
117 120 0.00155893
117 116 0.07209772
117 123 0.15378512
117 119 0.00051672
117 125 0.00582373
117 114 0.00056027
102 100 0.00100963
102 106 0.08393102
102 102 0.02040120
102 108 0.06386106
102 99 0.05744454
102 105 0.11346522
102 107 0.01502921
102 101 0.00148432
102 103 0.04794426
102 104 0.00452405
55 53 0.03409067
55 54 0.16186011
55 55 0.70443852
71 68 0.17304967
71 72 0.02348747
71 76 0.00058000
71 73 0.00547335
71 78 0.01536217
71 71 0.22252278
71 69 0.09839800
94 91 0.33057082
94 98 0.00153278
94 100 0.00066276
94 97 0.03995658
94 95 0.00164796
94 93 0.12770382
94 94 0.05824318
94 96 0.03338381
146 151 0.00518214
146 149 0.50522352
146 153 0.00158344
146 150 0.11476126
90 93 0.00320462
90 95 0.01038637
90 87 0.00888020
90 90 0.01985719
90 88 0.00334281
90 92 0.03383088
90 91 0.00226786
90 89 0.05302378
141 149 0.00059962
141 142 0.01485395
141 145 0.12403693
141 148 0.09137294
141 144 0.41142504
141 146 0.00788547
141 141 0.00658695
141 143 0.00664713
93 99 0.00711240
93 97 0.00097259
93 98 0.00116807
93 92 0.04944205
93 96 0.02057026
93 90 0.33062415
93 94 0.09077842
93 93 0.15995970
93 95 0.04287392
52 50 0.02257263
52 52 0.45363131
52 51 0.13513320
136 141 0.05932980
136 142 0.02467102
136 140 0.02854238
136 135 0.00240090
136 136 0.04078897
136 137 0.02238813
136 139 0.29662232
136 143 0.10408418
136 138 0.02000614
129 127 0.00393234
129 128 0.05925389
129 132 0.00716598
129 131 0.24148731
129 133 0.03260378
129 130 0.01464654
129 136 0.00610954
129 137 0.09099893
129 135 0.05799735
129 129 0.05610291
129 134 0.02925005
24 24 0.57930480
3 6 0.00139416
3 5 0.00097989
3 4 0.01852763
3 3 0.76284541
3 2 0.00141021
122 126 0.00758128
122 128 0.12639392
122 123 0.00770274
122 127 0.02833868
122 125 0.10506046
122 124 0.03093280
122 129 0.03201260
122 122 0.00177848
122 120 0.31234422
122 121 0.08889187
122 130 0.04738974
48 46 0.00127318
48 48 0.68770976
48 47 0.01330592
48 50 0.00135668
6 6 0.70797595
6 7 0.00895954
6 5 0.00132538
144 149 0.00119711
144 145 0.00067636
144 151 0.03628642
144 148 0.14066752
144 147 0.46896070
83 82 0.00266660
83 88 0.00256967
83 86 0.00395245
83 85 0.04008385
83 90 0.00051665
83 83 0.21569424
83 84 0.02186125
83 80 0.02165613
78 80 0.07978686
78 77 0.00060923
78 81 0.00143258
78 78 0.09130821
78 76 0.00321232
78 79 0.02837182
78 75 0.25792133
78 85 0.00613251
45 45 0.55676849
53 53 0.69355219
53 52 0.15206628
53 51 0.02520957
82 79 0.00989807
82 85 0.00191594
82 82 0.28412830
82 84 0.04587540
82 81 0.00128690
82 83 0.02297117
82 87 0.00106742
34 34 0.80739755
97 96 0.13916556
97 101 0.00818635
97 103 0.04947144
97 94 0.10654601
97 98 0.08638407
97 100 0.01298665
97 99 0.00730593
97 97 0.00804425
121 118 0.00163093
121 124 0.09614880
121 129 0.04012180
121 122 0.00606284
121 120 0.04135357
121 130 0.00054888
121 121 0.00313834
121 128 0.05094812
121 126 0.05288957
121 127 0.02708200
121 119 0.32234929
121 123 0.01622588
121 125 0.00300399
13 14 0.01920848
13 12 0.00215318
13 13 0.41638928
88 90 0.05738622
88 87 0.05832943
88 93 0.00374231
88 89 0.00212748
88 88 0.18921040
88 86 0.00100317
88 85 0.06522829
88 91 0.00061159
14 15 0.01776599
14 14 0.74825587
14 13 0.00218015
56 54 0.03924233
56 58 0.00090895
56 55 0.15961950
56 56 0.56684347
35 35 0.81387931
32 32 0.70536716
138 142 0.21160860
138 145 0.00118812
138 144 0.00802156
138 141 0.28649695
138 146 0.00074565
138 138 0.07508340
138 143 0.05389323
138 137 0.00148177
138 140 0.00238387
138 139 0.01617353
130 133 0.01239281
130 130 0.02488353
130 129 0.00463724
130 135 0.01136462
130 136 0.00103066
130 137 0.01413845
130 134 0.00844773
130 131 0.00407977
130 128 0.00061904
130 132 0.22102659
41 41 0.43503569
84 81 0.00970979
84 83 0.00683324
84 87 0.00272665
84 84 0.19485443
84 89 0.00111285
84 91 0.00055817
84 88 0.00171976
84 86 0.09716215
84 85 0.01795938
91 94 0.00325908
91 90 0.14608346
91 93 0.06860026
91 89 0.00200997
91 97 0.00149986
91 91 0.00501745
91 88 0.00988127
91 92 0.00133108
31 31 0.84593603
76 75 0.00054575
76 76 0.24620895
76 73 0.31012933
76 74 0.00299752
76 77 0.06147430
76 78 0.02250627
76 83 0.01104461
101 102 0.04183295
101 98 0.33526500
101 100 0.05339666
101 106 0.00619531
101 99 0.00118575
101 105 0.09071394
101 107 0.07431310
101 104 0.11631243
101 101 0.03396416
101 103 0.00424255
132 131 0.01972075
132 132 0.00804679
132 139 0.00815936
132 134 0.28676712
132 135 0.01615931
132 137 0.02454388
132 136 0.03167162
132 133 0.01702843
132 138 0.00160598
12 12 0.78220608
12 11 0.00121369
12 13 0.02114667
145 153 0.00060993
145 149 0.03976815
145 148 0.53126505
145 152 0.01588717
151 155 0.60824216
151 154 0.09971858
62 66 0.00130438
62 60 0.10218523
62 62 0.26455123
62 64 0.00119775
62 61 0.02221740
23 24 0.00076666
23 23 0.73923355
106 112 0.09400652
106 108 0.01214752
106 109 0.05880095
106 106 0.00056706
106 104 0.14260240
106 103 0.20385546
106 107 0.00665974
106 105 0.14274649
54 53 0.15773509
54 52 0.01598127
54 54 0.68875169
2 2 0.73074271
2 3 0.00780941
2 1 0.00089955
2 5 0.00120200
85 83 0.00065585
85 90 0.00177121
85 87 0.09240872
85 84 0.00540170
85 82 0.33327827
85 88 0.00304766
85 86 0.09246911
85 85 0.25823902
103 107 0.01176303
103 105 0.00450620
103 103 0.00233639
103 101 0.00349510
103 104 0.05270646
103 109 0.02136188
103 106 0.07042099
103 100 0.12176168
103 108 0.00149211
33 33 0.61365311
7 8 0.02418914
7 6 0.00128407
7 7 0.76740879
77 78 0.01143360
77 84 0.00620231
77 77 0.16152431
77 80 0.00091850
77 74 0.32041433
77 79 0.05526922
77 75 0.00091063
149 152 0.45398195
149 154 0.00494783
149 153 0.22147654
149 155 0.00100188
142 149 0.00062913
142 142 0.02904088
142 145 0.42289441
142 144 0.00468729
142 146 0.09473185
142 143 0.02044002
142 147 0.00707993
107 112 0.00098409
107 108 0.00243420
107 113 0.07745321
107 110 0.05565473
107 106 0.14290619
107 109 0.00174186
107 104 0.06939644
107 105 0.28292757
107 107 0.00054353
148 155 0.06133312
148 153 0.00365986
148 152 0.13983392
148 151 0.48485695
67 69 0.00262074
67 66 0.00237408
67 71 0.00075733
67 72 0.00118888
67 64 0.03112487
67 73 0.00077435
67 67 0.48571039
67 74 0.01153485
67 68 0.00567086
67 65 0.20171800
112 114 0.00220429
112 119 0.02104453
112 111 0.04873205
112 110 0.00952987
112 115 0.00331038
112 120 0.00062752
112 118 0.17504182
112 113 0.00241143
92 91 0.04904794
92 98 0.03085081
92 92 0.05801803
92 88 0.00071136
92 89 0.33176447
92 99 0.00093695
92 97 0.01605762
92 95 0.00772013
92 93 0.00192251
92 90 0.00078422
92 94 0.03896006
81 83 0.06090307
81 81 0.25972342
81 78 0.01240127
81 80 0.00182667
81 84 0.00204979
81 82 0.05941530
81 88 0.01267273
47 47 0.55209356
47 46 0.00150439
1 2 0.00414252
1 1 0.84017818
44 44 0.70358096
58 57 0.00600949
58 56 0.07651100
58 58 0.02355011
18 19 0.01344860
18 18 0.31936196
18 17 0.00186632
8 9 0.01196654
8 8 0.34022707
8 7 0.00128693
9 9 0.45450100
9 8 0.00089939
9 10 0.01238531
111 114 0.00230372
111 119 0.00090054
111 112 0.00298886
111 118 0.00352163
111 113 0.00604908
111 117 0.20069425
111 110 0.00208827
111 109 0.00688662
125 127 0.05686955
125 123 0.04052820
125 125 0.01170020
125 128 0.01565649
125 132 0.00312448
125 131 0.06468719
125 126 0.01451984
125 130 0.01706568
125 133 0.01377526
125 129 0.00417164
125 124 0.08955035
125 122 0.00144703
105 111 0.00577888
105 107 0.00936053
105 105 0.00064224
105 103 0.00257744
105 104 0.00617714
105 109 0.00052534
105 106 0.01087812
105 102 0.00411627
105 108 0.04739236
39 39 0.36502092
147 154 0.00117469
147 151 0.09576449
147 150 0.47370606
65 72 0.00514523
65 64 0.00804660
65 65 0.39115011
65 67 0.00266995
65 69 0.00079161
65 63 0.22490533
65 62 0.01354923
65 71 0.00062630
65 66 0.00191798
40 40 0.61456727
133 141 0.05881960
133 132 0.01990841
133 139 0.02826775
133 134 0.01713633
133 140 0.00357633
133 135 0.26658905
133 136 0.11869078
133 137 0.06059036
133 133 0.01055987
133 138 0.05390024
17 18 0.01276140
17 17 0.46713021
17 16 0.00216667
86 89 0.00096571
86 85 0.00546372
86 86 0.32351464
86 88 0.10746851
86 91 0.00140055
86 87 0.02334815
86 83 0.02965465
86 84 0.00060167
22 22 0.62480724
22 23 0.00090119
59 59 0.48906287
59 57 0.04423533
59 58 0.02233660
87 84 0.33326369
87 87 0.21004408
87 90 0.00137361
87 85 0.00055066
87 86 0.01329006
87 92 0.00670222
87 88 0.09059407
87 89 0.04022855
126 127 0.01285288
126 125 0.09000771
126 131 0.02635444
126 126 0.01387315
126 128 0.26496273
126 132 0.05382646
126 133 0.00611714
126 130 0.02519496
126 129 0.01281010
126 124 0.03688069
126 134 0.03614019
114 117 0.00697452
114 121 0.00207308
114 112 0.07175735
114 122 0.00407082
114 120 0.03163438
114 113 0.00062545
114 119 0.00105752
114 116 0.00140824
57 57 0.25899023
57 56 0.11673594
57 59 0.00144687
57 55 0.04432100
137 138 0.01977880
137 143 0.01273453
137 139 0.00523799
137 137 0.07865897
137 140 0.29601514
137 136 0.00232593
137 142 0.07664458
137 141 0.18907730
137 144 0.10117921
89 94 0.01020881
89 87 0.00055693
89 90 0.00229258
89 89 0.07451698
89 91 0.02358132
89 86 0.02058875
89 88 0.12866941
89 92 0.00151474
108 112 0.00062330
108 113 0.00076828
108 110 0.01786331
108 106 0.30093213
108 109 0.00344247
108 105 0.05156286
108 107 0.14256092
108 114 0.07552222
108 111 0.07694609
75 73 0.01293553
75 76 0.02258035
75 75 0.45675642
75 72 0.30014100
75 82 0.00761156
75 77 0.03029123
72 74 0.00638691
72 73 0.02362624
72 79 0.00078718
72 72 0.35783330
72 70 0.09392967
72 69 0.21816900
72 77 0.00067667
19 20 0.01257868
19 18 0.00075708
19 19 0.74230275
127 128 0.01942761
127 132 0.00952624
127 131 0.01164729
127 126 0.07736929
127 125 0.02020388
127 127 0.02203081
127 134 0.00657219
127 129 0.02490463
127 124 0.00163499
127 133 0.01264206
127 130 0.00420661
16 16 0.52111095
16 15 0.00219085
16 17 0.03273585
43 43 0.55672930
124 132 0.00110515
124 128 0.03571619
124 131 0.00097141
124 126 0.07109062
124 125 0.02934396
124 127 0.08410292
124 123 0.09585249
124 122 0.07885880
124 129 0.04642476
124 124 0.00946398
124 130 0.07304738
124 121 0.00212022
100 105 0.00206829
100 104 0.10340098
100 103 0.04900512
100 101 0.05442252
100 102 0.00069447
100 106 0.05950112
100 100 0.03951045
100 99 0.13898837
100 97 0.33326881
10 11 0.02236438
10 9 0.00103988
10 10 0.50454447
