95 95 0.99363000
95 94 0.00545252
2 2 0.71963700
2 1 0.12413700
17 17 0.56224400
17 15 0.00280440
17 16 0.00071734
119 119 0.99949200
30 30 0.99819100
30 28 0.00085455
113 113 0.03992650
11 10 0.07992090
11 11 0.88017600
58 58 0.77045100
134 134 0.99622400
151 151 0.99983700
83 83 0.99928200
121 121 0.99984100
117 117 0.54162400
41 41 0.99965700
22 20 0.04599220
22 22 0.95373900
87 87 0.99872100
149 149 0.99988700
15 15 0.56313400
15 13 0.00204459
31 31 0.99879200
18 18 0.93392800
18 16 0.02112550
145 145 0.99987300
123 123 0.50830400
24 22 0.04468800
24 24 0.95382300
24 23 0.00072652
67 67 0.54053900
67 66 0.00103514
106 106 0.99895300
155 155 0.99998600
66 65 0.00308781
66 66 0.99585700
29 27 0.00131163
29 29 0.99790300
92 91 0.00440873
92 92 0.99481900
70 70 0.46500900
78 78 0.99978300
73 73 0.46364100
156 156 0.99998600
55 55 0.92538200
147 147 0.99987700
37 37 0.99969100
23 23 0.95360700
23 21 0.04580340
108 107 0.00081360
108 108 0.99811700
148 148 0.99988700
93 93 0.99370600
93 92 0.00446690
132 133 0.00320994
132 132 0.99579000
20 20 0.95270000
20 18 0.00150666
34 34 0.99980800
107 106 0.00050069
107 107 0.99844400
16 16 0.55298100
16 14 0.01628130
64 64 0.99205200
64 63 0.00701859
64 65 0.00060081
6 6 0.39828000
6 5 0.19767200
13 13 0.95733600
13 12 0.00122733
96 95 0.00425933
96 96 0.99479600
39 39 0.99983000
32 32 0.99965800
115 115 0.17272300
63 62 0.00733750
63 64 0.00066095
63 63 0.99123500
80 80 0.88057700
102 102 0.99926500
97 97 0.99608300
97 96 0.00299098
72 72 0.46175800
38 38 0.99981300
59 59 0.76884000
59 60 0.00053108
130 130 0.83903100
75 75 0.99996700
47 47 0.92525500
26 25 0.00206673
26 26 0.96368400
26 24 0.03380410
81 81 0.85463000
53 53 0.99937400
8 8 0.57295100
8 7 0.01018180
128 128 0.72022600
140 140 0.61931100
84 84 0.99931000
100 100 0.99921100
27 25 0.00638780
27 27 0.99257600
27 26 0.00069919
43 43 0.99970400
103 103 0.99929200
60 61 0.00107610
60 59 0.00067157
60 60 0.99368800
114 114 0.46501600
9 8 0.24068700
9 9 0.71936800
157 157 0.99998900
126 126 0.61930400
118 118 0.99907500
120 120 0.99966800
89 89 0.99724000
89 88 0.00068411
33 33 0.99982400
135 135 0.83864100
129 129 0.99991700
131 131 0.99907300
86 86 0.99886900
112 112 0.46171800
19 19 0.90575700
19 17 0.00099983
82 82 0.99962800
12 11 0.01182310
12 12 0.94808300
45 45 0.77009000
40 40 0.99983700
44 44 0.99908900
101 101 0.99914300
4 2 0.01108760
4 4 0.54303800
4 3 0.33584800
46 46 0.77098500
71 71 0.03992660
14 14 0.56721100
14 12 0.00055413
14 13 0.00057634
105 105 0.88022700
154 154 0.99995700
1 1 0.86615000
77 77 0.99987600
79 79 0.99960600
146 146 0.99987600
5 5 0.37525800
5 4 0.01979150
150 150 0.99988100
141 141 0.61773300
91 90 0.00328456
91 91 0.99485000
85 85 0.99921700
35 35 0.99951900
65 64 0.00652124
65 66 0.00052867
65 65 0.99247200
143 143 0.50830200
42 42 0.99968600
48 48 0.22679600
125 125 0.61772800
74 74 0.99994300
133 133 0.99553000
133 132 0.00054453
133 134 0.00301927
138 138 0.99994600
61 61 0.99060400
61 60 0.00404246
61 62 0.00108029
7 7 0.51849200
7 6 0.21610900
21 19 0.04613270
21 21 0.95356500
152 152 0.99977100
124 124 0.61772300
122 122 0.53986200
49 49 0.99927200
10 9 0.09419070
10 10 0.86609300
104 104 0.85430600
3 1 0.00915680
3 2 0.26106300
3 3 0.55939900
88 88 0.99866100
110 110 0.99833000
110 109 0.00125104
153 153 0.99994200
136 136 0.87736400
69 69 0.13760200
51 51 0.99938800
54 54 0.40650100
144 144 0.53985500
127 127 0.99996900
36 36 0.99949800
56 56 0.81898900
94 94 0.99374600
94 93 0.00547420
62 62 0.99030000
62 63 0.00093358
62 61 0.00736274
76 76 0.99996400
57 57 0.99842800
52 52 0.99937800
139 139 0.84245400
28 28 0.99729400
28 26 0.00204242
109 109 0.99796300
109 108 0.00105663
68 68 0.52998800
50 50 0.99937900
116 116 0.49502100
25 25 0.95800900
25 24 0.00329970
25 23 0.03823670
90 89 0.00204757
90 90 0.99609900
111 111 0.46318200
98 97 0.00166408
98 98 0.99749100
142 142 0.61772700
99 99 0.99906600
137 137 0.99958800
