26 26 0.99769200
81 81 0.84759500
53 53 0.78910000
53 52 0.15874200
53 51 0.00087432
8 8 0.99626600
128 128 0.99981900
130 130 0.99981900
75 75 0.98814100
47 46 0.05670660
47 48 0.00101580
47 47 0.36580900
140 140 0.99976700
27 27 0.99785300
84 84 0.99968300
100 100 0.99981000
114 114 0.99956000
60 61 0.00126129
60 59 0.12738400
60 60 0.34387800
60 58 0.15328200
9 9 0.99630100
157 157 0.99998500
43 43 0.89503300
43 44 0.00156038
43 42 0.09164380
103 103 0.99978000
23 23 0.99416600
108 108 0.99838200
108 109 0.00111034
93 94 0.00118796
93 93 0.99786500
148 148 0.99981200
147 147 0.99980300
37 37 0.97091600
37 36 0.01386590
37 38 0.00440938
107 107 0.99895900
107 108 0.00063664
64 63 0.30455000
64 64 0.36571500
64 62 0.01360530
64 65 0.00214160
34 34 0.98632400
20 20 0.60433900
16 16 0.74528800
13 13 0.99654500
6 7 0.00162576
6 6 0.54068100
132 132 0.99981800
39 39 0.75142000
39 38 0.00125548
39 40 0.00537472
32 32 0.60482500
63 63 0.34849500
63 61 0.32778500
63 64 0.00196543
63 62 0.22793800
80 80 0.48963200
115 115 0.99961900
96 96 0.99923800
72 71 0.01040620
72 72 0.82508700
38 39 0.00549727
38 38 0.47063200
38 37 0.01654910
59 58 0.12179200
59 57 0.00409131
59 59 0.27444400
97 97 0.99945200
102 102 0.99979100
67 68 0.00628926
67 66 0.01597410
67 67 0.40341600
67 65 0.08687030
106 106 0.99966200
66 65 0.30484500
66 67 0.00633133
66 66 0.35527400
66 64 0.09195890
29 29 0.17551100
92 93 0.00183461
92 92 0.99786000
70 68 0.00754996
70 70 0.75861900
70 69 0.07491460
70 71 0.00114107
155 155 0.36552600
73 73 0.78797500
73 72 0.00118959
78 78 0.64039900
55 54 0.15787300
55 55 0.46914800
55 53 0.04675930
156 156 0.99995200
95 95 0.99927000
17 17 0.50499600
2 4 0.00063755
2 2 0.99713300
2 3 0.00152678
119 119 0.99980400
113 113 0.99950200
11 11 0.99644100
30 30 0.99337300
117 117 0.90700000
41 40 0.03500770
41 41 0.60537300
41 42 0.00187778
22 22 0.99456400
87 87 0.99936900
58 58 0.27801400
58 56 0.04959490
58 57 0.00321213
134 134 0.99975100
151 151 0.99980600
83 83 0.99964100
121 121 0.99983800
123 123 0.90704600
24 24 0.17550200
149 149 0.99978500
18 18 0.08820110
15 15 0.99055000
31 31 0.99373700
145 145 0.99978100
109 109 0.99796500
109 110 0.00152999
68 66 0.07952770
68 68 0.56566300
68 67 0.34691300
68 69 0.00421234
50 50 0.63229900
50 49 0.00322869
28 28 0.99792500
116 116 0.92928400
25 25 0.99768500
137 137 0.99976300
90 91 0.00138849
90 90 0.99839300
111 111 0.99883900
98 98 0.99961800
99 99 0.99979700
142 142 0.99975300
124 124 0.92938500
122 122 0.99983000
10 10 0.99645500
49 48 0.00166123
49 49 0.47408800
7 7 0.75999800
152 152 0.99980500
21 21 0.99390800
153 153 0.99980100
136 136 0.99980700
69 69 0.45909000
69 70 0.00289040
69 68 0.19762500
69 67 0.03224430
51 50 0.15529200
51 51 0.83809000
88 88 0.99946400
3 4 0.00236852
3 3 0.99590800
110 111 0.00095310
110 110 0.99807700
104 104 0.99978700
36 36 0.96615000
36 37 0.00326054
36 35 0.01119910
54 54 0.48822700
54 52 0.00602270
54 53 0.15877000
144 144 0.99976500
127 127 0.99981500
57 55 0.00320212
57 57 0.36050600
57 56 0.01093200
52 51 0.15569500
52 52 0.82994400
139 139 0.99980600
56 56 0.19200000
56 54 0.14218600
56 55 0.00585478
94 94 0.99860900
62 60 0.33886000
62 63 0.00213937
62 61 0.30369300
62 62 0.34391200
76 76 0.98815500
1 1 0.36478000
77 77 0.98810700
79 79 0.83692500
4 5 0.00196878
4 4 0.99583200
46 45 0.05123150
46 46 0.50315600
46 47 0.00088279
71 71 0.54986900
71 70 0.08660670
71 69 0.00260254
14 14 0.99647200
105 105 0.99978500
154 154 0.99980100
141 141 0.99965100
91 91 0.99780100
91 92 0.00186329
146 146 0.99980100
150 150 0.99981200
5 5 0.09827370
5 6 0.00191003
143 143 0.99977100
42 42 0.89727700
42 41 0.00725527
42 43 0.00160906
85 85 0.99961500
65 65 0.01837510
65 63 0.09789800
65 64 0.02797910
65 66 0.00252739
35 35 0.94944100
35 34 0.00177453
35 36 0.00168124
74 74 0.98798200
133 133 0.99981600
138 138 0.99979400
61 62 0.00223011
61 60 0.29357400
61 59 0.34862700
61 61 0.34266800
48 49 0.00067695
48 48 0.25168500
48 47 0.00172625
125 125 0.99979000
120 120 0.99983800
33 33 0.70136500
89 90 0.00081294
89 89 0.99889600
126 126 0.99979900
118 118 0.99978300
129 129 0.99982200
131 131 0.99982000
86 86 0.99939300
135 135 0.99980700
12 12 0.99654000
45 46 0.00090523
45 44 0.10507400
45 45 0.70760300
112 112 0.99948900
19 19 0.70053500
82 82 0.99976200
101 101 0.99981200
40 40 0.13303200
40 41 0.00158767
40 39 0.00246282
44 44 0.88346400
44 43 0.09351890
44 45 0.00094920
