58 64 58 64 0.33119800
5 83 5 82 0.00057962
5 83 5 83 0.00804008
5 95 6 95 0.00050192
5 95 5 96 0.00069660
2 10 2 10 0.56612400
20 69 20 69 0.24939800
21 68 21 68 0.24944800
17 71 17 71 0.07693400
71 80 71 79 0.00145222
64 85 64 85 0.00065384
83 92 83 92 0.21567200
83 102 83 102 0.02979180
6 94 6 95 0.00102833
81 94 81 94 0.31430000
81 93 81 94 0.00075917
86 98 85 98 0.00065984
86 99 85 99 0.00055492
84 91 84 91 0.42900600
84 100 84 100 0.01514370
7 93 7 94 0.00140279
3 85 3 85 0.00716434
3 9 3 9 0.24008300
4 84 4 83 0.00229734
16 72 16 73 0.00066158
72 79 72 78 0.00064140
80 84 80 84 0.13731500
59 63 59 63 0.63725400
79 85 79 85 0.12788300
9 79 9 79 0.07783340
85 99 85 99 0.02266020
70 82 70 83 0.00055956
22 67 22 67 0.95608300
63 86 63 86 0.00512384
74 78 73 77 0.00054558
10 78 10 77 0.00190333
95 101 96 101 0.00063490
66 84 66 84 0.00073995
