44 44 0.90092825
45 45 0.90038609
78 78 0.53872591
63 63 0.64725334
59 59 0.78955785
27 27 0.94273374
88 88 0.76767487
60 60 0.78123773
71 70 0.00125628
71 71 0.68190327
93 93 0.83281391
8 8 0.11060971
77 77 0.34249437
92 92 0.57443070
147 146 0.55567799
97 97 0.75302119
5 5 0.84968073
76 76 0.45130813
135 133 0.00082835
135 136 0.00877245
135 134 0.69181062
87 87 0.71864908
146 145 0.62511692
146 144 0.00093333
26 26 0.54547668
151 150 0.83613651
102 102 0.63485267
62 62 0.41616461
55 55 0.33042921
86 86 0.61708425
10 10 0.77831292
123 122 0.33690821
123 125 0.00148906
123 121 0.00244010
123 124 0.00803726
123 123 0.33200086
124 122 0.00324549
124 125 0.00803405
124 126 0.00136818
124 124 0.22944124
124 123 0.37168258
136 134 0.00147162
136 136 0.00070264
136 135 0.68984217
136 137 0.00636615
47 47 0.84711101
138 136 0.00120922
138 140 0.00085943
138 137 0.52839050
138 139 0.00096910
46 46 0.89654266
104 104 0.66242562
58 58 0.91882705
49 49 0.90528475
128 128 0.00821393
128 127 0.67263224
128 130 0.00165805
128 129 0.00931307
74 74 0.41863017
50 50 0.23573263
20 20 0.71671151
34 34 0.33564827
89 89 0.85627028
84 84 0.75035578
31 31 0.75797358
11 11 0.84852851
25 25 0.50692237
79 79 0.73833342
39 39 0.63320096
141 139 0.00164807
141 142 0.00119093
141 140 0.20874690
99 99 0.61852924
16 16 0.51858179
112 112 0.67405713
35 35 0.00786487
29 29 0.44945036
119 121 0.00174493
119 117 0.00164617
119 120 0.00450317
119 118 0.17077598
119 119 0.12590329
30 30 0.46575658
103 103 0.66196635
2 2 0.69743682
125 126 0.00852681
125 125 0.04171025
125 123 0.00078532
125 124 0.44514651
125 127 0.00274081
38 38 0.77926538
108 109 0.00063033
108 108 0.56886660
150 149 0.80878136
100 100 0.74485917
28 28 0.80349634
127 126 0.65184685
127 128 0.00830249
127 129 0.00149538
127 127 0.01537870
72 71 0.00113682
72 72 0.91623660
101 101 0.58409957
154 153 0.92064910
67 67 0.33567203
113 112 0.00087035
113 113 0.65870185
98 98 0.69887661
140 141 0.00064806
140 142 0.00124490
140 138 0.00092599
140 139 0.43046923
13 13 0.83661762
40 40 0.59393517
91 91 0.80171906
42 42 0.73710103
139 137 0.00068248
139 138 0.70555971
139 141 0.00076354
66 66 0.42246794
51 51 0.58943538
33 33 0.81453803
73 73 0.44409324
19 19 0.40073332
133 131 0.00085053
133 134 0.01141479
133 133 0.00050255
133 132 0.82408407
105 105 0.71447706
120 121 0.00371607
120 120 0.09893811
120 122 0.00276595
120 118 0.00256626
120 119 0.10058475
106 106 0.62030000
142 141 0.62919845
142 143 0.00093826
80 80 0.58386162
36 36 0.32821694
115 116 0.00092869
115 115 0.73516053
115 114 0.00928746
121 122 0.00555319
121 120 0.11200995
121 121 0.39699329
121 119 0.00233863
121 123 0.00097118
12 12 0.86086109
111 111 0.64870333
9 9 0.43041305
14 14 0.59882860
94 94 0.75065241
41 41 0.38631291
107 107 0.64266082
152 150 0.00062349
152 151 0.83924777
143 141 0.00297699
143 142 0.61082776
82 82 0.69175389
117 117 0.63297541
117 119 0.00070786
117 116 0.09578893
117 118 0.00262749
131 132 0.01386805
131 133 0.00126964
131 129 0.00059018
131 131 0.00353960
131 130 0.32374334
32 32 0.91202121
56 56 0.00790595
149 148 0.78371692
64 64 0.44630565
65 65 0.41765929
21 21 0.84486411
109 110 0.00061957
109 109 0.85353078
126 128 0.00142168
126 125 0.52680225
126 126 0.01556601
126 127 0.01547497
22 22 0.70399662
7 7 0.73207421
85 85 0.65559951
24 24 0.41413370
52 52 0.68625676
132 132 0.00171291
132 133 0.01337829
132 131 0.81323598
132 130 0.00068504
17 17 0.39083801
83 83 0.60970370
23 23 0.29280001
70 69 0.00102217
70 70 0.63094923
68 68 0.65751605
81 81 0.74071817
69 68 0.00078311
69 69 0.73173358
3 3 0.68071683
3 2 0.00139309
75 75 0.37940263
48 48 0.97774222
114 113 0.00348057
114 115 0.00053939
114 114 0.76428736
1 1 0.95692849
37 37 0.24331810
18 18 0.39838628
144 143 0.81661123
144 142 0.00858532
118 118 0.68995959
118 119 0.00383748
118 116 0.00085851
118 117 0.13870171
118 120 0.00154720
129 128 0.54422131
129 130 0.01003376
129 129 0.00410999
129 131 0.00220288
129 127 0.00062787
153 152 0.80744109
153 151 0.00059391
4 4 0.67555501
54 54 0.26987769
110 110 0.70383185
15 15 0.41585522
95 95 0.71428729
96 96 0.93230772
148 146 0.00076310
148 147 0.67072550
137 139 0.00070557
137 135 0.00173851
137 137 0.00062485
137 138 0.00405310
137 136 0.61865191
122 124 0.00185158
122 123 0.00337395
122 122 0.45114883
122 120 0.00266520
122 121 0.23252208
6 6 0.47772021
130 132 0.00189071
130 129 0.27912586
130 130 0.00467500
130 131 0.01338444
57 57 0.33382089
90 90 0.77497425
43 43 0.78531083
134 132 0.00080082
134 135 0.01495837
134 133 0.72199282
61 61 0.52793607
116 117 0.00128765
116 116 0.69786797
116 115 0.04033391
145 143 0.00124268
145 144 0.79084909
53 53 0.78340208
