33 33 0.59045301
51 51 0.43365118
133 133 0.69447683
133 132 0.00157727
133 135 0.03734934
133 130 0.00151722
133 131 0.01346447
133 134 0.00156100
105 105 0.76659853
106 106 0.51225044
120 121 0.00997702
120 122 0.00387114
120 120 0.64581842
120 118 0.00264757
73 73 0.36962889
19 19 0.37895153
12 12 0.82073540
111 111 0.43155154
121 123 0.01178011
121 121 0.56333379
121 122 0.15926652
80 80 0.58501484
142 142 0.74224768
142 141 0.00302770
36 36 0.28888549
115 115 0.80555482
115 114 0.00095564
115 116 0.01106747
94 94 0.84374805
41 40 0.00065331
41 41 0.65204195
9 9 0.39365372
14 14 0.48547153
117 116 0.00174294
117 118 0.12419862
117 117 0.73814545
82 82 0.59570119
143 143 0.70644983
143 142 0.00797206
143 141 0.00056738
107 107 0.51930126
152 152 0.84549847
32 32 0.96512258
131 132 0.00388068
131 128 0.00248489
131 133 0.03745882
131 131 0.67874431
131 129 0.01228546
131 130 0.00310250
56 56 0.00605498
64 64 0.48372174
65 65 0.34594332
149 149 0.90726125
21 21 0.75256002
109 109 0.86208739
126 127 0.01737804
126 124 0.00656607
126 123 0.00137011
126 129 0.00063937
126 128 0.03683864
126 125 0.00473061
126 126 0.36585658
22 22 0.55299727
7 7 0.69184351
52 52 0.51772351
132 132 0.69895289
132 133 0.00186740
132 134 0.03751969
132 129 0.00209933
132 130 0.01268318
132 131 0.00222562
83 83 0.53028565
17 17 0.37944964
85 85 0.67816531
24 24 0.61445304
81 81 0.63467608
68 68 0.60166955
23 23 0.37250586
70 70 0.23217280
1 1 0.99783659
37 37 0.19306904
18 18 0.38681696
144 143 0.00120012
144 144 0.64840631
69 69 0.56370104
114 113 0.00100873
114 115 0.00296821
114 114 0.49050018
3 3 0.57537972
3 2 0.00061816
75 75 0.30296836
48 48 0.99503739
4 4 0.53955186
54 54 0.19349550
110 110 0.43870571
118 119 0.00518942
118 118 0.78806754
118 117 0.00379477
129 126 0.00263700
129 128 0.00414956
129 132 0.00097501
129 130 0.01174054
129 129 0.43506332
129 131 0.03747009
129 127 0.01193156
153 153 0.91421923
95 95 0.52900624
15 15 0.38570130
122 124 0.00857512
122 123 0.14309507
122 125 0.00069701
122 122 0.43953047
122 121 0.00162573
148 148 0.90039041
137 139 0.00338085
137 137 0.44893096
137 135 0.01257154
137 138 0.00172819
137 140 0.00222183
137 136 0.00267648
96 96 0.90183124
57 57 0.29021005
130 133 0.00071250
130 128 0.01228549
130 132 0.03719712
130 130 0.46249113
130 131 0.00786123
130 129 0.00381765
130 127 0.00276078
6 6 0.47852461
90 90 0.64486493
61 61 0.45982806
43 43 0.86243414
134 131 0.00090154
134 136 0.03491069
134 134 0.58693241
134 133 0.00148041
134 132 0.01407256
134 135 0.00166310
145 145 0.62837924
145 144 0.00103133
53 53 0.77861984
116 117 0.02056906
116 118 0.00079911
116 116 0.80597474
116 115 0.00132965
63 63 0.63681854
78 78 0.43702401
27 27 0.92775475
59 59 0.59436815
45 45 0.99473276
44 44 0.99450333
93 93 0.89389929
60 60 0.69421387
88 88 0.84882354
71 71 0.38317408
8 8 0.28281582
92 92 0.52405968
77 77 0.26506251
5 5 0.77570443
97 97 0.56152338
147 147 0.64784860
147 146 0.00060771
135 134 0.00219406
135 136 0.00195592
135 133 0.01428637
135 137 0.03271016
135 135 0.75234982
135 132 0.00059190
76 76 0.38256946
26 26 0.52093586
146 146 0.58928903
87 87 0.69136017
102 102 0.44012135
151 151 0.88129812
86 86 0.76717432
55 55 0.28970017
62 62 0.37412410
47 47 0.92446792
46 46 0.99497955
138 136 0.00647459
138 140 0.00214785
138 141 0.00173538
138 138 0.54875172
138 137 0.00263896
123 125 0.02468133
123 122 0.01591950
123 121 0.00052654
123 126 0.00054820
123 124 0.05478458
123 123 0.33352659
10 10 0.64666627
124 124 0.34323076
124 123 0.01484472
124 122 0.00655591
124 125 0.03032175
124 126 0.02638775
136 134 0.01338829
136 136 0.48722132
136 139 0.00130745
136 137 0.00197878
136 135 0.00248096
136 138 0.01696403
58 58 0.99832354
74 74 0.32554157
128 129 0.01354005
128 131 0.00111661
128 130 0.03742149
128 127 0.00443420
128 126 0.01024204
128 128 0.37557259
128 125 0.00271685
49 49 0.99519178
104 104 0.47329676
34 34 0.28852441
31 31 0.71839144
84 84 0.85356723
89 89 0.93377328
20 20 0.58902365
50 50 0.50112587
39 40 0.00085381
39 39 0.51326202
25 25 0.30935787
11 11 0.80598003
79 79 0.59998050
103 103 0.55684540
30 30 0.44162831
2 3 0.00066818
2 2 0.51983962
125 125 0.35470897
125 128 0.00055104
125 122 0.00118226
125 126 0.01880404
125 127 0.03670603
125 124 0.00546793
125 123 0.00701377
35 35 0.00602947
16 16 0.45662288
112 112 0.50520721
141 143 0.00258770
141 139 0.00086668
141 141 0.69044390
99 99 0.52713022
119 117 0.00102124
119 120 0.00574182
119 118 0.00761218
119 119 0.63519891
29 29 0.37194741
150 150 0.92094653
108 108 0.45216680
38 39 0.00050225
38 38 0.78376115
101 101 0.51714246
127 130 0.00122692
127 129 0.03695680
127 127 0.77110203
127 124 0.00162886
127 126 0.00410698
127 128 0.01561479
127 125 0.00997928
72 72 0.83315563
100 100 0.58164409
28 28 0.67714777
98 98 0.54381804
113 114 0.00198969
113 113 0.54653968
67 68 0.00059559
67 67 0.50123790
40 41 0.00065855
40 39 0.00076114
40 40 0.45674910
13 13 0.82405303
140 140 0.34061912
140 138 0.00059080
139 141 0.00168779
139 142 0.00088697
139 139 0.52213783
139 137 0.00105205
139 138 0.00131234
66 66 0.62063331
66 67 0.00053358
91 91 0.65934664
42 42 0.81959915
