4 4 0.55668785
110 110 0.53714204
54 54 0.19349722
129 126 0.00361690
129 128 0.00304196
129 130 0.00101928
129 129 0.26028241
129 131 0.00067564
129 127 0.01427985
118 120 0.00054516
118 117 0.00543319
118 119 0.00992846
118 118 0.76960397
153 153 0.91480052
1 1 0.99791988
37 37 0.19307073
18 18 0.35523710
144 144 0.66105831
69 69 0.86734274
69 70 0.00064779
69 68 0.00111386
114 113 0.00099930
114 114 0.64967998
114 115 0.00420620
48 48 0.99504056
75 75 0.35032909
3 3 0.58270165
68 67 0.00071480
68 69 0.00074095
68 68 0.61349657
81 81 0.63146061
70 71 0.00053913
70 69 0.00127769
70 70 0.54297891
23 23 0.37464445
52 52 0.51772690
132 134 0.00091418
132 130 0.00106833
132 131 0.00081440
132 132 0.78007694
17 17 0.34737465
83 83 0.58828108
85 85 0.62575458
24 24 0.61599711
53 53 0.77862300
145 145 0.50723195
116 116 0.90529765
116 115 0.00188470
116 118 0.00078778
116 117 0.02888439
61 61 0.46099961
43 43 0.86243733
134 131 0.00102792
134 134 0.66124714
134 136 0.00089380
134 132 0.01653941
134 135 0.00057480
57 57 0.29059708
6 6 0.40865263
130 127 0.00331804
130 130 0.30076974
130 131 0.00132009
130 128 0.01478479
130 132 0.00072083
90 90 0.88486679
15 15 0.35208987
95 95 0.53607472
148 148 0.89581233
122 124 0.00344596
122 123 0.17682902
122 122 0.51330241
122 121 0.01306389
137 136 0.00088822
137 135 0.01459188
137 137 0.45643331
96 96 0.90398293
94 94 0.89078529
41 40 0.00065332
41 41 0.65204509
9 9 0.41732112
14 14 0.49565685
111 111 0.53274389
12 12 0.84730766
121 123 0.00409671
121 122 0.20219911
121 120 0.00152425
121 121 0.56314149
80 80 0.45683336
142 142 0.67661392
36 36 0.28888964
115 116 0.01659609
115 115 0.86150696
115 114 0.00109458
133 131 0.01603784
133 133 0.75621412
133 135 0.00094909
105 105 0.74847299
106 106 0.52801889
120 121 0.16815659
120 120 0.61079988
120 122 0.00497672
120 118 0.00265088
120 119 0.00159405
73 73 0.40991763
19 19 0.34776855
33 33 0.62392713
51 51 0.43365435
126 126 0.49211046
126 128 0.00062674
126 125 0.00480155
126 123 0.00131890
126 127 0.00657138
126 124 0.00931577
7 7 0.70232591
22 22 0.56585899
64 64 0.52730125
65 65 0.38675120
149 149 0.90486418
21 21 0.76537105
109 109 0.85932795
32 32 0.99602180
131 133 0.00083474
131 128 0.00298773
131 132 0.00090475
131 129 0.00121151
131 131 0.77713107
56 56 0.00606048
117 116 0.00261423
117 118 0.12245108
117 117 0.78252356
143 142 0.00071671
143 141 0.00058006
143 143 0.71580704
82 82 0.63235140
107 107 0.53733607
152 152 0.84598314
150 150 0.91905370
108 108 0.46978394
38 39 0.00050226
38 38 0.78376452
30 30 0.44266156
103 103 0.66617426
2 2 0.52737036
125 122 0.00062893
125 125 0.43477611
125 126 0.00901460
125 124 0.00989015
125 127 0.00086269
125 123 0.00742639
35 35 0.00603488
112 112 0.59856556
16 16 0.43072613
99 99 0.60369369
141 141 0.71319441
119 120 0.01122989
119 117 0.00143880
119 121 0.00447114
119 119 0.64435928
119 118 0.00830986
29 29 0.37327372
39 39 0.51326517
39 40 0.00085382
25 25 0.31169671
11 11 0.83130553
79 79 0.61596052
34 34 0.28890627
31 31 0.71910585
84 84 0.87649808
89 89 0.96656560
20 20 0.60205540
50 50 0.50112904
139 139 0.50014385
139 137 0.00114197
66 67 0.00065200
66 66 0.73320327
91 91 0.82509928
42 42 0.81960218
40 40 0.45675241
40 39 0.00076115
40 41 0.00065856
13 13 0.82987268
140 140 0.33598829
140 138 0.00063790
98 98 0.55923638
113 113 0.47340356
113 114 0.00227829
67 66 0.00050161
67 68 0.00073563
67 67 0.50221309
101 101 0.55476497
72 72 0.83549539
72 71 0.00084880
127 129 0.00053393
127 127 0.80115569
127 124 0.00205666
127 126 0.00394086
127 128 0.00384850
127 125 0.01342630
28 28 0.67984395
100 100 0.58961225
5 5 0.78331504
97 97 0.60129953
147 147 0.65242856
135 134 0.00060814
135 136 0.00067893
135 133 0.01667699
135 132 0.00064525
135 135 0.75541080
135 137 0.00084417
146 146 0.58610941
87 87 0.58006308
26 26 0.52352239
76 76 0.36743433
8 8 0.27873710
92 92 0.68157070
77 77 0.32244471
93 93 0.96977865
60 60 0.72443762
88 88 0.89820016
71 71 0.69860585
71 70 0.00141290
63 63 0.63949402
78 78 0.44893577
59 59 0.62771362
27 27 0.93026619
45 45 0.99473592
44 44 0.99450632
58 58 0.99958748
128 130 0.00055763
128 127 0.00355939
128 126 0.01391290
128 125 0.00369589
128 128 0.45082509
74 74 0.35443045
49 49 0.99519511
104 104 0.65670699
47 47 0.92447125
46 46 0.99498272
138 138 0.56678768
138 137 0.00067370
138 136 0.00738483
123 123 0.34037899
123 124 0.13163504
123 121 0.00526490
123 122 0.01375709
123 125 0.00134687
10 10 0.67686639
136 136 0.54006370
136 134 0.01559490
136 133 0.00052081
136 135 0.00082895
136 137 0.00058128
124 123 0.01594134
124 124 0.40688873
124 126 0.00103678
124 125 0.02370563
124 122 0.00583035
86 86 0.75533520
55 55 0.28970443
62 62 0.37548333
102 102 0.75917263
151 151 0.88342464
