153 153 0.99997700
29 29 0.99998400
70 70 0.99995200
11 11 0.99997300
97 97 0.32084200
3 3 0.99988200
110 110 0.39486800
144 144 0.99998600
118 118 0.62606700
78 78 0.99039200
6 6 0.07043680
45 45 0.99997700
52 52 0.99973200
129 129 0.36645000
98 98 0.93740300
16 16 0.40612700
26 26 0.83282900
119 119 0.63584100
142 142 0.99997400
125 125 0.97130700
15 15 0.30576500
68 68 0.99998300
65 65 0.99996000
99 99 0.98244000
127 127 0.84677700
30 30 0.89743500
61 61 0.99996200
48 48 0.99998600
126 126 0.92558600
94 94 0.39158100
154 154 0.99993100
36 36 0.99998600
77 77 0.99997700
1 1 0.92019700
82 82 0.55806500
120 120 0.14498500
54 54 0.99975100
148 148 0.99995000
59 59 0.99997500
24 24 0.84778900
55 55 0.99978300
139 139 0.99996300
71 71 0.99979900
23 23 0.93512700
133 133 0.99997600
8 8 0.30576500
66 66 0.99994900
146 146 0.99997600
137 137 0.99996200
103 103 0.27735700
5 5 0.30012800
58 58 0.99997100
134 134 0.99995800
19 19 0.40772200
22 22 0.93342900
135 135 0.99992200
37 37 0.99998500
44 44 0.99998400
40 40 0.99998900
128 128 0.84705300
152 152 0.99996900
34 34 0.91261000
145 145 0.99998600
72 72 0.99939700
85 85 0.02014830
46 46 0.99997600
79 79 0.93531100
114 114 0.02014760
63 63 0.99998400
150 150 0.99981000
57 57 0.99984000
21 21 0.99993800
83 83 0.50028900
41 41 0.99998600
49 49 0.99998200
20 20 0.99995000
113 113 0.28783000
155 155 0.99966600
131 131 0.71408700
43 43 0.99998700
109 109 0.33192900
50 50 0.99996900
75 75 0.99978200
14 14 0.31644900
130 130 0.82280400
73 73 0.99941300
112 112 0.39281100
124 124 0.97133000
42 42 0.99998700
140 140 0.99995300
74 74 0.99976400
12 12 0.99998400
2 2 0.89541200
39 39 0.99997800
35 35 0.93044800
86 86 0.28783100
100 100 0.98244400
121 121 0.58432100
76 76 0.99995200
13 13 0.99998900
101 101 0.98240200
62 62 0.99996800
67 67 0.99996000
157 157 0.99995000
18 18 0.30013000
64 64 0.99998300
107 107 0.99153000
116 116 0.78543900
136 136 0.99995600
122 122 0.48971600
90 90 0.34037700
117 117 0.42190900
38 38 0.99997800
111 111 0.06730500
147 147 0.99988900
104 104 0.29199000
7 7 0.40612800
25 25 0.72334300
149 149 0.99989400
151 151 0.99990100
17 17 0.07044130
60 60 0.99994500
4 4 0.40772000
28 28 0.91516900
47 47 0.99998600
88 88 0.06729950
95 95 0.39360500
84 84 0.45158500
102 102 0.98233200
105 105 0.39360400
32 32 0.83882000
87 87 0.39280900
51 51 0.99986300
156 156 0.99970900
69 69 0.99998000
56 56 0.99983200
31 31 0.85760700
9 9 0.34553500
81 81 0.99357300
91 91 0.38902800
10 10 0.97088000
89 89 0.39486600
93 93 0.99142700
132 132 0.52882400
27 27 0.91712400
123 123 0.97796700
106 106 0.39158800
92 92 0.99149000
138 138 0.99997600
143 143 0.99998800
141 141 0.99988900
108 108 0.38057900
53 53 0.99970700
80 80 0.99376900
96 96 0.29602700
115 115 0.85595100
33 33 0.85228000
