5 3 0.03490250
5 5 0.68886021
5 4 0.07240847
5 7 0.00149305
5 2 0.00812515
5 6 0.12010084
80 75 0.00068993
80 85 0.00368240
80 73 0.00130814
80 77 0.02192524
80 84 0.00409493
80 78 0.00434551
80 80 0.18789975
80 76 0.00423353
80 83 0.07444458
80 74 0.00136826
80 81 0.02601913
80 79 0.34976566
45 47 0.01866347
45 44 0.03777902
45 48 0.05653500
45 45 0.02163273
117 117 0.63941390
101 102 0.00250272
101 100 0.00062111
101 101 0.72595336
101 98 0.00645135
101 99 0.00514743
89 87 0.06108032
89 83 0.00157715
89 86 0.00214782
89 92 0.00818817
89 88 0.07105512
89 89 0.30658662
89 93 0.01224943
89 82 0.00128234
89 91 0.00059416
89 90 0.02091038
89 84 0.00776092
41 39 0.00110134
41 42 0.00054626
41 41 0.44605116
41 43 0.01948648
41 44 0.04101133
41 40 0.08028243
132 132 0.94785848
97 94 0.00230915
97 96 0.00065194
97 95 0.00701592
97 97 0.47003675
97 98 0.00148413
47 49 0.01949701
47 50 0.00549447
47 46 0.08405853
47 45 0.00178218
47 47 0.28187339
116 116 0.86632344
44 47 0.05608833
44 43 0.00226689
44 44 0.40203875
44 46 0.01976255
37 39 0.03144860
37 41 0.00051448
37 36 0.00365214
37 37 0.41339952
37 40 0.04689338
37 35 0.00091815
37 38 0.00261410
115 115 0.81305171
72 73 0.00122132
72 69 0.00720176
72 77 0.02432780
72 75 0.00181745
72 71 0.18460699
72 70 0.16922732
72 72 0.07345063
72 74 0.00347162
72 68 0.09871779
50 47 0.00051031
50 48 0.34959612
50 50 0.30154553
50 52 0.01861082
50 53 0.05804800
50 49 0.05688971
99 99 0.72149084
99 100 0.00079906
99 97 0.00667800
99 96 0.01290203
12 12 0.68661886
12 14 0.07551840
12 13 0.00817575
12 10 0.01570477
12 11 0.02249105
12 9 0.00097110
13 11 0.01645381
13 10 0.00123691
13 15 0.00325896
13 13 0.71443911
13 12 0.02002652
13 14 0.00455432
29 29 0.62364837
29 30 0.00079369
29 28 0.00333844
29 31 0.01136120
29 27 0.00182406
71 72 0.00136937
71 70 0.16245172
71 76 0.04463900
71 74 0.00211257
71 68 0.01334680
71 67 0.00512172
71 73 0.00221694
71 69 0.16245471
71 71 0.14075366
105 106 0.00649522
105 102 0.00534280
105 105 0.42534449
82 81 0.32968076
82 83 0.03349124
82 76 0.00659565
82 87 0.00144491
82 86 0.01912730
82 88 0.00086468
82 79 0.00285529
82 82 0.16904578
82 84 0.00050474
82 80 0.01105419
82 77 0.03359933
82 85 0.07293063
113 113 0.64457006
127 131 0.00147514
127 126 0.00176600
127 129 0.00072170
127 128 0.00055460
127 127 0.97675855
118 118 0.75196406
70 72 0.00089229
70 70 0.15799340
70 68 0.08692167
70 67 0.01145804
70 73 0.00226932
70 69 0.13902714
70 66 0.07444148
70 71 0.00160757
70 75 0.00783753
120 120 0.75949773
123 122 0.00100758
123 123 0.77743548
123 125 0.00058655
123 127 0.00150777
123 124 0.00165330
68 64 0.00449393
68 70 0.00147157
68 68 0.28310137
68 67 0.10471674
68 73 0.02631503
68 69 0.00254492
68 65 0.06309274
68 66 0.22958934
68 71 0.07598201
74 73 0.21989696
74 77 0.01610204
74 69 0.00383152
74 75 0.00365975
74 71 0.01368046
74 70 0.09260606
74 79 0.00170138
74 72 0.22617969
74 76 0.00796536
74 74 0.20884682
74 68 0.00214536
129 131 0.00078466
129 129 0.99128250
129 128 0.00082876
57 57 0.17903422
57 60 0.06340533
57 55 0.06191585
57 56 0.08024236
57 59 0.01555133
57 61 0.00113382
90 89 0.15991215
90 88 0.08486038
90 92 0.00074082
90 86 0.00375398
90 83 0.00076456
90 87 0.00229906
90 85 0.00131752
90 84 0.00351950
90 90 0.18595675
90 94 0.00390503
90 91 0.02551746
90 93 0.02540343
73 68 0.00128909
73 74 0.00137022
73 76 0.07407050
73 70 0.01038753
73 72 0.19529191
73 75 0.00667240
73 71 0.22660943
73 69 0.11440919
73 78 0.00246396
73 73 0.12868233
107 107 0.66523712
107 104 0.00254306
64 64 0.31824348
64 61 0.04444113
64 63 0.07027824
64 68 0.00112029
64 67 0.07664594
64 69 0.03271186
64 65 0.00096496
64 66 0.00256979
64 62 0.00605043
100 98 0.00588656
100 101 0.00157299
100 97 0.00518447
100 100 0.65549181
94 93 0.02171442
94 94 0.43389091
94 97 0.00080574
94 95 0.01541255
94 87 0.00104484
94 92 0.06879735
94 88 0.00779115
86 87 0.05106991
86 83 0.00161887
86 81 0.00103598
86 88 0.00166838
86 89 0.06211303
86 86 0.21344001
86 92 0.00061830
86 84 0.03034812
86 85 0.39834341
86 90 0.01648310
4 4 0.68976506
4 1 0.00412062
4 6 0.00131136
4 2 0.02236602
4 5 0.12157211
4 3 0.06245118
54 51 0.00208456
54 57 0.06056300
54 56 0.01812865
54 53 0.04719233
54 54 0.34736351
54 58 0.00057194
54 52 0.00600204
121 121 0.60740898
121 122 0.00176985
19 18 0.00103163
19 16 0.00124969
19 17 0.00057661
19 21 0.06700208
19 19 0.76670028
34 36 0.05201434
34 35 0.00348297
34 34 0.68482459
34 37 0.02673750
34 32 0.00318349
34 33 0.05246283
112 112 0.67474299
46 49 0.05699733
46 46 0.27904245
46 45 0.00419973
46 48 0.01866810
46 44 0.04062805
102 101 0.00066221
102 99 0.00904749
102 103 0.00172038
102 100 0.00503403
102 102 0.89229889
8 5 0.00964108
8 9 0.10787364
8 10 0.00106332
8 8 0.65058918
8 7 0.06698683
8 6 0.02697256
63 67 0.00201029
63 60 0.00263526
63 66 0.07683173
63 65 0.00314612
63 62 0.06148931
63 64 0.00052790
63 61 0.00685539
63 63 0.31827298
63 68 0.02961046
6 5 0.01848895
6 3 0.00189241
6 6 0.62967757
6 8 0.00077204
6 4 0.03096648
6 7 0.12583651
2 3 0.09950891
2 1 0.01380976
2 2 0.82028952
1 1 0.86347333
1 2 0.09978285
36 34 0.00245414
36 35 0.00385003
36 37 0.00071519
36 38 0.04708978
36 36 0.46112253
36 39 0.03159910
128 127 0.00097641
128 130 0.00066708
128 128 0.93619367
128 132 0.00070112
110 110 0.64714063
110 111 0.00056525
24 22 0.00102669
24 26 0.07597290
24 24 0.89564435
24 25 0.00081431
24 21 0.00465766
51 50 0.05254318
51 53 0.01832953
51 54 0.05856800
51 49 0.35719550
51 51 0.38640216
51 48 0.00113855
48 50 0.01922795
48 47 0.27989095
48 51 0.04262133
48 48 0.28878821
48 46 0.05858658
7 6 0.01986552
7 4 0.00108608
7 8 0.06212903
7 7 0.66563966
7 5 0.02377362
98 98 0.64964958
98 99 0.00085900
98 96 0.01107001
98 95 0.01266485
61 59 0.01797871
61 58 0.00369828
61 63 0.00929810
61 64 0.06981000
61 61 0.32960863
61 62 0.00157771
61 65 0.00236854
61 66 0.02503577
61 60 0.05595492
61 67 0.00051298
58 60 0.01424477
58 57 0.06239636
58 62 0.00134074
58 58 0.25866237
58 63 0.00149494
58 61 0.06439067
58 56 0.15384095
58 55 0.00515518
81 85 0.00185358
81 84 0.06494945
81 78 0.00749173
81 80 0.27663789
81 77 0.00197428
81 82 0.02223636
81 79 0.00797744
81 86 0.00304683
81 83 0.00139327
81 74 0.00191123
81 76 0.11327504
81 81 0.19830393
69 66 0.04291028
69 65 0.13047767
69 71 0.00209653
69 67 0.19934722
69 69 0.10063985
69 74 0.00126113
69 68 0.12167272
69 72 0.00200630
69 70 0.00252905
126 125 0.00185270
126 130 0.00159004
126 128 0.00101117
126 127 0.00112467
126 126 0.82346771
85 82 0.00161359
85 91 0.00166421
85 80 0.00118344
85 84 0.42001369
85 85 0.20172422
85 83 0.02381542
85 87 0.00171751
85 88 0.06606736
85 89 0.01679193
85 86 0.05666935
75 70 0.01149745
75 72 0.03275270
75 76 0.00872105
75 74 0.22232708
75 73 0.19302953
75 78 0.00666753
75 69 0.00329705
75 77 0.00851834
75 80 0.00118014
75 75 0.21314781
75 71 0.06577265
91 93 0.00127688
91 94 0.00812257
91 91 0.30402275
91 95 0.00237589
91 90 0.15432264
91 84 0.00155883
91 85 0.00074985
91 87 0.00308915
91 92 0.02475425
91 86 0.02742373
91 88 0.00477005
91 89 0.08976570
27 29 0.06700115
27 27 0.78219000
27 28 0.00321825
27 24 0.00056266
27 25 0.00098945
130 130 0.91350569
42 44 0.01967663
42 40 0.01163163
42 45 0.00444190
42 42 0.44528266
42 41 0.27043153
25 25 0.70303533
25 27 0.01108955
25 22 0.00213780
25 26 0.00249281
23 21 0.00135933
23 24 0.00341909
23 23 0.88239564
23 25 0.07582681
23 20 0.00646925
95 93 0.05860210
95 94 0.00599747
95 95 0.16828682
95 96 0.00167165
95 89 0.00358330
96 96 0.35703059
96 95 0.00096510
96 97 0.00889083
96 94 0.00394202
96 93 0.00124154
3 3 0.71077309
3 5 0.00072715
3 2 0.02334903
3 1 0.01488069
3 4 0.10879534
122 122 0.71910606
122 126 0.00150770
122 121 0.00112077
122 123 0.00162960
43 41 0.03845875
43 42 0.04859806
43 46 0.05602967
43 45 0.01944068
43 43 0.31266736
52 51 0.04239164
52 49 0.00191893
52 54 0.01771914
52 55 0.05898667
52 50 0.36330395
52 52 0.27073414
16 14 0.01539094
16 15 0.01479001
16 13 0.03068990
16 16 0.63398024
16 18 0.00287868
18 16 0.00322359
18 18 0.42251718
18 17 0.00805251
18 14 0.00096758
18 15 0.00094871
18 20 0.01089497
125 127 0.00088543
125 124 0.00168917
125 125 0.84466698
125 129 0.00134319
125 126 0.00133178
76 71 0.01505337
76 75 0.21050220
76 77 0.00645094
76 78 0.00280168
76 69 0.00067017
76 80 0.00105406
76 73 0.04690110
76 81 0.00990930
76 76 0.15082119
76 74 0.03172087
76 72 0.00608993
76 79 0.07321693
76 70 0.00127997
67 68 0.00139801
67 64 0.00548309
67 72 0.04153667
67 70 0.07664739
67 63 0.07947894
67 66 0.07639433
67 65 0.21365638
67 67 0.29335654
67 69 0.00137888
84 78 0.00082651
84 84 0.05973316
84 85 0.05347595
84 90 0.00234415
84 82 0.01753550
84 79 0.03921519
84 88 0.01797270
84 86 0.00106788
84 87 0.08945004
84 83 0.37390562
84 81 0.00138821
78 83 0.01198970
78 76 0.00989073
78 74 0.00298425
78 81 0.05214603
78 79 0.02010304
78 72 0.00077645
78 82 0.01901198
78 75 0.04092485
78 71 0.00426320
78 73 0.00757932
78 80 0.00074057
78 77 0.38777478
78 78 0.18669914
65 67 0.00176026
65 62 0.07330788
65 65 0.32440908
65 63 0.01745557
65 70 0.03743633
65 64 0.06467198
65 61 0.00187203
65 68 0.07674337
30 28 0.00257901
30 31 0.00498455
30 29 0.00560567
30 30 0.51611125
30 32 0.07761416
30 33 0.00068065
88 83 0.04530327
88 87 0.28992931
88 88 0.29422868
88 89 0.03899408
88 86 0.05179216
88 92 0.01413017
88 91 0.01138703
88 85 0.00237589
88 90 0.00084314
53 56 0.06005233
53 53 0.27116463
53 55 0.01843493
53 52 0.00578511
53 50 0.00383948
53 51 0.08873344
55 57 0.01706899
55 58 0.06172000
55 55 0.37407087
55 54 0.02121253
55 53 0.01575328
55 59 0.00067259
56 53 0.00477026
56 55 0.00570527
56 54 0.00199362
56 59 0.06222700
56 56 0.25124517
56 58 0.01654917
56 60 0.00081129
33 36 0.02427630
33 31 0.00200748
33 32 0.02501785
33 35 0.05439277
33 34 0.00610692
33 33 0.41393848
77 75 0.01141306
77 82 0.00889537
77 71 0.00374736
77 80 0.00969749
77 77 0.20918737
77 78 0.01250855
77 73 0.00502658
77 76 0.30287994
77 74 0.12028836
77 81 0.00781312
77 79 0.00265414
77 70 0.00343124
77 72 0.01867614
131 131 0.63648996
31 29 0.00314428
31 34 0.00314168
31 30 0.00808013
31 32 0.00920233
31 33 0.07554389
31 31 0.80403794
111 111 0.42011988
104 101 0.00671347
104 104 0.68103781
104 102 0.00181805
104 105 0.00785537
106 107 0.00077110
106 106 0.62268841
106 103 0.00083644
39 38 0.00409910
39 37 0.00089126
39 40 0.00066397
39 39 0.37348239
39 42 0.05174200
39 41 0.02653459
60 57 0.00339976
60 60 0.17647641
60 66 0.00055667
60 65 0.01761537
60 62 0.01557293
60 61 0.00141611
60 64 0.00192873
60 63 0.06710700
60 58 0.00467948
60 59 0.04925377
114 114 0.79149588
35 35 0.51538078
35 34 0.00505257
35 37 0.04940124
35 33 0.00103721
35 38 0.02919080
35 36 0.00274477
20 17 0.00605085
20 18 0.00143983
20 20 0.44355360
20 22 0.03747997
20 19 0.00253502
40 41 0.00381745
40 42 0.02205773
40 39 0.00332209
40 40 0.29067881
40 43 0.00361530
62 63 0.00084606
62 61 0.05634920
62 64 0.00493277
62 59 0.07065946
62 60 0.04153683
62 67 0.02662967
62 62 0.32482587
62 66 0.00271711
62 65 0.07399829
109 110 0.00060651
109 109 0.79533595
10 6 0.00068770
10 12 0.00354413
10 10 0.64804281
10 8 0.00939368
10 7 0.03610054
10 11 0.03036236
10 9 0.02358618
92 96 0.00155679
92 95 0.00507740
92 90 0.07798449
92 91 0.16187572
92 94 0.00054203
92 93 0.03380192
92 89 0.00375765
92 88 0.00375960
92 86 0.02789970
92 92 0.29544794
92 87 0.00896076
119 119 0.77967674
124 126 0.00071407
124 124 0.84673748
124 123 0.00143059
124 125 0.00161914
124 128 0.00142304
14 13 0.01876529
14 15 0.00308733
14 14 0.74062725
14 12 0.01443909
14 16 0.00333903
14 11 0.03859678
87 86 0.34649824
87 88 0.04769604
87 89 0.00100924
87 87 0.23618708
87 90 0.05463574
87 84 0.00201358
87 85 0.05039041
87 93 0.00059744
87 82 0.00200255
87 91 0.01504761
28 27 0.00078966
28 28 0.87478090
28 26 0.00210576
28 29 0.00628548
28 30 0.01173336
38 38 0.49307090
38 40 0.02875462
38 37 0.05063740
38 41 0.04935901
38 36 0.00206589
38 39 0.00056413
38 42 0.00052843
93 88 0.00179307
93 89 0.00235719
93 86 0.00241668
93 92 0.09347888
93 87 0.01489030
93 90 0.00369410
93 96 0.00369877
93 93 0.46060599
93 94 0.00970321
93 91 0.11536560
9 11 0.00601024
9 9 0.64882383
9 6 0.02132837
9 8 0.02811049
9 10 0.04494147
9 7 0.03192865
22 20 0.00159281
22 22 0.83728932
22 19 0.01494291
22 24 0.07582189
22 23 0.00236604
22 21 0.00056189
26 23 0.00094868
26 28 0.03784955
26 24 0.00072451
26 26 0.79875562
66 67 0.00096400
66 69 0.07666589
66 65 0.07858165
66 66 0.32402871
66 71 0.03967633
66 62 0.02581843
66 64 0.05028023
66 63 0.11009653
66 68 0.00126189
108 108 0.92437169
108 105 0.00136838
79 78 0.37009038
79 84 0.00060230
79 77 0.00444370
79 80 0.02492948
79 75 0.00131514
79 82 0.00626601
79 79 0.18670713
79 76 0.02526616
79 83 0.00488840
79 74 0.00092747
15 11 0.00090700
15 12 0.00118836
15 14 0.02535665
15 17 0.00319875
15 15 0.70645492
15 13 0.00527081
15 16 0.00162641
32 31 0.01069836
32 33 0.00095956
32 34 0.07327348
32 35 0.00558338
32 30 0.00400450
32 32 0.68404321
11 9 0.01649026
11 11 0.66892332
11 8 0.00131799
11 10 0.02266884
11 7 0.00129941
11 12 0.01046877
11 13 0.01557203
21 23 0.01133228
21 21 0.54236809
21 18 0.01239321
21 20 0.00090126
21 19 0.00188069
21 22 0.00071012
103 103 0.76733125
103 101 0.00493713
103 104 0.00760596
103 102 0.00096343
103 100 0.00190231
17 19 0.00983597
17 16 0.01289375
17 15 0.00263739
17 14 0.11904767
17 17 0.63474139
49 52 0.00674137
49 49 0.30675351
49 47 0.15096274
49 51 0.01896077
49 48 0.07825102
59 57 0.03455663
59 60 0.00131643
59 65 0.00056077
59 62 0.06696167
59 64 0.00879187
59 61 0.01484277
59 58 0.04292675
59 63 0.00186055
59 59 0.28399844
59 56 0.08829658
83 78 0.00117859
83 84 0.04817299
83 77 0.00200761
83 80 0.00150309
83 82 0.39071329
83 89 0.00252467
83 86 0.09221045
83 83 0.19638469
83 87 0.01819807
83 76 0.00670827
83 81 0.01693086
