58 55 0.00229335
58 56 0.34724014
58 59 0.15350150
58 61 0.03671367
58 64 0.00213207
58 58 0.04242539
58 63 0.00078046
58 62 0.01632104
58 57 0.15385784
58 60 0.03925928
7 5 0.00154534
7 9 0.00855516
7 8 0.00744266
7 4 0.00114151
7 7 0.71803224
7 6 0.04828637
61 67 0.01004071
61 60 0.06548615
61 66 0.00309614
61 65 0.02856024
61 62 0.16186654
61 64 0.05563558
61 61 0.03417641
61 63 0.01546540
61 54 0.00106682
61 59 0.07127523
98 99 0.00772288
98 101 0.79195145
98 98 0.00345392
98 100 0.00075975
98 102 0.00361807
81 89 0.00099201
81 88 0.00062738
81 86 0.03448723
81 76 0.00711896
81 83 0.03722992
81 87 0.00858232
81 81 0.01080884
81 85 0.00311094
81 80 0.00881068
81 77 0.00213052
81 84 0.20212182
81 78 0.00124986
81 82 0.44970520
51 51 0.12752671
51 54 0.03589138
51 53 0.01920149
51 49 0.51801713
51 52 0.11915848
51 50 0.04502550
48 49 0.10489760
48 50 0.01377206
48 46 0.09241289
48 48 0.16793866
48 51 0.02912245
48 47 0.36894764
1 3 0.00327193
1 2 0.02183441
1 4 0.00068154
1 1 0.92127924
128 131 0.78651748
24 22 0.00101490
24 26 0.03884930
24 21 0.00502225
24 25 0.00050759
24 24 0.94076762
110 113 0.59396760
36 37 0.00550229
36 35 0.00366206
36 34 0.00177760
36 38 0.02652179
36 39 0.01580110
36 36 0.29437152
63 68 0.00164108
63 63 0.03250448
63 64 0.07223876
63 61 0.01896488
63 62 0.01116461
63 65 0.01322993
63 66 0.05331167
63 69 0.01373487
63 67 0.03312755
8 6 0.00126910
8 7 0.09471544
8 10 0.00300350
8 8 0.74667270
8 9 0.02357461
8 5 0.01289032
2 2 0.88823873
2 1 0.03160984
2 4 0.00382686
2 3 0.02004008
2 5 0.00099857
6 8 0.00826447
6 4 0.00936384
6 7 0.03111109
6 6 0.69117667
6 5 0.02674983
6 9 0.00162690
6 3 0.00092475
121 125 0.00368357
121 128 0.00070493
121 124 0.78278730
19 21 0.03331201
19 16 0.00058153
19 19 0.68009046
112 115 0.68611647
34 36 0.02894807
34 33 0.06462260
34 34 0.55252316
34 35 0.00395685
34 37 0.01337249
34 32 0.00303730
46 47 0.10818653
46 46 0.11629646
46 45 0.00613736
46 44 0.07948450
46 48 0.00710920
46 49 0.02465014
102 106 0.00424540
102 103 0.00283417
102 105 0.62962515
86 93 0.00211577
86 91 0.00315816
86 90 0.00462049
86 84 0.00051114
86 85 0.00304745
86 87 0.32352658
86 83 0.06314826
86 86 0.00331981
86 92 0.00506438
86 88 0.11039684
86 89 0.23933987
4 3 0.08148390
4 5 0.02808141
4 1 0.00456366
4 4 0.77883679
4 7 0.00211957
4 2 0.01205100
4 6 0.00806242
54 51 0.00075229
54 57 0.02692603
54 52 0.01560142
54 53 0.06287686
54 54 0.05979637
54 55 0.12667657
54 56 0.02530808
100 103 0.95324002
100 101 0.00733256
100 104 0.01075215
100 102 0.00116363
100 100 0.00119404
94 94 0.00066075
94 95 0.01480080
94 96 0.00159085
94 97 0.53668708
64 67 0.05266595
64 57 0.00061931
64 69 0.00134835
64 66 0.01344027
64 65 0.10456034
64 62 0.07052469
64 64 0.03164986
64 61 0.00074082
64 63 0.02357388
64 70 0.01581445
64 68 0.03352881
73 73 0.08826989
73 69 0.00099536
73 77 0.00719241
73 71 0.00991798
73 75 0.02132048
73 72 0.33750920
73 70 0.09632895
73 79 0.00072018
73 74 0.15262542
73 76 0.05334134
73 68 0.00197244
129 132 0.97352668
90 93 0.47005932
90 91 0.13704278
90 94 0.00614791
90 85 0.00076761
90 90 0.00269166
90 96 0.00179070
90 87 0.02510744
90 88 0.00283165
90 89 0.00399009
90 92 0.11355615
90 86 0.00408640
57 58 0.14604575
57 61 0.01085252
57 56 0.09755539
57 59 0.03208731
57 55 0.07183974
57 60 0.03336610
57 57 0.04720567
107 110 0.62734981
107 111 0.00068857
120 123 0.83126245
120 127 0.00074682
120 124 0.00383961
70 72 0.01260590
70 70 0.06472508
70 68 0.02741031
70 74 0.00280344
70 76 0.01473108
70 67 0.00661456
70 69 0.32395787
70 73 0.05000963
70 71 0.08121917
118 122 0.00380602
118 121 0.79232688
127 130 0.81007322
68 71 0.05024863
68 65 0.13604696
68 66 0.06202830
68 69 0.15221220
68 67 0.30007960
68 68 0.05857071
68 74 0.00053860
68 70 0.01459389
68 72 0.00185119
74 74 0.09192559
74 76 0.02939583
74 81 0.00074388
74 70 0.00142559
74 79 0.00541976
74 72 0.00957232
74 75 0.18159193
74 71 0.07102610
74 73 0.39105640
74 77 0.03551326
74 78 0.00481926
74 69 0.00330174
123 127 0.00186718
123 130 0.00079038
123 125 0.00089951
123 126 0.78277981
82 90 0.00072096
82 85 0.14412534
82 84 0.02873432
82 78 0.00089561
82 82 0.00889058
82 86 0.00377422
82 89 0.00062863
82 88 0.00691510
82 79 0.04249052
82 81 0.00773606
82 87 0.02563456
82 83 0.36729987
113 116 0.72632958
29 30 0.00095481
29 29 0.60829094
29 31 0.00766946
29 27 0.00169149
29 28 0.00372713
71 71 0.06415963
71 75 0.00417929
71 77 0.00730020
71 69 0.01447524
71 73 0.01256548
71 68 0.12915343
71 74 0.05038082
71 72 0.06048768
71 70 0.34889437
105 108 0.86512138
105 105 0.00066992
99 103 0.00196838
99 99 0.00476595
99 101 0.00079178
99 102 0.94237747
99 100 0.00729840
72 70 0.01018059
72 72 0.08396278
72 76 0.03224011
72 74 0.01371991
72 78 0.00092562
72 69 0.12481828
72 73 0.14779457
72 75 0.05160976
72 71 0.32729251
115 118 0.69669009
50 50 0.14055190
50 52 0.01758467
50 53 0.03644335
50 49 0.05887215
50 51 0.11794263
50 48 0.49766572
13 11 0.00069366
13 12 0.00419550
13 14 0.00781427
13 15 0.00169967
13 13 0.68169023
13 10 0.00069587
12 10 0.00059801
12 13 0.00731790
12 14 0.03712647
12 12 0.71778662
12 9 0.00083292
12 11 0.00666629
47 49 0.00871694
47 50 0.00888647
47 46 0.10048388
47 45 0.00827204
47 48 0.10597341
47 47 0.11571347
97 98 0.00883253
97 101 0.00133468
97 100 0.66960406
97 97 0.00279192
44 42 0.00705056
44 47 0.00715235
44 44 0.06082741
44 43 0.00647035
44 45 0.11060451
44 46 0.00149623
37 37 0.27492114
37 35 0.00127771
37 40 0.02348898
37 38 0.01025002
37 39 0.01866752
37 36 0.00357630
116 119 0.71809683
89 95 0.00138196
89 90 0.14322378
89 84 0.00145418
89 85 0.00056902
89 93 0.01126526
89 91 0.16641150
89 92 0.27516022
89 86 0.05680626
89 88 0.00670349
89 89 0.00253827
89 87 0.00670715
89 83 0.00055532
101 101 0.00161974
101 104 0.71383873
101 105 0.00745848
101 102 0.00508727
41 44 0.02182777
41 43 0.01028527
41 40 0.18154752
41 42 0.11196552
41 39 0.00615976
41 41 0.34833364
80 81 0.45030287
80 87 0.00092257
80 76 0.00720073
80 83 0.18723125
80 86 0.00888450
80 79 0.00962419
80 82 0.04025639
80 84 0.00416651
80 77 0.03684405
80 80 0.01196331
80 85 0.02672514
5 6 0.02883507
5 2 0.00840180
5 4 0.08591090
5 7 0.01015677
5 5 0.76344141
5 3 0.01545432
117 121 0.00052251
117 120 0.62868988
45 47 0.00142619
45 48 0.00759284
45 43 0.00607174
45 44 0.28514233
45 46 0.10852077
45 45 0.04646563
49 52 0.01175525
49 50 0.11076603
49 49 0.15734778
49 47 0.21997614
49 51 0.01556859
49 48 0.09143476
59 63 0.02230863
59 58 0.01764424
59 52 0.00062091
59 61 0.03159995
59 64 0.00175772
59 59 0.03837997
59 60 0.15943225
59 57 0.00687639
59 62 0.04617916
59 65 0.00587982
83 86 0.18210384
83 89 0.00900388
83 88 0.02483919
83 83 0.01207470
83 87 0.00532789
83 90 0.00093297
83 85 0.03461227
83 84 0.40551948
83 80 0.00124710
83 91 0.00067820
83 82 0.00739797
103 107 0.00151731
103 104 0.00064234
103 106 0.77209499
21 23 0.00588243
21 21 0.58341950
21 18 0.01440013
21 20 0.00079511
21 19 0.00201502
17 18 0.00087606
17 16 0.00229613
17 15 0.00061385
17 17 0.66148193
17 14 0.05648589
17 19 0.00477775
32 33 0.00224172
32 32 0.62395052
32 30 0.00342353
32 34 0.03930699
32 35 0.00284528
32 31 0.01197710
11 11 0.73150397
11 10 0.01157734
11 8 0.00120071
11 14 0.00211805
11 12 0.00781006
11 13 0.01075435
79 86 0.00071366
79 79 0.00806415
79 81 0.06279993
79 76 0.12445108
79 74 0.00210421
79 83 0.00284861
79 80 0.38375714
79 84 0.01044546
79 77 0.00087498
79 78 0.03215389
79 85 0.00109305
79 82 0.13286606
15 16 0.00492380
15 13 0.00288295
15 15 0.77194446
15 17 0.00175204
15 14 0.00942721
15 12 0.00124752
9 9 0.76105505
9 11 0.00722890
9 7 0.01176883
9 10 0.00827297
9 8 0.03970783
9 6 0.02865154
22 22 0.71688826
22 19 0.00800461
22 20 0.00121512
22 24 0.03852859
26 26 0.74210547
26 28 0.02055994
26 24 0.00127484
108 111 0.40515629
66 66 0.03987477
66 65 0.28280789
66 71 0.00140241
66 69 0.05279364
66 67 0.15767944
66 68 0.01415325
66 70 0.03393489
66 63 0.08480436
66 64 0.00905318
66 72 0.01761124
38 36 0.00151112
38 41 0.02550865
38 39 0.04191663
38 40 0.01683029
38 37 0.05564006
38 38 0.30965502
93 94 0.03883028
93 96 0.45084410
93 95 0.00958158
119 126 0.00052123
119 122 0.72339025
119 123 0.00343901
124 128 0.00136752
124 127 0.77897769
124 131 0.00073332
124 126 0.00075869
109 112 0.65711866
10 9 0.01986987
10 11 0.00847889
10 8 0.00070724
10 10 0.75847965
10 7 0.04920557
10 14 0.00169435
10 12 0.00586401
92 93 0.09954716
92 94 0.01263940
92 96 0.00053913
92 95 0.32761278
92 89 0.00492523
28 26 0.00177824
28 30 0.00741808
28 27 0.00086026
28 28 0.74372602
87 83 0.00201165
87 87 0.00165850
87 89 0.13821637
87 88 0.22866877
87 86 0.00162461
87 92 0.00063434
87 91 0.00553629
87 94 0.00058009
87 93 0.00441575
87 82 0.00204366
87 84 0.01153217
87 80 0.00064254
87 90 0.28216533
14 12 0.00118527
14 14 0.67518801
14 15 0.00643125
14 13 0.00266736
14 16 0.00377892
14 11 0.02006580
60 63 0.05066320
60 58 0.00576576
60 64 0.02515653
60 61 0.16052447
60 59 0.01443727
60 53 0.00101408
60 60 0.03551040
60 62 0.02445783
60 66 0.00891825
60 65 0.00271181
114 117 0.55085919
62 60 0.00481031
62 67 0.00241974
62 62 0.03307098
62 66 0.03156516
62 65 0.05503672
62 63 0.16333917
62 61 0.01184400
62 64 0.01340595
62 68 0.01179854
62 55 0.00119805
35 38 0.01459215
35 33 0.00123703
35 37 0.02776682
35 34 0.00439754
35 35 0.35727981
35 36 0.00471017
20 18 0.00112861
20 17 0.00435949
20 22 0.01314063
20 19 0.00164422
20 20 0.57808109
40 43 0.00317791
40 40 0.14481018
40 38 0.00112603
40 39 0.00485735
40 42 0.01183644
40 41 0.10624055
106 110 0.00082739
106 109 0.81028198
31 31 0.68749386
31 30 0.00893199
31 29 0.00273399
31 34 0.00163729
31 32 0.00180097
31 33 0.04044395
111 114 0.65086439
104 107 0.76518945
104 104 0.00067111
39 40 0.07396973
39 37 0.00100124
39 38 0.00291254
39 41 0.01468348
39 39 0.18891580
39 42 0.02729775
77 79 0.06783055
77 74 0.00125376
77 76 0.05087137
77 83 0.00180270
77 81 0.00328174
77 78 0.39928468
77 77 0.00944439
77 80 0.07998354
77 82 0.00186982
77 75 0.00276318
33 31 0.00196972
33 36 0.01212931
33 33 0.29612173
33 34 0.00311419
33 35 0.03001565
33 32 0.02982524
88 87 0.00085394
88 83 0.00151714
88 89 0.16175128
88 88 0.00166469
88 86 0.00598482
88 92 0.00568144
88 94 0.00255040
88 91 0.28665948
88 93 0.00135461
88 85 0.00210608
88 84 0.00517614
88 95 0.00070998
88 90 0.13075458
56 57 0.12943526
56 60 0.00061859
56 58 0.02082055
56 54 0.01130676
56 55 0.00662154
56 53 0.00317534
56 56 0.00771928
56 59 0.01237405
53 50 0.00128264
53 52 0.00709979
53 53 0.06361865
53 54 0.11976650
53 55 0.02288359
53 56 0.02718798
53 51 0.13332477
55 57 0.01977193
55 56 0.12713976
55 53 0.28823772
55 54 0.00482513
55 55 0.00991548
55 58 0.01122636
78 82 0.00303280
78 75 0.00104458
78 73 0.00200589
78 85 0.00076203
78 84 0.00141314
78 77 0.04881548
78 78 0.00685137
78 80 0.03418148
78 83 0.01525619
78 76 0.00213686
78 74 0.00201860
78 81 0.09331798
78 79 0.36640465
84 81 0.00086275
84 87 0.10191888
84 83 0.00665068
84 86 0.04619772
84 89 0.02223732
84 88 0.00280318
84 91 0.00129352
84 90 0.01045663
84 85 0.38398800
84 84 0.01057698
67 68 0.15609576
67 64 0.00465616
67 70 0.05011848
67 65 0.07982357
67 66 0.30103992
67 71 0.03394884
67 67 0.05078449
67 73 0.01119458
67 69 0.01537371
30 28 0.00230467
30 31 0.00150477
30 32 0.04102583
30 29 0.00630003
30 30 0.54779198
65 62 0.02447200
65 71 0.01685777
65 66 0.16837771
65 65 0.03679158
65 69 0.03374629
65 67 0.01347699
65 68 0.05262364
65 63 0.14351889
65 70 0.00132000
65 64 0.07765411
18 18 0.59071324
18 16 0.00157445
18 17 0.00174881
18 20 0.00531394
16 18 0.00100145
16 16 0.65490435
16 15 0.00172382
16 13 0.01708573
16 17 0.00366200
16 14 0.00406206
52 51 0.05693428
52 53 0.12083457
52 55 0.03440743
52 54 0.02059479
52 49 0.00089780
52 50 0.53645491
52 52 0.06903650
76 75 0.08715918
76 82 0.00674424
76 71 0.00504204
76 73 0.00913623
76 78 0.02494254
76 80 0.00093211
76 77 0.46447036
76 76 0.03231409
76 74 0.00609402
76 83 0.00381708
76 81 0.01698400
76 79 0.07137555
76 72 0.00088056
125 128 0.79201974
125 129 0.00064463
122 125 0.76672178
122 126 0.00236324
122 129 0.00066530
3 4 0.02180004
3 1 0.00573362
3 6 0.00186716
3 2 0.04261666
3 5 0.00815370
3 3 0.80087167
95 98 0.72200414
95 96 0.01458166
95 95 0.00651486
96 99 0.79577096
96 96 0.00662932
96 97 0.00974451
43 42 0.05223725
43 41 0.05385732
43 43 0.13859407
43 44 0.11291113
43 46 0.02945371
43 45 0.00911250
27 27 0.75365510
27 25 0.00159371
27 29 0.03511846
25 22 0.00130914
25 23 0.00102010
25 25 0.73811357
25 27 0.00708039
23 20 0.00680678
23 21 0.00127242
23 23 0.92316026
23 25 0.03863166
42 40 0.01783124
42 45 0.00505877
42 44 0.01002216
42 43 0.11297796
42 41 0.31197203
42 42 0.20373188
69 68 0.32129597
69 70 0.13461185
69 72 0.05049949
69 75 0.00172493
69 66 0.07829757
69 71 0.01460322
69 73 0.00146246
69 69 0.04705168
69 67 0.04368278
126 130 0.00051607
126 129 0.99621655
85 92 0.00179415
85 86 0.34958498
85 89 0.00359687
85 88 0.16674168
85 83 0.00066695
85 87 0.08116464
85 90 0.01836591
85 85 0.00982617
85 84 0.00468730
85 91 0.00647578
85 82 0.00424750
75 81 0.00354260
75 74 0.24822697
75 76 0.32294882
75 72 0.02011461
75 79 0.00704679
75 70 0.00365740
75 71 0.00319318
75 82 0.00290702
75 75 0.02841877
75 78 0.01936578
75 80 0.00307705
75 77 0.05582401
75 73 0.00801588
91 95 0.00428994
91 93 0.03254590
91 94 0.49294686
91 92 0.11573810
91 88 0.01237983
91 87 0.00164636
