22 22 0.47689200
22 21 0.16765000
144 144 0.29979500
144 142 0.00227596
63 63 0.98758700
55 55 0.99195600
67 67 0.40908800
140 139 0.00295010
140 138 0.00462155
140 140 0.54507200
52 52 0.99674800
52 53 0.00095880
145 143 0.00303139
145 145 0.99380700
84 84 0.99983100
155 155 0.99699000
155 156 0.00222564
15 14 0.00109719
15 15 0.21360200
15 16 0.00076010
100 100 0.91705800
18 18 0.82922000
18 17 0.08037310
72 72 0.01035450
107 107 0.65736800
4 4 0.99897200
4 3 0.00056314
143 143 0.61223400
143 141 0.00099223
86 86 0.52130400
148 148 0.65678400
74 74 0.40934600
25 25 0.69710500
25 24 0.12497000
132 131 0.00604297
132 132 0.53495000
147 147 0.39268200
48 48 0.97209900
48 47 0.00255308
73 73 0.41095700
120 121 0.01212740
120 120 0.58542300
120 119 0.08021450
128 128 0.58213800
128 129 0.00095984
128 127 0.36708800
12 11 0.00127949
12 12 0.88450600
81 81 0.99974700
90 90 0.07356040
68 68 0.40924100
108 108 0.39322200
23 22 0.19797600
23 23 0.49100500
21 20 0.00383474
21 21 0.60928700
11 11 0.96977800
11 10 0.00153965
99 99 0.23153100
113 113 0.31384800
117 116 0.01428930
117 117 0.83349400
150 150 0.99856800
64 64 0.16017600
66 66 0.30513500
85 85 0.99984000
16 16 0.68835400
16 15 0.00277439
29 28 0.00603337
29 29 0.98073200
141 141 0.57323300
141 139 0.00076612
17 17 0.89939800
17 16 0.01048980
54 54 0.99159300
114 114 0.43700600
135 135 0.83774000
135 134 0.08660690
103 103 0.31357500
91 91 0.40934400
146 146 0.99729500
146 144 0.00061235
32 31 0.01447630
32 32 0.70620700
45 45 0.96925200
45 44 0.00135781
109 109 0.99860700
154 155 0.00214148
154 154 0.99706300
101 101 0.98753600
111 111 0.99748500
43 43 0.69620600
43 42 0.00371271
49 49 0.98863400
37 37 0.51832600
37 36 0.00367800
39 38 0.00116271
39 39 0.61907400
9 8 0.00508699
9 10 0.00682454
9 9 0.97589600
9 11 0.00057162
157 156 0.00082501
157 157 0.99670200
157 158 0.00149073
138 137 0.00574725
138 138 0.75213100
138 136 0.00390288
151 151 0.99834200
60 60 0.31172700
159 159 0.99881200
159 160 0.00071486
137 137 0.67239600
137 136 0.03274650
137 135 0.00241300
40 40 0.93764500
40 39 0.04222940
160 160 0.99911600
51 51 0.99666500
51 52 0.00278445
50 51 0.00300648
50 50 0.99500100
76 76 0.93343800
152 152 0.99886400
24 24 0.61782400
24 23 0.17833200
27 27 0.69840300
27 26 0.02918440
94 94 0.35281000
46 46 0.88567000
75 75 0.07355550
41 41 0.94076000
41 40 0.03911900
10 9 0.00100241
10 10 0.97265900
123 123 0.51621900
123 122 0.11713100
123 124 0.00373820
8 8 0.98995600
8 7 0.00341773
8 9 0.00391118
56 56 0.99229400
118 118 0.50377600
118 119 0.00071104
118 117 0.15010000
124 124 0.58281600
124 123 0.23649500
124 125 0.00341479
87 87 0.99976200
59 59 0.09765470
122 122 0.50363100
122 123 0.00775928
122 121 0.13863800
26 25 0.18720800
26 26 0.73682700
6 6 0.99841900
6 5 0.00070265
102 102 0.41980500
83 83 0.97680700
2 2 0.99966300
134 133 0.01432600
134 134 0.73985100
134 135 0.00067410
104 104 0.08842430
19 19 0.75939500
19 18 0.15019200
33 33 0.84767300
33 32 0.00252318
97 97 0.40908900
133 132 0.01664120
133 133 0.63298800
82 82 0.95555500
127 127 0.58422400
127 126 0.30218300
127 128 0.00166589
158 158 0.99758100
158 159 0.00088111
158 157 0.00050544
44 44 0.21632700
44 43 0.00147928
14 15 0.00054205
14 14 0.96910900
65 65 0.99792200
69 69 0.30291000
71 71 0.99997100
42 41 0.03599690
42 42 0.94383100
47 47 0.97174600
121 120 0.22375300
121 122 0.01139770
121 121 0.50314500
13 13 0.97035500
79 79 0.44226300
80 80 0.96913300
153 154 0.00162890
153 153 0.99753600
53 54 0.00068639
53 53 0.99681800
89 89 0.87659600
58 58 0.40740200
130 129 0.27766000
130 130 0.53054700
34 34 0.87283100
34 33 0.07300320
92 92 0.41095600
7 6 0.00106010
7 7 0.99426700
7 8 0.00219383
125 125 0.63751100
125 124 0.30534800
125 126 0.00301927
38 37 0.03532960
38 38 0.57498800
129 129 0.59651600
129 128 0.36197600
62 62 0.98765800
119 118 0.01546980
119 119 0.40299300
119 120 0.00286400
142 142 0.74612300
110 110 0.99791300
112 112 0.92075700
61 61 0.41981000
70 70 0.35280900
5 4 0.00071464
5 5 0.99899300
105 105 0.43518200
77 77 0.53400800
3 3 0.99910200
35 34 0.07465830
35 35 0.86126500
31 31 0.92411900
31 30 0.03808130
95 95 0.30291000
96 96 0.40924200
1 1 0.99977400
149 149 0.99844200
30 30 0.95100500
30 29 0.01116410
36 35 0.07561460
36 36 0.84751500
116 116 0.73263000
116 115 0.00067207
98 98 0.30513300
136 135 0.05054630
136 136 0.66973600
28 27 0.01483850
28 28 0.90542700
115 115 0.37529600
78 78 0.99987600
88 88 0.41374600
93 93 0.01035490
57 57 0.99225200
156 157 0.00191101
156 156 0.99640100
106 106 0.99941100
20 19 0.22020000
20 20 0.68957900
126 126 0.43964700
126 127 0.00241629
126 125 0.30802400
131 130 0.12990800
131 131 0.76221000
139 138 0.00429536
139 139 0.72729000
139 137 0.00381190
