90 90 0.99995900
81 81 0.98695700
68 68 0.39490800
128 128 0.99689000
12 12 0.99841800
23 22 0.00966468
23 23 0.66545800
21 21 0.97282500
21 20 0.00866639
108 108 0.99876000
147 147 0.99860400
132 132 0.69769500
25 24 0.00168463
25 25 0.96028900
74 74 0.39491800
120 121 0.00301054
120 120 0.99440100
73 73 0.39651200
48 48 0.99869500
143 143 0.69769100
4 3 0.00108407
4 4 0.99685700
18 18 0.99362000
18 17 0.00246022
72 72 0.01143100
107 107 0.99882600
148 148 0.99858200
86 86 0.38982600
22 21 0.01581360
22 22 0.72988700
144 144 0.99886200
63 63 0.99867800
52 52 0.99818300
145 145 0.99875100
100 100 0.91180500
84 84 0.98704500
155 156 0.00667651
155 155 0.99161200
15 15 0.19230600
55 55 0.99060300
140 140 0.09972780
67 67 0.39488600
157 158 0.00342253
157 157 0.99284300
157 156 0.00075840
138 138 0.99967700
151 152 0.00109387
151 151 0.99758600
60 60 0.29889300
159 160 0.00062597
159 159 0.99854500
32 32 0.78159300
146 146 0.99880000
45 45 0.99873900
91 91 0.39492400
103 103 0.33983500
43 43 0.67363300
39 39 0.99043700
39 38 0.00551710
9 10 0.00138643
9 8 0.00102601
9 9 0.99620700
49 49 0.99875400
37 37 0.72756400
109 109 0.99884700
154 155 0.00680993
154 154 0.99153900
101 101 0.99858800
111 111 0.99872300
29 29 0.96877300
54 54 0.99064500
135 135 0.09972980
114 114 0.99886400
17 17 0.99603800
141 141 0.68955500
113 113 0.99885000
11 11 0.99732400
11 10 0.00054028
99 99 0.26067000
117 117 0.99882300
64 64 0.17377100
150 150 0.99839300
85 85 0.98705800
16 16 0.67296100
66 66 0.29309000
42 42 0.99746400
42 41 0.00117476
71 71 0.99997900
69 69 0.29042000
47 47 0.99878300
14 14 0.99850800
65 65 0.99967700
58 58 0.39639700
89 89 0.99014900
80 80 0.98703100
153 154 0.00659000
153 153 0.99201800
121 122 0.00582771
121 121 0.99137700
121 120 0.00140101
13 13 0.99861200
79 79 0.39294600
53 53 0.99671200
19 19 0.99149100
19 18 0.00454768
104 104 0.08423980
82 82 0.98705300
127 127 0.99672200
127 128 0.00176007
97 97 0.39488700
133 133 0.77842400
33 34 0.00116797
33 33 0.87963000
44 44 0.19280700
158 159 0.00123913
158 158 0.99585300
124 124 0.99592200
124 125 0.00214950
87 87 0.28667700
118 118 0.99875800
123 124 0.00268260
123 122 0.00079889
123 123 0.99222800
8 9 0.00117510
8 7 0.00104155
8 8 0.99642500
10 10 0.99641800
10 9 0.00078007
10 11 0.00079684
56 56 0.99057900
134 134 0.68956000
2 4 0.00065232
2 2 0.99872400
83 83 0.98705100
122 122 0.99121100
122 123 0.00576613
122 121 0.00132983
59 59 0.11276000
102 102 0.13300800
6 7 0.00112914
6 5 0.00147278
6 6 0.99600800
26 25 0.00108422
26 26 0.96072500
51 51 0.99830600
76 76 0.99991800
50 50 0.99857200
137 137 0.99981300
160 160 0.99928200
40 40 0.99649500
40 39 0.00215705
41 41 0.99699200
41 40 0.00166996
152 152 0.99698900
152 153 0.00179346
24 23 0.00276193
24 24 0.96049800
94 94 0.33924400
46 46 0.99883700
75 75 0.99985700
27 27 0.83832900
78 78 0.29957900
93 93 0.01143150
57 57 0.99050800
88 88 0.29214000
115 115 0.99878600
28 28 0.83240600
131 131 0.99884200
139 139 0.99965900
126 126 0.99710100
126 127 0.00162414
156 157 0.00516973
156 156 0.99123000
20 19 0.00665305
20 20 0.98884300
106 106 0.99887300
95 95 0.29041900
35 35 0.96512800
31 31 0.96995700
96 96 0.39490900
3 3 0.99731800
136 136 0.99978500
149 149 0.99838300
30 30 0.84868600
1 1 0.99932200
98 98 0.29308800
116 116 0.99882800
36 36 0.84475800
61 61 0.13276000
70 70 0.33924300
142 142 0.77842300
112 112 0.99883400
110 110 0.99880300
77 77 0.30502900
5 5 0.99676100
5 4 0.00143146
105 105 0.42309200
130 130 0.99860500
34 35 0.00082548
34 34 0.91707500
62 62 0.99858400
129 129 0.99837400
119 119 0.99822300
125 125 0.99655300
125 126 0.00160479
7 6 0.00104466
7 8 0.00115842
7 7 0.99644000
92 92 0.39651500
38 38 0.73783700
38 37 0.00259636
