17 39 18 39 0.00272583
80 85 80 85 0.27576600
6 15 6 13 0.03503100
6 15 5 14 0.02959170
6 147 6 146 0.00070328
6 147 5 147 0.00326226
75 85 75 85 0.01244610
110 128 107 126 0.00087380
4 17 4 15 0.01083720
4 17 3 16 0.02167860
34 47 34 47 0.02677480
19 31 18 31 0.00132566
2 19 2 18 0.02232790
32 41 32 41 0.00088813
92 97 92 97 0.12858400
7 14 6 13 0.02893030
7 14 7 12 0.03055510
7 13 7 12 0.00104056
7 146 6 146 0.00160461
74 86 74 86 0.05460930
33 48 33 48 0.17261600
112 125 109 123 0.00086762
21 39 20 39 0.00901247
21 29 20 29 0.00146320
109 129 106 127 0.00111039
20 40 19 40 0.00209960
20 30 19 30 0.00437165
20 37 19 37 0.03228720
8 145 8 145 0.26878800
121 125 120 125 0.00664092
23 34 23 34 0.40287000
1 20 1 19 0.01204630
114 123 112 121 0.00319319
91 98 91 98 0.08900480
91 98 93 100 0.00245969
91 98 90 97 0.00080829
14 44 14 44 0.00943599
119 127 118 126 0.03292500
119 127 119 126 0.00551576
119 127 117 126 0.00628922
27 46 27 46 0.00116806
89 100 89 102 0.00104880
89 100 91 102 0.00182454
78 87 78 87 0.72706600
40 47 40 47 0.16708400
40 46 40 46 0.06727000
120 126 120 125 0.00419753
120 126 119 126 0.01855500
120 126 119 125 0.03307300
120 126 118 125 0.00546135
120 126 118 126 0.00112463
113 124 110 122 0.00145430
79 86 79 86 0.26266000
117 128 115 127 0.00184313
117 126 117 126 0.54380900
117 126 118 126 0.00057131
25 32 25 32 0.60233900
3 18 3 17 0.00925832
3 18 3 16 0.00848951
39 48 39 48 0.70117800
150 154 150 154 0.19132200
22 35 22 35 0.39773000
149 155 149 155 0.23114200
118 125 118 125 0.10453900
90 99 92 101 0.00238578
90 99 89 98 0.00067643
90 99 90 99 0.87335800
90 99 90 101 0.00071926
116 127 115 127 0.00905419
116 121 116 120 0.00126367
116 121 114 119 0.00428860
41 45 41 45 0.11092800
26 47 26 47 0.00105896
26 31 26 31 0.49164500
9 144 9 144 0.85895600
9 17 9 18 0.00082689
35 46 35 46 0.02782250
148 156 148 156 0.36321800
28 45 28 45 0.00128115
115 127 115 127 0.54161000
115 122 115 121 0.00530771
115 122 115 122 0.22631100
115 122 113 120 0.00693445
18 38 19 38 0.00458483
18 32 17 32 0.00209112
76 88 76 89 0.00052432
5 148 5 148 0.21426300
5 148 5 147 0.00053670
5 16 5 14 0.03384270
5 16 4 15 0.02816300
29 44 29 44 0.00122351
