26 34 26 34 0.01645040
26 35 26 35 0.60967600
23 38 23 38 0.51292400
23 37 23 37 0.04227740
124 133 124 133 0.48910100
86 107 86 107 0.85569100
58 71 58 71 0.02355040
58 72 58 72 0.59677600
10 157 9 157 0.08292140
94 101 94 101 0.01777340
94 100 94 100 0.59162100
85 108 85 108 0.55477500
82 111 82 111 0.25301700
24 37 24 37 0.54237200
24 142 24 142 0.00085720
24 36 24 36 0.02524540
149 157 149 157 0.04604470
112 145 112 145 0.29350000
93 101 93 101 0.61426100
55 75 55 75 0.24832600
55 73 55 73 0.05977880
6 160 6 160 0.19015900
57 75 57 75 0.02597850
57 73 57 73 0.52727000
117 127 117 127 0.00092847
117 139 117 139 0.43441400
117 125 117 125 0.00123394
126 131 126 131 0.52897500
60 70 60 70 0.32646200
90 104 90 104 0.84110900
114 146 114 146 0.01749560
114 128 114 128 0.00078679
114 141 114 141 0.06483520
114 143 114 143 0.57367200
61 70 61 70 0.39346100
8 159 7 159 0.10916300
8 159 8 159 0.05785450
8 158 7 158 0.00175998
8 158 8 158 0.51990300
56 75 56 75 0.10574700
56 73 56 73 0.04735170
49 79 49 79 0.64106200
146 154 146 154 0.03143610
63 68 63 68 0.82247500
116 144 116 144 0.02613730
116 126 116 126 0.00178535
1 157 1 157 0.00323170
95 100 95 100 0.03495100
89 105 89 105 0.52829300
50 78 50 78 0.52829800
123 134 123 134 0.60068600
52 76 52 76 0.52827300
147 153 147 153 0.06727480
19 40 19 40 0.23396700
19 44 19 44 0.14062300
19 147 19 147 0.15230500
20 43 20 43 0.18378800
20 146 20 146 0.09670600
17 43 16 43 0.00249634
17 42 17 42 0.19603400
87 106 87 106 0.55477400
111 146 111 146 0.18387000
113 147 113 147 0.03777190
113 144 113 144 0.27853500
115 145 115 145 0.02058400
115 121 115 121 0.00160604
115 142 115 142 0.34466700
115 127 115 127 0.00181737
83 110 83 110 0.55477500
46 82 46 82 0.43243600
27 34 27 34 0.62289900
62 69 62 69 0.52663200
15 19 14 19 0.00438167
15 153 14 153 0.02786100
15 43 14 43 0.01190300
16 42 15 42 0.00511851
16 43 16 43 0.19644800
9 158 8 158 0.17885200
9 157 8 157 0.00106713
9 157 9 157 0.11646800
152 157 152 157 0.12350300
122 135 122 135 0.48896200
59 71 59 71 0.86910900
59 72 59 72 0.01037290
22 38 22 38 0.07677480
22 42 22 42 0.03534200
47 81 47 81 0.97339300
45 82 45 82 0.03039610
25 35 25 35 0.02179090
25 36 25 36 0.49590200
145 154 145 154 0.04975170
7 159 7 159 0.20468300
7 159 6 159 0.00445916
7 160 7 160 0.10547000
7 160 6 160 0.09443620
28 33 28 33 0.51997300
151 157 151 157 0.07796300
14 154 13 154 0.02937090
14 44 13 44 0.02222030
14 20 13 20 0.00228383
13 154 13 154 0.11558000
13 154 12 154 0.02968550
13 44 13 44 0.05008380
13 45 12 45 0.02001680
13 21 13 21 0.00237427
13 21 12 21 0.00072719
13 22 13 22 0.00143341
84 109 84 109 0.66522000
21 146 21 146 0.00502871
21 43 21 43 0.01882680
21 42 21 42 0.21147900
21 38 21 38 0.04473200
21 145 21 145 0.04086260
125 132 125 132 0.60568100
118 138 118 138 0.33345900
118 124 118 124 0.00177013
118 126 118 126 0.00133903
91 103 91 103 0.58417500
119 125 119 125 0.00950365
119 137 119 137 0.67089500
119 139 119 139 0.18379700
120 138 120 138 0.09319120
120 124 120 124 0.01494640
51 77 51 77 0.64106000
48 80 48 80 0.52829800
144 149 144 149 0.01013850
144 155 144 155 0.08562830
18 41 18 41 0.20636700
18 148 18 148 0.20083800
18 45 18 45 0.10755100
121 136 121 136 0.59191500
