93 98 93 98 0.00665438
93 100 94 100 0.05968600
93 100 95 100 0.00115245
93 100 93 100 0.00427018
142 159 142 159 0.05884540
55 72 55 73 0.00384528
55 72 55 75 0.00456429
55 72 54 71 0.00101587
55 67 55 68 0.00200114
55 73 56 75 0.00424157
55 73 55 73 0.13309000
55 73 55 75 0.00534740
6 160 6 160 0.00646326
57 70 58 72 0.20943800
57 70 56 70 0.00524242
57 70 57 70 0.31465000
57 70 57 73 0.01259910
57 71 57 73 0.00389167
57 71 58 71 0.00079957
138 143 138 143 0.02562180
136 145 136 145 0.00832904
54 68 54 69 0.00175375
54 63 54 63 0.00103693
135 146 135 146 0.00580465
82 89 84 91 0.01150280
82 89 85 90 0.00101236
82 90 84 91 0.10678300
82 93 82 93 0.04941310
149 158 149 158 0.00968061
58 64 58 65 0.00140929
58 64 58 64 0.01816510
58 69 59 69 0.00101937
58 69 59 71 0.19503000
58 69 58 72 0.01932430
58 69 58 71 0.00415693
58 69 58 69 0.56706800
58 69 57 68 0.00080978
10 24 10 24 0.30985700
94 141 95 141 0.00063797
134 147 134 147 0.00315586
78 94 81 94 0.00084960
78 94 80 95 0.00533972
79 93 81 94 0.00931527
52 75 52 74 0.01339360
52 75 52 76 0.01239940
52 75 52 78 0.00093698
52 75 51 77 0.00949150
52 75 51 75 0.23927800
52 77 51 79 0.00060216
52 77 51 77 0.15618700
52 77 52 76 0.01814850
52 76 52 76 0.08514980
52 76 52 78 0.00444782
52 76 52 74 0.00097165
147 153 147 153 0.16620500
1 157 1 157 0.75246700
95 140 96 140 0.00317007
89 98 88 98 0.00198025
89 98 89 98 0.05428330
89 97 90 97 0.00316591
89 97 88 97 0.00342753
89 97 89 97 0.30039600
50 72 50 74 0.21430400
50 77 49 77 0.05579900
50 77 49 79 0.00347902
50 77 50 78 0.01297270
50 77 50 76 0.00493926
50 77 50 80 0.00068037
50 79 50 80 0.00555660
50 79 50 78 0.05809870
50 79 49 79 0.22714700
49 77 49 79 0.08316540
49 77 49 77 0.03046900
49 79 49 81 0.00186445
49 79 49 79 0.01481840
49 75 49 75 0.00678662
49 75 49 77 0.04062260
49 80 49 79 0.03837870
49 80 49 81 0.00218380
49 80 48 80 0.42027600
49 73 49 75 0.03056960
56 71 56 70 0.00068823
56 71 56 73 0.01358610
56 71 57 73 0.06294200
56 72 56 75 0.00124518
56 72 56 73 0.00117286
44 82 44 82 0.01825340
44 81 44 82 0.02122910
44 83 44 82 0.02483770
74 83 74 83 0.00550028
146 154 146 154 0.15057700
108 128 108 128 0.40273200
77 95 80 95 0.00068768
90 97 89 97 0.00139280
90 97 90 97 0.01657560
90 96 89 96 0.00190328
90 96 90 96 0.10480100
90 96 91 96 0.00095330
143 158 143 158 0.10383200
8 158 8 158 0.00685746
100 136 100 136 0.17384200
61 67 62 69 0.21310700
61 67 61 68 0.00085673
61 67 61 70 0.00493656
61 67 61 67 0.07122810
114 122 114 122 0.94814000
88 97 88 97 0.02114980
88 97 89 97 0.00443588
88 98 88 98 0.10798600
88 98 89 98 0.00370069
60 67 62 69 0.00156630
60 67 60 70 0.01539420
60 67 60 67 0.16371900
60 67 60 68 0.00559905
47 75 47 77 0.00609005
47 77 47 77 0.00421376
47 77 47 79 0.02107450
47 82 46 82 0.20814900
47 82 47 81 0.03590040
47 79 47 81 0.11600700
47 79 47 79 0.07620000
47 80 47 79 0.00154729
47 80 47 81 0.00297337
98 138 98 138 0.10428500
45 83 45 82 0.00231145
45 80 45 82 0.04190480
45 80 45 81 0.00430459
45 80 44 82 0.00078707
45 82 44 82 0.03414710
45 82 45 81 0.00393308
45 82 45 82 0.00373727
59 63 59 63 0.18146000
59 63 59 64 0.00282996
59 68 61 70 0.00102127
59 68 59 71 0.02629780
59 68 59 69 0.00968539
59 68 60 68 0.00125854
59 68 60 70 0.22139000
4 139 4 139 0.45634100
9 25 9 25 0.30698600
152 158 152 158 0.02660480
15 19 15 19 0.39808400
75 99 75 99 0.00064288
75 99 77 99 0.00054699
62 66 63 68 0.20978800
62 66 62 69 0.02883010
115 121 115 121 0.46167200
83 89 85 90 0.23886000
83 88 85 90 0.01555720
46 80 45 82 0.00053913
46 80 46 81 0.00314618
46 80 46 82 0.09659350
46 83 46 82 0.02147970
46 82 46 81 0.00208141
46 82 46 82 0.00589373
46 82 45 82 0.01819770
46 79 46 81 0.02289310
27 139 27 139 0.02172280
27 34 27 34 0.25950000
111 125 111 125 0.45493800
113 123 113 123 0.94775800
53 69 53 71 0.01925680
53 74 52 76 0.01116880
53 74 52 74 0.41859400
66 73 66 71 0.00261204
92 101 94 101 0.00415939
92 101 93 101 0.22973100
92 101 91 101 0.00359434
92 99 93 100 0.00066191
87 98 88 98 0.00303675
69 75 69 74 0.00179371
99 137 99 137 0.17963100
3 140 3 140 0.82551700
51 78 51 79 0.00209169
51 78 51 77 0.04561320
51 78 50 78 0.15538800
51 78 50 80 0.00051967
51 76 52 78 0.00057820
51 76 51 75 0.01077180
51 76 51 79 0.00142441
51 76 51 77 0.01515050
51 76 50 76 0.08058450
51 76 50 78 0.00446700
51 77 51 75 0.00060859
51 77 51 77 0.10521700
51 77 51 79 0.00655526
51 71 51 73 0.11224500
102 134 102 134 0.28931800
48 79 48 80 0.00625060
48 79 48 78 0.00098334
48 79 47 79 0.00137884
48 79 47 81 0.00190884
48 76 48 76 0.00335999
48 76 48 78 0.02428430
48 78 48 78 0.06081450
48 78 48 80 0.09679880
48 81 47 81 0.41308600
48 81 48 80 0.03154320
144 149 144 149 0.08661710
109 127 109 127 0.46152600
91 100 91 100 0.00394260
91 141 91 141 0.00072779
91 96 90 96 0.00100531
91 96 91 96 0.03750840
11 23 11 23 0.93540300
81 94 81 94 0.14337700
81 91 83 92 0.25918200
81 90 84 91 0.00081554
81 90 83 92 0.01123090
65 74 64 73 0.00050350
14 21 14 21 0.04256590
14 20 14 20 0.40579400
80 95 80 95 0.13664500
80 91 83 92 0.00105072
80 91 82 93 0.00602140
13 22 13 22 0.26722200
13 21 13 21 0.29470100
137 144 137 144 0.00795339
7 27 7 27 0.19597500
7 159 7 159 0.00567392
28 138 28 138 0.02603730
28 33 28 33 0.24652700
