62 70 62 70 0.16008650
140 145 140 145 0.00723048
17 106 17 106 0.02088173
26 100 26 100 0.09953033
51 80 51 80 0.31829343
1 126 1 126 0.01009587
1 124 1 124 0.00292863
1 150 1 150 0.02759056
1 146 1 146 0.01784438
139 146 139 146 0.00179046
24 105 24 105 0.02132910
25 104 25 104 0.02336813
25 101 25 101 0.09194367
2 123 2 123 0.00349833
2 7 2 7 0.04215180
2 125 2 125 0.00675980
2 145 2 145 0.01093369
2 149 2 149 0.01529374
18 105 18 105 0.01108320
18 106 18 106 0.03694433
46 83 46 83 0.01839045
46 84 46 84 0.08346363
54 77 54 77 0.32043940
7 141 7 141 0.01246253
7 151 7 151 0.01084158
7 121 7 121 0.01814697
41 85 41 85 0.16426321
41 89 41 89 0.01874530
4 146 3 145 0.00057659
4 146 4 149 0.00139297
4 146 4 145 0.14166312
35 94 35 94 0.06719700
34 95 34 95 0.13363133
34 93 34 93 0.16789852
8 140 8 140 0.01205448
8 117 8 117 0.06313433
8 150 8 150 0.00732756
48 82 48 82 0.14307063
31 96 31 96 0.04801567
117 153 117 153 0.03758200
119 151 119 151 0.08632533
100 110 100 110 0.00156762
60 70 60 70 0.05670333
60 73 60 73 0.02859970
60 73 59 72 0.00108771
60 72 60 71 0.00123626
60 72 59 72 0.00853282
6 144 6 142 0.07635214
6 144 5 143 0.01133282
28 98 28 98 0.08700833
86 92 86 92 0.01571663
85 93 85 93 0.01648327
123 146 123 146 0.10014667
45 84 45 84 0.04557647
55 76 55 76 0.32043929
50 81 50 81 0.43322114
29 97 29 97 0.08609033
122 147 122 147 0.13769767
124 145 124 145 0.07354800
3 147 3 145 0.00802099
3 147 3 148 0.03866106
138 143 138 143 0.00673949
37 91 38 91 0.00055800
21 103 21 103 0.12013433
21 108 21 108 0.13786167
135 139 135 139 0.01091543
135 143 135 143 0.00155235
132 139 132 139 0.00587361
132 137 132 137 0.16568968
132 142 132 142 0.01480993
47 83 47 83 0.12468797
47 84 47 84 0.01864578
103 107 103 107 0.01656568
128 137 128 136 0.01329206
128 145 128 145 0.01252431
127 141 127 141 0.05631833
127 138 127 138 0.02959463
127 144 127 144 0.12224206
102 108 102 108 0.00843073
43 87 43 87 0.06655190
43 83 43 83 0.12744434
56 74 56 74 0.01113060
56 75 56 75 0.32576686
19 104 19 104 0.01178360
19 105 19 105 0.03291053
120 150 120 150 0.10669900
61 69 61 69 0.16686083
61 71 60 71 0.02058340
61 72 60 71 0.00190370
61 72 61 72 0.15445459
126 145 126 145 0.09047576
126 139 126 139 0.01552290
125 146 125 146 0.02283233
125 144 125 144 0.05736500
13 110 13 110 0.06570833
13 20 13 20 0.03706958
121 149 121 149 0.08848900
52 79 52 79 0.26270989
130 137 130 137 0.01118131
130 139 130 139 0.12010857
130 136 130 136 0.00428111
130 142 130 142 0.01159528
137 144 137 144 0.00104594
9 139 9 139 0.01053770
14 109 14 109 0.04016200
14 19 14 19 0.03534540
10 115 10 115 0.09720900
20 104 20 104 0.04949400
20 103 20 103 0.00527657
44 85 44 85 0.02534180
44 82 44 82 0.08009499
44 86 44 86 0.04212489
84 94 84 94 0.00360913
101 109 101 109 0.00213943
38 88 38 88 0.09180905
38 90 39 90 0.00079650
38 91 38 91 0.05766267
63 68 63 68 0.17603788
63 68 64 69 0.00054954
118 152 118 152 0.07852967
133 141 133 141 0.00801449
131 138 131 138 0.14145557
131 141 131 141 0.00501958
131 135 131 135 0.00946687
131 140 131 140 0.01077430
58 73 58 73 0.35249595
58 72 58 73 0.00188630
22 102 22 102 0.05121967
22 107 22 107 0.02559507
5 145 5 148 0.00084173
5 145 5 143 0.08355180
5 145 4 145 0.00061574
5 123 5 123 0.03025850
53 78 53 78 0.26270989
12 111 12 111 0.30640500
64 68 64 68 0.07297286
64 68 63 68 0.00089461
129 136 129 135 0.04912477
40 89 40 89 0.02583487
40 86 40 86 0.15399945
134 144 134 144 0.00074770
134 140 134 140 0.01178893
59 74 59 74 0.01387177
59 74 58 73 0.00246704
