7 156 7 156 0.04773904
7 150 6 150 0.00143162
7 150 7 149 0.14664809
15 22 15 22 0.05876867
15 39 18 41 0.00985363
15 41 15 43 0.00092820
15 40 18 42 0.00349976
137 149 137 150 0.00673996
2 153 2 152 0.00767522
2 156 2 156 0.14733322
2 156 2 155 0.00268001
2 155 2 156 0.00061480
2 155 2 155 0.00853671
2 152 2 152 0.00548216
47 154 47 155 0.00092645
11 146 11 145 0.00069777
11 44 11 44 0.12030785
11 44 11 46 0.00739951
11 44 14 46 0.00287554
23 32 26 34 0.08814936
23 32 25 35 0.00979264
96 100 95 100 0.00127565
26 30 28 32 0.01092195
49 152 49 153 0.01272453
64 77 64 77 0.04462333
20 35 23 37 0.10777346
20 35 22 38 0.01172056
17 38 19 41 0.00843273
1 153 1 153 0.07720457
1 154 1 153 0.01064671
5 51 5 51 0.01519253
5 14 5 14 0.00327741
5 14 5 13 0.00063017
5 49 7 49 0.00305257
5 49 5 51 0.00057148
5 158 5 158 0.01191866
13 42 16 44 0.03486607
14 152 14 152 0.00089125
14 46 14 46 0.00130419
14 23 14 23 0.01833460
8 47 10 47 0.00083589
8 149 7 149 0.00135576
8 149 8 148 0.14938507
95 100 95 100 0.10894383
95 101 94 101 0.00051873
95 101 95 101 0.02726904
95 103 95 103 0.03193220
54 153 54 152 0.00059949
9 154 9 154 0.00479150
9 46 9 46 0.15965539
9 46 11 46 0.00101268
9 156 9 156 0.00154525
65 76 65 76 0.03519333
3 154 3 155 0.00067707
3 154 3 154 0.02199203
3 156 3 155 0.00317958
3 53 3 53 0.00440516
3 155 3 155 0.04256321
3 155 3 154 0.00159258
3 152 3 151 0.00454791
58 79 58 79 0.03475100
16 44 16 44 0.02645641
48 153 48 154 0.00185755
139 146 139 147 0.00319798
139 146 139 145 0.01374880
51 150 51 151 0.00253319
51 150 53 150 0.00133924
144 149 143 148 0.00100138
144 149 144 149 0.06373181
59 78 59 78 0.03481067
90 104 91 104 0.00086789
94 102 93 102 0.00134640
67 76 67 76 0.08396197
138 148 138 149 0.00772799
138 148 138 148 0.04216000
138 148 138 147 0.13016533
138 147 138 148 0.00304152
138 147 138 147 0.06246759
141 152 141 152 0.00577600
4 153 4 153 0.18264307
4 50 6 50 0.00274001
4 50 4 52 0.00056833
4 15 4 14 0.00116936
4 154 4 153 0.01880289
18 37 21 39 0.10386410
18 25 18 25 0.09796300
68 75 68 75 0.31827217
50 151 52 151 0.00093244
50 151 50 152 0.01348390
6 151 6 150 0.14605574
6 49 7 49 0.00063333
6 157 6 158 0.00227708
6 48 6 50 0.00137199
22 33 25 35 0.08816072
22 33 24 36 0.01661222
19 30 19 30 0.10891632
19 36 22 38 0.10763781
19 36 21 39 0.01669300
10 45 10 47 0.00657308
10 45 10 45 0.38313882
10 147 10 146 0.00442782
21 34 24 36 0.12921531
21 34 23 37 0.01248305
21 145 21 144 0.00159485
