125 123 0.00462837
125 124 0.00101210
125 125 0.97537600
125 126 0.00477990
155 155 0.99371300
144 144 0.99559500
147 147 0.64749600
100 100 0.02132080
46 46 0.99954600
4 4 0.99992200
93 93 0.29178800
103 103 0.80954100
141 141 0.99527200
110 110 0.99989900
72 72 0.40351300
72 71 0.00136059
148 148 0.98824800
27 27 0.99987800
87 87 0.43510100
136 136 0.99526800
40 40 0.96715500
20 20 0.99995600
128 128 0.74394700
89 89 0.44976000
91 91 0.98407100
139 139 0.99485700
101 101 0.99991700
39 39 0.33499600
123 121 0.00861846
123 124 0.00835744
123 123 0.97623700
11 11 0.99994400
49 49 0.87406600
49 48 0.00298252
143 143 0.99544700
96 96 0.57861600
85 85 0.13051900
12 12 0.99995900
69 69 0.44027300
30 30 0.30153000
47 47 0.42205700
145 145 0.69278900
153 153 0.99102000
76 75 0.01355560
76 76 0.02664260
60 60 0.62550000
60 59 0.37408900
73 73 0.06295910
73 72 0.00457414
82 82 0.39372800
104 104 0.99995900
150 150 0.98856100
137 137 0.99498600
35 35 0.29182500
22 22 0.99987100
5 5 0.80561600
86 86 0.43758600
120 121 0.00797250
120 118 0.00075057
120 120 0.97786100
1 1 0.90733400
140 140 0.99499200
42 42 0.38950000
52 51 0.22222000
52 52 0.01944430
51 50 0.03562330
51 51 0.11670900
83 83 0.42224700
149 149 0.98856600
66 66 0.99987600
81 80 0.00081184
81 81 0.92923200
26 26 0.99988200
23 23 0.99989600
56 56 0.03800620
56 55 0.36959000
25 25 0.99985800
79 78 0.00829386
79 79 0.31836100
15 15 0.99995500
57 56 0.01986450
57 57 0.08622720
43 43 0.29971300
88 88 0.74004200
80 80 0.95487400
80 79 0.00452867
53 52 0.36626800
53 53 0.00881596
121 122 0.00775523
121 119 0.00271158
121 121 0.97663700
13 13 0.99995600
133 133 0.99544600
34 34 0.39652000
32 32 0.36648100
36 36 0.39813600
102 102 0.87811500
18 18 0.99991700
118 117 0.00066232
118 119 0.00494912
118 118 0.99342900
97 97 0.46765500
157 157 0.99995100
134 134 0.99546700
64 64 0.39648300
159 159 0.80566000
29 29 0.02131740
111 111 0.99993200
7 7 0.99982700
45 45 0.51629800
124 124 0.97491200
124 122 0.00613744
124 125 0.00835883
2 2 0.99985100
129 129 0.69267000
138 138 0.99483300
154 154 0.99360100
156 156 0.99656200
105 105 0.99995600
33 33 0.27499500
98 98 0.30013100
114 114 0.99762300
114 115 0.00213864
90 90 0.29363400
6 6 0.85977600
65 65 0.44029100
146 146 0.74421600
71 71 0.39855600
84 84 0.51628200
99 99 0.30153100
28 28 0.89186400
37 37 0.90607700
48 48 0.28149800
127 127 0.64624100
63 62 0.00428808
63 63 0.39562400
3 3 0.99988800
126 127 0.00082859
126 124 0.00330273
126 126 0.97974000
126 125 0.00058165
119 119 0.99127900
119 118 0.00075080
119 120 0.00535838
77 77 0.38379600
122 122 0.97636800
122 123 0.00783796
122 120 0.01032330
50 49 0.07264000
50 50 0.38900800
131 131 0.99550400
17 17 0.99985400
58 58 0.26593800
58 57 0.73376800
94 94 0.39651100
107 107 0.99993500
10 10 0.99994000
21 21 0.99994200
24 24 0.57966300
115 115 0.99515600
115 116 0.00394855
132 132 0.99549600
8 8 0.99988400
31 31 0.30013100
95 95 0.59518000
68 68 0.99981800
151 151 0.98854600
16 16 0.99993500
59 59 0.44569200
59 58 0.55389800
41 41 0.38294500
9 9 0.99992200
158 158 0.76721100
152 152 0.98957500
108 108 0.99993000
106 106 0.99994100
92 92 0.39809900
44 44 0.82919800
142 142 0.99522900
70 70 0.39659200
130 130 0.99549100
61 60 0.19433200
61 61 0.80537000
67 67 0.99974300
160 160 0.99997600
117 116 0.00067464
117 117 0.99390200
117 118 0.00451088
113 113 0.99963600
112 112 0.99989800
62 62 0.39345800
62 61 0.01459960
19 19 0.99993000
14 14 0.99996000
116 117 0.00430371
116 116 0.99449600
116 115 0.00069609
109 109 0.99984000
55 54 0.27431200
55 55 0.00948176
75 75 0.28304200
135 135 0.99544900
78 78 0.35220000
38 38 0.42040400
74 74 0.38735600
74 73 0.01704390
54 54 0.02188580
54 53 0.01832020
