8 8 0.69486000
58 58 0.26541900
58 59 0.55474100
107 107 0.53219600
94 94 0.39824200
24 24 0.40976100
21 21 0.92982000
115 117 0.00089745
115 114 0.03459650
115 115 0.80425500
115 116 0.00395737
10 10 0.75651600
132 134 0.00121072
132 132 0.87364400
17 17 0.98754600
122 122 0.12800900
122 124 0.04970330
122 121 0.00355511
131 131 0.87358700
131 133 0.00122882
50 51 0.03573700
50 50 0.38993200
126 125 0.07731700
126 128 0.11681300
126 126 0.76721800
126 129 0.00428498
3 3 0.68277600
77 77 0.38371800
119 120 0.00396861
119 121 0.02708330
119 118 0.09011420
119 119 0.81250700
48 49 0.00298775
48 48 0.28271300
37 37 0.89581100
63 63 0.38747800
127 127 0.33895700
127 129 0.11644800
127 130 0.00164448
127 126 0.00798693
6 6 0.71365700
65 65 0.46570500
71 71 0.41312800
71 72 0.00143921
146 146 0.45752800
84 84 0.51627100
99 99 0.34065800
28 28 0.83503200
105 105 0.46314000
156 156 0.89293800
33 33 0.27991100
90 90 0.29081300
114 114 0.88848100
114 115 0.00080345
114 113 0.00318377
98 98 0.33919700
135 137 0.10037600
135 135 0.87361200
75 75 0.28296700
75 76 0.01359080
109 109 0.28258300
55 56 0.36959300
55 55 0.00942428
78 79 0.00834453
78 78 0.35222200
54 55 0.27429300
54 54 0.02186840
74 74 0.38722700
38 38 0.41653500
14 14 0.82140900
116 118 0.00203285
116 117 0.00441516
116 116 0.88836600
116 115 0.07108430
113 113 0.63231200
62 63 0.00437437
62 62 0.38858600
19 19 0.80416100
112 112 0.56876200
160 160 0.99976200
117 118 0.00513439
117 119 0.00429944
117 116 0.05554930
117 117 0.87882900
130 130 0.87354500
130 132 0.00479100
61 62 0.01602040
61 61 0.79914000
67 67 0.97687800
108 108 0.71927100
106 106 0.44959700
44 44 0.82918600
92 92 0.40408300
70 70 0.14346400
142 142 0.87341600
142 143 0.00101031
59 59 0.44484500
59 60 0.37525700
41 41 0.38271300
9 9 0.65726800
152 152 0.65596300
158 158 0.98232200
31 31 0.33927600
95 95 0.55363100
68 68 0.97696500
151 151 0.86410500
16 16 0.82724700
150 150 0.93764900
137 139 0.04320860
137 137 0.87324000
137 138 0.03529170
35 35 0.28853100
82 82 0.39515100
73 73 0.06249180
73 74 0.01710360
104 104 0.85129800
12 12 0.88470300
96 96 0.61731600
143 144 0.00116599
143 143 0.87396500
85 85 0.13050400
69 69 0.48115800
47 47 0.42205600
153 153 0.32755600
145 145 0.39530900
145 146 0.00134441
30 30 0.34073500
76 76 0.02658960
60 61 0.19582600
60 60 0.62432500
39 39 0.33331500
49 50 0.07243660
49 49 0.87410100
11 11 0.91311900
123 125 0.06045770
123 122 0.14405800
123 123 0.45054700
128 131 0.00162843
128 127 0.00123174
128 128 0.43952900
128 130 0.01620050
139 140 0.00261981
139 139 0.87309000
89 89 0.44911700
91 91 0.97354700
101 101 0.89983000
148 148 0.98820100
136 138 0.08187640
136 136 0.87345300
136 137 0.01678270
87 87 0.43480500
27 27 0.99550300
20 20 0.87929300
40 40 0.96633000
93 93 0.29978800
4 4 0.65276800
141 141 0.87345000
141 142 0.00123587
103 103 0.66951700
110 110 0.67722600
72 73 0.00504925
72 72 0.41349000
155 155 0.84043300
125 127 0.12040500
125 125 0.70382000
125 128 0.00223691
125 124 0.08056600
144 144 0.87773100
144 145 0.00445162
147 147 0.46123900
147 148 0.00090228
100 100 0.02526730
46 46 0.99953900
7 7 0.32387000
111 111 0.64024400
2 2 0.99989400
129 129 0.38801300
129 131 0.00906218
124 125 0.00064822
124 126 0.06014680
124 124 0.69846300
124 123 0.10276400
45 45 0.51629600
154 154 0.85015400
138 140 0.00461730
138 138 0.87310600
138 139 0.07397560
157 157 0.98160200
134 136 0.00693802
134 134 0.87364300
97 97 0.51149500
118 117 0.05514190
118 120 0.00709939
118 119 0.00602709
118 118 0.82306500
159 159 0.99939500
64 64 0.12045400
29 29 0.02534180
121 120 0.08439150
121 121 0.69382800
121 123 0.06021540
13 13 0.72810800
133 135 0.00121507
133 133 0.87365600
36 36 0.39522100
32 32 0.40262300
34 34 0.39538200
18 18 0.82227400
102 102 0.85171900
43 43 0.29968800
80 81 0.00081376
80 80 0.95495800
88 88 0.73874400
53 53 0.00876630
53 54 0.01831860
79 79 0.31936000
79 80 0.00453641
25 25 0.99547600
15 15 0.80677300
57 58 0.73428500
57 57 0.08603500
83 83 0.42224300
81 81 0.92892800
66 66 0.97700400
149 149 0.99653500
56 57 0.01973960
56 56 0.03790740
26 26 0.99550800
23 23 0.95947000
22 22 0.74674600
120 122 0.05757510
120 119 0.10322400
120 121 0.00056606
120 120 0.70180200
86 86 0.43747700
5 5 0.55812000
51 51 0.11710200
51 52 0.22209400
52 53 0.36622300
52 52 0.01942080
1 1 0.99991400
140 141 0.00121060
140 140 0.87320500
42 42 0.38940400
