96 104 0.00350606
96 106 0.00606338
96 103 0.00168781
96 105 0.01955890
96 108 0.00374895
96 109 0.14750400
96 107 0.00907780
96 111 0.00120879
58 66 0.01514570
58 65 0.00360379
58 64 0.00053358
58 63 0.04927030
21 21 0.99704600
30 30 0.00866291
2 2 0.98757700
2 3 0.00262184
132 149 0.31356400
132 148 0.01241860
132 150 0.10201800
132 147 0.29341900
4 4 0.97092000
4 3 0.00058543
4 5 0.00258641
3 3 0.98685400
3 4 0.00243016
67 72 0.00084784
67 74 0.00846464
67 75 0.28996900
26 26 0.85805900
108 125 0.00070713
108 119 0.00095938
108 123 0.11292800
108 120 0.04148660
108 122 0.15392300
108 121 0.02452280
63 71 0.70126300
63 70 0.24811000
24 24 0.99146600
82 92 0.02872600
82 90 0.73887100
31 31 0.02036030
47 50 0.81367600
47 51 0.00145992
47 52 0.04793740
47 53 0.00697441
40 41 0.00241474
40 39 0.00116546
40 42 0.02989890
40 40 0.05892530
40 43 0.72572300
40 44 0.00698993
40 45 0.00741656
15 15 0.02033470
14 14 0.30012500
77 87 0.04756010
77 86 0.00712505
77 83 0.00121820
77 84 0.00076442
77 85 0.29423600
46 51 0.01832230
46 52 0.00063057
46 50 0.00212948
46 49 0.04264960
123 134 0.00057697
123 140 0.10581300
123 139 0.01226520
123 138 0.01391380
123 141 0.12913400
48 54 0.01678740
48 52 0.00065700
48 53 0.01718780
48 51 0.39750600
98 113 0.00578684
98 109 0.00442465
98 107 0.00535380
98 112 0.00050538
98 111 0.52390600
98 106 0.00094324
98 110 0.00114300
98 108 0.00387355
9 9 0.01074870
53 61 0.00123899
53 60 0.00097689
53 58 0.18937600
53 59 0.29612900
53 56 0.00463816
89 97 0.61355200
89 98 0.12290100
89 104 0.00056798
89 99 0.08712740
89 102 0.00612117
89 96 0.01693660
89 101 0.00204878
89 100 0.03450950
93 100 0.00978949
93 102 0.37486900
93 101 0.21552900
93 108 0.00102407
93 105 0.01335660
93 103 0.17720000
93 106 0.02249150
93 104 0.06792040
55 60 0.25239100
55 63 0.42529200
55 62 0.01798180
55 61 0.07918390
99 114 0.00774760
99 110 0.00363992
99 111 0.00100561
99 112 0.28312600
99 113 0.00089170
99 109 0.00339873
42 47 0.00681283
42 42 0.00198350
42 43 0.00120332
42 46 0.00682112
42 45 0.42570200
42 44 0.00415303
66 73 0.16262400
66 74 0.01181430
50 53 0.05453870
50 56 0.01118510
50 55 0.27377500
50 54 0.01180300
8 8 0.01559690
119 135 0.00590745
119 132 0.00202419
119 133 0.00063029
119 136 0.02211050
119 137 0.00361291
119 134 0.51053500
64 71 0.24840200
64 72 0.70140500
124 142 0.00495650
124 139 0.54626600
124 140 0.00158109
124 141 0.24545200
76 86 0.02073800
76 83 0.00108622
76 85 0.00119269
76 84 0.03969130
92 107 0.00100901
92 100 0.24352900
92 101 0.39075000
92 102 0.14013400
92 105 0.01856530
92 103 0.06885970
92 99 0.00980227
92 104 0.00741230
60 65 0.02676290
60 67 0.11783100
60 66 0.00063854
60 68 0.01241660
19 19 0.99699300
109 122 0.02650590
109 121 0.02850020
109 123 0.00429185
109 124 0.00623209
109 120 0.02209510
109 126 0.00109410
83 93 0.03012200
83 91 0.81692400
29 29 0.02036540
57 63 0.00059495
57 62 0.10374400
57 64 0.00145766
57 65 0.28716100
61 69 0.31442800
61 68 0.14299000
61 66 0.00082843
71 77 0.00114392
71 78 0.11137900
71 79 0.71205100
71 80 0.02313860
16 16 0.99182200
100 110 0.00381384
100 114 0.00262431
100 113 0.02448920
100 112 0.00302368
100 111 0.10251600
79 88 0.00071632
79 87 0.42845600
79 89 0.00092345
43 49 0.00060880
43 47 0.01020290
43 48 0.01399830
43 44 0.00068005
43 45 0.00210512
43 43 0.00129417
43 46 0.81447900
125 140 0.29083200
125 143 0.00360000
125 142 0.00548771
125 141 0.00059386
121 139 0.07068400
121 137 0.00259678
121 136 0.09457970
121 138 0.05419100
97 106 0.00677744
97 104 0.00055740
97 110 0.22438800
97 108 0.12651100
97 105 0.00122571
97 107 0.00441659
97 112 0.00151920
36 38 0.06847410
36 37 0.11072800
36 40 0.00066361
36 36 0.66687000
36 39 0.11311000
126 144 0.00326801
126 141 0.53885300
126 143 0.00379513
133 151 0.01418150
133 150 0.53339400
133 148 0.16930200
133 149 0.00823965
17 17 0.99170100
78 88 0.00223483
78 85 0.00117746
78 86 0.06204490
134 150 0.00417297
134 151 0.07968710
134 152 0.09493260
134 149 0.08018100
129 146 0.29880700
129 145 0.00379205
129 147 0.09692450
129 144 0.45063600
94 101 0.00998465
94 102 0.11418900
94 107 0.03290870
94 109 0.00105162
94 104 0.18544100
94 106 0.02901720
94 103 0.39089500
94 105 0.07550500
10 10 0.01025520
38 40 0.09129640
38 37 0.00077801
38 42 0.00374340
38 39 0.07668730
38 41 0.33627500
38 38 0.43475500
38 44 0.00078516
38 43 0.00296118
87 96 0.01799610
87 101 0.00068551
87 102 0.00071169
87 100 0.00256849
87 99 0.00217361
87 97 0.05697450
87 95 0.12713600
87 94 0.01174680
87 98 0.02076990
44 50 0.00068221
44 48 0.00484948
44 49 0.02746460
44 47 0.80907200
44 44 0.00078908
1 1 0.99318600
1 2 0.00136964
20 20 0.97420700
88 99 0.02631150
88 98 0.06752360
88 97 0.05145290
88 95 0.01849050
88 100 0.00215141
88 96 0.32986400
88 101 0.00474671
116 131 0.01102200
116 129 0.00892652
116 134 0.01676750
116 132 0.00340194
116 133 0.04852790
116 130 0.00123128
73 82 0.00222459
73 80 0.00272478
73 81 0.10504200
131 146 0.25855500
131 149 0.10169600
131 148 0.31694000
131 147 0.02374850
74 83 0.00967854
74 82 0.48215600
102 116 0.00281380
102 117 0.01941070
102 115 0.10867700
102 114 0.01191270
102 113 0.08579260
102 112 0.02191440
27 27 0.02845000
90 101 0.05038030
90 102 0.00396386
90 100 0.10591900
90 99 0.27262200
90 97 0.01414540
90 103 0.01086220
90 98 0.43040800
90 105 0.00069130
113 125 0.00094528
113 126 0.14335200
113 128 0.48206100
113 130 0.04538410
113 127 0.14729000
113 124 0.00107485
113 129 0.08244490
91 98 0.01092830
91 103 0.00501467
91 104 0.01652660
91 106 0.00075598
91 99 0.33797300
91 100 0.32727600
91 102 0.05380510
91 101 0.09336380
106 119 0.52239700
106 121 0.08637820
106 117 0.06069110
106 118 0.01715320
106 120 0.12094900
85 93 0.63888800
85 96 0.00134066
85 95 0.04997120
85 94 0.00054017
85 97 0.00054771
84 94 0.05041780
84 92 0.63863100
84 91 0.00057804
105 119 0.06555790
105 118 0.42093100
105 120 0.06575730
105 117 0.01681020
105 116 0.00565704
32 32 0.01025050
130 148 0.01205140
130 147 0.45678200
130 146 0.00957020
130 145 0.29115700
62 67 0.00063694
62 69 0.24602700
62 70 0.70151600
128 146 0.00129195
128 143 0.18461600
128 145 0.00696542
23 23 0.41210400
18 18 0.30117600
117 134 0.05371020
117 130 0.00125414
117 133 0.02695650
117 132 0.25117200
117 135 0.00215450
37 39 0.07185030
37 41 0.00109636
37 40 0.17233200
37 42 0.00062831
37 37 0.62508700
37 38 0.08912180
12 12 0.00866295
127 144 0.12406500
127 145 0.00325980
127 142 0.23955500
101 112 0.07188570
101 113 0.07177380
101 111 0.06303510
101 117 0.00064013
101 116 0.01955270
101 114 0.60152200
101 115 0.00106128
54 59 0.01512580
54 60 0.01736750
54 62 0.01654280
54 61 0.00166008
7 7 0.39434800
39 43 0.00961649
39 44 0.00511602
39 41 0.07639690
39 39 0.11171500
39 42 0.71563700
39 40 0.01387200
114 131 0.04645100
114 129 0.50002100
114 125 0.00077843
114 128 0.11312500
114 126 0.00102847
114 130 0.15613500
114 127 0.08441860
112 124 0.00295813
112 129 0.03700270
112 123 0.00125573
112 125 0.25124000
112 128 0.02283940
112 126 0.11184500
112 127 0.47574000
107 118 0.00087942
107 120 0.24660700
107 121 0.03453510
107 122 0.11128300
107 119 0.00076697
5 5 0.71053000
5 6 0.00155581
75 83 0.36849400
75 85 0.00206870
75 84 0.04097300
68 75 0.04212850
68 76 0.01495830
13 13 0.02036600
111 125 0.10910000
111 128 0.01394040
111 126 0.07530670
111 127 0.01715990
111 123 0.01731310
111 124 0.24242100
111 122 0.00136734
51 54 0.01375090
51 57 0.01213140
51 56 0.03466570
51 55 0.00206709
70 78 0.66553900
70 79 0.00665566
70 77 0.00330470
122 137 0.54165700
122 139 0.21006200
122 140 0.01536550
122 133 0.00071902
122 138 0.00169240
35 36 0.02507860
35 37 0.00116069
35 35 0.27314200
35 38 0.00344390
95 107 0.00203954
95 102 0.00241160
95 106 0.04511570
95 104 0.01783890
95 110 0.00105778
95 108 0.05170230
95 105 0.00836928
95 103 0.00942355
56 63 0.01063170
56 62 0.01556310
56 64 0.65363900
56 61 0.01972890
59 66 0.04511850
59 67 0.29147100
59 65 0.00367418
59 64 0.08774380
135 153 0.07952740
135 151 0.00219009
135 150 0.10231800
135 152 0.47734200
110 122 0.02460850
110 121 0.00469864
110 124 0.10273600
110 123 0.14339500
110 127 0.00159356
110 126 0.00146122
110 125 0.45883000
65 73 0.31384600
65 72 0.24733500
72 79 0.05292570
72 80 0.67396200
72 81 0.03591040
118 134 0.21240200
118 131 0.00059174
118 130 0.00301039
118 133 0.15481500
118 136 0.00075823
118 135 0.04502820
22 22 0.99704600
80 88 0.05042750
80 90 0.02625360
52 57 0.25153700
52 55 0.01200890
52 58 0.14742000
86 99 0.00093780
86 98 0.00213552
86 97 0.00786646
86 94 0.58993600
86 95 0.00306941
86 101 0.00084586
86 96 0.06169050
86 93 0.00097463
136 153 0.71206500
136 151 0.13195800
136 152 0.00608573
11 11 0.02036120
34 34 0.00882329
34 35 0.00481880
34 36 0.00337863
33 33 0.01067300
104 114 0.00155190
104 115 0.00508656
104 118 0.01242510
104 117 0.59067300
104 116 0.01936420
104 119 0.03857310
103 113 0.01213110
103 117 0.05700350
103 116 0.51526300
103 115 0.02556990
103 118 0.02191110
103 114 0.02728290
115 132 0.01416740
115 130 0.12597500
115 126 0.00067276
115 133 0.00069669
115 128 0.01013320
115 129 0.03811630
115 131 0.10129400
25 25 0.99175900
45 48 0.38935900
45 50 0.02862100
45 49 0.00142447
69 76 0.12121400
69 77 0.29125900
69 78 0.00113888
49 52 0.01762850
49 53 0.00188679
49 55 0.02694280
49 54 0.01924640
28 28 0.30012500
81 89 0.40915700
81 91 0.02755040
6 6 0.86664200
120 137 0.11891500
120 138 0.00245862
120 136 0.00164906
120 133 0.00095208
120 135 0.26034700
41 44 0.18891500
41 45 0.01108150
41 43 0.02024940
41 46 0.00544651
41 42 0.00142445
41 40 0.00079859
41 41 0.00734773
