39 39 0.10261100
132 132 0.99382700
146 146 0.99952500
98 98 0.98602700
98 99 0.00148662
94 94 0.83882200
88 88 0.89264700
72 71 0.00734945
72 72 0.98536700
72 73 0.00086877
72 74 0.00068541
34 34 0.99962800
120 120 0.99278600
120 122 0.00220420
120 118 0.00054743
80 80 0.98919500
3 3 0.99951600
18 18 0.99826100
91 91 0.99865100
79 79 0.98867900
60 59 0.00076534
60 61 0.00251902
60 62 0.00098134
60 60 0.99055800
137 137 0.99431300
96 97 0.00154467
96 96 0.99612200
24 24 0.99827100
2 2 0.06517010
138 138 0.99432700
85 85 0.98991700
73 72 0.00771780
73 73 0.98809500
73 75 0.00055221
8 8 0.94434400
47 47 0.99817000
140 140 0.06112660
131 131 0.73050000
26 26 0.99819400
59 59 0.99561000
59 60 0.00148765
77 77 0.98831600
53 53 0.99771000
97 98 0.00146347
97 97 0.99589900
55 55 0.99771100
63 65 0.00268176
63 62 0.01019900
63 63 0.97868400
63 64 0.00384981
50 50 0.99768800
109 110 0.00314149
109 111 0.00387421
109 109 0.98749000
145 145 0.99861200
110 110 0.08763990
110 112 0.00439358
110 111 0.00458080
78 78 0.98833000
123 123 0.98687900
123 125 0.00113210
123 124 0.00059462
123 122 0.00364579
102 102 0.81835100
40 40 0.99818900
69 69 0.98206300
69 70 0.00422958
69 71 0.00218391
69 68 0.00676286
113 115 0.00398082
113 113 0.99201300
51 51 0.99747600
107 109 0.00081524
107 108 0.00372000
107 107 0.97731200
127 127 0.98699300
127 126 0.00721214
130 130 0.71625800
84 84 0.98952600
111 112 0.00443487
111 113 0.00437818
111 111 0.82383000
29 29 0.99826700
144 144 0.99796500
106 106 0.97631700
106 105 0.00091895
106 107 0.00062800
106 108 0.00080946
122 121 0.00144910
122 123 0.00080400
122 122 0.98872300
122 124 0.00165195
122 120 0.00050751
65 64 0.01138530
65 67 0.00267236
65 65 0.97870000
65 66 0.00455890
136 136 0.99425000
71 71 0.98396100
71 72 0.00264418
71 70 0.00702318
71 73 0.00080779
95 95 0.89211800
92 92 0.94786000
101 101 0.98335100
61 61 0.98533300
61 63 0.00176675
61 62 0.00365455
61 60 0.00392895
5 5 0.73435900
19 19 0.99824800
37 37 0.70810900
17 17 0.99823100
48 48 0.99791700
74 74 0.98810300
74 73 0.00090797
103 103 0.07757190
62 61 0.00701945
62 64 0.00249643
62 63 0.00467838
62 62 0.98027600
35 35 0.99975900
11 12 0.00065624
11 11 0.99741500
142 142 0.99617400
44 44 0.99801000
89 89 0.89284400
121 119 0.00053278
121 122 0.00097122
121 121 0.99104900
121 123 0.00220033
22 22 0.99827000
42 42 0.99807700
25 25 0.99826200
90 90 0.99865100
6 6 0.71955700
134 134 0.99424200
129 128 0.00060745
129 129 0.11058500
116 116 0.99258100
116 118 0.00292608
141 141 0.99513100
112 114 0.00436550
112 113 0.00090350
112 112 0.98828300
83 83 0.86422200
13 14 0.00114152
13 13 0.99690400
45 45 0.99804700
125 124 0.00779486
125 125 0.98595000
125 127 0.00066823
1 1 0.06583570
33 33 0.99966100
124 126 0.00106247
124 123 0.00569306
124 124 0.98537400
139 139 0.06037400
75 75 0.98754900
75 74 0.00084069
135 135 0.99417100
118 118 0.99273900
118 116 0.00052978
118 120 0.00233594
16 16 0.99804200
31 31 0.78680300
32 32 0.70805400
82 82 0.98919900
67 68 0.00566729
67 66 0.00837692
67 69 0.00265133
67 67 0.98063300
30 30 0.10262200
43 43 0.99804800
117 119 0.00275113
117 117 0.99291800
56 56 0.99783100
57 57 0.99766800
49 49 0.99794700
68 67 0.00691883
68 70 0.00245892
68 69 0.00555989
68 68 0.98230100
108 110 0.00094287
108 109 0.00378581
108 108 0.98683400
76 76 0.86303700
76 75 0.00061958
28 28 0.99823600
128 128 0.98844600
128 127 0.00663885
64 66 0.00264789
64 65 0.00383691
64 63 0.01144060
64 64 0.97947000
20 20 0.99824100
21 21 0.99825000
52 52 0.99765300
133 133 0.99424200
119 119 0.99274200
119 117 0.00052995
119 121 0.00227532
27 27 0.99821300
104 106 0.00080596
104 104 0.97709300
115 117 0.00301016
115 115 0.99244600
10 10 0.94735900
7 7 0.11340400
147 147 0.99996800
23 23 0.99827000
126 125 0.00795593
126 126 0.98581700
58 58 0.99745000
143 143 0.99730200
41 41 0.99812400
12 12 0.99685800
12 13 0.00114049
105 106 0.00068125
105 104 0.00054852
105 105 0.97637300
105 107 0.00082903
9 9 0.91675800
99 100 0.00078137
99 99 0.98280300
38 38 0.78681000
93 93 0.91713800
14 15 0.00065072
14 14 0.99681200
100 100 0.98300900
46 46 0.99819200
86 86 0.99797900
70 69 0.00718894
70 70 0.98386500
70 72 0.00199658
70 71 0.00414350
54 54 0.99778100
66 67 0.00514044
66 65 0.00980030
66 66 0.97966600
66 68 0.00269423
114 114 0.99258100
114 116 0.00301364
36 36 0.99981200
4 4 0.99838100
81 81 0.98909300
15 15 0.99732300
87 87 0.99799900
