44 43 0.00054312
44 44 0.96263000
89 92 0.00179890
89 89 0.99736600
35 35 0.97923500
11 11 0.94327900
142 142 0.99990100
48 48 0.04626780
62 62 0.96257100
103 103 0.96487400
103 104 0.00051170
103 102 0.00184385
103 105 0.00520538
74 74 0.97942400
74 73 0.00094803
74 72 0.00212134
17 17 0.61476300
61 61 0.96264400
5 5 0.95631800
37 37 0.98234700
19 19 0.81234000
71 70 0.00481650
71 69 0.01724130
71 71 0.96023600
136 136 0.98284300
101 103 0.00458296
101 100 0.00134053
101 101 0.96806000
101 102 0.00157022
92 92 0.99584800
92 94 0.00052183
95 97 0.01071450
95 95 0.98566600
122 121 0.01559880
122 123 0.00220403
122 124 0.07080110
122 122 0.90972800
65 65 0.96204700
106 108 0.00522465
106 107 0.00057027
106 105 0.00211924
106 106 0.96447000
144 144 0.99979200
111 110 0.00081942
111 112 0.00170536
111 111 0.97121800
111 113 0.00808319
29 29 0.87495200
130 130 0.25937500
84 84 0.99908400
51 51 0.99899000
127 129 0.01121320
127 126 0.00079880
127 127 0.93202800
127 128 0.00055382
107 106 0.00056640
107 109 0.00526747
107 107 0.96627600
113 113 0.97202400
113 114 0.00134184
113 115 0.00816416
102 101 0.00194469
102 102 0.29452800
102 104 0.00510304
40 39 0.00152417
40 40 0.89316100
123 122 0.01081320
123 124 0.00292899
123 125 0.07004130
123 123 0.91414600
69 68 0.00285831
69 69 0.62269800
69 67 0.01118150
110 110 0.96616800
110 112 0.00803113
110 111 0.00057052
78 78 0.98286900
109 111 0.00553948
109 109 0.29547200
145 145 0.99987000
50 50 0.17905600
63 63 0.96268300
55 55 0.99881200
53 53 0.99899700
97 97 0.98192200
59 59 0.66504700
77 77 0.90195400
26 26 0.97124100
131 131 0.08567310
47 47 0.96276800
140 140 0.05696560
85 88 0.00082356
85 85 0.99873400
138 138 0.05865760
8 7 0.00065533
8 8 0.94758800
73 73 0.97771300
73 72 0.00140501
73 71 0.00338703
2 2 0.05413760
24 24 0.64652400
96 96 0.98216000
96 98 0.00077711
137 137 0.74509900
80 80 0.73998000
3 3 0.05924810
60 60 0.04629380
79 79 0.98295000
18 18 0.84388300
91 91 0.99622600
34 34 0.97553500
120 118 0.00051041
120 121 0.00128497
120 119 0.00742919
120 120 0.91209700
120 122 0.06945320
88 88 0.99849000
88 91 0.00126150
72 72 0.96380800
72 70 0.01530850
72 71 0.00323842
94 96 0.00733746
94 94 0.98905400
146 146 0.99987000
98 98 0.98097300
98 100 0.00098990
39 38 0.00088783
39 39 0.98080900
132 132 0.03696940
15 15 0.07657450
87 90 0.00105877
87 87 0.99850400
114 116 0.00839069
114 114 0.97207300
114 115 0.00137250
66 66 0.96274200
54 54 0.99900700
81 81 0.03708040
4 4 0.81255100
36 36 0.98243000
86 89 0.00088567
86 86 0.99876500
70 68 0.01446860
70 70 0.87828500
70 69 0.00251704
46 46 0.96230100
100 101 0.00456007
100 102 0.00494300
100 99 0.00050414
100 100 0.97143500
14 14 0.94010900
14 13 0.00083357
38 38 0.98162800
99 101 0.00425405
99 99 0.97512400
99 100 0.00255738
9 8 0.00066145
9 9 0.94736700
93 93 0.99233900
93 95 0.00380399
105 104 0.00204689
105 106 0.00059834
105 105 0.96431600
105 107 0.00521762
41 41 0.63500000
41 40 0.00135111
143 143 0.99987800
12 11 0.00068919
12 12 0.94301800
58 58 0.72367600
126 126 0.92515500
126 127 0.00206744
126 125 0.00139932
126 128 0.03798900
23 23 0.58176700
147 147 0.99987700
10 10 0.94371400
7 7 0.95570600
7 6 0.00051754
104 103 0.00194582
104 105 0.00057142
104 106 0.00530703
104 104 0.96445000
115 117 0.00916048
115 115 0.97176100
115 116 0.00137716
133 133 0.73988900
27 27 0.94085700
119 118 0.00398264
119 121 0.06373350
119 119 0.92392300
119 120 0.00094893
52 52 0.99900500
20 20 0.95815700
64 64 0.96254800
128 130 0.00691838
128 128 0.96118100
21 21 0.96140100
68 67 0.00256458
68 68 0.88414700
68 66 0.00800987
28 28 0.94184000
76 76 0.98121100
76 75 0.00051868
108 108 0.96649600
108 110 0.00540834
57 57 0.94333200
49 49 0.60986400
30 30 0.80581600
117 117 0.96243400
117 118 0.00059883
117 119 0.03196880
56 56 0.45355700
43 42 0.00132721
43 43 0.66746100
31 31 0.79109600
16 16 0.60680800
82 82 0.08628550
67 66 0.00147939
67 67 0.66505600
67 65 0.00234069
32 32 0.75810200
118 117 0.00095082
118 118 0.93166500
118 120 0.05959370
118 119 0.00072596
135 135 0.98281500
139 139 0.07460310
75 74 0.00102362
75 73 0.00071265
75 75 0.98076400
124 124 0.91826100
124 123 0.00685803
124 126 0.06919850
124 125 0.00365409
33 33 0.11096600
1 1 0.05703900
125 125 0.92385300
125 127 0.06479570
125 126 0.00379987
125 124 0.00202791
45 45 0.96222800
112 114 0.00808651
112 112 0.97122300
112 111 0.00080826
112 113 0.00165497
13 13 0.94003300
13 12 0.00086015
83 83 0.26624500
141 141 0.99990900
129 129 0.98840300
129 131 0.00058507
116 118 0.02398940
116 116 0.97054700
116 117 0.00094194
90 90 0.99628800
90 93 0.00168863
25 25 0.86356600
134 134 0.98287600
6 6 0.95598200
42 42 0.89250200
42 41 0.00159346
22 22 0.93392900
121 123 0.07100650
121 121 0.90986000
121 120 0.01498120
121 122 0.00177347
