10 16 9 16 0.10335100
10 23 9 23 0.00069813
10 23 9 22 0.00088091
10 17 10 18 0.00051388
10 17 9 16 0.07663360
144 155 144 155 0.05682000
40 47 40 47 0.28359400
3 20 2 19 0.00376570
3 14 3 14 0.01877110
6 15 6 15 0.17376800
28 145 28 145 0.17175900
29 144 29 144 0.17594100
26 147 26 147 0.02919290
20 156 20 156 0.02613640
20 26 20 26 0.01554440
20 32 19 32 0.03253990
20 154 20 154 0.05616010
20 27 20 27 0.34084200
20 28 20 28 0.03550730
11 22 10 21 0.00164283
22 30 22 30 0.05605670
7 14 7 13 0.00161039
7 14 7 14 0.46983700
4 19 3 18 0.00178825
4 157 3 157 0.05044770
4 13 4 11 0.00094388
4 13 3 12 0.00120019
146 153 146 153 0.07580640
27 146 27 146 0.06339890
39 48 39 48 0.37908700
19 28 18 28 0.01395440
19 33 19 34 0.00072666
19 33 18 33 0.00979280
147 152 147 152 0.08989180
122 135 122 135 0.23856300
123 134 123 134 0.24844200
124 133 124 133 0.91629700
21 26 20 26 0.00480094
21 26 21 26 0.42155500
21 153 21 153 0.02654140
21 27 20 27 0.00233839
21 27 21 27 0.02062890
23 29 23 29 0.05642330
5 156 4 156 0.04464230
5 12 5 10 0.00089925
5 12 4 11 0.00145981
5 16 5 15 0.00754182
5 16 5 16 0.63453400
5 16 4 16 0.00052514
5 18 5 19 0.00061442
125 132 125 132 0.34072000
24 28 24 28 0.05890950
25 148 24 148 0.00188869
8 18 8 17 0.03867180
8 18 7 18 0.12604500
145 154 145 154 0.08937640
