100 107 100 107 0.85882300
147 152 147 152 0.07758310
147 153 147 153 0.03185280
15 46 15 47 0.00054527
15 46 16 46 0.28053400
15 46 14 46 0.00558103
36 45 36 45 0.06532740
34 39 34 39 0.32528600
34 40 33 40 0.00074732
95 112 95 112 0.08143200
99 111 99 111 0.05155560
137 146 137 146 0.00400380
67 139 66 139 0.00253103
90 117 90 117 0.70815500
65 144 65 144 0.10803100
65 144 64 144 0.00126172
65 140 65 140 0.36978400
80 126 80 126 0.14928600
83 124 82 124 0.00136577
83 124 83 123 0.00062094
141 151 141 151 0.07530030
76 130 76 130 0.03449020
76 131 76 131 0.75499100
13 48 13 47 0.00104118
38 43 38 43 0.07432900
142 150 142 150 0.07909570
16 45 15 45 0.00216961
16 45 17 45 0.19390000
16 45 16 46 0.00125700
56 157 56 157 0.65899200
25 48 25 47 0.00088222
25 48 25 48 0.08439250
87 120 87 120 0.70956300
23 52 23 52 0.42086800
5 12 5 13 0.01696390
5 14 5 13 0.00536748
5 14 6 15 0.00100122
21 42 21 42 0.04263230
21 54 21 54 0.01477500
79 127 79 127 0.97131200
2 11 2 12 0.05713380
2 11 2 11 0.06146560
102 109 102 109 0.01090430
30 43 30 43 0.12717500
30 36 30 36 0.03175600
58 155 58 155 0.48062400
58 154 59 154 0.00068941
85 122 85 122 0.63899300
153 158 153 158 0.00183465
96 112 96 112 0.67391200
77 130 77 130 0.56547200
143 149 143 149 0.08672260
143 150 143 150 0.06171160
97 111 97 111 0.59183800
71 138 71 138 0.06553510
71 135 71 135 0.49734500
138 145 138 145 0.01618600
89 118 89 118 0.60507200
78 129 78 129 0.58128300
78 128 78 128 0.15016800
33 47 33 47 0.02547600
33 48 33 48 0.02879830
55 158 55 158 0.84526300
88 119 88 119 0.70957200
82 125 82 124 0.00111599
82 125 82 126 0.00055780
60 152 60 153 0.00074071
57 155 57 155 0.10873400
54 159 54 159 0.54294900
28 45 28 45 0.47552200
28 46 27 46 0.00146730
28 46 28 45 0.00336346
28 46 29 46 0.00059296
139 144 139 144 0.04986170
26 47 26 46 0.00063739
75 132 75 132 0.55183100
75 131 75 131 0.10434000
91 116 91 116 0.67978100
20 43 21 43 0.00541203
20 43 20 43 0.03227870
20 55 20 55 0.01073890
3 10 3 11 0.12823000
3 10 3 10 0.26725600
86 121 86 121 0.66071500
81 126 81 126 0.46981100
6 13 7 14 0.00185608
98 112 98 112 0.05309070
35 45 35 45 0.03765170
14 47 15 47 0.13343600
72 134 72 134 0.52950100
72 137 72 137 0.02804310
68 138 67 138 0.00211970
27 47 27 46 0.00298159
39 45 39 45 0.04497840
53 160 53 160 0.80688500
66 143 66 143 0.02302620
66 139 66 139 0.79330800
152 159 152 159 0.00086738
19 44 19 45 0.00093657
19 44 20 44 0.10297000
140 147 140 147 0.02093160
84 123 83 123 0.00056234
84 123 84 123 0.62601300
22 53 22 53 0.03318870
22 41 22 41 0.06161330
32 48 32 48 0.02514290
32 41 32 41 0.12593900
69 137 69 137 0.47844600
69 140 69 140 0.01017170
31 49 31 50 0.00079446
31 43 31 42 0.00075142
31 35 31 35 0.14206600
31 36 31 36 0.11315400
146 153 146 153 0.06962570
4 9 4 10 0.15283100
4 15 4 14 0.02400050
4 13 4 14 0.12704800
