42 97 42 97 0.01531768
117 138 117 138 0.32824056
15 25 15 25 0.04720959
15 24 15 24 0.01542799
43 96 43 96 0.00898439
43 115 43 115 0.00199161
134 153 134 153 0.00601776
134 145 134 145 0.00361195
37 144 37 144 0.00630600
37 104 37 104 0.02350687
37 90 37 90 0.00656937
37 121 37 121 0.00398773
1 18 1 18 0.02146350
1 43 1 43 0.01361260
19 38 19 38 0.01269880
19 136 19 136 0.00640387
19 37 19 37 0.00752767
33 124 33 124 0.00427483
33 108 33 108 0.00612040
33 149 33 149 0.01733902
33 94 33 94 0.00607637
33 127 33 127 0.00069412
32 125 32 125 0.00246825
32 128 32 128 0.00072253
32 95 32 95 0.00465913
32 109 32 109 0.00386690
17 23 17 23 0.07112709
17 138 17 138 0.00629179
17 39 17 39 0.01198590
6 13 6 13 0.09200842
6 38 6 38 0.00545457
7 12 7 12 0.10414009
7 37 7 37 0.00416863
113 142 113 142 0.06943567
113 132 113 132 0.01653253
47 93 47 93 0.02292334
47 60 47 60 0.03947262
47 55 47 55 0.02460258
47 149 47 149 0.04815133
20 37 20 37 0.01575677
20 135 20 135 0.00634043
29 130 29 130 0.00208563
4 40 4 40 0.01744838
4 15 4 15 0.07195379
36 145 36 145 0.00881414
36 122 36 122 0.00376440
36 146 36 146 0.00711233
36 91 36 91 0.00943447
36 105 36 105 0.00863615
34 93 34 93 0.00550733
34 148 34 148 0.01099601
34 123 34 123 0.00376913
39 102 39 102 0.01203323
39 142 39 142 0.00586787
21 36 21 36 0.02792340
21 134 21 134 0.00796400
140 145 140 145 0.00786849
140 148 140 148 0.02281882
115 140 115 140 0.05990400
133 146 133 146 0.00238010
14 142 14 142 0.01674245
14 25 14 25 0.00933047
14 30 14 30 0.00572417
14 42 14 42 0.00179794
12 19 12 19 0.00169564
12 20 12 20 0.00158846
12 144 12 144 0.00312133
12 28 12 28 0.00887503
125 130 125 130 0.01243623
125 132 125 132 0.19424968
125 132 125 131 0.00234107
125 131 125 131 0.36659229
125 131 125 132 0.00371006
18 38 18 38 0.00796377
114 141 114 141 0.07592667
11 29 11 29 0.01254950
38 103 38 103 0.00860123
38 143 38 143 0.00619260
38 120 38 120 0.00430500
35 106 35 106 0.00629910
35 146 35 146 0.00642002
35 122 35 122 0.00358440
35 92 35 92 0.02980170
35 147 35 147 0.01019953
5 14 5 14 0.22064613
5 39 5 39 0.03266822
108 138 108 138 0.00563737
108 119 108 119 0.00440350
137 150 137 150 0.01160115
111 134 111 134 0.01713663
31 96 31 96 0.00445327
31 150 31 150 0.01618042
31 126 31 126 0.00201807
118 128 118 128 0.02691862
118 137 118 137 0.38390301
22 35 22 35 0.02785477
22 133 22 133 0.00689663
120 136 120 136 0.05399149
120 135 120 135 0.03448094
120 126 120 126 0.03302517
121 126 121 126 0.01185780
121 135 121 135 0.10072446
110 135 110 135 0.01224200
23 32 23 32 0.01064137
23 132 23 132 0.00541897
128 136 128 136 0.00350843
45 151 45 151 0.04063933
45 95 45 95 0.02152403
45 62 45 62 0.03206707
45 57 45 57 0.00970104
123 134 123 134 0.03193108
123 134 123 133 0.00060387
123 133 123 134 0.00123055
123 133 123 133 0.30142998
123 129 123 129 0.00803108
50 145 50 145 0.01902853
124 133 124 133 0.06948773
135 144 135 144 0.00554259
135 152 135 152 0.00808752
112 133 112 133 0.01689850
109 118 109 118 0.00366243
109 136 109 136 0.01144383
122 134 122 134 0.11355527
49 91 49 91 0.01275807
49 147 49 147 0.03469100
49 146 49 146 0.01672277
53 146 53 146 0.01642443
48 148 48 148 0.03576933
129 135 129 135 0.00592260
138 149 138 149 0.01844500
30 97 30 97 0.00508003
30 151 30 151 0.01667413
30 128 30 128 0.00113882
30 129 30 129 0.00127607
119 127 119 127 0.04376335
119 136 119 136 0.15984518
141 147 141 147 0.03905312
54 145 54 145 0.01296347
40 101 40 101 0.05508813
136 151 136 151 0.00833353
136 143 136 143 0.00785301
46 94 46 94 0.01944217
46 61 46 61 0.03665861
46 150 46 150 0.03914167
16 139 16 139 0.01181294
16 24 16 24 0.06361776
13 43 13 43 0.00083335
13 143 13 143 0.00904180
13 18 13 18 0.00256777
13 26 13 26 0.00724137
13 31 13 31 0.00342021
13 19 13 19 0.00237579
24 33 24 33 0.02015563
