8 41 8 41 0.11805118
146 154 146 154 0.00117836
91 108 91 108 0.34250616
94 153 94 153 0.00185582
94 105 94 105 0.30748001
94 140 94 140 0.00097275
56 73 56 73 0.08175594
61 67 61 67 0.08266166
12 38 12 38 0.42146260
12 37 12 37 0.00928446
9 40 9 40 0.32840539
45 85 45 85 0.52507559
45 157 45 157 0.00313632
84 157 84 157 0.00113053
120 128 120 128 0.46387283
83 158 83 158 0.00054502
57 72 57 72 0.31423749
53 77 53 77 0.19425242
14 35 14 35 0.00660460
14 36 14 36 0.33515793
138 156 138 156 0.01995090
138 153 138 153 0.17753689
117 131 117 131 0.50381941
122 126 122 126 0.19721684
49 78 49 78 0.00122468
49 81 49 81 0.29696660
143 151 143 151 0.00098139
143 147 143 147 0.00415286
43 90 43 90 0.10934469
43 159 43 159 0.01740615
48 79 48 79 0.00060385
48 82 48 82 0.54991437
116 132 116 132 0.50759746
115 133 115 133 0.50864068
6 154 6 154 0.07441833
58 71 58 71 0.09666859
15 34 15 34 0.00585244
15 35 15 35 0.31996738
21 30 21 30 0.39872455
1 158 1 158 0.00837117
1 159 1 159 0.30343384
44 89 44 89 0.04895964
44 158 44 158 0.01577327
13 36 13 36 0.00816438
13 37 13 37 0.28556116
4 45 4 45 0.01308003
4 137 4 137 0.00727943
55 76 55 76 0.07932656
50 80 50 80 0.38003246
50 77 50 77 0.00071446
46 84 46 84 0.37498518
145 155 145 155 0.00096853
136 158 136 158 0.01496333
136 151 136 151 0.00391139
97 137 97 137 0.00059981
97 102 97 102 0.30484918
147 153 147 153 0.00200285
95 139 95 139 0.00113986
95 104 95 104 0.26997140
92 155 92 155 0.00569180
92 107 92 107 0.31744447
118 130 118 130 0.64561839
5 155 5 155 0.09499007
5 44 5 44 0.04483198
108 138 108 138 0.01111901
137 151 137 151 0.00684670
137 154 137 154 0.06388601
137 157 137 157 0.01192723
137 152 137 152 0.01160158
88 112 88 112 0.01634683
20 29 20 29 0.00644668
16 34 16 34 0.33039067
109 137 109 137 0.01516601
93 154 93 154 0.00326721
93 106 93 106 0.33153691
114 134 114 134 0.50547564
2 158 2 158 0.27905684
2 157 2 157 0.00391340
2 159 2 159 0.01946417
113 135 113 135 0.49303832
140 151 140 151 0.12542743
140 147 140 147 0.01650002
144 148 144 148 0.31020163
144 150 144 150 0.00655114
112 136 112 136 0.51834355
112 137 112 137 0.00350390
41 92 41 92 0.00179475
10 39 10 39 0.20600554
52 78 52 78 0.36377336
52 75 52 75 0.00451258
96 138 96 138 0.00658705
96 103 96 103 0.42768359
47 83 47 83 0.38396991
85 156 85 156 0.02736780
139 151 139 151 0.02240316
3 158 3 158 0.03504683
3 46 3 46 0.00373250
3 157 3 157 0.13038187
17 33 17 33 0.33072444
51 76 51 76 0.00463877
51 79 51 79 0.48921480
135 159 135 159 0.00068809
135 152 135 152 0.00095915
141 148 141 148 0.00571281
141 150 141 150 0.31432231
89 111 89 111 0.08505467
