55 52 0.00663605
55 54 0.01173756
55 51 0.00093801
55 48 0.00178800
55 49 0.44301654
147 141 0.32283704
94 89 0.00110857
94 87 0.00051010
94 85 0.00168011
94 88 0.69660364
78 72 0.50134500
137 131 0.13218248
137 132 0.00258004
137 130 0.00935417
32 33 0.13904949
32 26 0.07162779
32 32 0.01151124
32 25 0.00437918
32 30 0.07878061
32 29 0.07402042
32 28 0.01341633
32 27 0.01325014
122 116 0.77720003
122 117 0.00655004
122 115 0.03907488
73 67 0.33518838
73 68 0.00941467
73 66 0.01594315
73 71 0.00147595
43 38 0.00325072
43 39 0.01996473
43 37 0.14095096
43 40 0.00068102
43 44 0.00813258
43 42 0.00305299
43 36 0.25504045
141 135 0.50057672
15 12 0.00725619
15 10 0.00658045
15 11 0.00056898
15 15 0.02589842
15 16 0.09895864
15 14 0.34302326
15 13 0.00265586
42 38 0.01963738
42 39 0.00135666
42 37 0.00081771
42 43 0.02932459
42 41 0.00270891
42 35 0.12625612
42 36 0.15780547
2 1 0.00939504
2 3 0.00185597
2 2 0.13136091
82 76 0.63379229
82 80 0.00068477
14 11 0.00684446
14 12 0.00924725
14 15 0.12338671
14 9 0.00246048
14 14 0.02958729
14 13 0.32365284
60 54 0.92628897
60 58 0.00117011
60 53 0.00193508
138 133 0.00152930
138 132 0.74283841
138 131 0.00695665
103 97 0.32908396
103 96 0.00113699
58 57 0.00081557
58 52 0.94011010
58 55 0.00221801
58 51 0.00139003
58 54 0.00050302
132 125 0.06430478
132 127 0.02921406
132 126 0.67725491
65 59 0.50124949
65 63 0.00483971
65 58 0.01408216
72 66 0.37144070
72 65 0.00848469
72 67 0.00404614
72 70 0.00164174
3 4 0.00415439
3 2 0.00452095
3 3 0.13122310
3 1 0.00363563
79 77 0.00067311
79 74 0.00059474
79 73 0.82658365
110 103 0.01369256
110 104 0.38431630
146 139 0.00111131
146 140 0.40185464
68 62 0.09909679
68 64 0.00054004
68 66 0.00285171
68 61 0.00242239
5 3 0.00240577
5 4 0.00905866
5 5 0.14529715
5 6 0.03286613
7 8 0.02372026
7 4 0.00075276
7 7 0.01763550
7 5 0.00531668
7 6 0.00507886
17 12 0.01211244
17 15 0.00621774
17 17 0.02169694
17 13 0.00211936
17 16 0.28829092
17 18 0.15165113
17 14 0.01961598
69 64 0.00655953
69 67 0.00280391
69 63 0.19470482
69 62 0.00147038
75 73 0.00062967
75 69 0.62649097
75 70 0.00165757
75 68 0.00426810
12 9 0.01300057
12 11 0.18786900
12 12 0.09377809
12 10 0.01703962
12 13 0.09067802
87 81 0.67109499
88 82 0.81428562
88 83 0.00069373
26 25 0.00224481
26 23 0.08336213
26 27 0.00655121
26 20 0.00284691
26 24 0.24428222
26 22 0.03802623
26 26 0.00363756
26 21 0.02376085
97 92 0.00127886
97 91 0.52684076
97 90 0.00202778
35 32 0.00994803
35 33 0.03123749
35 34 0.00062314
35 36 0.00725042
35 35 0.00189489
35 28 0.07115780
35 29 0.08329486
35 31 0.04252196
35 30 0.00815197
36 32 0.03092388
36 37 0.12226912
36 33 0.00598387
36 34 0.02217160
36 29 0.07685609
36 35 0.00071091
36 36 0.00134282
36 30 0.07078692
36 31 0.01437092
29 24 0.02984786
29 26 0.05637421
29 25 0.00394591
29 30 0.12782227
29 28 0.00062806
29 29 0.01211485
29 27 0.06702968
29 23 0.03324362
62 55 0.00292645
62 60 0.00163297
62 59 0.00118491
62 56 0.46905305
57 50 0.00137913
57 54 0.00522937
57 51 0.93855182
57 55 0.00280595
63 57 0.49437603
63 59 0.00064389
63 56 0.00317015
63 61 0.00247151
67 60 0.01230957
67 65 0.00464624
67 61 0.36500179
19 16 0.02253223
19 18 0.32099592
19 14 0.04286676
19 17 0.01859800
19 13 0.00050186
19 15 0.01827654
19 19 0.02412017
19 20 0.13114262
128 123 0.03744862
128 122 0.59405521
128 121 0.01953409
113 107 0.51974664
113 106 0.00079223
61 59 0.00146164
61 54 0.00495132
61 55 0.59857603
115 109 0.66806693
115 108 0.01585664
21 16 0.07009309
21 22 0.14668972
21 18 0.01927356
21 17 0.00476360
21 21 0.01981656
21 15 0.00908355
21 19 0.14100499
21 20 0.21634569
59 52 0.00092734
59 56 0.00157417
59 53 0.86614677
37 32 0.02983090
37 34 0.00423579
37 33 0.05618547
37 37 0.00142958
37 38 0.10019864
37 36 0.00437850
37 35 0.00086731
37 31 0.11483579
37 30 0.29135455
81 75 0.60523879
81 79 0.00068027
53 47 0.48449795
53 52 0.00606240
53 46 0.00429641
53 50 0.00236883
145 139 0.44019467
145 138 0.00097629
117 110 0.01485205
117 111 0.61541855
38 31 0.34911201
38 35 0.00217811
38 36 0.00404841
38 38 0.00131000
38 39 0.08861756
38 33 0.03599285
38 34 0.05807856
38 37 0.00472224
38 32 0.05216777
76 71 0.00054702
76 74 0.00058822
76 70 0.54234264
76 69 0.00275005
106 99 0.00539350
106 100 0.52603626
143 137 0.56820451
96 90 0.57768106
96 91 0.00136252
96 89 0.01620730
45 45 0.00056437
45 41 0.00710071
45 46 0.00371791
45 44 0.00208353
45 42 0.00050259
45 40 0.00067894
45 39 0.11606740
45 38 0.11953031
24 21 0.07937054
24 18 0.00239479
24 22 0.03946682
24 24 0.00772247
24 20 0.06113108
24 23 0.02100807
24 19 0.00116406
24 25 0.03329776
90 85 0.00096717
90 84 0.55334909
52 51 0.01474949
52 47 0.00056931
52 49 0.00242837
52 45 0.14145587
52 48 0.00075862
52 46 0.36823414
120 114 0.57921294
120 115 0.00180651
120 113 0.00212584
22 19 0.01430507
22 23 0.02635033
22 20 0.20885587
22 16 0.00249064
22 18 0.03930214
22 22 0.01144202
22 21 0.12062824
22 17 0.01496671
153 146 0.00180988
153 147 0.56047358
95 89 0.58340014
95 90 0.00167199
95 88 0.00230166
95 86 0.00178040
31 24 0.00205294
31 32 0.06627633
31 26 0.01270846
31 31 0.00970895
31 25 0.06185457
31 27 0.00608491
31 29 0.25964165
31 28 0.08117283
10 8 0.00144023
10 10 0.29444803
10 11 0.06807237
10 9 0.17452660
10 7 0.01151952
48 43 0.00245095
48 47 0.00363455
48 45 0.00159165
48 49 0.00069977
48 41 0.47400339
48 46 0.00133804
48 42 0.07232809
48 44 0.00112682
129 124 0.03618667
129 123 0.58696231
129 122 0.03911551
44 40 0.01342560
44 41 0.00190798
44 45 0.00646000
44 38 0.13416032
44 39 0.00664837
44 37 0.01231234
44 43 0.00190128
23 23 0.00882448
23 20 0.05721544
23 19 0.04400834
23 17 0.00057002
23 21 0.18253782
23 18 0.04568981
23 22 0.01885145
23 24 0.00304652
41 35 0.08952779
41 36 0.00288636
41 42 0.05192756
41 40 0.00181561
41 37 0.01690647
41 34 0.36156938
41 38 0.00192295
16 16 0.02401313
16 14 0.00270753
16 17 0.12033467
16 13 0.02083957
16 12 0.00217534
16 11 0.00741576
16 15 0.45446352
91 85 0.64778956
91 86 0.00073171
91 82 0.00082614
119 113 0.47660971
119 114 0.00129475
119 112 0.00212114
86 80 0.47972574
86 81 0.00078172
20 21 0.08320045
20 17 0.00396074
20 14 0.00459889
20 18 0.06908931
20 16 0.02553205
20 20 0.02212376
20 15 0.03441367
20 19 0.27795188
71 69 0.00372235
71 66 0.01244237
71 65 0.29153407
71 64 0.02853156
9 6 0.00084556
9 7 0.01422291
9 10 0.02080738
9 8 0.01646412
9 9 0.37345910
105 99 0.72506552
105 98 0.00517703
121 116 0.00240457
121 115 0.73191225
121 114 0.03837750
112 106 0.52899509
112 105 0.00082952
130 123 0.06732718
130 124 0.19400895
130 125 0.03549687
39 37 0.00063852
39 39 0.00061181
39 33 0.11434466
39 34 0.01241533
39 32 0.31995553
39 38 0.00210536
39 36 0.00422721
39 35 0.01619201
39 40 0.07557325
109 102 0.01332617
109 103 0.26684513
127 122 0.03921417
127 120 0.03342152
127 121 0.60178329
131 124 0.03906342
131 125 0.49665909
131 126 0.03527419
18 13 0.04224457
18 17 0.16112102
18 14 0.00421114
18 18 0.02311961
18 16 0.00603700
18 19 0.14802125
18 15 0.02584359
18 12 0.00096175
140 134 0.26565856
99 93 0.60130596
99 92 0.00171706
84 79 0.00059934
84 78 0.63459764
135 130 0.03560668
135 129 0.55061276
135 128 0.03739053
33 30 0.01992117
33 31 0.04371254
33 27 0.06885704
33 29 0.02100568
33 28 0.00751201
33 26 0.00751674
33 33 0.00216137
33 34 0.00686278
51 47 0.00228887
51 48 0.00057887
51 44 0.16083544
51 50 0.00646907
51 45 0.17315542
102 96 0.39240088
102 95 0.01752746
46 40 0.22967810
46 44 0.00173837
46 42 0.00840633
46 41 0.01556759
46 45 0.01010936
46 47 0.00150354
46 43 0.00051422
46 39 0.14395313
27 21 0.00232100
27 26 0.01053258
27 24 0.07976455
27 22 0.01488216
27 23 0.02841867
27 27 0.00513012
27 28 0.00580668
27 25 0.01762651
50 44 0.02802752
50 46 0.00119908
50 45 0.00204163
50 49 0.00119941
50 47 0.00073439
50 43 0.01031000
49 44 0.00108280
49 42 0.02233468
49 46 0.00118848
49 48 0.00122360
49 45 0.00189172
49 43 0.06004440
77 70 0.00060464
77 72 0.00050208
77 71 0.65022404
77 75 0.00050738
107 100 0.01602580
107 101 0.72636202
104 98 0.57366309
104 97 0.00499287
149 143 0.16238730
149 142 0.00100642
111 104 0.00069177
111 105 0.60188611
4 3 0.00841954
4 2 0.00168276
4 5 0.04200581
4 4 0.20301702
13 13 0.06438883
13 14 0.14163409
13 11 0.00913636
13 12 0.31770260
13 10 0.01337823
142 136 0.28407198
152 145 0.00385710
152 146 0.51166014
125 118 0.07768875
125 119 0.64285748
125 120 0.04244178
108 102 0.77140657
108 101 0.01358200
28 23 0.00509879
28 27 0.00309009
28 28 0.00502402
28 29 0.00394501
28 25 0.07368570
28 26 0.02236325
28 24 0.00826830
28 22 0.04969079
70 63 0.02286847
70 68 0.00226913
70 66 0.00101668
70 65 0.00314175
70 64 0.72941942
47 45 0.00446339
47 41 0.23641137
47 44 0.00114474
47 42 0.00256630
47 46 0.00280567
47 48 0.00052003
47 40 0.02846016
47 43 0.00159015
34 28 0.10239696
34 29 0.00538787
34 35 0.00503125
34 27 0.05556821
34 30 0.04454529
34 31 0.01349465
34 34 0.00262267
34 32 0.03744317
139 132 0.00725999
139 133 0.74433228
40 36 0.04200258
40 35 0.00328687
40 41 0.14262437
40 40 0.00106731
40 37 0.00143830
40 39 0.00387709
40 34 0.14122558
40 33 0.38669836
40 38 0.00087717
116 110 0.65072956
116 109 0.01433378
98 91 0.01734301
98 92 0.89486930
134 128 0.50598513
134 129 0.03801286
134 127 0.00625517
126 121 0.04164494
126 120 0.65532742
126 119 0.07830592
136 130 0.16694294
136 131 0.00116069
136 129 0.03766145
54 51 0.00558902
54 47 0.06353990
54 53 0.01089731
54 48 0.41606427
148 142 0.25381084
25 20 0.06044472
25 23 0.06157809
25 25 0.00259582
25 21 0.02121313
25 26 0.02958276
25 22 0.10493831
25 24 0.00626339
85 83 0.00056810
85 79 0.44855158
85 80 0.00100394
124 118 0.28778738
124 119 0.03879363
124 117 0.04667615
151 145 0.59301810
151 144 0.00051161
133 126 0.10200123
133 128 0.02836883
133 127 0.49557303
150 144 0.19376691
150 143 0.00086836
6 3 0.00101210
6 6 0.07692544
6 4 0.00212902
6 7 0.04469916
6 5 0.05945966
144 138 0.68137603
144 137 0.00097003
11 12 0.03331904
11 10 0.08473000
11 11 0.19789488
11 8 0.00492219
11 9 0.00988718
30 28 0.31014537
30 23 0.00063677
30 27 0.13579652
30 30 0.01317722
30 25 0.01820163
30 31 0.13488313
30 26 0.00370854
30 22 0.00058243
30 24 0.00885691
83 77 0.63909936
64 57 0.00634327
64 62 0.00319692
64 58 0.69028881
8 9 0.00194318
8 8 0.24632982
8 5 0.00617303
8 7 0.00434848
8 6 0.00066894
100 94 0.69514088
100 93 0.01711693
92 86 0.68509010
92 83 0.00135598
118 111 0.01596648
118 112 0.50473704
118 113 0.00073169
56 49 0.00472345
56 50 0.47405085
56 53 0.00524373
56 55 0.00183196
93 87 0.68700366
93 84 0.00142932
74 69 0.00345664
74 67 0.00108153
74 68 0.29078867
74 72 0.00077054
80 74 0.81969093
80 78 0.00067753
114 107 0.01508520
114 108 0.74391231
89 83 0.72324898
89 84 0.00091552
101 95 0.61878415
101 94 0.01675767
123 118 0.02311484
123 116 0.03953287
123 117 0.71961198
1 2 0.03381197
1 1 0.85223717
66 64 0.00479129
66 60 0.53640250
66 59 0.01626688
