6 9 0.00740055
6 11 0.00081171
6 8 0.03580800
6 6 0.86639500
6 7 0.00189988
18 21 0.00207487
18 18 0.24003400
18 19 0.00085797
18 17 0.00057099
18 20 0.04254960
18 22 0.03801460
18 23 0.01660700
128 134 0.99192100
10 15 0.00298883
10 14 0.00070037
10 13 0.07583170
10 11 0.00090956
10 9 0.00064118
10 12 0.00223627
10 10 0.84153900
107 113 0.93326100
99 105 0.93220700
116 122 0.95352000
104 110 0.93335200
102 108 0.93344700
76 81 0.02396490
76 82 0.89388800
76 80 0.00062430
76 78 0.00119385
76 85 0.00220668
76 83 0.01031150
87 89 0.00135531
87 95 0.00206583
87 93 0.88540900
87 94 0.03696390
87 92 0.00652117
79 88 0.00077887
79 85 0.90122900
79 84 0.01474640
79 75 0.00931515
79 81 0.00133950
79 87 0.00073452
79 86 0.01151620
62 70 0.00195634
62 69 0.09065630
62 67 0.01211430
62 65 0.00097210
62 68 0.74484200
62 66 0.01090080
62 71 0.00217507
62 64 0.00329108
63 71 0.00233814
63 66 0.00118367
63 68 0.01198360
63 69 0.81115300
63 70 0.02520830
63 65 0.00277229
63 72 0.00219467
63 67 0.01092340
54 58 0.00143460
54 61 0.89814300
54 60 0.00378773
54 59 0.01035140
54 57 0.01809940
54 52 0.00054727
119 125 0.02233370
119 120 0.00057488
93 99 0.91972500
93 100 0.01086080
93 95 0.00071271
55 57 0.00074544
55 59 0.00187423
55 61 0.00397494
55 60 0.01067800
55 58 0.01721560
55 62 0.89805600
85 93 0.00252904
85 90 0.00625149
85 92 0.02747970
85 82 0.00348698
85 87 0.00134726
85 91 0.89487500
46 45 0.00115138
46 49 0.00938240
46 48 0.00174848
46 51 0.16744900
46 50 0.00186130
46 52 0.01221300
46 53 0.73522800
46 54 0.00139430
75 79 0.00094978
75 80 0.02552060
75 82 0.00991122
75 81 0.89157700
75 84 0.00242632
75 77 0.00110527
82 88 0.90395300
82 84 0.00134526
82 89 0.01352950
82 90 0.00204118
82 78 0.00342759
82 87 0.01139460
8 13 0.00115079
8 11 0.05198990
8 7 0.00084556
8 8 0.84746600
8 10 0.00807190
25 30 0.32075800
25 25 0.00084319
31 38 0.00076187
31 31 0.00086409
31 37 0.14745500
31 36 0.78214000
114 120 0.02314980
29 29 0.00086975
29 34 0.06436670
14 17 0.05358560
14 19 0.01163160
14 16 0.00578062
14 18 0.01445440
14 14 0.02384650
14 13 0.00195787
36 41 0.55971100
36 42 0.30705900
36 43 0.03005100
36 44 0.00525924
36 35 0.00092117
36 40 0.02962350
48 53 0.03724620
48 54 0.00311282
48 55 0.87184100
48 50 0.00158608
48 56 0.00136457
48 51 0.01232290
59 65 0.10961500
59 67 0.00125685
59 63 0.01293480
59 62 0.00146615
59 64 0.01037620
59 61 0.00335412
59 66 0.72128000
59 68 0.00057084
118 124 0.32119100
73 78 0.02120280
73 79 0.89251700
73 82 0.00279027
73 80 0.01029630
73 75 0.00107803
73 77 0.00281323
91 96 0.00409622
91 97 0.89810800
91 93 0.00124831
91 98 0.01996030
69 77 0.00050135
69 71 0.00107653
69 76 0.01213080
69 75 0.89376900
69 72 0.00121123
69 73 0.01105570
69 78 0.00279628
69 74 0.00673031
43 51 0.02775180
43 48 0.45703700
43 49 0.28015700
43 50 0.13899800
43 46 0.00875054
43 45 0.00067853
43 42 0.00118323
43 47 0.00575929
1 2 0.00768907
1 3 0.01187630
1 1 0.94391300
1 4 0.00756422
38 43 0.55136700
38 45 0.03563530
38 42 0.02822960
38 44 0.28642400
38 46 0.02369050
38 37 0.00108736
47 49 0.00175093
47 51 0.00089187
47 50 0.01078610
47 46 0.00105090
47 55 0.00121064
47 54 0.84347700
47 52 0.06585720
47 53 0.00369814
30 30 0.00087655
30 35 0.04244810
30 36 0.00684303
124 130 0.77872900
124 131 0.00069311
124 129 0.00059474
108 114 0.93299600
40 47 0.05008140
40 46 0.25925000
40 39 0.00118854
40 48 0.04044220
40 45 0.56911200
40 43 0.00420381
40 44 0.00591350
86 91 0.00636975
86 94 0.00238648
86 92 0.88887900
86 83 0.00901422
86 93 0.03343510
86 88 0.00135267
77 86 0.00210147
77 82 0.01679820
77 79 0.00126917
77 84 0.01017500
77 83 0.90153900
103 109 0.93343100
67 71 0.01083100
67 70 0.00165514
67 73 0.89614500
67 74 0.01279130
67 69 0.00124382
67 76 0.00270594
67 75 0.00075288
67 72 0.00499079
17 20 0.04468650
17 22 0.34974300
17 21 0.03055400
17 18 0.01575400
17 16 0.00190402
17 19 0.03016910
17 17 0.42846000
120 121 0.00064730
120 126 0.01026160
121 127 0.07812640
121 122 0.00058327
121 128 0.00055908
3 2 0.00201559
3 3 0.12308900
3 5 0.00432933
3 4 0.01139990
3 6 0.00438819
20 21 0.00202722
20 25 0.80509500
20 24 0.03666740
20 20 0.06817980
20 23 0.00325471
20 22 0.00776317
83 89 0.90590300
83 85 0.00133761
83 88 0.00925168
83 79 0.00321584
83 80 0.00066976
83 91 0.00191120
83 90 0.01438100
22 27 0.07476180
22 22 0.00164067
2 3 0.00933429
2 5 0.00385971
2 1 0.00338220
2 7 0.00091743
2 4 0.00171035
2 2 0.37287000
71 74 0.00054635
71 73 0.00103014
71 80 0.00281996
71 78 0.01076340
71 75 0.00977121
71 76 0.01349140
71 77 0.89006800
115 121 0.25014200
21 21 0.02006360
21 26 0.18606200
21 25 0.00303908
33 33 0.00077012
33 38 0.58974000
33 40 0.00580354
33 41 0.00051475
33 39 0.30980700
33 37 0.00580396
74 81 0.01002450
74 80 0.89110400
74 78 0.00185894
74 79 0.02274070
74 76 0.00108648
74 83 0.00248118
64 67 0.00141303
64 72 0.00227901
64 69 0.00560241
64 70 0.88373500
64 73 0.00225757
64 66 0.00242586
64 68 0.01001790
64 71 0.01497440
44 46 0.00117538
44 50 0.18544400
44 48 0.00497887
44 49 0.43424200
44 51 0.26910300
44 43 0.00117102
44 47 0.00928070
44 52 0.01565050
89 95 0.88520900
89 97 0.00163271
89 94 0.00763375
89 86 0.02460400
89 91 0.00127953
89 96 0.02908560
66 68 0.00150413
66 71 0.00442383
66 70 0.01024340
66 73 0.01285300
66 74 0.00092358
66 69 0.00198865
66 72 0.89551900
66 75 0.00262329
101 107 0.93329900
16 20 0.03650240
16 16 0.47436300
16 19 0.00416904
16 17 0.00440418
16 21 0.01679880
16 18 0.03217450
15 14 0.00149628
15 15 0.28637100
15 20 0.02931500
15 18 0.04369590
15 17 0.00658360
15 19 0.01556380
15 16 0.00120030
24 29 0.02197940
24 24 0.00084303
100 106 0.93311200
35 40 0.55492800
35 39 0.03032500
35 41 0.31764900
35 42 0.02078460
35 43 0.00298033
60 67 0.65475500
60 65 0.01099410
60 63 0.00111290
60 69 0.00076036
60 62 0.00348288
60 64 0.01309160
60 66 0.18033300
60 68 0.00170066
57 64 0.87299300
57 60 0.00777949
57 61 0.00742690
57 59 0.00167507
57 54 0.00059735
57 63 0.00812186
57 62 0.01266720
51 56 0.01221930
51 57 0.00517338
51 49 0.00095648
51 58 0.89540300
51 55 0.00060508
51 54 0.01939000
34 34 0.00070584
34 40 0.01567090
34 38 0.02739210
34 41 0.01271530
34 39 0.55703300
34 42 0.00074885
70 77 0.01197550
70 74 0.01061940
70 73 0.00114302
70 79 0.00280506
70 72 0.00103757
70 75 0.00979210
70 76 0.89147500
112 118 0.06498700
112 109 0.00055624
125 131 0.73066700
125 132 0.00056317
58 65 0.79288200
58 62 0.01093240
58 63 0.01090060
58 55 0.00055272
58 64 0.03105640
58 61 0.00328188
58 60 0.00243809
58 66 0.00078420
96 103 0.01201900
96 102 0.91968500
90 95 0.00593104
90 98 0.00146433
90 97 0.02808430
90 96 0.89503800
90 92 0.00124852
4 9 0.00052035
4 5 0.00193390
4 7 0.00145422
4 6 0.01491990
4 4 0.47030000
52 56 0.00086420
52 50 0.00087238
52 59 0.89821500
52 57 0.01062050
52 55 0.01929120
52 58 0.00399482
109 114 0.00066386
109 115 0.93262600
5 8 0.00383832
5 10 0.00060922
5 5 0.05642800
5 6 0.00180758
5 7 0.03582150
98 104 0.92617300
98 105 0.00108441
110 107 0.00056505
110 116 0.61678900
110 115 0.00091730
12 14 0.00674404
12 15 0.07665800
12 16 0.00561439
12 17 0.00750379
12 12 0.04889960
92 94 0.00118238
92 97 0.00228818
92 99 0.01204190
92 98 0.90832800
81 86 0.01365840
81 87 0.90271700
81 88 0.01314370
81 77 0.00364311
81 89 0.00188825
81 83 0.00135252
105 111 0.93345500
111 108 0.00056408
111 117 0.04924330
32 32 0.00085471
32 39 0.00141378
32 36 0.00299219
32 37 0.75605900
32 38 0.16971400
23 28 0.00969981
23 23 0.00082402
9 12 0.03205830
9 8 0.00089600
9 10 0.00060970
9 14 0.00118858
9 13 0.00052459
9 11 0.00693087
9 9 0.84375500
50 53 0.01924010
50 55 0.02257470
50 57 0.88453700
50 48 0.00094005
50 56 0.00479071
68 72 0.01071690
68 75 0.01221310
68 76 0.00060561
68 74 0.89642500
68 70 0.00113734
68 73 0.00585228
68 77 0.00279780
68 71 0.00162308
7 10 0.03572150
7 8 0.00053962
7 12 0.00100147
7 7 0.84987000
7 9 0.02340050
26 31 0.25038000
26 26 0.00105731
42 45 0.00788489
42 46 0.00443327
42 50 0.03992530
42 41 0.00119722
42 49 0.09630310
42 48 0.27749600
42 47 0.50078400
106 112 0.93347100
27 27 0.00087725
27 32 0.02268920
88 96 0.00191061
88 90 0.00134379
88 94 0.88382800
88 93 0.00680437
88 95 0.03684920
28 33 0.05602550
28 28 0.00096575
95 101 0.91998300
95 102 0.01238500
113 119 0.05634620
113 110 0.00054171
53 59 0.00399021
53 51 0.00064558
53 57 0.00094838
53 56 0.01912860
53 58 0.01026820
53 60 0.89858600
80 85 0.01572650
80 88 0.00135058
80 86 0.90087300
80 87 0.01216740
80 82 0.00134067
80 76 0.00385599
78 84 0.90298800
78 83 0.01483960
78 85 0.01111320
78 87 0.00143362
78 80 0.00134225
123 130 0.00300258
123 128 0.00116392
123 129 0.42158000
122 129 0.01476020
122 127 0.00097017
122 126 0.00064899
122 128 0.02032170
19 24 0.40983600
19 20 0.00185217
19 23 0.01831090
19 22 0.01317210
19 21 0.03522870
19 19 0.18113000
45 49 0.00453612
45 48 0.00925043
45 51 0.07066470
45 50 0.26497100
45 44 0.00116991
45 47 0.00155367
45 52 0.56521100
45 53 0.00332122
13 17 0.00696643
13 16 0.07061550
13 18 0.03061110
13 15 0.00493540
13 13 0.43633300
11 16 0.00402696
11 13 0.00622064
11 11 0.84946400
11 14 0.07996170
11 15 0.00407114
61 64 0.00101381
61 66 0.01166820
61 68 0.15626100
61 65 0.01202480
61 67 0.24678800
61 69 0.00186047
61 63 0.00346961
61 70 0.00198262
37 44 0.03020600
37 45 0.00945122
37 42 0.55162700
37 43 0.31032700
37 41 0.02986440
37 36 0.00101417
126 132 0.92687200
56 59 0.01175330
56 61 0.01261830
56 60 0.00464386
56 58 0.00084899
56 63 0.89472400
56 62 0.00449527
56 53 0.00056801
84 81 0.00198626
84 80 0.00189862
84 91 0.02126870
84 86 0.00134087
84 90 0.90177900
84 92 0.00202914
84 89 0.00658388
39 47 0.03700060
39 38 0.00113446
39 46 0.04942110
39 44 0.56925700
39 43 0.01158450
39 42 0.00118910
39 45 0.25973500
41 40 0.00119664
41 47 0.27555600
41 45 0.00478523
41 44 0.00745475
41 46 0.54684000
41 49 0.04108660
41 48 0.05513840
94 96 0.00055973
94 101 0.01091080
94 100 0.92122100
97 104 0.00657428
97 103 0.92047200
127 133 0.70914700
49 55 0.00362055
49 56 0.87584400
49 57 0.00106270
49 52 0.01819630
49 47 0.00063351
49 54 0.03225730
65 72 0.01364860
65 67 0.00210097
65 73 0.00156382
65 70 0.00445819
65 69 0.00998409
65 74 0.00256074
65 71 0.89500900
65 68 0.00176526
72 77 0.02041230
72 76 0.00376565
72 81 0.00283316
72 78 0.89307900
72 79 0.01087070
72 74 0.00108377
117 123 0.95360100
