44 44 0.29163200
64 64 0.99295300
89 89 0.45335500
101 101 0.14266700
66 66 0.60126700
115 115 0.39217900
21 21 0.83800900
33 33 0.94715600
74 74 0.38067300
20 20 0.65142100
2 2 0.80709900
83 83 0.33477400
22 22 0.88916500
71 71 0.99988400
67 67 0.08731650
120 120 0.69169000
17 17 0.89908600
3 3 0.74915800
121 121 0.48214700
77 77 0.99991400
103 103 0.33477600
124 124 0.43826100
108 108 0.29179800
134 134 0.99987600
40 40 0.98905300
86 86 0.36342900
38 38 0.38975100
1 1 0.96640700
30 30 0.36036700
47 47 0.23125600
43 43 0.33420300
73 73 0.44520400
118 118 0.39539600
69 69 0.53122100
91 91 0.10812100
14 14 0.43574000
29 29 0.42850800
129 129 0.98612900
36 36 0.91556200
59 59 0.99904700
48 48 0.29455900
75 75 0.33477300
114 114 0.39321000
25 25 0.65714700
31 31 0.88373500
8 8 0.84319500
82 82 0.44522300
93 93 0.44110700
55 55 0.36819200
46 46 0.89659200
85 85 0.44520100
76 76 0.44521800
102 102 0.36818500
104 104 0.29180000
87 87 0.85078000
79 79 0.99995100
62 62 0.04092690
63 63 0.99284600
119 119 0.31887400
54 54 0.33477700
107 107 0.33329200
99 99 0.46979200
116 116 0.98897700
18 18 0.99356300
6 6 0.94002000
128 128 0.98607300
10 10 0.82542200
117 117 0.28974000
72 72 0.33118000
65 65 0.39099900
127 127 0.38494400
49 49 0.29179900
97 97 0.99916700
94 94 0.54922000
45 45 0.29451300
61 61 0.99247300
13 13 0.78601000
11 11 0.78246300
56 56 0.14269700
37 37 0.31242400
126 126 0.47626400
41 41 0.39218300
39 39 0.28974500
84 84 0.38067200
113 113 0.33420300
53 53 0.29179900
78 78 0.99993000
123 123 0.99933300
80 80 0.99998100
19 19 0.99356000
130 130 0.95290000
122 122 0.49389700
42 42 0.39321100
106 106 0.29042400
88 88 0.99977500
28 28 0.55952400
27 27 0.55869900
95 95 0.04750930
7 7 0.94004500
26 26 0.81677400
32 32 0.72935800
9 9 0.80269400
50 50 0.33329300
23 23 0.51691200
68 68 0.28976500
110 110 0.12792000
92 92 0.64330100
12 12 0.65069100
81 81 0.99998600
105 105 0.39492300
111 111 0.29451400
131 131 0.61478500
98 98 0.39109800
4 4 0.71076400
90 90 0.62410700
96 96 0.99916000
109 109 0.29455900
52 52 0.39492400
133 133 0.97535400
132 132 0.91466500
5 5 0.91149700
112 112 0.29163200
58 58 0.29803100
125 125 0.36757600
34 34 0.61212600
70 70 0.80526600
15 15 0.61366100
60 60 0.99909500
35 35 0.61198700
24 24 0.68130300
100 100 0.99945000
57 57 0.56280700
51 51 0.29042400
16 16 0.69558200
