137 147 137 147 0.16478800
136 147 136 147 0.32031700
136 144 136 144 0.00541564
96 101 96 101 0.08470760
19 153 19 153 0.02527800
133 151 133 151 0.35657200
138 147 138 147 0.01919510
138 145 138 145 0.50435400
51 107 51 107 0.15559000
51 59 51 59 0.08895930
95 102 95 102 0.08470100
140 145 140 145 0.01896280
134 141 134 141 0.02327030
134 150 134 150 0.14993400
134 149 134 149 0.23490700
134 142 134 142 0.01298750
16 23 16 23 0.77350300
6 153 6 153 0.09689000
9 32 9 32 0.60886100
53 105 53 105 0.17573000
61 73 61 73 0.38531700
61 70 61 70 0.56746300
129 135 129 135 0.01476190
129 153 129 153 0.03755190
129 134 129 134 0.11899500
22 27 22 27 0.03073010
63 68 63 68 0.11919100
52 58 52 58 0.17010700
52 106 52 106 0.18585300
126 133 126 133 0.06935160
126 149 126 149 0.15249300
126 138 126 138 0.00284338
126 150 126 150 0.02401810
126 137 126 137 0.02099220
130 153 130 153 0.19623500
130 145 130 145 0.01877020
130 134 130 134 0.02511030
60 74 60 74 0.34188000
14 25 14 25 0.13865500
123 141 123 141 0.00222202
123 138 123 138 0.00334425
43 118 43 118 0.12457300
132 151 132 151 0.08675310
132 145 132 145 0.00932122
135 149 135 149 0.09061920
135 142 135 142 0.00453532
135 140 135 140 0.04053810
135 141 135 141 0.01739070
135 148 135 148 0.28675900
139 144 139 144 0.42682200
139 145 139 145 0.03003910
50 108 50 108 0.16983100
62 72 62 72 0.04039080
20 152 20 152 0.00419624
20 29 20 29 0.02779640
59 75 59 75 0.09054980
59 72 59 72 0.03510490
45 116 45 116 0.90457100
7 152 7 152 0.06561320
17 22 17 22 0.17127500
127 148 127 148 0.19217600
127 136 127 136 0.07807620
144 148 144 148 0.00443863
113 149 113 149 0.00054335
44 117 44 117 0.88810500
21 151 21 151 0.00412292
128 147 128 147 0.06052460
128 135 128 135 0.10384900
