144 152 144 152 0.00322193
122 153 122 153 0.51116900
24 96 24 95 0.00524457
24 96 23 96 0.58005400
127 136 127 136 0.05699400
127 148 127 148 0.68634900
131 143 132 143 0.00128121
32 90 28 90 0.01412360
32 84 30 82 0.00153398
32 84 30 83 0.02422950
32 84 29 84 0.21872900
32 79 31 78 0.00067380
32 79 30 79 0.00186467
32 87 32 86 0.00767141
32 87 31 87 0.07837800
32 87 28 87 0.05416910
32 87 29 86 0.01623520
32 85 29 85 0.01950860
32 85 29 84 0.01967030
45 67 44 65 0.06324990
45 67 43 66 0.33875300
45 67 42 67 0.51153300
46 66 43 66 0.41409100
46 66 45 64 0.06739290
46 66 44 65 0.34120200
20 101 20 101 0.00242445
34 82 31 82 0.12542400
34 82 31 81 0.11864700
34 82 30 82 0.15910300
34 85 33 84 0.02157910
34 85 33 85 0.08173820
34 84 30 83 0.00242817
34 84 34 83 0.00244501
34 84 33 84 0.14264400
34 84 33 85 0.00054574
128 147 128 147 0.40855100
128 135 128 135 0.07145020
11 108 11 108 0.02024880
21 100 21 100 0.00262182
21 99 21 99 0.00061436
41 72 38 71 0.03587420
41 72 38 72 0.12039600
41 72 39 70 0.00143352
41 72 39 71 0.08934230
41 72 39 72 0.03011720
41 72 40 71 0.05171520
41 72 40 70 0.04304480
41 75 37 75 0.11952900
41 75 39 74 0.03146230
41 75 38 74 0.36509200
44 72 40 72 0.15375200
42 71 38 71 0.00504687
42 71 39 71 0.09107030
42 71 39 70 0.06432610
42 71 40 71 0.00747813
42 71 40 70 0.03977190
42 70 38 70 0.00176468
42 70 40 70 0.00725939
42 70 40 69 0.03407100
42 70 40 68 0.00062198
42 70 39 70 0.07015360
42 70 39 69 0.02297070
42 74 39 74 0.00176506
42 74 38 74 0.12130000
40 76 38 74 0.00302824
40 76 36 76 0.20723400
40 76 37 75 0.43412700
40 73 37 73 0.07630190
40 73 39 71 0.01613030
40 73 39 72 0.02314400
40 73 38 72 0.01971620
15 105 14 105 0.95482400
15 105 15 104 0.00062081
1 14 1 13 0.11566700
49 63 46 63 0.58033300
49 63 48 61 0.06722320
49 63 47 62 0.34084300
36 85 33 84 0.02532510
36 85 33 85 0.05544250
36 83 34 83 0.00629112
36 78 36 76 0.00080492
36 78 34 78 0.07233400
36 78 35 77 0.21749700
3 11 3 10 0.04599200
3 11 3 11 0.16224700
132 145 131 145 0.00052863
120 154 121 154 0.00055595
124 151 125 151 0.00064170
37 77 37 75 0.00079716
37 77 36 76 0.21041500
37 77 35 77 0.08607900
37 84 34 83 0.02359410
37 84 33 84 0.02606520
37 79 34 79 0.00721697
37 79 34 78 0.28847100
37 79 35 77 0.00330905
37 79 36 76 0.00051352
143 153 143 153 0.00236892
50 62 50 62 0.03721160
50 62 48 61 0.29670900
50 62 47 62 0.45612700
50 62 49 60 0.06595180
47 65 44 65 0.41411000
47 65 46 63 0.06739510
47 65 45 64 0.24288100
125 151 125 151 0.60418900
139 144 139 144 0.08642560
135 140 135 140 0.24309500
135 149 135 149 0.00565261
135 142 135 142 0.04753470
135 148 135 148 0.00781054
135 139 135 139 0.02712290
135 141 135 141 0.16506400
28 92 27 92 0.56774100
28 92 28 92 0.00052731
28 90 27 90 0.05185800
28 90 28 89 0.00271613
28 91 28 90 0.00072177
28 87 27 87 0.07691630
31 86 29 85 0.00140237
31 86 29 86 0.00863517
31 86 29 84 0.00050212
31 88 29 88 0.02999510
31 88 28 87 0.01185630
31 88 31 87 0.00752689
129 145 129 145 0.09140910
129 134 129 134 0.12422000
4 12 3 11 0.01649420
4 10 4 10 0.65271400
53 59 53 59 0.03343490
53 59 53 57 0.00055033
53 59 50 57 0.00191388
53 59 50 59 0.09944190
53 59 52 58 0.06455220
53 59 51 59 0.00158886
48 64 46 63 0.24298700
48 64 45 64 0.58195100
48 64 47 62 0.06329840
146 153 146 153 0.00059184
146 151 146 151 0.00322599
134 141 134 141 0.07694180
134 140 134 140 0.00604191
134 150 134 150 0.00596012
134 142 134 142 0.46448100
134 149 134 149 0.00557111
16 104 15 104 0.38659100
33 83 30 83 0.09583940
33 83 30 82 0.06023170
33 83 31 82 0.01359200
33 83 31 81 0.00159522
33 85 29 84 0.00189362
33 85 29 85 0.15960100
33 85 33 85 0.00054545
33 85 33 84 0.00569557
33 89 30 89 0.00847439
123 139 123 139 0.00102554
123 136 123 136 0.00110913
123 152 123 152 0.75665900
26 94 26 93 0.00469493
26 94 25 94 0.98389200
43 69 39 69 0.00550609
43 69 40 69 0.11646400
43 69 40 68 0.08594110
43 69 42 67 0.06516550
43 70 40 69 0.02333120
43 70 40 70 0.06732140
43 70 39 70 0.00757552
43 73 40 72 0.04100910
23 97 23 96 0.00491426
23 97 22 97 0.67934800
14 106 13 106 0.83438600
14 106 14 105 0.00162023
130 145 131 145 0.00310232
12 108 11 108 0.15389400
12 107 12 107 0.02184900
38 76 38 74 0.00062942
38 76 35 77 0.00083960
38 76 37 75 0.19610300
38 76 36 76 0.08586920
38 79 34 79 0.00887271
38 78 35 77 0.46410900
38 78 34 78 0.18449900
38 78 36 76 0.00338930
38 78 37 75 0.00050570
145 152 145 152 0.00052072
145 150 145 150 0.00535939
22 99 21 99 0.32955800
126 143 126 143 0.00450861
126 137 126 137 0.01378070
126 150 126 150 0.10746400
126 149 126 149 0.43594200
52 61 50 59 0.00673443
52 61 49 60 0.00088453
52 61 51 59 0.05959120
52 61 51 61 0.00325460
52 60 50 59 0.27412900
52 60 52 60 0.03215910
52 60 51 59 0.04774710
52 60 49 60 0.18025100
52 58 49 58 0.01238080
52 58 52 58 0.13839700
52 58 50 57 0.01232980
147 152 147 152 0.00108777
136 147 136 147 0.02492820
96 101 96 101 0.01355250
25 95 24 95 0.86721400
25 95 25 94 0.00495721
137 147 137 147 0.04429720
39 74 38 72 0.02609500
39 74 37 73 0.01932350
39 77 35 77 0.20799300
39 77 36 76 0.47231000
39 77 37 75 0.00338911
2 13 2 12 0.03803140
2 12 2 11 0.09842190
2 12 2 12 0.05253290
121 154 121 154 0.97017600
13 107 13 106 0.00151726
13 107 12 107 0.17938000
35 76 32 76 0.00218325
35 84 33 84 0.05946010
35 84 34 83 0.05350280
35 79 35 77 0.00074009
35 79 34 78 0.08229750
35 79 34 79 0.00402259
35 83 34 83 0.01913880
35 83 31 82 0.00110569
35 81 31 81 0.09614250
29 88 28 87 0.00570085
27 91 26 91 0.02186190
27 93 26 93 0.96096600
27 93 27 92 0.00357773
54 59 53 59 0.00139890
54 59 53 57 0.05175240
54 59 51 59 0.06872310
54 59 52 58 0.25924300
95 102 95 102 0.00193015
51 59 50 57 0.00090473
51 59 50 59 0.00317013
51 59 51 59 0.10155300
51 59 49 58 0.01271560
51 62 48 61 0.00067819
51 62 49 60 0.00337155
138 147 138 147 0.00953609
138 145 138 145 0.10844300
5 11 4 10 0.00941231
30 85 29 85 0.23289600
30 85 29 84 0.07043560
30 89 28 89 0.05218810
30 89 30 89 0.00210806
