15 24 15 24 0.41485100
40 81 40 81 0.37714100
36 78 36 78 0.01252410
36 83 36 83 0.12539500
49 63 49 63 0.24352300
42 79 42 79 0.34735200
119 136 119 136 0.05944340
120 135 120 135 0.08032840
109 115 109 115 0.92243400
37 85 36 85 0.00056351
37 85 37 84 0.00063352
117 136 117 136 0.05590010
125 134 125 134 0.04476220
50 62 50 62 0.22675000
47 65 47 65 0.32441200
24 144 24 144 0.01375220
24 96 24 96 0.13717600
127 136 127 136 0.45585300
17 22 17 22 0.85494900
113 137 113 137 0.00441162
113 141 113 141 0.01162640
114 139 114 139 0.00555042
114 136 114 136 0.00189292
20 148 20 148 0.00405303
46 66 46 66 0.32734300
32 90 32 90 0.24543400
7 152 7 152 0.71054800
45 67 45 67 0.28080200
128 135 128 135 0.28369700
21 147 21 147 0.00630234
41 80 41 80 0.27908500
39 82 39 82 0.37253600
25 143 25 143 0.02606880
25 95 25 95 0.27945800
96 101 96 101 0.16287100
27 93 27 93 0.43793600
27 77 27 77 0.00094111
29 75 29 75 0.00855364
13 26 13 26 0.07599900
35 79 35 79 0.02248670
121 134 121 134 0.05286990
107 117 107 117 0.17173700
95 102 95 102 0.12449400
30 74 30 74 0.00850425
129 134 129 134 0.26809700
28 92 28 92 0.74398800
33 89 33 89 0.17207700
33 78 33 78 0.00268572
6 153 6 153 0.10337700
111 139 111 139 0.00361356
14 25 14 25 0.16401800
23 97 23 97 0.18023500
26 94 26 94 0.36906800
43 78 43 78 0.23804300
123 132 123 132 0.02224270
123 133 123 133 0.02299610
126 137 126 137 0.24942600
126 133 126 133 0.05534410
52 61 52 61 0.24352500
108 116 108 116 0.51049100
38 83 38 83 0.26655800
