110 133 113 133 0.00059575
110 133 110 133 0.13000154
81 105 83 107 0.00294954
81 105 84 106 0.00326985
81 104 83 107 0.00242500
81 104 84 106 0.00138897
115 129 115 129 0.12965486
115 127 115 127 0.02222131
54 68 54 67 0.00752601
90 95 92 98 0.12327000
90 95 93 98 0.01039907
90 95 90 100 0.00539327
90 95 91 99 0.00110395
58 64 58 63 0.00315804
86 99 89 101 0.00882763
86 99 86 104 0.00644303
86 99 88 102 0.07859400
86 99 87 103 0.00223740
82 104 85 105 0.00437417
82 104 84 106 0.01398630
82 104 83 107 0.00492140
84 101 86 104 0.13345467
84 101 84 106 0.01089367
84 101 87 103 0.01466687
84 101 85 105 0.00222513
126 140 126 140 0.01237153
79 107 79 110 0.00116891
147 153 147 152 0.00061208
80 103 80 108 0.00079694
80 106 83 107 0.00120289
80 106 80 109 0.00196677
80 106 80 108 0.00081543
112 132 112 132 0.10608633
112 125 115 125 0.00054695
57 65 57 64 0.00507808
107 136 107 136 0.08787367
127 139 127 139 0.00479790
120 127 120 127 0.00059100
131 135 131 135 0.00971269
131 144 131 144 0.00143531
109 134 112 134 0.00185799
109 134 109 134 0.13972703
132 143 132 143 0.00441247
85 100 87 103 0.10924800
85 100 85 105 0.01094900
85 100 88 102 0.01500480
85 100 86 104 0.00223820
108 135 108 135 0.10498300
5 155 5 154 0.00061362
117 124 117 124 0.28879158
89 96 90 100 0.00222255
89 96 92 98 0.00764673
89 96 91 99 0.13255267
89 96 89 101 0.00637183
113 131 113 131 0.22157367
114 130 114 130 0.12374367
114 128 114 128 0.01064834
87 98 87 103 0.00514900
87 98 90 100 0.01227263
87 98 88 102 0.00223626
87 98 89 101 0.13368233
130 136 130 136 0.01155758
88 97 91 99 0.01497180
88 97 89 101 0.00131326
88 97 88 102 0.00643470
88 97 90 100 0.13360233
116 125 116 125 0.28901163
116 125 115 125 0.00087108
83 102 86 104 0.01016447
83 102 83 107 0.00931527
83 102 84 106 0.00086919
83 102 85 105 0.08315367
83 103 85 105 0.00569043
83 103 84 106 0.01007107
83 103 86 104 0.00108576
134 141 134 141 0.00534452
55 67 55 66 0.00437653
