59 59 0.54081277
59 61 0.00866985
77 78 0.00624989
77 77 0.75765049
77 79 0.00478658
26 26 0.79608752
131 131 0.49595750
131 130 0.00090275
47 47 0.66955111
140 140 0.04210976
85 85 0.75245197
138 138 0.56298408
8 8 0.73673052
73 75 0.00764626
73 72 0.00059480
73 73 0.70724864
73 74 0.00742639
2 2 0.05197592
24 24 0.58361016
96 95 0.00128335
96 97 0.00074389
96 96 0.74200664
96 94 0.00122038
137 139 0.00061512
137 137 0.66191426
80 80 0.75607423
80 81 0.01177506
80 82 0.00481369
3 3 0.53413245
60 60 0.53716196
60 61 0.00196328
60 59 0.00053111
60 62 0.00513221
18 18 0.75330338
79 80 0.00177265
79 79 0.65027552
79 81 0.00527984
91 91 0.72131745
91 92 0.00084571
91 90 0.00074321
34 34 0.81245449
120 120 0.67448507
120 122 0.00389869
120 118 0.00778077
120 121 0.00256953
88 88 0.53592868
88 89 0.00158494
72 73 0.00897857
72 72 0.67086803
72 71 0.00112188
72 74 0.00914094
94 94 0.60144700
94 93 0.00110665
146 146 0.90828079
98 98 0.68519686
98 97 0.03568427
98 99 0.00457673
132 131 0.00154088
132 132 0.54018314
39 39 0.38526509
44 44 0.61968585
89 91 0.00079869
89 88 0.00111049
89 90 0.00611874
89 89 0.71668640
35 35 0.86441439
11 11 0.68382596
142 142 0.91362939
48 49 0.00264128
48 50 0.00984126
48 48 0.58564583
62 60 0.00059064
62 63 0.00562349
62 62 0.57411651
62 61 0.00217079
62 64 0.00815188
103 102 0.00165475
103 105 0.00069173
103 104 0.00144751
103 101 0.00060313
103 103 0.25494615
74 76 0.01207620
74 75 0.01273056
74 74 0.71626602
17 17 0.69348019
5 5 0.65360393
61 60 0.00151080
61 62 0.00300723
61 63 0.00585095
61 61 0.60848384
37 37 0.56482938
19 19 0.81634473
71 71 0.71090847
71 72 0.00870705
71 70 0.00150584
71 73 0.00866386
136 136 0.73617192
101 101 0.71370335
101 99 0.00202334
101 100 0.03895222
92 92 0.60293707
95 93 0.00056908
95 95 0.59770466
95 94 0.01132745
122 123 0.00231013
122 121 0.00157071
122 120 0.01324447
122 122 0.63901931
122 124 0.00220397
65 66 0.00906030
65 63 0.00072339
65 67 0.01504281
65 65 0.70238897
65 64 0.00453882
106 108 0.00839420
106 107 0.00069145
106 105 0.00219101
106 104 0.00112483
106 106 0.85592403
144 144 0.94530192
29 29 0.71904265
111 112 0.00247487
111 111 0.57943880
111 113 0.00722285
84 84 0.67856935
130 128 0.00101289
130 130 0.47100050
130 132 0.00343815
130 129 0.00074691
51 50 0.00069114
51 53 0.01949416
51 51 0.67789720
51 52 0.00275675
127 127 0.69530729
127 125 0.01053555
127 126 0.00587921
107 108 0.00243612
107 107 0.75290791
107 109 0.00839608
107 106 0.00280441
107 105 0.00087459
113 115 0.00449997
113 111 0.00060315
113 113 0.63758326
102 102 0.54172002
102 101 0.01153527
102 100 0.00130007
40 40 0.63034458
123 124 0.00132499
123 122 0.00288606
123 125 0.00277036
123 123 0.70102572
123 121 0.01351307
69 70 0.01268148
69 69 0.63037118
69 71 0.01677805
69 68 0.00155990
110 111 0.00247883
110 112 0.00648453
110 110 0.28142593
78 78 0.90938713
78 79 0.00263753
78 80 0.00253214
109 110 0.00170703
109 111 0.00758331
109 109 0.68695089
145 145 0.89477157
50 51 0.00417866
50 52 0.01678612
50 50 0.59525670
50 49 0.00110280
63 61 0.00066614
63 64 0.00554086
63 63 0.74314376
63 65 0.00912664
63 62 0.00321360
55 55 0.84389231
55 57 0.00080980
53 52 0.00428282
53 54 0.00080583
53 53 0.83246415
53 55 0.00090817
97 95 0.00150924
97 96 0.00070992
97 97 0.86358964
97 98 0.00478686
20 20 0.86752070
64 66 0.01004679
64 63 0.00458430
64 62 0.00068190
64 65 0.00283713
64 64 0.73768001
128 126 0.00518655
128 127 0.00816454
128 128 0.57232567
128 130 0.00111834
21 21 0.85901259
68 67 0.00120130
68 68 0.70334688
68 69 0.01160494
68 70 0.01516020
28 28 0.74500692
76 77 0.01117826
76 78 0.00933778
76 76 0.69922667
108 108 0.69963206
108 109 0.00222313
108 106 0.00078474
108 110 0.00211209
57 59 0.02430512
57 57 0.66191604
49 50 0.00450929
49 49 0.64980777
49 48 0.00100428
49 51 0.00896163
30 30 0.33942315
56 58 0.01733676
56 56 0.56873735
117 119 0.00359970
117 117 0.62443578
43 43 0.82346852
31 31 0.57923756
16 16 0.58769108
82 82 0.57251483
82 84 0.00076022
82 83 0.00491139
67 68 0.01170033
67 66 0.00202216
67 69 0.01392820
67 67 0.53840971
67 65 0.00069703
32 32 0.49940774
118 118 0.88563450
118 116 0.00499247
118 120 0.00761085
135 135 0.82080828
135 137 0.00634366
139 139 0.03997201
75 76 0.01093100
75 75 0.88329956
75 77 0.01069863
33 33 0.75255539
124 122 0.01350792
124 124 0.92277351
124 123 0.00496705
124 126 0.00646517
1 1 0.04786946
45 45 0.60723222
125 124 0.00629729
125 123 0.01307913
125 125 0.71495592
112 114 0.00967309
112 111 0.00056129
112 113 0.00077572
112 110 0.00083055
112 112 0.75728641
13 13 0.66168755
83 84 0.00438007
83 83 0.48366864
141 141 0.86599547
116 118 0.00419057
116 116 0.72810903
116 114 0.00164156
129 129 0.26565582
129 131 0.00283046
129 127 0.00161579
129 128 0.00087314
25 25 0.64713808
90 89 0.00116795
90 92 0.00064880
90 91 0.00133564
90 90 0.62640374
134 133 0.00059863
134 136 0.00198201
134 134 0.74312336
6 6 0.55842286
42 42 0.75542903
22 22 0.79965088
121 123 0.00416110
121 121 0.65437253
121 122 0.00313144
121 120 0.00068012
121 119 0.00263846
87 87 0.19360593
15 15 0.29761102
114 116 0.00450827
114 114 0.69086478
114 112 0.00076081
114 113 0.00050050
66 68 0.01664989
66 66 0.54765339
66 65 0.00356157
66 67 0.00474849
66 64 0.00072976
54 56 0.00077271
54 53 0.00233541
54 54 0.81775829
81 83 0.00108242
81 82 0.00309296
81 81 0.58920495
4 4 0.65693858
36 36 0.79645076
70 72 0.02152595
70 70 0.85727653
70 69 0.00132600
70 71 0.01900063
46 46 0.61803435
86 87 0.00137438
86 86 0.49832648
14 14 0.71454719
100 98 0.00088578
100 99 0.03863876
100 100 0.78594088
38 38 0.65108857
99 100 0.00428900
99 99 0.69082033
99 98 0.03585823
9 11 0.00170979
9 9 0.75334643
93 94 0.00112820
93 92 0.00084714
93 93 0.57368231
105 103 0.00119795
105 105 0.75204153
105 104 0.03095110
105 106 0.00124327
105 107 0.00476607
41 41 0.73587938
143 143 0.90970596
12 12 0.61072283
58 58 0.72080188
58 60 0.02443051
126 125 0.00742219
126 126 0.73169697
126 124 0.01061250
23 23 0.61323873
147 147 0.92012117
10 10 0.81100317
7 7 0.33821059
104 105 0.00172168
104 102 0.00067763
104 104 0.89388318
104 106 0.00772103
104 103 0.00403949
115 113 0.00153317
115 115 0.59483383
115 117 0.00416745
115 114 0.00066737
133 133 0.80771959
133 132 0.00177932
27 27 0.75584122
119 119 0.63874018
119 120 0.00127427
119 117 0.00366278
119 121 0.00388276
52 51 0.00136515
52 53 0.00132270
52 52 0.68508102
52 54 0.00965092
