45 44 0.01900080
45 45 0.23380292
45 43 0.00071985
125 125 0.52719999
125 127 0.00082984
125 123 0.01196236
125 124 0.00137519
124 122 0.01202293
124 124 0.94094174
124 126 0.01201045
124 123 0.00113278
33 33 0.72063832
1 1 0.26081455
141 141 0.88598000
129 129 0.47600283
129 131 0.02056104
129 127 0.00184660
116 114 0.00170352
116 116 0.59803932
116 118 0.01301632
13 13 0.59515852
83 82 0.07406309
83 84 0.00056549
83 83 0.31548099
83 81 0.01804042
112 114 0.01655614
112 112 0.93172300
112 110 0.00145893
112 113 0.00365310
112 111 0.00066527
134 136 0.01193233
134 134 0.65074462
134 133 0.00058992
6 6 0.73495672
90 89 0.05410266
90 87 0.00229668
90 91 0.00167344
90 90 0.83232494
90 88 0.01077736
25 25 0.44633210
22 22 0.75198931
121 121 0.61539627
121 123 0.01500515
121 122 0.00285387
121 119 0.01089734
121 120 0.00120119
42 42 0.50427549
42 41 0.06857697
28 28 0.54804005
76 77 0.00191170
76 74 0.05427120
76 75 0.07398537
76 76 0.66580787
108 106 0.00079716
108 109 0.01118024
108 108 0.92763400
108 107 0.00121674
108 110 0.00373540
68 65 0.00059576
68 67 0.04649803
68 70 0.00209662
68 69 0.00103196
68 68 0.42489825
68 66 0.13555641
21 21 0.87043104
20 20 0.85842390
128 128 0.66234996
128 130 0.02059297
128 126 0.00644583
64 62 0.14195641
64 63 0.04214343
64 64 0.41954770
64 61 0.00107133
117 119 0.01107304
117 117 0.57934493
117 115 0.00186023
56 55 0.04172800
56 54 0.00411425
56 56 0.44483101
43 43 0.73787786
43 42 0.02384001
30 30 0.47213098
49 47 0.00407626
49 48 0.04166007
49 49 0.57140504
49 50 0.00264913
57 56 0.00536571
57 57 0.59359414
57 55 0.00420451
118 118 0.95875533
118 116 0.00433731
118 119 0.00065512
118 120 0.00813010
82 81 0.08645337
82 80 0.02830435
82 83 0.00063240
82 82 0.24158843
67 69 0.00114252
67 68 0.00132248
67 66 0.02761934
67 65 0.14215755
67 67 0.32935414
67 64 0.00086859
32 32 0.48789589
16 16 0.61183569
31 31 0.56507814
75 74 0.08293446
75 76 0.00218180
75 73 0.07162989
75 72 0.00078447
75 75 0.68912075
139 139 0.24278808
135 137 0.01670389
135 135 0.76610927
135 134 0.00057433
126 124 0.01187836
126 128 0.00084956
126 126 0.61056092
126 125 0.00165616
58 56 0.14431086
58 58 0.58278627
58 57 0.02677733
12 12 0.38362373
41 40 0.02393861
41 41 0.53879186
143 143 0.95139592
23 23 0.51477071
147 147 0.98795549
115 116 0.00071838
115 117 0.01482432
115 115 0.75576594
115 113 0.00162580
104 103 0.00310536
104 106 0.01460688
104 104 0.92736259
104 102 0.00079922
104 105 0.00664028
7 7 0.55055399
7 8 0.00069447
10 10 0.78578776
52 50 0.09362672
52 52 0.47242909
52 51 0.13551774
27 27 0.59372771
119 120 0.00121467
119 119 0.85903278
119 121 0.01491178
119 117 0.00565924
133 132 0.00206560
133 135 0.00057430
133 133 0.72261937
4 4 0.63988853
81 80 0.08783647
81 79 0.04533356
81 81 0.29688965
81 82 0.00063204
36 36 0.78321776
36 35 0.00051609
66 68 0.00131133
66 66 0.40875030
66 63 0.00092391
66 65 0.04603805
66 67 0.00077177
66 64 0.14065676
114 112 0.00159387
114 115 0.00140485
114 116 0.00985014
114 114 0.64140133
54 53 0.12406952
54 54 0.67902103
54 52 0.07624861
15 15 0.60991464
87 86 0.05116663
87 85 0.00513157
87 88 0.00052712
87 84 0.00369565
87 83 0.00083941
87 87 0.28169840
86 87 0.00112707
86 83 0.00090404
86 84 0.00564963
86 85 0.00558248
86 86 0.57460593
70 67 0.00243425
70 71 0.00179249
70 68 0.13253364
70 69 0.04758228
70 70 0.67836425
70 72 0.00258091
46 45 0.11212763
46 46 0.33132174
46 44 0.00076299
93 91 0.00107787
93 93 0.57200057
93 92 0.00399533
99 100 0.00107361
99 101 0.00080995
99 99 0.61566727
38 38 0.53882014
38 37 0.00986692
9 10 0.00060968
9 9 0.67431756
100 102 0.00130477
100 99 0.00163940
100 101 0.00208693
100 100 0.86514115
14 14 0.71374210
105 103 0.00081128
105 107 0.01579431
105 105 0.66004062
105 106 0.00800664
105 104 0.00298229
60 60 0.43273410
60 58 0.13357064
60 59 0.00775103
18 18 0.83072339
79 79 0.39757915
79 80 0.00174975
79 77 0.03996118
79 78 0.01437870
91 90 0.01278149
91 88 0.00150887
91 92 0.00065879
91 91 0.88571082
91 89 0.00963453
3 3 0.42231819
80 81 0.00105438
80 79 0.01204907
80 80 0.66678597
80 78 0.02614818
137 137 0.62909885
72 71 0.07086199
72 70 0.11079152
72 72 0.48355765
72 73 0.00104287
72 69 0.00059461
72 74 0.00051092
88 85 0.00512850
88 88 0.45273442
88 86 0.00544961
88 89 0.00201180
88 87 0.05537162
88 84 0.00163041
120 118 0.01022447
120 121 0.00244708
120 120 0.61638591
120 122 0.01489254
34 34 0.68447360
98 98 0.59433387
98 99 0.00076397
146 146 0.96401740
94 94 0.58890322
94 93 0.00068146
132 131 0.00150739
132 132 0.26610403
39 39 0.54220230
39 38 0.05156587
26 26 0.68576105
131 130 0.00083006
131 133 0.00170788
131 131 0.48725437
77 78 0.00220255
77 77 0.58953578
77 75 0.05538453
77 76 0.08885686
59 58 0.02036944
59 60 0.00091064
59 57 0.14470724
59 59 0.54034479
8 9 0.00081772
8 8 0.73132685
73 71 0.09057286
73 73 0.50828018
73 72 0.08017724
73 74 0.00142742
85 85 0.80617360
85 84 0.00584106
85 83 0.00613776
138 138 0.36676821
140 140 0.20853651
47 47 0.41214214
47 45 0.00079598
47 46 0.11136266
2 2 0.31879099
96 94 0.00120813
96 97 0.00063329
96 96 0.88390469
24 24 0.40579901
127 127 0.68982625
127 125 0.01093428
127 126 0.00068821
127 129 0.00197039
107 105 0.00080332
107 106 0.00156623
107 109 0.01616892
107 107 0.91014141
107 108 0.01129335
51 50 0.03270767
51 49 0.05211893
51 51 0.49669189
51 52 0.00062615
29 29 0.63956918
111 111 0.61949534
111 113 0.01630457
111 112 0.00534049
111 110 0.00054006
111 109 0.00084993
111 114 0.00050413
130 129 0.00053260
130 128 0.00113928
130 130 0.50017313
130 132 0.01159760
84 80 0.00193044
84 83 0.08254683
84 84 0.26870797
84 82 0.01325398
69 67 0.13533742
69 69 0.42483721
69 70 0.00146888
69 66 0.00150964
69 68 0.04936876
69 71 0.00282109
40 40 0.36986790
40 39 0.06005531
123 125 0.00994843
123 121 0.01202798
123 123 0.46282718
123 122 0.00131417
123 124 0.00130602
102 101 0.00136330
102 102 0.48251150
102 104 0.00101670
102 100 0.00079092
102 103 0.00175956
113 115 0.01464418
113 114 0.00173627
113 111 0.00152239
113 113 0.58859975
145 145 0.94163646
109 109 0.75999567
109 107 0.00080678
109 112 0.00054006
109 110 0.00403924
109 111 0.01419334
110 109 0.00071355
110 108 0.00082764
110 112 0.01607973
110 110 0.59589969
110 111 0.00489129
110 113 0.00060242
78 76 0.04463702
78 79 0.00211958
78 78 0.70433633
78 77 0.07025348
97 95 0.00176418
97 97 0.98223478
97 98 0.00065572
53 53 0.68743033
53 51 0.10903085
53 52 0.13754716
50 51 0.00117359
50 48 0.05006848
50 49 0.03866423
50 50 0.51884691
55 55 0.68519890
55 53 0.00494655
55 54 0.00862152
63 60 0.00089873
63 61 0.13236846
63 64 0.00074344
63 63 0.41680008
63 62 0.04325552
142 142 0.95126639
11 9 0.00192881
11 11 0.55241458
35 35 0.74838432
89 87 0.00812794
89 89 0.86728155
89 86 0.00381454
89 85 0.00075897
89 90 0.00284105
89 88 0.05313436
44 44 0.20733295
44 43 0.10634318
17 17 0.71577040
103 103 0.44271773
103 102 0.00332993
103 105 0.00204514
103 104 0.00505487
103 101 0.00072074
62 60 0.12455956
62 62 0.39597803
62 63 0.00077633
62 61 0.03546826
62 59 0.00063197
74 74 0.61263032
74 72 0.08017286
74 75 0.00178635
74 73 0.07895945
48 47 0.00681409
48 48 0.63472363
48 49 0.00133748
48 46 0.00101744
92 89 0.00073950
92 90 0.00793874
92 92 0.46557920
92 91 0.00640568
101 100 0.00412557
101 103 0.00100296
101 101 0.64473110
101 102 0.00331309
101 99 0.00069611
95 95 0.60484948
95 93 0.00072407
71 71 0.50786460
71 68 0.00221845
71 69 0.11447834
71 73 0.00076991
71 70 0.07269979
71 72 0.00130709
136 136 0.77469876
136 138 0.00058801
37 37 0.53117191
37 36 0.00353586
19 19 0.85577443
5 5 0.85963977
61 60 0.03156969
61 62 0.00065581
61 59 0.12853955
61 61 0.45131127
106 104 0.00082195
106 106 0.93279524
106 105 0.00283840
106 107 0.00923119
106 108 0.01594789
144 144 0.95933771
65 64 0.01641737
65 63 0.14332310
65 65 0.33651168
65 62 0.00116868
122 121 0.00135826
122 123 0.00202086
122 122 0.56889110
122 124 0.00853629
122 120 0.01177014
