139 139 0.03968910
75 77 0.00977631
75 75 0.86795719
75 76 0.01008611
135 135 0.80046088
135 137 0.01935344
118 120 0.01358944
118 122 0.00055001
118 118 0.86408174
118 116 0.00467380
31 31 0.53197230
16 16 0.61798120
67 69 0.01334383
67 66 0.00232195
67 68 0.01120079
67 67 0.53481444
67 65 0.00054266
82 84 0.00071251
82 83 0.00460314
82 82 0.56890048
32 32 0.46776398
30 30 0.36929862
56 58 0.01729707
56 56 0.57917853
117 117 0.59541551
117 115 0.00076250
117 119 0.01447874
43 43 0.81818790
57 57 0.68754618
57 59 0.02430035
49 50 0.00450798
49 49 0.61666348
49 48 0.00100584
49 51 0.00895986
68 68 0.64237386
68 70 0.01458620
68 69 0.01105906
68 67 0.00068989
28 28 0.61425260
108 109 0.00266230
108 106 0.00069831
108 108 0.68342683
108 110 0.00474371
108 111 0.00070748
76 76 0.70287670
76 77 0.01173841
76 78 0.00960279
20 20 0.86306375
64 66 0.00950350
64 65 0.00248556
64 63 0.00442236
64 64 0.70973159
128 126 0.00559494
128 128 0.60879549
128 130 0.02537579
21 21 0.85574976
22 22 0.79770977
121 119 0.00263438
121 122 0.00300534
121 121 0.63353981
121 123 0.02107621
42 42 0.74916237
25 25 0.62784002
90 89 0.00122492
90 90 0.62809713
90 92 0.00068045
90 91 0.00140079
134 134 0.66971477
134 136 0.01304968
6 6 0.61290473
141 141 0.84912132
129 129 0.53752746
129 127 0.00165788
129 131 0.02945974
116 118 0.01871843
116 116 0.69847079
116 114 0.00183619
112 114 0.02038203
112 115 0.00076790
112 110 0.00093088
112 112 0.74031067
112 113 0.00110777
112 111 0.00054610
13 13 0.64937065
83 84 0.00440208
83 83 0.48374293
125 124 0.00206282
125 125 0.68589390
125 127 0.00097544
125 123 0.01233458
45 45 0.60444165
124 126 0.01837432
124 123 0.00223423
124 124 0.90178587
124 122 0.01235989
33 33 0.75071975
1 1 0.06139732
105 103 0.00112987
105 107 0.02000047
105 104 0.03105627
105 106 0.00150151
105 105 0.72981936
99 98 0.03596373
99 99 0.67731896
99 100 0.00446526
38 38 0.62970388
9 9 0.73946306
9 11 0.00172830
93 92 0.00084810
93 93 0.56865830
93 94 0.00112970
100 101 0.00053317
100 98 0.00087320
100 102 0.00100198
100 99 0.03874979
100 100 0.77241252
14 14 0.70189161
86 87 0.00328120
86 86 0.56773266
46 46 0.61521536
70 70 0.84961523
70 69 0.00063599
70 72 0.02092531
70 71 0.01849302
66 67 0.00432406
66 65 0.00358996
66 64 0.00055747
66 68 0.01609159
66 66 0.54434415
114 112 0.00099053
114 117 0.00054200
114 114 0.66691421
114 116 0.01601044
54 53 0.00233972
54 54 0.79211856
54 56 0.00077263
81 81 0.59187359
81 83 0.00104540
81 82 0.00356492
4 4 0.64944433
36 36 0.83211954
87 87 0.19230390
15 15 0.29549559
52 53 0.00131966
52 51 0.00136199
52 54 0.00962885
52 52 0.67615749
133 135 0.00062380
133 132 0.00066262
133 133 0.74781225
27 27 0.74976793
119 121 0.01484687
119 123 0.00050487
119 117 0.00355597
119 120 0.00122304
119 119 0.61522727
104 106 0.01955951
104 104 0.87731425
104 105 0.00204889
104 102 0.00060497
104 103 0.00405239
115 114 0.00061654
115 118 0.00050713
115 117 0.01900400
115 115 0.56991756
115 113 0.00168881
10 10 0.80129102
7 7 0.58105120
23 23 0.61176664
147 147 0.92007130
126 125 0.00210716
126 126 0.71272583
126 128 0.00096026
126 124 0.01023524
58 60 0.02442585
58 58 0.69262105
41 41 0.72891288
143 143 0.90228325
12 12 0.59698253
96 94 0.00108092
96 95 0.00128639
96 96 0.73146279
96 97 0.00088280
24 24 0.56144446
2 2 0.06590252
85 85 0.80576605
138 140 0.00292103
138 138 0.53366807
8 8 0.69880355
73 75 0.00745875
73 73 0.70265344
73 74 0.00726966
47 47 0.66637870
140 140 0.04217482
26 26 0.79001230
131 133 0.00269103
131 131 0.55812915
59 61 0.00852286
59 59 0.52227350
77 79 0.00545900
77 78 0.00750435
77 77 0.76860331
132 134 0.00087223
132 131 0.00056852
132 132 0.50883508
39 39 0.38040572
98 99 0.00482393
98 97 0.03577658
98 98 0.67186514
146 146 0.90634916
94 93 0.00110838
94 94 0.59420148
88 89 0.00157618
88 88 0.52760714
72 73 0.00809814
72 72 0.66009189
72 74 0.00819207
34 34 0.79767574
120 120 0.65184196
120 122 0.01585395
120 124 0.00050602
120 118 0.00721483
120 121 0.00246619
80 82 0.00468931
80 80 0.75125904
80 81 0.01169120
3 3 0.52216283
60 62 0.00484426
60 59 0.00051512
60 61 0.00172044
60 60 0.40289268
18 18 0.78737385
91 92 0.00083922
91 91 0.71526967
91 90 0.00073751
79 80 0.00128748
79 81 0.00384906
79 79 0.62494274
137 137 0.64580933
137 139 0.00736053
106 107 0.00089262
106 108 0.02022910
106 106 0.84042039
106 104 0.00104545
106 105 0.00218535
144 144 0.94082244
122 123 0.00219167
122 124 0.01196819
122 122 0.61621008
122 120 0.01201797
65 66 0.00862547
65 64 0.00462283
65 63 0.00054549
65 65 0.69679952
65 67 0.01442590
71 73 0.01051344
71 72 0.01057286
71 71 0.72289969
136 136 0.72224407
136 138 0.00075082
92 92 0.59756335
101 103 0.00109747
101 100 0.03906075
101 101 0.70032278
101 99 0.00197304
101 102 0.00071898
95 93 0.00050404
95 95 0.58775128
95 94 0.01134987
5 5 0.70728944
61 62 0.00271213
61 63 0.00547397
61 61 0.60503771
61 60 0.00105470
37 37 0.52796710
19 19 0.82669173
17 17 0.76848923
48 50 0.00984128
48 49 0.00264215
48 48 0.58402955
62 63 0.00523792
62 62 0.57070603
62 61 0.00178259
62 64 0.00764958
103 101 0.00053841
103 105 0.00273422
103 102 0.00166025
103 104 0.00145296
103 103 0.25490121
74 75 0.01129512
74 76 0.01061089
74 74 0.65236963
11 11 0.66877412
35 35 0.83903514
142 142 0.90338576
44 44 0.61640074
89 91 0.00080451
89 88 0.00111842
89 90 0.00617427
89 89 0.71267619
53 55 0.00090804
53 52 0.00429100
53 54 0.00080669
53 53 0.82420268
97 95 0.00133677
97 97 0.85559373
97 98 0.00496728
97 96 0.00071170
50 49 0.00110440
50 50 0.50236262
50 52 0.01678277
50 51 0.00417783
55 55 0.84226401
55 57 0.00080973
63 62 0.00280896
63 65 0.00858372
63 63 0.73757230
63 64 0.00518700
109 109 0.67023681
109 111 0.01897064
109 110 0.00188062
109 112 0.00087390
145 145 0.88841393
78 78 0.91359885
78 80 0.00264922
78 79 0.00289348
110 112 0.01888887
110 110 0.27969674
110 111 0.00276390
110 113 0.00090495
123 122 0.00103826
123 124 0.00123665
123 125 0.01509391
123 121 0.01228240
123 123 0.67346088
40 40 0.52785814
102 100 0.00124813
102 102 0.53081174
102 104 0.00131913
102 101 0.01167111
69 71 0.01645794
69 68 0.00072818
69 70 0.01243107
69 69 0.62703012
113 115 0.01826850
113 116 0.00074446
113 113 0.61389120
113 111 0.00081540
51 51 0.67605704
51 53 0.01949028
51 52 0.00275615
51 50 0.00069212
127 125 0.01002079
127 127 0.66633858
127 129 0.00234760
127 126 0.00136160
107 108 0.00316851
107 107 0.73823120
107 105 0.00079261
107 109 0.02039491
107 106 0.00281099
29 29 0.64106395
111 114 0.00079814
111 112 0.00303180
111 111 0.55942992
111 113 0.01897414
84 84 0.67594184
130 130 0.51820863
130 132 0.02839667
130 128 0.00104065
