78 159 78 159 0.05907300
85 151 85 151 0.10815233
3 15 5 15 0.00061668
3 21 4 22 0.00093649
3 21 5 21 0.00110058
31 157 31 157 0.02306485
4 14 6 14 0.00089948
4 14 5 15 0.00473747
4 20 5 21 0.00090611
4 20 6 20 0.00062275
4 72 4 71 0.01204173
4 72 3 72 0.30259900
83 153 83 153 0.14347967
16 60 16 60 0.11844817
11 65 11 65 0.08475567
11 65 11 64 0.00538933
87 149 87 149 0.14347533
30 158 30 158 0.03714173
14 62 13 62 0.10562200
14 62 14 62 0.19280967
14 62 14 61 0.00282285
28 160 28 160 0.01284055
77 160 77 160 0.04063267
79 157 79 157 0.12633100
6 12 7 13 0.00491667
6 12 6 14 0.00178499
6 70 5 70 0.30574967
6 70 6 69 0.01224170
86 150 86 150 0.12846533
8 19 7 19 0.00121880
89 148 89 148 0.02676853
9 18 8 18 0.00437074
2 22 4 22 0.00072107
12 64 12 63 0.00618023
12 64 11 64 0.06197633
80 156 80 156 0.26189233
84 152 84 152 0.14457300
119 124 119 125 0.01129033
119 124 120 124 0.00051319
90 147 90 147 0.03634933
13 63 13 62 0.00481137
13 63 12 63 0.04652100
7 69 6 69 0.12928100
7 69 7 68 0.00519873
29 159 29 159 0.02477079
88 148 88 148 0.11759300
81 155 81 155 0.31024867
5 71 5 70 0.01218543
5 71 4 71 0.21612467
15 61 14 61 0.05671033
15 61 15 61 0.20522973
93 145 93 145 0.03875967
