9 136 9 136 0.08159044
9 139 9 139 0.03463993
53 61 53 61 0.16434833
121 128 121 128 0.03262883
45 55 45 55 0.03464792
54 60 54 60 0.23342733
18 123 18 123 0.09395132
18 125 18 125 0.06296996
120 133 120 133 0.16049367
55 59 55 59 0.05379300
124 129 124 129 0.07070028
124 131 124 131 0.01367852
44 56 44 56 0.03460740
52 62 52 62 0.08362100
87 95 87 95 0.18505814
46 57 46 57 0.00098249
8 140 8 140 0.02767013
8 128 8 128 0.00433510
20 60 19 58 0.00054702
20 121 20 121 0.03131955
88 94 88 94 0.15076299
76 105 76 105 0.18212936
7 129 7 129 0.00309444
7 135 7 135 0.02555037
7 141 7 141 0.02371128
7 138 7 138 0.11335878
10 138 10 138 0.04146078
36 124 36 124 0.02403167
38 122 38 122 0.01180660
79 102 79 102 0.23090375
125 130 125 130 0.02126049
78 103 78 103 0.15698175
47 52 47 52 0.17918133
47 56 47 56 0.00153751
119 124 119 124 0.00293501
15 128 15 128 0.04795017
42 58 42 58 0.02785005
1 140 1 140 0.02192156
23 124 23 124 0.00865363
23 122 23 122 0.00771493
77 104 77 104 0.18965711
51 56 51 56 0.00126539
123 130 123 130 0.17166436
72 107 72 107 0.02726648
22 125 22 125 0.00672477
22 123 22 123 0.00610363
85 97 85 97 0.13878165
58 119 58 119 0.00289969
80 101 80 101 0.13541391
6 139 6 139 0.14626398
6 136 6 136 0.01630636
35 125 35 125 0.00399770
2 139 2 139 0.01225355
2 141 2 141 0.02728342
122 127 122 127 0.02884250
122 131 122 131 0.03690571
68 111 68 111 0.23846656
68 110 68 110 0.01223551
37 123 37 123 0.01317573
13 130 13 130 0.05641170
19 58 19 58 0.00139865
19 124 19 124 0.00992343
19 122 19 122 0.02924923
43 57 43 57 0.06856442
41 119 41 119 0.01558490
41 59 41 59 0.01180723
5 140 5 140 0.15184769
16 127 16 127 0.04353912
69 109 69 109 0.01618409
69 110 69 110 0.10114811
