67 112 67 112 0.32043997
127 133 127 133 0.00320879
127 140 127 140 0.00148411
80 102 80 102 0.01666973
80 101 80 101 0.19125414
58 121 58 121 0.16673998
58 120 58 120 0.01972730
58 123 58 123 0.00230182
59 122 59 122 0.00219274
85 92 85 92 0.00089268
85 97 85 97 0.23547801
85 98 85 98 0.00635638
85 99 85 99 0.04155336
128 139 128 139 0.00064479
128 132 128 132 0.00432540
26 40 26 40 0.00990150
26 41 26 41 0.13094200
28 39 28 39 0.20168433
22 47 22 47 0.00094390
22 44 22 44 0.02062087
22 42 22 42 0.12128567
72 107 72 107 0.00546569
27 40 27 40 0.20304700
123 130 123 130 0.15159556
132 140 132 140 0.00110633
65 114 65 114 0.32011471
51 126 51 126 0.00873270
51 128 51 128 0.08198700
77 104 77 104 0.33862322
17 50 17 50 0.00393103
17 49 17 49 0.00591290
17 48 17 48 0.19937700
4 137 4 137 0.00288643
23 46 23 46 0.00178734
23 41 23 41 0.06299400
1 140 1 140 0.01779155
42 58 42 58 0.00283735
56 125 56 125 0.01120880
56 123 56 123 0.16919567
64 115 64 115 0.32973432
69 110 69 110 0.26772556
16 125 16 125 0.01197882
16 129 16 129 0.00591867
16 51 16 51 0.00668747
16 127 16 127 0.03047181
16 49 16 49 0.16849067
16 50 16 50 0.01208673
49 128 49 128 0.00358507
49 130 49 130 0.00282504
5 137 5 137 0.00079189
5 140 5 140 0.24940074
61 118 61 118 0.29310705
29 38 29 38 0.20168700
43 129 43 129 0.00076342
43 57 43 57 0.01581760
19 58 19 58 0.00623073
19 124 19 124 0.00211216
19 46 19 46 0.17707667
19 122 19 122 0.01505791
84 99 84 99 0.00837137
84 98 84 98 0.17376855
84 100 84 100 0.06618811
81 96 81 96 0.00072433
81 102 81 102 0.00369120
81 101 81 101 0.03203940
13 52 13 52 0.03380367
13 22 13 22 0.00113461
13 130 13 130 0.18035389
11 24 11 24 0.00058154
11 132 11 132 0.19548493
11 134 11 134 0.10037933
68 111 68 111 0.40335146
122 131 122 131 0.01268468
60 119 60 119 0.20115900
57 122 57 122 0.26623767
57 124 57 124 0.00845817
131 137 131 137 0.00079472
3 137 3 137 0.00125450
82 98 82 98 0.00350073
82 99 82 99 0.09449433
14 52 14 52 0.00341540
14 128 14 128 0.01538966
2 141 2 141 0.02680386
2 138 2 138 0.00397862
2 139 2 139 0.00656311
6 136 6 136 0.00202691
6 135 6 135 0.00115339
6 139 6 139 0.26151670
75 106 75 106 0.31909128
87 95 87 95 0.25811965
87 97 87 97 0.01592167
86 96 86 96 0.23235691
74 107 74 107 0.31580370
73 106 73 106 0.00088468
73 108 73 108 0.35351609
126 134 126 134 0.00086384
126 132 126 132 0.00310250
52 129 52 129 0.00375597
52 131 52 131 0.00072200
52 127 52 127 0.11047000
52 125 52 125 0.00996993
44 56 44 56 0.00527057
124 129 124 129 0.05621185
124 131 124 131 0.00473726
124 134 124 134 0.00077457
55 123 55 123 0.03589433
55 125 55 125 0.01929943
31 36 31 36 0.20062700
83 101 83 101 0.07167900
18 48 18 48 0.00411303
18 125 18 125 0.01266512
18 47 18 47 0.20760433
18 49 18 49 0.00125405
18 123 18 123 0.03032332
12 131 12 131 0.19763163
12 53 12 53 0.02172710
12 23 12 23 0.00084023
54 124 54 124 0.15292867
71 109 71 109 0.25120039
71 108 71 108 0.00414369
50 128 50 128 0.00853737
45 55 45 55 0.00625210
9 134 9 134 0.00245540
9 135 9 135 0.04831932
9 139 9 139 0.00750484
9 132 9 132 0.00358190
9 136 9 136 0.22849901
53 128 53 128 0.00337897
53 126 53 126 0.14480667
53 130 53 130 0.00129589
15 20 15 20 0.00052038
15 128 15 128 0.07349786
15 126 15 126 0.00933693
15 52 15 52 0.00421340
15 130 15 130 0.00686153
47 130 47 130 0.00168590
30 37 30 37 0.23652267
78 103 78 103 0.29771611
90 94 90 94 0.00942807
24 40 24 40 0.02849303
24 43 24 43 0.04944433
79 102 79 102 0.34403862
79 103 79 103 0.00748409
125 133 125 133 0.00300522
125 130 125 130 0.01419581
133 139 133 139 0.02581994
10 138 10 138 0.00359962
10 135 10 135 0.20716505
10 134 10 134 0.01654405
10 50 10 50 0.00093646
36 124 36 124 0.00127546
48 52 48 52 0.00214146
48 55 48 55 0.00094501
7 138 7 138 0.25414649
7 141 7 141 0.00245930
7 135 7 135 0.00256062
7 134 7 134 0.00187369
76 105 76 105 0.33718330
25 41 25 41 0.01664863
20 123 20 123 0.00077119
20 45 20 45 0.16255467
20 121 20 121 0.01024754
20 44 20 44 0.03509233
88 94 88 94 0.21788034
88 96 88 96 0.01436798
8 137 8 137 0.19977867
8 140 8 140 0.00401593
8 133 8 133 0.00411124
66 113 66 113 0.38181035
21 43 21 43 0.20460200
89 94 89 94 0.01523175
46 131 46 131 0.00059553
46 54 46 54 0.00622760
