27 55 26 55 0.00573994
27 55 27 55 0.14246252
77 133 77 133 0.02318497
17 64 17 64 0.29303249
17 63 17 64 0.00104658
34 49 34 45 0.00116626
1 140 1 140 0.02470876
32 51 32 47 0.00058791
85 139 85 139 0.02052437
26 56 25 56 0.00473836
26 56 26 56 0.08614977
26 56 26 55 0.00068041
26 55 26 55 0.09805539
28 54 28 51 0.03649348
22 59 22 59 0.38304272
22 59 22 57 0.00096945
33 50 32 47 0.00103269
3 75 3 75 0.05894433
82 91 82 91 0.02009440
82 93 82 93 0.02422393
82 134 82 134 0.00770910
2 139 2 139 0.01742215
2 76 2 76 0.05037767
2 80 2 80 0.00650743
2 79 2 79 0.01553901
35 47 35 44 0.03256972
35 48 34 45 0.00130987
6 75 6 75 0.30282472
75 81 75 81 0.00158944
75 83 75 83 0.00143250
75 88 75 88 0.00071344
16 65 16 65 0.23609641
5 75 5 75 0.00961467
29 53 29 50 0.05402652
84 140 84 140 0.00521093
81 92 81 92 0.00608940
81 133 81 133 0.00173388
11 70 11 70 0.32703989
37 45 37 42 0.02459296
31 51 31 48 0.02469885
83 133 83 133 0.00484410
83 92 83 92 0.02185230
12 68 11 70 0.00072966
12 69 11 70 0.00050696
12 69 12 69 0.32733227
18 62 17 62 0.00212920
18 62 18 62 0.09167035
18 63 18 62 0.00167235
9 71 9 72 0.00193692
9 70 9 72 0.00325998
93 128 93 128 0.06173033
87 127 87 127 0.02767413
87 93 87 93 0.00991402
87 134 87 134 0.01844017
86 128 86 128 0.03058690
92 131 92 131 0.03181387
92 129 92 129 0.09750067
7 74 7 74 0.27169614
76 87 76 87 0.00372413
76 82 76 82 0.00721785
25 56 25 56 0.15430954
20 61 19 61 0.00101664
20 61 20 61 0.29290464
88 92 88 92 0.01245320
88 133 88 133 0.01427860
8 73 8 73 0.27283654
21 60 21 60 0.40613468
21 60 21 57 0.03266688
15 66 15 66 0.32687226
134 140 134 140 0.04190283
30 52 30 49 0.06112091
30 52 29 50 0.00052331
111 117 111 116 0.00087676
78 132 78 132 0.23400067
90 133 90 133 0.01092383
79 85 79 85 0.09062500
24 56 24 56 0.00800190
24 58 24 55 0.00848495
24 58 24 58 0.23862602
133 141 133 141 0.02430116
133 139 133 139 0.02667464
36 43 36 43 0.06843367
36 46 36 43 0.02467192
10 71 10 71 0.23513700
