143 150 149 156 0.00243411
142 151 148 157 0.00175454
127 150 134 156 0.00092935
130 147 136 153 0.01918106
130 151 135 157 0.00183754
6 16 5 15 0.00257648
4 18 3 17 0.00200379
131 150 136 156 0.00237545
131 146 138 152 0.00088840
68 73 74 79 0.11073511
137 144 143 150 0.11572725
67 74 73 80 0.10859530
132 142 138 148 0.00126486
132 149 137 155 0.00168656
132 149 138 155 0.10834013
136 144 142 150 0.01623163
2 147 1 153 0.00090508
133 148 139 154 0.10513140
133 141 139 147 0.00221932
133 145 139 151 0.05969204
3 143 2 149 0.00072921
5 17 4 16 0.00234944
5 141 4 147 0.00142940
7 14 7 13 0.00194800
7 14 6 14 0.00934490
144 149 150 155 0.00237168
134 147 140 153 0.13452171
134 144 140 150 0.09408126
8 13 7 13 0.02553435
