99 115 99 115 0.01176426
99 114 99 114 0.00263602
99 116 99 116 0.28092682
99 110 99 110 0.00720160
99 109 99 109 0.00057212
105 113 105 113 0.02588833
144 149 144 149 0.00289763
58 139 58 139 0.00055191
92 124 92 124 0.06689033
92 121 92 121 0.27576131
16 24 16 24 0.00057904
16 57 16 57 0.20863100
25 49 25 49 0.11386869
25 33 25 33 0.01693160
15 58 15 58 0.25940339
28 45 28 45 0.05491132
76 132 76 132 0.00479257
76 133 76 133 0.01073277
76 83 76 83 0.00479568
76 82 76 82 0.00622203
76 81 76 81 0.00964237
76 146 76 146 0.00189764
32 44 32 44 0.00707282
32 41 32 41 0.03318412
32 43 32 43 0.03722299
32 36 32 36 0.01089309
89 128 89 128 0.00312617
89 124 89 124 0.19453131
89 129 89 129 0.05500300
89 133 89 133 0.00076115
120 138 120 138 0.00092215
29 33 29 33 0.03034305
29 39 29 39 0.00502587
134 147 134 147 0.05776008
134 144 134 144 0.01561071
98 114 98 114 0.00605823
98 111 98 111 0.00090699
98 117 98 117 0.11505709
121 137 121 137 0.00414793
22 40 22 40 0.10870924
22 52 22 52 0.13401410
72 143 72 143 0.00330734
72 145 72 145 0.01438877
72 142 72 142 0.00653313
72 79 72 79 0.05356933
72 127 72 127 0.00095297
102 111 102 111 0.05533652
9 65 9 65 0.20340751
9 68 9 68 0.02367047
77 132 77 132 0.00632172
47 57 47 57 0.00172949
93 123 93 123 0.07008300
93 120 93 120 0.17010754
14 60 14 60 0.33295967
14 26 14 26 0.00101451
8 147 8 147 0.00093783
8 13 7 14 0.00088280
8 13 8 13 0.00614708
8 64 8 64 0.00799927
8 69 8 69 0.03081327
62 87 62 87 0.00137771
69 145 69 145 0.00550040
69 79 69 79 0.00721869
69 148 69 148 0.01002273
42 53 42 53 0.00280191
59 138 59 138 0.00062935
81 126 81 126 0.00260072
81 131 81 131 0.00644203
81 135 81 135 0.00464287
81 137 81 137 0.02196087
81 130 81 130 0.00859530
81 134 81 134 0.00293587
45 59 45 59 0.00127131
45 54 45 54 0.00680517
114 143 114 143 0.00676798
20 42 20 42 0.09653587
20 54 20 54 0.14329866
44 51 44 51 0.00747894
65 69 65 69 0.00238074
65 84 65 84 0.01550221
117 140 117 140 0.01551862
2 144 2 144 0.00397419
2 132 2 132 0.00095747
2 147 2 147 0.01197410
2 69 2 69 0.03329091
2 7 2 7 0.05915019
138 146 138 146 0.03198809
138 150 138 150 0.00813718
138 144 138 144 0.00590390
1 148 1 148 0.02569033
1 145 1 145 0.00645437
1 70 1 70 0.08731776
1 8 1 8 0.04646891
133 148 133 148 0.05168844
133 145 133 145 0.00862190
133 138 133 138 0.00704810
133 137 133 137 0.01044342
133 143 133 143 0.00218950
133 142 133 142 0.00461060
90 128 90 128 0.04678167
90 123 90 123 0.19373401
135 146 135 146 0.03128933
101 114 101 114 0.08507354
101 111 101 111 0.09601080
74 148 74 148 0.00444710
74 130 74 130 0.00153630
74 143 74 143 0.00277578
74 134 74 134 0.06742734
74 142 74 142 0.00309611
74 141 74 141 0.00445393
19 43 19 43 0.09320705
100 115 100 115 0.13081339
100 114 100 114 0.01716953
100 112 100 112 0.09074762
100 109 100 109 0.00703167
100 108 100 108 0.00363200
126 151 126 151 0.00254009
126 132 126 132 0.00233164
126 133 126 133 0.00122056
3 143 3 143 0.00438802
3 145 3 145 0.00822546
3 71 3 71 0.00490647
3 148 3 148 0.00832166
3 68 3 68 0.03596405
10 64 10 64 0.19768311
10 63 10 63 0.00736533
18 23 18 23 0.00180907
18 44 18 44 0.05492977
129 148 129 148 0.00721730
129 138 129 138 0.00083460
129 137 129 137 0.00232990
87 135 87 135 0.00123008
87 145 87 145 0.00236517
87 126 87 126 0.11227033
87 127 87 127 0.03075891
87 131 87 131 0.06516400
75 80 75 80 0.00981270
75 84 75 84 0.00368538
75 133 75 133 0.00893130
75 129 75 129 0.00173611
75 147 75 147 0.00279185
75 82 75 82 0.00691887
31 45 31 45 0.00671216
31 44 31 44 0.04385608
31 37 31 37 0.01279457
21 41 21 41 0.07250855
21 53 21 53 0.12492300
5 68 5 68 0.03653103
5 66 5 66 0.01082053
5 143 5 143 0.00528322
5 67 5 67 0.02139090
5 141 5 141 0.00267015
5 71 5 71 0.00410510
5 142 5 142 0.00113332
11 63 11 63 0.23812830
11 150 11 150 0.00070991
27 33 27 33 0.02170317
27 46 27 46 0.07507867
27 31 27 31 0.01824344
7 65 7 65 0.01110274
7 148 7 148 0.00108431
7 141 7 141 0.00050700
7 14 8 13 0.00062617
7 14 7 14 0.00222619
7 66 7 66 0.05697079
7 70 7 70 0.02300860
7 67 7 67 0.01085797
82 135 82 135 0.00833127
82 130 82 130 0.00741086
82 134 82 134 0.00477593
82 131 82 131 0.01189840
82 125 82 125 0.00127096
82 127 82 127 0.00258144
84 130 84 130 0.01809083
84 134 84 134 0.03169070
84 126 84 126 0.00214353
84 131 84 131 0.00379337
84 148 84 148 0.01523710
84 127 84 127 0.00510874
94 119 94 119 0.10902033
94 122 94 122 0.05651433
83 142 83 142 0.00064252
83 134 83 134 0.00707267
83 127 83 127 0.00355420
83 131 83 131 0.01073977
83 135 83 135 0.02328123
83 130 83 130 0.01999211
83 149 83 149 0.01955507
83 126 83 126 0.00167575
23 39 23 39 0.07343201
23 51 23 51 0.10144052
24 34 24 34 0.01054590
24 38 24 38 0.14202426
24 50 24 50 0.11773824
131 150 131 150 0.02352193
131 139 131 139 0.00214589
131 144 131 144 0.00080235
131 146 131 146 0.00732296
125 133 125 133 0.00106591
125 129 125 129 0.00644353
26 36 26 36 0.08560133
68 81 68 81 0.03645741
68 82 68 82 0.00211257
68 146 68 146 0.00577751
68 73 68 73 0.04177114
68 150 68 150 0.00365323
68 80 68 80 0.00546884
79 128 79 128 0.00402227
79 132 79 132 0.00777067
79 133 79 133 0.00236780
79 87 79 87 0.00544515
79 139 79 139 0.01589310
73 131 73 131 0.00149123
73 149 73 149 0.00635707
73 143 73 143 0.00291144
73 142 73 142 0.00405007
73 141 73 141 0.00687353
73 135 73 135 0.00867498
67 147 67 147 0.00296346
67 81 67 81 0.00360524
67 82 67 82 0.03335895
67 72 67 72 0.00292618
67 74 67 74 0.03624164
67 83 67 83 0.00159294
67 150 67 150 0.00577439
80 86 80 86 0.00806006
80 127 80 127 0.00407817
80 131 80 131 0.00952053
80 135 80 135 0.00274216
80 138 80 138 0.02088860
137 144 137 144 0.02870503
137 150 137 150 0.00690572
137 147 137 147 0.01476549
137 151 137 151 0.00586333
137 146 137 146 0.01164021
70 144 70 144 0.00498000
70 147 70 147 0.01279900
63 86 63 86 0.00401303
132 143 132 143 0.00227962
132 138 132 138 0.00467700
132 145 132 145 0.00660992
132 149 132 149 0.04204097
132 136 132 136 0.00513947
132 140 132 140 0.00123841
33 43 33 43 0.00764797
33 41 33 41 0.03749915
97 113 97 113 0.00313936
97 119 97 119 0.07515700
64 85 64 85 0.00751891
64 70 64 70 0.00065019
136 147 136 147 0.00878441
136 144 136 144 0.01806967
128 149 128 149 0.00680167
128 138 128 138 0.00144348
124 130 124 130 0.00131276
86 129 86 129 0.00817503
86 132 86 132 0.05340133
86 146 86 146 0.00629053
86 128 86 128 0.05254578
66 83 66 83 0.02655787
66 73 66 73 0.00152587
66 82 66 82 0.00283082
66 151 66 151 0.00648440
17 56 17 56 0.26093656
96 114 96 114 0.00100284
96 120 96 120 0.05592533
96 117 96 117 0.11250799
96 111 96 111 0.00050955
143 150 143 150 0.00156564
85 132 85 132 0.01353191
85 147 85 147 0.00910870
141 146 141 146 0.04310557
95 121 95 121 0.06635767
95 118 95 118 0.18647496
95 115 95 115 0.00090787
127 132 127 132 0.00286811
127 139 127 139 0.00080176
127 150 127 150 0.00619264
130 151 130 151 0.01416879
130 147 130 147 0.00687603
113 144 113 144 0.11000325
34 39 34 39 0.06966593
43 52 43 52 0.00591773
46 58 46 58 0.00117596
46 53 46 53 0.00786887
139 148 139 148 0.02295342
139 149 139 149 0.00511267
139 143 139 143 0.01168283
139 145 139 145 0.05180153
6 66 6 66 0.01825336
6 71 6 71 0.02490180
6 140 6 140 0.00160576
6 70 6 70 0.00181388
6 67 6 67 0.04210902
6 141 6 141 0.00063289
6 142 6 142 0.00154330
6 65 6 65 0.00391023
6 68 6 68 0.00348905
30 43 30 43 0.01710045
30 38 30 38 0.00930970
30 45 30 45 0.04161275
4 69 4 69 0.02408978
4 147 4 147 0.00391144
4 132 4 132 0.00090233
4 144 4 144 0.00521931
12 62 12 62 0.27082337
91 122 91 122 0.14587917
91 127 91 127 0.01788110
91 125 91 125 0.04616567
91 126 91 126 0.00349200
115 142 115 142 0.00923942
71 146 71 146 0.04820935
71 128 71 128 0.00121036
71 80 71 80 0.04021721
88 130 88 130 0.06275667
88 134 88 134 0.00116704
88 125 88 125 0.17036330
88 127 88 127 0.00387667
88 126 88 126 0.01786105
140 144 140 144 0.04661657
140 147 140 147 0.02353167
13 61 13 61 0.21359051
