96 102 0.84123058
128 133 0.00415752
128 135 0.00117400
128 134 0.85256180
107 113 0.85365781
107 116 0.00422033
136 142 0.82323923
97 103 0.91814185
132 138 0.66152069
33 33 0.53903172
39 39 0.55289247
54 57 0.00428341
54 54 0.52373652
54 59 0.01154296
54 60 0.25144229
54 55 0.01768338
54 58 0.00206002
54 56 0.01704815
146 152 0.48482935
57 63 0.39501113
57 58 0.01557344
57 61 0.00399944
57 62 0.00838050
57 57 0.31156869
57 59 0.00144565
57 60 0.00925424
40 40 0.52224234
73 79 0.42861391
73 73 0.00120198
73 78 0.25450065
68 71 0.00630470
68 73 0.21613235
68 74 0.52101569
68 72 0.00098180
68 68 0.00400390
125 130 0.00067729
125 132 0.00191430
125 131 0.79567116
131 137 0.75688687
131 136 0.00177886
24 24 0.41839859
84 89 0.02451856
84 90 0.79908940
94 100 0.88640240
13 12 0.00542880
13 13 0.49832881
36 36 0.76397090
71 76 0.02740005
71 71 0.00291609
71 77 0.63143217
91 97 0.72280139
115 121 0.64963502
12 12 0.58658682
12 11 0.06977337
109 118 0.00235044
109 115 0.84255215
4 4 0.67023948
4 3 0.05195691
112 118 0.70285368
112 121 0.00160163
139 145 0.83592393
46 48 0.00203089
46 49 0.01325567
46 52 0.03289042
46 46 0.79845065
113 119 0.44016185
110 116 0.84071754
110 119 0.00235077
104 111 0.00059359
104 110 0.94965674
130 135 0.00289737
130 137 0.00055713
130 136 0.80504261
127 133 0.87377816
127 132 0.00311126
127 134 0.00166815
95 101 0.67356195
56 58 0.00190012
56 56 0.35740818
56 62 0.36578995
56 61 0.01765279
56 59 0.00422323
56 60 0.00904861
56 57 0.00824255
141 147 0.76557408
142 148 0.69856632
143 149 0.72871330
59 64 0.00339075
59 65 0.53200295
59 63 0.00200469
59 59 0.05685230
59 60 0.09911251
59 61 0.00628204
59 62 0.16981035
81 88 0.00116427
81 87 0.77859103
81 86 0.08961087
62 67 0.02001881
62 63 0.00996765
62 64 0.01141424
62 68 0.53875541
62 65 0.17569525
62 66 0.00178358
62 62 0.01026599
8 7 0.00588265
8 8 0.63796779
47 53 0.03735927
47 49 0.00057772
47 50 0.01177612
47 47 0.83031788
9 8 0.06463737
9 9 0.67908678
102 108 0.91801553
102 109 0.00109641
72 78 0.50296284
72 72 0.00260113
72 77 0.20667576
121 127 0.28452336
121 128 0.00303137
55 55 0.53513352
55 58 0.00421253
55 56 0.02554600
55 61 0.35875055
55 57 0.01470579
55 60 0.02267803
55 59 0.00636934
29 29 0.82214188
89 95 0.67696727
15 15 0.53849466
15 14 0.00570762
147 153 0.65742360
16 15 0.00057892
16 16 0.60829705
99 106 0.00053892
99 105 0.65363276
119 125 0.77411106
119 126 0.00225880
58 60 0.00377412
58 59 0.08002156
58 61 0.05283825
58 62 0.00152548
58 64 0.44019229
58 58 0.15358941
58 63 0.00303379
82 89 0.00081106
82 88 0.80770852
82 87 0.07241346
7 7 0.53716011
7 6 0.02739390
27 27 0.74991537
5 5 0.59192172
5 4 0.05823783
31 31 0.75867479
87 93 0.59420640
129 136 0.00064391
129 134 0.00414501
129 135 0.90538385
145 151 0.55897867
41 47 0.00131641
41 41 0.54933292
18 18 0.62830627
3 3 0.65262156
3 2 0.04987141
133 139 0.61514520
90 96 0.68067356
138 144 0.81763870
106 112 0.96183169
44 44 0.62761808
44 50 0.01296863
44 47 0.00598838
17 17 0.53172609
66 69 0.01184125
66 66 0.00538073
66 71 0.21308902
66 72 0.55196594
66 68 0.00182671
66 67 0.00115485
66 70 0.00397728
124 129 0.00052074
124 131 0.00197353
124 130 0.66622044
86 92 0.64097522
86 91 0.00054913
64 70 0.43839428
64 67 0.04067036
64 65 0.00199352
64 68 0.00305570
64 64 0.00777395
64 66 0.00805432
64 69 0.16293152
37 37 0.85645707
63 65 0.00920791
63 68 0.04154979
63 64 0.00525758
63 63 0.00989405
63 67 0.00194962
63 69 0.46399149
63 66 0.15761915
67 67 0.00480714
67 70 0.00893559
67 72 0.21255492
67 68 0.00095157
67 71 0.00453881
67 73 0.42576040
67 69 0.00104052
80 86 0.65896603
80 85 0.14350185
80 87 0.00163710
70 70 0.00303078
70 75 0.01943608
70 76 0.28504116
70 73 0.00068192
137 143 0.72057833
79 86 0.00182586
79 85 0.45333051
79 84 0.14963563
116 122 0.62787829
116 123 0.00060738
50 51 0.00709161
50 54 0.00094210
50 50 0.64299324
50 56 0.07717490
50 52 0.00441951
50 55 0.00413959
50 53 0.02194750
122 129 0.00362035
122 128 0.70595112
49 49 0.69628858
49 52 0.01543029
49 55 0.06513398
49 54 0.00287045
49 51 0.00127819
49 50 0.00208797
26 26 0.75065385
83 88 0.04968813
83 89 0.79294084
23 23 0.50194558
150 156 0.93182966
88 94 0.59991023
140 146 0.64226222
108 117 0.00255917
108 114 0.75173836
30 30 0.82007060
78 83 0.17908344
78 85 0.00141812
78 84 0.49013146
6 6 0.60747148
6 5 0.06652519
52 54 0.02020400
52 57 0.00776721
52 56 0.00473507
52 58 0.14297925
52 55 0.02148327
52 52 0.59423590
52 53 0.00811008
51 51 0.63911148
51 57 0.13603214
51 54 0.01911245
51 52 0.00789065
51 55 0.00301965
51 53 0.01468231
51 56 0.00830214
43 49 0.00355631
43 45 0.00050094
43 46 0.00072352
43 43 0.58013007
34 34 0.72097366
85 90 0.00288576
85 91 0.88301200
45 48 0.00253217
45 47 0.00058403
45 45 0.79719815
45 51 0.02302972
69 73 0.00064016
69 74 0.22783294
69 69 0.00387031
69 75 0.57647665
69 72 0.00336521
42 48 0.00242876
42 42 0.60784512
93 99 0.69012473
14 14 0.47098663
14 13 0.01276739
38 38 0.40940926
77 82 0.24472520
77 84 0.00120243
77 83 0.42150898
35 35 0.67221339
22 22 0.42991614
48 53 0.00061982
48 52 0.00081429
48 48 0.78777972
48 49 0.00211371
48 51 0.01080738
48 54 0.05477301
134 140 0.30845650
98 105 0.00051913
98 104 0.85380427
149 155 0.81753769
120 127 0.00248751
120 126 0.54659946
148 154 0.71312082
76 83 0.00102091
76 82 0.46248663
76 81 0.24708316
32 32 0.64066927
28 28 0.88178418
61 66 0.01030388
61 61 0.01277185
61 62 0.02651265
61 67 0.56468350
61 63 0.00807135
61 64 0.18053508
61 65 0.00230546
25 25 0.68015209
92 98 0.62256845
123 129 0.68537822
123 130 0.00260735
105 111 0.94885109
144 150 0.18033006
53 56 0.02100605
53 58 0.00921140
53 53 0.60047733
53 55 0.04038697
53 59 0.20269419
53 54 0.02337459
53 57 0.00434608
60 63 0.15473528
60 64 0.00110414
60 65 0.00307241
60 66 0.46869766
60 61 0.05316087
60 62 0.00442902
60 60 0.01697305
11 11 0.68195513
11 10 0.10188708
21 21 0.52900888
151 157 0.97332579
103 109 0.87092512
103 110 0.00109167
75 81 0.42455797
75 75 0.00071370
75 80 0.24933689
118 125 0.00163814
118 124 0.71919099
10 10 0.69259291
10 9 0.10987469
19 19 0.52173965
100 106 0.66569431
100 107 0.00058824
126 133 0.00190333
126 132 0.81891014
126 131 0.00198505
101 107 0.83242105
101 108 0.00074671
74 74 0.00097568
74 79 0.25432559
74 80 0.29885056
135 141 0.68948057
2 1 0.03393043
2 2 0.81335559
1 1 0.33470067
65 66 0.00141600
65 71 0.48097573
65 69 0.00392225
65 70 0.17903975
65 67 0.00554648
65 68 0.02379531
65 65 0.00731997
111 120 0.00235305
111 117 0.72372311
117 124 0.00110790
117 123 0.57152648
20 20 0.44113224
114 120 0.69608607
