121 128 0.00663116
121 127 0.45101689
55 60 0.04084535
55 59 0.00576889
55 57 0.00235837
55 61 0.54497883
55 56 0.00716309
55 58 0.00188810
55 55 0.37773814
102 109 0.00688683
102 108 0.81953711
9 8 0.05288557
9 9 0.71417096
72 77 0.08515122
72 72 0.00261137
72 78 0.77293627
8 7 0.01831926
8 8 0.80427705
62 68 0.66562634
62 65 0.07775995
62 64 0.00547219
62 63 0.00427873
62 67 0.00873629
62 62 0.00637070
62 66 0.00074463
47 53 0.09767160
47 49 0.00092966
47 48 0.00062893
47 50 0.02523829
47 47 0.75784139
47 51 0.00095396
59 60 0.04346211
59 59 0.04046501
59 62 0.06314310
59 61 0.00757134
59 65 0.82330776
59 64 0.00556786
59 63 0.00130483
81 87 0.83374580
81 86 0.04328816
99 105 0.68393481
99 106 0.00302009
119 126 0.00509786
119 125 0.89401222
58 62 0.00127499
58 61 0.02394927
58 60 0.00350924
58 59 0.04218710
58 58 0.08996387
58 63 0.00594087
58 64 0.58864872
147 153 0.62954648
15 14 0.00815948
15 15 0.53607955
16 16 0.60161983
29 29 0.93612654
89 95 0.79124543
87 93 0.74540869
129 134 0.01086208
129 136 0.00115460
129 135 0.86925961
145 151 0.61929857
41 47 0.00330145
41 41 0.72803522
18 18 0.78604023
31 31 0.80611347
27 27 0.79676600
5 5 0.59708567
5 4 0.04064866
82 87 0.03458639
82 88 0.85137963
7 6 0.02975406
7 7 0.56693540
44 44 0.66928232
44 50 0.03200872
44 47 0.00488565
133 139 0.50958848
90 96 0.79706778
106 112 0.84980348
106 113 0.00706370
138 144 0.85313457
3 2 0.06260072
3 3 0.64240640
132 138 0.61552332
33 33 0.70276944
97 103 0.88342763
97 104 0.00295545
39 39 0.80010262
128 135 0.00251782
128 133 0.01052219
128 134 0.83417633
136 142 0.84230067
107 114 0.00676024
107 116 0.00208534
107 113 0.90188562
96 103 0.00098148
96 102 0.84587561
24 24 0.61300025
84 89 0.01063973
84 90 0.83224372
94 100 0.89315978
68 71 0.00183001
68 73 0.02146637
68 74 0.56431291
68 68 0.00355566
131 136 0.00503043
131 137 0.84947266
125 130 0.00162704
125 131 0.79338103
125 132 0.00477491
40 40 0.76267645
40 46 0.00063076
73 78 0.10573118
73 73 0.00120663
73 79 0.60189053
54 59 0.01588890
54 54 0.42701953
54 60 0.37545839
54 57 0.00247215
54 56 0.00328898
54 58 0.00164127
54 55 0.01078633
57 63 0.55981611
57 58 0.00867326
57 59 0.00137635
57 60 0.00471223
57 57 0.18493481
57 62 0.02154491
57 61 0.00300073
146 152 0.68286548
112 118 0.79321457
112 121 0.00092195
139 145 0.84234755
12 11 0.04132665
12 12 0.72722633
109 118 0.00128355
109 116 0.00597805
109 115 0.86141195
4 4 0.66769258
4 3 0.04984178
36 36 0.78833302
71 76 0.01219527
71 71 0.00292760
71 77 0.79535620
115 121 0.78809207
91 97 0.82153389
13 13 0.54787490
13 12 0.01087846
142 148 0.83721360
141 147 0.86365793
143 149 0.85740769
95 101 0.79479442
56 62 0.43780613
56 61 0.03624877
56 59 0.00393876
56 60 0.01138351
56 57 0.00584852
56 58 0.00190338
56 56 0.23389839
127 133 0.85725147
127 132 0.00765490
127 134 0.00439318
113 119 0.71331761
110 117 0.00338543
110 119 0.00129701
110 116 0.96528753
104 110 0.83917231
104 111 0.00740866
130 135 0.00778231
130 137 0.00093311
130 136 0.77725168
46 49 0.01910048
46 48 0.00259163
46 52 0.07988534
46 46 0.64641114
46 47 0.00053104
134 140 0.19872515
98 104 0.81676901
98 105 0.00305188
35 35 0.84851472
22 21 0.00073514
22 22 0.60960642
48 54 0.12608648
48 51 0.02028914
48 53 0.00117389
48 52 0.00217601
48 48 0.68920328
48 49 0.00325953
14 14 0.49212258
14 13 0.00546795
93 99 0.80370883
38 38 0.83187999
77 82 0.07181332
77 83 0.70714183
45 48 0.00445346
45 45 0.65711856
45 51 0.05383200
45 47 0.00106399
69 72 0.00103051
69 75 0.74313527
69 69 0.00337634
69 74 0.09649272
42 48 0.00678902
42 42 0.83665242
123 130 0.00628884
123 128 0.00091560
123 129 0.78127315
144 150 0.31163501
105 111 0.84989696
105 112 0.00704666
53 59 0.31576084
53 54 0.01402161
53 57 0.00237090
53 56 0.00962569
53 58 0.01299718
53 53 0.54153052
53 55 0.01476844
25 25 0.75748972
92 98 0.73685430
76 81 0.07105178
76 82 0.76016671
76 76 0.00050248
32 32 0.71282095
28 28 0.88855491
61 64 0.07709554
61 65 0.00089457
61 67 0.66748559
61 63 0.00411481
61 61 0.00781881
61 66 0.00432421
61 62 0.01098765
120 126 0.71453259
120 127 0.00601270
149 155 0.74452686
148 154 0.71896841
118 124 0.83490452
118 125 0.00411780
75 75 0.00071645
75 80 0.03121269
75 81 0.77042258
10 10 0.73488003
10 9 0.06866131
151 157 0.97211692
103 110 0.00802120
103 109 0.80731837
21 20 0.00056973
21 21 0.73296830
11 11 0.72002436
11 10 0.06290830
11 12 0.00060065
60 60 0.01146466
60 62 0.00500410
60 61 0.02542987
60 66 0.56215481
60 65 0.00188018
60 64 0.00072000
60 63 0.07402006
114 120 0.82207017
111 120 0.00126543
111 117 0.79872851
65 69 0.00114674
65 71 0.65764347
65 66 0.00055297
65 65 0.00500331
65 68 0.01052303
65 70 0.02748882
65 67 0.00241615
117 123 0.72764499
117 124 0.00271636
20 20 0.64916715
135 141 0.77256977
2 2 0.80735846
2 1 0.05353254
1 1 0.64556839
19 18 0.00409768
19 19 0.75083909
100 106 0.62439956
100 107 0.00274649
126 133 0.00512248
126 131 0.00445145
126 132 0.81428989
101 107 0.72348879
101 108 0.00428431
74 80 0.50029616
74 74 0.00097935
74 79 0.10717513
63 64 0.00221223
63 65 0.00421605
63 68 0.01794033
63 67 0.00083528
63 63 0.00615774
63 69 0.60859718
63 66 0.06852012
67 70 0.00158598
67 67 0.00318929
67 72 0.05499844
67 71 0.00112034
67 73 0.52597747
80 85 0.06768457
80 87 0.00057558
80 86 0.78861368
137 143 0.71200697
70 76 0.70803038
70 75 0.00792063
70 70 0.00304278
124 130 0.77953860
124 129 0.00122633
124 131 0.00481281
86 92 0.76601511
64 69 0.04816977
64 66 0.00359803
64 65 0.00078550
64 68 0.00127270
64 64 0.00517660
64 67 0.01740135
64 70 0.62210862
37 37 0.86723590
17 17 0.52098540
66 69 0.00357573
66 71 0.05397132
66 66 0.00341048
66 68 0.00080888
66 72 0.73274306
66 70 0.00053911
83 89 0.82130798
83 88 0.02498734
23 23 0.64520530
150 156 0.93077278
122 129 0.00822879
122 128 0.82033403
122 127 0.00054933
49 51 0.00076814
49 54 0.00497882
49 50 0.00295756
49 49 0.56836685
49 55 0.13148449
49 52 0.02968898
49 53 0.00069538
26 26 0.94306581
116 123 0.00132346
116 122 0.79429755
79 84 0.05233163
79 85 0.73763867
50 51 0.00992226
50 54 0.00137393
50 50 0.54256918
50 56 0.15020528
50 53 0.03896643
50 52 0.00297808
50 55 0.00695123
6 5 0.04945668
6 6 0.61828587
52 57 0.01104192
52 54 0.00963163
52 53 0.00374445
52 55 0.02518297
52 52 0.52931294
52 58 0.22098444
52 56 0.00225980
78 83 0.03259691
78 84 0.70595269
30 30 0.90010331
88 94 0.74225929
140 146 0.78933216
108 117 0.00134943
108 114 0.88545731
108 115 0.00622546
85 90 0.00116793
85 91 0.88910686
34 34 0.76917807
43 49 0.00882081
43 46 0.00083044
43 45 0.00131685
43 43 0.66460800
51 56 0.01464108
51 55 0.00174454
51 52 0.00500504
51 53 0.00688715
51 51 0.53158071
51 57 0.21576452
51 54 0.02581396
