86 152 86 152 0.38426795
107 128 107 128 0.26270946
93 145 93 145 0.31144966
82 155 82 156 0.00110845
82 155 83 155 0.00612227
82 158 82 158 0.02337255
112 123 112 123 0.39083688
109 126 109 126 0.32043997
115 119 115 119 0.04547040
102 133 102 133 0.42764048
103 132 103 132 0.34136708
98 138 98 138 0.11645482
87 151 87 151 0.39603518
95 142 95 142 0.22961989
100 135 100 135 0.42739353
91 147 91 147 0.37887840
99 136 99 136 0.28165732
99 137 99 137 0.04701954
108 127 108 127 0.35112100
106 129 106 129 0.32043306
81 159 81 159 0.03297161
81 158 81 158 0.01628777
88 150 88 150 0.38575937
110 125 110 125 0.26270989
89 149 89 149 0.39743730
90 148 90 148 0.39665065
111 124 111 124 0.32043997
83 154 83 155 0.00089676
83 154 83 154 0.14566243
80 157 80 157 0.13226156
113 122 113 122 0.26269720
92 146 92 146 0.34538458
96 141 96 141 0.25273344
101 134 101 134 0.27579249
97 141 97 141 0.01333624
