81 81 0.01132210
70 70 0.50592100
31 31 0.43811200
28 28 0.49886000
121 120 0.23672900
121 121 0.03318100
121 122 0.00423497
44 44 0.43827100
23 23 0.83224900
23 24 0.00071231
1 1 0.99994400
149 141 0.00069174
149 137 0.61602500
149 138 0.00133240
149 139 0.00101297
149 140 0.00402198
149 143 0.00183352
149 145 0.00416223
139 135 0.00193090
139 131 0.10304500
139 133 0.01064510
139 132 0.00349208
139 139 0.00177697
139 134 0.00616106
139 136 0.03695830
139 137 0.00180496
75 75 0.77301300
144 134 0.00416103
144 136 0.39212200
144 137 0.00158896
144 141 0.00254603
144 133 0.00428153
144 140 0.00448321
144 132 0.04724350
144 135 0.00630327
153 144 0.00154291
153 147 0.00320470
153 148 0.00078009
153 141 0.67215400
155 143 0.16016400
155 145 0.00132420
155 146 0.00060018
137 135 0.00676826
137 131 0.00368467
137 132 0.01829420
137 133 0.00313687
137 130 0.00085665
137 129 0.01144970
137 137 0.05561280
137 136 0.00169561
137 134 0.03548530
127 127 0.01056630
64 64 0.96425200
74 74 0.75782600
100 99 0.02507690
100 100 0.77106100
27 27 0.05215840
84 84 0.02685370
156 148 0.00056886
156 146 0.00066288
156 144 0.96672200
156 145 0.00052730
61 61 0.60318800
102 101 0.11653400
102 102 0.15919100
7 7 0.06192000
150 138 0.75436700
150 141 0.00207448
150 146 0.00110201
150 144 0.00443337
150 145 0.00057112
134 133 0.00463272
134 132 0.02594550
134 131 0.00550214
134 134 0.21096700
134 129 0.00099884
134 130 0.00091391
72 72 0.80913300
45 45 0.42975600
85 85 0.98035900
109 108 0.17093700
109 109 0.02561780
97 97 0.96532400
97 96 0.00469739
105 104 0.39685600
105 105 0.35202900
91 91 0.02160130
34 35 0.00082899
34 34 0.99845700
71 71 0.80914200
60 60 0.53101200
125 125 0.02105540
30 30 0.42958600
116 115 0.08447540
104 104 0.58176200
104 103 0.22179900
79 79 0.91207300
142 134 0.34619100
142 136 0.00350967
142 138 0.00149266
142 130 0.01979730
142 139 0.02027630
142 133 0.00170328
142 132 0.00056897
142 131 0.00180614
142 135 0.00910383
143 139 0.00379545
143 134 0.00353869
143 136 0.00497437
143 137 0.00062878
143 131 0.03390940
143 135 0.31971300
143 133 0.00184297
143 140 0.00392233
143 132 0.00224366
6 6 0.95599700
2 2 0.99966900
16 16 0.67154900
48 48 0.89319900
48 49 0.00901608
122 122 0.53225200
122 123 0.00487075
122 121 0.44223300
122 120 0.00055421
40 40 0.99954400
33 33 0.12478100
111 111 0.07968220
111 110 0.76451200
93 93 0.08674340
29 29 0.52495400
18 18 0.81100500
18 19 0.00063564
56 56 0.78767600
56 57 0.00296117
160 148 0.99300100
24 25 0.00099550
24 24 0.84451200
158 147 0.00345737
158 146 0.96414200
5 5 0.98012700
3 3 0.99929300
4 4 0.94369000
141 136 0.00098683
141 138 0.03245830
141 134 0.00336178
141 129 0.00341741
141 137 0.00056430
141 135 0.00418628
141 133 0.25584200
141 132 0.00056017
77 77 0.30164900
77 78 0.00097096
43 43 0.12344100
42 42 0.12495000
114 114 0.02181160
114 113 0.94437600
151 139 0.65262600
151 146 0.00072103
151 145 0.00725489
151 142 0.00215740
124 123 0.01601720
124 124 0.01081400
26 26 0.81777400
119 119 0.00777996
119 118 0.01993830
110 109 0.17879900
110 110 0.15275900
47 48 0.00138767
47 47 0.51143300
67 67 0.60823700
15 15 0.64326400
130 129 0.01040620
130 130 0.31785800
130 128 0.00154876
140 134 0.01541890
140 136 0.00176876
140 137 0.03881780
140 135 0.00173900
140 133 0.00301156
140 140 0.00105171
140 132 0.27241900
133 129 0.00098215
133 130 0.00144740
133 132 0.00679261
133 133 0.23585900
133 131 0.00926228
25 26 0.00154135
25 25 0.84179400
52 52 0.77528400
52 53 0.00929413
136 128 0.00107844
136 131 0.00686340
136 135 0.00235270
136 132 0.00396550
136 133 0.02444600
136 130 0.00102672
136 129 0.00094134
136 134 0.00944591
136 136 0.10711100
101 101 0.82883000
101 100 0.01467710
21 21 0.50564500
21 22 0.00062115
96 96 0.96688300
96 95 0.00091303
76 76 0.79773700
152 140 0.72464200
152 147 0.00094891
152 143 0.00199646
152 146 0.00629514
22 23 0.00066179
22 22 0.84282400
51 52 0.00974953
51 51 0.77494400
123 123 0.82223300
123 122 0.15361900
54 54 0.77561900
54 55 0.00873285
19 19 0.76202900
46 46 0.53040700
46 47 0.00055725
90 90 0.29921000
59 59 0.45395700
98 97 0.00651176
98 98 0.82016900
58 59 0.00203589
58 58 0.72423300
69 69 0.50451100
13 13 0.82031500
95 95 0.94081100
126 126 0.30548900
113 112 0.90383400
113 113 0.04135310
113 111 0.00058379
20 20 0.72763800
32 32 0.12330000
65 65 0.96429000
38 38 0.99942600
129 128 0.00093152
129 127 0.00054479
129 129 0.88290700
82 82 0.30612000
159 148 0.00349546
159 147 0.99069000
148 144 0.01519940
148 140 0.00191387
148 136 0.25868500
148 138 0.00793674
148 137 0.00274201
148 139 0.00102004
106 106 0.29801100
106 104 0.00059640
106 105 0.62689900
83 83 0.02184640
68 68 0.58243100
10 10 0.71361100
36 36 0.99761700
36 37 0.00089337
57 57 0.78900400
57 58 0.00413188
88 88 0.98635200
138 137 0.00071639
138 134 0.00298696
138 136 0.00761332
138 138 0.00841922
138 130 0.01195020
138 132 0.00673261
138 133 0.00872687
138 131 0.00356687
138 135 0.03222520
66 66 0.96425500
87 87 0.27415600
132 129 0.00120556
132 130 0.00242858
132 132 0.30053800
132 131 0.00868925
9 9 0.63934200
12 12 0.92992300
11 11 0.71809600
157 145 0.95600800
157 146 0.00111404
103 103 0.34691200
103 102 0.04201250
117 116 0.02117320
145 136 0.02054520
145 138 0.00083380
145 134 0.01034130
145 141 0.01142850
145 137 0.08077750
145 139 0.00142899
145 133 0.06107560
145 135 0.00221624
73 73 0.80907200
108 108 0.23442000
108 107 0.66185700
41 41 0.99957800
92 92 0.98706300
128 128 0.38047900
120 119 0.85086300
120 121 0.00378518
120 120 0.13134700
135 130 0.00141816
135 129 0.00099486
135 134 0.00326281
135 135 0.12784200
135 131 0.00383098
135 132 0.01450720
135 133 0.01441000
62 62 0.61757700
107 107 0.06767890
107 106 0.56855900
39 39 0.99952800
17 17 0.76820600
35 35 0.99761500
35 36 0.00155401
14 14 0.92118300
50 51 0.01016780
50 50 0.77528900
89 89 0.02190890
37 37 0.99840400
53 53 0.77581500
53 54 0.00944455
78 78 0.36624900
78 79 0.00174046
118 118 0.00070004
118 117 0.29866800
131 131 0.13834400
131 130 0.00878838
131 129 0.00246721
55 56 0.00421908
55 55 0.77802700
99 99 0.89171400
99 98 0.01400680
8 8 0.70934500
80 80 0.38438600
115 115 0.00223603
115 114 0.96438100
154 142 0.70722300
154 145 0.00185589
154 148 0.00124981
146 137 0.00375360
146 134 0.08846660
146 138 0.03645890
146 136 0.00385370
146 139 0.00144182
146 142 0.01943960
146 135 0.01544600
49 50 0.00996338
49 49 0.33280000
86 85 0.00102453
86 86 0.97941600
63 63 0.96456000
94 94 0.60279400
147 143 0.00064270
147 135 0.17523100
147 137 0.00331036
147 136 0.01323620
147 138 0.00194792
147 139 0.01832410
112 111 0.67200700
112 110 0.00078595
112 112 0.08150730
