110 110 0.54340717
10 10 0.67288413
4 4 0.52166794
80 80 0.55187372
75 75 0.92199266
1 1 0.67026552
149 149 0.65325719
149 148 0.01297019
39 39 0.76012190
152 152 0.40573763
152 151 0.00161704
5 5 0.52494780
47 47 0.55134184
14 14 0.66615708
98 98 0.78765585
145 144 0.02317058
145 146 0.00110349
145 145 0.42040005
50 51 0.00155905
50 50 0.95155419
50 49 0.00142152
115 115 0.55454677
22 22 0.73736633
61 61 0.62612759
61 60 0.04213252
61 62 0.00313470
18 18 0.32982193
133 132 0.00766840
133 133 0.36888954
73 73 0.85535840
109 109 0.75730127
76 76 0.89961336
16 16 0.88455577
30 30 0.67998725
89 89 0.70087889
29 29 0.81031607
33 33 0.58460307
9 9 0.43446043
153 153 0.66834028
35 35 0.75417405
59 59 0.73914795
59 60 0.00313581
59 58 0.04222120
137 137 0.59056748
137 136 0.02806168
2 2 0.67391926
62 62 0.66628387
62 63 0.00224169
11 11 0.39715336
74 74 0.89789822
20 20 0.40919809
69 68 0.00888670
69 69 0.75732855
49 50 0.00106969
49 49 0.64719512
49 48 0.00069573
127 126 0.00108479
127 127 0.78017050
104 104 0.70557964
150 149 0.00228923
150 150 0.73142899
106 106 0.71725855
103 103 0.76175060
96 96 0.53015468
88 88 0.75265335
81 81 0.67299052
65 65 0.51364896
65 64 0.01388624
113 113 0.60590410
130 129 0.00480446
130 130 0.63362401
130 133 0.00109345
44 44 0.59456113
132 132 0.50657487
132 131 0.00145545
132 135 0.00166786
85 85 0.58881647
93 93 0.59452625
97 97 0.75294999
57 57 0.76601022
57 56 0.00052500
57 58 0.00307293
158 158 0.84744599
158 159 0.00108094
83 83 0.53468129
117 117 0.49227410
82 82 0.80967074
17 17 0.41097333
31 31 0.62989259
135 134 0.01476407
135 135 0.75898625
159 159 0.92300143
8 8 0.70720369
25 25 0.80858832
105 105 0.78588369
56 55 0.01656239
56 56 0.72395730
56 57 0.00273467
43 43 0.56445552
41 41 0.61958508
40 40 0.80368142
101 101 0.77030180
63 63 0.64025299
63 62 0.01712640
63 64 0.00133264
95 95 0.51528714
86 86 0.55253481
126 125 0.00096067
126 126 0.74980528
58 58 0.79554352
58 59 0.00315146
58 57 0.04225636
111 111 0.57454055
124 124 0.76780803
70 69 0.00485061
70 70 0.70472581
37 37 0.85884453
128 128 0.15176326
128 127 0.00146016
120 120 0.52877621
131 130 0.00161040
131 131 0.56470757
131 134 0.00120233
136 135 0.02621775
136 136 0.71058729
77 77 0.65870410
23 23 0.88699006
36 36 0.79703816
21 21 0.69951344
144 143 0.03604693
144 144 0.81289638
144 145 0.00161930
72 72 0.76702583
160 160 0.92856956
91 91 0.76660783
66 65 0.01671728
66 66 0.72090861
146 145 0.00769108
146 146 0.59681405
146 147 0.00072042
122 122 0.71498200
141 141 0.51412876
141 140 0.02929954
52 52 0.89390625
52 53 0.00170772
52 51 0.00189134
118 118 0.55992111
26 26 0.90038364
116 116 0.60308574
92 92 0.52225376
45 45 0.64315853
134 134 0.55536731
134 133 0.01202845
28 28 0.97499263
12 12 0.41691682
121 121 0.57825889
112 112 0.59118267
108 108 0.68123517
42 42 0.71912776
54 53 0.00857775
54 54 0.61963127
54 55 0.00218092
99 99 0.75160625
129 129 0.71609750
129 132 0.00073491
154 154 0.93255616
114 114 0.97938311
79 79 0.69090060
32 32 0.56559483
87 87 0.68858941
107 107 0.79239486
151 151 0.55786621
151 150 0.00202174
46 46 0.54344876
78 78 0.47982717
64 63 0.01790005
64 64 0.64090080
19 19 0.61581710
139 138 0.00065655
139 139 0.61298895
90 90 0.63175623
38 38 0.84066800
34 34 0.56815112
125 125 0.87941370
125 124 0.00068677
157 157 0.76201359
157 158 0.00103730
6 6 0.58412435
143 144 0.00090451
143 142 0.03091355
143 143 0.89691491
147 147 0.62308902
147 148 0.00166404
147 146 0.00888986
102 102 0.76254460
71 70 0.00082411
71 71 0.66546195
68 67 0.01290560
68 68 0.79119981
55 55 0.60810061
55 54 0.01592125
55 56 0.00246012
123 123 0.60383955
94 94 0.53965665
60 59 0.04217031
60 61 0.00316290
60 60 0.82428606
119 119 0.43479431
148 147 0.01231677
148 149 0.00106954
148 148 0.64266664
53 53 0.28802599
53 54 0.00192066
53 52 0.00622518
7 7 0.59774824
48 47 0.00051975
48 48 0.63157200
48 49 0.00070675
156 156 0.87670180
156 157 0.00103671
138 138 0.71360257
138 137 0.00449184
142 143 0.00062930
142 141 0.02999946
142 142 0.91828442
27 27 0.92776687
13 13 0.79090797
84 84 0.55360659
67 66 0.01482130
67 67 0.73880368
24 24 0.84619464
140 140 0.93634758
140 139 0.01694994
51 51 0.79165437
51 50 0.00256382
51 52 0.00197888
15 15 0.82484268
3 3 0.49166209
100 100 0.89485316
155 156 0.00100352
155 155 0.89873176
