100 100 0.89959435
155 155 0.90005405
3 3 0.66170369
24 24 0.87762860
67 67 0.63478794
67 66 0.01092861
51 50 0.04145252
51 51 0.73227811
15 15 0.82039690
140 141 0.00903826
140 140 0.95059766
142 142 0.93227268
142 141 0.00113489
142 143 0.01175472
27 27 0.94743391
13 13 0.72683411
48 48 0.51279877
48 47 0.01380972
138 138 0.83825995
156 156 0.61730233
84 84 0.55448739
7 7 0.59112599
94 94 0.54075813
60 60 0.81534139
60 59 0.06719834
68 67 0.01177671
68 68 0.71483468
71 70 0.00763194
71 71 0.39161621
123 123 0.58904921
55 54 0.05823059
55 55 0.65274964
119 119 0.53528904
148 149 0.00737818
148 148 0.70406653
148 147 0.00205229
53 52 0.03805167
53 53 0.49811797
157 157 0.36278547
125 125 0.86298051
102 102 0.76197890
147 148 0.00810929
147 147 0.73352102
147 146 0.00135131
6 6 0.37050986
143 143 0.89317381
143 142 0.00165892
143 144 0.02054463
38 37 0.00052418
38 38 0.84366320
34 34 0.39867426
90 90 0.60872237
64 63 0.04599810
64 64 0.51845139
46 45 0.00181225
46 46 0.54793762
78 78 0.15482198
19 19 0.60749232
139 140 0.00874509
139 139 0.71753067
79 79 0.64971042
32 32 0.32629562
87 87 0.81383480
107 107 0.73620672
114 114 0.98382441
154 154 0.92166307
129 128 0.00086324
129 129 0.82859960
129 130 0.00479921
151 151 0.65230276
151 152 0.00073240
121 121 0.47035213
112 112 0.59073308
99 99 0.76078000
54 54 0.61010784
54 53 0.05284348
108 108 0.64516372
42 42 0.80952742
26 26 0.92617812
116 116 0.53989438
141 142 0.01010717
141 141 0.94886491
52 51 0.04745893
52 52 0.81817657
118 118 0.45252178
28 28 0.97467882
12 12 0.38344434
92 92 0.52447705
45 45 0.72547709
134 134 0.69964184
134 135 0.00534597
146 147 0.01410785
146 146 0.68480612
146 145 0.00253260
122 122 0.69906954
144 143 0.00200718
144 145 0.02207437
144 144 0.84006984
91 91 0.70937641
66 65 0.01578921
66 66 0.63309840
160 160 0.87054754
72 72 0.70673550
72 71 0.00442638
21 21 0.53658491
77 77 0.33177289
36 35 0.00118940
36 36 0.82383945
23 23 0.51444812
37 36 0.00095302
37 37 0.70675093
131 130 0.00134373
131 131 0.68056072
136 137 0.00528075
136 136 0.75127451
128 128 0.44594697
128 129 0.00060194
120 120 0.42207401
111 111 0.57796968
126 127 0.00093219
126 126 0.74103057
58 58 0.82156742
58 57 0.06867633
124 124 0.74850821
70 69 0.01148848
70 70 0.52346232
101 101 0.77088512
40 40 0.68330617
41 41 0.60967245
95 95 0.51663772
63 62 0.05574465
63 63 0.51198704
86 86 0.55708268
105 105 0.78706799
56 56 0.79841847
56 55 0.06320918
43 43 0.55837007
135 135 0.78715007
135 136 0.00507164
159 159 0.91241792
159 158 0.00058415
25 25 0.91779217
8 8 0.79807858
83 83 0.12708879
31 31 0.45513971
117 117 0.37806158
82 82 0.83290736
17 17 0.41140759
44 44 0.61305068
130 129 0.00145522
130 130 0.64263329
158 158 0.59253264
97 97 0.76207695
57 56 0.06846991
57 57 0.84810540
85 85 0.54818403
132 132 0.67662128
132 133 0.00407371
93 93 0.59579364
113 113 0.71716986
65 65 0.48096132
65 64 0.03622408
96 96 0.52867026
88 88 0.74444343
81 81 0.63419123
106 106 0.73499541
104 104 0.70698112
150 150 0.75809848
150 151 0.00071293
103 103 0.76164464
49 48 0.01989409
49 49 0.60097050
127 128 0.00064471
127 127 0.80993426
69 69 0.70079497
69 68 0.01137067
11 11 0.26837083
62 62 0.62975139
62 61 0.06547262
2 2 0.66683596
74 74 0.79688865
20 20 0.35302802
153 153 0.66513542
9 9 0.53976263
33 33 0.46469948
137 138 0.00212805
137 137 0.66380987
59 59 0.74555530
59 58 0.06833063
35 34 0.00060531
35 35 0.77256541
76 76 0.83374795
16 16 0.88928748
29 29 0.49525545
89 89 0.75010910
30 30 0.55309279
73 73 0.71186497
133 134 0.00417179
133 133 0.63871509
109 109 0.75262676
61 61 0.59399853
61 60 0.06660906
18 18 0.20667017
47 47 0.49185198
14 14 0.63756898
145 146 0.01030736
145 144 0.00323788
145 145 0.86855776
98 98 0.79655276
5 5 0.22555314
115 115 0.40199710
22 22 0.63258252
50 51 0.00060781
50 49 0.03523154
50 50 0.89668180
4 4 0.32111633
80 80 0.54180934
75 75 0.91827550
110 110 0.53722255
10 10 0.53324980
39 38 0.00055319
39 39 0.69596824
152 152 0.45603712
1 1 0.69139829
149 149 0.74304016
149 148 0.00069122
149 150 0.00134177
