25 25 0.75717330
8 8 0.66312066
159 159 0.89316115
159 160 0.00182465
135 134 0.01316820
135 138 0.00291083
135 135 0.74442312
56 57 0.00455386
56 56 0.75919789
43 43 0.50209790
105 105 0.78751175
86 86 0.55426647
95 95 0.51685116
63 64 0.00201417
63 63 0.58512362
40 40 0.74487908
101 101 0.77110773
41 41 0.55272620
124 124 0.77121299
70 70 0.66891093
111 111 0.56649961
58 59 0.00492826
58 58 0.82017467
126 126 0.70074547
126 125 0.00114804
103 103 0.76272037
106 106 0.72048701
104 104 0.70701263
150 149 0.00342038
150 150 0.74785034
150 153 0.00226677
49 50 0.00181651
49 49 0.53198408
127 127 0.68578039
127 126 0.00111581
113 113 0.60702283
65 64 0.00061185
65 65 0.35330708
88 88 0.75400524
81 81 0.62321721
96 96 0.53191214
158 159 0.00403051
158 158 0.76186092
97 97 0.75532492
57 58 0.00495546
57 57 0.86464697
93 93 0.59609297
85 85 0.56292969
132 131 0.00325754
132 132 0.62920515
132 135 0.01314222
44 44 0.55136156
130 133 0.00822923
130 129 0.00496508
130 130 0.29532814
31 31 0.52087744
17 17 0.33980878
117 117 0.38503360
82 82 0.80814460
83 83 0.15530505
89 89 0.74869604
29 29 0.61239048
30 30 0.57417978
16 16 0.88192247
76 76 0.85025990
137 136 0.02177583
137 137 0.62291303
35 35 0.75838191
59 59 0.81215959
59 60 0.00488180
153 156 0.00242686
153 153 0.66752007
33 33 0.46926681
9 9 0.28665923
20 20 0.27972771
74 74 0.77966084
11 11 0.28089837
62 62 0.71260302
62 63 0.00343747
2 2 0.60441883
69 69 0.68816289
152 151 0.00164193
152 152 0.57624331
39 39 0.68564858
149 149 0.68178365
149 148 0.01882284
1 1 0.57274515
80 80 0.53793397
75 75 0.90404409
4 4 0.32995056
10 10 0.51483185
110 110 0.49592041
22 22 0.65181922
115 115 0.50329577
50 50 0.95880920
50 51 0.00239779
98 98 0.78989549
145 146 0.00260748
145 144 0.03999570
145 145 0.72733162
145 148 0.00165852
47 48 0.00062503
47 47 0.41236830
14 14 0.63679472
5 5 0.41279399
18 18 0.13328383
61 61 0.67218164
61 62 0.00484214
109 109 0.74178093
73 73 0.68752123
133 132 0.00624907
133 136 0.00067638
133 133 0.56968087
7 7 0.47218864
84 84 0.45559710
27 27 0.88822948
13 13 0.76731580
142 145 0.01243571
142 142 0.91784575
142 141 0.03028288
142 143 0.00160234
48 48 0.56497856
48 49 0.00096466
156 159 0.00100668
156 157 0.00318330
156 156 0.79410722
138 137 0.00701387
138 141 0.00344480
138 138 0.75125421
15 15 0.82347026
51 51 0.48376685
51 52 0.00287127
140 139 0.02371162
140 140 0.92259308
140 143 0.01449432
24 24 0.69691673
67 67 0.64112583
155 157 0.00050128
155 156 0.00312400
155 158 0.00092022
155 155 0.85555705
100 100 0.89642733
3 3 0.41515408
139 139 0.67753135
139 138 0.00068176
139 142 0.01449662
19 19 0.40403053
64 64 0.57839460
64 65 0.00058752
46 46 0.44898566
78 78 0.18036000
34 34 0.51165373
38 38 0.76358224
90 90 0.61248696
147 146 0.01969486
147 148 0.00266128
147 147 0.71544689
147 150 0.00333331
102 102 0.76333331
143 142 0.03252808
143 146 0.00573142
143 144 0.00211185
143 143 0.87644389
6 6 0.47196995
157 159 0.00057297
157 157 0.71490829
157 158 0.00318334
125 125 0.94541544
125 124 0.00088962
148 149 0.00174800
148 148 0.67024758
148 147 0.02049006
119 119 0.34445459
53 53 0.25850214
53 54 0.00319491
94 94 0.54123480
60 61 0.00490375
60 60 0.95921286
55 55 0.58121714
55 54 0.00055348
55 56 0.00407816
123 123 0.60632147
68 68 0.69007938
71 71 0.53722432
122 122 0.67657334
146 149 0.01195453
146 147 0.00168226
146 146 0.61540695
146 145 0.01579553
12 12 0.35046920
28 28 0.96292734
134 133 0.00774197
134 134 0.64887088
45 45 0.59522387
92 92 0.52384336
26 26 0.84205766
116 116 0.55238395
118 118 0.45536399
52 53 0.00228535
52 52 0.90347637
141 140 0.02754122
141 142 0.00105737
141 144 0.00161166
141 141 0.77116079
54 54 0.65171053
54 55 0.00366428
99 99 0.75402584
42 42 0.69498202
108 108 0.66198772
112 112 0.58506677
121 121 0.48774434
151 151 0.65727372
151 150 0.00192299
87 87 0.80815434
107 107 0.73493790
79 79 0.67246846
32 32 0.38016726
114 114 0.98042445
154 157 0.00106278
154 154 0.89703927
129 132 0.00905841
129 129 0.72179340
129 130 0.00065461
136 135 0.01985195
136 136 0.70729449
131 131 0.65574669
131 134 0.01162565
131 130 0.00297119
120 120 0.43252866
128 128 0.14839809
128 127 0.00116561
128 131 0.00155668
37 37 0.72466548
36 36 0.80156072
23 23 0.70950599
77 77 0.45791485
21 21 0.54933916
66 66 0.64633667
91 91 0.70851286
160 160 0.89740808
72 72 0.69057319
144 147 0.01171706
144 143 0.04334817
144 145 0.00341813
144 144 0.81577729
