151 152 0.00059139
151 151 0.62162282
129 130 0.00273838
129 129 0.70393736
154 154 0.88988756
114 114 0.98549110
87 87 0.75845298
107 107 0.65284749
79 79 0.92622699
32 32 0.87191814
42 42 0.85909897
108 108 0.60616461
54 53 0.07151177
54 54 0.69945858
99 99 0.60436711
112 112 0.65269816
121 121 0.65356970
134 135 0.02169913
134 133 0.00071969
134 131 0.01641644
134 134 0.68581110
92 92 0.52140110
45 45 0.66584724
12 12 0.35358265
28 28 0.94719759
118 118 0.62697919
52 51 0.05349227
52 52 0.91884629
141 142 0.04013008
141 141 0.68298937
141 138 0.00354011
26 26 0.81257975
116 116 0.61196785
122 122 0.61123506
146 146 0.51932732
146 145 0.00261315
146 143 0.01480738
146 147 0.02592160
72 71 0.00785362
72 72 0.88491152
160 160 0.89202611
160 159 0.00253932
66 66 0.92583615
66 65 0.04995379
91 91 0.61457854
144 143 0.00198283
144 145 0.00723010
144 144 0.68601878
21 21 0.74583172
23 23 0.69674894
36 36 0.75275802
36 35 0.00128118
77 77 0.80159827
120 120 0.54358197
128 129 0.00367008
128 128 0.24133465
136 135 0.00053462
136 137 0.03914569
136 136 0.81021451
131 131 0.70444781
131 132 0.00434306
37 37 0.94033822
37 36 0.00093124
3 3 0.59192921
100 100 0.76724949
155 155 0.84620555
140 141 0.00598643
140 140 0.91329341
15 15 0.90356134
51 51 0.78775292
51 50 0.04847757
67 67 0.90764819
67 66 0.04388374
24 24 0.71634320
84 84 0.49158782
48 48 0.82051047
48 47 0.02671536
138 139 0.00146698
138 135 0.00352014
138 138 0.71980397
156 153 0.00297226
156 156 0.76471834
156 155 0.00454662
142 142 0.89996154
142 139 0.01484423
142 143 0.04052525
13 13 0.92105311
27 27 0.85591564
7 7 0.69409494
53 52 0.06593312
53 53 0.46438281
119 119 0.75870520
148 149 0.02340989
148 148 0.66509469
148 147 0.00263445
55 54 0.09667772
55 55 0.68859744
123 123 0.64533633
68 67 0.03771932
68 68 0.94651013
71 70 0.01255397
71 71 0.88338166
60 60 0.82483285
60 59 0.16383082
94 94 0.62487643
143 140 0.01484051
143 143 0.82938326
143 144 0.04105825
6 6 0.61702436
147 144 0.01479319
147 146 0.00238816
147 148 0.02596646
147 147 0.51652168
102 102 0.99517004
125 126 0.00065048
125 125 0.98283503
157 155 0.00089611
157 156 0.00504461
157 154 0.00195119
157 157 0.66996576
90 90 0.60552897
34 34 0.65559190
38 37 0.00077551
38 38 0.83348035
139 140 0.03980411
139 139 0.63059253
19 19 0.60545226
46 46 0.64616670
46 45 0.00336226
78 78 0.48758030
64 64 0.76074270
64 63 0.08663791
69 69 0.94187309
69 68 0.02899894
20 20 0.47576635
74 73 0.00052824
74 74 0.87597273
2 2 0.81699821
11 11 0.21425149
62 61 0.07632555
62 62 0.72991515
59 58 0.16516022
59 59 0.82351534
35 34 0.00077972
35 35 0.77111057
137 138 0.02630129
137 137 0.56441542
137 136 0.00071184
33 33 0.75947751
9 9 0.39333133
153 153 0.71100193
153 150 0.00349379
30 30 0.79233233
29 29 0.73071366
89 89 0.54359818
16 16 0.92208316
76 76 0.88318254
109 109 0.60618772
133 130 0.00338853
133 133 0.48710798
133 134 0.01040646
133 132 0.00070535
73 73 0.82913783
73 72 0.00421093
18 18 0.26220624
61 61 0.71524644
61 60 0.16322952
50 50 0.93871218
50 49 0.04040855
22 22 0.85971163
115 115 0.61481844
5 5 0.53841324
98 98 0.65281197
145 142 0.01485413
145 145 0.50807500
145 146 0.00420292
145 144 0.00307022
14 14 0.88590247
47 47 0.63092969
47 46 0.00623403
149 146 0.01476607
149 150 0.00410848
149 149 0.71438573
149 148 0.00233917
1 1 0.78585531
152 152 0.49211543
39 38 0.00056584
39 39 0.91648233
10 10 0.55182599
110 110 0.54347432
75 75 0.92908461
80 80 0.52537018
4 4 0.47705477
70 70 0.94755629
70 69 0.02093782
124 124 0.95285990
124 125 0.00055668
58 58 0.82386847
58 57 0.16501407
126 127 0.00086519
126 126 0.83409917
111 111 0.62485936
86 86 0.54353743
95 95 0.54345926
63 63 0.74513506
63 62 0.09786094
41 41 0.76872820
40 40 0.89050011
101 101 0.99511418
56 55 0.10394177
56 56 0.71535981
43 43 0.66591730
105 105 0.97509015
8 8 0.83563596
25 25 0.74823008
159 159 0.89926305
159 157 0.00076087
159 156 0.00132497
159 158 0.00478349
135 136 0.03660941
135 132 0.01189311
135 135 0.87756157
17 17 0.36143319
82 82 0.96555486
117 117 0.54386592
31 31 0.74474244
83 83 0.22011500
93 93 0.65272244
85 85 0.60126402
132 132 0.60763228
132 129 0.01399827
132 133 0.00218473
158 155 0.00158403
158 158 0.74214311
158 157 0.00488379
158 156 0.00084765
57 57 0.82404948
57 56 0.07804316
97 97 0.60617251
130 130 0.62126940
130 129 0.00067869
130 131 0.00620540
44 44 0.69981514
81 81 0.80644292
88 88 0.62734279
96 96 0.60618778
65 65 0.86308077
65 64 0.06574305
113 113 0.52146909
127 127 0.84805004
49 48 0.03265649
49 49 0.74956178
103 103 0.99513794
150 151 0.00160681
150 150 0.78852169
150 147 0.00350936
104 104 0.76722503
106 106 0.61784655
