63 145 63 145 0.14056600
63 147 63 147 0.15094700
67 143 67 143 0.38562200
67 146 67 146 0.00546803
30 148 30 148 0.00244684
30 57 30 57 0.44220300
5 58 5 58 0.01771620
5 149 5 149 0.08017300
5 14 5 14 0.24528000
71 138 71 138 0.70259100
71 139 71 139 0.00983891
65 148 65 148 0.00601782
65 143 65 143 0.17185900
65 146 65 146 0.04352840
60 148 60 148 0.03275220
60 146 60 146 0.03310750
6 146 6 146 0.00979017
6 57 6 57 0.00809442
6 13 6 13 0.23659300
6 148 6 148 0.05363020
34 50 34 50 0.60507200
104 109 104 109 0.03340330
93 116 93 116 0.70957100
101 111 101 111 0.31124200
101 107 101 107 0.05221260
28 57 28 57 0.03104170
28 62 28 62 0.00730331
100 108 100 108 0.07727860
100 105 100 105 0.01857930
91 118 91 118 0.60507200
31 56 31 56 0.51661700
31 53 31 53 0.03790510
31 147 31 147 0.00121756
31 54 31 54 0.06755820
3 56 3 56 0.00279180
3 145 3 145 0.00603825
3 152 3 152 0.04737700
3 147 3 147 0.21658100
1 58 1 58 0.00406399
1 149 1 149 0.36569800
1 14 1 14 0.00588644
16 24 16 24 0.02460410
16 147 16 147 0.01498020
16 23 16 23 0.09542200
85 125 85 125 0.60507100
39 45 39 45 0.69281400
74 135 74 135 0.70818700
68 141 68 141 0.69305700
22 26 22 26 0.00499626
22 145 22 145 0.03852190
22 147 22 147 0.01866890
79 130 79 130 0.60507200
58 147 58 147 0.00635509
58 152 58 152 0.00583358
64 148 64 148 0.00775994
64 146 64 146 0.21989300
64 143 64 143 0.03433780
83 127 83 127 0.32739200
83 128 83 128 0.04570250
96 113 96 113 0.53333700
102 107 102 107 0.07651940
102 109 102 109 0.02127090
102 110 102 110 0.35843800
148 153 148 153 0.01137780
10 148 10 148 0.04720720
62 144 62 144 0.04339710
62 150 62 150 0.00328805
7 145 7 145 0.01146410
7 56 7 56 0.00713996
7 147 7 147 0.05649030
4 15 4 15 0.15976200
4 151 4 151 0.04116740
4 146 4 146 0.09227930
77 132 77 132 0.60507000
13 21 13 21 0.00689421
13 153 13 153 0.00158632
13 150 13 150 0.00145772
13 144 13 144 0.02013230
13 28 13 28 0.00725127
13 17 13 17 0.01323370
13 55 13 55 0.01367880
13 24 13 24 0.00792377
13 30 13 30 0.00126024
13 25 13 25 0.20015300
94 115 94 115 0.60347800
146 150 146 150 0.00338048
38 46 38 46 0.60507200
69 140 69 140 0.64502600
69 141 69 141 0.01946560
78 131 78 131 0.70957300
72 137 72 137 0.70957300
57 153 57 153 0.00201579
57 150 57 150 0.00353552
87 123 87 123 0.70957200
35 49 35 49 0.70957300
55 62 55 62 0.00995386
19 26 19 26 0.00618044
66 147 66 147 0.00584909
66 144 66 144 0.35712900
66 142 66 142 0.19649600
66 145 66 145 0.01471400
23 146 23 146 0.01760420
25 62 25 62 0.52930800
92 117 92 117 0.66670100
2 13 2 13 0.00596031
2 148 2 148 0.24450700
2 62 2 62 0.00213348
2 57 2 57 0.00300440
2 146 2 146 0.00498551
98 110 98 110 0.02908310
98 113 98 113 0.06117010
98 111 98 111 0.35326800
11 57 11 57 0.01472340
11 146 11 146 0.05150450
11 148 11 148 0.01815910
32 53 32 53 0.14328900
32 51 32 51 0.17297200
32 54 32 54 0.18048500
70 139 70 139 0.59096800
70 140 70 140 0.01379960
84 127 84 127 0.20556600
59 148 59 148 0.02208410
59 146 59 146 0.00589035
56 151 56 151 0.00209429
56 149 56 149 0.00055848
17 146 17 146 0.00899549
145 151 145 151 0.00228667
61 145 61 145 0.05072000
61 147 61 147 0.04441030
89 121 89 121 0.70404700
24 63 24 63 0.21955000
15 23 15 23 0.24874300
15 53 15 53 0.00242969
15 24 15 24 0.04072270
15 26 15 26 0.00831592
14 24 14 24 0.19710300
14 145 14 145 0.01023310
14 29 14 29 0.00330062
14 152 14 152 0.00309933
14 23 14 23 0.01746730
14 54 14 54 0.00470804
21 146 21 146 0.02748650
21 148 21 148 0.01257220
88 122 88 122 0.70957200
86 124 86 124 0.66670300
37 47 37 47 0.60507200
103 110 103 110 0.01121310
103 109 103 109 0.35848500
36 48 36 48 0.60507300
82 127 82 127 0.16640700
82 128 82 128 0.38474200
12 26 12 26 0.08481340
12 145 12 145 0.05476740
12 29 12 29 0.01544050
12 56 12 56 0.01075490
12 18 12 18 0.01565570
12 147 12 147 0.01949330
73 136 73 136 0.60507300
26 61 26 61 0.44040600
20 147 20 147 0.03658420
29 149 29 149 0.00396553
29 58 29 58 0.52103900
97 114 97 114 0.07528220
97 112 97 112 0.43516600
9 149 9 149 0.04447050
90 119 90 119 0.60507300
