145 145 0.49368900
80 80 0.77257300
132 132 0.33798200
54 54 0.33749500
83 83 0.74588200
69 69 0.52970500
119 118 0.00262872
119 119 0.98097300
119 121 0.00125732
2 2 0.98161800
133 133 0.43819300
72 72 0.09234050
121 123 0.00121892
121 120 0.00286569
121 121 0.98042300
19 19 0.98526300
5 5 0.98553000
56 56 0.63078700
4 4 0.98554500
158 158 0.56409000
139 139 0.91670100
71 71 0.42973600
90 90 0.09962650
45 46 0.00101726
45 45 0.96830900
45 44 0.00329964
79 79 0.76740500
52 52 0.97675300
86 86 0.99967300
147 147 0.93466500
102 103 0.15870000
102 101 0.01327780
102 102 0.79290200
141 141 0.97052500
111 110 0.00935073
111 112 0.00167108
111 111 0.96982500
142 142 0.97053600
134 134 0.45584600
128 128 0.41878300
63 63 0.50582000
40 39 0.00180155
40 41 0.01032830
40 40 0.96038900
1 1 0.99998900
123 123 0.98340400
123 122 0.00066827
24 24 0.98309200
143 143 0.97056800
6 6 0.80552800
85 85 0.99968000
73 73 0.46373500
16 16 0.98550500
82 82 0.99915600
8 8 0.98553600
62 62 0.42416300
77 77 0.82794600
106 106 0.73363100
106 107 0.16390600
106 105 0.08359710
81 81 0.09959730
140 140 0.97053500
93 93 0.98771300
76 76 0.29957000
92 92 0.77574900
138 138 0.14863000
150 150 0.31623900
104 103 0.07601520
104 105 0.16678300
104 104 0.73451800
30 31 0.00196120
30 30 0.98313400
10 10 0.98553900
34 34 0.96967700
34 33 0.00264160
34 35 0.01203850
25 25 0.98505600
33 32 0.00199351
33 33 0.97055900
33 34 0.01133110
137 137 0.45495600
22 23 0.00224632
22 22 0.98325700
67 67 0.85003300
148 148 0.40223900
100 101 0.05916070
100 100 0.91835700
100 99 0.00173543
131 131 0.37942100
146 146 0.98852900
153 153 0.99950700
49 49 0.97038200
49 48 0.00322723
152 152 0.97407500
38 39 0.02079260
38 37 0.00215390
38 38 0.96063600
50 49 0.00345483
50 50 0.97065400
88 88 0.50136800
109 109 0.90195700
109 110 0.02132020
109 108 0.04353190
70 70 0.46192600
12 12 0.98550300
126 126 0.99869000
21 21 0.98354800
21 22 0.00195037
91 91 0.77261800
7 7 0.91275700
75 75 0.61935000
149 149 0.39791300
110 109 0.02646530
110 110 0.93590600
110 111 0.00437014
35 36 0.01675310
35 34 0.00338890
35 35 0.96427000
154 154 0.41514800
37 37 0.95981600
37 36 0.00304011
37 38 0.02158650
11 11 0.98553300
47 46 0.00345522
47 47 0.97011000
47 48 0.00058540
65 65 0.92706300
65 64 0.00051910
99 100 0.01533010
99 98 0.00095357
99 99 0.96834800
129 129 0.99936300
101 100 0.00771373
101 102 0.10904000
101 101 0.86306700
15 15 0.98544800
117 117 0.97835600
117 116 0.00498429
58 58 0.99687900
136 136 0.98351700
3 3 0.88592500
116 116 0.97788000
116 115 0.00550751
118 117 0.00387246
118 118 0.97975200
84 84 0.50136400
157 157 0.42832300
78 78 0.97927000
28 28 0.98518800
89 89 0.74589400
113 113 0.97553200
113 112 0.00626885
113 114 0.00078971
107 106 0.08127260
107 107 0.73933900
107 108 0.14727000
87 87 0.99960300
68 68 0.94888200
27 27 0.98528900
151 151 0.36602900
46 45 0.00326551
46 46 0.97013700
46 47 0.00077903
114 115 0.00076159
114 114 0.97654100
114 113 0.00618259
18 18 0.98539600
48 47 0.00322562
48 48 0.97055200
160 160 0.82000800
31 31 0.97328500
31 32 0.01053590
13 13 0.98551100
112 113 0.00125920
112 112 0.97518500
112 111 0.00662842
98 98 0.97625500
98 99 0.00832520
42 42 0.96787400
42 43 0.00428502
42 41 0.00119770
103 104 0.16855200
103 103 0.73981600
103 102 0.03352970
130 130 0.99944100
20 20 0.98509500
144 144 0.21604200
51 50 0.00192089
51 51 0.97256600
26 26 0.98534200
127 127 0.52156800
120 122 0.00123342
120 120 0.98078000
120 119 0.00257504
66 66 0.95599800
66 65 0.00058109
124 124 0.47998400
122 124 0.00055990
122 121 0.00275148
122 122 0.98066900
14 14 0.98550400
9 9 0.98555000
44 44 0.96727400
44 45 0.00270081
44 43 0.00146342
17 17 0.98544900
57 57 0.99688400
74 74 0.65211300
29 30 0.00058481
29 29 0.98484800
64 64 0.90809000
36 35 0.00392584
36 37 0.02138390
36 36 0.95990700
156 156 0.99884000
60 60 0.12761500
39 39 0.95986600
39 38 0.00190933
39 40 0.01654890
32 31 0.00125652
32 33 0.01094660
32 32 0.97163100
53 53 0.97789000
155 155 0.55218100
105 105 0.73224700
105 104 0.07968430
105 106 0.16557800
41 40 0.00124275
41 41 0.96636700
41 42 0.00816632
115 115 0.97674200
115 114 0.00570412
43 43 0.96903900
43 42 0.00113531
43 44 0.00409650
61 61 0.33394100
96 96 0.98531700
55 55 0.62564800
125 125 0.44487300
59 59 0.48142400
97 97 0.98409500
97 98 0.00130322
108 109 0.03814380
108 107 0.06049970
108 108 0.77690100
94 94 0.83629300
135 135 0.95304700
95 95 0.98551400
159 159 0.92704200
23 24 0.00227994
23 23 0.98284900
