29 29 0.43496500
62 62 0.43864200
14 14 0.12489000
11 11 0.99995200
135 135 0.44577600
156 156 0.78811000
5 5 0.37421400
100 100 0.53946000
6 6 0.28441100
7 7 0.28867700
76 76 0.44184400
19 19 0.37421300
70 70 0.37441400
78 78 0.44284900
151 151 0.99878200
55 55 0.44027300
154 154 0.65488400
101 101 0.43261900
106 106 0.69431300
115 115 0.77992500
89 89 0.57902100
144 144 0.90283700
52 52 0.99972100
22 22 0.75671100
157 157 0.76876200
140 140 0.82760600
124 124 0.62754000
91 91 0.65511200
36 36 0.53922000
128 128 0.50903400
86 86 0.43518200
98 98 0.65826500
141 141 0.38205300
138 138 0.35287200
53 53 0.44184000
153 153 0.71313300
143 143 0.55188400
54 54 0.33030700
148 148 0.55885400
87 87 0.75619900
118 118 0.62301300
59 59 0.43864300
82 82 0.32861800
60 60 0.37441300
72 72 0.33181200
123 123 0.56794700
158 158 0.85747800
41 41 0.66001000
13 13 0.99995500
107 107 0.76872600
10 10 0.12488300
103 103 0.60125100
139 139 0.46106100
111 111 0.51660100
64 64 0.99996500
149 149 0.93049400
74 74 0.44027500
75 75 0.33030800
12 12 0.99995200
48 48 0.99752500
94 94 0.57277900
42 42 0.43310500
46 46 0.32861800
51 51 0.47993200
142 142 0.42131400
43 43 0.33017200
88 88 0.71438400
131 131 0.55781800
27 27 0.45480600
120 120 0.55534500
18 18 0.28440900
50 50 0.34674100
117 117 0.63918400
116 116 0.75323800
147 147 0.47084400
15 15 0.39465200
3 3 0.52876800
56 56 0.62269900
71 71 0.43864500
23 23 0.80321000
40 40 0.62866800
108 108 0.70480600
37 37 0.67607000
96 96 0.37741000
65 65 0.99995600
97 97 0.80934300
61 61 0.32886400
127 127 0.78957400
136 136 0.37884500
69 69 0.32886400
32 32 0.46363600
80 80 0.41964000
45 45 0.43264700
133 133 0.46109200
132 132 0.49712500
114 114 0.78264200
129 129 0.54047500
31 31 0.16320500
84 84 0.31848100
150 150 0.99867400
122 122 0.43986900
85 85 0.31874800
39 39 0.58268500
109 109 0.49444100
145 145 0.65649600
47 47 0.44111500
58 58 0.33181100
146 146 0.28072400
119 119 0.62074100
1 1 0.92328200
121 121 0.57021400
17 17 0.28867700
155 155 0.73621900
130 130 0.40945400
104 104 0.62249800
92 92 0.76796600
105 105 0.88796200
126 126 0.63078600
21 21 0.62861500
73 73 0.25290000
28 28 0.74351800
57 57 0.63017500
112 112 0.53762600
38 38 0.53629100
4 4 0.91327500
81 81 0.44111200
24 24 0.88706400
9 9 0.39465000
67 67 0.99998400
137 137 0.21365300
34 34 0.47649500
152 152 0.68322500
79 79 0.38378600
90 90 0.60243400
95 95 0.57935400
102 102 0.57212000
110 110 0.40887000
77 77 0.99978700
93 93 0.63909200
44 44 0.32152000
83 83 0.43174300
2 2 0.83035200
33 33 0.46522100
99 99 0.57119800
125 125 0.67741300
30 30 0.35197000
16 16 0.39423400
8 8 0.39423300
25 25 0.52730700
26 26 0.51471800
113 113 0.56525100
63 63 0.99998000
35 35 0.48356700
66 66 0.99996600
49 49 0.41964100
20 20 0.76586100
68 68 0.43864800
134 134 0.49721000
