94 112 94 112 0.05493110
92 110 92 110 0.28529700
110 116 110 116 0.46357800
110 118 110 118 0.01416240
110 115 111 115 0.00064816
79 86 79 86 0.42555100
78 87 78 87 0.31719100
140 147 140 147 0.98914700
139 148 139 148 0.68854100
133 154 133 154 0.58902700
112 124 112 124 0.00745434
138 149 138 149 0.58094400
99 159 99 159 0.01250760
98 111 98 111 0.02802730
131 156 131 156 0.51580200
117 128 117 128 0.23622000
100 109 100 109 0.06343980
100 106 100 107 0.00163453
108 117 109 117 0.00066512
130 157 130 157 0.20090700
6 158 5 158 0.00253621
118 127 118 127 0.89015600
96 110 96 111 0.00067170
80 85 80 85 0.31575300
113 123 113 123 0.00732516
91 99 91 99 0.03540740
93 113 93 113 0.05185690
93 109 93 109 0.08396030
95 111 95 111 0.12005800
135 152 135 152 0.68423200
134 153 134 153 0.57769200
111 125 111 125 0.04181390
109 117 109 117 0.05128030
3 160 3 160 0.15427900
3 155 3 155 0.19164800
4 159 4 159 0.15207100
2 156 2 156 0.09686920
97 109 97 109 0.13034600
97 109 97 110 0.00094268
137 150 137 150 0.97839700
1 157 1 157 0.16514800
