72 86 71 87 0.00325454
72 86 72 86 0.01635733
74 84 73 85 0.00167718
74 84 75 85 0.00063286
74 84 74 84 0.15387833
132 141 132 141 0.54526543
134 139 134 139 0.24007245
36 65 36 63 0.00067273
36 64 36 63 0.09935500
42 58 41 58 0.00078524
38 62 38 61 0.01108003
38 61 38 61 0.02021329
41 58 41 58 0.15378887
41 59 40 59 0.00067943
41 59 41 58 0.03728712
69 145 69 144 0.00477670
69 145 68 145 0.40312850
68 146 67 146 0.13369176
68 146 68 145 0.00483110
96 104 96 104 0.03162478
34 67 34 66 0.08820628
43 52 43 52 0.03252007
43 53 43 52 0.00060011
71 143 70 143 0.15263501
71 143 71 142 0.00163244
70 144 70 143 0.00456617
70 144 69 144 0.13903941
73 85 73 85 0.05676200
73 85 72 85 0.01145530
33 68 33 67 0.07584055
40 60 39 60 0.00071814
40 60 40 59 0.03633967
40 59 40 59 0.03746320
133 140 133 140 0.23678055
37 62 37 62 0.01842631
37 63 37 62 0.01190310
