8 23 8 23 0.56017800
100 106 100 105 0.00099183
38 78 38 78 0.54571400
20 26 20 26 0.00263917
20 118 20 118 0.00077870
20 30 20 30 0.00325689
20 28 20 28 0.00312371
26 113 26 113 0.00467543
26 33 26 33 0.00284186
26 128 26 128 0.70322900
26 117 26 117 0.00270431
24 116 24 116 0.00060446
24 115 24 115 0.00239083
117 121 117 121 0.12447700
6 25 6 25 0.16960400
43 75 43 74 0.00127992
92 112 92 112 0.02919330
54 64 54 64 0.41191500
111 130 111 130 0.00092507
111 123 111 123 0.12358000
83 122 83 122 0.08018160
55 63 55 63 0.53365000
25 34 25 34 0.00083660
25 118 25 118 0.00209525
25 114 25 114 0.00361352
19 31 19 31 0.00341593
19 29 19 29 0.00361536
19 124 19 124 0.01876720
96 110 96 110 0.53214900
18 125 18 125 0.00980322
116 122 116 122 0.09347800
79 98 79 98 0.00052380
79 111 79 111 0.00075948
112 122 112 122 0.19592500
10 20 10 20 0.13283500
10 126 10 126 0.00589846
39 77 39 77 0.53956500
12 20 12 20 0.11979000
12 124 12 124 0.00149741
12 18 12 18 0.10190200
16 24 16 24 0.03520050
16 127 16 127 0.02350350
21 29 21 29 0.00330482
21 117 21 117 0.00061144
21 25 21 25 0.00561369
21 122 21 122 0.00285758
9 21 9 21 0.44767100
49 67 49 67 0.20501300
115 119 115 119 0.08568610
115 123 115 123 0.07589310
115 120 115 120 0.06513540
40 76 40 76 0.85969300
40 77 40 77 0.00560858
32 111 32 111 0.02012660
63 72 63 72 0.00162543
98 108 98 108 0.67229400
110 131 110 131 0.00058577
110 124 110 124 0.04020820
90 115 90 115 0.08466330
90 116 90 116 0.02415450
31 112 31 112 0.04921360
31 85 31 85 0.09795570
33 121 33 121 0.01373960
33 83 33 83 0.44604800
29 114 29 114 0.02181730
29 125 29 125 0.27604300
94 113 94 113 0.10644600
86 91 86 91 0.33670000
86 119 86 119 0.08700290
15 25 15 25 0.01042640
28 126 28 126 0.38942400
46 54 46 54 0.00705534
46 71 46 71 0.75299800
113 121 113 121 0.20216400
52 66 52 66 0.48645100
91 112 91 112 0.01613190
91 115 91 115 0.04178950
17 126 17 126 0.01344030
108 115 108 115 0.00115040
27 32 27 32 0.01259560
27 127 27 127 0.28964700
30 113 30 113 0.04442280
30 124 30 124 0.27052900
7 24 7 24 0.46126000
36 80 36 80 0.42564200
81 124 81 124 0.01609540
81 96 81 96 0.00776754
64 71 64 71 0.00949686
48 68 48 68 0.05390740
48 69 48 69 0.71609800
37 79 37 79 0.54675800
89 116 89 116 0.09478330
97 109 97 109 0.84807200
56 62 56 62 0.42003600
45 55 45 55 0.00360363
45 72 45 72 0.53333500
84 93 84 93 0.21855600
84 121 84 121 0.09361130
109 114 109 114 0.00292771
109 125 109 125 0.00653635
5 26 5 26 0.03635070
95 112 95 112 0.03793600
95 111 95 111 0.48146400
35 81 35 81 0.41664600
125 131 125 131 0.00906910
23 120 23 120 0.00162793
23 131 23 131 0.01750210
23 117 23 117 0.00053724
44 73 44 73 0.41961600
44 56 44 56 0.00111382
101 105 101 105 0.57424100
99 107 99 107 0.67137300
99 107 99 106 0.00108873
124 132 124 132 0.00593951
80 110 80 110 0.00081427
80 97 80 97 0.00426061
80 125 80 125 0.00814185
85 120 85 120 0.09345880
85 92 85 92 0.30145300
11 21 11 21 0.05920620
11 125 11 125 0.00266304
11 19 11 19 0.28971200
34 120 34 120 0.00436714
34 82 34 82 0.51806000
114 124 114 124 0.03868020
