5 36 5 36 0.00858857
5 39 5 39 0.17664971
54 148 54 148 0.00980663
69 89 69 89 0.02081637
59 143 59 143 0.01161372
97 129 97 129 0.23606533
39 148 39 148 0.02354924
85 138 85 138 0.00362893
85 143 85 143 0.00405853
85 154 85 154 0.00286658
85 141 85 141 0.04352267
108 120 108 120 0.29219400
108 119 108 119 0.00333383
108 116 108 116 0.00943160
108 118 108 118 0.00345887
99 127 99 127 0.29240300
2 39 2 39 0.01110900
71 89 71 89 0.06328867
71 87 71 87 0.02073807
71 84 71 84 0.00093757
18 28 18 28 0.47321478
6 47 6 47 0.03714823
6 37 6 37 0.10224273
6 38 6 38 0.11640267
6 40 6 40 0.00083085
6 35 6 35 0.00516597
58 144 58 144 0.02003499
73 87 73 87 0.09629233
73 84 73 84 0.06044667
78 82 78 82 0.06021033
78 83 78 83 0.06999934
8 35 8 35 0.12152406
8 38 8 38 0.00219352
8 37 8 37 0.00497553
8 33 8 33 0.00146295
8 45 8 45 0.08991357
8 34 8 34 0.00577000
20 26 20 26 0.47063925
15 31 15 31 0.29658627
15 37 15 37 0.02905757
45 143 45 143 0.26802012
45 72 45 72 0.07644233
74 86 74 86 0.08939633
74 83 74 83 0.06108200
88 138 88 138 0.04180100
88 143 88 143 0.00318555
88 135 88 135 0.00243561
95 131 95 131 0.20168167
12 31 12 31 0.02782903
12 34 12 34 0.00072280
12 32 12 32 0.15335392
12 33 12 33 0.01110799
12 40 12 40 0.09541448
4 40 4 40 0.15711219
4 37 4 37 0.01028337
106 122 106 122 0.23364333
40 147 40 147 0.02745430
42 50 42 50 0.00106008
42 146 42 146 0.13961273
51 67 51 67 0.11624800
82 90 82 90 0.09582385
82 146 82 146 0.00121143
87 144 87 144 0.00384343
87 136 87 136 0.00803423
96 130 96 130 0.29288967
53 149 53 149 0.00747827
53 65 53 65 0.12759333
14 38 14 38 0.05847115
110 114 110 114 0.08052833
17 29 17 29 0.37020350
86 140 86 140 0.03069387
86 146 86 146 0.00050212
86 137 86 137 0.01563053
77 81 77 81 0.02237810
77 84 77 84 0.06137146
77 151 77 151 0.00390579
72 85 72 85 0.05749967
72 88 72 88 0.11960467
19 27 19 27 0.47321398
44 144 44 144 0.31133178
44 73 44 73 0.00826537
44 48 44 48 0.00119918
91 135 91 135 0.19916033
90 136 90 136 0.19779467
9 35 9 35 0.09726300
9 43 9 43 0.15542163
9 37 9 37 0.00257513
9 33 9 33 0.00587670
9 34 9 34 0.08583633
56 146 56 146 0.01073861
56 62 56 62 0.14203167
92 134 92 134 0.23557967
46 142 46 142 0.09517580
46 71 46 71 0.03818967
107 121 107 121 0.19698200
107 117 107 117 0.00330438
109 115 109 115 0.10023667
109 117 109 117 0.03430633
89 142 89 142 0.00822167
43 74 43 74 0.00415510
43 145 43 145 0.11844025
43 49 43 49 0.00083198
48 70 48 70 0.10433867
48 154 48 154 0.00053529
48 152 48 152 0.00424820
47 153 47 153 0.00591747
76 152 76 152 0.00280758
76 84 76 84 0.04908267
10 35 10 35 0.00403657
10 32 10 32 0.00122737
10 34 10 34 0.10810711
10 42 10 42 0.08127390
10 33 10 33 0.10454851
84 144 84 144 0.01096500
84 88 84 88 0.01259946
84 142 84 142 0.00194986
84 155 84 155 0.00565336
55 147 55 147 0.00861960
55 63 55 63 0.22145900
68 90 68 90 0.01152877
3 41 3 41 0.10940117
3 38 3 38 0.00975063
3 40 3 40 0.02073930
70 88 70 88 0.01335117
50 68 50 68 0.14754067
57 145 57 145 0.00827136
112 117 112 117 0.03678500
16 30 16 30 0.52757140
83 89 83 89 0.00696154
83 145 83 145 0.00155605
7 36 7 36 0.16831136
7 39 7 39 0.00114533
7 46 7 46 0.02630899
41 146 41 146 0.02568127
41 147 41 147 0.06199900
11 35 11 35 0.00068299
11 31 11 31 0.00108921
11 32 11 32 0.04940692
11 34 11 34 0.00226808
11 41 11 41 0.09429881
11 33 11 33 0.18456044
98 128 98 128 0.23606533
38 149 38 149 0.01081805
13 39 13 39 0.09599166
49 69 49 69 0.10769067
105 123 105 123 0.28382033
60 142 60 142 0.02017316
52 150 52 150 0.00754233
52 66 52 66 0.11624733
