85 154 85 154 0.03366388
18 28 18 28 0.45763356
5 81 5 81 0.02915624
15 32 15 32 0.01657433
15 31 15 31 0.20568613
15 37 15 37 0.11594125
20 26 20 26 0.46915573
8 45 8 45 0.18318924
6 80 6 80 0.01500353
6 47 6 47 0.15600392
4 82 4 82 0.07315587
12 40 12 40 0.24230459
113 120 113 120 0.02623023
81 86 81 86 0.00722431
82 90 82 90 0.11933873
19 27 19 27 0.46658257
80 87 80 87 0.00696207
9 43 9 43 0.31197546
14 38 14 38 0.18011961
17 29 17 29 0.35921317
16 30 16 30 0.42449746
84 155 84 155 0.04781252
84 88 84 88 0.04775888
10 42 10 42 0.22827633
13 39 13 39 0.24262158
83 89 83 89 0.03886149
7 46 7 46 0.13366964
11 41 11 41 0.24142600
