87 150 87 150 0.15824644
87 155 87 155 0.00090960
87 153 87 153 0.00081304
87 94 87 94 0.00072767
87 118 87 118 0.00278635
87 116 87 116 0.00220361
82 156 82 156 0.03194723
82 117 82 117 0.00090704
82 154 82 154 0.03493752
82 122 82 122 0.00190540
82 90 82 90 0.08393453
82 152 82 152 0.00249613
82 89 82 89 0.00123553
102 140 102 140 0.00239794
53 152 53 152 0.00219463
53 81 53 81 0.01853219
53 154 53 154 0.00311182
53 135 53 135 0.00413163
146 153 146 153 0.00098716
96 104 96 104 0.05598900
96 147 96 147 0.00518917
96 103 96 103 0.01615603
51 136 51 136 0.01270373
51 79 51 79 0.00615837
51 84 51 84 0.00253679
65 72 65 72 0.03924058
65 70 65 70 0.00375073
65 71 65 71 0.29030764
64 72 64 72 0.30888142
64 71 64 71 0.00270112
24 31 24 31 0.00193220
24 32 24 32 0.00077816
24 28 24 28 0.02786481
42 146 42 146 0.01476548
134 141 134 141 0.00598207
134 143 134 143 0.08091882
118 141 118 141 0.00658528
118 126 118 126 0.00851500
118 129 118 129 0.02354856
118 146 118 146 0.00282401
113 127 113 127 0.01205563
113 131 113 131 0.00614877
12 40 12 40 0.35227376
106 143 106 143 0.00436140
106 115 106 115 0.00141200
106 136 106 136 0.00267325
4 49 4 49 0.02027396
4 51 4 51 0.02707593
4 157 4 157 0.02720117
4 153 4 153 0.00318510
4 47 4 47 0.00394612
4 48 4 48 0.10527548
4 82 4 82 0.00121373
125 132 125 132 0.00148172
125 151 125 151 0.00657683
125 138 125 138 0.00109148
94 100 94 100 0.00075852
94 107 94 107 0.11246333
94 145 94 145 0.00293141
94 149 94 149 0.00106300
94 110 94 110 0.04444765
95 108 95 108 0.09609337
95 148 95 148 0.00266967
95 109 95 109 0.04649844
95 106 95 106 0.10801767
137 141 137 141 0.02110680
137 143 137 143 0.00640175
142 149 142 149 0.00201127
88 152 88 152 0.00175403
88 115 88 115 0.00396633
88 113 88 113 0.04045167
88 149 88 149 0.10600807
88 95 88 95 0.00188543
88 145 88 145 0.00319519
88 117 88 117 0.00295136
25 29 25 29 0.00185118
25 30 25 30 0.00216545
81 153 81 153 0.00267712
81 119 81 119 0.00080159
81 155 81 155 0.06566559
81 157 81 157 0.01789890
81 123 81 123 0.00115121
81 118 81 118 0.00117718
132 144 132 144 0.06296367
132 150 132 150 0.00146994
62 74 62 74 0.26270935
129 133 129 133 0.00552400
129 147 129 147 0.03220567
45 143 45 143 0.05903216
144 152 144 152 0.00079820
8 148 8 148 0.01891390
8 45 8 45 0.28737815
8 153 8 153 0.00155433
20 30 20 30 0.01231580
20 26 20 26 0.40290009
139 148 139 148 0.00166912
15 31 15 31 0.06886541
15 37 15 37 0.30620532
123 129 123 129 0.01239287
123 136 123 136 0.00174291
61 75 61 75 0.32043997
6 155 6 155 0.01348900
6 150 6 150 0.02032412
6 48 6 48 0.00695856
6 47 6 47 0.23891108
6 45 6 45 0.00266129
6 49 6 49 0.01350529
58 77 58 77 0.31393663
58 80 58 80 0.00114911
18 32 18 32 0.01150799
18 34 18 34 0.03040251
18 28 18 28 0.34945166
18 33 18 33 0.01107380
18 35 18 35 0.02693875
131 145 131 145 0.04790833
131 151 131 151 0.00089899
119 140 119 140 0.00568791
119 129 119 129 0.08810619
119 128 119 128 0.01198621
122 130 122 130 0.00938401
122 137 122 137 0.00166233
114 134 114 134 0.05379467
114 123 114 123 0.00224690
114 124 114 124 0.00369170
114 130 114 130 0.01076750
114 125 114 125 0.00478583
85 117 85 117 0.00078120
85 96 85 96 0.00050153
85 154 85 154 0.00691660
85 152 85 152 0.13692929
85 149 85 149 0.00104942
85 115 85 115 0.01970987
108 132 108 132 0.00077266
108 129 108 129 0.00059453
108 141 108 141 0.00563537
97 106 97 106 0.12131973
97 102 97 102 0.01421090
97 103 97 103 0.02266817
97 104 97 104 0.00567130
97 144 97 144 0.00405998
99 103 99 103 0.01506307
99 142 99 142 0.00199122
99 104 99 104 0.12024481
2 156 2 156 0.03362602
2 50 2 50 0.08670623
128 134 128 134 0.00321737
128 148 128 148 0.02403387
141 150 141 150 0.00106691
66 70 66 70 0.28089945
66 71 66 71 0.01408235
101 141 101 141 0.00133796
59 79 59 79 0.00130666
54 79 54 79 0.00586293
54 81 54 81 0.06517215
54 151 54 151 0.00123818
5 81 5 81 0.00097112
5 50 5 50 0.03387719
5 156 5 156 0.02306084
5 151 5 151 0.01937805
60 76 60 76 0.26270989
127 149 127 149 0.01024163
127 136 127 136 0.00068700
127 135 127 135 0.00285616
136 144 136 144 0.00327110
105 112 105 112 0.00103133
105 144 105 144 0.00325541
105 134 105 134 0.00055960
105 116 105 116 0.00124119
105 137 105 137 0.00276455
52 78 52 78 0.00192611
52 154 52 154 0.00613813
52 152 52 152 0.00114060
52 136 52 136 0.00110187
52 135 52 135 0.01671813
13 39 13 39 0.35415278
49 156 49 156 0.00354440
49 138 49 138 0.00947713
49 139 49 139 0.00637703
49 81 49 81 0.00385337
103 146 103 146 0.00175806
103 139 103 139 0.00187911
11 41 11 41 0.35196748
63 73 63 73 0.26270882
7 46 7 46 0.21810311
7 154 7 154 0.00461206
7 149 7 149 0.01305899
7 44 7 44 0.00660883
140 147 140 147 0.00187001
98 143 98 143 0.00542302
98 105 98 105 0.17392900
83 89 83 89 0.00894969
83 121 83 121 0.00429863
83 154 83 154 0.11080200
83 151 83 151 0.00170311
83 117 83 117 0.00706090
83 156 83 156 0.02957419
147 152 147 152 0.00174945
57 78 57 78 0.25285057
57 81 57 81 0.00114471
50 85 50 85 0.00065176
50 80 50 80 0.01020154
50 137 50 137 0.01320403
50 155 50 155 0.00637287
112 136 112 136 0.00607993
112 128 112 128 0.02039628
112 132 112 132 0.00668073
112 138 112 138 0.00433910
16 30 16 30 0.26050604
16 36 16 36 0.22493263
3 52 3 52 0.04057638
3 153 3 153 0.00483280
3 155 3 155 0.01780968
3 48 3 48 0.03146306
3 49 3 49 0.07816767
3 51 3 51 0.00663523
124 128 124 128 0.01520533
124 139 124 139 0.00078306
23 30 23 30 0.00322381
23 29 23 29 0.01987633
126 150 126 150 0.00930917
126 131 126 131 0.00220320
126 137 126 137 0.00111763
10 42 10 42 0.33172314
135 142 135 142 0.17817647
130 152 130 152 0.00063817
130 146 130 146 0.04901100
117 127 117 127 0.00454081
117 131 117 131 0.06575800
117 142 117 142 0.00515600
117 147 117 147 0.00232823
117 130 117 130 0.01490285
55 79 55 79 0.00822516
55 132 55 132 0.00160601
55 154 55 154 0.00146921
55 78 55 78 0.00214180
55 152 55 152 0.00079818
55 81 55 81 0.01621175
84 118 84 118 0.00093483
84 88 84 88 0.01520314
84 116 84 116 0.01433413
84 155 84 155 0.01745258
84 153 84 153 0.16119767
84 150 84 150 0.00138302
84 120 84 120 0.00205397
48 139 48 139 0.00586163
48 140 48 140 0.07423791
47 140 47 140 0.00343385
47 141 47 141 0.05477692
121 131 121 131 0.01531138
121 127 121 127 0.19380906
121 142 121 142 0.00070881
43 145 43 145 0.01861806
143 148 143 148 0.00974122
143 153 143 153 0.00061698
89 94 89 94 0.00443653
89 144 89 144 0.00468903
89 147 89 147 0.05411462
115 133 115 133 0.06430967
115 124 115 124 0.00403693
115 144 115 144 0.02194325
115 125 115 125 0.00531419
115 123 115 123 0.01332315
109 139 109 139 0.00068278
109 132 109 132 0.00774117
109 140 109 140 0.00631377
109 128 109 128 0.00154538
93 147 93 147 0.00780553
93 108 93 108 0.12225533
93 111 93 111 0.06184517
93 150 93 150 0.00102363
21 31 21 31 0.01189493
21 25 21 25 0.42333352
21 32 21 32 0.00357777
21 28 21 28 0.00115231
21 33 21 33 0.00102589
46 52 46 52 0.00086774
46 53 46 53 0.00062530
46 142 46 142 0.04039214
92 112 92 112 0.07411158
92 98 92 98 0.00071692
92 109 92 109 0.10477733
92 148 92 148 0.01569684
92 144 92 144 0.00447767
107 142 107 142 0.00380020
107 133 107 133 0.00446235
138 142 138 142 0.01683031
79 157 79 157 0.01145200
91 145 91 145 0.00927277
91 152 91 152 0.00068448
91 110 91 110 0.07678067
91 149 91 149 0.00944627
91 113 91 113 0.06057725
120 132 120 132 0.00696869
120 128 120 128 0.11489444
120 139 120 139 0.00382397
120 143 120 143 0.00059327
133 149 133 149 0.00240686
133 143 133 143 0.03229183
44 144 44 144 0.05285610
56 79 56 79 0.27636525
9 43 9 43 0.28481924
9 147 9 147 0.12701033
90 153 90 153 0.00090734
90 111 90 111 0.08874667
90 150 90 150 0.01175678
90 148 90 148 0.01552560
90 147 90 147 0.01312143
80 156 80 156 0.05676500
19 27 19 27 0.38156929
19 33 19 33 0.02703375
19 32 19 32 0.00965360
19 34 19 34 0.01063083
19 31 19 31 0.01213746
116 143 116 143 0.01256929
116 128 116 128 0.00969977
116 132 116 132 0.08216800
116 122 116 122 0.01477407
17 36 17 36 0.01383623
17 29 17 29 0.26192119
110 133 110 133 0.00083759
110 127 110 127 0.00121043
110 130 110 130 0.01007522
111 138 111 138 0.00314595
111 139 111 139 0.00356530
111 136 111 136 0.00173879
111 126 111 126 0.04104239
111 132 111 132 0.00080740
111 129 111 129 0.04439159
86 151 86 151 0.17060027
86 114 86 114 0.03046993
86 156 86 156 0.00105307
14 38 14 38 0.28358152
104 145 104 145 0.00196428
104 138 104 138 0.00820110
104 135 104 135 0.00050553
