131 137 131 137 0.00440672
4 158 4 158 0.09752060
4 157 5 157 0.00058128
96 126 96 126 0.96439300
103 124 103 124 0.44673800
94 128 94 128 0.86998600
94 136 94 136 0.08466520
91 131 91 131 0.44163600
90 144 90 144 0.00477424
90 132 90 132 0.54099300
110 116 110 115 0.00075501
110 115 110 115 0.49546700
80 154 80 154 0.07802650
80 140 80 138 0.00126281
80 155 80 155 0.15367900
30 158 30 158 0.08064160
93 133 93 133 0.00721961
93 137 93 137 0.03815230
29 159 29 159 0.12417800
22 28 18 24 0.00087736
1 12 1 10 0.00166835
95 127 95 127 0.96396400
144 151 144 151 0.33558200
144 155 144 155 0.02561670
99 130 99 130 0.00147429
16 20 19 23 0.00061733
16 22 18 24 0.00280728
16 38 12 34 0.00294324
16 25 17 25 0.03425580
16 25 16 26 0.00210988
17 24 17 25 0.00412675
17 24 18 24 0.01343860
17 37 13 33 0.00297934
107 119 107 118 0.00413079
10 155 11 155 0.00423625
10 43 6 43 0.00150974
2 6 2 9 0.00067293
2 11 2 9 0.00160277
19 35 15 31 0.00289206
149 158 149 158 0.00580871
149 157 149 157 0.00353357
98 129 98 129 0.00054790
97 130 97 130 0.00105172
97 125 97 125 0.18789200
9 44 5 44 0.00150804
9 156 10 156 0.02583280
82 138 82 136 0.00380909
8 45 4 45 0.00298993
8 13 7 12 0.00284676
8 13 10 15 0.00223996
5 156 4 156 0.00059035
5 15 5 14 0.00058867
5 157 5 157 0.10998500
5 16 5 14 0.00104567
100 129 100 129 0.00056850
15 23 17 25 0.00266570
15 39 11 35 0.00281741
15 21 18 24 0.00167768
148 159 148 159 0.00544002
89 142 89 142 0.03126450
89 133 89 133 0.44964500
89 143 89 143 0.04720450
84 139 85 139 0.00066162
79 156 79 156 0.46550700
79 155 79 155 0.04215260
21 28 19 27 0.00099570
21 28 19 26 0.00136027
21 29 17 25 0.00209009
21 29 19 27 0.00076567
102 125 102 125 0.45452300
92 135 92 135 0.00682610
85 136 86 136 0.00052789
85 136 85 134 0.00062921
85 149 85 149 0.04633220
85 134 85 134 0.04696130
88 133 88 133 0.06189880
88 143 88 143 0.09836260
33 156 32 156 0.00140045
33 155 33 155 0.04845450
11 42 7 42 0.00311741
11 154 12 154 0.00351064
12 153 13 153 0.00912676
23 27 21 25 0.00239421
23 27 19 23 0.00292035
104 123 104 123 0.70764700
150 157 150 157 0.00652849
150 156 150 156 0.03207710
6 13 6 13 0.08792540
6 47 2 47 0.00133745
31 158 30 158 0.00072200
31 157 31 157 0.07186810
83 137 83 135 0.00138558
83 137 83 137 0.17505900
62 66 62 66 0.13939100
13 152 14 152 0.00112549
13 23 16 26 0.00151956
81 139 81 137 0.00338677
81 154 81 154 0.16247300
7 36 10 36 0.00120119
7 46 3 46 0.00255400
7 14 6 13 0.00241238
7 14 7 12 0.00151871
145 154 145 154 0.03827710
143 152 143 152 0.60235500
86 148 86 148 0.06047580
86 133 86 133 0.02324110
86 135 86 135 0.18811100
142 153 142 153 0.27772100
109 117 109 116 0.00098356
109 116 109 116 0.46582800
109 118 109 118 0.05581430
