86 148 86 148 0.51493200
109 118 109 118 0.01397960
109 116 109 116 0.38396600
116 123 116 123 0.05966910
39 159 39 159 0.46478700
104 123 104 123 0.43714700
129 139 130 139 0.00343675
41 157 41 157 0.03606730
81 154 81 154 0.04747310
13 30 14 30 0.03258750
13 30 16 30 0.00795088
13 23 16 26 0.00165625
6 154 6 154 0.02366950
6 13 6 13 0.04701870
6 153 7 153 0.02692920
31 157 31 157 0.04486960
128 140 128 141 0.00332491
117 122 117 122 0.73247800
102 125 102 125 0.56108900
79 155 79 155 0.11286500
79 156 79 156 0.02160430
106 122 106 122 0.22743800
8 35 11 35 0.00457709
8 13 10 15 0.00283651
9 34 12 34 0.00432341
5 155 5 155 0.03403760
5 157 5 157 0.03135770
5 154 6 154 0.00247308
98 128 98 129 0.00221328
98 129 98 129 0.01603780
97 130 97 130 0.03557330
97 125 97 125 0.04313130
17 21 19 23 0.00541127
17 24 17 25 0.29709200
17 24 18 24 0.21158500
99 127 99 128 0.00200678
10 156 10 156 0.04256240
10 29 11 29 0.02032110
59 66 59 67 0.00100777
32 156 32 156 0.03617550
95 132 95 132 0.11085900
95 127 95 127 0.75306400
132 136 132 136 0.75385800
132 136 132 137 0.00562401
40 158 40 158 0.04248570
131 137 132 137 0.00061957
131 137 131 137 0.14470300
131 137 131 138 0.00163613
12 31 15 31 0.00360196
12 152 14 152 0.00056630
7 31 9 31 0.00061302
7 36 10 36 0.00951844
7 152 8 152 0.02006950
7 32 7 33 0.00657432
83 156 83 156 0.01479010
150 156 150 156 0.14236500
150 157 150 157 0.13604800
85 149 85 149 0.37303700
11 28 12 28 0.02094740
11 28 11 29 0.02447290
11 153 13 153 0.00167945
11 155 11 155 0.01108470
33 155 33 155 0.04554840
42 156 42 156 0.03482120
15 26 16 26 0.27179600
15 26 15 27 0.67427800
15 21 18 24 0.00228771
101 126 101 127 0.00059818
2 6 2 9 0.00544962
130 138 131 138 0.00249460
130 138 130 139 0.00944963
100 126 100 127 0.00199930
149 156 149 156 0.00758534
149 157 149 157 0.02185870
149 158 149 158 0.03318480
115 124 115 124 0.02108800
16 20 19 23 0.00173146
16 22 19 23 0.00137935
16 22 18 24 0.00540573
16 25 17 25 0.26730400
16 25 16 26 0.27116800
30 158 30 158 0.04612670
80 155 80 155 0.03344200
80 154 80 154 0.13979900
1 7 1 10 0.00252342
4 156 4 156 0.03269060
4 158 4 158 0.03701970
4 157 5 157 0.00386267
96 126 96 126 0.84868000
87 147 87 147 0.95576700
90 145 90 144 0.00195211
110 115 110 115 0.41307600
94 133 94 133 0.16929000
94 128 94 128 0.64482800
14 24 17 25 0.00687506
14 24 16 26 0.00537318
103 124 103 124 0.46329300
