156 156 0.63268651
52 52 0.24505585
31 31 0.87238609
31 32 0.00077168
160 160 0.99746706
144 144 0.57299325
114 114 0.20401755
51 51 0.18961132
3 3 0.46531496
47 47 0.22986069
23 23 0.70163929
118 118 0.21400560
142 142 0.90450635
95 95 0.36344687
149 148 0.00087613
149 149 0.63759050
149 150 0.00068245
37 37 0.37985893
90 90 0.30866223
136 136 0.18730974
147 148 0.00087882
147 147 0.65219297
145 145 0.90474765
26 26 0.77348742
55 55 0.77128536
82 82 0.11214456
28 28 0.57037847
16 16 0.41399384
109 109 0.63014911
137 137 0.70159164
76 76 0.67533382
125 125 0.84961008
115 115 0.20347719
116 116 0.20428856
35 35 0.45242245
66 67 0.00067864
66 66 0.98700153
66 65 0.00158836
131 131 0.20660642
121 121 0.79434329
49 49 0.32982627
43 43 0.72173761
134 134 0.20381938
122 122 0.46393631
107 107 0.33552029
138 138 0.22248652
13 13 0.38353024
27 27 0.94255104
38 38 0.24138385
80 80 0.24637707
123 123 0.92904923
40 40 0.09189826
127 127 0.66674067
79 79 0.22301477
15 15 0.25837583
6 6 0.90925434
126 126 0.39939871
61 61 0.43014832
72 72 0.29180292
130 130 0.17299281
62 62 0.68634938
91 91 0.43659842
146 146 0.81858131
8 8 0.70564872
98 98 0.64497347
94 94 0.36689634
110 110 0.67264461
14 14 0.31071612
104 104 0.59229989
111 111 0.72070843
83 83 0.22541240
29 29 0.91627111
29 30 0.00080378
84 84 0.23194890
42 42 0.74546207
30 31 0.00078961
30 30 0.48157266
39 39 0.42927081
9 9 0.41651202
148 149 0.00057073
148 148 0.52086285
96 96 0.23460435
106 106 0.32691819
41 41 0.42045561
10 10 0.56404904
102 102 0.62060869
75 75 0.50747616
86 86 0.94034213
112 112 0.17932756
113 113 0.23016616
140 140 0.53923993
124 124 0.92475706
2 2 0.38829912
74 74 0.64582684
19 19 0.71589584
7 7 0.90530017
34 34 0.40687381
89 89 0.47923797
73 73 0.56771428
100 100 0.89617454
141 141 0.61579847
67 66 0.00059388
67 67 0.60955644
135 135 0.19946047
154 154 0.78940098
36 36 0.33510249
17 17 0.34743323
25 25 0.70064354
85 85 0.11468043
139 139 0.63970545
103 103 0.55745300
119 119 0.83429383
24 24 0.74875831
5 5 0.65097790
99 99 0.64275485
69 69 0.48916391
92 92 0.54069159
97 97 0.36131699
87 87 0.93023658
46 46 0.23077215
50 50 0.22221985
78 78 0.30412679
11 11 0.91965570
93 93 0.46114965
33 33 0.45557918
153 153 0.70290187
20 20 0.85371029
88 88 0.75168746
18 18 0.47643584
54 54 0.79144685
108 108 0.33243702
71 71 0.74475390
155 155 0.75911750
68 68 0.56502990
70 70 0.89413526
48 48 0.11355224
32 32 0.71924780
143 143 0.88084710
129 129 0.90848639
158 158 0.44933920
117 117 0.20707534
4 4 0.58559952
105 105 0.59992600
151 151 0.52353510
132 132 0.21383402
128 128 0.49990018
44 44 0.73451976
22 22 0.75886406
1 1 0.44898184
150 150 0.51861265
150 149 0.00066704
58 58 0.87915902
21 21 0.58245374
159 159 0.42604859
63 62 0.00063015
63 63 0.54425609
12 12 0.26231520
56 55 0.00051973
56 56 0.54113599
101 101 0.96673229
59 59 0.79931599
152 152 0.79089527
81 81 0.33331797
53 53 0.33287729
57 56 0.00055272
57 57 0.35062010
133 133 0.20806780
120 120 0.28879301
64 65 0.00075244
64 64 0.82315922
65 65 0.98652570
65 64 0.00122687
65 66 0.00096524
45 45 0.11318194
157 157 0.58524471
77 77 0.50188217
60 60 0.69396481
