16 16 0.99336400
66 66 0.12266300
60 60 0.98649200
24 24 0.94074400
49 49 0.99579800
108 108 0.29451700
104 104 0.99979500
75 75 0.63576000
1 1 0.99997800
73 73 0.97917300
150 150 0.62486200
119 120 0.00085909
119 119 0.94967000
119 118 0.00181764
61 61 0.98646100
38 38 0.12274200
4 4 0.95567900
55 55 0.21552100
40 40 0.98711400
113 113 0.74063000
122 121 0.00445028
122 122 0.91993900
122 123 0.00295723
139 139 0.92529100
86 87 0.00070925
86 86 0.96820600
117 118 0.00072526
117 117 0.95066200
117 116 0.00118360
31 31 0.98241700
89 89 0.95378800
56 56 0.99585400
96 96 0.33788100
51 51 0.99904500
30 30 0.62587000
33 33 0.42226100
133 133 0.92403900
67 67 0.29535700
101 101 0.29455200
114 114 0.56193600
98 98 0.12243000
74 74 0.97913600
144 144 0.28579300
23 23 0.95423100
20 20 0.67338800
126 127 0.00092506
126 126 0.22829900
32 33 0.00054340
32 32 0.98223000
93 93 0.70083100
78 78 0.82649000
71 71 0.97987800
54 54 0.99902700
107 107 0.29455100
88 88 0.08636470
115 115 0.95692400
83 83 0.94146900
2 2 0.97600800
91 91 0.79297200
111 111 0.29341400
80 80 0.22620600
130 130 0.79388300
130 129 0.01066330
42 42 0.98600300
142 142 0.59169000
18 18 0.88872900
41 40 0.00107070
41 41 0.64455000
63 63 0.64550700
34 34 0.98277100
148 148 0.26529800
44 44 0.67495300
12 12 0.95817500
46 46 0.68628200
69 69 0.30892500
127 128 0.00057564
127 127 0.95414500
127 126 0.00256108
136 136 0.88685100
90 90 0.95370000
13 13 0.95783800
105 105 0.99987000
37 37 0.29546400
10 10 0.88259000
43 43 0.98614200
125 125 0.18706800
125 124 0.00064236
85 85 0.96895400
92 92 0.63336000
124 123 0.00345698
124 124 0.83488100
68 68 0.29700600
112 112 0.33789900
35 35 0.30921400
53 53 0.99901500
45 45 0.99054500
129 129 0.95848700
129 128 0.01199670
7 7 0.72852200
65 65 0.39951500
65 64 0.00059599
134 134 0.94938100
19 19 0.89335200
64 64 0.99044900
14 15 0.00067136
14 14 0.45260100
72 72 0.97939500
152 152 0.99999000
140 140 0.73361000
84 84 0.93638900
151 151 0.14639800
103 103 0.99970800
97 97 0.29341600
143 143 0.56952000
99 99 0.39956700
27 27 0.90105400
9 9 0.78837800
116 115 0.00066764
116 116 0.82204000
76 76 0.20030400
141 141 0.20040600
138 138 0.91992400
149 149 0.61414300
121 122 0.00414729
121 120 0.00077555
121 121 0.62053900
120 121 0.00168537
120 119 0.00079912
120 120 0.06769540
128 127 0.01311410
128 128 0.95571100
29 29 0.04057950
146 146 0.90806600
100 100 0.29451800
106 106 0.99995700
11 11 0.93359300
131 130 0.00163195
131 131 0.94081200
39 39 0.39999100
135 135 0.89939200
47 47 0.99338600
70 70 0.50723500
57 57 0.61835100
109 109 0.39956700
6 6 0.25365400
25 25 0.26521100
137 137 0.88459400
26 26 0.83250600
48 48 0.61834800
147 147 0.96975500
79 79 0.30838400
17 17 0.86525700
36 36 0.29709800
123 124 0.00174950
123 123 0.92325000
123 122 0.00673069
22 22 0.96772500
145 145 0.88843000
132 132 0.94279100
5 5 0.93919700
62 62 0.98649800
8 8 0.88187300
77 77 0.69597400
110 110 0.12242600
58 58 0.68627600
50 50 0.21555300
118 117 0.00151744
118 118 0.94961400
118 119 0.00107405
102 102 0.99985500
52 52 0.99902100
21 21 0.98187900
3 3 0.93933700
82 82 0.95796100
59 59 0.67504900
28 28 0.50778300
15 15 0.36372700
94 94 0.97842200
87 87 0.69070900
81 81 0.23425400
95 95 0.97844500
