19 29 21 29 0.00126115
109 130 112 130 0.05471460
112 126 115 126 0.08866860
97 143 97 144 0.08090830
97 143 97 145 0.00307691
97 143 99 143 0.02681010
97 143 100 142 0.01046220
97 143 98 144 0.00607617
97 143 98 143 0.03772610
97 149 97 149 0.00842295
97 146 96 147 0.01028780
97 146 97 145 0.00394801
97 144 98 144 0.05412230
97 144 98 145 0.00080275
97 144 100 143 0.00114844
97 144 99 144 0.00330428
97 144 97 145 0.11529900
97 144 97 144 0.03772300
65 71 62 69 0.18223200
65 71 61 70 0.00174326
60 75 58 73 0.00744770
60 75 57 75 0.00208343
60 75 59 72 0.02163610
60 77 57 75 0.00590292
55 79 55 76 0.09029570
55 79 55 79 0.24656700
55 79 54 77 0.00164673
21 26 20 25 0.00374721
21 29 21 29 0.12074700
105 138 106 139 0.00202832
105 138 104 138 0.00439795
105 138 107 138 0.00253769
105 138 108 137 0.00080562
105 138 105 140 0.00136813
105 133 106 134 0.00427341
105 133 108 133 0.02358630
22 28 22 28 0.45361100
54 80 54 77 0.14416300
54 80 54 80 0.29345200
99 141 100 141 0.25243600
99 141 100 142 0.01851110
99 141 99 143 0.00678018
99 141 99 142 0.42376300
99 141 102 140 0.01041250
99 141 101 141 0.05537580
49 85 49 85 0.67192100
96 150 96 150 0.01058610
96 147 98 148 0.00240449
96 147 95 148 0.02367790
96 147 96 147 0.65048400
96 145 96 147 0.00189909
96 145 95 145 0.00051041
96 145 98 144 0.00166299
96 145 98 145 0.04256050
96 145 97 144 0.00052008
96 145 97 145 0.11876100
96 145 99 144 0.01723490
104 134 107 134 0.01537100
104 134 106 134 0.00263235
104 139 107 139 0.00143713
104 139 107 138 0.00097854
104 139 103 139 0.00413108
104 139 106 139 0.00051439
104 139 104 138 0.00177813
138 146 139 146 0.00081490
47 87 47 86 0.02247080
47 89 47 91 0.00869095
47 86 47 86 0.17884200
64 72 62 69 0.46563100
64 72 60 71 0.00178573
64 72 61 70 0.21227000
64 71 62 69 0.00254212
17 31 19 31 0.00299048
88 94 88 94 0.03468920
88 94 87 93 0.00312379
101 142 101 141 0.00238102
101 142 100 142 0.00163061
101 139 101 140 0.33515800
101 139 101 141 0.00390174
101 139 102 140 0.01760550
101 139 102 139 0.25482000
101 139 103 139 0.05126710
101 139 104 138 0.01799350
102 141 102 140 0.00175930
102 141 101 141 0.00400321
100 143 100 143 0.01939450
100 143 100 142 0.00212801
100 143 99 143 0.00129108
100 140 100 142 0.00418270
100 140 100 141 0.16986700
100 140 103 139 0.02097170
100 140 102 140 0.05521970
100 140 101 140 0.21176100
100 140 101 141 0.01164360
56 78 55 76 0.00373723
56 78 53 78 0.00101353
56 78 56 76 0.06256470
66 70 62 69 0.00149985
116 122 116 122 0.24084500
16 32 18 32 0.00280402
92 151 92 151 0.78070800
92 148 95 148 0.00136039
92 148 93 149 0.00094602
108 131 108 133 0.00110738
108 131 111 131 0.04399620
62 74 59 72 0.21373000
62 74 58 73 0.00177047
62 74 60 71 0.22659700
51 83 51 83 0.44110900
61 75 58 73 0.18971000
61 75 59 72 0.41781500
90 151 87 151 0.00079893
90 151 92 151 0.04353750
95 146 97 145 0.00118575
95 146 94 146 0.00060667
95 146 98 145 0.00192696
95 146 95 148 0.00088261
95 146 95 147 0.00390439
95 146 96 147 0.00111544
95 148 97 149 0.00160548
95 148 95 148 0.63878100
95 148 96 147 0.00279282
95 148 98 148 0.00094207
1 149 1 150 0.00345083
46 88 46 87 0.04665700
94 146 97 145 0.01318070
94 146 95 147 0.00093747
94 146 96 147 0.00215590
94 146 94 146 0.08949680
94 149 97 149 0.00462134
94 149 93 150 0.01058800
94 149 93 149 0.00280457
94 149 95 148 0.00346110
111 127 114 127 0.05310860
58 78 56 76 0.00184201
58 78 57 75 0.03193390
58 78 55 76 0.00343583
58 76 56 76 0.00126274
58 76 58 73 0.33357500
58 76 55 76 0.00393354
58 76 57 74 0.00744893
110 128 113 128 0.03774050
110 129 113 129 0.01159680
91 151 92 151 0.00169178
91 152 92 151 0.00087062
91 149 93 150 0.00080424
91 149 93 149 0.02328570
59 78 57 75 0.02024270
59 78 56 76 0.00437152
59 76 58 73 0.05231800
59 76 57 75 0.00066192
59 76 57 74 0.01505360
59 76 56 76 0.00710435
103 135 106 134 0.00501814
103 137 103 138 0.10685700
103 137 103 139 0.00284864
103 137 104 138 0.01159150
103 138 104 138 0.26785400
103 138 103 139 0.27087200
103 138 103 138 0.19270400
107 133 107 134 0.06770650
107 133 108 133 0.11706400
107 132 107 134 0.00131153
107 132 108 133 0.00276795
107 132 110 132 0.07786430
57 76 57 75 0.00074086
57 76 57 74 0.05468000
57 78 55 76 0.00113480
57 78 57 75 0.31637700
57 78 56 76 0.00103081
2 148 2 149 0.01677740
45 89 45 88 0.01121310
50 84 50 84 0.77716700
106 134 109 134 0.00688923
106 134 106 134 0.21763900
106 134 107 134 0.04834980
48 88 48 90 0.02066310
63 73 59 72 0.00179524
63 73 61 70 0.22628100
63 73 60 71 0.10358100
18 30 20 30 0.00128854
114 124 114 124 0.27292000
114 124 117 124 0.03366470
98 142 98 143 0.13481300
98 142 98 144 0.00382975
98 142 100 142 0.03269760
98 142 99 143 0.00955146
98 142 99 142 0.07302940
98 142 101 141 0.01260260
98 148 98 148 0.00301412
98 143 99 144 0.00050699
98 143 99 143 0.04894530
98 143 97 144 0.00076364
98 143 98 144 0.08569750
98 143 98 143 0.02626660
98 143 100 143 0.00133926
20 28 22 28 0.00119762
20 27 19 26 0.00268738
20 30 20 30 0.10769800
53 81 53 78 0.05527700
53 81 53 81 0.60223200
115 123 118 123 0.03411870
115 123 115 123 0.32364300
89 151 92 151 0.00195825
93 150 96 150 0.01370120
93 150 92 151 0.01294600
93 150 93 149 0.00178345
93 150 93 150 0.75830800
93 147 93 147 0.03246400
93 147 93 149 0.00086527
93 147 95 148 0.00679177
93 147 95 147 0.04266000
93 147 96 147 0.00145273
