53 74 49 71 0.00782765
89 152 89 152 0.05616760
89 152 91 152 0.00317644
115 121 117 121 0.01070740
115 121 116 122 0.01001650
115 123 115 123 0.32288900
93 150 93 150 0.78742100
93 150 96 150 0.00135016
57 70 53 67 0.01591680
57 70 63 73 0.00058474
113 123 114 124 0.00997127
113 123 115 123 0.01861770
106 134 106 134 0.70377000
114 124 114 124 0.56708600
114 122 115 123 0.01001960
114 122 116 122 0.00979300
98 142 98 143 0.00593432
98 142 98 142 0.21772000
98 141 98 142 0.12734900
98 141 99 141 0.00465499
98 148 98 148 0.18364000
98 140 100 140 0.00753521
20 28 20 28 0.34454900
20 27 20 27 0.05586470
111 125 112 126 0.00829888
58 69 54 66 0.01071820
58 69 64 72 0.00058927
59 68 65 71 0.00053452
59 68 55 65 0.01613270
91 149 91 149 0.00540950
91 149 94 149 0.00071077
91 148 94 149 0.00070027
91 148 91 149 0.02846640
91 152 91 152 0.29582800
91 152 94 152 0.00104974
91 150 91 151 0.00055575
91 150 93 150 0.01346780
110 126 112 126 0.02264940
110 126 111 127 0.00993308
107 131 107 132 0.00879683
107 131 108 131 0.00160700
107 130 109 130 0.00662322
107 130 108 131 0.00443987
103 137 103 138 0.04520760
103 137 103 137 0.42297200
95 143 97 143 0.00225029
95 144 97 144 0.00469858
1 150 1 151 0.00281762
94 145 97 146 0.00092248
94 145 96 145 0.01380480
94 145 94 146 0.18952400
92 146 95 146 0.00051410
92 146 94 146 0.01293360
92 147 95 148 0.00077008
92 147 92 148 0.04436750
92 151 91 151 0.00092080
92 151 92 151 0.79976800
92 151 95 151 0.00165934
108 128 110 128 0.01125930
108 132 108 131 0.00178914
108 132 107 132 0.00156869
90 153 93 153 0.00085565
90 151 89 151 0.00169274
90 151 91 151 0.00052252
90 151 92 151 0.01326490
90 151 90 151 0.12647300
90 151 90 152 0.00823088
100 140 100 140 0.63703500
100 139 101 139 0.00330329
100 139 100 140 0.17040300
56 71 62 74 0.00058136
116 122 116 122 0.23256300
54 73 50 70 0.01587000
22 28 22 28 0.20929200
22 27 22 27 0.21246600
105 135 105 136 0.01315130
105 135 105 135 0.45983900
99 140 101 139 0.00073770
99 140 99 141 0.10830700
99 140 100 140 0.00436067
99 139 101 139 0.00970921
104 136 105 136 0.00134049
96 150 96 150 0.12419500
101 138 103 138 0.01040180
101 138 101 139 0.14058500
101 139 101 139 0.70860300
102 138 103 138 0.00233775
19 29 19 29 0.46101900
109 131 108 131 0.00206571
109 127 110 128 0.00968647
109 127 111 127 0.01398060
112 124 114 124 0.01184110
97 142 98 142 0.00265581
97 142 99 141 0.00070111
97 142 97 143 0.10445600
97 141 99 141 0.00998959
97 149 97 149 0.32357000
97 143 97 144 0.01545430
97 143 97 143 0.11487400
60 67 66 70 0.00074708
60 67 56 64 0.00497649
21 26 21 26 0.11054100
21 29 21 29 0.03906540
55 72 51 69 0.01604160
55 72 61 75 0.00079074
