57 57 0.58697625
138 138 0.60168338
104 104 0.14606055
104 103 0.00428510
104 106 0.00251075
104 105 0.00122918
104 102 0.00480355
136 136 0.36015811
136 138 0.00053248
38 38 0.43335394
102 104 0.00279333
102 100 0.00433705
102 102 0.20832446
102 101 0.00845848
102 103 0.01243135
46 46 0.26229283
51 51 0.73870801
14 14 0.62643682
80 82 0.00057456
80 80 0.51520369
90 92 0.00053249
90 90 0.39013973
156 156 0.43776128
123 123 0.23125390
123 122 0.00200219
123 124 0.00343437
25 26 0.00118441
25 25 0.77477455
126 126 0.29046386
126 127 0.00496164
74 74 0.68954740
118 120 0.00060169
118 117 0.02746319
118 118 0.35623358
118 119 0.45953205
10 10 0.63202989
17 17 0.77314408
9 9 0.58220384
132 134 0.00906375
132 133 0.00067917
132 132 0.26861139
119 121 0.00051114
119 120 0.00414877
119 118 0.02398977
119 119 0.12940040
41 41 0.92146105
114 113 0.02547967
114 115 0.09082721
114 116 0.00066626
114 112 0.00060016
114 114 0.81581939
133 135 0.02147808
133 134 0.00060505
133 133 0.33451486
32 32 0.70266706
137 137 0.38702354
159 159 0.93353408
4 4 0.76790541
56 56 0.79390000
2 3 0.00154750
2 2 0.83289365
121 121 0.14945194
121 120 0.01229114
121 122 0.00344138
50 50 0.85530692
99 99 0.27553275
99 101 0.00314484
99 100 0.01352068
99 98 0.00846419
116 115 0.02600275
116 117 0.39100492
116 118 0.00062587
116 114 0.00054886
116 116 0.42528518
12 12 0.50726331
98 97 0.00154077
98 99 0.00219485
98 100 0.00310391
98 98 0.90189266
45 45 0.32693304
79 79 0.49178334
37 37 0.33077386
31 31 0.51181003
139 141 0.00273385
139 139 0.43400883
128 128 0.40110822
128 130 0.00083709
128 129 0.29817490
144 146 0.00678430
144 144 0.40952867
26 27 0.00068745
26 26 0.58155767
91 93 0.00127924
91 91 0.96226165
150 150 0.61460742
150 151 0.00216042
61 61 0.98409963
108 106 0.00326380
108 107 0.02127280
108 110 0.00089169
108 109 0.03616175
108 108 0.45356810
75 75 0.55329914
15 15 0.69306571
78 78 0.60883926
160 160 0.99899519
141 141 0.34276508
141 143 0.00309316
22 22 0.32483699
22 23 0.00087818
3 3 0.75426905
3 4 0.00141590
29 29 0.65202027
18 18 0.51673809
94 96 0.00128425
94 95 0.00062248
94 94 0.27800907
106 104 0.00473758
106 108 0.00119024
106 106 0.14100574
106 107 0.01501936
106 105 0.01465817
125 125 0.27337456
125 126 0.53699437
70 70 0.48210126
33 33 0.76868119
19 19 0.48220673
21 21 0.52054764
21 22 0.00117997
115 114 0.02551634
115 116 0.16480494
115 115 0.41579340
115 113 0.00057554
115 117 0.00065288
117 116 0.01290393
117 118 0.12395102
117 117 0.01014984
130 131 0.00981645
130 132 0.00536526
130 130 0.51671149
83 83 0.26594054
103 104 0.01664161
103 103 0.28000434
103 105 0.00269439
103 101 0.00464352
103 102 0.00414300
129 129 0.39687521
129 131 0.00180541
129 130 0.15962647
8 8 0.56493369
109 107 0.00314331
109 110 0.01625206
109 111 0.00082771
109 108 0.02401599
109 109 0.36023059
145 147 0.00275134
145 145 0.38698564
149 151 0.00058209
149 150 0.00223865
149 149 0.63794772
147 147 0.63411510
147 148 0.00143006
131 132 0.00061683
131 133 0.02107390
131 131 0.36394105
54 54 0.87000897
113 111 0.00063668
113 115 0.00053632
113 113 0.83838491
113 114 0.05957285
113 112 0.01959108
28 28 0.68438412
92 94 0.00058243
92 92 0.32523410
55 55 0.87267048
88 87 0.00213212
88 90 0.00075735
88 88 0.62739398
111 111 0.74078921
111 113 0.00058637
111 109 0.00136198
111 112 0.04730637
111 110 0.02013177
85 85 0.26376349
85 84 0.00116461
85 87 0.00150661
68 68 0.45712512
5 5 0.84654027
97 99 0.00270107
97 97 0.68826067
65 65 0.57986547
13 13 0.25803386
120 121 0.00397659
120 120 0.14266839
120 119 0.01653131
6 6 0.75978704
34 34 0.72892937
20 21 0.00093208
20 20 0.75753343
152 153 0.00080148
152 152 0.69002258
81 81 0.44159434
124 124 0.23280519
124 125 0.00428602
73 73 0.68740092
151 151 0.75417057
151 152 0.00213655
146 148 0.00242124
146 146 0.45640778
146 147 0.00071252
110 110 0.54101387
110 112 0.00067059
110 109 0.02048428
110 111 0.04327348
110 108 0.00213684
82 84 0.00055801
82 82 0.38171769
16 16 0.56838024
140 140 0.46751226
140 142 0.00295634
62 62 0.45220324
72 72 0.50774117
134 136 0.01165913
134 134 0.31589649
134 135 0.00568336
42 42 0.80998607
24 24 0.52293281
24 25 0.00113153
67 67 0.66168052
100 100 0.83414905
100 98 0.00122378
100 99 0.01738450
100 101 0.00557700
100 102 0.00313932
143 143 0.33328194
143 145 0.00216051
135 135 0.79179287
135 136 0.00150170
135 137 0.04236717
43 43 0.81886343
63 63 0.45191058
11 11 0.52511323
76 76 0.52360780
53 53 0.50995659
101 100 0.01030918
101 102 0.00572970
101 101 0.21734547
101 99 0.00239708
101 103 0.00306203
153 153 0.75514679
153 154 0.00061608
7 7 0.35472693
64 64 0.39170077
39 39 0.85789527
112 113 0.03248197
112 111 0.02490468
112 112 0.76879031
112 110 0.00143982
112 114 0.00070117
71 71 0.84274924
58 58 0.66657471
36 36 0.37797380
59 59 0.49048764
52 52 0.55121600
96 96 0.68102705
96 98 0.00225089
48 48 0.41148488
93 93 0.33566996
93 95 0.00084635
66 66 0.70313296
95 97 0.00136963
95 96 0.00057809
95 95 0.38548170
87 89 0.00175208
87 87 0.64479564
87 88 0.00056367
87 86 0.00178071
157 157 0.53538290
154 154 0.69119426
35 35 0.43460080
44 44 0.67948820
40 40 0.79937373
77 77 0.55645225
122 122 0.17869828
122 121 0.00354716
122 123 0.12078664
60 60 0.63950321
30 30 0.38252834
89 88 0.00105409
89 91 0.00424845
89 89 0.49330351
158 158 0.50487940
1 1 0.83742982
1 2 0.00130048
107 108 0.12183234
107 109 0.00102002
107 105 0.00425709
107 107 0.60998796
107 106 0.01737493
142 142 0.70317278
142 144 0.01185147
69 69 0.42304423
49 49 0.87518662
127 128 0.53206454
127 129 0.00183232
127 127 0.37031828
148 148 0.72365535
148 150 0.00156764
148 149 0.00050151
86 86 0.56474221
86 85 0.00179682
86 88 0.00066808
84 83 0.00051785
84 84 0.52331683
27 27 0.63605223
23 24 0.00088938
23 23 0.46801531
155 155 0.37544575
47 47 0.31007842
105 103 0.00470090
105 106 0.00218299
105 107 0.00136644
105 105 0.14277237
105 104 0.00991983
