92 92 0.41796220
92 94 0.00076173
28 28 0.87031683
113 112 0.00084560
113 114 0.04798552
113 113 0.85472108
54 54 0.96270472
55 55 0.97958199
85 85 0.31278571
85 87 0.00780019
85 84 0.00123165
111 110 0.00153994
111 112 0.12758899
111 111 0.56882960
88 87 0.00207374
88 90 0.00516607
88 88 0.41008592
97 97 0.90029816
97 98 0.00283279
5 5 0.94029940
68 68 0.62290141
120 121 0.00111017
120 120 0.33088845
13 13 0.35862046
65 65 0.70866298
34 34 0.77146642
20 20 0.61521926
20 21 0.00129152
6 6 0.75001574
152 151 0.00292039
152 154 0.00053238
152 153 0.00137656
152 152 0.68510213
124 125 0.00318665
124 124 0.33431402
81 83 0.00064804
81 81 0.28603562
151 152 0.00225896
151 151 0.63189720
151 153 0.00082733
151 150 0.00243697
73 73 0.64574016
110 110 0.42235920
110 109 0.00298448
110 111 0.14917134
146 147 0.00360233
146 146 0.40519523
146 148 0.00769047
140 142 0.00561163
140 140 0.39261755
16 16 0.70785106
82 82 0.35668868
82 84 0.00136458
134 134 0.23626591
134 135 0.01151181
134 136 0.07953833
72 72 0.67330792
62 62 0.63890801
100 100 0.82919457
100 99 0.00316607
100 101 0.04346872
67 67 0.64777090
24 25 0.00173220
24 24 0.64523092
42 42 0.72964029
43 43 0.75839623
135 135 0.66230751
135 136 0.01024460
135 137 0.21456133
143 145 0.02496816
143 143 0.34785364
63 63 0.63875811
101 100 0.00221337
101 101 0.30582426
101 102 0.02680379
53 53 0.70807091
76 76 0.60388041
11 11 0.49180096
7 7 0.44918573
153 153 0.65664315
153 154 0.00101035
153 152 0.00236958
112 113 0.04212281
112 111 0.00157380
112 112 0.72578966
39 39 0.79173817
64 64 0.64977289
71 71 0.80971517
58 58 0.69918448
59 59 0.60723489
36 36 0.52635220
52 52 0.74011698
48 48 0.63920728
96 97 0.00083717
96 96 0.67262472
93 93 0.39421396
157 157 0.70884019
87 88 0.00078747
87 86 0.00213913
87 89 0.00858890
87 87 0.41088863
95 96 0.00079249
95 95 0.41121561
66 66 0.75440319
35 35 0.53991265
44 44 0.65060556
154 154 0.59728715
154 153 0.00220084
60 60 0.69623036
122 122 0.29322396
122 123 0.08999403
40 40 0.55451570
77 77 0.61409032
30 30 0.57652326
107 108 0.34106697
107 107 0.22880780
107 106 0.00433195
1 1 0.72594556
1 2 0.00056774
158 158 0.54061329
89 88 0.00112582
89 91 0.00849703
89 89 0.57059117
142 144 0.07071761
142 142 0.63708059
127 129 0.00378114
127 127 0.64289401
127 128 0.31628166
49 49 0.85738657
69 69 0.60233161
86 86 0.40445392
86 85 0.00211223
86 88 0.00312718
86 87 0.00109398
148 149 0.00368186
148 150 0.00478085
148 148 0.67636575
105 106 0.17567716
105 105 0.14779631
105 104 0.00588158
155 155 0.43220249
47 47 0.58951623
23 24 0.00156435
23 23 0.61317707
27 27 0.71917293
84 83 0.00062758
84 84 0.54482858
84 85 0.00157297
84 86 0.00050053
38 38 0.63080701
136 138 0.00269666
136 136 0.25804990
104 104 0.14593388
104 103 0.00634196
104 105 0.02872840
57 57 0.73056230
138 138 0.38258091
138 140 0.00279915
14 14 0.63379813
51 51 0.77034338
46 46 0.55304935
102 102 0.28250484
102 103 0.04560516
102 101 0.00465473
80 82 0.00304744
80 80 0.42059453
156 156 0.49347595
90 90 0.43194101
90 92 0.00347117
25 26 0.00202450
25 25 0.78483822
123 124 0.00254632
123 123 0.33226038
118 118 0.66237033
118 119 0.01938144
74 74 0.73915372
126 126 0.44105087
126 127 0.00347340
10 10 0.58279987
132 133 0.00105397
132 132 0.22848067
132 134 0.05269333
9 9 0.62944900
17 17 0.73776687
119 119 0.28213152
114 114 0.88727694
114 113 0.00097122
114 115 0.05319636
41 41 0.74280259
137 137 0.26521744
137 139 0.00268811
32 32 0.83732029
133 135 0.04462700
133 134 0.00252921
133 133 0.40052151
159 159 0.93914452
121 122 0.00088320
121 121 0.18114750
2 3 0.00076770
2 2 0.94938043
4 4 0.88225542
56 56 0.92392255
116 116 0.68230006
116 117 0.00531206
12 12 0.51262050
99 99 0.44480201
99 98 0.00118909
99 100 0.01106509
50 50 0.89085100
45 45 0.52483045
98 98 0.74979760
98 99 0.01702149
98 97 0.00062831
37 37 0.45043597
79 81 0.00091975
79 79 0.46733635
139 139 0.36861925
139 141 0.07735291
31 31 0.72246764
91 91 0.95976908
91 93 0.00234498
26 27 0.00102475
26 26 0.67145939
144 146 0.03744202
144 144 0.40390640
128 130 0.00418600
128 128 0.61114343
128 129 0.25673318
78 78 0.75307676
15 15 0.72926305
108 108 0.38043887
108 109 0.07272013
108 107 0.00424956
75 75 0.66742333
61 61 0.98134398
150 152 0.00067222
150 150 0.58922619
150 151 0.00168916
150 149 0.00200718
29 29 0.85494306
22 23 0.00113555
22 22 0.52869965
3 4 0.00073423
3 3 0.90044347
160 160 0.99931770
141 143 0.07519403
141 141 0.25977368
18 18 0.57158547
106 106 0.15003393
106 107 0.14499183
106 105 0.00533429
94 95 0.00074547
94 94 0.30425692
125 125 0.44662268
125 126 0.26687001
19 19 0.51139088
33 33 0.95790082
70 70 0.57898696
21 21 0.68350728
21 22 0.00175079
130 132 0.03643133
130 130 0.58514927
130 129 0.00055922
130 131 0.00462801
117 117 0.18089032
117 118 0.05881424
115 116 0.12239431
115 114 0.00078266
115 115 0.44833024
103 104 0.12965868
103 102 0.00653120
103 103 0.24599589
129 128 0.00050701
129 130 0.05336355
129 129 0.70651944
129 131 0.00903267
83 85 0.00771652
83 84 0.00082726
83 83 0.30263783
145 145 0.27358895
145 147 0.01499637
109 109 0.41389004
109 108 0.00442382
109 110 0.08182963
8 8 0.56902335
131 133 0.04215833
131 131 0.33733658
147 147 0.50638573
147 149 0.00619216
147 148 0.00428065
149 149 0.55182855
149 151 0.00116994
149 150 0.00330722
