24 24 0.66505440
24 23 0.00165293
31 31 0.85371275
31 30 0.02028083
115 122 0.00197623
115 114 0.08941940
115 120 0.01212598
115 115 0.32993503
115 121 0.01891133
115 123 0.01180472
115 118 0.12853325
115 119 0.00606844
89 95 0.00418119
89 91 0.01061266
89 86 0.00055123
89 97 0.02252707
89 92 0.00155301
89 96 0.00298217
89 87 0.01418702
89 83 0.00344920
89 88 0.05413740
89 89 0.34118793
89 93 0.00062927
89 90 0.05649518
149 151 0.00258628
149 153 0.01167401
149 152 0.61907098
3 3 0.79253221
3 2 0.00065200
130 137 0.00136182
130 136 0.04006059
130 133 0.15166642
130 129 0.02383152
130 130 0.15266014
53 49 0.00250141
53 53 0.55483568
53 58 0.00884873
143 147 0.01604596
143 144 0.01207827
143 149 0.01077399
143 146 0.33740825
143 142 0.00355113
143 143 0.00920434
143 145 0.00578533
143 148 0.00144898
98 96 0.00075917
98 98 0.04961939
98 101 0.01592551
98 95 0.00120571
98 100 0.00176917
98 106 0.02375445
98 97 0.37719566
98 99 0.00987948
80 79 0.05160422
80 88 0.00541894
80 83 0.01500072
80 87 0.00284371
80 80 0.48641181
80 78 0.00345771
80 82 0.00219550
80 74 0.00408043
80 86 0.00520145
80 81 0.00423881
80 84 0.00244887
80 77 0.00102136
80 85 0.00276212
20 19 0.01478749
20 20 0.54709606
12 11 0.00229528
12 13 0.00801034
12 12 0.73462821
139 138 0.01673279
139 144 0.00545330
139 141 0.02114197
139 142 0.23331869
139 143 0.01049460
139 140 0.01052472
139 145 0.00984317
139 139 0.03565712
50 50 0.57169421
50 48 0.00059891
50 55 0.01008923
50 46 0.00070217
106 114 0.05282546
106 104 0.00871294
106 107 0.00153324
106 108 0.00098616
106 103 0.00440406
106 105 0.35343569
106 112 0.01287700
106 110 0.00116586
106 106 0.11959620
106 111 0.00223282
106 109 0.12566561
113 116 0.12637474
113 121 0.14662945
113 114 0.00221234
113 117 0.00907124
113 120 0.00363312
113 110 0.00603276
113 112 0.38378944
113 119 0.01533643
113 113 0.22819052
113 118 0.00716937
113 111 0.00124664
113 109 0.00101339
2 2 0.83773372
45 45 0.84883909
30 29 0.00205235
30 30 0.45482587
63 63 0.46215465
63 59 0.00515052
63 65 0.05500896
63 68 0.00943217
63 66 0.05811563
63 60 0.00666524
63 62 0.06538806
63 64 0.00380787
63 61 0.02825539
127 127 0.25512623
127 136 0.00228983
127 134 0.00133746
127 133 0.17079372
127 126 0.00171674
127 130 0.13459483
32 33 0.00064536
32 31 0.01933811
32 32 0.83827840
39 39 0.71788147
41 41 0.68746445
41 46 0.00199552
58 58 0.53138506
58 57 0.04732715
58 63 0.00059447
58 56 0.00171823
58 59 0.00710499
58 54 0.00280339
58 60 0.04463215
58 61 0.00209714
140 146 0.00540411
140 144 0.05659190
140 141 0.00626713
140 142 0.01441050
140 147 0.00102363
140 143 0.17454503
140 140 0.03453533
140 145 0.01319457
140 139 0.01410016
36 36 0.75125189
36 35 0.00958042
103 106 0.08679465
103 113 0.00279895
103 111 0.15466619
103 109 0.00050513
103 108 0.00144627
103 103 0.06647548
103 105 0.00252910
103 104 0.00249277
103 102 0.38057016
103 101 0.00094290
107 104 0.00543281
107 115 0.03029564
107 106 0.03890549
107 113 0.01602830
107 107 0.14623588
107 108 0.00091939
107 103 0.00089074
107 110 0.12706187
107 105 0.00709764
110 110 0.14660459
110 107 0.00155763
110 108 0.00123158
110 111 0.00054234
110 109 0.02531930
110 118 0.12690271
110 113 0.12905940
110 106 0.00145500
110 116 0.00101008
44 44 0.69664363
44 49 0.00644473
27 27 0.71588958
27 26 0.00297035
46 50 0.00053360
46 46 0.86950629
94 95 0.05846534
94 92 0.00527426
94 97 0.02850448
94 91 0.00135609
94 94 0.06817788
94 96 0.00102777
94 102 0.00224943
94 93 0.15094314
136 138 0.00420829
136 137 0.00822487
136 144 0.00297850
136 135 0.03801351
136 142 0.05484607
136 136 0.11348839
136 141 0.00060846
136 140 0.00097636
136 143 0.01206345
136 139 0.32358148
136 145 0.00070951
28 28 0.39454448
28 27 0.01806869
1 1 0.87041861
62 59 0.00614983
62 63 0.01120363
62 65 0.00849891
62 58 0.00510071
62 61 0.06370520
62 60 0.03094149
62 64 0.00653193
62 67 0.00947913
62 62 0.43782161
137 144 0.02662917
137 136 0.03551277
137 142 0.00095778
137 141 0.00700029
137 138 0.00489336
137 137 0.10567280
137 140 0.33817643
137 143 0.08798160
137 139 0.02174101
137 145 0.00175382
90 92 0.00172706
90 91 0.01743270
90 84 0.00317343
90 90 0.25726877
90 89 0.08681277
90 88 0.01121332
90 87 0.00094577
90 98 0.00471160
90 94 0.00499726
90 96 0.00115393
123 123 0.41192678
123 122 0.05961905
123 126 0.12894380
123 129 0.16357869
123 128 0.00792478
123 132 0.00196209
83 90 0.00432028
83 89 0.00251334
83 83 0.52917207
83 87 0.01403105
83 82 0.04121569
83 86 0.01485858
83 81 0.02819926
83 91 0.00121697
83 84 0.02095602
83 85 0.00164356
83 77 0.00407167
121 121 0.43049486
121 120 0.06010536
121 127 0.16488897
121 125 0.00127696
121 126 0.01484520
121 129 0.00085183
121 124 0.12437809
51 56 0.01006927
51 48 0.00073692
51 51 0.68801464
51 47 0.00118160
132 138 0.00152428
132 131 0.00150443
132 134 0.00087608
132 133 0.01112947
132 135 0.14713988
132 132 0.15984672
74 75 0.00969399
74 73 0.09740907
74 72 0.05093420
74 77 0.08647786
74 74 0.32469081
74 76 0.02347430
74 78 0.01249980
74 71 0.00061976
116 120 0.00613216
116 122 0.02026005
116 123 0.00128186
116 115 0.04856047
116 116 0.40996059
116 121 0.01666656
116 113 0.00827056
116 124 0.00192023
116 119 0.12873008
25 25 0.64136069
25 24 0.00197007
126 125 0.00103155
126 132 0.02989087
126 129 0.13005140
126 126 0.14017935
126 135 0.00122706
126 133 0.00733665
126 131 0.00087592
43 43 0.76054166
43 48 0.00997860
7 7 0.88146015
7 6 0.00435289
38 37 0.00066261
38 38 0.63205965
117 121 0.00097611
117 116 0.02725029
117 123 0.02501068
117 117 0.09559453
117 120 0.12890489
117 114 0.00252601
117 125 0.00187618
67 65 0.03940300
67 70 0.07734906
67 68 0.00185675
67 69 0.07262628
67 72 0.00873827
67 67 0.36212227
67 64 0.00210300
67 66 0.10097949
96 95 0.02803470
96 92 0.00057969
96 103 0.00147218
96 97 0.02288574
96 99 0.04433190
96 98 0.00509286
96 94 0.00455380
96 96 0.03217069
96 104 0.03791347
14 14 0.88326661
14 13 0.00228986
14 15 0.00737930
102 104 0.00762301
102 101 0.03772294
102 102 0.13207770
102 100 0.00195522
102 105 0.03414778
102 110 0.14325288
102 107 0.00172398
102 108 0.00494054
102 103 0.00206786
135 143 0.00051673
135 139 0.00065497
135 135 0.15046029
135 144 0.00088319
135 141 0.00378160
135 134 0.01431104
135 142 0.00068366
135 136 0.01605951
135 137 0.01502413
135 138 0.28179566
101 99 0.00076206
101 107 0.00554566
101 103 0.00646170
101 109 0.08028733
101 100 0.17817397
101 101 0.07166491
101 102 0.00551772
101 104 0.11002549
101 98 0.00054386
40 40 0.67419548
4 3 0.00230334
4 4 0.61807212
129 132 0.14394956
129 129 0.27391853
129 128 0.06525299
129 137 0.00059748
129 135 0.06094417
129 136 0.00152182
86 85 0.06310819
86 84 0.01229960
86 91 0.00071869
86 86 0.20473706
86 80 0.00383920
86 94 0.00097953
86 87 0.02896041
86 88 0.00129392
86 89 0.00476814
86 90 0.00530085
99 98 0.14430187
99 104 0.00257294
99 102 0.10329012
99 101 0.00225830
99 100 0.00710236
99 109 0.00072092
99 97 0.00535556
99 107 0.16822818
99 99 0.02407658
54 54 0.58154706
54 59 0.00075650
55 56 0.00109895
55 57 0.00182841
55 58 0.00076291
55 60 0.00145866
55 55 0.59156875
5 5 0.77617127
5 4 0.00378710
13 13 0.86727608
13 12 0.00213237
13 14 0.00774720
142 145 0.22071444
142 143 0.02840508
142 148 0.00474002
142 147 0.01443354
142 142 0.04849861
142 141 0.00238495
142 144 0.01056188
142 146 0.06662889
33 32 0.01121956
33 33 0.81439148
84 90 0.00051240
84 83 0.04018400
84 88 0.00391218
84 87 0.01203298
84 82 0.02244222
84 78 0.00406470
84 86 0.00136408
84 91 0.00066713
84 84 0.31022076
84 85 0.02071993
150 153 0.88977995
150 152 0.01579546
109 112 0.12903541
109 110 0.00053021
109 108 0.01521849
109 109 0.13815472
109 106 0.00764516
109 115 0.00665558
109 117 0.12237209
19 18 0.00434478
19 20 0.00105913
19 19 0.48655608
97 98 0.01416945
97 94 0.00120395
97 96 0.12919048
97 97 0.11014228
97 103 0.00070032
97 99 0.00753028
97 105 0.03420485
97 100 0.01046599
97 95 0.00521361
65 61 0.00084667
65 66 0.00645839
65 62 0.00504303
65 64 0.16213818
65 67 0.15656035
65 63 0.03113234
65 65 0.44714101
65 68 0.09165434
65 70 0.00903420
69 68 0.19155464
69 69 0.31551841
69 72 0.00332051
69 67 0.04356554
147 152 0.00072926
147 149 0.00732792
147 153 0.01613485
147 151 0.00404403
147 150 0.41430604
87 88 0.04440129
87 89 0.01438076
87 93 0.00083222
87 90 0.01873723
87 87 0.54585635
87 94 0.00259933
87 81 0.00376467
87 91 0.00636921
87 86 0.11902036
87 95 0.04879372
87 85 0.01294894
52 52 0.58174354
52 57 0.01004290
52 48 0.00712803
93 92 0.18850710
93 91 0.00615935
93 95 0.00206999
93 93 0.01634859
93 90 0.00099353
93 88 0.00057682
93 87 0.00075361
93 94 0.03428301
93 96 0.00757697
8 8 0.97655354
8 9 0.00123925
8 7 0.00446430
9 10 0.00749606
9 9 0.62907779
9 8 0.00697685
68 71 0.08388719
68 66 0.04345042
68 67 0.18310924
68 69 0.00170690
68 68 0.40404901
68 70 0.10619313
125 125 0.29784983
125 124 0.04023796
125 130 0.00231949
125 132 0.00198700
125 128 0.12911648
125 133 0.00224110
125 131 0.07100678
119 125 0.14274527
119 119 0.52441874
119 124 0.00420831
119 118 0.02830040
119 116 0.00093084
119 127 0.00132839
119 122 0.12699155
114 122 0.10738964
114 117 0.12849773
114 120 0.01694987
114 114 0.23318484
114 121 0.00292415
114 111 0.00473414
114 118 0.00786969
114 113 0.34208041
114 110 0.00068369
114 119 0.01367375
18 17 0.00110177
18 18 0.53199120
18 19 0.00397726
133 132 0.00574890
133 136 0.13522188
133 134 0.00219575
133 133 0.13014938
133 135 0.00517337
133 137 0.00070630
11 11 0.78564445
11 12 0.00782622
11 10 0.00241769
57 60 0.01764600
57 62 0.00767063
57 59 0.02663027
57 56 0.00389404
57 57 0.67306448
57 58 0.01054433
124 127 0.12904643
124 131 0.00114485
124 123 0.05988505
124 133 0.00595486
124 132 0.00131534
124 129 0.00949997
124 124 0.13477616
124 130 0.16621114
48 52 0.00102650
48 51 0.00181377
48 53 0.01122957
48 48 0.87812079
120 123 0.12597512
120 117 0.00050731
120 120 0.11589813
120 125 0.01303724
120 119 0.06508566
120 128 0.00116351
120 126 0.12802572
78 86 0.00354153
78 81 0.03052301
78 75 0.00135476
78 72 0.00409907
78 84 0.00432008
78 77 0.10211895
78 79 0.01839017
78 83 0.00562417
78 76 0.01889657
78 82 0.00412578
78 78 0.49165587
78 80 0.00258864
134 136 0.01300775
134 134 0.10716417
134 144 0.00080239
134 135 0.02296382
134 133 0.05568137
134 138 0.00088957
134 137 0.26636180
134 140 0.00181985
134 143 0.00300540
141 145 0.10455517
141 140 0.02811491
141 143 0.01704339
141 147 0.00818022
141 142 0.02119951
141 141 0.01712326
141 144 0.44144736
141 146 0.00172250
128 128 0.51035747
128 134 0.02373079
128 127 0.00583757
128 131 0.14390039
34 33 0.00918124
34 34 0.88809210
111 117 0.02270197
111 114 0.12334325
111 116 0.00321131
111 115 0.00061796
111 111 0.19699675
111 109 0.00058058
111 108 0.00648877
111 110 0.28278727
111 119 0.15270915
111 112 0.00102365
77 74 0.00133196
77 81 0.01438297
77 75 0.02484369
77 77 0.47076883
77 79 0.00613382
77 83 0.00292787
77 71 0.00057567
77 76 0.09105929
77 80 0.02285764
77 78 0.01658582
81 84 0.01022050
81 75 0.00407720
81 85 0.01151462
81 86 0.00119393
81 81 0.46111137
81 87 0.00308196
81 80 0.04760746
81 82 0.01593469
81 79 0.00901039
81 89 0.00454626
81 88 0.01130475
81 83 0.00122683
91 91 0.16564616
91 99 0.00321209
91 92 0.01483653
91 95 0.00059660
91 85 0.00198809
91 88 0.00118184
91 89 0.01502743
91 90 0.12385463
91 94 0.00298337
59 60 0.00588474
59 64 0.00890670
59 55 0.00266807
59 62 0.00152514
59 61 0.01442134
59 57 0.01421140
59 58 0.07243502
59 59 0.44654670
59 56 0.00055494
148 149 0.00067433
148 152 0.03476239
148 153 0.00106133
148 150 0.00426583
148 151 0.42783999
82 86 0.00274975
82 81 0.01288603
82 85 0.00405759
82 90 0.00126870
82 83 0.00202932
82 89 0.00075537
82 88 0.00310884
82 76 0.00407410
82 82 0.39032263
82 80 0.00476151
10 11 0.00824199
10 9 0.00489106
10 10 0.74026968
75 74 0.11134962
75 77 0.05330322
75 73 0.02056058
75 72 0.00266591
75 75 0.42533372
75 79 0.01468445
75 78 0.02559640
75 76 0.01590163
95 95 0.02502544
95 99 0.00284055
95 92 0.00233980
95 97 0.00511622
95 103 0.00137670
95 94 0.19381416
95 98 0.02962692
95 96 0.01080368
95 93 0.00070512
95 102 0.00369155
37 37 0.77471679
42 42 0.48640004
42 47 0.00874230
131 138 0.00315924
131 137 0.00125259
131 131 0.26751151
131 134 0.12639682
131 132 0.00103433
131 130 0.00195803
122 129 0.00052062
122 128 0.12572248
122 130 0.00054081
122 125 0.12941377
122 127 0.00345635
122 122 0.32209775
122 121 0.00287507
61 60 0.11063802
61 66 0.00952603
61 62 0.01124446
61 64 0.00273047
61 61 0.43848396
61 57 0.00585019
61 58 0.00579078
61 63 0.09948504
61 59 0.03079158
79 79 0.53433798
79 83 0.00210856
79 76 0.00207098
79 87 0.00486857
79 78 0.03873657
79 80 0.00211651
79 82 0.02384154
79 86 0.00051652
79 81 0.00212850
79 84 0.00472451
79 73 0.00409080
79 85 0.00482968
79 77 0.05499875
146 147 0.00199300
146 149 0.40589246
146 146 0.00137811
146 152 0.02992376
146 150 0.00707913
146 151 0.00085447
146 148 0.00559903
26 26 0.65369451
26 25 0.00572048
85 84 0.06476746
85 85 0.44744360
85 86 0.02278261
85 92 0.00088185
85 87 0.00072071
85 79 0.00403437
85 88 0.00619866
85 89 0.00124401
85 83 0.00771172
108 104 0.00057224
108 114 0.00768926
108 116 0.10797048
108 111 0.12791886
108 109 0.00060218
108 106 0.00251559
108 105 0.00510407
108 112 0.00065478
108 107 0.42237736
108 108 0.12652799
92 91 0.24520157
92 92 0.14376545
92 86 0.00139875
92 99 0.00679965
92 100 0.02793469
92 95 0.04508714
92 89 0.00181732
92 93 0.00661853
92 90 0.01018992
92 96 0.00409853
70 69 0.19582086
70 74 0.00800898
70 70 0.31950936
70 68 0.04642159
70 73 0.03054297
70 72 0.00297134
70 71 0.00141115
76 76 0.34943016
76 80 0.01418960
76 78 0.01353059
76 82 0.00152991
76 79 0.04046972
76 75 0.08699583
76 73 0.00054689
76 77 0.01385584
76 74 0.02396149
66 65 0.09301164
66 68 0.12662770
66 70 0.00053634
66 63 0.00345031
66 69 0.08980666
66 64 0.05073649
66 67 0.00407214
66 66 0.42933051
16 16 0.74361746
16 15 0.00237506
16 17 0.00672442
145 146 0.02546182
145 149 0.07702929
145 144 0.00196116
145 147 0.01133838
145 148 0.45750992
145 145 0.02133104
145 151 0.00454459
145 150 0.00246642
72 74 0.02340749
72 70 0.02108447
72 72 0.38134497
72 73 0.00405537
72 75 0.00752929
72 71 0.13768468
72 76 0.00105512
118 118 0.05487430
118 124 0.01638722
118 126 0.00149612
118 117 0.02114065
118 121 0.12906526
100 101 0.00214283
100 102 0.00837440
100 98 0.00554381
100 105 0.00135413
100 108 0.05206294
100 97 0.00060688
100 103 0.09783618
100 99 0.01260549
100 107 0.00263982
100 100 0.04699050
56 57 0.00386789
56 58 0.00727590
56 59 0.00153082
56 56 0.52046997
56 52 0.00282050
56 55 0.00087315
56 61 0.00797570
47 47 0.82752397
47 51 0.00076574
138 141 0.38670238
138 142 0.00387389
138 144 0.06308583
138 137 0.02332457
138 138 0.02321066
138 145 0.01218199
138 139 0.00838679
138 143 0.00182152
138 140 0.01948856
23 22 0.02897546
23 23 0.76515099
64 61 0.00546043
64 67 0.07245624
64 64 0.46047909
64 62 0.02892657
64 66 0.16481791
64 60 0.00435919
64 65 0.01265368
64 69 0.00907820
64 63 0.04287935
17 16 0.00522793
17 18 0.00603144
17 17 0.65730594
49 49 0.68550397
49 47 0.00053988
49 54 0.01030473
104 114 0.00118971
104 104 0.13852464
104 102 0.01122124
104 106 0.00614113
104 109 0.00499366
104 107 0.11791936
104 103 0.31063901
104 105 0.00132651
104 110 0.01145596
104 112 0.15919592
88 82 0.00371950
88 96 0.05414921
88 94 0.00506219
88 87 0.10354860
88 89 0.07074471
88 88 0.46159311
88 93 0.00066509
88 90 0.02211799
88 95 0.00563725
88 91 0.00887595
88 92 0.00215690
88 86 0.02500509
144 150 0.00658457
144 145 0.00968082
144 148 0.09838519
144 147 0.39349046
144 144 0.00141960
144 146 0.01156219
144 149 0.00696314
73 71 0.03072027
73 76 0.01504914
73 74 0.00646122
73 72 0.20040459
73 73 0.40492817
73 75 0.01097975
73 77 0.01175764
105 107 0.00702841
105 103 0.00330547
105 108 0.11883726
105 110 0.00275996
105 105 0.08171038
105 113 0.12051371
105 106 0.00155358
105 111 0.01195678
105 102 0.00307127
105 104 0.27524281
22 21 0.01868951
22 22 0.60378515
21 21 0.82203971
21 20 0.00214733
15 15 0.71946922
15 14 0.00220235
15 16 0.00709665
60 61 0.00348728
60 62 0.04643444
60 60 0.41354864
60 59 0.10466851
60 56 0.00244563
60 63 0.01141357
60 58 0.02670563
60 57 0.00477646
71 70 0.13180573
71 74 0.03518574
71 69 0.02804729
71 73 0.06697031
71 72 0.00293695
71 71 0.38727557
6 5 0.00410794
6 6 0.88100322
29 29 0.54082351
29 28 0.01870398
112 108 0.00118142
112 119 0.00198829
112 110 0.00054673
112 112 0.22538653
112 113 0.00123254
112 109 0.00535172
112 111 0.27144476
112 118 0.01781045
112 116 0.00438806
112 115 0.12530876
112 117 0.00216261
112 120 0.14869256
35 35 0.77491609
35 34 0.00770249
