152 152 0.59824400
143 143 0.33322700
68 68 0.28667300
21 21 0.91031700
90 90 0.99997500
94 94 0.95954800
9 9 0.60331800
96 96 0.40543000
136 136 0.39491700
71 71 0.30404600
131 131 0.39431700
118 118 0.66245600
81 81 0.39465800
124 124 0.35861800
158 158 0.69021800
122 122 0.70108500
129 129 0.06825900
140 140 0.99997400
130 130 0.33304900
63 63 0.90912200
92 92 0.99997100
105 105 0.39261300
128 128 0.38208000
149 149 0.06825500
10 10 0.71337200
20 20 0.47264800
3 3 0.73267800
153 153 0.39450200
74 74 0.95499200
5 5 0.64953400
86 86 0.29481800
36 36 0.64592000
77 77 0.97870300
41 41 0.86870400
72 72 0.95256100
146 146 0.06848010
145 145 0.99933300
104 104 0.28975300
109 109 0.38868800
102 102 0.39481800
23 23 0.21929000
49 49 0.29030500
53 53 0.92513700
82 82 0.39481900
88 88 0.40371300
91 91 0.99997100
100 100 0.37431600
50 50 0.29176500
79 79 0.39261300
97 97 0.35536000
40 40 0.79392600
7 7 0.66839400
6 6 0.66481500
17 17 0.50971800
132 132 0.06848390
66 66 0.40907000
151 151 0.58602900
75 75 0.96103500
4 4 0.64380700
51 51 0.40839900
119 119 0.71170100
115 115 0.38588800
14 14 0.88788700
39 39 0.40871800
27 27 0.70303900
62 62 0.93016200
110 110 0.29176500
12 12 0.78519300
85 85 0.89305900
160 160 0.99874000
19 19 0.37358400
111 111 0.29030500
98 98 0.33617900
42 42 0.80621200
24 24 0.78541300
157 157 0.69881700
141 141 0.39491100
83 83 0.99988400
38 38 0.79510100
30 30 0.82549400
120 120 0.62352800
67 67 0.27824300
13 13 0.85939500
156 156 0.71305400
37 37 0.49469000
137 137 0.99997800
84 84 0.38600400
29 29 0.82210500
121 121 0.59074400
35 35 0.65475900
32 32 0.46240500
108 108 0.34596300
58 58 0.34361400
69 69 0.29248600
25 25 0.81568100
48 48 0.39451400
59 59 0.35780200
46 46 0.39135500
135 135 0.39489900
139 139 0.99998000
107 107 0.98510800
52 52 0.46070700
60 60 0.95150400
31 31 0.56091200
11 11 0.85795300
147 147 0.39431800
125 125 0.28152700
43 43 0.40730100
89 89 0.26838100
33 33 0.59391500
114 114 0.39135500
45 45 0.38588700
93 93 0.99995700
73 73 0.95351000
26 26 0.80137500
154 154 0.28153500
22 22 0.85378700
123 123 0.74269400
144 144 0.29853800
55 55 0.31844400
2 2 0.86468400
134 134 0.33322800
142 142 0.39489700
80 80 0.28975300
78 78 0.38907600
18 18 0.43361100
44 44 0.27341300
106 106 0.38907300
155 155 0.35877400
95 95 0.35295400
64 64 0.93666100
16 16 0.75408600
56 56 0.32117900
101 101 0.90469500
61 61 0.63962900
87 87 0.34250200
103 103 0.39465900
138 138 0.99997600
113 113 0.28938700
15 15 0.92680700
1 1 0.95453900
8 8 0.60513600
34 34 0.70244000
65 65 0.52634200
28 28 0.42831200
112 112 0.39451400
116 116 0.27341400
117 117 0.26588900
76 76 0.90458900
54 54 0.32627500
127 127 0.22650800
159 159 0.71637300
47 47 0.28938800
57 57 0.32586000
133 133 0.29853900
148 148 0.34257500
99 99 0.89983200
126 126 0.39450300
70 70 0.29201100
150 150 0.42123600
