5 149 5 149 0.00948226
5 145 5 145 0.96966300
58 72 58 73 0.04214340
58 72 58 70 0.00199881
58 73 59 74 0.03202670
58 73 58 73 0.05290220
131 140 131 141 0.00416477
131 135 130 135 0.00154402
131 141 131 141 0.00577951
133 138 133 139 0.00778984
133 141 134 142 0.00141137
63 68 63 67 0.01590410
63 68 64 69 0.24397400
12 19 12 19 0.86578300
59 74 58 73 0.00568882
59 74 59 74 0.08108180
59 74 59 72 0.00052469
59 74 59 75 0.06192170
134 140 135 141 0.00092448
129 136 129 136 0.46020600
129 137 128 137 0.00217701
64 68 63 67 0.01036060
64 68 64 69 0.15211900
56 75 57 76 0.03164010
121 127 121 126 0.00073875
13 18 13 18 0.41371000
120 128 120 127 0.00467627
61 69 61 69 0.05898510
61 71 62 71 0.01805210
61 71 61 72 0.72507400
61 71 61 69 0.00425149
61 71 60 71 0.00160787
61 72 60 71 0.00324611
61 72 61 72 0.06370130
130 136 130 135 0.00062617
130 136 130 136 0.20708000
130 136 129 136 0.00140468
10 21 10 21 0.23142500
6 144 6 144 0.83065900
60 72 59 72 0.00178892
60 72 60 73 0.26734600
60 72 60 71 0.00372746
60 72 61 72 0.03601120
60 73 59 72 0.00611073
60 73 60 73 0.03260350
60 70 60 71 0.00309912
138 143 137 143 0.00192181
3 151 3 151 0.14123900
3 147 3 147 0.62596400
128 137 128 137 0.78496400
132 139 132 140 0.01489390
132 142 133 143 0.00150973
57 73 57 71 0.00076168
62 70 61 69 0.01033100
62 70 63 71 0.10706400
62 70 62 71 0.41406300
62 70 62 68 0.00386767
1 150 1 149 0.00059267
1 150 1 150 0.10950000
35 43 35 43 0.20631000
4 146 4 146 0.92478900
4 150 4 150 0.02636510
119 129 119 128 0.00066719
11 20 11 20 0.11640600
