137 139 0.00116613
137 138 0.02277493
137 137 0.00369097
137 140 0.79241247
137 136 0.00192085
137 135 0.00148332
34 34 0.03663630
67 67 0.85948019
79 78 0.00631970
79 79 0.85543697
152 153 0.00120781
152 152 0.02158344
152 154 0.00086558
152 155 0.72144986
95 98 0.00896466
95 95 0.71625421
95 96 0.00865378
95 97 0.00888308
95 93 0.00078302
95 94 0.07528572
90 89 0.01434803
90 90 0.74750776
110 108 0.04301623
110 112 0.00372271
110 111 0.08339195
110 110 0.35962783
110 113 0.08059546
110 109 0.02530402
102 101 0.04012798
102 105 0.01219217
102 102 0.76823475
102 103 0.02311814
102 100 0.00290953
102 104 0.00057010
21 21 0.33432201
21 22 0.17295369
21 23 0.01392641
73 73 0.86177126
57 58 0.00545198
57 56 0.00086367
57 57 0.80546148
112 112 0.39088527
112 111 0.01270073
112 114 0.02927608
112 115 0.13159186
112 110 0.01396190
112 113 0.17816240
28 30 0.00178591
28 28 0.47185358
81 81 0.86283914
81 80 0.00238604
24 24 0.54533113
24 25 0.00463194
24 26 0.15930393
9 10 0.06027286
9 9 0.38608313
4 4 0.35283943
4 5 0.00377409
38 38 0.56406227
63 62 0.00446363
63 63 0.73386838
113 113 0.34841421
113 116 0.18867176
113 112 0.01312561
113 111 0.02418706
113 114 0.12869737
113 115 0.06629057
26 28 0.16320308
26 26 0.61809891
35 35 0.43728494
49 49 0.33691265
66 66 0.63705471
66 65 0.00521308
20 21 0.01754172
20 22 0.00092322
20 20 0.47473109
68 68 0.87542860
68 67 0.00656220
134 134 0.00483604
134 132 0.00222472
134 133 0.00201694
134 136 0.00332986
134 135 0.01687503
134 137 0.78828206
83 82 0.00710018
83 83 0.92692340
93 93 0.57629882
93 94 0.00362925
93 95 0.00180795
93 92 0.08499928
93 96 0.00223929
77 77 0.80295185
44 44 0.76038562
2 2 0.43646383
2 3 0.00720396
33 33 0.23587264
99 99 0.68829155
99 100 0.00866674
99 98 0.07912090
99 102 0.00962628
99 97 0.00278653
99 101 0.00306876
125 126 0.01421135
125 123 0.01282115
125 125 0.12760464
125 128 0.67369533
125 127 0.00390801
125 124 0.00432323
30 32 0.00811076
30 30 0.41031493
8 9 0.07159287
8 8 0.23504768
25 25 0.34771051
25 26 0.00396945
25 27 0.08629325
16 17 0.01296714
16 16 0.14921971
61 61 0.76892202
61 60 0.00105451
97 97 0.83533087
97 100 0.01206587
97 98 0.00742947
97 99 0.00939737
97 95 0.00192514
97 96 0.08499380
69 69 0.90836856
69 68 0.00058815
136 136 0.00376838
136 135 0.00174859
136 137 0.00479418
136 138 0.00204156
136 134 0.00157238
136 139 0.63513996
32 34 0.00060358
32 32 0.13897584
127 125 0.00995324
127 130 0.66458967
127 129 0.00492007
127 126 0.00144677
127 127 0.07342492
127 128 0.01462534
114 113 0.00828882
114 115 0.05248943
114 114 0.44034091
114 112 0.03063845
114 116 0.08324347
114 117 0.17023488
80 80 0.84129858
80 79 0.00128044
45 45 0.78456399
132 135 0.81196896
132 131 0.00243144
132 134 0.00483828
132 132 0.01246365
132 133 0.01315216
132 130 0.00177486
133 136 0.72489612
133 135 0.00392544
133 131 0.00312757
133 134 0.01722829
133 133 0.00686892
133 132 0.00201155
31 31 0.55870135
31 33 0.00718091
129 131 0.00468840
129 128 0.00074276
129 127 0.00603860
129 130 0.01219294
129 132 0.58565093
129 129 0.03582244
147 147 0.02920024
147 149 0.01777832
147 148 0.00199074
147 150 0.70109976
15 16 0.07516979
15 15 0.39993445
71 71 0.77974544
56 56 0.59416508
56 55 0.00144222
56 58 0.00052437
56 57 0.00372352
3 4 0.01825149
3 3 0.14581905
40 40 0.90409548
108 106 0.05060107
108 111 0.00509268
108 108 0.43822573
108 110 0.00138581
108 109 0.25625976
108 107 0.01974716
23 25 0.11801178
23 24 0.01085573
23 23 0.70700864
65 64 0.01379498
65 65 0.63442838
37 37 0.17027019
96 94 0.00102944
96 97 0.00795916
96 96 0.72229779
96 98 0.00915168
96 95 0.06075241
96 99 0.00900202
1 2 0.09680117
1 1 0.43169891
121 121 0.29878974
121 124 0.13697339
121 119 0.01766814
121 123 0.00321028
121 122 0.01772427
121 125 0.00053402
121 120 0.00106308
58 58 0.86962091
58 59 0.00164775
109 109 0.45928394
109 107 0.04946589
109 108 0.02133497
109 112 0.00762397
109 111 0.00151849
109 110 0.12631222
47 47 0.35196847
146 149 0.71612829
146 148 0.02671313
146 147 0.00181612
146 146 0.02600364
145 145 0.03016665
145 146 0.00219958
145 147 0.01838586
145 148 0.56932868
119 121 0.00607320
119 119 0.39592107
119 118 0.00196795
119 123 0.00113487
119 122 0.17191881
119 120 0.01884023
119 117 0.00891014
155 158 0.85143478
155 155 0.00565041
17 18 0.05626117
17 17 0.04893220
130 128 0.00275206
130 131 0.00521287
130 129 0.00162350
130 130 0.01176632
130 132 0.00358129
130 133 0.52911085
104 105 0.06983998
104 102 0.00762808
104 106 0.00116499
104 103 0.04430497
104 104 0.54370346
104 107 0.00769490
126 128 0.00254409
126 127 0.01568760
126 124 0.01197274
126 126 0.10405153
126 129 0.65507810
126 125 0.00595379
92 93 0.00235665
92 91 0.05559939
92 94 0.00133094
92 95 0.00117790
92 92 0.75087246
105 107 0.00390379
105 108 0.01225668
105 106 0.09944375
105 103 0.02827225
105 104 0.02288524
105 105 0.52446657
84 83 0.00404609
84 84 0.91612076
122 120 0.01832746
122 125 0.29670951
122 123 0.01562585
122 122 0.36808300
122 121 0.00101135
122 124 0.00520739
150 150 0.02602053
150 153 0.69314989
150 154 0.00055289
150 152 0.00604160
150 151 0.00181714
39 39 0.66447449
85 84 0.00162123
85 85 0.95125818
107 107 0.46400801
107 109 0.00119956
107 105 0.05087059
107 110 0.02409201
107 106 0.01971309
107 108 0.16111896
10 10 0.49698993
10 11 0.09121937
41 41 0.94833881
13 14 0.02878127
13 13 0.96177994
64 64 0.69111946
103 102 0.04788717
103 105 0.00141555
103 104 0.03955855
103 106 0.00854652
103 103 0.61067039
103 101 0.00438284
139 137 0.00134770
139 140 0.02933854
139 139 0.00878069
139 138 0.00201945
139 141 0.00085898
139 142 0.55221198
111 112 0.17129481
111 111 0.34031448
111 114 0.04767934
111 110 0.00931315
111 113 0.00573936
111 109 0.05216817
75 75 0.82763161
74 74 0.87758961
149 150 0.00207054
149 149 0.02876076
149 152 0.76409558
149 151 0.01075993
87 87 0.78743954
87 86 0.00178895
59 59 0.77895474
59 60 0.00120556
118 119 0.02437031
118 118 0.40334246
118 121 0.15862767
118 120 0.01816134
118 122 0.00115458
118 117 0.00440176
118 116 0.02964611
82 82 0.80350906
82 81 0.00130070
72 72 0.86157759
123 124 0.01474253
123 121 0.00432254
123 125 0.00716523
123 123 0.36529396
123 122 0.00158700
123 126 0.45666402
60 60 0.72843796
131 131 0.02012430
131 134 0.81205455
131 129 0.00259655
131 130 0.00122635
131 133 0.00414268
131 132 0.00885646
88 88 0.72868411
88 87 0.00475518
27 27 0.46129661
27 29 0.00184553
18 18 0.13500938
18 19 0.02400896
120 121 0.00742337
120 124 0.00142418
120 118 0.01823192
120 119 0.00111648
120 122 0.00408712
120 123 0.19911899
120 120 0.40004840
116 119 0.06516642
116 118 0.06523636
116 117 0.02201446
116 116 0.44132216
116 120 0.00091513
116 114 0.04439803
116 115 0.02151314
50 50 0.20661921
117 116 0.01745461
117 117 0.34729118
117 115 0.03181248
117 120 0.09660890
117 121 0.00096037
117 118 0.02584029
117 119 0.04153176
12 13 0.00763045
12 12 0.97339167
94 94 0.61883764
94 93 0.09518667
94 97 0.00630993
94 92 0.00066286
94 96 0.00309133
94 95 0.00689091
42 42 0.93956369
48 48 0.16714209
46 46 0.16274077
51 52 0.00315219
51 51 0.48400165
43 43 0.78190293
142 143 0.00953167
142 145 0.69425019
142 141 0.00183900
142 142 0.01721372
142 144 0.01239559
19 19 0.06003441
19 20 0.00265796
76 76 0.71570519
70 70 0.68746936
55 54 0.00301951
55 56 0.00229218
55 55 0.45328481
101 101 0.59059902
101 102 0.00621865
101 100 0.04015095
101 104 0.00353374
101 99 0.00288664
154 154 0.00987677
154 157 0.83804835
78 77 0.00062092
78 78 0.80112653
151 154 0.62901795
151 155 0.00064595
151 151 0.02227430
151 152 0.00127853
151 153 0.00139365
115 119 0.00050278
115 118 0.20724410
115 113 0.01583388
115 114 0.02065331
115 115 0.44027169
115 116 0.04384384
115 117 0.06197946
106 109 0.02030881
106 107 0.13175991
106 104 0.04210052
106 106 0.49239199
106 108 0.00281087
106 105 0.02218208
22 22 0.33005762
22 24 0.08468949
22 23 0.07302137
144 144 0.03887669
144 146 0.02090874
144 145 0.00302228
144 147 0.56830498
89 89 0.84690107
89 88 0.00604237
52 53 0.00466456
52 52 0.35557022
52 51 0.00169982
29 29 0.43718982
29 31 0.00192458
135 136 0.01732199
135 135 0.00412787
135 137 0.00242985
135 134 0.00175753
135 138 0.70855551
135 133 0.00196594
11 12 0.01581882
11 11 0.90116394
62 62 0.72001220
62 61 0.00615996
14 15 0.00212088
14 14 0.38724074
7 7 0.04967251
7 8 0.00337529
5 5 0.10606378
5 6 0.01164126
6 6 0.17561570
6 7 0.01138783
100 99 0.07287008
100 103 0.00108876
100 98 0.00317549
100 100 0.55517191
100 101 0.00352653
153 156 0.75899146
153 153 0.01424836
143 143 0.03773383
143 145 0.02213906
143 146 0.59301838
143 144 0.00434776
143 142 0.00065815
54 56 0.00159373
54 54 0.74755626
54 55 0.00487470
54 53 0.00578015
148 151 0.70180043
148 149 0.00200781
148 150 0.01486237
148 148 0.03468573
140 140 0.01220552
140 143 0.82338872
140 141 0.02616553
140 142 0.00165276
140 138 0.00117522
140 139 0.00170385
124 123 0.00364673
124 122 0.01121749
124 125 0.01993516
124 126 0.01015118
124 124 0.24722510
124 127 0.57282906
128 130 0.00598969
128 126 0.00736871
128 129 0.01301188
128 131 0.67084078
128 128 0.04556944
128 127 0.00091773
36 36 0.52657796
91 90 0.02012005
91 92 0.00070024
91 93 0.00115576
91 91 0.66053078
86 86 0.79045867
98 98 0.84644608
98 100 0.00968988
98 99 0.00741783
98 96 0.00268459
98 97 0.08153780
98 101 0.00068674
53 54 0.00597661
53 55 0.00077358
53 52 0.00442302
53 53 0.49610718
141 143 0.00328982
141 140 0.00134462
141 139 0.00132920
141 142 0.02209777
141 144 0.82565263
141 141 0.00955609
138 141 0.55778213
138 138 0.00354447
138 139 0.02745319
138 136 0.00152989
138 137 0.00192728
138 140 0.00075194
