35 35 0.46991627
63 63 0.90905615
63 62 0.00413283
26 26 0.81702234
26 24 0.00221861
113 118 0.03268598
113 113 0.29578862
113 109 0.00100392
113 111 0.03972812
113 112 0.03553033
113 114 0.05826089
113 115 0.04954691
113 117 0.00981589
113 116 0.01798027
113 110 0.00916110
134 136 0.00478342
134 135 0.01158417
134 131 0.00822028
134 137 0.00197066
134 138 0.00061673
134 129 0.00390963
134 134 0.63142153
134 130 0.00246828
134 132 0.00394080
134 133 0.00444968
68 68 0.78315036
68 67 0.00607434
20 20 0.66407000
49 49 0.36766334
66 65 0.00482619
66 66 0.91328158
2 2 0.43012722
2 3 0.00056459
2 1 0.02329432
33 33 0.34934379
83 82 0.00686147
83 84 0.00124335
83 83 0.74092891
83 85 0.00325162
44 44 0.74799568
93 92 0.07405308
93 96 0.00711909
93 95 0.11382050
93 91 0.00442522
93 94 0.05691593
93 93 0.53859239
77 77 0.92834775
25 25 0.46590561
25 23 0.00209062
8 8 0.29011282
8 9 0.01200584
16 16 0.29104744
125 124 0.00915718
125 127 0.00920402
125 128 0.02830283
125 120 0.00610650
125 125 0.45255219
125 130 0.00128961
125 123 0.00699141
125 122 0.05127093
125 126 0.00712189
30 30 0.61025223
99 98 0.08231426
99 100 0.01031750
99 99 0.50477570
99 96 0.00142804
99 102 0.00933198
99 97 0.00436247
99 101 0.03621192
79 79 0.67501758
79 78 0.00577326
152 151 0.00353164
152 152 0.86476828
152 155 0.00145547
152 153 0.00069075
152 149 0.01713478
152 150 0.00059345
137 134 0.00614294
137 141 0.00066427
137 138 0.00539719
137 133 0.00306488
137 139 0.00267325
137 132 0.00331800
137 136 0.00529463
137 135 0.00881879
137 140 0.00150982
137 137 0.55022327
34 34 0.29928016
67 67 0.95072260
110 107 0.00985423
110 109 0.03117916
110 113 0.00392475
110 110 0.24866108
110 111 0.00931917
110 112 0.04359675
110 114 0.00291910
110 108 0.04093513
110 115 0.05681847
102 101 0.06521236
102 105 0.01062480
102 102 0.47815292
102 103 0.01162726
102 104 0.14119351
102 100 0.00152481
90 93 0.00085178
90 88 0.00127217
90 91 0.01996633
90 90 0.59694905
90 89 0.01812665
90 92 0.05933933
95 94 0.08370277
95 93 0.00464438
95 97 0.13342012
95 92 0.00068409
95 96 0.04526077
95 95 0.46973199
95 98 0.00848147
73 73 0.61925213
21 21 0.52424128
9 9 0.58341119
9 8 0.00593486
9 10 0.01164862
81 83 0.00066694
81 80 0.00212752
81 81 0.70163652
24 24 0.80067852
38 38 0.57097318
4 4 0.82842492
4 5 0.00060898
4 3 0.00150736
28 28 0.86335910
28 26 0.00152982
57 57 0.77398108
112 117 0.06234714
112 110 0.04206523
112 116 0.00841305
112 112 0.32608223
112 111 0.04198286
112 115 0.01650160
112 108 0.00055316
112 114 0.06981203
112 113 0.06318880
112 109 0.00937719
155 153 0.00058063
155 155 0.83061982
155 154 0.00057472
155 152 0.01555134
17 17 0.25789692
121 121 0.31981289
121 124 0.13497678
121 119 0.01971036
121 118 0.02916412
121 116 0.00383652
121 126 0.00109275
121 117 0.00154450
121 122 0.01042079
121 123 0.00771608
121 120 0.01416651
121 125 0.00069619
1 2 0.00124050
1 1 0.78337445
119 116 0.01344052
119 117 0.02759849
119 123 0.00108122
119 114 0.00224221
119 122 0.10679497
119 115 0.00401566
119 120 0.00756465
119 121 0.00617135
119 124 0.00107731
119 119 0.39356551
119 118 0.01606195
47 47 0.40370583
145 148 0.00295298
145 144 0.00511040
145 142 0.01662083
145 146 0.00064201
145 145 0.68490558
145 143 0.00240374
58 58 0.76096086
146 149 0.00170103
146 144 0.00068441
146 143 0.01791809
146 146 0.43463566
146 145 0.00682366
109 110 0.00778965
109 108 0.02993313
109 114 0.00243358
109 106 0.00880695
109 111 0.05539736
109 112 0.00596560
109 107 0.03959780
109 109 0.39891780
126 125 0.00470757
126 122 0.00066015
126 123 0.05740692
126 129 0.03263242
126 126 0.44275353
126 124 0.00565051
126 131 0.00096190
126 121 0.00715592
126 127 0.00732297
126 128 0.00453023
92 94 0.10774811
92 91 0.06613313
92 93 0.05401013
92 92 0.63898999
92 95 0.00363312
92 90 0.00256895
105 106 0.02113870
105 103 0.02363105
105 104 0.04094051
105 108 0.00712324
105 105 0.55995764
105 102 0.00057193
105 107 0.10475445
104 104 0.47308698
104 106 0.10860604
104 103 0.04938216
104 102 0.00856192
104 105 0.01233573
104 107 0.00553577
130 131 0.00251995
130 128 0.02529223
130 127 0.03051428
130 125 0.01013527
130 133 0.01151164
130 132 0.00818887
130 130 0.53982475
130 126 0.00115273
130 129 0.00312802
84 83 0.00412335
84 84 0.69173986
84 85 0.00090144
84 86 0.00458921
39 39 0.71468924
85 86 0.00129217
85 85 0.71892262
85 84 0.00186288
85 87 0.00851202
122 124 0.00649761
122 121 0.01330170
122 119 0.03951482
122 118 0.00060801
122 127 0.00146358
122 122 0.33559346
122 123 0.00929379
122 120 0.01728582
122 125 0.12809786
122 126 0.00066217
122 117 0.00541346
150 150 0.95220088
150 149 0.00557462
150 153 0.00208173
150 147 0.01805122
150 151 0.00153450
32 30 0.00086669
32 32 0.36331819
136 134 0.00851013
136 138 0.00472570
136 133 0.00621617
136 139 0.00156195
136 132 0.00284349
136 136 0.47959774
136 135 0.00308675
136 137 0.00960915
136 140 0.00064680
136 131 0.00348268
69 68 0.00054456
69 69 0.68440552
127 126 0.00510471
127 129 0.01208631
127 122 0.01067344
127 123 0.00112818
127 130 0.03322697
127 132 0.00085156
127 125 0.00909332
127 128 0.00303044
127 127 0.55153888
127 124 0.05422817
61 61 0.55542596
61 60 0.00097623
97 100 0.00514635
97 98 0.02480086
97 95 0.00505893
97 99 0.09541020
97 96 0.08566756
97 97 0.62929128
97 94 0.00121085
31 31 0.54832631
129 125 0.00106174
129 132 0.00947661
129 130 0.00264580
129 129 0.47902055
129 126 0.02900240
129 124 0.01207847
129 131 0.00728049
129 127 0.01094734
129 128 0.00159687
114 119 0.00930104
114 118 0.02306644
114 113 0.02928370
114 109 0.00053970
114 114 0.49672932
114 115 0.05890805
114 111 0.01053206
114 112 0.03997538
114 116 0.03523025
114 110 0.00196746
114 117 0.02083946
132 130 0.01051383
132 132 0.43759629
132 133 0.00680250
132 129 0.01448953
132 134 0.00544617
132 131 0.00205354
132 127 0.00720406
132 128 0.00111131
132 135 0.00350152
133 128 0.00424815
133 136 0.00159523
133 135 0.00914947
133 131 0.00579789
133 129 0.00238639
133 134 0.00817658
133 130 0.00699024
133 132 0.00197782
133 133 0.52661735
45 45 0.78040129
80 80 0.62108355
80 79 0.00118562
71 71 0.70608317
56 56 0.56479810
3 4 0.00059714
3 3 0.33268215
3 2 0.00840126
147 144 0.01812258
147 150 0.00352902
147 148 0.00068841
147 147 0.56702292
147 146 0.00082016
15 15 0.60808504
65 64 0.01277419
65 65 0.88383863
96 93 0.00094758
96 97 0.03237152
96 94 0.00492552
96 95 0.08522376
96 99 0.00955944
96 98 0.11975786
96 96 0.40845110
37 37 0.43843614
108 109 0.00835584
108 107 0.03634659
108 106 0.04166394
108 111 0.00113280
108 108 0.43274036
108 105 0.00800115
108 110 0.03788826
40 40 0.78776173
23 23 0.83743195
27 25 0.00068878
27 27 0.69451069
131 127 0.00112767
131 128 0.01672056
131 131 0.61977222
131 129 0.01031438
131 134 0.00566362
131 126 0.00826852
131 132 0.00158222
131 133 0.01233600
131 130 0.00236656
88 89 0.00682274
88 90 0.01611548
88 86 0.00113446
88 87 0.00711228
88 88 0.65693067
116 112 0.00679301
116 120 0.00120237
116 111 0.00159131
116 115 0.03369562
116 114 0.04076599
116 117 0.02964575
116 116 0.50834954
116 113 0.01433873
116 118 0.01399866
116 119 0.01790463
116 121 0.00273971
117 121 0.00621510
117 119 0.01011817
117 118 0.01078330
117 113 0.00669276
117 116 0.04699185
117 117 0.38099937
117 114 0.01556959
117 122 0.00195146
117 115 0.03357688
117 112 0.00243682
117 120 0.00914980
50 50 0.33522681
18 18 0.25662526
18 17 0.00076737
120 124 0.00091736
120 121 0.00796285
120 119 0.01358496
120 118 0.02308757
120 116 0.00282033
120 117 0.01372125
120 115 0.00256095
120 122 0.00704180
120 123 0.12998889
120 120 0.37226677
120 125 0.00099668
94 94 0.44579437
94 93 0.08123971
94 97 0.00786841
94 92 0.00432834
94 96 0.13089490
94 95 0.04685324
42 42 0.75650169
48 48 0.50798610
12 12 0.99180288
12 11 0.00071662
43 43 0.47892031
142 139 0.00738364
142 144 0.00063555
142 142 0.44856937
142 138 0.00339236
142 145 0.00330268
142 137 0.00258420
142 140 0.01222358
51 52 0.00143693
51 51 0.67493869
46 46 0.25330105
10 11 0.01655929
10 10 0.24711692
10 9 0.00365708
107 105 0.04472083
107 110 0.00113541
107 106 0.03056357
107 104 0.00618446
107 108 0.01104734
107 107 0.47962016
107 109 0.01201394
41 41 0.83833402
13 13 0.99412031
158 158 0.83426557
158 155 0.00606085
75 75 0.74945214
74 74 0.78815124
149 148 0.00099941
149 150 0.00190228
149 149 0.73102837
149 146 0.01813308
149 152 0.00265121
64 64 0.92425583
111 115 0.00570508
111 108 0.00924433
111 114 0.00616993
111 111 0.28643078
111 112 0.01185722
111 116 0.06511609
111 110 0.03125553
111 113 0.06517113
111 109 0.04153138
139 134 0.00317627
139 141 0.00163086
139 142 0.00155991
139 138 0.00112941
139 139 0.60269645
139 136 0.00597981
139 135 0.00323375
139 137 0.00319993
139 140 0.00058164
103 104 0.01062793
103 103 0.51922461
103 106 0.00937750
103 102 0.06539945
103 105 0.06313990
103 101 0.00484943
82 81 0.00120591
82 84 0.00528387
82 83 0.00110311
82 82 0.69870192
59 59 0.69971457
118 117 0.01915053
118 116 0.03311227
118 120 0.00810015
118 122 0.00231390
118 123 0.00155439
118 114 0.00645466
118 115 0.01414032
118 119 0.01038029
118 118 0.38687927
118 113 0.00212247
118 121 0.04780687
87 88 0.00666308
87 87 0.79033345
87 89 0.03300418
87 86 0.00498813
123 118 0.00573556
123 121 0.01733440
123 124 0.01468661
123 127 0.00079420
123 128 0.00177106
123 125 0.00524629
123 120 0.04596997
123 122 0.01310855
123 123 0.44675203
123 126 0.13604146
72 72 0.74921862
60 60 0.72397873
54 55 0.00116035
54 54 0.73387478
54 53 0.00319489
143 146 0.00356885
143 140 0.00880095
143 143 0.80802915
143 141 0.01153538
143 138 0.00238251
143 139 0.00225449
153 150 0.01653864
153 153 0.82957614
153 156 0.00100993
153 152 0.00244989
153 151 0.00060089
148 149 0.00053246
148 148 0.69952788
148 151 0.00323873
148 147 0.00548212
148 145 0.01809242
128 126 0.00559213
128 129 0.00139839
128 123 0.01380243
128 125 0.03049229
128 130 0.01521445
128 128 0.50693971
128 127 0.00288899
128 124 0.00084171
128 131 0.01753840
91 89 0.00144606
91 92 0.04991496
91 90 0.02720260
91 91 0.48448733
91 94 0.00259218
91 93 0.10218155
36 36 0.52415070
124 129 0.00148716
124 126 0.00481307
124 125 0.01344779
124 122 0.01157614
124 123 0.01240759
124 127 0.07697365
124 119 0.00587420
124 124 0.43799457
124 121 0.04788790
140 136 0.00334478
140 135 0.00300884
140 140 0.83291398
140 137 0.00612984
140 143 0.00181126
140 142 0.00160166
140 138 0.01149660
140 139 0.00057154
53 54 0.00255009
53 53 0.71093800
53 52 0.00259937
138 136 0.00876127
138 135 0.00602690
138 140 0.00254968
138 137 0.00223985
138 134 0.00325487
138 142 0.00064281
138 141 0.00150484
138 138 0.55568365
138 139 0.00227743
138 133 0.00319032
141 139 0.00633276
141 138 0.00206058
141 144 0.00213303
141 141 0.54676692
141 143 0.00149612
141 137 0.00345644
141 136 0.00287714
86 85 0.00119632
86 86 0.63871894
86 87 0.00418945
86 88 0.02904534
98 97 0.08530120
98 101 0.00082610
98 98 0.57641431
98 100 0.01237611
98 99 0.02042070
98 95 0.00142297
98 96 0.00446881
55 55 0.43536776
55 54 0.00086843
101 100 0.07214031
101 104 0.00843335
101 103 0.09569008
101 99 0.00113298
101 102 0.01112071
101 101 0.36730885
154 153 0.00129554
154 152 0.00058289
154 151 0.01599516
154 154 0.74970679
154 157 0.00058137
151 154 0.00154191
151 152 0.00114506
151 151 0.96719792
151 149 0.00054013
151 150 0.00455983
151 148 0.01774591
78 78 0.68903366
78 77 0.00057495
70 70 0.68711396
19 19 0.19500707
76 76 0.69836300
157 157 0.79109225
157 154 0.01235987
22 21 0.00118602
22 22 0.53451156
52 52 0.83580026
52 53 0.00213342
52 51 0.00171177
89 87 0.00127827
89 88 0.00920861
89 91 0.02931294
89 90 0.01425589
89 89 0.72416835
144 140 0.00122636
144 143 0.00193039
144 147 0.00305501
144 139 0.00220699
144 144 0.87027126
144 141 0.01049156
144 142 0.00648976
115 118 0.03495261
115 119 0.00828206
115 113 0.04215955
115 112 0.01393409
115 111 0.00543143
115 120 0.00056074
115 114 0.02924630
115 115 0.51451585
115 117 0.01833471
115 110 0.00113571
115 116 0.02603117
106 106 0.46772952
106 103 0.00261810
106 104 0.04094745
106 108 0.03574769
106 105 0.04164007
106 109 0.00191051
106 107 0.02330122
156 153 0.01404991
156 156 0.78986141
11 12 0.00255364
11 11 0.97369981
11 10 0.00391686
135 135 0.62187335
135 136 0.00376265
135 131 0.00264338
135 137 0.00545043
135 138 0.00170289
135 134 0.00968048
135 139 0.00063076
135 132 0.00703905
135 133 0.01384741
135 130 0.00368173
14 13 0.00076738
14 14 0.25747625
62 61 0.00570307
62 62 0.71049643
29 29 0.66160077
7 6 0.00534739
7 7 0.24606992
6 7 0.00512800
6 6 0.25265582
6 5 0.00063391
100 102 0.03724580
100 99 0.07305378
100 103 0.00890561
100 100 0.39426989
100 98 0.00134160
100 101 0.01089169
100 97 0.00133167
5 6 0.00056897
5 5 0.19334508
5 4 0.00286856
