67 141 67 141 0.00108488
41 153 41 153 0.07268351
41 139 41 139 0.00163844
70 143 70 143 0.03509498
75 138 76 138 0.00375027
75 138 75 138 0.07842467
75 80 75 80 0.00219511
75 136 75 136 0.00249578
9 22 10 22 0.00717988
9 25 9 25 0.00967853
153 157 153 157 0.00053379
7 153 7 153 0.00196026
7 24 7 24 0.24003806
47 144 47 144 0.00636753
47 77 47 77 0.00181243
47 74 47 74 0.03835233
96 120 96 120 0.26242152
43 149 43 149 0.12738605
43 158 43 158 0.01441334
43 137 43 137 0.00076711
43 78 43 78 0.00324811
58 65 58 65 0.20783320
45 148 45 148 0.09934267
45 77 45 77 0.00371240
45 138 45 138 0.00344837
90 125 89 126 0.00054552
90 125 90 125 0.38569663
59 64 59 64 0.27621026
83 131 83 131 0.27285535
83 131 84 131 0.00053760
83 133 83 133 0.00625042
36 157 36 157 0.16421038
36 156 36 156 0.04538919
91 124 91 124 0.60817290
2 31 2 31 0.03232097
6 25 6 25 0.13557767
6 154 7 153 0.00051500
15 21 15 21 0.00727851
15 20 15 20 0.07536162
65 143 65 143 0.00192064
65 149 65 149 0.00166462
76 134 76 134 0.00166482
76 136 76 136 0.00914430
76 141 76 141 0.00649763
76 138 75 138 0.00728840
76 138 76 138 0.13500021
98 118 98 118 0.34226703
10 24 10 24 0.00728600
10 22 11 22 0.00253074
10 22 10 22 0.30586495
10 21 10 21 0.02245357
82 134 82 134 0.00647612
82 132 82 132 0.25562783
82 132 81 132 0.00053150
49 144 49 144 0.09436900
49 74 49 74 0.03477833
49 77 49 77 0.00084090
99 117 99 117 0.39897579
44 77 44 77 0.00527663
44 148 44 148 0.18269987
44 157 44 157 0.14295451
35 158 35 158 0.15639018
69 144 69 144 0.02131988
53 59 53 59 0.00898037
53 70 53 70 0.17901090
71 142 71 142 0.06697181
107 111 107 111 0.06583293
66 147 66 147 0.01006479
66 142 66 142 0.00143552
23 31 23 31 0.01778951
23 32 23 32 0.01140453
93 122 93 122 0.27280917
64 150 64 150 0.00359058
78 132 78 132 0.00065414
78 141 78 141 0.00231502
80 135 80 135 0.32938820
80 135 79 136 0.00192457
80 137 80 137 0.01263797
80 133 80 133 0.04745601
134 140 134 140 0.00340082
14 21 14 21 0.05130245
14 22 14 22 0.01087644
14 20 14 20 0.01151435
14 18 14 18 0.10622226
33 158 33 158 0.00478910
33 160 33 160 0.25715212
81 132 81 132 0.01522622
81 136 81 136 0.00310536
81 134 81 134 0.31208111
81 134 80 135 0.00294092
81 134 80 133 0.00223919
105 115 105 115 0.01087057
105 113 105 113 0.11641479
105 110 105 110 0.01816761
79 138 79 138 0.00956663
79 134 79 134 0.01350000
79 136 79 136 0.28637719
24 30 24 30 0.00761623
87 128 87 128 0.10140971
77 140 77 140 0.00636050
77 135 77 135 0.00451462
77 137 77 137 0.18768702
77 133 77 133 0.00129543
12 21 12 21 0.01472726
12 27 12 27 0.00293380
12 20 12 20 0.06512614
12 22 12 22 0.01797551
12 24 12 24 0.00070060
39 153 39 153 0.03562167
39 154 39 154 0.03145037
89 126 89 126 0.29647512
86 128 86 128 0.29197869
86 128 85 129 0.00324183
84 131 84 131 0.02705382
84 130 83 130 0.00055179
84 130 83 131 0.00092992
84 130 84 130 0.28772372
84 130 85 129 0.00154862
144 149 144 149 0.00234833
51 75 51 75 0.00390880
38 154 38 154 0.08881533
52 71 52 71 0.16064713
52 60 52 60 0.02802215
143 150 143 150 0.00133362
109 114 109 114 0.00391036
25 29 25 29 0.02119547
57 66 57 66 0.18732079
88 128 88 127 0.11226648
95 121 95 121 0.30386943
85 129 85 129 0.51370441
85 129 86 128 0.00091499
85 129 84 129 0.00595266
85 129 84 130 0.00366099
85 130 85 130 0.02830952
85 133 85 133 0.00079102
46 75 46 75 0.07669400
46 76 46 76 0.01212473
46 137 46 137 0.00400620
48 145 48 145 0.08694767
48 78 48 78 0.00056920
48 143 48 143 0.00273996
48 76 48 76 0.00134788
48 75 48 75 0.00915637
48 73 48 73 0.02881090
42 138 42 138 0.00126237
42 150 42 150 0.11558634
42 152 42 152 0.06967503
42 159 42 159 0.02406163
42 80 42 80 0.00096342
37 155 37 155 0.08374332
37 156 37 156 0.12293106
101 110 101 110 0.00194523
101 115 101 115 0.23755085
101 113 101 113 0.00232658
92 123 92 123 0.28291953
50 143 50 143 0.06156433
50 76 50 76 0.00113890
50 73 50 73 0.03905767
50 72 50 72 0.05953067
34 157 34 157 0.01403977
34 159 34 159 0.18670020
54 58 54 58 0.01566281
54 69 54 69 0.22144603
32 159 32 159 0.00943551
106 111 106 111 0.10331833
106 113 106 113 0.08536850
106 110 106 110 0.01430071
104 116 104 116 0.00452757
4 32 4 32 0.02725361
142 152 142 152 0.00082131
103 114 103 114 0.12788300
103 108 103 108 0.01397624
13 22 12 22 0.00105225
3 29 3 29 0.03317422
3 30 3 30 0.02880087
3 33 3 33 0.00428470
73 141 73 141 0.06339809
73 141 72 141 0.00173267
97 119 97 119 0.34418920
102 113 102 113 0.04336724
102 115 102 115 0.05113274
102 109 102 109 0.00709437
102 109 102 110 0.00079787
102 110 102 110 0.03155708
102 110 102 109 0.00102247
56 67 56 67 0.20863906
72 144 72 144 0.00183840
72 141 72 141 0.06356544
72 141 73 141 0.00075904
145 152 145 152 0.00103241
133 141 133 141 0.00152504
74 140 74 140 0.10151924
74 137 74 137 0.00205673
74 139 74 139 0.07125802
100 116 100 116 0.28542439
11 22 10 22 0.00104961
11 22 11 22 0.03200098
11 20 11 20 0.03698867
11 28 11 28 0.00548042
11 21 11 21 0.06469749
40 153 40 153 0.10583633
40 154 40 154 0.11370333
40 140 40 140 0.00271599
132 142 132 142 0.00064747
55 68 55 68 0.22369393
