86 128 86 127 0.00484453
86 128 85 128 0.28993346
89 126 88 126 0.11721844
89 126 89 125 0.00793627
89 126 89 126 0.06700795
84 130 83 130 0.17712600
84 130 84 129 0.01561742
84 131 83 131 0.02887457
84 131 84 132 0.00086077
84 129 84 129 0.12661388
79 134 80 134 0.00054254
79 134 79 135 0.00211937
60 142 60 142 0.01152597
60 147 60 148 0.00172343
24 38 24 38 0.00431023
24 35 24 35 0.00116892
24 30 24 30 0.00271016
30 42 30 42 0.01004120
30 37 30 37 0.00575179
30 36 30 36 0.04617853
87 128 87 127 0.00399130
77 137 77 137 0.12716542
77 137 76 137 0.07117308
12 21 12 21 0.01888081
12 20 12 20 0.03675139
12 24 12 24 0.00963045
94 119 94 119 0.20231067
33 42 33 42 0.00275788
33 37 33 37 0.01039398
81 134 80 134 0.25505762
81 132 81 132 0.03858214
31 35 31 35 0.04215810
31 41 31 41 0.00986488
31 39 31 39 0.00348558
31 40 31 40 0.02858447
44 50 44 50 0.12346179
35 42 35 42 0.00397904
69 144 69 145 0.00910939
69 144 68 144 0.00193126
53 144 53 144 0.00150969
53 59 53 59 0.05973472
71 142 71 142 0.12293824
107 112 107 112 0.13170638
66 147 66 148 0.00466715
66 142 66 142 0.05346675
23 37 23 37 0.00511027
23 31 23 31 0.00196009
23 36 23 36 0.00296034
93 120 93 120 0.06293033
64 138 64 138 0.00140836
64 144 64 144 0.02303211
64 150 64 150 0.18278817
14 21 14 21 0.09209795
14 20 14 20 0.02769082
80 133 80 134 0.00211585
80 135 80 134 0.00386774
80 135 79 135 0.17242136
76 138 76 137 0.00091704
76 138 75 138 0.05024418
98 118 95 118 0.00558933
98 115 98 115 0.09310200
10 27 9 27 0.00079836
10 22 10 22 0.34987931
10 28 8 28 0.00055869
82 132 82 132 0.04171391
82 132 81 132 0.14478775
28 38 28 38 0.02686051
63 144 63 144 0.01723173
49 62 49 62 0.02516429
49 150 49 150 0.03435233
49 56 49 56 0.02401596
49 54 49 54 0.01208660
90 125 89 125 0.16519399
90 125 90 125 0.13787901
59 143 59 143 0.01471710
59 149 59 149 0.01509554
83 131 83 131 0.04943620
83 131 83 130 0.00644730
83 130 83 130 0.02769781
83 133 83 133 0.00512400
36 41 36 41 0.00957004
15 21 15 21 0.03085802
15 20 15 20 0.12358626
6 32 8 32 0.00311639
65 137 65 137 0.00082392
65 143 65 143 0.05683640
65 149 65 149 0.07476192
96 120 93 120 0.00392462
43 53 43 53 0.00685357
43 158 43 158 0.08388830
58 144 58 144 0.01512422
67 146 67 147 0.00566045
67 141 67 141 0.04217467
62 140 62 140 0.00794873
62 145 62 146 0.00224125
62 145 62 145 0.02553093
41 160 41 160 0.09435276
70 143 70 143 0.09900740
75 138 75 138 0.15114904
9 27 9 27 0.29140529
7 28 8 28 0.00199452
7 27 9 27 0.00659714
47 150 47 150 0.04329303
47 54 47 54 0.00801777
100 116 97 116 0.00371301
11 21 11 21 0.05865448
11 21 13 21 0.00083863
11 27 10 26 0.00065558
11 22 10 22 0.00059628
55 144 55 144 0.01212583
55 148 55 147 0.00159421
102 109 102 110 0.00103708
102 109 103 109 0.00052605
56 147 56 146 0.00162179
72 141 72 141 0.13238718
74 140 73 140 0.04007099
74 140 74 140 0.07323849
29 37 29 37 0.03629519
13 25 11 25 0.00071983
3 38 3 38 0.05164567
3 29 3 29 0.01545288
3 33 3 33 0.00861673
73 141 72 141 0.01141780
97 116 97 116 0.07967028
97 119 94 119 0.00590194
32 40 32 40 0.04070626
32 39 32 39 0.00926455
32 38 32 38 0.00669816
106 113 106 113 0.07896331
4 32 4 32 0.01334736
4 28 4 28 0.02141733
4 37 4 37 0.03282657
4 34 4 34 0.01859720
4 34 5 34 0.00059025
5 33 6 33 0.00057525
5 33 7 33 0.00195636
27 33 27 33 0.02332128
27 35 27 35 0.00931213
101 115 98 115 0.00297428
101 110 101 111 0.00273772
92 123 89 123 0.00110398
50 61 50 61 0.06698490
26 36 26 36 0.01015370
26 34 26 34 0.00889700
34 41 34 41 0.00577338
54 145 54 145 0.00730703
54 58 54 58 0.08379165
85 130 85 130 0.00227951
85 129 85 128 0.01109407
85 129 85 130 0.00065968
85 129 84 129 0.40803124
95 121 92 121 0.00848862
95 118 95 118 0.11740833
46 155 46 153 0.00058432
48 63 48 63 0.01994140
48 57 48 57 0.00460647
48 55 48 55 0.03750789
48 149 48 149 0.00652293
48 53 48 53 0.01125836
42 159 42 159 0.11030092
42 54 42 54 0.00441374
1 35 1 35 0.00486403
61 146 61 147 0.00219420
61 141 61 141 0.00909281
88 127 88 126 0.01388219
88 127 87 127 0.31404895
