140 137 0.61412338
12 12 0.87318288
126 123 0.83567016
126 124 0.01746798
68 64 0.00158761
68 63 0.00063259
68 65 0.64703278
22 22 0.96581861
22 20 0.00087018
22 21 0.01328056
22 23 0.00543857
31 31 0.69594358
23 21 0.00067584
23 23 0.96991363
23 24 0.00338361
23 22 0.01191896
92 87 0.02276994
92 89 0.65176639
124 121 0.77022060
124 122 0.01608739
20 20 0.79453008
20 21 0.00333897
20 19 0.01348170
96 91 0.00117487
96 92 0.01644608
96 93 0.74123235
61 59 0.00217950
61 58 0.92809689
61 60 0.00526844
89 86 0.66812968
89 84 0.00767924
142 139 0.41415090
135 132 0.88420881
113 111 0.02603183
113 110 0.85722113
80 74 0.00450626
80 76 0.00580359
80 77 0.57336023
29 29 0.70279575
112 110 0.02091782
112 109 0.69059335
99 94 0.06355128
99 96 0.84772851
99 95 0.00269980
99 93 0.00182163
54 50 0.01144253
54 52 0.09066936
54 51 0.29437271
54 53 0.02161755
54 54 0.00902260
17 17 0.60707631
17 18 0.00055501
17 16 0.00181496
72 67 0.01153389
72 68 0.02101263
72 70 0.00056958
72 69 0.71976083
72 66 0.00090917
100 96 0.00052119
100 98 0.00081608
100 95 0.06093520
100 97 0.74198538
39 37 0.00111863
39 40 0.00104179
39 39 0.81704746
110 108 0.00220810
110 107 0.53830448
56 52 0.00683239
56 54 0.04728406
56 55 0.00125629
56 53 0.70754379
77 74 0.77777007
77 71 0.00524208
77 73 0.01798142
27 26 0.00078121
27 27 0.80874207
105 101 0.00120537
105 102 0.85413538
105 103 0.01064748
105 100 0.01802084
64 61 0.75155984
64 59 0.00434783
115 112 0.86907445
115 113 0.03371070
74 70 0.00081290
74 72 0.00130989
74 68 0.01427453
74 71 0.79438307
6 6 0.75585092
34 34 0.71413351
34 33 0.00084606
34 35 0.00344813
131 128 0.46561919
127 124 0.69500139
127 125 0.00795419
130 127 0.43957711
118 115 0.64862388
118 116 0.02338354
123 120 0.87156678
123 121 0.01821495
114 112 0.03041256
114 111 0.84445248
10 10 0.77293360
15 14 0.00102134
15 15 0.61372301
46 45 0.03024953
46 47 0.00422200
46 44 0.00720358
46 46 0.60704638
75 72 0.71831582
75 73 0.00079335
75 71 0.02296623
75 70 0.00530283
106 104 0.01531745
106 103 0.79545909
106 101 0.02290836
106 102 0.00060789
62 60 0.00139474
62 59 0.74234067
62 61 0.00260395
40 40 0.89408099
40 41 0.00093012
40 38 0.00161287
16 16 0.61128899
16 15 0.00136334
49 46 0.01096847
49 47 0.06637995
49 49 0.30101314
49 50 0.00293468
49 45 0.00160960
49 48 0.04794023
108 105 0.81419136
108 104 0.00105065
108 103 0.00186229
108 106 0.01300765
132 129 0.52008848
91 86 0.00075601
91 88 0.76260624
90 85 0.00070075
90 87 0.75359088
19 20 0.00367159
19 19 0.63257374
19 18 0.00781034
7 7 0.72344982
53 49 0.00850754
53 51 0.09485157
53 50 0.09287456
53 52 0.06190199
53 53 0.03789046
71 68 0.72439652
71 67 0.01191680
71 66 0.00982847
141 138 0.28150568
111 109 0.01331543
111 108 0.65708092
63 60 0.67262520
63 58 0.00060480
63 61 0.00106499
60 58 0.00661933
60 59 0.00564119
60 57 0.62815589
33 33 0.64271759
33 34 0.00053032
59 55 0.00073637
59 56 0.60627006
59 58 0.00241570
59 57 0.02872353
3 3 0.85772191
41 42 0.00088399
41 40 0.00153462
41 39 0.00167233
41 41 0.78977112
102 96 0.00089608
102 98 0.00190599
102 99 0.69584328
102 100 0.00122005
102 97 0.01769135
38 37 0.00189459
38 36 0.00100953
38 38 0.86923250
38 39 0.00139294
95 92 0.72732873
95 90 0.00088031
95 91 0.00211513
76 70 0.00667644
76 71 0.00528234
76 73 0.77705787
76 72 0.00078409
136 133 0.89213447
121 118 0.58867065
121 119 0.01853218
86 82 0.00637781
86 80 0.00123374
86 83 0.73124140
86 81 0.04574456
93 89 0.00534476
93 90 0.69664285
93 88 0.00076237
122 120 0.01405439
122 119 0.57682062
8 8 0.71808101
103 100 0.73989978
103 99 0.00147688
103 98 0.00057264
103 101 0.00307468
36 37 0.00464075
36 36 0.77598210
128 125 0.36876374
128 126 0.00122689
55 53 0.04214545
55 55 0.00137902
55 54 0.00578827
55 52 0.37774864
55 51 0.00859451
70 65 0.00993774
70 66 0.00786150
70 67 0.72960205
47 44 0.00101909
47 46 0.04694485
47 45 0.02740920
47 48 0.00526839
47 47 0.58095725
45 45 0.58803471
45 43 0.00529004
45 44 0.02228459
45 46 0.00309170
21 22 0.00516520
21 21 0.84372611
21 20 0.02017744
149 146 0.96967487
134 131 0.88321572
14 14 0.63910684
14 13 0.00058443
88 85 0.70554546
88 83 0.05409875
144 141 0.57670545
148 145 0.87284269
66 63 0.68276182
66 62 0.00079799
66 61 0.00653344
57 55 0.01774203
57 53 0.00432236
57 54 0.72271704
57 56 0.00198607
11 11 0.76771293
85 81 0.02517598
85 80 0.02127802
85 79 0.00124024
85 82 0.70556729
104 99 0.02136216
104 101 0.75502353
104 102 0.00348059
58 57 0.00246896
58 56 0.03068265
58 55 0.56682716
58 54 0.00104777
28 28 0.59989378
117 114 0.76818307
117 115 0.02631684
67 64 0.59108229
5 5 0.70739537
116 113 0.80622127
116 114 0.03061391
84 78 0.00633895
84 79 0.02549455
84 80 0.03932141
84 81 0.67454791
120 117 0.69917168
120 118 0.01855106
50 46 0.00483525
50 48 0.09652474
50 50 0.34547286
50 51 0.00251808
50 49 0.12563214
50 47 0.01903400
125 122 0.77176293
125 123 0.01616544
143 140 0.54559380
81 75 0.00298915
81 78 0.51273569
81 77 0.03011113
44 43 0.01663064
44 44 0.71234339
44 45 0.00168179
44 42 0.00439943
4 4 0.73191563
24 23 0.00783140
24 25 0.00131204
24 22 0.00072670
24 24 0.97049608
32 32 0.64375845
9 9 0.83055469
43 41 0.00383530
43 42 0.01277474
43 44 0.00145864
43 43 0.73874463
146 143 0.81910240
69 65 0.00157212
69 66 0.66959586
69 64 0.00471840
13 13 0.76185030
13 12 0.00208969
138 135 0.61043984
65 60 0.00625870
65 62 0.72597898
119 117 0.02278289
119 116 0.64688691
51 51 0.29758592
51 49 0.10807482
51 47 0.00548771
51 48 0.01375110
51 52 0.00217649
51 50 0.16466621
18 18 0.62566086
18 19 0.00145073
18 17 0.00455926
98 95 0.86204789
98 92 0.00180660
98 93 0.06668852
98 94 0.00241394
26 26 0.85910036
26 25 0.00223409
73 69 0.00101750
73 70 0.64766202
73 68 0.00967917
73 71 0.00082325
73 67 0.00441837
107 102 0.00357291
107 103 0.00171460
107 104 0.83865744
107 105 0.02136677
1 1 0.86460065
83 77 0.00818582
83 78 0.01312518
83 80 0.71164728
83 79 0.04893458
139 136 0.64318051
78 75 0.79477607
78 74 0.00075546
78 72 0.00259550
101 96 0.06082356
101 98 0.66801993
101 95 0.00125356
101 97 0.00226118
101 99 0.00117857
52 48 0.00573236
52 50 0.13727599
52 52 0.20670966
52 49 0.03590333
52 51 0.10720135
52 53 0.00056356
87 84 0.80899101
87 83 0.03065706
87 82 0.01129412
48 46 0.04975804
48 49 0.00483348
48 47 0.05940731
48 48 0.45289833
48 45 0.00431378
30 30 0.98794460
147 144 0.43592968
109 107 0.01289159
109 106 0.48115044
2 2 0.89949316
97 93 0.00328931
97 92 0.06975950
97 94 0.80374518
35 36 0.00419599
35 35 0.72210746
145 142 0.58911858
79 75 0.00083209
79 76 0.81750000
129 126 0.72913907
94 89 0.02238367
94 90 0.00608225
94 91 0.69456354
25 25 0.94909313
25 24 0.00368314
137 134 0.64520833
42 43 0.00117840
42 42 0.75369534
42 41 0.00296645
42 40 0.00280667
82 76 0.00547659
82 77 0.01142391
82 78 0.00295179
82 79 0.68841602
37 35 0.00072743
37 37 0.85794290
37 36 0.00050496
37 38 0.00341210
133 130 0.32494427
