61 61 0.52485523
61 62 0.01372443
61 65 0.00115522
61 67 0.00104994
61 64 0.05242398
61 66 0.00345993
80 80 0.71614423
80 86 0.03064977
80 87 0.02200886
109 115 0.00391983
109 109 0.64137951
109 106 0.00400421
109 110 0.00222674
109 108 0.00280045
109 116 0.02320914
54 56 0.00374156
54 54 0.60469170
54 55 0.04863373
54 53 0.00128221
54 59 0.00414338
54 57 0.00120396
150 151 0.01696188
150 150 0.22244280
150 148 0.00473855
150 149 0.35612176
150 152 0.01472361
150 147 0.12041806
150 146 0.00128489
150 145 0.00080822
100 106 0.03944515
100 100 0.72934418
100 97 0.00471824
100 99 0.00291874
100 107 0.00992652
141 141 0.44947932
141 139 0.00878724
141 136 0.00255642
141 143 0.00977687
141 140 0.01175512
141 137 0.00101979
141 138 0.16238199
64 69 0.02849003
64 64 0.59970193
64 67 0.04172842
64 65 0.00186009
64 68 0.00416904
64 70 0.01741884
142 140 0.00709900
142 139 0.16085338
142 138 0.00356450
142 137 0.00070163
142 144 0.04153222
142 142 0.43682911
142 141 0.03418754
108 108 0.61946713
108 105 0.00249730
108 114 0.02674576
108 109 0.00182071
108 115 0.01667157
108 107 0.00347309
84 91 0.05258822
84 88 0.00102190
84 90 0.04884169
84 85 0.00332477
84 89 0.00052047
84 84 0.60053207
90 96 0.00181965
90 91 0.00501695
90 88 0.00524103
90 90 0.63112947
90 97 0.04252070
67 67 0.60755841
67 68 0.00218041
67 73 0.00207590
67 70 0.00549208
67 72 0.00447460
85 92 0.06544417
85 89 0.00090303
85 86 0.00439409
85 91 0.04144562
85 85 0.49053107
57 58 0.06508841
57 62 0.01201929
57 61 0.00060029
57 59 0.02655057
57 60 0.07719997
57 57 0.41780388
77 81 0.00483442
77 83 0.05929888
77 77 0.67166318
77 84 0.00253899
31 31 0.73034185
31 32 0.00108134
31 33 0.00258992
89 96 0.03588682
89 90 0.00653279
89 89 0.47584010
89 87 0.00145126
89 95 0.03810084
103 103 0.71872747
103 102 0.00186319
103 110 0.01905767
103 100 0.00378215
103 109 0.03263295
48 48 0.47209808
48 53 0.00153729
48 51 0.00209368
48 50 0.05267015
48 49 0.02036058
48 47 0.01290436
113 114 0.00706903
113 113 0.60467894
113 120 0.00143959
113 118 0.00252146
113 110 0.06847278
113 119 0.09897406
136 138 0.03463303
136 137 0.00376950
136 135 0.00405864
136 134 0.01058043
136 131 0.00289384
136 139 0.00118238
136 136 0.46987648
136 132 0.01566210
136 141 0.00108515
136 133 0.14410978
40 40 0.62215915
40 43 0.00524639
39 39 0.43039663
39 42 0.00233541
101 100 0.00267651
101 108 0.03446256
101 101 0.74857000
101 107 0.03931441
101 98 0.00564964
121 118 0.13635340
121 122 0.01089431
121 120 0.02079879
121 127 0.02118863
121 119 0.00257341
121 125 0.01278600
121 124 0.00080594
121 126 0.03811587
121 121 0.38076636
27 29 0.00968607
27 27 0.46174799
135 133 0.01135366
135 136 0.00479842
135 134 0.00513521
135 131 0.01555601
135 140 0.00150170
135 132 0.14135946
135 137 0.03260194
135 138 0.00133361
135 135 0.46856668
135 130 0.00080268
125 122 0.10994034
125 123 0.00527003
125 129 0.00122653
125 124 0.02432964
125 126 0.00483868
125 125 0.47839664
125 121 0.00163306
125 128 0.00444601
17 19 0.04039584
17 17 0.17153277
29 30 0.00249490
29 31 0.00363485
29 29 0.62216142
28 28 0.66841552
28 30 0.00296276
14 14 0.58937802
14 16 0.02180119
14 15 0.00541974
66 69 0.03974004
66 66 0.63033412
66 71 0.02568278
66 72 0.02951770
66 70 0.00476656
66 67 0.00250790
116 113 0.05672882
116 122 0.00062705
116 116 0.49234649
116 123 0.00766699
116 117 0.00698679
131 135 0.00087008
131 130 0.01795642
131 126 0.00107942
131 132 0.00552959
131 136 0.00530158
131 128 0.02919035
131 131 0.39706507
131 134 0.00519417
131 129 0.02202476
115 116 0.00682200
115 112 0.06596085
115 121 0.00050702
115 115 0.53319016
7 8 0.00224015
7 6 0.00311165
7 7 0.76453773
7 9 0.00287434
32 34 0.00165127
32 33 0.00056846
32 32 0.76815758
130 127 0.06410084
130 133 0.00058304
130 129 0.02021351
130 126 0.00731031
130 130 0.31302749
130 135 0.01726180
130 125 0.00090511
130 132 0.00228065
130 134 0.01067455
130 131 0.00539251
130 128 0.01659673
76 76 0.53242286
76 82 0.07296297
76 80 0.00559125
106 106 0.59589280
106 103 0.00276817
106 112 0.00446031
106 107 0.00086946
106 113 0.00286522
106 105 0.00352109
60 64 0.00296830
60 60 0.57385036
60 63 0.10072054
60 61 0.06079759
60 62 0.00077412
60 65 0.00507168
45 44 0.00141812
45 48 0.00774082
45 45 0.73970124
45 46 0.01256441
45 47 0.06667768
49 51 0.00678441
49 48 0.01172892
49 52 0.00276463
49 49 0.48123946
49 50 0.03897539
49 54 0.00087072
2 1 0.00355426
2 5 0.00069322
2 2 0.75680050
2 4 0.04675975
2 3 0.00184663
144 144 0.36612378
144 140 0.00360299
144 139 0.00198313
144 143 0.12753865
144 142 0.00266582
144 146 0.12506229
144 141 0.17428394
36 36 0.58387001
20 21 0.01213387
20 20 0.63788193
20 22 0.01985102
5 6 0.01897243
5 4 0.00709232
5 5 0.74366320
5 7 0.06343741
153 152 0.66651475
153 151 0.02729243
153 150 0.06758570
111 118 0.00802608
111 112 0.00317413
111 108 0.01200852
111 111 0.56346733
111 117 0.00173613
53 55 0.00351527
53 58 0.00953258
53 52 0.00302353
53 56 0.01047298
53 54 0.03148960
53 53 0.70219987
59 64 0.01018024
59 59 0.50018890
59 63 0.00110371
59 60 0.06752527
59 61 0.00163363
59 62 0.06127156
19 20 0.00063196
19 19 0.69095607
19 21 0.00719330
22 23 0.00346075
22 24 0.00639558
22 22 0.58925417
68 71 0.00117443
68 74 0.00648123
68 73 0.00201369
68 68 0.22488650
105 106 0.00062131
105 111 0.02686164
105 102 0.00335226
105 112 0.01918407
105 104 0.00162934
105 105 0.70628276
94 101 0.10921011
94 92 0.00097498
94 100 0.04940411
94 94 0.70315941
133 133 0.31085437
133 129 0.01450618
133 130 0.05566984
133 135 0.01017578
133 138 0.00190259
133 132 0.03717369
133 131 0.01395132
133 134 0.00455358
133 136 0.00070608
110 111 0.00259432
110 117 0.00775154
110 110 0.54438725
110 116 0.00895773
110 107 0.00445966
110 109 0.00054759
122 128 0.01000446
122 121 0.03611973
122 126 0.07733009
122 125 0.00869957
122 119 0.16082267
122 123 0.01034318
122 127 0.03608605
122 120 0.00283511
122 122 0.43403228
25 26 0.00164240
25 25 0.37026772
25 27 0.01581069
147 143 0.00269052
147 144 0.12914164
147 145 0.00246995
147 149 0.01034310
147 148 0.00092557
147 142 0.00184121
147 146 0.23690551
147 147 0.29770023
26 28 0.00965724
26 26 0.27892175
26 27 0.00101461
73 79 0.02950658
73 78 0.00056397
73 73 0.17251043
88 88 0.37276896
88 86 0.00066215
88 89 0.00762037
88 94 0.01156622
88 95 0.03674859
52 52 0.55157320
52 55 0.03373713
52 54 0.04718242
52 57 0.00165243
52 51 0.01109215
52 53 0.02474798
143 138 0.00205896
143 145 0.00854897
143 140 0.14735449
143 143 0.41843235
143 139 0.00359279
143 142 0.05586109
143 141 0.00239300
51 53 0.10182461
51 51 0.26008851
51 56 0.00269002
51 54 0.02032118
51 50 0.01474124
51 52 0.04581436
152 149 0.12103830
152 152 0.10029263
152 151 0.46871310
152 150 0.01233124
21 22 0.00489602
21 23 0.00576429
21 21 0.72542864
23 25 0.03642437
23 23 0.52778087
23 24 0.00136824
79 79 0.53002935
79 84 0.00102795
79 86 0.06672269
79 83 0.00082214
79 85 0.07920023
24 24 0.53271892
24 26 0.03058636
24 25 0.00181955
3 6 0.00071485
3 3 0.72190192
3 4 0.00169782
3 5 0.05434821
3 2 0.00662787
118 119 0.00824225
118 118 0.51389886
118 115 0.05669547
118 125 0.00215649
118 124 0.00165862
18 20 0.04067922
18 19 0.00249577
18 18 0.15213289
30 31 0.00177866
30 30 0.69914357
30 32 0.00282612
107 106 0.00378904
107 108 0.00136606
107 107 0.68261452
107 113 0.02726604
107 104 0.00236653
107 114 0.01863711
62 63 0.00319459
62 66 0.01440696
62 67 0.02077206
62 68 0.00139660
62 65 0.09400558
62 62 0.66376847
86 87 0.00531741
86 92 0.05902184
86 93 0.03922117
86 90 0.00057192
86 86 0.56350214
138 133 0.00288600
138 139 0.00132726
138 136 0.00920459
138 134 0.00962026
138 140 0.07035682
138 138 0.47466035
138 137 0.03986487
138 135 0.13696786
124 129 0.02468875
124 120 0.00183810
124 122 0.00471284
124 127 0.02200209
124 123 0.03000818
124 128 0.09310708
124 124 0.32560804
124 125 0.00564634
124 121 0.15397055
41 41 0.59840582
41 44 0.01205637
15 15 0.49136238
15 17 0.04548967
15 16 0.02472158
69 75 0.05506368
69 74 0.00081131
69 69 0.61218341
120 121 0.01120642
120 125 0.02699838
120 126 0.03004162
120 119 0.00235243
120 117 0.13437660
120 127 0.00147828
120 118 0.00098315
120 120 0.32544226
34 36 0.00634973
34 35 0.00079744
34 34 0.62360308
134 137 0.00201182
134 130 0.00460674
134 135 0.00782989
134 131 0.14674074
134 134 0.46909888
134 139 0.00576618
134 136 0.01048416
134 132 0.01279666
134 129 0.00268634
134 133 0.04312561
1 3 0.02386797
1 2 0.00839130
1 1 0.81543477
128 127 0.00246546
128 129 0.00430033
128 125 0.08515525
128 126 0.00344058
128 128 0.47748546
91 89 0.00478209
91 97 0.01868594
91 92 0.00094392
91 91 0.54205532
91 98 0.03633916
99 106 0.03200129
99 96 0.00621061
99 105 0.02009529
99 99 0.76098050
99 98 0.00328388
140 140 0.46442076
140 139 0.06360028
140 136 0.00327277
140 135 0.00260724
140 138 0.00917253
140 137 0.04721298
140 142 0.00584671
13 15 0.04877071
13 14 0.01162424
13 13 0.56508797
114 111 0.07501127
114 119 0.01152426
114 120 0.02721975
114 115 0.00692540
114 114 0.61522388
114 121 0.00414918
119 124 0.02252748
119 126 0.00392815
119 125 0.10226211
119 120 0.00980403
119 116 0.13441237
119 118 0.00235312
119 119 0.57912787
119 117 0.00128939
97 104 0.03648633
97 94 0.00369026
97 103 0.01135167
97 97 0.70912411
8 10 0.01090786
8 8 0.72267750
8 7 0.00110693
8 9 0.00394167
78 84 0.06476337
78 82 0.00884103
78 85 0.04660170
78 78 0.67609039
98 97 0.00124912
98 95 0.00617798
98 105 0.05079078
98 104 0.01969786
98 98 0.60409695
9 9 0.52133085
9 11 0.03265275
9 10 0.00335350
33 35 0.00054640
33 34 0.00050583
33 33 0.76612963
56 56 0.56732913
56 58 0.03414485
56 61 0.01105182
56 59 0.06026183
56 57 0.06958770
126 125 0.03092706
126 130 0.02096713
126 124 0.00369026
126 126 0.47879835
126 129 0.00091391
126 122 0.00101439
126 123 0.10114016
126 127 0.00454901
65 68 0.02701048
65 65 0.65306843
65 70 0.02109893
65 71 0.05526156
65 66 0.00204383
65 69 0.01342335
38 40 0.00942892
38 41 0.00134165
38 38 0.57692537
129 128 0.01082768
129 134 0.01752886
129 132 0.00393153
129 125 0.00730228
129 124 0.00050725
129 126 0.11784614
129 130 0.00513569
129 129 0.31812675
129 133 0.00134913
129 127 0.01339232
117 114 0.05670673
117 117 0.47325819
117 118 0.00700732
117 123 0.02115162
123 128 0.02863196
123 121 0.00359949
123 126 0.01917243
123 124 0.00994416
123 129 0.00080407
123 119 0.00089848
123 127 0.08785518
123 123 0.32718268
123 120 0.17073319
123 122 0.04776923
112 109 0.05263770
112 113 0.00515853
112 118 0.02167037
112 112 0.53521088
112 110 0.00058817
112 119 0.01474353
104 101 0.00337390
104 104 0.56214437
104 111 0.00734099
104 103 0.00150754
104 110 0.00621269
139 141 0.04441315
139 134 0.00258837
139 136 0.15231854
139 139 0.47227828
139 135 0.00398031
139 138 0.06149476
139 137 0.00229205
55 57 0.05312800
55 60 0.01270773
55 58 0.02939785
55 55 0.33898812
55 54 0.00067770
55 56 0.06799948
132 132 0.30929633
132 128 0.00231305
132 134 0.00107854
132 131 0.02944846
132 135 0.00084233
132 130 0.00957711
132 137 0.00208372
132 133 0.00451433
132 129 0.14171748
96 93 0.00307795
96 103 0.04341969
96 102 0.01414076
96 96 0.69522314
42 42 0.43700554
44 45 0.00348688
44 46 0.00292085
44 44 0.68489924
92 90 0.00468077
92 98 0.02361671
92 99 0.05729964
92 92 0.70035592
16 18 0.00920045
16 16 0.51007522
16 17 0.00086091
145 144 0.19948552
145 145 0.39552340
145 140 0.00191140
145 143 0.00260791
145 142 0.16266185
145 146 0.00078666
145 147 0.00291444
145 141 0.00353081
95 101 0.01946666
95 102 0.05041694
95 95 0.62686497
95 93 0.00056247
95 92 0.00298214
11 13 0.02810512
11 12 0.00125244
11 11 0.38872766
149 151 0.03194124
149 150 0.01236964
149 149 0.26104679
149 148 0.27963033
149 146 0.13368066
149 147 0.00683696
149 144 0.00099223
149 145 0.00220769
148 145 0.14216587
148 144 0.00218145
148 143 0.00126432
148 150 0.03998094
148 148 0.28796862
148 149 0.00664770
148 146 0.00333183
148 147 0.24929988
75 81 0.03639542
75 75 0.58204694
81 87 0.03824030
81 85 0.00391854
81 88 0.03281568
81 86 0.00055793
81 81 0.63860078
137 133 0.01509686
137 142 0.00098928
137 138 0.00339139
137 137 0.47292118
137 135 0.00977603
137 136 0.00351192
137 139 0.05500987
137 134 0.13013677
137 140 0.00124668
137 132 0.00285641
93 99 0.04594680
93 91 0.00437644
93 93 0.67000200
93 100 0.10717815
4 3 0.00639871
4 6 0.06217662
4 4 0.74295426
4 5 0.00341558
4 7 0.00089394
87 94 0.03048522
87 87 0.51786149
87 93 0.03047455
87 88 0.00671974
127 130 0.00780523
127 126 0.02344732
127 124 0.09636637
127 125 0.00918345
127 131 0.00060258
127 128 0.00424300
127 123 0.00828155
127 127 0.47884998
37 37 0.59555202
58 59 0.06645632
58 63 0.00468448
58 60 0.00212619
58 61 0.03289923
58 58 0.51080970
82 86 0.00749077
82 88 0.07030608
82 82 0.49650714
82 87 0.00075667
82 89 0.07189328
35 37 0.00335606
35 35 0.48378653
102 109 0.03245915
102 99 0.00404601
102 101 0.00202493
102 108 0.02379637
102 102 0.71935144
46 47 0.01034703
46 49 0.01199270
46 46 0.52816055
46 48 0.00227813
46 45 0.00263870
63 68 0.02252295
63 67 0.00051951
63 69 0.00387795
63 66 0.00266161
63 63 0.68038887
63 64 0.00138792
43 44 0.00058128
43 43 0.48766734
6 8 0.05915266
6 6 0.57969996
6 5 0.00158157
6 7 0.05286222
70 73 0.00624654
70 70 0.70158134
70 74 0.00511028
70 75 0.01438594
70 76 0.00727610
47 48 0.00341162
47 46 0.00393971
47 50 0.02499228
47 47 0.54553598
47 52 0.00069492
47 49 0.12968926
72 72 0.72676824
72 78 0.15061117
72 77 0.00363658
72 75 0.00061639
72 76 0.01123842
50 51 0.04194024
50 53 0.00727912
50 55 0.00256195
50 50 0.43141549
50 52 0.01922610
50 49 0.00989379
83 84 0.00205635
83 89 0.04474880
83 87 0.00488926
83 83 0.68099277
83 90 0.04830156
12 14 0.05371220
12 13 0.00292097
12 12 0.74768496
151 150 0.39679238
151 151 0.18147089
151 149 0.00313793
151 148 0.03335789
151 152 0.00824757
146 143 0.15099799
146 144 0.00274681
146 145 0.11880196
146 148 0.10577179
146 149 0.00055443
146 141 0.00186100
146 146 0.34441610
146 142 0.00328141
146 147 0.00395537
71 75 0.00464835
71 76 0.00134929
71 71 0.57126087
71 77 0.06053220
74 80 0.00269988
74 74 0.50180641
10 12 0.03287986
10 11 0.00236647
10 10 0.50600926
