127 131 0.00084752
127 130 0.00058011
127 126 0.15992666
127 127 0.46516657
4 3 0.00226578
4 6 0.00547614
4 4 0.74301556
4 2 0.00082438
4 5 0.00123125
87 88 0.00095641
87 91 0.00050628
87 87 0.68284419
87 94 0.04636316
87 93 0.04587326
93 100 0.10607496
93 93 0.80001358
93 99 0.04640462
137 142 0.00173918
137 136 0.02960639
137 139 0.10131243
137 140 0.00414663
137 137 0.62306723
137 138 0.00541458
81 87 0.04662106
81 81 0.66897932
81 86 0.00287649
81 88 0.05795842
81 85 0.00496366
81 82 0.00066664
75 75 0.60419653
75 79 0.00055420
75 81 0.07254132
11 13 0.00200915
11 11 0.67770670
11 10 0.00200797
95 102 0.10892233
95 95 0.71602528
95 101 0.04386023
149 147 0.00150438
149 150 0.01528789
149 151 0.02546780
149 149 0.46281787
149 148 0.01221029
149 152 0.04457134
148 146 0.00103799
148 147 0.01351368
148 149 0.00552628
148 148 0.39184845
148 152 0.00083310
148 151 0.05974979
148 150 0.02845359
145 143 0.00087913
145 144 0.01245581
145 145 0.51561712
145 148 0.00300913
145 147 0.00272594
145 146 0.00434092
10 12 0.00843159
10 9 0.04002522
10 10 0.27622888
74 80 0.00623937
74 74 0.60409037
71 77 0.08712738
71 71 0.61504779
71 76 0.00157016
71 75 0.00686297
146 144 0.00107036
146 145 0.00909219
146 148 0.04104656
146 149 0.06282465
146 150 0.00060309
146 147 0.00883304
146 146 0.72100003
151 153 0.01245928
151 149 0.00091790
151 152 0.01393033
151 148 0.00120277
151 151 0.52424153
151 150 0.01393411
12 11 0.00172151
12 14 0.01074108
12 12 0.85098469
83 82 0.00051023
83 83 0.69846690
83 90 0.06892215
83 88 0.00335076
83 84 0.00150228
83 89 0.06666516
83 87 0.00479057
72 76 0.01088187
72 75 0.00059710
72 77 0.00301775
72 78 0.14141875
72 72 0.82885570
50 51 0.01631083
50 53 0.01164467
50 55 0.00403942
50 50 0.42997763
50 52 0.02746220
50 54 0.00171811
47 50 0.01800177
47 49 0.10466104
47 47 0.76946971
47 48 0.00777924
47 46 0.03159981
47 51 0.00073271
70 74 0.00198563
70 76 0.00685864
70 75 0.01390300
70 70 0.70954551
70 73 0.00594930
6 5 0.01541108
6 8 0.01288344
6 6 0.40702835
6 4 0.00184055
43 43 0.57971048
43 42 0.00137931
102 109 0.06709858
102 102 0.64412106
102 108 0.05122140
46 46 0.56823230
46 45 0.01443806
46 48 0.00278455
46 49 0.01429080
46 47 0.00326338
63 62 0.00479440
63 68 0.02290271
63 67 0.00061327
63 66 0.00270719
63 69 0.00395532
63 63 0.80547667
35 35 0.31535003
35 37 0.00451185
82 89 0.06678815
82 87 0.00292608
82 83 0.00103469
82 82 0.82127054
82 86 0.00714369
82 88 0.06835179
58 63 0.01541824
58 59 0.00292241
58 60 0.04122488
58 58 0.64583825
58 61 0.07301870
58 62 0.00133598
37 37 0.54651357
8 7 0.01992308
8 6 0.00373532
8 8 0.80208539
8 10 0.00840474
97 104 0.10015100
97 103 0.03286650
97 97 0.63161915
119 119 0.82645302
119 124 0.00069043
119 126 0.00392481
119 125 0.09873965
114 119 0.01073052
114 120 0.00068730
114 114 0.67046960
13 13 0.78858838
13 12 0.03626589
13 15 0.00841874
140 140 0.52542500
140 139 0.00804069
140 143 0.00215851
140 142 0.01711411
1 3 0.00181834
1 1 0.99167313
1 2 0.00186052
134 133 0.09330462
134 138 0.00083361
134 137 0.00512661
134 135 0.01066589
134 134 0.52339492
134 139 0.01342310
134 136 0.02197514
99 106 0.07457475
99 105 0.05378270
99 99 0.69415044
91 92 0.00054939
91 97 0.04633984
91 90 0.00050604
91 91 0.65127732
91 98 0.08830866
128 131 0.00065129
128 128 0.37844169
128 127 0.00773009
120 126 0.02907272
120 125 0.02697689
120 127 0.00147707
120 120 0.82436849
69 74 0.00075223
69 69 0.62380800
69 75 0.12688630
34 36 0.00628309
34 34 0.64304933
15 15 0.59945595
15 17 0.00314860
15 14 0.04212784
41 41 0.76731103
41 44 0.01149285
124 123 0.04203199
124 127 0.02198409
124 129 0.00075670
124 124 0.67672205
124 128 0.08964361
138 138 0.68121293
138 137 0.01925389
138 139 0.00224508
138 140 0.11026213
138 141 0.00295395
62 66 0.01445470
62 64 0.00071150
62 67 0.02072450
62 65 0.09382063
62 68 0.00139384
62 62 0.75787426
62 61 0.00533080
86 92 0.06989725
86 93 0.04729327
86 87 0.00520383
86 91 0.00070096
86 90 0.00067339
86 86 0.72577648
107 113 0.08662650
107 107 0.60220829
107 114 0.05646414
30 30 0.84874489
30 32 0.00386059
30 31 0.00123851
44 46 0.00751085
44 45 0.00482318
44 43 0.01370416
44 44 0.72471734
44 47 0.00072362
16 15 0.00056479
16 16 0.36125219
16 18 0.00354869
92 92 0.72416849
92 98 0.04433908
92 99 0.10534270
42 42 0.44352996
42 45 0.00050852
42 41 0.00072181
96 102 0.03930209
96 103 0.11537337
96 96 0.67708838
55 53 0.00613308
55 60 0.00758108
55 59 0.00458131
55 57 0.03609882
55 56 0.01979584
55 54 0.01290740
55 58 0.01724496
55 55 0.80287458
132 136 0.00129193
132 131 0.13685920
132 134 0.00847210
132 132 0.39500251
132 137 0.01601769
132 135 0.00674056
104 110 0.07876627
104 111 0.06270963
104 104 0.51718445
139 139 0.65508694
139 140 0.00085238
139 138 0.00883829
139 141 0.10545065
139 142 0.00751919
123 126 0.01915657
123 128 0.02847724
123 123 0.78473432
123 127 0.08479115
123 122 0.02881578
112 118 0.06749309
112 112 0.44405289
112 111 0.00204804
112 117 0.00063927
112 119 0.04312089
112 113 0.00081814
117 117 0.48148431
117 123 0.00151579
129 129 0.66277938
129 134 0.01670573
129 128 0.00808405
38 38 0.61741997
38 41 0.00129500
38 40 0.00606262
126 130 0.00150201
126 126 0.46621998
126 125 0.01468000
56 55 0.00852770
56 58 0.04919042
56 61 0.00822385
56 56 0.66447459
56 54 0.00296782
56 57 0.01500644
56 59 0.04175277
56 60 0.00422566
65 70 0.02245082
65 65 0.76104384
65 68 0.02865301
65 64 0.00207094
65 71 0.05882179
65 69 0.01427981
33 34 0.00055092
33 35 0.00072501
33 33 0.78568917
9 8 0.00488563
9 11 0.00367441
9 9 0.52936395
78 84 0.07997945
78 83 0.00144981
78 82 0.01124871
78 85 0.03929065
78 78 0.74660281
98 105 0.04811816
98 98 0.78486390
98 104 0.01892497
122 128 0.00967573
122 121 0.01559235
122 126 0.07465891
122 125 0.00869287
122 127 0.03583487
122 122 0.79805259
110 117 0.05382792
110 110 0.53629034
110 116 0.06888368
110 109 0.00081365
94 100 0.04812926
94 94 0.82021927
94 101 0.10436622
133 134 0.01010247
133 136 0.00594296
133 132 0.10128445
133 138 0.01454400
133 137 0.00099620
133 135 0.07938185
133 133 0.41257167
68 74 0.01881068
68 71 0.00854469
68 68 0.54092605
68 73 0.01456328
105 111 0.08108697
105 112 0.05762811
105 105 0.64117908
22 24 0.00426710
22 22 0.80437992
53 56 0.01008227
53 54 0.00239840
53 55 0.00901571
53 58 0.00914152
53 52 0.02382304
53 53 0.71781477
53 57 0.00578885
19 19 0.85040939
19 18 0.00082931
19 21 0.00501303
59 64 0.01861705
59 60 0.00130369
59 59 0.68208165
59 63 0.00210276
59 61 0.00984579
59 62 0.10482793
59 58 0.00421712
111 111 0.53544452
111 117 0.01163281
111 118 0.05504635
111 110 0.00139127
153 150 0.00141456
153 153 0.80070265
153 152 0.01361179
20 22 0.00651638
20 20 0.65001467
2 2 0.98267839
2 1 0.00267891
2 3 0.00300688
2 4 0.00356199
144 143 0.01697969
144 145 0.00383465
144 144 0.78876367
144 147 0.05885837
144 146 0.05444531
144 142 0.00074900
36 36 0.52271049
5 4 0.01402179
5 3 0.00175133
5 7 0.00781231
5 5 0.93268165
49 50 0.01383253
49 52 0.01094025
49 49 0.38242679
49 47 0.00218719
49 54 0.00387319
49 51 0.03527844
49 48 0.04937491
49 53 0.00094683
3 2 0.00382676
3 5 0.00704803
3 4 0.00131016
3 3 0.73610411
18 17 0.01330974
18 18 0.72002631
18 20 0.00129957
118 118 0.48901059
118 125 0.01776667
24 26 0.00358810
24 24 0.54078231
21 23 0.00398857
21 21 0.75451033
23 23 0.50131090
23 25 0.00562772
79 86 0.06243410
79 80 0.00056161
79 83 0.00067926
79 85 0.05127277
79 79 0.82120724
79 84 0.00229379
51 53 0.06971986
51 51 0.59669955
51 54 0.01351458
51 56 0.00179096
51 52 0.01172591
51 55 0.00119718
152 150 0.00063434
152 151 0.01404419
152 152 0.53334174
152 149 0.00159295
152 153 0.01004966
52 54 0.04336073
52 56 0.00074851
52 52 0.66241595
52 55 0.02432111
52 53 0.00815379
52 57 0.00096610
52 51 0.00239983
73 73 0.69641353
73 79 0.07646016
73 77 0.00055888
88 89 0.00169746
88 94 0.01711989
88 95 0.05436216
88 88 0.69140634
143 145 0.00492856
143 144 0.00101369
143 143 0.67473882
143 146 0.00168943
143 142 0.00981055
147 145 0.00097721
147 146 0.01655929
147 147 0.54797015
147 148 0.00976898
147 149 0.00549254
147 150 0.00952103
147 151 0.00086842
26 26 0.31454019
26 28 0.00717679
25 25 0.57684205
25 27 0.00293741
103 109 0.07860310
103 103 0.62357131
103 110 0.04310359
48 51 0.00431705
48 53 0.00215768
48 48 0.57365501
48 49 0.02127526
48 52 0.00052889
48 47 0.03864812
48 50 0.08215441
31 33 0.00383800
31 32 0.00113003
31 31 0.83622681
77 84 0.00367712
77 77 0.70870919
77 83 0.07296208
77 81 0.00645780
89 89 0.67449668
89 95 0.07582845
89 96 0.07684833
89 88 0.00051191
89 90 0.00613076
57 57 0.61516908
57 59 0.05222237
57 60 0.05546694
57 61 0.00142024
57 62 0.01284443
57 58 0.01181986
57 56 0.01082786
85 92 0.07402401
85 89 0.00099929
85 91 0.04522065
85 90 0.00171978
85 86 0.00480082
85 85 0.74751120
67 67 0.59037163
67 72 0.00985668
67 73 0.00664196
67 70 0.01767198
90 91 0.00334140
90 90 0.65574695
90 96 0.00362923
90 89 0.00065371
90 97 0.08364262
108 115 0.05186413
108 114 0.08730041
108 108 0.59475059
84 88 0.00140818
84 90 0.06529164
84 91 0.07178953
84 85 0.00439969
84 84 0.71811937
84 89 0.00335538
142 141 0.00920769
142 142 0.65116137
142 145 0.02364445
142 144 0.05517574
142 143 0.00239294
142 140 0.00051016
64 64 0.79206240
64 63 0.00605766
64 69 0.02972223
64 70 0.01817682
64 67 0.04339031
64 68 0.00435550
150 147 0.00070030
150 152 0.02328931
150 149 0.01738736
150 153 0.02508137
150 148 0.00156262
150 150 0.66838091
150 151 0.01808791
141 143 0.01599773
141 140 0.00707330
141 144 0.00180772
141 141 0.58937499
141 142 0.00079786
100 107 0.01418048
100 100 0.70518843
100 106 0.05638548
109 116 0.05327785
109 115 0.00889214
109 109 0.62785429
54 59 0.00751120
54 53 0.01613166
54 57 0.00164650
54 56 0.00743001
54 54 0.68399762
54 55 0.00458131
54 58 0.00463996
80 85 0.00238663
80 86 0.06874113
80 80 0.63179301
80 81 0.00059738
80 84 0.00084736
80 87 0.03393358
61 60 0.00502851
61 66 0.00402857
61 64 0.06089702
61 67 0.00122089
61 65 0.00136004
61 61 0.65348294
45 47 0.04588295
45 46 0.00775336
45 48 0.00633123
45 45 0.74476216
45 44 0.01487998
60 63 0.11202628
60 60 0.73906463
60 64 0.00335410
60 65 0.00569538
60 62 0.00238870
76 76 0.82875125
76 82 0.06946276
76 80 0.00542056
106 106 0.52107958
106 112 0.08619751
106 113 0.05695794
130 129 0.04325059
130 134 0.01020337
130 130 0.66290103
130 135 0.01636523
115 122 0.00067261
115 115 0.38591185
32 32 0.78821786
32 33 0.00113560
32 34 0.00187808
7 5 0.00205056
7 7 0.36038865
7 6 0.02255150
131 135 0.00278696
131 130 0.00852958
131 136 0.01628064
131 134 0.01628186
131 131 0.43892697
66 65 0.00123472
66 72 0.02034080
66 70 0.00479803
66 66 0.78101458
66 69 0.03999221
66 71 0.02586085
116 116 0.62589278
116 122 0.00088196
116 123 0.00056986
14 14 0.71663377
14 16 0.00198984
14 13 0.04205045
28 28 0.82037684
29 29 0.87823383
29 31 0.00282337
29 30 0.00105908
17 19 0.00303926
17 17 0.72156120
17 16 0.00073533
125 128 0.03662825
125 125 0.37658452
125 124 0.10322298
135 135 0.50100852
135 137 0.09932915
135 138 0.00534865
135 140 0.00473206
135 134 0.09846899
135 136 0.00786505
135 139 0.00073075
121 120 0.00239312
121 127 0.02054436
121 125 0.01242205
121 126 0.03779278
121 121 0.81112332
27 27 0.56436061
27 29 0.00716496
39 42 0.00563246
39 39 0.52022882
39 41 0.00079228
101 107 0.04983428
101 101 0.70357694
101 108 0.04272421
113 118 0.00235700
113 119 0.09502341
113 114 0.00059392
113 113 0.70595843
136 141 0.00318088
136 138 0.10023897
136 137 0.00865275
136 135 0.08904478
136 136 0.52039378
136 139 0.00508237
40 40 0.49489125
40 43 0.00503170
