139 149 139 149 0.01875260
6 141 6 141 0.00733610
2 145 2 145 0.07985230
2 148 2 148 0.01107450
66 70 66 70 0.16666900
58 77 58 77 0.37999600
11 137 9 137 0.00087424
11 136 12 136 0.00100321
11 136 10 136 0.00147820
62 73 62 73 0.54155000
5 136 5 136 0.90106900
144 156 144 156 0.31443100
143 157 143 157 0.28919100
61 74 61 74 0.87062800
63 72 63 72 0.98246500
76 83 76 83 0.02985670
77 82 77 82 0.05156240
4 137 4 137 0.70409000
4 143 4 143 0.13450600
145 152 145 152 0.02893140
67 71 66 71 0.00060805
3 138 3 138 0.13566600
3 144 3 144 0.10700600
140 148 140 148 0.01506490
60 75 60 75 0.87063400
148 159 148 159 0.02798680
148 152 148 152 0.07589680
148 153 148 153 0.25017000
149 158 149 158 0.04399150
147 160 147 160 0.03700780
1 148 1 148 0.01088570
142 158 142 158 0.28488800
59 76 59 76 0.41442500
141 159 141 159 0.27643700
141 147 141 147 0.03278590
