95 98 0.01733122
95 95 0.43408502
95 100 0.00078266
95 96 0.09005496
95 94 0.00087770
95 97 0.00105189
134 140 0.00608248
134 138 0.00334982
134 137 0.05513921
134 136 0.05769907
134 133 0.00542166
134 139 0.00316280
134 141 0.00530292
134 134 0.30481332
134 142 0.00249132
134 135 0.01916824
79 81 0.00050309
79 80 0.00098183
79 79 0.93105543
24 24 0.61740551
15 15 0.39076673
28 29 0.00439144
28 28 0.35362602
153 154 0.00142478
153 152 0.01143746
153 153 0.69541654
93 96 0.02470202
93 93 0.42185624
93 95 0.01450109
93 92 0.00086625
93 97 0.00067656
93 94 0.12777785
126 131 0.00073119
126 128 0.00239261
126 134 0.00076892
126 130 0.01410083
126 126 0.55428615
126 129 0.11701204
126 127 0.01437054
126 132 0.00287831
59 59 0.73333670
88 87 0.00357500
88 88 0.73014476
88 89 0.12481501
88 90 0.00962471
88 91 0.01208371
86 89 0.00786891
86 88 0.01045511
86 86 0.70641219
86 87 0.09712486
86 90 0.00050352
86 85 0.00403488
42 42 0.36359295
101 101 0.50623835
101 102 0.03078154
101 103 0.00068022
143 144 0.01460052
143 146 0.01428466
143 148 0.00070099
143 143 0.59752361
143 145 0.02801072
143 142 0.02401824
130 130 0.41742526
130 134 0.00853777
130 131 0.01644038
130 135 0.02442843
130 132 0.01159047
130 138 0.00827337
130 129 0.00121388
130 136 0.00887120
130 137 0.00442580
130 133 0.12600339
33 33 0.87633367
33 34 0.03215548
33 35 0.00064501
131 139 0.00731503
131 130 0.00056209
131 134 0.10180875
131 131 0.39121598
131 135 0.00584854
131 138 0.00525355
131 132 0.01626084
131 136 0.01172366
131 137 0.00896840
131 133 0.01529874
104 106 0.00238809
104 104 0.50323383
103 104 0.00088222
103 106 0.00604424
103 103 0.65619572
103 108 0.00068485
46 46 0.34250422
55 55 0.62129468
142 144 0.05665610
142 142 0.49597588
142 147 0.00150003
142 145 0.00928973
142 143 0.01878370
142 141 0.02458309
140 145 0.00118384
140 142 0.05523948
140 141 0.02144530
140 143 0.02541091
140 139 0.01073195
140 144 0.00051647
140 140 0.51304532
121 126 0.00485900
121 121 0.44413206
121 124 0.00122508
121 125 0.02702021
26 26 0.26729002
67 67 0.89276324
67 65 0.00112660
151 151 0.56937582
151 153 0.01164139
151 152 0.01143181
151 150 0.01199422
151 154 0.00050849
69 69 0.43447343
69 67 0.00099856
69 68 0.00093964
20 20 0.92300520
20 21 0.00073806
43 43 0.79355182
38 38 0.23034692
78 78 0.74055402
76 76 0.64747557
144 144 0.42839262
144 146 0.05781454
144 143 0.00934363
144 147 0.01109389
144 145 0.01131760
63 61 0.00174129
63 62 0.00054947
63 63 0.85791577
31 31 0.42606260
31 32 0.01399739
132 133 0.01989358
132 138 0.00755786
132 132 0.60631433
132 140 0.00571309
132 137 0.00783985
132 136 0.00558630
132 131 0.00099461
132 135 0.08159016
132 139 0.00509726
132 134 0.03619398
57 57 0.44925151
97 97 0.40223392
97 99 0.00612769
97 100 0.03163827
97 98 0.13986567
48 48 0.95704639
100 103 0.01194322
100 102 0.00077772
100 101 0.09586090
100 100 0.58105373
2 2 0.11076929
44 44 0.77727766
147 147 0.86487143
147 149 0.05610632
147 146 0.00999433
147 150 0.00679726
147 148 0.01201648
45 45 0.36775160
108 108 0.48599294
108 112 0.00087180
108 111 0.00670433
108 110 0.00185577
108 109 0.04236993
49 49 0.92610493
13 13 0.32800471
116 120 0.00311149
116 121 0.01840139
116 116 0.56666495
116 118 0.00410198
116 117 0.00416864
116 119 0.01657185
74 74 0.57785521
10 11 0.00157718
10 10 0.60830194
56 56 0.44261063
117 117 0.52237063
117 119 0.00163359
117 118 0.00132269
117 121 0.00500800
117 120 0.00062568
145 147 0.06079532
145 145 0.63422851
145 144 0.00933735
145 146 0.01141864
145 148 0.01050618
136 135 0.01480555
136 142 0.00586969
136 141 0.00372468
136 139 0.04647737
136 143 0.00351927
136 137 0.02606969
136 136 0.63821711
136 140 0.00207066
136 138 0.08269014
99 102 0.00125139
99 99 0.40865032
99 100 0.02750027
47 47 0.95059567
154 153 0.01297615
154 154 0.83832516
85 85 0.74550946
85 88 0.00247472
85 86 0.04332660
85 87 0.01135729
85 84 0.00273797
41 41 0.47718552
83 85 0.00691413
83 82 0.00089645
83 83 0.76051966
83 84 0.00930361
21 22 0.00576290
21 21 0.75462459
75 75 0.70561779
54 54 0.91623140
146 149 0.00959627
146 146 0.72063857
146 148 0.05836462
146 145 0.00966197
146 147 0.01132065
90 93 0.00568263
90 91 0.04581349
90 92 0.00980985
90 89 0.00126792
90 90 0.47082129
123 128 0.03928111
123 125 0.01043164
123 126 0.04691374
123 123 0.54775792
123 127 0.08413742
123 124 0.00590784
150 150 0.60531215
150 152 0.01369197
150 149 0.01142125
150 153 0.00137956
150 151 0.01388474
80 82 0.00115602
80 80 0.88574430
80 81 0.00532881
12 12 0.37008530
135 135 0.37601267
135 139 0.00102731
135 141 0.00054074
135 134 0.00177965
135 138 0.04623307
135 136 0.01404032
135 137 0.07149362
50 50 0.87337079
52 52 0.24009795
137 142 0.00195232
137 141 0.00179253
137 143 0.00303242
137 139 0.07803373
137 137 0.52025622
137 136 0.01882564
137 144 0.00217450
137 138 0.02936322
137 140 0.04327752
6 6 0.54597663
133 134 0.02237846
133 141 0.00406570
133 139 0.00675224
133 135 0.05464022
133 137 0.00505827
133 136 0.07659141
133 140 0.00572176
133 138 0.00512846
133 132 0.00333933
133 133 0.66413375
114 115 0.01047363
114 119 0.00213561
114 117 0.00140902
114 116 0.00073466
114 118 0.00286722
114 114 0.64023783
84 84 0.76495749
84 86 0.01010682
84 85 0.00640988
84 83 0.00233075
5 5 0.82432149
5 6 0.00102774
17 17 0.65918617
73 73 0.57433604
8 8 0.57784752
8 9 0.00658112
27 28 0.00211882
27 27 0.31954944
9 9 0.44330394
9 10 0.00061021
149 150 0.01437932
149 148 0.01042896
149 149 0.39237096
149 152 0.00208170
149 151 0.02704410
7 7 0.81626816
4 4 0.34387037
110 112 0.03775162
110 113 0.00448514
110 111 0.12288128
110 110 0.58697711
110 114 0.00165352
62 62 0.82340725
62 60 0.00168515
19 19 0.91335645
66 66 0.87126476
66 64 0.00116539
81 83 0.00120301
81 81 0.78590095
81 82 0.00669921
128 134 0.00703555
128 130 0.00329541
128 131 0.13650148
128 135 0.00196973
128 128 0.45109303
128 136 0.00684381
128 129 0.01546867
128 132 0.01398463
128 133 0.05596119
124 126 0.00686574
124 129 0.04121997
124 127 0.06988227
124 124 0.59150833
124 128 0.05696549
124 125 0.00673646
40 40 0.43369548
51 51 0.28215315
65 63 0.00132572
65 65 0.75415886
109 113 0.00108126
109 112 0.00221681
109 110 0.02398329
109 111 0.00554400
109 109 0.47747077
30 31 0.01253622
30 30 0.56488155
113 113 0.66633707
113 112 0.00098295
113 115 0.00133567
113 117 0.00119640
113 118 0.00378039
113 116 0.00188973
113 114 0.11247994
60 58 0.00076343
60 60 0.74309885
152 152 0.33915282
152 154 0.00253358
152 151 0.00551471
152 153 0.00156994
148 147 0.01031014
148 151 0.00431067
148 148 0.70742202
148 150 0.04140752
148 149 0.01238320
18 18 0.94345611
89 89 0.57519303
89 88 0.00239999
89 90 0.10831013
89 91 0.00338809
89 92 0.01101918
122 125 0.01357720
122 127 0.04738136
122 124 0.01073294
122 122 0.47780426
122 126 0.08544284
37 37 0.30714405
87 91 0.00059992
87 89 0.01274898
87 87 0.61147434
87 86 0.00486457
87 88 0.12273916
87 90 0.01090614
141 140 0.02305611
141 146 0.00236878
141 144 0.01952770
141 143 0.06048344
141 141 0.61318698
141 142 0.01947000
25 25 0.30623042
25 26 0.01892807
112 115 0.00141497
112 111 0.00072422
112 113 0.20680982
112 112 0.65167039
112 114 0.03869950
112 116 0.01205974
61 59 0.00061663
61 61 0.88653441
32 33 0.06463048
32 32 0.66173426
107 108 0.08987696
107 107 0.20232863
107 109 0.00462528
107 110 0.00219296
71 70 0.00056048
71 71 0.81689296
35 35 0.68696626
35 36 0.00583768
39 39 0.45074996
3 3 0.26416694
68 68 0.87135199
68 66 0.00111438
70 69 0.00084765
70 68 0.00086486
70 70 0.56717822
1 1 0.37059824
98 99 0.10895887
98 98 0.38761042
98 101 0.01453074
98 100 0.00308911
29 30 0.01457260
29 29 0.55570653
58 58 0.71927187
120 125 0.00106589
120 120 0.54665880
11 11 0.59230485
105 107 0.00114005
105 106 0.11246680
105 108 0.01316209
105 105 0.49783826
115 117 0.01399760
115 119 0.06030764
115 115 0.48690719
115 116 0.00085698
115 118 0.01061070
115 120 0.01709419
119 119 0.25146501
119 123 0.00079382
119 122 0.00105089
119 124 0.04111721
119 120 0.00135037
139 140 0.02287397
139 138 0.01670615
139 144 0.00211504
139 139 0.58614407
139 143 0.00154011
139 141 0.06273634
139 142 0.02816911
64 62 0.00141269
64 64 0.84456237
34 34 0.58427258
34 35 0.00621510
16 16 0.45450788
53 53 0.57037840
94 93 0.00134568
94 96 0.00876931
94 95 0.12647484
94 97 0.03243165
94 94 0.61997509
125 128 0.08720717
125 130 0.00231205
125 125 0.58789121
125 126 0.01076742
125 127 0.00295351
125 129 0.01930203
111 111 0.53798232
111 115 0.00161969
111 113 0.03771478
111 112 0.22436370
111 114 0.00220072
92 92 0.51631377
92 95 0.01902069
92 93 0.12847318
92 96 0.00071460
92 91 0.00083756
92 94 0.01752006
14 14 0.26764322
106 108 0.01055450
106 106 0.55816574
106 107 0.05998128
106 109 0.00402041
129 135 0.00875775
129 131 0.00475151
129 134 0.03547807
129 130 0.01647785
129 133 0.01545150
129 136 0.00337121
129 137 0.00858259
129 129 0.30798018
129 132 0.13582589
22 23 0.00765286
22 22 0.90174748
138 141 0.03224734
138 139 0.01624460
138 142 0.00080092
138 137 0.00245566
138 140 0.06311075
138 138 0.52448997
118 119 0.00202655
118 122 0.00113400
118 120 0.00335933
118 118 0.52427456
118 121 0.02097760
77 77 0.78406890
72 72 0.63317392
82 82 0.80278935
82 81 0.00070910
82 83 0.00777751
82 84 0.00192698
96 99 0.01701375
96 97 0.12756698
96 98 0.00061942
96 96 0.41862026
91 93 0.01874479
91 91 0.67828409
91 92 0.10988869
91 95 0.00075222
91 94 0.01418620
91 90 0.00087593
36 37 0.00066709
36 36 0.37079365
127 128 0.01469753
127 131 0.00845492
127 135 0.00152422
127 130 0.12188341
127 133 0.00384973
127 132 0.00944928
127 127 0.49362854
127 129 0.00219071
102 105 0.00054506
102 102 0.50406831
102 103 0.04161840
23 24 0.00563658
23 23 0.72567140
