103 104 0.01647543
103 107 0.04669733
103 101 0.06475019
103 100 0.00529954
103 102 0.00131578
103 103 0.75558083
131 131 0.69391066
131 135 0.00172849
131 128 0.00295684
131 134 0.00337310
131 130 0.01007531
131 133 0.04219979
131 129 0.01501339
131 132 0.03077310
104 102 0.00493125
104 105 0.03177583
104 108 0.01167041
104 104 0.63526266
42 42 0.35766439
33 33 0.97435326
33 34 0.00572052
101 106 0.00140068
101 104 0.00087195
101 100 0.00404595
101 101 0.49849726
101 105 0.05305634
101 102 0.00444034
101 97 0.00068847
101 99 0.03597028
101 103 0.00063993
143 142 0.00573227
143 145 0.01465922
143 143 0.62069729
143 141 0.00083974
143 144 0.00544453
130 133 0.00355805
130 132 0.02290941
130 136 0.00068745
130 127 0.00408639
130 129 0.01229218
130 128 0.02226983
130 131 0.02289002
130 135 0.00096675
130 130 0.69872141
130 134 0.00335756
126 132 0.00222542
126 124 0.05536728
126 129 0.00347762
126 127 0.03244599
126 133 0.00255098
126 123 0.00775564
126 126 0.64684633
126 130 0.02484123
126 125 0.01304193
126 128 0.00518665
126 131 0.00396627
59 60 0.00077782
59 59 0.42332882
86 85 0.00741663
86 80 0.00861192
86 82 0.00989760
86 79 0.00251582
86 83 0.00324178
86 81 0.05915782
86 90 0.00338356
86 87 0.06437644
86 88 0.00153103
86 86 0.67045538
86 89 0.00050099
86 84 0.00256866
88 90 0.00172061
88 87 0.00733793
88 88 0.68459624
88 86 0.00402437
88 84 0.01003678
88 89 0.08451112
88 85 0.00385694
88 92 0.00405628
88 82 0.01914576
88 83 0.02131753
88 91 0.00080307
88 81 0.00146790
15 15 0.28271160
28 28 0.37198183
153 152 0.00923382
153 154 0.00137315
153 153 0.36200596
93 89 0.00172356
93 87 0.00790055
93 97 0.01213010
93 86 0.00104327
93 88 0.00736077
93 94 0.08568365
93 90 0.00565454
93 96 0.00398998
93 91 0.01555150
93 93 0.63899816
93 95 0.00285820
93 92 0.00284256
95 95 0.54929372
95 98 0.00057640
95 96 0.08137147
95 94 0.00182933
95 97 0.00058849
95 99 0.00073147
134 132 0.00615494
134 136 0.04997103
134 133 0.00883281
134 134 0.60869684
134 135 0.01130537
134 131 0.00120114
79 75 0.00101574
79 76 0.00054513
79 79 0.81825867
79 80 0.00071609
79 74 0.01399885
79 77 0.00130603
24 24 0.54710957
57 58 0.00053751
57 57 0.34409358
97 98 0.02071017
97 101 0.00131453
97 97 0.63118567
48 48 0.82076014
144 143 0.00305108
144 145 0.04942363
144 146 0.00192988
144 144 0.43403337
63 62 0.00055590
63 61 0.00115552
63 63 0.84801086
31 31 0.34437588
31 32 0.00313258
132 131 0.01058760
132 135 0.00415497
132 134 0.00818362
132 130 0.01242560
132 133 0.04379032
132 129 0.00217484
132 132 0.67445053
20 20 0.93040975
43 43 0.70264826
38 38 0.17623944
76 76 0.56566131
78 78 0.45010093
78 76 0.00102233
78 73 0.00716132
67 67 0.85574822
67 65 0.00095580
151 151 0.47210225
151 152 0.05153274
151 150 0.00762400
69 68 0.00107018
69 67 0.00112268
69 69 0.49661950
69 65 0.00067889
26 26 0.19315703
121 119 0.00065191
121 122 0.00313309
121 123 0.00564777
121 121 0.67328146
121 120 0.00056176
121 124 0.00060717
140 142 0.00408101
140 141 0.01243513
140 139 0.01202361
140 138 0.00336259
140 140 0.36907558
142 144 0.00178819
142 142 0.42279017
142 143 0.01946018
46 46 0.39026842
55 55 0.63779940
47 47 0.89435447
99 103 0.00058824
99 99 0.54061430
99 97 0.00068537
99 100 0.05160693
154 153 0.00172578
154 154 0.80657173
136 138 0.04496799
136 137 0.04791125
136 136 0.70786118
136 135 0.00564619
136 139 0.00295421
136 134 0.00431550
117 122 0.00533421
117 118 0.00340385
117 116 0.00648314
117 117 0.67219349
117 115 0.00051862
117 119 0.01790480
145 146 0.05431388
145 144 0.00669795
145 145 0.61471433
145 147 0.03299800
74 74 0.55594685
10 10 0.44490194
56 56 0.49064578
45 45 0.44208695
13 13 0.31499079
49 49 0.88115633
108 109 0.01163491
108 112 0.05201619
108 113 0.00376448
108 107 0.00240597
108 106 0.09347163
108 108 0.71415324
108 105 0.00624924
116 114 0.00214251
116 122 0.00205840
116 116 0.68607098
116 121 0.00804558
116 118 0.00656697
116 120 0.02812210
116 117 0.00246175
116 119 0.00054672
116 113 0.00194535
116 115 0.01147527
44 44 0.91023738
147 147 0.78387141
147 149 0.00237558
147 146 0.00669083
147 148 0.06522527
100 102 0.00054747
100 97 0.00213618
100 99 0.00106248
100 103 0.00153053
100 96 0.00063873
100 104 0.02211128
100 100 0.62278439
100 98 0.00163127
100 101 0.00817186
2 2 0.18114732
133 130 0.00155934
133 134 0.03961290
133 135 0.02086619
133 131 0.00952937
133 132 0.00981706
133 136 0.00399196
133 133 0.74951368
114 120 0.00142413
114 118 0.02755612
114 116 0.00206480
114 114 0.76338425
114 115 0.00640976
114 111 0.00528704
114 119 0.02568661
114 112 0.05189472
114 113 0.01954639
114 117 0.00058717
84 78 0.00387544
84 83 0.00340764
84 81 0.00188909
84 85 0.00550239
84 80 0.00884119
84 82 0.00087094
84 79 0.03633277
84 88 0.00097916
84 86 0.00087783
84 77 0.00079737
84 84 0.70975998
5 5 0.83140397
137 138 0.04015540
137 136 0.01555173
137 137 0.60378316
137 135 0.00102966
137 139 0.04717320
6 6 0.29395542
135 135 0.57549522
135 134 0.00504709
135 133 0.00614667
135 137 0.00418137
135 136 0.04045269
135 132 0.00084444
135 138 0.00170893
50 50 0.83079289
52 52 0.24428559
80 75 0.02126207
80 81 0.00129115
80 76 0.00109759
80 80 0.77554070
80 77 0.00102782
12 12 0.37451525
123 125 0.02933385
123 130 0.00192887
123 123 0.64547006
123 126 0.00155464
123 122 0.00212003
123 124 0.02791414
123 120 0.00499013
123 129 0.00099639
123 127 0.00129758
123 121 0.04314060
150 150 0.47486873
150 152 0.00116314
150 149 0.00666679
150 151 0.01602335
146 148 0.00290968
146 146 0.80578289
146 147 0.06666103
146 145 0.00739672
90 94 0.00765969
90 90 0.62238343
90 84 0.02175196
90 89 0.00871488
90 87 0.00559408
90 86 0.00845438
90 88 0.00923161
90 85 0.04002210
90 92 0.00387260
90 83 0.00758387
90 91 0.08657970
90 93 0.00091882
21 21 0.75088351
54 54 0.88080672
83 84 0.00571870
83 87 0.00052450
83 80 0.00172365
83 79 0.00727642
83 82 0.00244153
83 83 0.59567456
83 81 0.00064681
83 78 0.03672929
83 76 0.00050401
75 75 0.74346248
41 41 0.60846962
85 89 0.00144175
85 84 0.00358811
85 87 0.00113872
85 86 0.02664036
85 80 0.00261415
85 79 0.00074103
85 82 0.00258936
85 85 0.70403454
85 83 0.00147205
85 81 0.01025904
65 65 0.73444210
65 63 0.00101720
124 123 0.00895959
124 126 0.00540231
124 122 0.02657770
124 124 0.67981039
124 127 0.00280567
124 129 0.00094032
124 121 0.00306480
124 131 0.00226800
124 128 0.00068263
124 125 0.03367549
124 130 0.00543473
40 40 0.43636501
51 51 0.26663116
66 66 0.84712266
66 64 0.00096488
81 81 0.63294182
81 76 0.02856025
81 78 0.00085402
81 80 0.00071534
81 82 0.00185606
81 77 0.00115705
128 125 0.00768672
128 134 0.00408390
128 130 0.04245424
128 135 0.00111723
128 131 0.00487119
128 128 0.64622003
128 129 0.04399299
128 127 0.01067407
128 132 0.00514766
128 133 0.00151120
128 126 0.03744101
62 63 0.00069417
62 60 0.00113154
62 62 0.81015513
110 110 0.71241402
110 111 0.00693277
110 109 0.00072745
110 108 0.00574986
110 114 0.01084035
19 19 0.91380703
4 4 0.33538630
9 9 0.35171476
149 151 0.00097437
149 149 0.52245016
149 148 0.00662817
149 150 0.02268648
7 7 0.84702697
27 27 0.33310308
17 17 0.68949382
8 8 0.47623097
73 73 0.58534993
39 39 0.41264593
71 67 0.00060637
71 70 0.00122315
71 71 0.71481584
35 36 0.00063887
35 35 0.76650169
32 31 0.00116478
32 32 0.58680150
61 61 0.81977532
61 62 0.00075386
61 59 0.00064068
107 108 0.01268695
107 105 0.09777878
107 112 0.00096892
107 111 0.05429017
107 107 0.56991061
107 106 0.00258908
107 104 0.00656751
25 25 0.38581792
141 142 0.01101492
141 141 0.49400673
141 139 0.00124543
141 143 0.01017850
141 140 0.00460343
112 117 0.02563106
112 111 0.05441734
112 110 0.01879689
112 113 0.00099007
112 112 0.76394585
112 116 0.01155742
18 18 0.95125967
148 149 0.06499725
148 150 0.00895557
148 148 0.65541485
148 147 0.00675938
89 83 0.01957696
89 91 0.00255995
89 93 0.00569494
89 82 0.00695409
89 85 0.00875019
89 92 0.00083270
89 89 0.66176351
89 84 0.01427686
89 87 0.00593017
89 88 0.00788957
89 86 0.00468714
89 90 0.08714800
122 122 0.68292291
122 126 0.03088324
122 123 0.00866770
122 120 0.06593119
122 124 0.02543191
122 121 0.01367888
122 125 0.00181301
122 119 0.00705008
37 37 0.30437878
87 86 0.00745289
87 88 0.08230345
87 87 0.61116479
87 89 0.00171300
87 84 0.00352800
87 81 0.01403061
87 91 0.00379447
87 83 0.01026204
87 85 0.00299085
87 82 0.05315773
87 80 0.00458146
152 151 0.00544283
152 153 0.00177378
152 152 0.30752141
60 58 0.00077757
60 61 0.00080883
60 60 0.60052322
109 108 0.01215559
109 114 0.02225858
109 109 0.70218730
109 110 0.00754893
109 113 0.03319818
109 106 0.00368652
109 107 0.01442191
30 31 0.00184059
30 30 0.43670567
113 111 0.05142732
113 110 0.00471214
113 113 0.75866369
113 112 0.05577051
113 117 0.02198886
113 118 0.02623498
113 114 0.00087830
53 53 0.75365688
94 95 0.07980771
94 98 0.02543139
94 92 0.03222466
94 96 0.00216697
94 91 0.01039638
94 93 0.00359616
94 90 0.00242984
94 94 0.55577121
94 89 0.00216965
94 97 0.00669648
94 88 0.00205290
64 64 0.88656759
64 62 0.00104548
34 34 0.41119087
34 35 0.00064434
16 16 0.28294399
115 121 0.00076617
115 116 0.00593649
115 120 0.00136871
115 117 0.00904434
115 113 0.01618994
115 112 0.00528363
115 119 0.02130190
115 115 0.68984024
119 120 0.00305370
119 124 0.00051617
119 121 0.01844406
119 123 0.00193460
119 119 0.68277198
139 137 0.00375118
139 138 0.01290714
139 140 0.03534552
139 141 0.03944841
139 139 0.58114291
105 106 0.02356897
105 109 0.00064346
105 105 0.70525834
105 103 0.00112451
120 121 0.00264272
120 120 0.66506657
120 124 0.00098579
120 122 0.01942668
11 11 0.43646634
29 30 0.00608942
29 29 0.42654702
58 58 0.75034788
3 3 0.26391358
68 68 0.85135105
68 66 0.00095574
70 66 0.00057535
70 69 0.00283278
70 68 0.00149766
70 70 0.58458239
98 96 0.01241925
98 98 0.66748996
98 97 0.00061340
98 99 0.01008477
98 102 0.01087440
1 1 0.37274011
102 101 0.00335570
102 100 0.04333265
102 107 0.00145027
102 106 0.05304687
102 104 0.00063041
102 103 0.03800930
102 99 0.00123617
102 102 0.49784424
23 23 0.66541625
127 124 0.00756844
127 129 0.00509377
127 127 0.65146095
127 132 0.00083943
127 133 0.00491412
127 126 0.01174945
127 125 0.05241114
127 134 0.00160759
127 130 0.00122352
127 131 0.02347145
127 128 0.04209921
96 97 0.08454816
96 96 0.60986174
96 95 0.00119396
96 100 0.00315066
91 90 0.00288857
91 94 0.00168821
91 87 0.00508762
91 86 0.02392107
91 88 0.00441569
91 84 0.00472222
91 89 0.00141501
91 85 0.01575810
91 92 0.08028793
91 95 0.00078964
91 93 0.00463492
91 91 0.62115421
36 36 0.37432784
72 72 0.59218521
82 83 0.00237346
82 81 0.00230325
82 78 0.00335683
82 82 0.63115960
82 79 0.00098802
82 77 0.00387686
77 77 0.57933553
77 75 0.00093597
129 127 0.01447065
129 129 0.68811131
129 132 0.00332186
129 133 0.00804801
129 126 0.00522673
129 134 0.00100431
129 130 0.04082852
129 135 0.00320283
129 131 0.00534153
129 128 0.01224628
22 22 0.85829876
118 122 0.01175264
118 120 0.01879094
118 118 0.76750592
118 116 0.01179223
118 119 0.00321191
138 139 0.04504196
138 137 0.01447701
138 136 0.00418514
138 138 0.59283137
138 140 0.04514817
14 14 0.07374207
106 103 0.00176191
106 105 0.00292259
106 111 0.00120563
106 110 0.05402381
106 104 0.09738893
106 106 0.77791297
106 107 0.01004249
125 124 0.00499002
125 127 0.03532959
125 129 0.00423969
125 132 0.00084531
125 123 0.03388424
125 126 0.03401670
125 122 0.00418847
125 125 0.61108488
125 130 0.00120072
125 131 0.00617098
111 116 0.00317891
111 109 0.01566642
111 111 0.72898802
111 115 0.01271579
111 110 0.00687913
111 112 0.00684441
92 96 0.01579795
92 91 0.01363838
92 93 0.08619665
92 95 0.00482192
92 85 0.00304597
92 92 0.63434151
92 89 0.00888278
92 87 0.01863866
92 88 0.00461160
92 86 0.01644917
92 94 0.00492670
92 90 0.02133866
