141 141 0.99980600
148 148 0.62085500
70 71 0.00334133
70 70 0.06923950
131 132 0.22079000
131 131 0.60499900
72 73 0.01474890
72 72 0.83552200
72 71 0.00053546
42 42 0.99644200
42 41 0.00271134
108 108 0.96499000
108 109 0.00147301
122 123 0.57118200
122 122 0.04229730
113 113 0.96065600
113 114 0.00609366
51 51 0.99269600
51 52 0.00628347
43 43 0.99710100
43 42 0.00253164
150 150 0.02282740
58 60 0.00076264
58 58 0.90832600
58 59 0.09029800
111 112 0.00129176
111 111 0.96485900
140 140 0.22442700
106 106 0.96615000
117 117 0.18246200
117 118 0.05354150
99 99 0.96648500
31 31 0.99995300
24 24 0.99912200
3 3 0.99995700
121 122 0.47694800
121 121 0.21788500
17 18 0.00280758
17 17 0.99313800
145 145 0.56463300
52 53 0.00656288
52 52 0.99285200
18 18 0.99671300
18 19 0.00087392
64 64 0.79127100
64 65 0.20738700
55 56 0.03205300
55 55 0.96727500
1 1 0.99992300
120 120 0.12038000
120 121 0.67876300
152 152 0.66971700
97 97 0.96650200
81 81 0.96661200
124 125 0.01874520
124 124 0.02991060
110 110 0.96451600
110 111 0.00126738
87 87 0.96665500
102 102 0.96663100
129 129 0.34376900
129 130 0.43676800
22 22 0.99963100
20 20 0.99945200
29 29 0.99987600
115 115 0.95029400
115 116 0.03539440
13 13 0.98934000
13 14 0.00677246
13 12 0.00282946
27 27 0.99935600
36 36 0.99849100
36 35 0.00069288
62 62 0.03048110
62 63 0.11575600
73 73 0.17988100
40 39 0.00300206
40 40 0.99625900
30 30 0.99996300
147 147 0.62086600
49 49 0.99360500
49 50 0.00563157
109 110 0.00153688
109 109 0.96499500
56 56 0.92951200
56 57 0.06946360
48 48 0.99341900
48 47 0.00087562
48 49 0.00529816
16 17 0.00607993
16 16 0.99251900
16 15 0.00050094
136 136 0.62082300
83 83 0.96653100
104 104 0.96647700
50 50 0.99325800
50 51 0.00576469
9 10 0.00675211
9 9 0.99156600
39 39 0.99630500
39 38 0.00217484
90 90 0.96652500
28 28 0.99979600
35 35 0.99923200
151 151 0.99869600
76 76 0.96674900
32 32 0.99994200
78 78 0.96675200
69 69 0.75910700
69 70 0.07837620
82 82 0.96658700
135 135 0.50650500
79 79 0.96667700
21 21 0.99957900
15 16 0.00659075
15 15 0.99106900
15 14 0.00135668
6 6 0.99974600
146 146 0.25604200
60 60 0.82747700
60 61 0.17068000
114 114 0.93467800
114 115 0.00200691
94 94 0.96641800
61 62 0.18840200
61 61 0.81044400
5 5 0.99971800
85 85 0.96642200
119 120 0.01976910
119 119 0.06949950
107 108 0.00056532
107 107 0.96597900
84 84 0.96654900
8 9 0.00378278
8 8 0.99596500
134 134 0.02140070
37 37 0.99833500
37 36 0.00116393
98 98 0.96641100
4 4 0.99989600
144 144 0.22447400
12 12 0.98881100
12 11 0.00337435
12 13 0.00676966
23 23 0.99959000
59 59 0.84492800
59 61 0.00082583
59 60 0.15354900
103 103 0.96642700
19 19 0.99882900
77 77 0.96675400
10 9 0.00145307
10 11 0.00662212
10 10 0.99025600
54 55 0.02718220
54 54 0.97224500
91 91 0.96652500
133 134 0.00141162
133 133 0.94971600
44 44 0.99716200
44 43 0.00212928
92 92 0.96640600
139 139 0.56462500
67 68 0.02750510
67 67 0.77375800
86 86 0.96651100
25 25 0.99914100
25 24 0.00070926
130 130 0.41146100
130 131 0.06425600
88 88 0.96670800
143 143 0.99986900
80 80 0.96657200
57 59 0.00065949
57 57 0.92583100
57 58 0.07297450
93 93 0.96649600
63 64 0.11493400
63 63 0.02511090
14 13 0.00212744
14 15 0.00670821
14 14 0.99013200
65 65 0.02371840
65 66 0.02625340
127 127 0.12248800
127 128 0.01993520
46 47 0.00075746
46 46 0.99760800
46 45 0.00150116
75 75 0.96672800
33 33 0.99986000
112 112 0.96432300
112 113 0.00193011
137 137 0.62085000
123 124 0.32953400
123 123 0.21179100
66 66 0.33830500
66 67 0.20723000
96 96 0.96642800
125 126 0.78626200
125 125 0.21103700
153 153 0.84971800
105 105 0.96632700
34 34 0.99977600
41 40 0.00278121
41 41 0.99630700
2 2 0.99991200
118 119 0.14301100
118 118 0.80713500
126 126 0.11919600
126 127 0.01938920
89 89 0.96662600
11 12 0.00677830
11 10 0.00245776
11 11 0.98892000
53 53 0.99022300
53 54 0.00927185
26 26 0.99906200
26 25 0.00073346
142 142 0.99987400
68 69 0.20219600
68 68 0.26634500
71 72 0.11149500
71 71 0.74136300
95 95 0.96656500
132 132 0.77713400
132 133 0.04863830
100 100 0.96640400
45 45 0.99742000
45 44 0.00189344
45 46 0.00057467
7 7 0.99918800
7 8 0.00072822
101 101 0.96654000
138 138 0.25602800
149 149 0.50670500
128 130 0.00126518
128 129 0.65427600
128 128 0.21627100
74 74 0.02837820
47 46 0.00108277
47 47 0.99632600
47 48 0.00224051
38 37 0.00125556
38 38 0.99721600
116 117 0.01073500
116 116 0.03774200
