29 29 0.65173200
115 115 0.72004600
13 13 0.99968100
27 27 0.74774300
62 62 0.80945300
36 36 0.99992800
87 87 0.99992800
129 129 0.95912900
102 102 0.51819800
20 20 0.74773200
22 22 0.99983000
110 110 0.99975100
152 152 0.99979700
81 81 0.33329200
97 97 0.39492300
124 124 0.63792300
120 120 0.95421100
1 1 0.99996900
64 64 0.76343300
55 55 0.99993600
52 52 0.93846000
18 18 0.65171900
145 145 0.61087800
17 17 0.67107800
31 31 0.99997600
24 24 0.99978200
121 121 0.99971600
3 3 0.99997800
140 140 0.99975200
106 106 0.29714400
117 117 0.45319600
99 99 0.29179500
111 111 0.90674400
58 58 0.99986100
43 43 0.99990400
113 113 0.73854500
51 51 0.92958200
150 150 0.71589200
42 42 0.99986500
108 108 0.99902300
122 122 0.99968300
148 148 0.65956200
70 70 0.99923700
141 141 0.99986300
131 131 0.99975900
72 72 0.51308800
8 8 0.99967100
84 84 0.39491900
37 37 0.99989300
134 134 0.73299100
98 98 0.01945630
4 4 0.99997700
85 85 0.99996200
119 119 0.99966100
107 107 0.99905100
5 5 0.99994200
94 94 0.33329300
114 114 0.79132900
61 61 0.95431000
60 60 0.99980500
6 6 0.99995200
146 146 0.29503900
21 21 0.74772100
15 15 0.99965400
82 82 0.29042400
79 79 0.99998700
135 135 0.99987500
32 32 0.99997400
78 78 0.39492400
69 69 0.29704300
151 151 0.99984000
35 35 0.99997500
76 76 0.29179500
9 9 0.99975600
39 39 0.99990700
90 90 0.99998000
28 28 0.65021600
104 104 0.62824200
83 83 0.01945650
136 136 0.67668100
50 50 0.91941900
48 48 0.88322700
16 16 0.99981300
56 56 0.92734300
49 49 0.62642400
109 109 0.99970600
73 73 0.51820100
40 40 0.99993200
30 30 0.67115900
147 147 0.65960500
137 137 0.67668300
33 33 0.99996800
112 112 0.74987500
65 65 0.99990900
127 127 0.83372300
75 75 0.12490200
46 46 0.99994200
63 63 0.74446100
14 14 0.99971500
93 93 0.29042400
57 57 0.94692100
80 80 0.01945610
143 143 0.99996600
88 88 0.99996700
25 25 0.99986700
86 86 0.99985500
130 130 0.99987700
67 67 0.96739200
44 44 0.99993400
139 139 0.61939400
92 92 0.01945600
91 91 0.39492900
133 133 0.99985100
19 19 0.65020700
77 77 0.01945570
10 10 0.99975000
54 54 0.99996800
23 23 0.99968500
59 59 0.99977400
103 103 0.51308900
144 144 0.99996800
12 12 0.99930400
47 47 0.99993900
38 38 0.99984200
116 116 0.92350600
74 74 0.99986200
149 149 0.98263500
138 138 0.31203300
128 128 0.99978900
45 45 0.99992900
7 7 0.99982200
101 101 0.99983800
132 132 0.99981500
100 100 0.12490600
71 71 0.62824200
95 95 0.01945700
68 68 0.99891400
53 53 0.99996600
26 26 0.74773900
142 142 0.99995400
89 89 0.99994900
11 11 0.99931700
126 126 0.43818100
41 41 0.99980900
2 2 0.99993700
118 118 0.77819200
153 153 0.99990100
105 105 0.99924600
34 34 0.99996900
66 66 0.96295200
125 125 0.85337600
96 96 0.99999200
123 123 0.82845200
