66 66 0.52587886
16 17 0.00117072
16 16 0.62114683
85 85 0.88975529
117 117 0.79991571
117 118 0.00672041
64 64 0.53561347
150 149 0.00063290
150 150 0.47964333
99 99 0.48625578
11 11 0.78859654
113 112 0.00075096
113 114 0.00208605
113 113 0.55293006
141 141 0.72654550
17 17 0.57484706
114 115 0.00632288
114 113 0.00097598
114 114 0.77583211
135 135 0.74396182
54 54 0.65814671
29 29 0.76050881
111 111 0.79995500
101 101 0.61697799
109 109 0.69992656
154 153 0.09677100
154 154 0.51310705
49 49 0.67654449
37 37 0.72701647
9 9 0.93585306
39 39 0.59925916
43 43 0.90025096
103 103 0.50900786
91 91 0.55586222
45 45 0.96990598
32 32 0.80745299
32 31 0.00050108
146 146 0.90257114
159 159 0.86957630
159 158 0.02072988
159 157 0.00059609
60 60 0.46008486
151 150 0.01119644
151 151 0.64519513
138 138 0.99443572
157 156 0.07194446
157 157 0.42739489
67 67 0.52193529
140 140 0.62876326
55 55 0.80862041
84 84 0.89817435
155 155 0.52851609
155 154 0.19725431
15 15 0.55109197
100 100 0.58723156
52 52 0.68933280
52 53 0.00073077
145 145 0.77252398
63 63 0.71233833
144 144 0.75944155
22 21 0.00132198
22 23 0.00159563
22 22 0.55333075
86 86 0.59231399
148 148 0.40467933
107 107 0.72646642
18 19 0.00092774
18 18 0.95920319
72 72 0.49929626
4 4 0.58870323
143 143 0.71103967
48 48 0.77219850
73 73 0.58020424
120 121 0.01206582
120 120 0.63803791
74 74 0.54679956
25 24 0.00164551
25 25 0.56471358
132 132 0.82672424
147 147 0.91689034
108 108 0.37224707
23 22 0.00102812
23 23 0.52073995
21 20 0.00071565
21 21 0.78067751
21 22 0.00261149
12 12 0.76101529
128 129 0.00071105
128 128 0.81843208
68 68 0.49358426
81 81 0.91768541
90 90 0.87025380
38 38 0.66042174
38 39 0.00091860
125 125 0.92999821
125 126 0.00308510
7 7 0.74373280
92 92 0.56198534
119 120 0.00732545
119 119 0.66219049
129 129 0.86429212
62 62 0.51542459
34 34 0.71616189
34 33 0.00082724
130 130 0.80519989
105 105 0.50204516
5 5 0.60355313
77 77 0.60588838
110 110 0.63406556
112 112 0.58291756
112 111 0.00059352
112 113 0.00129134
142 142 0.75898868
70 70 0.57672453
61 61 0.39921857
36 36 0.70975972
98 98 0.49964968
116 117 0.00708819
116 116 0.77588506
1 1 0.66357861
30 30 0.86263614
149 149 0.48759884
136 136 0.99406906
3 3 0.62460142
96 96 0.57255971
31 30 0.00056647
31 31 0.84293382
35 35 0.80401308
35 34 0.00088620
95 95 0.63890521
106 106 0.65581676
20 20 0.87214058
20 19 0.00063916
20 21 0.00143683
156 156 0.62561910
156 155 0.19829573
126 126 0.80039399
126 127 0.00295777
131 131 0.76558698
139 139 0.84104332
28 28 0.69851215
115 114 0.00176101
115 116 0.00701576
115 115 0.52301909
88 88 0.53089483
57 57 0.74985698
93 93 0.50535949
78 78 0.70247567
27 27 0.45923015
27 26 0.00127618
46 46 0.64901466
94 94 0.61360885
75 75 0.75299424
24 24 0.69268595
24 23 0.00096919
152 151 0.00647221
152 152 0.56920645
41 41 0.80472721
40 40 0.62611446
160 160 0.90184872
160 159 0.00924460
160 158 0.00060019
137 137 0.99422008
50 50 0.71051963
76 76 0.80692406
51 51 0.74126459
51 52 0.00069814
6 6 0.93096198
26 26 0.65988382
26 25 0.00146484
102 102 0.43937043
59 59 0.51869287
122 121 0.00118920
122 123 0.01137717
122 122 0.47830561
83 83 0.91065832
2 2 0.76900952
134 134 0.82511198
56 56 0.68316562
10 10 0.76387356
10 9 0.00054596
123 123 0.39041664
123 122 0.00106694
123 124 0.00522510
8 8 0.96569498
118 119 0.00676040
118 118 0.67176282
124 125 0.00415725
124 124 0.90568543
87 87 0.56720125
158 158 0.73792055
158 157 0.02636184
44 44 0.80982856
133 133 0.70356207
33 33 0.73084016
33 32 0.00052876
97 97 0.63127595
82 82 0.90554483
127 127 0.79979469
127 128 0.00270332
104 104 0.48379772
19 19 0.81179758
19 20 0.00110355
19 18 0.00050308
53 54 0.00074956
53 53 0.72171228
121 120 0.00078500
121 122 0.01234779
121 121 0.48909872
79 79 0.51411767
13 13 0.60742414
153 153 0.57310903
153 152 0.08229632
80 80 0.83702487
89 89 0.88194330
58 58 0.56182228
65 65 0.72400013
14 14 0.64651209
47 47 0.66016460
69 69 0.63644335
71 71 0.98518295
42 42 0.83687796
