137 139 0.00696387
137 141 0.06991500
137 140 0.67279742
137 130 0.00118146
137 125 0.03736946
137 129 0.01332880
137 142 0.01673751
137 128 0.00332499
142 145 0.33884943
142 141 0.00155509
142 144 0.01672277
142 134 0.00246878
142 135 0.03698514
142 146 0.00105678
142 130 0.00305401
142 136 0.00496612
136 124 0.03736800
136 128 0.00979421
136 129 0.09050703
136 127 0.00990842
136 140 0.11830888
136 132 0.00056412
136 138 0.00484319
136 141 0.02173042
136 139 0.51207075
81 82 0.08634187
81 69 0.00060390
81 84 0.47409232
81 83 0.02808560
81 71 0.00264481
81 81 0.00143447
81 72 0.01322892
81 74 0.08171859
81 73 0.00149303
81 70 0.00797363
40 41 0.06482261
40 31 0.10622943
40 30 0.00066956
40 40 0.33381398
40 44 0.31870133
40 32 0.04048993
29 32 0.29290342
29 21 0.00052481
29 33 0.03608833
29 29 0.36306239
29 30 0.00149556
29 31 0.00218386
29 20 0.00855668
29 24 0.00329079
1 1 0.70106951
1 4 0.00426383
1 3 0.00893783
1 2 0.14877683
61 52 0.00800735
61 61 0.15234385
61 64 0.02208892
61 62 0.01909206
61 67 0.00098167
61 65 0.31899085
61 63 0.00077052
74 66 0.00857997
74 73 0.01585960
74 76 0.10029388
74 75 0.13225386
74 64 0.00121943
74 78 0.00143986
74 62 0.00134679
74 77 0.42081459
74 74 0.07264673
74 65 0.03026458
74 63 0.01281891
74 67 0.09186195
42 42 0.11369822
42 33 0.02343625
42 43 0.01355357
42 46 0.29707300
42 34 0.00488202
50 54 0.30266133
50 41 0.00231042
50 52 0.00109883
50 51 0.00769840
50 50 0.27761052
126 131 0.00218036
126 127 0.00089164
126 130 0.02112177
126 118 0.00083697
126 128 0.00267615
126 114 0.01210406
126 129 0.64966240
126 117 0.00198331
79 67 0.00081718
79 82 0.33060449
79 79 0.01113662
79 70 0.01830274
79 80 0.03991866
79 81 0.10909012
79 72 0.04194715
79 71 0.00337148
79 83 0.00053283
79 68 0.01793710
5 1 0.02540877
5 4 0.00137696
5 6 0.13120233
5 3 0.00074244
5 2 0.01167495
5 8 0.00430191
5 5 0.52151589
5 7 0.10223233
120 124 0.04429827
120 108 0.01415751
120 112 0.08984902
120 110 0.00106598
120 111 0.02075011
120 122 0.00105478
120 123 0.09965604
145 138 0.00059274
145 141 0.00094965
145 147 0.00119627
145 148 0.78681530
8 9 0.01282773
8 8 0.53408449
8 5 0.02408330
8 11 0.00196825
8 1 0.01065547
8 4 0.00197474
8 3 0.00426095
8 10 0.28233200
8 2 0.00618854
41 42 0.06482037
41 33 0.03422679
41 32 0.10848523
41 41 0.08794559
41 31 0.00068423
41 45 0.31880833
41 34 0.00062493
11 13 0.01182803
11 5 0.00292975
11 11 0.41261066
11 4 0.00544494
11 12 0.00180377
11 2 0.00094330
59 65 0.00100140
59 59 0.28833488
59 63 0.31490523
59 61 0.00072572
59 64 0.00323227
59 62 0.01320007
59 60 0.00795995
59 50 0.16004219
102 106 0.00264473
102 93 0.01610528
102 103 0.00097160
102 90 0.02729417
102 95 0.04077229
102 105 0.50170437
102 94 0.01754421
102 104 0.05929189
102 91 0.00050963
102 92 0.00161841
46 47 0.07771940
46 50 0.03186340
46 37 0.14922193
46 46 0.39985947
46 38 0.00122963
46 48 0.00060933
87 79 0.00387441
87 76 0.02955684
87 90 0.43036165
87 77 0.00680979
87 80 0.08772670
87 88 0.01582267
87 78 0.01193539
87 91 0.00079900
87 89 0.02547941
129 117 0.00344202
129 131 0.00117862
129 121 0.00735443
129 132 0.55962515
129 133 0.00183410
78 82 0.00098250
78 67 0.01608409
78 69 0.02978097
78 81 0.20601706
78 80 0.11285940
78 71 0.05235139
78 78 0.00915373
78 79 0.03328837
78 66 0.00085002
78 70 0.00190417
108 98 0.00265042
108 101 0.03835521
108 111 0.43975479
108 110 0.01872990
108 100 0.03124720
108 112 0.01564407
108 96 0.02162210
108 99 0.02633893
116 108 0.09389956
116 109 0.00062046
116 119 0.34266977
116 104 0.03725232
116 120 0.05025170
116 118 0.03583140
116 107 0.02263559
76 69 0.09206652
76 65 0.01409289
76 67 0.03238030
76 66 0.00082923
76 76 0.01766730
76 75 0.00113994
76 79 0.14781241
76 68 0.00501978
76 78 0.07937113
76 64 0.00174603
76 80 0.00118456
76 77 0.19581656
70 69 0.00298014
70 63 0.01898025
70 67 0.00096558
70 73 0.06543463
70 70 0.16894177
70 71 0.05022050
70 60 0.01019366
70 62 0.08311144
70 72 0.03423934
70 74 0.00841363
70 61 0.03398019
93 81 0.00562970
93 83 0.00407343
93 85 0.00985860
93 96 0.39073847
93 95 0.03680949
93 82 0.01891203
93 97 0.00422229
93 86 0.08084621
93 84 0.01980793
133 135 0.00318326
133 125 0.06508516
133 121 0.00825474
133 138 0.02020202
133 124 0.02007532
133 126 0.01886367
133 137 0.00622481
133 136 0.64515375
55 60 0.00509737
55 46 0.15678189
55 61 0.00094036
55 59 0.31260949
55 58 0.00986706
55 57 0.00081242
55 55 0.43631888
55 56 0.04884677
146 134 0.00311393
146 145 0.00075056
146 139 0.01168670
146 148 0.00081666
146 140 0.00059605
146 146 0.00100898
146 149 0.81888932
148 136 0.01901384
148 143 0.00072537
148 141 0.00341855
148 151 0.58057281
51 53 0.00071376
51 51 0.21148624
51 42 0.00760510
51 52 0.00611176
51 55 0.18828700
51 56 0.00123417
53 44 0.15651866
53 53 0.18701367
53 54 0.03078463
53 55 0.00068834
53 56 0.00320459
53 58 0.00551503
53 57 0.31696967
6 2 0.01820526
6 1 0.00335754
6 4 0.00054345
6 6 0.51011973
6 3 0.00433298
6 7 0.09469841
6 9 0.00323235
6 8 0.15783333
6 5 0.00050241
52 52 0.22124937
52 43 0.00879452
52 53 0.01596570
52 56 0.32360733
52 55 0.00116723
52 54 0.00084417
52 57 0.00339540
72 76 0.00414149
72 73 0.12970961
72 75 0.36452284
72 71 0.00292063
72 64 0.00846394
72 72 0.10628198
72 74 0.05312015
72 63 0.02861235
72 65 0.03411905
72 69 0.00069835
44 45 0.07815316
44 35 0.04369833
44 36 0.01001120
44 44 0.39551928
44 48 0.19966400
73 63 0.00173174
73 65 0.01333665
73 62 0.00159859
73 64 0.01483224
73 74 0.10242270
73 72 0.01552741
73 77 0.00238079
73 76 0.36672363
73 66 0.06835692
73 73 0.09813619
73 75 0.09479843
103 105 0.04322088
103 95 0.01493751
103 96 0.00721158
103 93 0.00113988
103 106 0.55063869
103 107 0.01647172
103 91 0.02817043
103 104 0.00101338
103 94 0.01689902
113 101 0.03486908
113 104 0.02135610
113 115 0.11648233
113 105 0.07687148
113 103 0.00055339
113 106 0.00419927
113 117 0.01096153
113 116 0.23793391
75 67 0.00665807
75 65 0.00101152
75 63 0.00176164
75 77 0.11397191
75 74 0.00915932
75 64 0.01380158
75 78 0.12076754
75 68 0.09208309
75 79 0.00122969
75 75 0.05054868
75 76 0.15635703
75 66 0.03143058
115 117 0.00251455
115 106 0.02166597
115 108 0.00104808
115 119 0.03141101
115 103 0.03705696
115 118 0.40245651
115 107 0.09417357
138 131 0.00204365
138 130 0.00055723
138 140 0.00852535
138 141 0.65225879
138 126 0.02896339
138 142 0.02191059
138 129 0.00081265
138 143 0.01555197
92 95 0.44530805
92 93 0.02578381
92 96 0.00064044
92 83 0.02068962
92 85 0.08496830
92 80 0.00473395
92 81 0.02602554
92 84 0.00873198
92 94 0.00590654
92 82 0.00376336
122 114 0.00674976
122 126 0.01515528
122 110 0.00334849
122 125 0.04852156
34 26 0.01949412
34 34 0.42797416
34 35 0.05660654
34 25 0.09883391
34 36 0.00195905
34 39 0.00137030
34 37 0.00707691
34 29 0.01037461
34 33 0.00050883
34 38 0.31969100
140 133 0.00183206
140 145 0.00063115
140 144 0.00883364
140 128 0.00305813
140 142 0.01119922
140 143 0.76281907
49 49 0.35099923
49 53 0.28981500
49 40 0.02145333
49 50 0.01091880
83 73 0.00188385
83 76 0.05210685
83 75 0.00199610
83 85 0.11154145
83 74 0.00735468
83 72 0.01493194
83 84 0.02468398
83 86 0.32583692
21 24 0.18160567
21 21 0.28482045
21 23 0.02339520
21 14 0.00108497
114 105 0.02127298
114 116 0.00146731
114 117 0.30482090
114 106 0.09235447
114 107 0.00148395
114 102 0.03672549
114 118 0.00149411
39 32 0.00089221
39 39 0.41774897
39 29 0.00060679
39 40 0.04155046
39 43 0.31854367
39 31 0.03987945
39 30 0.10529518
90 79 0.00671372
90 93 0.49415440
90 80 0.00372043
90 81 0.02074292
90 83 0.08594227
90 91 0.00285699
90 92 0.11106319
90 82 0.00747377
109 112 0.54320708
109 99 0.00291020
109 113 0.00132505
109 98 0.00053317
109 97 0.01824800
109 111 0.00097682
109 101 0.03891029
109 102 0.03243385
109 100 0.02133168
18 12 0.00183745
18 21 0.12693667
18 20 0.19288267
18 18 0.25326586
18 11 0.00203800
56 60 0.31256692
56 62 0.00098508
56 61 0.00479983
56 59 0.01464353
56 47 0.15716576
56 57 0.04301046
56 58 0.00085947
56 56 0.42872358
9 11 0.01293860
9 9 0.44206851
9 5 0.00148991
9 10 0.00281591
9 2 0.01273141
9 6 0.00311287
9 4 0.00315886
9 3 0.01380212
144 138 0.00126112
144 147 0.74256320
144 146 0.00529589
144 137 0.00214808
54 56 0.00075294
54 54 0.41445304
54 55 0.04368443
54 57 0.00755554
54 58 0.31444333
54 45 0.14245640
54 59 0.00552347
54 60 0.00055470
111 115 0.13003007
111 104 0.03538580
111 100 0.00072610
111 101 0.00176104
111 102 0.01952526
111 99 0.03205332
111 103 0.05750723
111 113 0.11659101
111 114 0.57060023
101 89 0.02615484
101 91 0.00232375
101 102 0.04431588
101 92 0.01976075
101 94 0.04537163
101 104 0.48608275
101 103 0.01064506
101 93 0.01688913
101 90 0.00111067
101 105 0.00603745
63 53 0.00489560
63 62 0.00902107
63 64 0.18699838
63 66 0.02486049
63 54 0.14801186
63 55 0.00179331
63 67 0.31806130
63 63 0.23429290
63 69 0.00098011
63 65 0.00440679
15 18 0.00123779
15 8 0.00092048
15 9 0.00908922
15 17 0.22618955
15 15 0.46259236
15 16 0.00089086
15 12 0.00213099
130 133 0.57850905
130 134 0.02246812
130 118 0.00085436
130 122 0.00174422
130 135 0.00768523
130 132 0.00135201
110 101 0.02031802
110 102 0.02407000
110 100 0.00284410
110 98 0.03184832
110 114 0.00124810
110 99 0.00052937
110 103 0.04009780
110 113 0.50699506
110 112 0.11642017
88 78 0.00251186
88 81 0.08716550
88 77 0.02571222
88 80 0.00628256
88 90 0.09707044
88 76 0.00050768
88 79 0.01555903
88 92 0.00060859
88 89 0.00930634
88 91 0.38036188
68 58 0.00164115
68 67 0.00560514
68 65 0.00140636
68 69 0.17743106
68 59 0.03764073
68 72 0.05125908
68 71 0.09919617
68 68 0.03881308
68 60 0.00676391
68 70 0.00409797
23 26 0.19094194
23 25 0.00085459
23 14 0.00056343
23 23 0.20178680
77 65 0.00173070
77 69 0.00054029
77 67 0.00071986
77 68 0.03132136
77 78 0.03754760
77 81 0.00125384
77 77 0.01005327
77 80 0.40581563
77 70 0.09219229
77 66 0.01514025
77 79 0.13078798
33 28 0.01310647
33 25 0.02002003
33 35 0.00191632
33 34 0.04523871
33 24 0.09894387
33 36 0.00923457
33 37 0.31827233
33 38 0.00247031
33 33 0.40309141
95 85 0.00676148
95 87 0.02242576
95 88 0.07243662
95 83 0.01928151
95 98 0.33524471
95 97 0.00214103
95 84 0.00673254
95 86 0.01502746
14 14 0.40518863
14 8 0.00080283
14 7 0.00188078
14 16 0.19132379
14 15 0.00112428
14 11 0.00136787
37 41 0.30018300
37 28 0.01801673
37 42 0.00132427
37 40 0.00083038
37 29 0.03937052
37 38 0.05181169
37 39 0.00088533
37 32 0.00253161
37 37 0.30191502
96 88 0.02144701
96 87 0.01507533
96 85 0.00611034
96 99 0.36339744
96 98 0.12658736
96 97 0.01635318
96 86 0.00701871
96 100 0.00056677
96 84 0.02254099
96 89 0.07579199
99 102 0.60911519
99 101 0.13349728
99 92 0.07591226
99 89 0.00447815
99 100 0.04631925
99 91 0.02235807
99 88 0.00274473
99 87 0.02349167
99 90 0.01796147
99 103 0.03500679
57 59 0.00093514
57 63 0.00099227
57 57 0.43937852
57 58 0.03070837
57 48 0.15719785
57 61 0.31304771
57 60 0.01186171
57 62 0.00447810
20 20 0.29922000
20 22 0.05649767
20 13 0.00706121
20 17 0.00291020
20 23 0.26334533
17 20 0.02613160
17 17 0.44886075
17 19 0.29371100
17 16 0.00062576
17 14 0.00101376
17 10 0.00113233
91 81 0.00375486
91 80 0.02695059
91 83 0.00814887
91 79 0.00110356
91 93 0.09111903
91 82 0.02064680
91 94 0.50274649
91 84 0.08541937
91 92 0.00561052
25 17 0.00197003
25 25 0.07720820
25 16 0.00080725
25 28 0.32168465
25 20 0.01201396
25 29 0.00055388
100 88 0.02358993
100 90 0.00323945
100 103 0.47944428
100 93 0.03561865
100 104 0.01179566
100 102 0.12862791
100 101 0.00355055
100 92 0.02177591
100 89 0.00165987
100 91 0.01863139
16 16 0.26053629
16 19 0.01044270
16 17 0.00057902
16 13 0.00056971
16 9 0.00181714
16 18 0.19455833
117 121 0.01573000
117 110 0.00051032
117 120 0.40169411
117 105 0.03735454
117 109 0.09374732
117 119 0.00250389
117 108 0.02309970
12 14 0.32138895
12 12 0.49710019
12 6 0.00086127
12 5 0.03709535
12 13 0.00231026
80 73 0.04048492
80 70 0.00050073
80 80 0.00368770
80 81 0.12361521
80 72 0.00174680
80 71 0.02531360
80 83 0.32808753
80 68 0.00073020
80 69 0.01527277
80 82 0.06129963
48 49 0.03144372
48 52 0.33055333
48 48 0.33781893
48 39 0.13996699
105 96 0.01814903
105 93 0.00577018
105 109 0.00901231
105 95 0.00083385
105 108 0.63559249
105 106 0.00349031
105 107 0.11938761
105 97 0.01531807
105 98 0.06620492
128 130 0.00209780
128 132 0.05013786
128 131 0.62834793
128 120 0.00119378
128 119 0.00073218
128 129 0.00052990
10 11 0.00163436
10 5 0.00057967
10 10 0.41413735
10 1 0.00074444
10 4 0.01300451
10 3 0.01862942
10 12 0.01149930
32 24 0.01021356
32 36 0.31742633
32 35 0.01101022
32 34 0.00189985
32 33 0.01222892
32 23 0.00581696
32 27 0.01055141
32 32 0.30674442
32 37 0.00137703
151 154 0.89208507
151 139 0.00122193
151 151 0.00134109
141 134 0.02410432
141 144 0.79784052
141 145 0.00190769
141 133 0.00168126
141 146 0.00208127
141 143 0.01290772
141 136 0.00096488
141 129 0.03903667
36 37 0.06861628
36 39 0.00295263
36 38 0.00139509
36 40 0.32022800
36 27 0.09890994
36 31 0.00620408
36 28 0.02704334
36 41 0.00192341
36 36 0.37379738
104 94 0.00106167
104 97 0.03973778
104 92 0.02841992
104 107 0.66433200
104 106 0.12090882
104 108 0.00450481
104 95 0.01580503
104 105 0.02262837
104 96 0.01603469
98 89 0.01705084
98 100 0.13058257
98 86 0.02322576
98 91 0.07579166
98 102 0.03424257
98 101 0.60891854
98 88 0.00501781
98 87 0.00570900
98 99 0.04628869
98 90 0.02237758
22 15 0.00432958
22 25 0.22385081
22 24 0.00407340
22 22 0.46279742
22 13 0.00106391
94 95 0.01410584
94 96 0.00646102
94 83 0.01027538
94 87 0.07659158
94 85 0.01574947
94 86 0.01774902
94 84 0.00617531
94 98 0.00718756
94 82 0.01245992
94 97 0.45304103
13 12 0.00053510
13 6 0.00130004
13 14 0.00059387
13 10 0.00305554
13 8 0.00142018
13 13 0.42692243
13 15 0.01170254
30 22 0.01981478
30 34 0.21706433
30 30 0.44738415
30 31 0.00116965
30 25 0.03857416
30 21 0.09029251
30 33 0.11103932
30 32 0.00295418
19 22 0.14264133
19 16 0.00083913
19 19 0.30567238
19 12 0.00208864
19 21 0.17717367
45 37 0.00957756
45 46 0.07701463
45 49 0.00800187
45 45 0.39698344
45 36 0.01197970
150 148 0.00109202
150 138 0.00067463
150 144 0.00139278
150 141 0.00081363
150 153 0.85814605
67 67 0.05257511
67 69 0.00348655
67 59 0.10996600
67 57 0.00949771
67 58 0.03823448
67 66 0.02499850
67 70 0.08079184
67 72 0.00212180
67 64 0.00187179
67 71 0.24094469
67 68 0.19924570
132 120 0.00101414
132 134 0.00298238
132 135 0.63781223
132 125 0.01679334
132 136 0.04316144
132 137 0.00096599
132 124 0.07429369
4 2 0.00077702
4 1 0.01908266
4 6 0.05575172
4 4 0.45737422
4 3 0.00280129
4 7 0.00447314
4 5 0.16817533
112 102 0.00069875
112 100 0.03308341
112 104 0.06154668
112 115 0.57539873
112 114 0.11650848
112 105 0.01952956
112 103 0.02070974
112 116 0.13032530
124 115 0.00200558
124 125 0.00131980
124 127 0.35224446
124 116 0.00661091
124 126 0.00134665
124 128 0.01249265
2 5 0.00511655
2 2 0.56127177
2 1 0.00709598
2 4 0.01832743
2 3 0.16879951
123 111 0.01630007
123 127 0.05862329
123 115 0.00096753
123 126 0.49415750
123 114 0.00073414
147 142 0.00076212
147 141 0.00065107
147 147 0.00077936
147 150 0.83345251
147 140 0.00472775
147 135 0.00299450
82 74 0.00205070
82 72 0.00214100
82 85 0.47494028
82 71 0.02253304
82 83 0.04996295
82 75 0.09328841
82 73 0.01553134
82 82 0.00055800
82 84 0.07454132
69 60 0.00281115
69 68 0.00172081
69 62 0.00108255
69 71 0.00697934
69 72 0.05174436
69 61 0.00630934
69 70 0.09211996
69 73 0.00765771
69 66 0.00103068
69 59 0.01019657
69 69 0.15843160
131 124 0.00744900
131 136 0.00279444
131 122 0.00162275
131 135 0.03341296
131 134 0.14406657
131 123 0.00287097
131 133 0.00069237
125 126 0.00174013
125 128 0.64412102
125 117 0.00660807
125 129 0.05213764
125 127 0.00248126
127 119 0.00400763
127 128 0.00080928
127 129 0.00144703
127 130 0.44496574
127 132 0.00074262
127 131 0.00424248
127 115 0.00118561
127 118 0.00077719
86 89 0.45657072
86 75 0.02849726
86 79 0.06639924
86 90 0.00086647
86 76 0.00667882
86 77 0.01565554
86 78 0.00232588
86 88 0.11310885
86 87 0.02516237
7 7 0.55358497
7 9 0.22230400
7 8 0.05171546
7 10 0.00205379
7 2 0.00543034
7 1 0.00241528
7 4 0.00167160
7 3 0.00801312
47 47 0.40191289
47 49 0.00066981
47 39 0.00887431
47 48 0.05786922
47 38 0.11353091
47 51 0.01809707
89 80 0.02082094
89 77 0.00064003
89 81 0.00691873
89 78 0.00544469
89 79 0.00279594
89 90 0.00912715
89 82 0.08650523
89 91 0.06456877
89 92 0.43064756
31 32 0.00207056
31 33 0.00283950
31 23 0.01897814
31 35 0.30400700
31 31 0.43156294
31 26 0.00094207
31 34 0.02437674
31 36 0.00080973
31 22 0.08975669
121 125 0.05997110
121 112 0.01903884
121 109 0.00198924
121 113 0.08980798
121 124 0.56706631
28 32 0.00824243
28 29 0.00147278
28 23 0.01629304
28 31 0.01740509
28 28 0.47771469
28 30 0.00133767
28 19 0.00105562
28 20 0.00062856
106 110 0.05565290
106 107 0.00050248
106 97 0.01550807
106 94 0.00576790
106 98 0.02965927
106 99 0.06570070
106 96 0.00080895
106 109 0.56700439
106 108 0.10044933
64 56 0.01820087
64 55 0.00354485
64 67 0.02725184
64 65 0.19058737
64 63 0.00541221
64 61 0.00187608
64 64 0.21639760
64 68 0.30979561
64 66 0.00630639
64 70 0.00104446
71 63 0.01125568
71 68 0.00075353
71 62 0.01075758
71 64 0.02601331
71 71 0.14450623
71 72 0.08620618
71 74 0.34940725
71 70 0.00264029
71 73 0.03578571
71 75 0.00601640
3 3 0.61464340
3 1 0.00101770
3 4 0.18393181
3 6 0.00478946
3 2 0.00893789
3 5 0.02854250
43 34 0.12056521
43 47 0.04851767
43 35 0.00279401
43 43 0.13640979
43 44 0.07304153
85 86 0.01720762
85 89 0.00203963
85 75 0.00644999
85 76 0.02136109
85 77 0.00343505
85 74 0.02843732
85 88 0.40345609
85 87 0.13951947
85 78 0.02292405
60 65 0.00059019
60 63 0.01354683
60 61 0.01383494
60 64 0.31572736
60 51 0.00860703
60 60 0.22259669
60 62 0.00077677
60 66 0.00100257
62 63 0.08675221
62 65 0.02413613
62 66 0.31971208
62 61 0.00115577
62 53 0.00230817
62 62 0.16942032
62 68 0.00097569
62 64 0.00309446
27 18 0.00661120
27 28 0.00148835
27 31 0.00155954
27 30 0.01322791
27 19 0.00196946
27 29 0.00088831
27 27 0.40633647
149 150 0.00065792
149 147 0.00102539
149 152 0.81778902
149 137 0.00143172
149 142 0.00250326
38 42 0.31801067
38 29 0.10283394
38 33 0.00068059
38 38 0.39934277
38 43 0.00065192
38 32 0.00081532
38 39 0.02370827
38 28 0.00058097
38 30 0.04043601
143 136 0.03305380
143 146 0.81729428
143 145 0.00916684
66 65 0.00245203
66 69 0.06543765
66 63 0.00231678
66 67 0.23093416
66 58 0.07002875
66 57 0.04303293
66 56 0.00744406
66 66 0.06255043
66 70 0.27383077
66 71 0.00074879
66 68 0.00323649
66 72 0.00175572
119 109 0.00056475
119 123 0.07233801
119 107 0.03738917
119 111 0.00386212
119 122 0.26935945
119 110 0.01803744
119 121 0.00455439
58 62 0.31359422
58 60 0.00104418
58 64 0.00099067
58 61 0.01812076
58 58 0.43226256
58 63 0.00362343
58 59 0.04644211
58 49 0.15828513
24 27 0.01165847
24 19 0.00080706
24 15 0.00080765
24 16 0.00056550
24 24 0.03192834
139 143 0.01147533
139 142 0.60308560
139 144 0.01431478
139 141 0.00912642
139 127 0.01241722
139 132 0.00087397
139 131 0.00746277
97 90 0.07577683
97 99 0.12634232
97 87 0.00683517
97 88 0.01471690
97 85 0.02301760
97 101 0.03350903
97 86 0.00587071
97 100 0.61415406
97 89 0.02254070
97 98 0.04627704
134 126 0.01229389
134 136 0.00233227
134 137 0.48353595
134 127 0.07966273
134 125 0.01956901
134 122 0.02531496
134 138 0.06287735
134 139 0.00238496
118 109 0.02378048
118 106 0.03737984
118 108 0.00056684
118 122 0.05870531
118 121 0.47260836
118 110 0.09022284
118 120 0.01308138
65 56 0.08888579
65 57 0.06188062
65 67 0.00574035
65 69 0.27883440
65 65 0.16411061
65 62 0.00279475
65 68 0.03227678
65 71 0.00152494
65 64 0.00323929
65 66 0.21502871
107 98 0.02711284
107 97 0.00136501
107 111 0.03403137
107 110 0.47588809
107 100 0.00317429
107 95 0.01914735
107 99 0.03017552
107 109 0.03058836
26 27 0.00083808
26 29 0.01202930
26 26 0.39945248
26 30 0.00083948
26 17 0.00660726
26 28 0.00069682
135 138 0.51666710
135 123 0.03737966
135 139 0.12506368
135 127 0.00523581
135 140 0.00699505
135 137 0.00426970
135 128 0.08911694
135 126 0.01801454
35 26 0.09875381
35 30 0.00682929
35 35 0.42043778
35 36 0.06385290
35 39 0.31887267
35 37 0.00183589
35 27 0.02040947
35 40 0.00163826
35 38 0.00503258
84 86 0.07285627
84 76 0.00212266
84 73 0.01946439
84 75 0.02088623
84 87 0.46266590
84 85 0.02171157
84 77 0.07564873
84 74 0.00294238
