83 81 0.02663937
83 83 0.33622460
83 82 0.03657929
21 21 0.71760161
21 18 0.02016027
21 19 0.05974810
109 108 0.09312416
109 109 0.76288181
153 153 0.87173297
90 88 0.01283126
90 90 0.54771212
90 89 0.03637909
90 91 0.00256756
114 113 0.11638260
114 114 0.74694126
39 38 0.01070302
39 39 0.78441246
39 36 0.00208420
39 35 0.15604657
39 34 0.00067453
144 143 0.00165996
144 145 0.00788433
144 144 0.89930714
54 51 0.00440133
54 50 0.00995662
54 55 0.00097712
54 54 0.80196579
9 9 0.68752810
9 8 0.00642800
9 7 0.11104841
9 6 0.00134816
56 56 0.64713968
56 57 0.00062693
56 52 0.01132758
56 53 0.01284203
18 15 0.00067404
18 16 0.01128001
18 18 0.71673882
130 130 0.52930665
130 131 0.00527102
130 128 0.00080261
110 110 0.60985626
110 109 0.03107329
63 63 0.69792816
63 59 0.04162343
63 58 0.00146747
63 62 0.00627802
63 60 0.00407922
63 64 0.00093605
15 14 0.00060905
15 13 0.00584634
15 15 0.74620098
111 110 0.04120388
111 111 0.55502932
101 101 0.66304966
101 100 0.11694765
101 99 0.04575954
72 69 0.01344662
72 67 0.00122983
72 68 0.00149146
72 71 0.00061075
72 72 0.59471748
72 70 0.00525155
72 73 0.00139286
44 40 0.12408492
44 44 0.71108936
44 43 0.00102316
44 41 0.00191509
6 5 0.06554009
6 3 0.00245489
6 4 0.02344785
6 6 0.76911671
52 53 0.00076274
52 52 0.65577798
52 48 0.09811269
52 49 0.00295525
53 50 0.00398930
53 53 0.66808690
53 49 0.10190519
53 54 0.00115859
51 47 0.00748687
51 51 0.57840871
113 112 0.11642919
113 113 0.68905402
75 71 0.00298508
75 74 0.04625558
75 72 0.01537073
75 73 0.03549517
75 76 0.00152938
75 75 0.68709976
103 102 0.11827294
103 101 0.00374504
103 103 0.75582741
73 69 0.00096912
73 72 0.00344030
73 71 0.00304788
73 73 0.68237397
73 70 0.00447840
115 114 0.11630139
115 115 0.76288341
138 138 0.66287425
138 139 0.00329282
140 140 0.88739775
140 139 0.00134289
140 141 0.00445147
49 49 0.67229632
49 45 0.00334381
34 33 0.01099985
34 32 0.00103247
34 34 0.79638521
34 30 0.10146390
34 31 0.00969512
34 35 0.00072296
122 120 0.00153574
122 121 0.00067231
122 122 0.75231527
92 92 0.67188091
92 91 0.07264656
92 90 0.01767290
108 107 0.10199282
108 108 0.79587210
108 106 0.00295503
116 116 0.80726489
116 115 0.06659223
129 130 0.00995434
129 127 0.00088451
129 129 0.63515796
78 79 0.00377372
78 75 0.00076509
78 76 0.00586412
78 77 0.01280144
78 74 0.00106681
78 78 0.47578039
46 46 0.80150854
46 43 0.00235080
46 42 0.00430353
87 87 0.63479163
87 88 0.00104605
87 85 0.01192313
87 86 0.08250715
93 92 0.03184613
93 91 0.00627561
93 93 0.67792237
70 70 0.79445214
70 66 0.00949280
70 68 0.01418109
70 71 0.00145976
70 67 0.08034709
70 65 0.00121367
76 73 0.00933899
76 76 0.66023208
76 75 0.07721284
76 77 0.00160348
76 74 0.02880368
76 72 0.01338539
55 56 0.00108150
55 55 0.78039198
55 52 0.00067286
55 51 0.00537557
133 134 0.00444233
133 133 0.88186058
148 148 0.89438095
146 147 0.00373244
146 145 0.00072247
146 146 0.95402841
1 2 0.00121244
1 1 0.89805010
74 74 0.70967383
74 72 0.05594242
74 71 0.02645159
74 75 0.00092623
74 73 0.03190768
74 70 0.00321711
61 59 0.00124052
61 56 0.00169971
61 58 0.03086828
61 57 0.11510367
61 61 0.63817584
61 60 0.00523959
42 41 0.00305164
42 42 0.55343216
42 38 0.15471762
42 39 0.00228984
81 80 0.01493978
81 81 0.52966202
81 79 0.00541342
81 82 0.00187731
29 27 0.00093561
29 29 0.82153491
29 26 0.00599921
29 28 0.00203502
40 35 0.00080171
40 36 0.15597291
40 37 0.00147161
40 39 0.00472369
40 40 0.77201556
137 137 0.46887364
137 136 0.00396095
137 138 0.00411179
142 142 0.62229940
142 143 0.00626159
142 141 0.00130744
136 137 0.00378665
136 136 0.59939102
136 135 0.00345056
79 78 0.01014753
79 80 0.00551088
79 77 0.00707731
79 79 0.51550746
126 126 0.73893250
126 127 0.00433589
50 46 0.01324899
50 50 0.80455888
50 47 0.00220775
41 40 0.00400664
41 38 0.00165489
41 37 0.09926480
41 36 0.00093681
41 41 0.61144667
8 8 0.65013018
8 5 0.00216403
8 7 0.02586537
8 6 0.06470780
145 146 0.00667440
145 144 0.00186993
145 145 0.62806260
152 153 0.00183472
152 152 0.72454273
120 119 0.00228926
120 120 0.72833971
5 2 0.00159040
5 4 0.07064764
5 3 0.01431208
5 5 0.80180500
59 57 0.00174096
59 56 0.04949492
59 54 0.00174771
59 55 0.10751907
59 59 0.64629379
102 102 0.78411083
102 101 0.11569108
102 100 0.04573318
11 11 0.79059421
11 8 0.00095137
11 9 0.00646542
11 10 0.00086198
143 142 0.00118155
143 143 0.88308750
143 144 0.00646658
38 33 0.00114454
38 38 0.70702343
38 37 0.01774332
38 35 0.00253133
38 34 0.15736758
85 83 0.01715428
85 85 0.67321289
85 86 0.00063065
85 84 0.06475476
3 3 0.80073194
3 4 0.00074671
3 1 0.00403833
3 2 0.05225138
43 40 0.00217372
43 42 0.00187235
43 43 0.44413850
43 39 0.15499047
60 57 0.04331591
60 58 0.00128176
60 55 0.00181381
60 56 0.10244634
60 59 0.00181334
60 60 0.49855232
60 61 0.00069446
62 61 0.00501853
62 62 0.67281625
62 58 0.12002589
62 57 0.00176187
62 59 0.03486958
149 149 0.97333462
27 26 0.00098714
27 27 0.78401493
64 65 0.00101321
64 63 0.00811496
64 59 0.00052900
64 64 0.65890096
64 60 0.01901633
64 61 0.00467183
106 106 0.81157720
106 105 0.04240991
106 104 0.00102024
71 72 0.00175941
71 71 0.76525013
71 68 0.05550491
71 66 0.01536602
71 70 0.00095217
71 67 0.00521055
71 69 0.01988735
119 119 0.79750182
119 117 0.00080772
119 118 0.03573411
119 120 0.00058620
66 67 0.00176430
66 63 0.00559611
66 65 0.00727925
66 66 0.51514143
66 62 0.00590445
66 64 0.00311193
118 118 0.80055342
118 116 0.00136635
118 117 0.00217565
118 119 0.00051950
97 95 0.01416219
97 96 0.00250198
97 97 0.73743221
134 135 0.00499026
134 134 0.65691587
134 133 0.00072977
24 22 0.00198487
24 24 0.64702727
24 21 0.08848745
139 139 0.83056421
139 138 0.00111422
139 140 0.00392242
58 56 0.00166366
58 55 0.04424626
58 54 0.09855544
58 58 0.65820477
84 83 0.04798064
84 82 0.03502253
84 84 0.66226356
35 33 0.00138553
35 32 0.00369077
35 36 0.00056537
35 34 0.02205548
35 35 0.78207287
35 31 0.12096135
135 135 0.60615443
135 134 0.00316482
135 136 0.00426958
26 26 0.74382673
26 23 0.02666508
65 66 0.00175006
65 62 0.00480811
65 64 0.00714296
65 61 0.00488619
65 65 0.68410772
107 107 0.83226438
107 105 0.02273221
107 106 0.12183397
112 111 0.00254008
112 112 0.85008327
4 4 0.70703462
4 1 0.00192650
4 3 0.09216941
4 2 0.00556699
2 3 0.00115805
2 1 0.06819087
2 2 0.68721551
124 124 0.71599449
124 125 0.00127422
82 82 0.57577944
82 80 0.01754821
82 81 0.05596699
123 123 0.65731416
147 147 0.86998498
147 148 0.00072318
47 47 0.66391226
47 43 0.00450647
47 44 0.00184329
7 7 0.81218947
7 5 0.05106858
7 4 0.00196746
7 6 0.03887322
89 90 0.00065741
89 87 0.02193289
89 88 0.08150479
89 89 0.42449386
121 121 0.75059282
121 120 0.01307712
121 119 0.00149968
31 31 0.81044637
31 28 0.00816654
31 27 0.00077770
31 29 0.00189696
28 28 0.69036550
28 25 0.02169889
28 26 0.00058651
28 27 0.00203030
127 128 0.00525575
127 127 0.77114577
86 84 0.00490918
86 86 0.41818914
86 85 0.03331253
86 87 0.00077059
131 129 0.00052426
131 132 0.00449058
131 131 0.96711416
125 126 0.00109717
125 125 0.68264711
69 66 0.08375331
69 70 0.00152463
69 64 0.00120077
69 68 0.00105938
69 65 0.00211019
69 69 0.64056258
69 67 0.01644333
80 78 0.01489196
80 77 0.00069761
80 80 0.52992393
80 81 0.00459600
80 79 0.05712706
154 154 0.90123608
48 45 0.01169482
48 48 0.69394641
48 44 0.08384710
117 116 0.00134346
117 117 0.79821665
12 12 0.80194879
12 10 0.00574594
12 11 0.00141451
32 32 0.74382285
32 29 0.14578263
32 31 0.00059258
32 28 0.00386749
32 30 0.00189924
10 9 0.00146778
10 8 0.14107269
10 7 0.00107582
10 10 0.68908266
128 129 0.01063097
128 128 0.58193474
128 126 0.00171724
105 105 0.80911588
105 103 0.00095610
105 104 0.05298523
13 12 0.00130660
13 11 0.00590950
13 13 0.80771356
98 97 0.00155567
98 98 0.80444520
94 94 0.75433804
94 92 0.00726407
94 93 0.06923886
22 20 0.01642263
22 22 0.71739362
22 19 0.04810279
141 142 0.00490349
141 140 0.00152038
141 141 0.77337619
151 151 0.46026773
104 103 0.00478910
104 104 0.80948244
104 102 0.04394541
36 36 0.76820240
36 34 0.00090740
36 35 0.02488597
36 33 0.00422492
36 37 0.00061669
36 32 0.10699918
67 66 0.00475232
67 64 0.09513625
67 68 0.00140822
67 62 0.00427986
67 67 0.67253728
67 65 0.00374769
67 63 0.03290329
132 132 0.84065642
132 133 0.00406483
150 150 0.94086633
45 42 0.00201445
45 41 0.00864214
45 45 0.71217234
19 17 0.14569564
19 19 0.66713136
19 16 0.00060544
30 29 0.00149657
30 27 0.00659619
30 28 0.00111916
30 30 0.80863686
33 29 0.01796194
33 33 0.68053535
33 32 0.00180529
33 31 0.00166513
33 34 0.00074357
33 30 0.05190187
77 75 0.02979527
77 73 0.01268140
77 76 0.07770778
77 74 0.00584427
77 77 0.59924451
77 78 0.00225788
68 69 0.00138674
68 65 0.09161925
68 67 0.00154884
68 68 0.67890932
68 64 0.02045473
68 66 0.00792194
23 20 0.07654869
23 23 0.60302002
23 21 0.01139932
88 86 0.01679829
88 89 0.00093292
88 87 0.06751136
88 88 0.63665462
99 99 0.73503489
99 98 0.11719407
99 97 0.01629654
96 96 0.75411758
96 95 0.03626837
37 34 0.00343080
37 35 0.00068869
37 36 0.02444368
37 37 0.74772364
37 33 0.14746114
37 38 0.00060263
14 13 0.00083685
14 12 0.16058474
14 14 0.67553755
95 94 0.00429517
95 95 0.75775126
95 93 0.03070953
20 18 0.03063391
20 20 0.80835538
20 17 0.01296261
57 53 0.01780615
57 57 0.73622338
57 54 0.02848010
57 55 0.00124957
16 16 0.77043149
16 17 0.00068437
16 15 0.00068680
16 14 0.09541196
100 100 0.70793537
100 98 0.04596657
100 99 0.11682094
91 90 0.06185625
91 91 0.49573831
91 89 0.01532378
91 92 0.00119863
25 25 0.63352580
25 22 0.10907236
17 16 0.00052512
17 17 0.70388500
17 15 0.11222949
17 18 0.00091995
