124 125 0.00713098
124 124 0.94989400
67 67 0.99987800
54 54 0.99990200
74 75 0.00214209
74 73 0.00360586
74 74 0.99248700
139 140 0.00051882
139 139 0.99878500
72 72 0.99764100
18 18 0.99988100
46 46 0.99970900
34 34 0.99805700
34 35 0.00095632
91 91 0.91189400
91 92 0.02757990
19 19 0.99987100
51 51 0.99992400
131 131 0.96961800
116 116 0.96593500
116 115 0.00206365
116 117 0.00514351
143 143 0.99907800
63 63 0.99985000
73 73 0.99570300
73 74 0.00060614
73 72 0.00195339
15 15 0.99974200
80 80 0.99989200
96 97 0.05009660
96 96 0.92896400
44 44 0.99902000
30 31 0.00754551
30 30 0.99210000
62 62 0.99982000
121 121 0.31755900
121 120 0.00397710
121 122 0.01603260
50 50 0.99989600
26 27 0.00285689
26 26 0.99694500
52 52 0.99993100
99 98 0.00057558
99 100 0.03798720
99 99 0.93052100
76 75 0.00471064
76 76 0.99300500
53 53 0.99992500
5 5 0.06489380
5 4 0.00065566
5 6 0.00062011
65 65 0.99989100
17 17 0.99975400
104 104 0.98962000
104 105 0.00102326
77 77 0.99882500
77 76 0.00079510
125 125 0.84734400
125 126 0.00460088
88 90 0.00085811
88 88 0.94176600
147 147 0.99981800
150 150 0.99998200
128 129 0.00100750
128 128 0.37870000
93 93 0.91982900
93 94 0.00233039
60 60 0.99936300
120 119 0.00472120
120 120 0.87002000
120 121 0.01465450
47 47 0.99962600
58 58 0.99932700
86 86 0.99826000
24 24 0.99966500
21 21 0.99981100
119 119 0.94408100
119 120 0.00103665
119 118 0.00539295
109 109 0.96924700
109 110 0.00304358
97 98 0.05250440
97 97 0.92497800
28 28 0.99448500
28 29 0.00513783
89 90 0.00083637
89 89 0.97503300
61 61 0.99959600
134 134 0.77455600
27 28 0.00405473
27 27 0.99581000
122 123 0.02187270
122 121 0.00232945
122 122 0.90343700
42 42 0.99861700
42 43 0.00084300
22 22 0.99978600
145 145 0.99895300
114 115 0.00327701
114 114 0.96786800
114 113 0.00195002
123 123 0.93574600
123 124 0.00116741
66 66 0.99981000
31 32 0.00719075
31 31 0.99181000
43 44 0.00056501
43 43 0.99857000
38 38 0.99954500
144 144 0.99882400
144 145 0.00062883
126 126 0.80674400
126 127 0.00137294
140 139 0.00052095
140 140 0.99874100
9 9 0.99941500
14 14 0.99959600
49 49 0.99970400
40 40 0.99931200
75 76 0.00214924
75 74 0.00516865
75 75 0.99211400
35 35 0.99885900
110 111 0.00287595
110 109 0.00262027
110 110 0.96693000
118 117 0.00373822
118 119 0.02238130
118 118 0.95062100
10 10 0.99961600
56 56 0.99954700
149 149 0.52376800
36 36 0.99965300
142 142 0.99932000
20 20 0.99975300
23 23 0.99984400
78 78 0.99970500
106 106 0.99009600
113 112 0.00234865
113 114 0.00233988
113 113 0.96843700
132 132 0.84736000
11 11 0.99981400
95 95 0.90339700
95 96 0.04685850
135 135 0.97923900
137 137 0.99983800
12 12 0.99975500
136 136 0.99978600
33 33 0.99314900
33 34 0.00168694
133 133 0.78418700
146 146 0.99971700
112 113 0.00226564
112 111 0.00252832
112 112 0.96760100
148 148 0.06624530
127 128 0.00124547
127 127 0.81522100
37 37 0.99962200
129 130 0.00178683
129 129 0.68676500
98 98 0.92524900
98 97 0.00084644
98 99 0.04427870
39 39 0.99948500
25 26 0.00159009
25 25 0.99832300
29 29 0.99329800
29 30 0.00625449
103 103 0.32827700
103 104 0.00105774
1 1 0.99956500
117 117 0.95836900
117 116 0.00153724
117 118 0.01547820
70 70 0.99987300
48 48 0.99973700
81 81 0.99974900
6 7 0.00120405
6 6 0.99773400
6 5 0.00072462
32 33 0.00650746
32 32 0.99256900
45 45 0.99963300
7 8 0.00081975
7 6 0.00077297
7 7 0.99777800
101 101 0.96849500
101 102 0.00229885
68 68 0.99989400
92 92 0.92778300
92 93 0.00166548
115 114 0.00201143
115 116 0.00420397
115 115 0.96689600
111 110 0.00266288
111 111 0.96716500
111 112 0.00267211
3 3 0.99910700
55 55 0.99973900
13 13 0.99968200
41 41 0.99941900
64 64 0.99985800
57 57 0.99952900
4 4 0.52276000
4 3 0.00055159
79 79 0.99988200
138 138 0.99971500
8 8 0.99852800
87 89 0.00067955
87 87 0.97641600
69 69 0.99991400
71 71 0.99959100
16 16 0.99981800
83 83 0.99990100
90 91 0.00528289
90 90 0.97009800
108 108 0.67763200
108 109 0.00089497
85 85 0.93074600
82 82 0.99975400
84 84 0.99991400
102 103 0.00157022
102 102 0.67755900
107 107 0.32897800
107 108 0.00053330
100 101 0.00717465
100 100 0.93740900
130 130 0.96883900
130 131 0.00101214
94 95 0.04539280
94 94 0.91860100
141 141 0.99936600
105 106 0.00054334
105 105 0.98959500
2 2 0.99929200
59 59 0.99934200
