124 124 0.14585000
67 67 0.99835900
54 54 0.19757700
72 72 0.96198300
139 139 0.31701800
74 74 0.73998700
116 116 0.22152700
63 63 0.48037200
143 143 0.02895540
15 15 0.49305900
73 73 0.84835700
34 34 0.94778300
18 18 0.39795700
46 46 0.36465500
19 19 0.29308900
91 91 0.66373500
131 131 0.79043100
51 51 0.99972500
62 62 0.41830200
30 30 0.51158000
121 121 0.93114700
26 26 0.80596000
50 50 0.36056200
80 80 0.36067100
96 96 0.37530100
44 44 0.98980300
104 104 0.99998600
17 17 0.31701800
125 125 0.71715400
77 77 0.31429600
52 52 0.49117300
76 76 0.09443340
53 53 0.42910100
5 5 0.99994000
99 99 0.42552900
65 65 0.35053600
150 150 0.41419200
128 128 0.90865800
147 147 0.99993000
88 88 0.38691300
47 47 0.49017000
86 86 0.54648300
58 58 0.95260300
24 24 0.63435100
60 60 0.39428800
93 93 0.55399600
120 120 0.97448000
89 89 0.08092350
134 134 0.50572800
27 27 0.53591400
61 61 0.19016300
21 21 0.42290700
109 109 0.31719900
119 119 0.97992400
97 97 0.31842900
28 28 0.86965700
123 123 0.56737100
114 114 0.37530300
22 22 0.80659400
145 145 0.99994200
66 66 0.46441300
31 31 0.72200900
43 43 0.08438070
122 122 0.54092100
42 42 0.31429600
40 40 0.31376300
49 49 0.46780600
35 35 0.94550400
75 75 0.66000500
110 110 0.31719200
118 118 0.98473500
144 144 0.38538900
38 38 0.31176300
140 140 0.99935600
126 126 0.56881700
14 14 0.42699200
9 9 0.30859700
142 142 0.42705300
20 20 0.39794500
56 56 0.99063000
10 10 0.99983100
36 36 0.40474500
149 149 0.41095300
113 113 0.31842900
132 132 0.71991000
95 95 0.99811700
11 11 0.18947400
12 12 0.38532200
137 137 0.29319400
135 135 0.26222600
136 136 0.39830600
33 33 0.38288400
78 78 0.42230100
23 23 0.53106600
106 106 0.99998800
98 98 0.31713300
129 129 0.71936400
39 39 0.35717900
25 25 0.81752300
133 133 0.49923300
112 112 0.31713200
148 148 0.30859800
146 146 0.18954300
37 37 0.30818100
127 127 0.51303700
32 32 0.70287700
6 6 0.99997800
81 81 0.31571200
45 45 0.52561200
7 7 0.41419100
68 68 0.49012600
92 92 0.85284900
101 101 0.31719900
115 115 0.99819400
29 29 0.63152100
1 1 0.99999100
103 103 0.14104200
117 117 0.55283500
70 70 0.99433600
48 48 0.99844600
4 4 0.99989400
57 57 0.98813000
79 79 0.31497500
138 138 0.39795700
8 8 0.41095800
3 3 0.99994400
111 111 0.42552800
55 55 0.39506100
13 13 0.02892780
41 41 0.42216100
64 64 0.95173700
83 83 0.41598200
90 90 0.63791200
108 108 0.42555700
82 82 0.31475200
85 85 0.96941300
87 87 0.77952000
69 69 0.80010100
71 71 0.85967200
16 16 0.99940300
59 59 0.98986100
2 2 0.99998000
105 105 0.99998700
84 84 0.96945600
100 100 0.31719300
130 130 0.92985500
107 107 0.14104700
102 102 0.42555700
141 141 0.49313800
94 94 0.22151100
