51 51 0.99995800
131 131 0.99981700
46 46 0.99997100
34 34 0.99988300
18 18 0.99997900
91 91 0.99987400
19 19 0.99996800
143 142 0.00055545
143 143 0.97784000
63 63 0.99995000
73 73 0.99994700
15 15 0.99997100
116 116 0.99815300
74 74 0.99991800
72 72 0.99995400
139 139 0.99761100
139 138 0.00171792
67 67 0.99996800
124 124 0.99994700
54 54 0.99996400
99 99 0.99949200
53 53 0.99994600
76 76 0.99781300
76 77 0.00179081
5 5 0.99968900
65 65 0.99997100
52 52 0.99991500
77 77 0.99759900
77 78 0.00178065
125 125 0.99996300
17 17 0.99997800
104 104 0.83227300
96 96 0.99981300
44 44 0.99992000
80 81 0.00145901
80 80 0.99741300
121 121 0.09739020
50 50 0.99993800
26 26 0.99981200
30 30 0.99998000
62 62 0.99994800
120 120 0.84248000
93 93 0.99992800
60 60 0.99988700
24 24 0.99968400
47 47 0.99996000
58 58 0.99986500
86 86 0.99990200
88 88 0.99997000
147 147 0.97858400
128 128 0.09739260
150 150 0.99996600
42 42 0.99994500
122 122 0.99998600
31 31 0.99997200
43 43 0.99984400
145 145 0.97815800
114 114 0.71280500
22 22 0.99918100
22 23 0.00064719
123 123 0.99997900
66 66 0.99997700
119 119 0.11636900
109 109 0.99853000
28 28 0.99994900
97 97 0.99980800
21 21 0.99983000
61 61 0.99991800
27 27 0.99993200
134 134 0.99990900
89 89 0.99997300
149 149 0.58155500
36 36 0.99985300
10 10 0.99985200
56 56 0.99994900
142 141 0.00069169
142 142 0.97798200
20 20 0.99994600
126 126 0.99996800
140 139 0.00145795
140 140 0.99801700
9 9 0.99976600
14 14 0.99991900
38 38 0.99979100
144 144 0.97794600
110 110 0.99859900
118 118 0.66330800
49 49 0.99980100
40 40 0.99978800
75 75 0.99962800
35 35 0.99989300
112 112 0.85812400
148 148 0.43985600
146 146 0.97852900
127 127 0.99998500
37 37 0.99975800
133 133 0.99986900
39 39 0.99982500
25 25 0.99965100
129 129 0.84912100
98 98 0.99976700
106 106 0.98405700
23 23 0.99916700
78 78 0.99795000
78 79 0.00184662
135 135 0.99988300
12 12 0.99990300
137 137 0.45920400
33 33 0.99989400
136 136 0.60207300
132 132 0.99988000
113 113 0.84697200
95 95 0.99982200
11 11 0.99993800
41 41 0.99990700
13 13 0.99981500
64 64 0.99993700
111 111 0.94351700
3 3 0.99984600
55 55 0.99991800
138 138 0.99764800
138 137 0.00155729
79 79 0.99735100
79 80 0.00225330
8 8 0.99962000
57 57 0.99995700
4 4 0.99969400
70 70 0.99994400
48 48 0.99982200
29 29 0.99997300
1 1 0.99987000
103 103 0.62526300
117 117 0.82425000
101 101 0.99990100
68 68 0.99996700
92 92 0.99994900
115 115 0.82607200
81 81 0.99829400
32 32 0.99992700
6 6 0.99981000
45 45 0.99997300
7 7 0.99963100
107 107 0.57462400
102 102 0.86909500
130 130 0.12301900
100 100 0.99956900
94 94 0.99979700
141 141 0.99828500
141 140 0.00106084
84 84 0.99966700
105 105 0.84342700
2 2 0.99990500
59 59 0.99987400
71 71 0.99997000
16 16 0.99997800
87 87 0.99993200
69 69 0.99997200
108 108 0.81083500
85 85 0.99971300
82 82 0.99948700
83 83 0.99977500
90 90 0.99995700
