39 39 0.99946200
25 25 0.99830100
98 98 0.99489300
98 97 0.00394885
129 129 0.84263600
146 146 0.73808800
112 112 0.99733200
112 113 0.00176839
148 148 0.06792340
37 37 0.99959900
127 127 0.88964500
133 133 0.85860100
12 12 0.99973200
137 137 0.66765400
135 135 0.89750600
136 136 0.99455100
33 32 0.00650737
33 33 0.99312700
132 132 0.86300200
113 113 0.99738500
113 114 0.00178956
95 95 0.99770500
95 94 0.00076338
11 11 0.99979000
106 106 0.99988800
78 78 0.99968300
23 23 0.99982100
142 142 0.67551700
20 20 0.99973000
36 36 0.99963000
149 149 0.52876700
56 56 0.99968400
10 10 0.99958900
110 110 0.16334500
118 118 0.86698900
118 119 0.00094189
49 49 0.99967600
40 40 0.99928900
35 34 0.00095637
35 35 0.99883600
75 75 0.99209200
75 76 0.00471037
75 74 0.00214197
126 126 0.89326500
140 140 0.99631500
14 14 0.99957300
9 9 0.99938400
144 144 0.03676020
38 38 0.99952200
59 59 0.99951300
2 2 0.99927500
105 105 0.99978900
130 130 0.99759800
100 99 0.00227931
100 100 0.39555400
107 107 0.52837200
102 102 0.68953700
141 141 0.71257200
94 94 0.99899100
84 84 0.99990600
108 108 0.66433400
82 82 0.99973500
85 85 0.76177000
83 83 0.99988300
90 90 0.99987900
71 71 0.99956900
16 16 0.99979500
87 87 0.76421600
69 69 0.99989200
138 138 0.38228600
79 79 0.99986000
8 7 0.00083073
8 8 0.99848200
4 4 0.52772200
4 5 0.00067848
57 57 0.99977200
41 41 0.99939600
13 13 0.99965900
64 64 0.99989800
3 4 0.00056933
3 3 0.99908100
111 111 0.99810100
111 112 0.00103421
55 55 0.99976700
92 92 0.99971800
68 68 0.99987400
101 101 0.64849800
115 115 0.71718700
115 116 0.00206177
6 5 0.00063854
6 6 0.99769300
6 7 0.00079322
32 32 0.99254600
32 31 0.00719065
81 81 0.99972900
7 7 0.99774200
7 6 0.00122148
45 45 0.99960900
70 70 0.99985000
48 48 0.99971000
1 1 0.99955600
29 29 0.99327500
29 28 0.00513775
103 103 0.29271900
117 117 0.99322400
117 118 0.00052400
125 125 0.89284400
77 77 0.99880300
104 104 0.76172900
17 17 0.99973100
53 53 0.99986700
5 6 0.00074900
5 5 0.06652010
76 76 0.99298300
76 75 0.00214912
76 77 0.00079502
99 98 0.00324391
99 99 0.99603200
65 65 0.99988600
52 52 0.99983900
121 121 0.34829600
50 50 0.99986600
26 26 0.99692200
26 25 0.00159007
62 62 0.99983800
30 29 0.00625440
30 30 0.99207700
96 95 0.00191462
96 96 0.99663100
44 43 0.00056611
44 44 0.99899500
80 80 0.99987000
63 63 0.99986500
143 143 0.99843300
15 15 0.99971900
73 73 0.99568000
73 74 0.00360561
116 116 0.86382400
131 131 0.99760700
51 51 0.99988600
46 46 0.99968500
18 18 0.99985800
34 33 0.00168697
34 34 0.99803400
19 19 0.99984800
91 91 0.99965400
72 73 0.00195319
72 72 0.99761900
139 139 0.99390100
139 140 0.00065739
74 74 0.99246400
74 73 0.00060608
74 75 0.00516836
67 67 0.99985900
124 124 0.87327800
54 54 0.99987700
31 31 0.99178700
31 30 0.00754540
43 42 0.00084399
43 43 0.99854600
123 123 0.96183000
114 114 0.79796500
114 115 0.00179160
22 22 0.99976300
145 145 0.03148810
66 66 0.99979800
42 42 0.99859300
122 122 0.99448700
134 134 0.82684500
27 27 0.99578700
27 26 0.00285685
61 61 0.99966400
89 89 0.39796000
109 109 0.03240650
119 120 0.00064298
119 119 0.38128800
28 27 0.00405467
28 28 0.99446200
97 98 0.00076444
97 97 0.99495400
97 96 0.00299552
21 21 0.99978800
24 24 0.99964200
47 47 0.99960100
86 86 0.56709600
58 58 0.99954000
120 120 0.57615000
120 121 0.00050101
60 60 0.99948300
93 93 0.99965800
128 128 0.35242700
150 150 0.99998400
147 147 0.80229600
88 88 0.64877000
