42 42 0.99626300
114 112 0.00491674
114 111 0.00854130
114 114 0.31003900
114 115 0.00100595
114 113 0.54289000
158 157 0.00114601
158 155 0.87180900
158 156 0.00589157
105 105 0.75745800
105 104 0.03196200
1 1 0.99994600
45 45 0.97426100
96 96 0.89651400
60 60 0.83374600
60 59 0.01131250
150 148 0.10833900
150 149 0.00864894
150 150 0.01810720
150 147 0.48732800
33 33 0.63777000
135 134 0.00056720
135 135 0.18744400
135 136 0.00052469
135 132 0.68665600
135 131 0.00070820
26 26 0.99841800
47 47 0.05617950
46 46 0.27275000
46 45 0.00053211
123 120 0.46211600
123 122 0.00059837
123 123 0.28447200
123 121 0.04333650
123 124 0.00201120
123 119 0.00253653
121 119 0.19149600
121 121 0.28609100
121 118 0.39868500
121 117 0.00189763
121 122 0.00180236
121 120 0.02337380
148 149 0.00055368
148 145 0.59307600
148 147 0.00384973
148 148 0.01625490
148 146 0.17439200
41 42 0.00067606
41 41 0.45846200
95 95 0.98722600
146 146 0.01084980
146 141 0.00050575
146 143 0.67554400
146 145 0.00814877
146 144 0.20450300
34 34 0.16311000
83 84 0.00075075
83 83 0.94922700
83 82 0.00235531
36 36 0.67408200
19 19 0.61995500
147 147 0.02557480
147 145 0.19507900
147 144 0.64157600
147 146 0.00385466
117 118 0.00151447
117 117 0.30235500
117 115 0.00507308
117 114 0.03773070
117 116 0.41170400
122 122 0.13230400
122 120 0.17855800
122 119 0.42046100
122 118 0.00227913
122 121 0.00327114
122 123 0.00180023
82 81 0.00378911
82 83 0.00357338
82 82 0.94623200
50 50 0.92079800
29 29 0.72993200
151 150 0.01214810
151 149 0.10654600
151 151 0.01702180
151 148 0.47155000
17 16 0.00088899
17 17 0.97812000
155 155 0.01330510
155 152 0.03123470
127 126 0.00054966
127 127 0.25225300
127 125 0.00194182
127 128 0.00159554
127 124 0.67834500
44 44 0.97961500
157 154 0.89663600
157 155 0.00064617
157 157 0.00147344
87 87 0.98718900
153 151 0.00312396
153 154 0.00205202
153 150 0.77810300
153 152 0.00067039
153 153 0.01757460
64 63 0.06521200
64 64 0.87194200
79 78 0.02068740
79 79 0.64961100
66 66 0.55607900
66 65 0.00096660
30 30 0.86762100
72 71 0.41105900
72 73 0.00052481
72 72 0.08286350
61 60 0.00184104
61 61 0.46054500
12 12 0.14393700
144 139 0.00079213
144 143 0.01107570
144 142 0.20444900
144 140 0.00198141
144 141 0.67148100
144 144 0.03728350
53 53 0.85509100
154 155 0.00085784
154 151 0.02746030
154 154 0.01780480
154 152 0.00112412
154 153 0.00075992
119 118 0.13368000
119 117 0.05541850
119 119 0.28909900
119 120 0.00237516
119 116 0.18192800
129 129 0.25214700
129 126 0.68297000
129 124 0.00137723
129 130 0.02642160
31 31 0.95631100
73 73 0.07473210
73 72 0.03618300
73 74 0.00083925
2 2 0.99966000
131 131 0.27170300
131 132 0.00219825
131 128 0.43274100
77 78 0.00161568
77 77 0.15572900
77 76 0.46424600
59 59 0.76627600
59 58 0.00647192
69 68 0.00478444
69 69 0.90148800
139 139 0.09521470
139 140 0.00069538
139 136 0.60597900
139 137 0.01139520
139 138 0.00793104
35 35 0.61957700
32 32 0.99766500
25 25 0.85324700
68 67 0.00319600
68 68 0.92777700
75 76 0.00161018
75 75 0.07044980
75 74 0.40397500
8 8 0.96865900
103 102 0.00087692
103 103 0.98109900
28 28 0.66632300
51 51 0.68887100
107 107 0.91027900
107 106 0.04450190
80 79 0.00982198
80 81 0.00059298
80 80 0.53715000
18 18 0.79442600
98 98 0.83449500
10 10 0.67407000
145 144 0.00848825
145 145 0.00738794
145 143 0.20577300
145 140 0.00065555
145 141 0.00063911
145 142 0.67464100
22 22 0.99804900
90 90 0.96700500
124 125 0.00296604
124 121 0.58658500
124 124 0.19121400
124 122 0.00796486
65 65 0.10173800
65 64 0.00243896
62 61 0.00144977
62 62 0.43297000
97 97 0.98743500
15 15 0.97699200
15 14 0.00101157
15 16 0.00143430
27 27 0.99847600
159 157 0.00241042
159 156 0.42034000
4 4 0.63601500
140 137 0.47049500
140 140 0.07777140
140 139 0.01655890
140 138 0.02078000
138 138 0.15368000
138 135 0.57239500
138 137 0.00740272
138 136 0.00334184
11 11 0.61958300
78 77 0.11971700
78 78 0.79492300
71 70 0.11636700
71 71 0.21422800
156 153 0.17532600
156 157 0.00675110
156 156 0.00626452
106 103 0.00086598
106 106 0.91385500
106 105 0.04027470
14 15 0.00080638
14 14 0.97860600
3 3 0.99874800
56 56 0.86427300
56 55 0.00434854
149 146 0.67748300
149 148 0.00557906
149 147 0.11643200
149 149 0.01654190
149 150 0.00079316
152 152 0.01650510
152 150 0.07830070
152 149 0.70122400
152 153 0.00144395
152 151 0.00076406
115 115 0.30884500
115 113 0.01970160
115 114 0.05330500
115 116 0.00105605
115 112 0.00903528
133 134 0.00070976
133 130 0.63383900
133 133 0.19667900
74 74 0.13418900
74 73 0.81930500
74 75 0.00125533
38 38 0.96832600
94 94 0.91916000
54 54 0.85983500
54 53 0.00096654
111 110 0.09431130
111 112 0.00052694
111 111 0.68747300
120 117 0.20530400
120 118 0.11917800
120 121 0.00197718
120 119 0.04986330
120 120 0.28731800
120 116 0.00074910
91 91 0.94985500
24 24 0.99800600
86 86 0.72026200
100 100 0.98819300
118 115 0.05511200
118 117 0.33812800
118 118 0.30001200
118 119 0.00197722
118 116 0.05265030
108 108 0.90106900
108 107 0.04797370
48 48 0.13591500
21 21 0.89688000
160 157 0.58199700
116 117 0.00108571
116 115 0.37744500
116 113 0.02729600
116 114 0.00350265
116 116 0.30712400
63 63 0.45561500
63 62 0.00122069
109 109 0.75299300
109 108 0.05010180
58 58 0.45963600
58 57 0.00887455
49 49 0.97470700
104 104 0.87364900
104 103 0.00616064
20 20 0.68730900
57 56 0.00616207
57 57 0.93395700
142 138 0.00093498
142 137 0.00199893
142 142 0.03886600
142 141 0.01711380
142 140 0.11502300
142 139 0.71659100
126 125 0.00076917
126 123 0.66879600
126 124 0.00256282
126 127 0.02526980
126 126 0.20900100
52 52 0.67851200
5 5 0.45705000
84 85 0.00052229
84 84 0.89094100
84 83 0.00086023
23 23 0.99795100
125 125 0.27876600
125 123 0.00244435
125 124 0.00085821
125 122 0.65416600
125 126 0.00460518
110 110 0.51952400
110 109 0.07166650
43 43 0.08664910
102 102 0.93595500
88 88 0.98724100
81 82 0.00505809
81 80 0.00525870
81 81 0.92950800
137 136 0.00602194
137 137 0.16351300
137 135 0.00212546
137 134 0.69165900
113 113 0.36147000
113 110 0.00357369
113 114 0.00164073
113 111 0.00309039
113 112 0.40136700
13 13 0.59735800
70 70 0.80472400
70 69 0.01974630
76 77 0.00134875
76 76 0.07776630
76 75 0.41768900
9 9 0.67255300
6 6 0.40965500
136 135 0.00343321
136 133 0.68713100
136 136 0.17843100
136 132 0.00058456
136 134 0.00070258
55 55 0.90817000
55 54 0.00113928
130 127 0.68526100
130 131 0.01835520
130 130 0.25362600
93 93 0.98598300
89 89 0.97773100
67 67 0.92860300
67 66 0.01016620
128 126 0.00115842
128 129 0.01092580
128 128 0.25147500
128 125 0.68085300
128 123 0.00108758
92 92 0.93965300
143 140 0.67482900
143 142 0.01160520
143 141 0.19006600
143 139 0.00183584
143 143 0.03749130
143 138 0.00100731
101 101 0.98801100
40 40 0.49778900
132 132 0.01444640
132 133 0.00096398
132 129 0.61114900
141 141 0.04598590
141 140 0.01807400
141 139 0.08021120
141 138 0.71669500
16 16 0.97696500
16 15 0.00131501
16 17 0.00072969
37 37 0.67257700
85 84 0.00065113
85 85 0.90793500
112 112 0.53105600
112 111 0.25526800
112 110 0.00129736
112 113 0.00061164
112 109 0.00087387
39 39 0.57773300
134 134 0.17520400
134 131 0.68671300
134 135 0.00050833
99 99 0.98822400
7 7 0.97002600
