109 109 0.43442700
43 41 0.00150078
43 42 0.01048560
43 43 0.97004600
126 127 0.00448705
126 126 0.96946200
55 55 0.97661800
94 94 0.97693000
94 95 0.00076976
91 91 0.97602300
91 90 0.00156357
87 87 0.98258200
21 22 0.00116112
21 21 0.98187500
129 129 0.97286600
129 130 0.01340920
4 5 0.00133154
4 4 0.83976000
119 118 0.00408175
119 120 0.00660081
119 119 0.97082600
11 9 0.00065957
11 10 0.00079608
11 11 0.97833600
6 7 0.00151298
6 6 0.98194100
131 131 0.82413200
131 132 0.01318560
42 40 0.00064669
42 41 0.01034390
42 42 0.96769800
42 43 0.00050016
100 100 0.97464900
47 47 0.89258900
47 46 0.00262285
122 122 0.94873400
122 123 0.00507547
122 121 0.00318138
56 56 0.97662800
51 50 0.00189252
51 51 0.97503000
141 141 0.99195600
141 140 0.00131991
141 142 0.00131435
136 136 0.98382200
136 137 0.00104009
124 124 0.96613900
124 123 0.00163428
124 125 0.00576562
67 67 0.98319800
63 63 0.98307700
106 106 0.84964600
64 64 0.98309700
123 124 0.00516098
123 122 0.00175464
123 123 0.95101900
53 53 0.97535400
53 52 0.00127971
44 43 0.00827334
44 44 0.97224100
44 42 0.00184347
93 93 0.85169200
59 59 0.97928600
59 60 0.00100184
1 1 0.99909400
1 2 0.00069588
83 83 0.98429200
116 117 0.00330919
116 116 0.90389400
65 65 0.98313500
25 25 0.98338300
48 47 0.00226737
48 49 0.00061378
48 48 0.97862800
10 8 0.00069572
10 10 0.97829500
77 77 0.98421400
117 118 0.00368440
117 117 0.90039000
117 116 0.00276265
97 97 0.97399800
9 7 0.00065442
9 9 0.97890800
80 80 0.98347900
138 138 0.83817800
110 110 0.23601300
110 111 0.00053427
104 104 0.95858900
16 16 0.98002500
39 39 0.86600600
115 116 0.00294186
115 115 0.97192500
85 85 0.98261000
76 76 0.98426500
139 139 0.10089700
139 140 0.00618250
139 138 0.00070417
30 30 0.98332000
82 82 0.98352300
135 135 0.85677100
2 2 0.99761300
2 3 0.00136002
84 84 0.87216700
70 70 0.98216600
95 95 0.30987500
95 96 0.00073899
62 62 0.89793100
137 138 0.00085506
137 137 0.85388100
108 108 0.96533900
54 53 0.00079822
54 54 0.97590200
58 58 0.97694800
66 66 0.98319500
17 17 0.97958200
78 78 0.98416500
5 5 0.85539300
5 6 0.00123541
34 34 0.82816000
102 102 0.95859800
41 42 0.00055089
41 41 0.96769000
41 40 0.00816051
26 26 0.98338800
105 105 0.95855800
114 114 0.82331600
114 115 0.00222083
72 72 0.98426500
13 13 0.97902700
49 49 0.97605500
49 48 0.00231780
49 50 0.00209900
142 142 0.99562200
142 141 0.00124372
74 74 0.98427600
96 96 0.50969100
96 97 0.00063868
130 130 0.97361900
130 131 0.01330050
92 92 0.84963400
27 27 0.98338000
112 112 0.33267300
112 113 0.00089106
68 68 0.98248100
57 57 0.97699000
132 132 0.82177500
132 133 0.01155410
38 38 0.82788900
40 39 0.00131061
40 40 0.96986900
113 114 0.00150103
113 113 0.82131900
32 32 0.97914200
120 119 0.00441468
120 120 0.83713200
120 121 0.00661115
89 89 0.98044100
89 88 0.00174399
61 61 0.98140900
7 7 0.98044800
12 11 0.00071357
12 10 0.00064438
12 12 0.97843700
107 107 0.87566400
79 79 0.98389600
8 6 0.00068218
8 8 0.97964300
8 7 0.00058668
127 127 0.96991000
127 128 0.00289974
81 82 0.00071939
81 81 0.98318400
90 90 0.97883000
90 89 0.00208028
52 51 0.00169231
52 52 0.97498700
73 73 0.98426900
60 60 0.98081900
60 61 0.00056346
133 133 0.33439500
133 134 0.00147663
24 24 0.98320200
45 44 0.00602881
45 45 0.97464000
45 43 0.00196751
14 14 0.97982000
15 15 0.98005800
46 45 0.00559592
46 46 0.97489900
46 44 0.00210242
99 99 0.97473100
121 122 0.00588110
121 121 0.94635900
121 120 0.00474656
37 37 0.98330700
103 103 0.95859500
118 117 0.00425111
118 118 0.95743100
118 119 0.00405984
3 3 0.10237900
3 4 0.00134998
71 71 0.87201700
29 29 0.98326000
35 35 0.98330200
50 50 0.97482300
50 49 0.00196683
20 20 0.98103400
20 21 0.00125060
20 19 0.00093538
125 124 0.00180814
125 126 0.00439667
125 125 0.96640400
140 140 0.98910300
140 139 0.00097730
140 141 0.00352631
19 18 0.00072193
19 19 0.98125700
19 20 0.00101333
69 69 0.98243800
75 75 0.98427400
128 128 0.97211600
128 129 0.01206990
22 22 0.98204500
23 23 0.98302900
28 28 0.98331500
88 88 0.98162400
88 87 0.00058504
33 33 0.86781900
31 31 0.98058400
36 36 0.98333000
111 111 0.97132300
111 112 0.00070530
101 101 0.95859600
134 134 0.85705100
98 98 0.86810300
18 18 0.98185800
18 19 0.00073183
86 86 0.98259400
