108 108 0.33982900
77 77 0.52115100
60 60 0.37285700
31 31 0.42765200
2 2 0.44293100
43 43 0.33679000
88 88 0.40301200
116 116 0.12638000
133 133 0.32692200
63 63 0.94530400
129 129 0.29022800
74 74 0.39924400
44 44 0.10190800
49 49 0.42265500
56 56 0.31900600
89 89 0.36572000
95 95 0.37800500
79 79 0.42033900
147 147 0.58248100
52 52 0.35876300
26 26 0.73710600
141 141 0.59633700
149 149 0.84328600
107 107 0.29022800
94 94 0.43376100
85 85 0.87978500
10 10 0.39171800
58 58 0.29678700
86 86 0.39956500
124 124 0.28982200
112 112 0.28982000
67 67 0.34368500
103 103 0.32725700
28 28 0.84942600
7 7 0.71779600
30 30 0.42634900
145 145 0.42536500
25 25 0.37683800
148 148 0.61972800
13 13 0.29010500
34 34 0.40253800
132 132 0.28590500
14 14 0.28725100
151 151 0.67822700
128 128 0.33213400
91 91 0.42815300
39 39 0.39992500
65 65 0.90114500
157 157 0.47452100
118 118 0.99998500
11 11 0.39164800
38 38 0.47329500
73 73 0.85034100
99 99 0.47342700
18 18 0.99551300
156 156 0.43961600
109 109 0.30943200
102 102 0.31629000
64 64 0.97149700
48 48 0.48736700
3 3 0.48025900
53 53 0.41748800
69 69 0.31903700
92 92 0.52712000
76 76 0.56443900
20 20 0.28725100
75 75 0.57746000
27 27 0.47389400
122 122 0.29035500
29 29 0.41088200
9 9 0.38731600
33 33 0.50318400
105 105 0.28871000
98 98 0.56745500
131 131 0.28871800
22 22 0.38134100
4 4 0.89202700
59 59 0.39342400
100 100 0.47534000
32 32 0.82661100
114 114 0.29035500
61 61 0.84648800
8 8 0.95690900
90 90 0.44466100
143 143 0.41924600
71 71 0.33138500
126 126 0.99292300
117 117 0.99998400
42 42 0.33820800
146 146 0.33051800
139 139 0.54963600
50 50 0.40698900
127 127 0.28322000
36 36 0.68036500
104 104 0.28596400
1 1 0.52057700
19 19 0.31273600
123 123 0.39468400
150 150 0.77037800
97 97 0.76186000
70 70 0.30994200
78 78 0.55465900
23 23 0.38126200
134 134 0.28579000
68 68 0.44162700
158 158 0.70189800
96 96 0.62958000
24 24 0.38133500
160 160 0.94580200
135 135 0.85478400
82 82 0.35110900
54 54 0.95689100
12 12 0.39139500
57 57 0.30272900
55 55 0.32747000
6 6 0.84447300
72 72 0.38446200
142 142 0.39070200
37 37 0.59993800
93 93 0.39896500
136 136 0.51590900
154 154 0.76813600
138 138 0.45081900
137 137 0.48077900
125 125 0.29180200
21 21 0.28099400
84 84 0.84482400
80 80 0.39545200
101 101 0.84345700
119 119 0.99998400
41 41 0.47038200
153 153 0.64360800
81 81 0.47299200
35 35 0.39830400
121 121 0.29315900
40 40 0.58010700
155 155 0.48302100
144 144 0.61720800
51 51 0.51612700
5 5 0.87711000
120 120 0.12638400
106 106 0.39424600
113 113 0.39468500
111 111 0.31720700
17 17 0.99550000
87 87 0.51320900
66 66 0.84781200
62 62 0.83259000
110 110 0.94081700
46 46 0.45359900
115 115 0.29315900
83 83 0.34850100
152 152 0.74384500
130 130 0.39424900
16 16 0.99549900
140 140 0.48841000
159 159 0.77063300
15 15 0.31273200
45 45 0.70415800
47 47 0.40552100
