62 62 0.01231660
62 61 0.03040290
110 110 0.99850200
46 46 0.36129100
46 47 0.00062311
115 115 0.59062100
83 83 0.07085930
83 80 0.00633930
83 81 0.91919100
83 82 0.00155514
106 106 0.99858700
113 113 0.06803140
111 111 0.99861500
87 86 0.03120940
87 88 0.00089734
87 87 0.32505200
87 84 0.00541277
87 85 0.63516500
17 17 0.99566800
66 63 0.00156660
66 64 0.16748000
66 66 0.00279012
66 65 0.15836300
45 45 0.92251100
45 46 0.00940102
47 47 0.12586400
152 152 0.99191500
130 130 0.99863700
16 16 0.99554900
159 159 0.98530500
140 140 0.98449800
15 15 0.99545100
125 124 0.00071952
125 125 0.99768800
21 21 0.68929000
84 83 0.00236457
84 81 0.00651295
84 84 0.07527950
84 82 0.91408300
80 78 0.38553400
80 80 0.00133451
137 137 0.99878800
121 121 0.59061100
40 39 0.00071524
40 41 0.02966240
40 40 0.96564400
144 144 0.74813000
155 155 0.98678100
5 6 0.00139187
5 5 0.99771500
51 51 0.28738800
120 120 0.99983300
101 101 0.99697100
119 119 0.99988600
41 40 0.00088024
41 41 0.96726900
41 42 0.02789640
81 79 0.11687200
81 81 0.00898655
153 153 0.81046400
35 36 0.00674074
35 35 0.99197100
23 23 0.99652300
68 65 0.08466210
68 66 0.03029540
134 134 0.99876500
150 150 0.92736200
70 68 0.01070540
70 67 0.03905670
97 96 0.00083612
97 98 0.00247355
97 97 0.99450900
78 76 0.38947800
57 57 0.05729870
57 56 0.21338500
6 7 0.00134232
6 6 0.89042800
55 54 0.03899230
55 55 0.53121100
37 38 0.01425540
37 36 0.00100996
37 37 0.98391300
142 142 0.63479400
72 70 0.02272020
72 69 0.03889690
93 93 0.99427900
93 92 0.00295714
154 154 0.69424000
136 136 0.99879600
138 138 0.99871600
158 158 0.98462100
24 24 0.99671700
96 96 0.99438500
96 97 0.00208272
96 95 0.00133192
160 160 0.99973700
54 53 0.00851339
54 54 0.95003700
82 80 0.28802000
82 82 0.02214460
82 79 0.00052568
135 135 0.99879500
12 13 0.00059826
12 12 0.10110400
146 146 0.86523700
139 139 0.99874400
61 60 0.85634800
61 61 0.11542000
8 8 0.99652300
32 33 0.00101891
32 32 0.99835900
114 114 0.06417120
100 100 0.99647000
100 101 0.00061327
143 143 0.65644100
90 91 0.00090495
90 90 0.95003700
90 88 0.03487600
90 87 0.00055235
90 89 0.01162880
71 68 0.00273694
71 69 0.25880400
117 117 0.99990100
126 126 0.99818800
126 125 0.00050548
42 41 0.00115263
42 42 0.96923900
42 43 0.02729170
19 19 0.99580600
123 123 0.06776500
50 50 0.38984700
36 35 0.00074773
36 36 0.98650300
36 37 0.01186050
127 127 0.99848700
104 104 0.99826000
1 1 0.21680100
75 72 0.05320230
75 73 0.87552400
27 27 0.66933600
53 53 0.98058400
69 67 0.03041700
69 66 0.00835518
76 74 0.01937120
76 73 0.00132665
92 92 0.99280500
92 91 0.00374861
92 90 0.00116798
20 20 0.99608600
105 105 0.99831000
98 98 0.99411300
98 99 0.00263930
98 97 0.00070904
131 131 0.99850500
22 22 0.10220100
59 59 0.00368050
59 58 0.25515700
4 5 0.00085839
4 4 0.72719400
122 122 0.06416070
9 9 0.99613400
9 10 0.00063962
29 30 0.00121551
29 29 0.99849800
33 33 0.81845200
33 34 0.00104057
148 148 0.99422500
13 13 0.68845500
34 35 0.00156469
34 34 0.77544500
132 132 0.99860400
14 14 0.99533900
128 128 0.99852700
151 151 0.99180900
103 103 0.99829300
28 28 0.81890600
7 7 0.87162300
7 8 0.00109885
30 30 0.99827400
30 31 0.00137678
145 145 0.82252100
25 25 0.99698300
99 99 0.99442300
99 98 0.00068634
99 100 0.00105704
18 18 0.99579000
156 156 0.90651100
109 109 0.99863500
64 64 0.11786500
64 63 0.77294900
64 62 0.00224829
102 102 0.99797600
48 48 0.38687700
3 3 0.73344600
91 90 0.00899105
91 91 0.98282900
91 89 0.00564090
39 39 0.96613500
39 38 0.00064777
39 40 0.03137360
65 64 0.69670500
65 65 0.03597060
65 63 0.08406310
157 157 0.20106700
118 118 0.99982400
73 70 0.03756900
73 71 0.29140800
11 12 0.00089074
11 11 0.99553100
38 38 0.96852600
38 39 0.02917030
38 37 0.00100584
26 26 0.87262600
112 112 0.99867700
67 65 0.71546300
67 64 0.01236600
67 67 0.00100180
67 66 0.00562032
149 149 0.93127800
141 141 0.98449000
107 107 0.99854600
94 94 0.99422100
94 93 0.00300604
85 85 0.10197500
85 84 0.00733789
85 83 0.88147100
85 82 0.00658592
10 11 0.00080286
10 10 0.99572100
58 58 0.04297580
58 57 0.00711689
86 83 0.00708977
86 86 0.13108000
86 84 0.84965600
86 85 0.01034020
124 124 0.99772800
116 116 0.99989100
133 133 0.99860900
63 63 0.13541900
63 62 0.03229360
129 129 0.99859000
74 73 0.00057130
74 71 0.12271100
74 72 0.86862000
44 45 0.01836520
44 44 0.97191900
56 56 0.24915600
56 55 0.33395200
49 49 0.28577900
108 108 0.99867500
77 75 0.28682100
60 59 0.01026780
60 60 0.06306820
31 31 0.99848700
31 32 0.00125333
43 44 0.02635190
43 42 0.00051780
43 43 0.97084400
2 2 0.82168600
88 88 0.52637400
88 86 0.42826500
88 87 0.03841300
88 89 0.00146611
88 85 0.00410733
79 77 0.28519600
79 79 0.00057751
147 147 0.81270000
52 52 0.02076590
89 89 0.73434500
89 87 0.22790100
89 88 0.03183990
89 86 0.00227579
89 90 0.00149170
95 94 0.00224215
95 95 0.99503800
95 96 0.00055069
