29 29 0.31945500
9 9 0.39784500
122 122 0.29042400
33 33 0.81920800
98 98 0.15536200
105 105 0.99993800
22 22 0.39650200
131 131 0.99986200
59 59 0.39049400
4 4 0.95438300
53 54 0.01371260
53 53 0.77530200
69 69 0.29527200
20 20 0.29456000
76 77 0.00424888
76 76 0.73360700
92 92 0.54947400
75 75 0.25718000
75 76 0.00537905
27 27 0.38292900
91 91 0.55599400
157 157 0.50148600
65 65 0.90191600
39 39 0.67970200
11 11 0.01958110
73 74 0.06999580
73 73 0.78774800
38 38 0.83941600
118 118 0.99998700
99 99 0.35370500
156 156 0.44107000
109 109 0.31034000
18 18 0.99998100
3 3 0.51898900
64 64 0.98876700
102 102 0.29707000
48 49 0.00361191
48 48 0.44180200
7 7 0.48532600
28 28 0.93609700
103 103 0.33617900
25 25 0.39786600
145 145 0.30894300
30 30 0.22579900
148 148 0.78124000
34 34 0.57343600
13 13 0.29179200
151 151 0.90756900
128 128 0.33328900
132 132 0.29591700
14 14 0.29456000
149 149 0.93488000
141 141 0.81179000
10 10 0.39637900
94 94 0.69722800
107 107 0.29041900
85 86 0.02004650
85 85 0.68113600
86 87 0.01383020
86 86 0.91559300
124 124 0.29042100
58 58 0.28580800
112 112 0.29043400
67 67 0.31329500
26 26 0.99926700
89 90 0.00090595
89 89 0.65910700
95 95 0.14178600
79 80 0.00381667
79 79 0.09652550
147 147 0.73485000
52 52 0.26153300
52 53 0.00070847
108 108 0.33329400
77 78 0.01159130
77 77 0.25740400
2 2 0.20278400
31 31 0.48170300
43 43 0.84125500
43 44 0.00060806
60 60 0.33859300
88 88 0.79914400
88 89 0.00492854
133 133 0.33615400
116 116 0.12638300
63 63 0.97660600
74 74 0.71084900
74 75 0.01814700
129 129 0.29041700
49 49 0.54556000
49 50 0.00955615
56 56 0.30587100
44 44 0.09476930
130 130 0.39490200
152 152 0.94761700
140 140 0.57663400
159 159 0.53031000
16 16 0.99996700
15 15 0.31720000
47 47 0.09768800
47 48 0.00623588
45 46 0.00387859
45 45 0.61876400
106 106 0.39490700
111 111 0.99996100
113 113 0.39492300
66 66 0.84022600
17 17 0.99996800
87 87 0.82403700
87 88 0.00972338
62 62 0.81955000
110 110 0.97568600
46 46 0.46206700
46 47 0.00512137
83 84 0.00091266
83 83 0.09177810
115 115 0.29317900
101 101 0.99894400
41 41 0.63815100
41 42 0.00246592
119 119 0.99998700
153 153 0.62718900
81 82 0.00061692
81 81 0.93694500
35 36 0.00050622
35 35 0.94514000
40 40 0.77161600
40 41 0.00157555
121 121 0.29318000
155 155 0.50796900
144 144 0.43188700
120 120 0.12638600
51 51 0.56400900
51 52 0.00542367
5 5 0.92499900
137 137 0.35385300
21 21 0.29179200
125 125 0.99985200
80 81 0.00177814
80 80 0.37378200
84 84 0.08925170
84 85 0.01210160
160 160 0.89198300
96 96 0.83280900
24 24 0.39638500
158 158 0.51622400
54 54 0.97292200
54 55 0.00130190
135 135 0.99900300
82 83 0.00089626
82 82 0.72119700
12 12 0.39650300
55 55 0.32941800
6 6 0.89700800
57 57 0.28710900
93 93 0.62091800
142 142 0.41811600
72 73 0.06505110
72 72 0.28479200
37 37 0.52048100
154 154 0.87017600
136 136 0.36733400
138 138 0.08651810
150 150 0.87155500
70 71 0.00549059
70 70 0.28661800
97 97 0.89491000
78 79 0.00097496
78 78 0.43110800
23 23 0.01958030
134 134 0.29705500
68 68 0.41173200
127 127 0.28606200
36 36 0.82062500
50 51 0.02561420
50 50 0.73912300
1 1 0.58642400
104 104 0.29592600
19 19 0.31720400
123 123 0.39492200
100 100 0.36731200
8 8 0.99925800
61 61 0.83651300
32 32 0.96387100
114 114 0.29042400
71 72 0.02921830
71 71 0.29062300
90 90 0.72894200
90 91 0.00061039
143 143 0.41103600
117 117 0.99998600
126 126 0.99985400
42 42 0.30595300
42 43 0.00064698
146 146 0.31436600
139 139 0.75879500
