136 136 0.39863500
154 154 0.88726900
138 138 0.09476570
57 57 0.29505100
55 55 0.33427600
6 6 0.89671500
142 142 0.42504100
37 37 0.58621400
72 72 0.30563100
72 73 0.04674840
93 93 0.53924800
12 12 0.39492000
158 158 0.50966400
96 96 0.89031700
160 160 0.96407100
24 24 0.39458600
82 82 0.68286200
135 135 0.99877100
54 55 0.00110577
54 54 0.97538600
23 23 0.01944950
68 68 0.41786500
134 134 0.29977600
70 70 0.29592700
70 71 0.00396830
97 97 0.87720600
78 78 0.51103500
78 79 0.00090302
150 150 0.83803400
123 123 0.39492200
19 19 0.31576300
50 51 0.01278200
50 50 0.81229400
36 36 0.79921500
127 127 0.28601600
104 104 0.29731100
1 1 0.54953600
146 146 0.32622400
139 139 0.75176600
126 126 0.99985400
117 117 0.99998700
42 42 0.18826500
114 114 0.29042400
8 8 0.99783000
61 61 0.83783900
100 100 0.39860900
32 32 0.60686500
90 90 0.53809500
143 143 0.43733100
71 72 0.02065410
71 71 0.30197500
45 45 0.71753800
45 46 0.00434648
47 48 0.00699639
47 47 0.11806600
16 16 0.99996800
159 159 0.70127800
140 140 0.49686000
15 15 0.31575900
152 152 0.93482300
130 130 0.39489800
46 46 0.42303500
46 47 0.00558884
115 115 0.29042400
83 83 0.06709730
62 62 0.82160000
110 110 0.97552700
17 17 0.99997000
87 87 0.82533300
87 88 0.00286515
66 66 0.84308200
106 106 0.39490300
113 113 0.39492300
111 111 0.99996100
155 155 0.56964200
144 144 0.43282000
5 5 0.90595900
51 51 0.62300800
51 52 0.00410229
120 120 0.39811300
121 121 0.29042400
40 40 0.72855600
40 41 0.00084502
81 81 0.96789000
153 153 0.68547200
35 35 0.90320900
101 101 0.99872000
119 119 0.99998600
41 42 0.00128030
41 41 0.30812800
84 85 0.00338492
84 84 0.06369850
80 81 0.00150493
80 80 0.45355700
125 125 0.99985200
21 21 0.29042200
137 137 0.38457200
112 112 0.29043400
67 67 0.31827700
85 85 0.30526400
85 86 0.00602833
107 107 0.29041800
94 94 0.61875600
10 10 0.39458900
58 58 0.29194100
86 87 0.00434214
86 86 0.88837700
124 124 0.29042100
141 141 0.74382700
149 149 0.88746900
26 26 0.99775600
147 147 0.70889700
52 52 0.31549800
52 53 0.00067031
79 79 0.11618400
79 80 0.00343639
89 89 0.71116600
95 95 0.14444700
129 129 0.29041600
74 75 0.01472920
74 74 0.78794000
44 44 0.06803850
49 49 0.57067400
49 50 0.00948250
56 56 0.30918300
116 116 0.39811400
133 133 0.33761500
63 63 0.97622800
60 60 0.34261600
43 43 0.87046400
2 2 0.18488900
31 31 0.44150500
88 89 0.00131561
88 88 0.78839500
108 108 0.33477700
77 77 0.31572900
77 78 0.01000210
4 4 0.94376700
59 59 0.39589500
105 105 0.99992800
98 98 0.17394000
131 131 0.99985200
22 22 0.39491900
33 33 0.74556200
122 122 0.29042400
29 29 0.30195900
9 9 0.39408000
27 27 0.39457800
75 76 0.00451129
75 75 0.31380900
69 69 0.30171600
76 76 0.79919100
76 77 0.00320706
92 92 0.52244500
20 20 0.29317800
53 53 0.83499800
53 54 0.01141870
18 18 0.99998300
156 156 0.46885300
109 109 0.31045200
102 102 0.29980000
64 64 0.98879400
48 48 0.52094600
48 49 0.00379119
3 3 0.48207800
99 99 0.38438700
157 157 0.53266600
39 39 0.68009300
65 65 0.90365300
118 118 0.99998700
73 74 0.05405910
73 73 0.85152100
38 38 0.78954200
11 11 0.01945060
91 91 0.52798800
13 13 0.29042300
34 34 0.57801300
132 132 0.29729900
14 14 0.29317900
151 151 0.88612700
128 128 0.33477200
148 148 0.74664100
28 28 0.96237600
103 103 0.33764900
7 7 0.49359500
30 30 0.19034600
145 145 0.33019100
25 25 0.39407200
