121 120 0.00052397
121 122 0.00292214
121 117 0.00550832
121 118 0.90733968
121 121 0.01627767
121 119 0.00267320
107 110 0.00222277
107 101 0.01634462
107 107 0.00923582
107 103 0.00423932
107 100 0.00074925
107 105 0.00792293
107 104 0.22368030
107 106 0.02253649
107 109 0.00161511
79 76 0.00163688
79 79 0.34635220
141 142 0.00193702
141 137 0.00118689
141 138 0.80290761
27 26 0.00151889
27 27 0.80611181
84 80 0.00170726
84 85 0.00416579
84 83 0.02096168
84 84 0.68697933
84 81 0.04045986
84 82 0.04668227
84 79 0.00073921
85 86 0.01237384
85 82 0.04227462
85 84 0.01033657
85 81 0.00127144
85 83 0.02672747
85 80 0.00402777
85 85 0.59052052
148 146 0.00073549
148 148 0.00052336
148 145 0.78242403
148 149 0.00177448
102 100 0.00809873
102 96 0.00255655
102 98 0.00292310
102 101 0.00790142
102 102 0.00060162
102 99 0.32097729
102 95 0.03038645
102 97 0.00729035
90 89 0.13552029
90 91 0.01152393
90 88 0.00346306
90 90 0.35449090
90 85 0.02710649
90 87 0.01365260
90 86 0.00069550
25 24 0.00183526
25 26 0.00166376
25 25 0.70379488
76 73 0.03194074
76 75 0.00587145
76 77 0.00316883
76 76 0.57944229
76 74 0.03429766
104 107 0.00097482
104 102 0.00559365
104 101 0.32397260
104 99 0.00792151
104 97 0.03022544
104 104 0.01641511
104 106 0.00124787
104 100 0.04042267
104 105 0.00090040
104 103 0.04854039
104 98 0.00532101
106 105 0.07527596
106 100 0.08234131
106 106 0.02792671
106 109 0.00187927
106 104 0.00206545
106 98 0.00107692
106 103 0.22074199
106 99 0.03543630
106 101 0.00267584
106 102 0.03051037
106 108 0.00124128
10 10 0.72027772
80 77 0.00490238
80 80 0.33592906
30 29 0.00277060
30 30 0.57481513
153 150 0.79777005
153 151 0.00097104
47 45 0.00275919
47 46 0.00510388
47 47 0.56990372
119 119 0.03591370
119 121 0.00483088
119 117 0.00126918
119 116 0.87700264
66 64 0.00184455
66 65 0.00174630
66 66 0.69141372
55 53 0.03225629
55 55 0.65234267
86 87 0.01933516
86 86 0.51025823
86 82 0.00064007
86 81 0.00842143
86 84 0.00666544
86 83 0.06243503
86 85 0.07108212
20 20 0.63372625
7 7 0.73829435
7 6 0.00055824
150 147 0.81928314
150 151 0.00146668
150 150 0.00308594
37 38 0.00086375
37 37 0.51557137
37 36 0.04731731
41 42 0.01719567
41 41 0.52175122
41 40 0.21441835
146 143 0.89738765
146 147 0.00528703
2 2 0.90886132
89 87 0.00109074
89 86 0.00229214
89 84 0.01910166
89 89 0.40971912
89 88 0.17336429
89 90 0.00210159
42 43 0.09821265
42 42 0.52558020
42 41 0.20601764
28 28 0.73837506
28 27 0.00177688
54 54 0.63739517
54 52 0.14982615
142 138 0.00068938
142 139 0.89123787
142 143 0.00361070
5 4 0.00332661
5 5 0.96689570
78 78 0.08427548
108 108 0.02445899
108 110 0.00241115
108 107 0.08125408
108 111 0.00223815
108 102 0.07419707
108 101 0.00217467
108 103 0.00166774
108 104 0.12355767
108 109 0.00060620
108 106 0.00296664
108 105 0.15906489
147 144 0.67769963
13 13 0.93187337
143 140 0.95496163
123 122 0.00139241
123 121 0.00363496
123 120 0.65934161
74 72 0.00332456
74 74 0.58717677
74 71 0.00106942
74 73 0.01264159
74 75 0.00248736
6 6 0.82472765
6 5 0.00435544
149 150 0.00154988
149 149 0.00215216
149 146 0.63058461
149 147 0.00268289
73 74 0.00117111
73 72 0.00514252
73 73 0.72310780
75 72 0.02711591
75 76 0.00216758
75 74 0.00764514
75 75 0.55049344
75 73 0.02763121
126 124 0.00061943
126 127 0.00103742
126 123 0.67113172
95 96 0.00438402
95 92 0.07393701
95 94 0.01229197
95 95 0.03855733
95 89 0.00642789
95 91 0.00193053
95 93 0.06735654
95 90 0.02866190
36 35 0.04900750
36 37 0.00082320
36 36 0.43536274
144 141 0.91267431
100 99 0.04011585
100 102 0.00340021
100 101 0.00253039
100 97 0.06697893
100 93 0.00335720
100 95 0.03899046
100 94 0.00221759
100 100 0.00427319
100 96 0.02316751
100 98 0.02118635
87 84 0.08232857
87 86 0.00706112
87 82 0.01622314
87 87 0.41026343
87 85 0.00348847
87 88 0.00316280
64 63 0.00094587
64 64 0.84551508
64 62 0.00215536
14 14 0.94695389
60 58 0.00190737
60 59 0.00090275
60 60 0.52585935
151 152 0.00077734
151 148 0.92290691
151 151 0.00493880
111 113 0.00467230
111 107 0.02147128
111 111 0.03934644
111 114 0.00099804
111 108 0.71512322
111 110 0.01984962
111 104 0.00923458
111 109 0.00157524
111 106 0.00084601
111 105 0.07750814
61 59 0.02958061
61 61 0.67578203
61 60 0.00198064
110 109 0.02045266
110 106 0.03442140
110 104 0.10834366
110 105 0.00402514
110 103 0.01274828
110 111 0.00084450
110 107 0.51795124
110 113 0.00093154
110 112 0.00570434
110 108 0.00817005
110 110 0.02042239
77 76 0.00771451
77 74 0.03135025
77 77 0.62280545
77 75 0.04626510
130 131 0.00645356
130 126 0.00148729
130 127 0.75118945
21 21 0.39231438
39 40 0.02370431
39 38 0.15429665
39 39 0.68018252
145 142 0.88989657
145 146 0.00199456
134 131 0.50401590
134 130 0.02299378
46 45 0.00632236
46 44 0.02518805
46 46 0.78653516
129 126 0.85071102
129 130 0.00639440
129 125 0.00085820
15 15 0.75515320
88 87 0.00422645
88 85 0.08410083
88 83 0.02273590
88 88 0.43656268
88 89 0.03590929
135 131 0.01580187
135 132 0.69392597
135 136 0.00603225
115 111 0.00123947
115 112 0.33508643
115 117 0.00163361
115 115 0.03713559
137 134 0.58505509
137 133 0.05698139
40 40 0.51834873
40 39 0.11254725
40 41 0.06908404
132 129 0.83199304
132 128 0.03070056
132 133 0.00161342
128 129 0.00639171
128 125 0.89912143
68 66 0.01590419
68 68 0.53333827
68 65 0.00337272
68 67 0.00563887
29 28 0.00163355
29 29 0.60108260
45 45 0.50130520
45 46 0.00215847
45 44 0.00895804
45 43 0.00092844
62 60 0.00423097
62 62 0.26589385
138 135 0.78043544
138 134 0.05190882
18 18 0.69457094
1 1 0.99773169
131 127 0.00552985
131 132 0.00658552
131 128 0.76116301
19 19 0.68948053
11 11 0.68054791
152 149 0.95321198
152 150 0.00323834
152 152 0.00524216
31 32 0.00228126
31 31 0.83568777
31 30 0.00288768
56 56 0.36053630
56 54 0.06599546
154 151 0.56887054
154 152 0.00677488
155 152 0.98359983
34 34 0.44839034
34 35 0.00195875
34 33 0.08369780
112 111 0.01641996
112 107 0.00057656
112 112 0.03829498
112 114 0.00493697
112 108 0.00545412
112 106 0.03695210
112 109 0.81365156
112 105 0.00503066
101 101 0.00069777
101 99 0.00717659
101 95 0.00273610
101 97 0.00264704
101 100 0.00800032
101 94 0.00113224
101 98 0.32456609
101 96 0.00848426
91 86 0.02422198
91 87 0.00087360
91 92 0.01274319
91 85 0.00105072
91 88 0.04962960
91 90 0.16755014
91 89 0.01440098
91 91 0.16076409
58 58 0.64594221
58 56 0.14977841
33 32 0.04784147
33 33 0.51497321
33 34 0.01270910
52 50 0.00374446
52 52 0.41825947
117 114 0.85024014
117 115 0.00067394
117 117 0.03813934
82 82 0.13237216
82 81 0.01517224
82 80 0.00126984
82 83 0.00320005
82 78 0.00057209
82 79 0.03526107
72 70 0.01678353
72 73 0.00073061
72 71 0.00572574
72 69 0.00050870
72 72 0.39217442
69 66 0.02759374
69 68 0.00736113
69 70 0.00059088
69 67 0.03203816
69 69 0.69274721
71 68 0.00267142
71 70 0.00316565
71 71 0.63753822
92 89 0.04258135
92 91 0.08019143
92 93 0.01306814
92 88 0.00632026
92 90 0.03063031
92 92 0.36619351
92 87 0.00099097
35 36 0.00103233
35 35 0.45084997
35 34 0.03376363
12 12 0.93885185
114 116 0.00535399
114 113 0.00172264
114 111 0.82598082
114 114 0.03867602
114 112 0.00056720
114 108 0.00207716
114 110 0.00227909
118 115 0.89015923
118 118 0.03813342
118 114 0.00593673
118 120 0.00635761
118 116 0.00063897
99 99 0.00324831
99 101 0.00254744
99 95 0.03234850
99 93 0.03491154
99 97 0.01556874
99 100 0.00209692
99 94 0.01688045
99 96 0.23238837
99 98 0.03452495
99 92 0.01031124
113 109 0.00284390
113 106 0.00066338
113 108 0.00164809
113 115 0.00054814
113 110 0.85966172
113 113 0.03958731
113 107 0.01168715
113 112 0.01094864
26 25 0.00132257
26 26 0.75765781
22 22 0.66491662
105 103 0.00498102
105 98 0.05138069
105 104 0.01389193
105 100 0.00601174
105 105 0.00637139
105 108 0.00050458
105 97 0.00131391
105 107 0.00061469
105 102 0.29238469
105 101 0.10224306
105 99 0.06240016
67 66 0.00519370
67 67 0.55433398
67 64 0.00050583
67 65 0.00384492
127 124 0.69523456
127 128 0.00638009
120 121 0.00194282
120 118 0.00175320
120 117 0.66250743
120 122 0.00330449
120 116 0.00909529
120 120 0.02819133
50 50 0.51936607
50 48 0.01371913
96 94 0.12734800
96 96 0.00800711
96 98 0.00057962
96 92 0.01019875
96 90 0.00714398
96 95 0.02705188
96 91 0.00523814
96 97 0.00476910
96 93 0.01791862
51 51 0.52445121
51 49 0.00377445
133 130 0.66002767
133 129 0.02474741
8 8 0.60302963
53 53 0.44977349
53 51 0.03779466
16 16 0.45028263
81 81 0.41154213
81 80 0.02010210
81 79 0.00117625
81 78 0.00687679
109 106 0.06981818
109 109 0.02568256
109 104 0.00395365
109 105 0.12113202
109 103 0.03611514
109 107 0.00664394
109 111 0.00316580
109 102 0.01442400
109 112 0.00229999
109 108 0.04293262
109 110 0.00283257
44 43 0.14236857
44 44 0.58108356
44 42 0.00451353
44 45 0.00579622
57 57 0.41126966
57 55 0.00295372
65 65 0.84831278
65 64 0.00170668
65 63 0.00205195
24 24 0.42745086
24 23 0.00328738
3 4 0.00088129
3 2 0.00067320
3 3 0.91993708
124 122 0.00285628
124 121 0.70491348
59 57 0.00177603
59 59 0.42082735
59 58 0.00104668
122 120 0.00297393
122 118 0.00154375
122 119 0.85508681
122 121 0.00214580
122 122 0.00737469
43 42 0.18784866
43 41 0.00240720
43 44 0.06677749
43 43 0.60521621
32 31 0.00852683
32 33 0.00920419
32 32 0.46180701
48 47 0.00484717
48 48 0.69345099
48 46 0.00622796
125 123 0.00210499
125 122 0.64472703
83 82 0.00601368
83 84 0.00277437
83 81 0.05668782
83 80 0.01386355
83 83 0.77156805
83 79 0.00132936
49 47 0.01573316
49 50 0.00080470
49 49 0.54398327
103 100 0.32069493
103 96 0.00131519
103 98 0.00695064
103 103 0.00083012
103 101 0.01270050
103 102 0.00719221
103 99 0.01616716
103 97 0.01410120
70 68 0.02337834
70 70 0.51371791
70 69 0.00685052
70 67 0.00103537
4 3 0.00192037
4 4 0.98645438
4 5 0.00163521
139 135 0.01142288
139 140 0.00341138
139 136 0.67376084
94 90 0.03424012
94 93 0.04211210
94 95 0.02472362
94 89 0.02280975
94 91 0.00597065
94 94 0.11220908
94 92 0.08220130
94 96 0.00068152
23 23 0.50470193
23 22 0.00164070
17 17 0.59782250
140 136 0.00813562
140 137 0.79328272
140 141 0.00592245
97 94 0.10119004
97 98 0.00229604
97 96 0.03293679
97 92 0.03379093
97 95 0.11792450
97 91 0.00230138
97 97 0.00331831
97 93 0.03943286
93 88 0.00446347
93 90 0.02403604
93 89 0.03239279
93 95 0.00054249
93 91 0.05619280
93 93 0.03749657
93 94 0.01779361
93 92 0.06310266
63 61 0.00247260
63 63 0.66516418
116 112 0.00169726
116 113 0.57236652
116 116 0.03857682
9 9 0.60821928
98 94 0.02212316
98 100 0.00164526
98 92 0.01555152
98 96 0.25608601
98 98 0.00542114
98 99 0.00278258
98 97 0.02133912
98 93 0.04384322
98 95 0.02836010
98 91 0.00123478
38 37 0.04718353
38 39 0.00094250
38 38 0.36569727
136 137 0.00389663
136 132 0.02477653
136 133 0.57269805
