39 98 39 98 0.69423200
34 146 34 146 0.60507100
28 153 28 153 0.14005100
14 27 14 27 0.04043600
14 21 14 21 0.05916080
114 139 114 139 0.04741360
41 96 41 96 0.58742100
38 99 38 99 0.58742000
35 145 35 145 0.84364000
111 141 111 141 0.66258700
116 139 116 139 0.30255200
108 144 108 144 0.58418600
117 138 117 138 0.53159200
15 26 15 26 0.04064850
82 87 82 87 0.49784400
82 88 82 88 0.01355340
42 95 42 95 0.63380500
43 94 43 94 0.52686200
37 100 37 100 0.58741900
101 106 101 106 0.08679780
63 67 62 67 0.00156364
33 147 33 147 0.70957300
32 148 32 148 0.60507300
52 61 52 61 0.06117410
60 70 60 70 0.08636420
1 10 1 10 0.04217980
47 68 47 68 0.18345600
47 52 47 52 0.23840400
29 151 29 151 0.69700400
78 92 78 92 0.02649120
78 91 78 91 0.55585200
78 87 78 87 0.00746937
6 15 6 15 0.16166800
7 15 7 15 0.09611690
81 88 81 88 0.32407700
81 87 81 87 0.06210350
113 139 113 139 0.34340500
49 65 49 65 0.16319500
49 64 49 64 0.06418340
53 60 53 60 0.05851590
53 61 53 61 0.18785500
112 141 112 141 0.03365460
109 143 109 143 0.58418400
74 91 74 91 0.07926110
75 95 75 95 0.08517270
54 60 54 60 0.25500500
73 91 73 91 0.01316460
73 92 73 92 0.13585200
76 88 76 88 0.00936549
76 93 76 93 0.34020400
76 94 76 94 0.02071310
30 150 30 150 0.60507100
40 97 40 97 0.69423200
86 91 86 91 0.00264005
61 69 61 69 0.13706900
107 145 107 145 0.03348570
77 92 77 92 0.40229400
77 87 77 87 0.00491688
77 93 77 93 0.02282980
77 88 77 88 0.00724216
80 88 80 88 0.33537300
10 18 10 18 0.03250980
10 16 10 16 0.03021870
10 19 10 19 0.03764140
10 14 10 14 0.05621050
46 69 46 69 0.19709500
46 68 46 68 0.08968110
46 53 46 53 0.15611300
9 15 9 15 0.03823060
127 131 127 131 0.17845700
72 93 72 93 0.18483300
72 92 72 92 0.02026830
31 149 31 149 0.70957300
62 68 62 67 0.00057386
8 14 8 14 0.18635800
79 89 79 89 0.66645300
79 91 79 91 0.02198100
121 135 121 135 0.38528400
110 142 110 142 0.58418400
85 92 85 92 0.00077164
26 153 26 153 0.21521500
45 69 45 69 0.09407070
45 54 45 54 0.09378680
45 70 45 70 0.27781300
123 133 123 133 0.55639500
124 132 124 132 0.55638400
