30 30 0.68715068
30 31 0.00096830
30 32 0.01543464
30 29 0.00178590
96 94 0.00057742
96 95 0.00050946
96 96 0.68734709
74 74 0.75406068
74 73 0.00072867
8 9 0.00056990
8 8 0.87116516
76 76 0.82998084
76 77 0.00145806
78 79 0.00466041
78 78 0.85971752
69 69 0.96948284
69 68 0.00501593
113 113 0.67192228
24 26 0.00414757
24 25 0.00109110
24 24 0.39973052
93 100 0.00078054
93 93 0.72254531
93 92 0.00126264
93 91 0.00081855
112 112 0.92390711
59 59 0.70986818
59 58 0.00974951
59 60 0.12562389
103 103 0.62907048
103 104 0.00257011
36 36 0.43309184
36 35 0.00309229
13 13 0.97751081
13 14 0.00565859
7 7 0.39468900
148 147 0.23147911
148 149 0.12350805
148 150 0.00886425
148 148 0.33774424
29 28 0.00224446
29 31 0.02104910
29 29 0.44748060
147 148 0.13393043
147 149 0.00870633
147 146 0.21945220
147 147 0.34565281
6 6 0.74195732
6 5 0.00153585
106 106 0.59048069
19 19 0.98745082
19 20 0.00653793
19 21 0.00121386
99 100 0.00069972
99 102 0.00050698
99 99 0.78753697
42 42 0.87042811
42 40 0.00124716
42 43 0.00286798
42 41 0.08014948
110 110 0.97418021
10 10 0.47620230
34 35 0.00254631
34 33 0.23985998
34 34 0.53453099
40 41 0.00078689
40 39 0.17983129
40 40 0.75973006
18 18 0.97221487
18 19 0.00622324
72 72 0.69293076
72 71 0.00148287
136 137 0.08881988
136 136 0.69625741
136 135 0.03367124
136 134 0.00066338
136 138 0.00067217
1 1 0.50910836
119 119 0.84961122
119 118 0.00145585
2 2 0.51046903
2 1 0.00560527
12 12 0.42594966
61 61 0.76366478
61 62 0.06081995
61 60 0.00472260
66 66 0.77729065
66 65 0.00447002
66 67 0.00071111
149 150 0.12598903
149 148 0.11922104
149 149 0.43118817
149 151 0.00688939
126 126 0.62594459
126 125 0.00088815
126 127 0.00507264
55 54 0.02047950
55 55 0.55085682
55 56 0.06317485
127 127 0.93584146
127 126 0.00770959
127 128 0.01506203
125 126 0.00081313
125 125 0.67784746
140 140 0.70008251
140 142 0.00270235
140 138 0.00127448
140 139 0.01766600
140 141 0.09964641
85 85 0.92599349
85 86 0.00193895
85 84 0.00189025
123 123 0.64185383
123 122 0.01418135
98 98 0.68858113
98 99 0.00052953
98 101 0.00060314
9 10 0.00116203
9 9 0.81900840
56 56 0.35381475
56 55 0.01271614
56 57 0.10128227
35 35 0.54907341
35 34 0.28769995
54 55 0.03187965
54 53 0.02025759
54 54 0.71467771
54 57 0.00053799
130 129 0.01447532
130 131 0.04530376
130 130 0.81163222
79 79 0.87558641
79 80 0.00280902
28 30 0.01768084
28 28 0.60140973
70 69 0.00409569
70 70 0.65269003
134 134 0.76511940
134 135 0.06366952
134 133 0.02832904
11 11 0.56370194
33 35 0.00366241
33 34 0.00141291
33 32 0.01852640
33 33 0.53016917
143 145 0.00630512
143 142 0.04039075
143 144 0.11863951
143 143 0.62184236
17 17 0.93831770
17 18 0.00624777
153 155 0.00540107
153 154 0.12303706
153 152 0.15075528
153 153 0.43723986
94 93 0.01522918
94 94 0.74736355
94 100 0.00056344
94 92 0.00077470
39 39 0.55302195
39 38 0.00607685
142 141 0.02103625
142 143 0.10938155
142 142 0.65755241
142 144 0.00597078
137 136 0.02589117
137 137 0.83396494
137 135 0.00127926
137 139 0.00100760
137 138 0.09715162
86 85 0.00117992
86 86 0.89708985
86 87 0.00069765
95 93 0.00056474
95 94 0.00122591
95 95 0.61560536
47 47 0.89309069
47 48 0.00059642
47 45 0.00071826
47 46 0.04215008
71 71 0.59502589
71 70 0.00290464
75 75 0.75904671
75 76 0.00051991
83 84 0.00386303
83 81 0.00113199
83 83 0.63228122
83 82 0.01388626
27 29 0.00308894
27 28 0.00063935
27 27 0.47177715
120 120 0.87722551
120 119 0.07461020
100 101 0.00134529
100 100 0.59924546
135 136 0.08208382
135 134 0.02172204
135 135 0.83398666
122 122 0.66834166
122 121 0.00131162
160 159 0.02761753
160 160 0.87785194
131 131 0.85017589
131 132 0.04618012
131 130 0.02214366
152 152 0.39225286
152 154 0.00582152
152 153 0.13435404
152 150 0.00053642
152 151 0.18383800
92 91 0.00114524
92 92 0.90639212
92 99 0.00088021
92 90 0.00199787
90 90 0.87972252
90 89 0.03670335
116 115 0.00115972
116 116 0.63403082
44 43 0.06528469
44 45 0.00369880
44 42 0.00071736
44 44 0.88786420
50 49 0.02911201
50 50 0.88149148
50 51 0.00081696
107 107 0.66167251
48 46 0.00052789
48 49 0.00059723
48 47 0.02493125
48 48 0.86128622
158 156 0.00067906
158 159 0.09136561
158 158 0.76415835
158 157 0.06606347
158 160 0.00079675
68 67 0.00548505
68 68 0.96187439
68 69 0.00052516
32 32 0.55830988
32 33 0.00329076
32 34 0.00724008
32 31 0.21759297
21 22 0.00689250
21 23 0.00193709
21 21 0.90951621
20 22 0.00229290
20 21 0.00714107
20 20 0.92941538
88 88 0.74552427
88 87 0.03682969
45 43 0.00064518
45 46 0.00222208
45 45 0.85707273
45 44 0.05467038
91 91 0.89742798
91 90 0.00095721
91 89 0.00061091
111 111 0.98730727
51 50 0.02312478
51 52 0.00146050
51 51 0.80139497
81 81 0.86200043
81 82 0.00221495
31 32 0.00303438
31 33 0.01748178
31 31 0.63532925
31 30 0.13155719
65 64 0.00102510
65 66 0.00090512
65 67 0.00051729
65 65 0.74192883
150 152 0.00656945
150 150 0.40818180
150 148 0.00050882
150 149 0.25081608
150 151 0.12737482
26 28 0.03718476
26 27 0.00840770
26 26 0.89982115
41 39 0.00139685
41 41 0.81371928
41 42 0.00182638
41 40 0.12699435
105 105 0.64472298
105 106 0.00229384
63 62 0.00281483
63 65 0.00053677
63 63 0.82348686
63 64 0.00285525
57 56 0.00982828
57 58 0.12103769
57 57 0.59298873
102 100 0.00071421
102 103 0.00340180
102 102 0.98322427
128 128 0.66079865
128 129 0.02249872
128 127 0.00859551
108 108 0.69090233
129 130 0.03301393
129 128 0.01203207
129 129 0.74036348
58 57 0.00905199
58 59 0.12060802
58 58 0.59570618
156 157 0.09895558
156 158 0.00338473
156 154 0.00093941
156 155 0.09118500
156 156 0.58880176
38 38 0.46044295
38 37 0.12604206
89 89 0.73401716
89 88 0.03672581
115 115 0.59192423
121 120 0.00151930
121 121 0.58646482
4 4 0.42478207
4 3 0.00339229
104 104 0.84027396
104 102 0.00058123
104 105 0.00304087
157 158 0.10681013
157 157 0.69314469
157 155 0.00104911
157 156 0.09881968
157 159 0.00243485
43 43 0.89932226
43 41 0.00080134
43 42 0.07475155
43 44 0.00333530
144 146 0.00464919
144 144 0.72952127
144 145 0.12969563
144 143 0.05303340
64 63 0.00253789
64 64 0.76974582
64 65 0.00169144
101 102 0.00302089
101 99 0.00076339
101 101 0.98412921
87 87 0.83913560
87 86 0.00110915
87 88 0.00059010
132 132 0.80082842
132 133 0.04629577
132 131 0.02128009
138 139 0.09877322
138 138 0.79517715
138 136 0.00118762
138 137 0.02862145
138 140 0.00138110
49 48 0.03460210
49 49 0.83899020
49 50 0.00067685
77 77 0.96393963
77 78 0.00545055
3 3 0.49197081
53 56 0.00060277
53 53 0.75709351
53 52 0.01973069
53 54 0.00662602
15 15 0.40558637
22 23 0.00367997
22 24 0.00627944
22 22 0.88961077
145 144 0.06328498
145 147 0.00716940
145 145 0.62755122
145 146 0.12141512
97 97 0.63575978
114 114 0.64071874
159 159 0.79008188
159 158 0.08342421
159 160 0.04531370
16 16 0.54618362
16 17 0.00566497
146 145 0.16244624
146 147 0.13319623
146 146 0.44680807
146 148 0.00829150
73 72 0.00137444
73 73 0.61916958
139 139 0.60749536
139 138 0.03147781
139 141 0.00183632
139 137 0.00123275
139 140 0.10368754
67 67 0.81566432
67 68 0.00059695
67 66 0.00392228
23 23 0.43617568
23 24 0.00425522
23 25 0.00856768
62 62 0.87432047
62 61 0.00591216
62 64 0.00061609
62 63 0.01372535
25 26 0.00221037
25 25 0.50310181
25 27 0.03193679
154 153 0.16665707
154 155 0.11779925
154 156 0.00449475
154 154 0.47721354
5 7 0.00054040
5 5 0.82341192
80 80 0.83255048
80 81 0.00217445
124 124 0.60279257
124 123 0.01028552
151 152 0.12640424
151 153 0.00640572
151 150 0.17380012
151 151 0.52837677
151 149 0.00055405
141 140 0.01896333
141 142 0.10059390
141 143 0.00469504
141 141 0.70451052
37 36 0.09091355
37 37 0.40629399
46 44 0.00072378
46 47 0.00079336
46 46 0.79567219
46 45 0.04723931
155 157 0.00273752
155 155 0.52148100
155 156 0.09628957
155 154 0.12366104
133 134 0.05593620
133 132 0.01261067
133 133 0.71273583
117 117 0.86467057
117 116 0.00924464
84 83 0.02237909
84 84 0.89506006
84 85 0.00215837
109 109 0.97316231
82 81 0.00208778
82 83 0.00355000
82 80 0.00073849
82 82 0.72795278
60 61 0.11394139
60 60 0.75702244
60 59 0.00823095
14 15 0.00062783
14 14 0.44521776
52 51 0.02161907
52 55 0.00053513
52 52 0.79795818
52 53 0.00204147
118 117 0.01514609
118 118 0.69607492
