69 131 69 130 0.69281900
69 131 68 131 0.00099919
61 139 61 140 0.32347400
67 133 67 132 0.36214200
67 133 66 133 0.00094975
9 150 9 151 0.03389090
9 152 9 151 0.09960710
9 152 8 152 0.63883400
134 147 134 148 0.00232274
35 41 34 41 0.00152921
35 39 35 39 0.12589800
11 150 10 151 0.01960860
11 150 11 150 0.15512500
11 150 11 148 0.00251742
11 147 11 148 0.07932630
68 132 68 131 0.77366500
68 132 67 132 0.00076082
8 152 8 152 0.22494300
8 153 8 152 0.10601300
8 153 7 153 0.54354900
38 45 38 46 0.00149681
38 45 38 45 0.08457510
51 57 50 57 0.00066018
51 57 49 57 0.00053706
51 58 49 58 0.00333500
51 58 50 57 0.00083310
29 35 28 35 0.00724273
29 47 28 47 0.02958020
13 146 13 145 0.00637648
13 146 12 146 0.01748310
13 146 12 147 0.03181050
13 148 12 147 0.00083943
32 44 32 44 0.71404800
4 156 4 156 0.09493940
4 157 3 157 0.40823500
4 157 4 156 0.06427600
137 145 138 146 0.00224574
137 146 137 147 0.14920500
137 146 138 146 0.00401824
27 37 26 37 0.00673458
17 33 17 33 0.01824790
17 33 16 32 0.00201572
3 158 3 157 0.10185000
3 158 2 158 0.40843400
52 57 51 56 0.00332441
52 57 50 57 0.00148421
22 28 21 28 0.00475708
22 45 22 43 0.00299969
22 45 21 43 0.00056712
135 148 134 148 0.11641400
135 148 134 149 0.06192310
62 138 62 139 0.21364300
5 155 5 155 0.09762990
48 59 47 59 0.00329287
48 59 48 58 0.00053644
48 60 47 59 0.00208898
48 60 46 60 0.00541726
63 137 63 138 0.05823980
66 134 66 134 0.11430700
66 134 66 133 0.68823500
21 46 20 46 0.00296178
7 154 6 154 0.41274700
7 154 7 153 0.10631500
12 146 12 146 0.07807300
12 146 12 147 0.15771100
12 145 12 146 0.01620890
12 149 11 148 0.00094675
12 149 11 150 0.03298000
12 149 12 147 0.00500704
12 148 12 146 0.00149910
12 148 12 147 0.01128640
12 148 11 148 0.02548030
71 129 70 129 0.00080550
71 129 71 128 0.36516900
15 144 14 144 0.00781763
15 143 14 144 0.02764490
19 31 19 31 0.09922570
19 31 18 30 0.00368156
70 130 70 129 0.36716900
6 154 6 154 0.18359900
6 155 5 155 0.59572000
6 155 6 154 0.09686620
33 41 32 41 0.00068921
33 43 33 42 0.00076235
33 43 33 43 0.18646800
49 59 48 58 0.00266170
49 59 47 59 0.00598650
49 58 49 58 0.09292500
49 58 48 58 0.00161010
18 32 18 32 0.06733880
18 32 17 31 0.00305074
23 44 23 42 0.00248818
34 42 33 42 0.00209008
34 42 34 41 0.00078030
34 40 34 40 0.18383000
28 48 28 47 0.00329981
28 48 27 48 0.02215850
28 36 27 36 0.00564428
138 145 139 145 0.00647499
138 145 138 146 0.08347770
2 159 1 159 0.49104600
2 159 2 158 0.09284560
