98 98 0.79821605
66 67 0.03631973
66 66 0.63673538
77 78 0.02910123
77 77 0.94010995
3 3 0.65671878
91 91 0.77211082
91 92 0.00625080
103 102 0.00060413
103 103 0.56358198
99 99 0.72598074
88 89 0.00091510
88 88 0.79221541
32 31 0.07175555
32 32 0.32180272
32 30 0.19457843
139 139 0.42819529
139 140 0.00289360
24 23 0.06206776
24 22 0.01988680
24 24 0.31859403
24 25 0.00122619
36 35 0.00216490
36 34 0.15975772
36 36 0.26166216
21 20 0.07703116
21 19 0.39586127
21 21 0.25493818
41 40 0.00233369
41 41 0.40425042
41 39 0.02915260
33 33 0.23937506
33 32 0.12704826
33 31 0.03473915
64 65 0.00504587
64 64 0.50272930
112 112 0.43808311
112 111 0.00121600
149 149 0.34677748
79 79 0.79093088
79 80 0.00302480
81 82 0.01090196
81 81 0.69253042
10 9 0.00241298
10 10 0.32664024
10 8 0.00619868
145 146 0.00479438
145 145 0.59491299
107 106 0.00069338
107 107 0.48621878
127 127 0.38956581
35 33 0.01213237
35 34 0.00187605
35 35 0.24092204
109 109 0.43959103
128 128 0.42496918
47 46 0.00892194
47 47 0.20182858
62 62 0.93638468
11 10 0.01204566
11 11 0.57210654
11 9 0.01584216
22 23 0.00071975
22 22 0.37579386
22 21 0.07670387
22 20 0.32498751
138 138 0.60464243
40 38 0.20124520
40 40 0.24728370
40 39 0.22478610
31 31 0.25267895
31 29 0.24414558
31 30 0.03922248
9 7 0.00335407
9 9 0.64956859
9 8 0.00145401
25 23 0.01172500
25 25 0.45918221
25 24 0.02558942
78 79 0.02853207
78 78 0.91275085
16 16 0.49965616
16 14 0.33321002
16 17 0.00091533
16 15 0.04665533
135 135 0.68000998
135 136 0.00316269
147 147 0.85906223
147 148 0.00062756
87 88 0.02127790
87 87 0.73178139
148 148 0.50701088
4 4 0.24389063
4 2 0.00074490
123 123 0.34932753
69 71 0.00138838
69 70 0.06352913
69 69 0.67906408
42 40 0.01641032
42 42 0.38192686
42 41 0.00189869
45 43 0.00054347
45 45 0.35077763
45 44 0.06728317
114 114 0.61985161
106 106 0.38864609
140 140 0.55363231
140 141 0.01250232
60 60 0.84466791
122 122 0.54966497
68 68 0.11656960
68 69 0.02851767
68 70 0.00122127
120 120 0.63295708
93 94 0.00785543
93 93 0.85026358
51 51 0.65943485
51 50 0.01220709
14 13 0.05183327
14 12 0.01013397
14 14 0.45479012
92 92 0.87562007
92 93 0.01240833
1 1 0.90631832
61 61 0.89505791
6 6 0.64717976
100 100 0.56994508
48 48 0.24710812
48 47 0.00978912
154 154 0.46330191
82 83 0.00118845
82 82 0.57857335
19 17 0.34454144
19 19 0.32855568
19 18 0.00839560
142 143 0.00677738
142 142 0.57666747
90 90 0.51913790
90 91 0.00132229
155 156 0.00453183
155 155 0.36679046
8 8 0.67769900
8 7 0.00118578
8 6 0.00075077
131 131 0.86623624
159 160 0.00141272
159 159 0.91225872
74 75 0.03419186
74 74 0.63509270
85 86 0.00122465
85 85 0.24935785
141 141 0.69147478
141 142 0.00397170
53 53 0.72142785
53 52 0.00172800
67 69 0.00056935
67 67 0.57926011
67 68 0.04925011
65 66 0.02152860
65 65 0.72923366
38 37 0.23287359
38 36 0.37263997
38 38 0.35255958
73 74 0.03229899
73 73 0.74136480
52 52 0.58559297
52 51 0.00950919
43 43 0.24719888
43 42 0.00155113
43 41 0.00359331
132 132 0.77445951
108 108 0.48295433
136 136 0.36964797
136 137 0.00416280
151 151 0.37480881
119 119 0.36248577
84 85 0.00120294
84 84 0.70546681
150 151 0.00093504
150 150 0.49034170
54 53 0.00059609
54 54 0.82826312
133 133 0.64128753
133 134 0.00131252
76 76 0.83117786
76 77 0.02966717
80 80 0.94229786
80 81 0.02692340
12 12 0.33232305
12 10 0.18386308
12 11 0.00474520
110 110 0.38384487
101 100 0.00098949
101 101 0.76620982
137 138 0.02405793
137 137 0.58939092
29 27 0.03532670
29 29 0.21945434
29 28 0.10693603
111 111 0.75030203
49 49 0.34349937
49 48 0.08024403
49 47 0.00114198
124 124 0.45400080
134 134 0.65284473
134 135 0.01041022
95 95 0.83770576
95 96 0.00124115
115 115 0.75558651
105 105 0.61099330
86 87 0.00061274
86 86 0.66014627
55 55 0.74109173
102 102 0.75062698
102 101 0.00087485
2 2 0.66297472
152 153 0.00163519
152 152 0.39106664
70 71 0.05293920
70 70 0.48879055
70 72 0.00058783
28 27 0.03471285
28 28 0.28075136
28 26 0.03632930
117 117 0.84354268
58 58 0.79222264
20 19 0.00468467
20 18 0.34452112
20 20 0.17829579
97 97 0.75743116
144 144 0.56165968
144 145 0.00443044
143 144 0.00503446
143 143 0.54459290
7 7 0.36654884
116 116 0.84883697
72 72 0.62954861
72 73 0.03905826
18 17 0.04890366
18 16 0.34107271
18 18 0.31993973
57 57 0.95188714
44 44 0.42971061
44 43 0.00814893
39 37 0.23171554
39 39 0.49288587
39 38 0.22595914
71 72 0.00405814
71 71 0.55967068
15 15 0.32840876
15 14 0.05640244
15 13 0.01844537
113 113 0.68241048
126 126 0.71082269
160 160 0.98471703
26 26 0.35822918
26 25 0.01604029
26 24 0.09050580
63 63 0.89113642
63 64 0.00163758
13 12 0.03267082
13 13 0.30182770
13 11 0.02145770
46 45 0.02165870
46 46 0.36262096
129 129 0.74109492
89 90 0.01953354
89 89 0.64754173
157 157 0.51303859
27 27 0.32596055
27 25 0.37539729
27 26 0.06399867
34 34 0.16842139
34 33 0.00528704
34 32 0.29343588
158 158 0.61910459
50 50 0.73388143
50 49 0.02432221
125 125 0.54155102
5 5 0.68348236
121 121 0.33534165
153 153 0.60291364
153 154 0.00058502
118 118 0.93278267
104 104 0.57391051
146 146 0.82465685
146 147 0.00306861
59 59 0.89424887
94 95 0.00196385
94 94 0.64816896
83 84 0.00132060
83 83 0.51613491
130 130 0.63033379
75 75 0.93635303
75 76 0.03209603
156 157 0.00112777
156 156 0.73055457
17 15 0.30459513
17 16 0.01532750
17 17 0.28837301
96 96 0.66082027
37 35 0.13625159
37 37 0.33314513
37 36 0.00207512
23 21 0.36090979
23 22 0.08570680
23 23 0.46866613
23 24 0.00167268
30 28 0.38337150
30 30 0.25164453
30 29 0.00458606
56 56 0.73117492
