69 69 0.62296155
123 123 0.72393970
42 42 0.40833145
42 43 0.00057791
45 45 0.41105239
45 46 0.00756710
114 114 0.42539315
106 106 0.75183726
60 60 0.74937727
140 140 0.38267181
140 139 0.00479592
122 122 0.76989682
68 68 0.23416043
93 93 0.80534195
120 120 0.78265286
51 51 0.64870237
92 92 0.93114247
14 13 0.00099651
14 16 0.04241507
14 14 0.37602797
14 15 0.16750815
61 61 0.91422972
1 1 0.91424602
6 6 0.63735476
100 100 0.58421838
154 153 0.00128569
154 154 0.31690515
154 155 0.00365406
48 49 0.00134091
48 48 0.46941906
82 82 0.68535223
19 19 0.36322785
19 21 0.10270243
19 20 0.05425521
142 141 0.00770209
142 142 0.14285618
8 8 0.84934437
131 131 0.84758814
131 130 0.00122511
90 90 0.82375811
155 156 0.00465026
155 154 0.00058421
155 155 0.46356775
159 158 0.00214370
159 159 0.87238832
74 73 0.00110215
74 74 0.70532039
141 141 0.45425661
141 140 0.02402586
85 85 0.18248669
73 73 0.79861447
73 72 0.00174376
38 39 0.05622633
38 40 0.05302065
38 38 0.78991796
65 65 0.78545442
65 64 0.00276448
53 53 0.69216993
67 66 0.00077330
67 67 0.71076967
98 98 0.77436410
77 77 0.92745130
66 65 0.00053688
66 66 0.69380556
88 88 0.78542667
103 103 0.49853445
3 3 0.74665309
99 99 0.81849936
91 91 0.79081118
139 139 0.52344920
139 138 0.00094468
32 32 0.54910900
32 33 0.04656874
32 34 0.08552250
24 26 0.10327300
24 25 0.08699593
24 24 0.28342325
24 23 0.00147158
36 37 0.00079403
36 36 0.45904568
36 38 0.09764583
21 21 0.31887400
21 22 0.14694969
21 23 0.04179296
41 43 0.00104601
41 42 0.00057400
41 41 0.60444966
64 63 0.00076593
64 64 0.75384895
33 35 0.00346408
33 33 0.41404427
33 34 0.01022925
112 112 0.30819397
149 149 0.56898776
79 79 0.73741516
81 81 0.67809458
10 10 0.69283615
10 11 0.00093789
10 12 0.00416417
145 145 0.72013765
145 144 0.00609382
107 107 0.28070437
35 37 0.04463522
35 35 0.38521041
35 36 0.00070750
127 127 0.67116038
109 109 0.35123169
128 128 0.66562871
128 127 0.00081950
62 62 0.76744033
47 47 0.34957809
11 11 0.59058924
11 12 0.00504510
11 13 0.01622703
22 24 0.00919744
22 22 0.38709071
22 23 0.22548259
31 33 0.00997987
31 32 0.02709247
31 31 0.24548125
40 40 0.79655822
138 138 0.32290026
138 137 0.02295001
9 9 0.79484862
9 11 0.00063465
25 27 0.10414772
25 26 0.01628543
25 25 0.46713448
25 24 0.00072613
135 135 0.20812604
135 134 0.02192909
16 16 0.49764596
16 17 0.01449675
16 15 0.00064898
16 18 0.10334392
78 78 0.93841628
147 146 0.00196349
147 147 0.67774142
87 87 0.65102602
148 148 0.39603163
4 4 0.33556022
15 15 0.43966934
15 14 0.00091222
15 17 0.00293646
15 16 0.11666713
126 126 0.61557371
113 113 0.46595552
160 159 0.00141256
160 160 0.97565355
63 63 0.80532658
26 27 0.05059772
26 28 0.01015525
26 26 0.60225958
13 15 0.00880394
13 14 0.16887807
13 13 0.61768652
46 47 0.00506877
46 46 0.30103540
89 89 0.84542804
129 128 0.00096512
129 129 0.84462047
27 28 0.00700694
27 27 0.55689356
27 29 0.00771728
157 158 0.00229482
157 157 0.37933362
157 156 0.00195839
158 158 0.47803390
158 157 0.00793621
34 36 0.00430813
34 34 0.23084114
50 50 0.66925550
125 125 0.42999600
5 5 0.44007894
121 121 0.75080445
153 153 0.49718216
153 152 0.00335316
153 154 0.00224305
118 118 0.55668236
104 104 0.66045813
146 145 0.00350650
146 146 0.63640992
59 59 0.91059177
94 94 0.32253254
83 83 0.50851553
130 129 0.00134374
130 130 0.77627510
75 75 0.91370503
17 17 0.33164442
17 19 0.10269990
17 18 0.06100367
156 155 0.00783624
156 157 0.00263528
156 156 0.74544451
37 37 0.62414725
37 39 0.06094237
37 38 0.05633094
96 96 0.70705969
30 32 0.05655916
30 31 0.01523374
30 30 0.50313395
23 23 0.50215824
23 25 0.00938699
23 24 0.17753539
56 56 0.61003763
52 52 0.64512055
132 132 0.72982632
132 131 0.00087734
108 108 0.43017264
43 44 0.00738671
43 43 0.30054661
151 151 0.20398681
151 150 0.00219826
151 152 0.00058918
119 119 0.54299195
136 135 0.00512327
136 136 0.26034486
54 54 0.75356746
150 150 0.49350041
84 84 0.61440901
133 133 0.43032339
110 110 0.44417386
12 14 0.00487448
12 12 0.48380192
12 13 0.03554106
76 76 0.90926633
80 80 0.83808947
101 101 0.42202859
137 137 0.41398651
137 136 0.00460396
111 111 0.87872688
29 30 0.00235436
29 29 0.54899175
29 31 0.01080418
49 49 0.54704148
134 134 0.43070612
134 133 0.00173024
124 124 0.56528316
95 95 0.80270616
105 105 0.54774108
115 115 0.37097395
86 86 0.58382177
55 55 0.49386776
102 102 0.53781578
2 2 0.76997655
70 69 0.00371524
70 70 0.48781350
152 152 0.38090785
152 153 0.00080910
20 21 0.01360400
20 22 0.00241171
20 20 0.33087376
97 97 0.71196297
117 117 0.44788310
58 58 0.74765286
28 29 0.04634137
28 30 0.10446040
28 28 0.52922540
144 143 0.00753545
144 144 0.48063074
116 116 0.45505948
7 7 0.73357379
143 143 0.66887745
143 142 0.01632586
72 71 0.00291869
72 72 0.66798011
18 19 0.14708716
18 18 0.34132044
18 20 0.10267761
44 45 0.02872338
44 44 0.26547248
57 57 0.89201011
39 40 0.05632272
39 41 0.00955612
39 39 0.84009244
71 71 0.69028904
71 70 0.00413549
