27 26 0.00392005
27 27 0.70832061
157 157 0.26062328
89 89 0.91025859
129 130 0.00092833
129 129 0.91669640
125 125 0.74737617
5 5 0.37688102
158 157 0.00092049
158 158 0.49395234
34 34 0.47071117
50 50 0.88761896
160 160 0.99100045
15 14 0.06409174
15 15 0.55893450
113 113 0.43026640
126 126 0.77539988
13 12 0.00336487
13 13 0.76526588
46 46 0.59245171
63 63 0.87831904
26 25 0.00454171
26 26 0.79372117
75 75 0.85183177
17 16 0.00192143
17 17 0.52865395
156 155 0.00232364
156 156 0.75428644
83 83 0.74091117
130 130 0.68402983
130 131 0.00091073
30 30 0.72814003
23 24 0.00109643
23 22 0.02849427
23 23 0.68921598
56 56 0.58234023
37 37 0.96188664
96 96 0.72490208
118 118 0.49451658
153 153 0.58713036
146 146 0.60447778
104 104 0.63733829
121 121 0.68860021
59 59 0.97229653
94 94 0.16773476
137 137 0.49811469
111 111 0.86492769
29 29 0.66444150
29 28 0.00129146
101 101 0.51878566
95 95 0.75704404
49 49 0.66810286
134 134 0.48495455
124 124 0.68511136
108 108 0.46504421
132 132 0.70760435
43 43 0.61476051
52 52 0.78899165
133 133 0.50792116
12 12 0.65471720
110 110 0.62243077
110 109 0.00051602
76 76 0.75562034
80 80 0.90167734
119 119 0.58557294
151 151 0.34256002
136 136 0.40408487
54 54 0.81508448
84 84 0.75835189
150 150 0.60892318
116 116 0.47373606
7 7 0.58604683
143 143 0.78310266
117 117 0.43636153
58 58 0.91201269
97 97 0.85034223
20 20 0.56495582
20 19 0.02514215
28 28 0.74143053
28 27 0.00222605
144 144 0.48818028
39 39 0.97372025
71 71 0.95109367
72 72 0.81623408
18 17 0.00208286
18 18 0.58899505
44 44 0.52101668
57 57 0.83668183
55 55 0.46029452
102 102 0.62183307
105 105 0.53412579
115 115 0.51143746
86 86 0.85689454
2 2 0.60478502
70 70 0.69854582
152 152 0.48248429
122 122 0.79512213
106 106 0.75433684
60 60 0.81454626
140 140 0.32140705
51 51 0.77344892
92 92 0.90810688
14 13 0.05730038
14 14 0.70696584
14 15 0.00088889
68 68 0.43902799
93 93 0.83333193
120 120 0.73878846
69 69 0.76682821
123 123 0.64297000
42 42 0.65648128
114 114 0.38036264
45 45 0.65714628
159 159 0.82052346
142 142 0.65880768
131 132 0.00064987
131 131 0.88270528
8 8 0.68563660
90 90 0.86033217
155 155 0.62598000
155 154 0.00159855
155 156 0.00068077
141 141 0.59587057
85 85 0.38819252
73 73 0.67457516
38 38 0.97169534
65 65 0.93807129
67 67 0.67575658
53 53 0.76229582
74 74 0.75450655
6 6 0.55166856
61 61 0.92172585
1 1 0.99344439
82 82 0.95367393
19 18 0.06930945
19 19 0.75211161
100 100 0.62034665
154 154 0.40144780
154 153 0.00110644
48 48 0.64538754
149 149 0.41408049
79 79 0.87757357
64 64 0.91712511
33 33 0.69459484
112 112 0.26253498
112 111 0.00267050
145 145 0.71843068
107 106 0.00070556
107 107 0.54940072
81 81 0.85039037
10 10 0.51967388
88 88 0.97044710
91 91 0.96738973
103 103 0.53960427
3 3 0.84466254
99 99 0.94143543
139 139 0.55497781
32 32 0.64960251
98 98 0.88176987
77 77 0.87904434
66 66 0.76845333
21 21 0.58490926
21 20 0.00390540
41 41 0.87396251
24 23 0.01698019
24 24 0.69096981
36 36 0.78378986
135 135 0.62068762
16 16 0.81145858
16 15 0.05458795
78 78 0.93953718
9 9 0.71350200
25 24 0.04079289
25 25 0.82465977
4 4 0.26325530
147 147 0.64533535
87 87 0.89412655
148 148 0.22016741
62 62 0.85942478
47 47 0.46836426
35 35 0.72841337
127 127 0.84786583
109 109 0.33157752
128 128 0.87362485
128 129 0.00067812
22 22 0.66256081
22 23 0.00058434
22 21 0.00366280
31 31 0.57707615
40 40 0.81182129
138 138 0.32729158
11 11 0.67129956
