51 133 51 133 0.02810020
47 138 47 138 0.00828826
63 80 63 80 0.00914976
50 86 50 86 0.05368210
50 134 50 134 0.01284530
50 64 50 64 0.07109870
13 47 13 47 0.04568590
5 18 5 18 0.84631500
73 85 74 85 0.00058965
15 45 15 45 0.02355920
25 34 25 35 0.00957189
25 34 26 34 0.00075360
14 46 14 46 0.03112120
132 136 132 136 0.00707197
132 158 132 158 0.16210800
143 153 143 153 0.21792400
75 82 75 82 0.02323020
75 84 75 84 0.08508990
26 33 26 34 0.00277500
8 15 8 15 0.11085600
136 146 136 146 0.17606500
136 159 136 159 0.01265020
55 61 55 61 0.11696500
55 80 55 80 0.05837020
48 137 48 137 0.00750271
4 19 4 19 0.84522000
96 102 96 102 0.09591800
12 48 12 48 0.02434100
109 132 109 132 0.04511030
109 117 109 117 0.13567200
109 116 109 116 0.06014790
62 86 62 86 0.00754978
62 81 62 81 0.01196800
61 74 61 74 0.07883030
61 82 61 82 0.00662213
64 84 64 84 0.01582010
106 120 106 120 0.16775400
106 136 106 136 0.02117300
2 21 2 21 0.17068200
52 84 52 84 0.10982800
52 132 52 132 0.03371420
56 79 56 79 0.46338200
65 82 65 82 0.01512120
144 152 144 152 0.22420900
24 35 24 36 0.00305044
103 139 103 139 0.02024260
137 158 137 158 0.01406050
137 150 137 150 0.02456590
137 145 137 145 0.05075560
82 89 82 89 0.03131590
77 82 77 82 0.08981260
95 103 95 103 0.06289830
107 119 107 119 0.19900200
107 134 107 134 0.02685170
102 140 102 140 0.02076370
19 42 18 42 0.00076801
133 157 133 157 0.73237700
108 117 108 117 0.05414540
108 118 108 118 0.16760800
108 133 108 133 0.06076230
105 137 105 137 0.01710700
3 20 3 20 0.11889800
104 138 104 138 0.01698910
7 16 7 16 0.83940100
11 49 11 49 0.02777310
10 50 10 50 0.02507260
18 43 17 43 0.00068229
18 41 19 41 0.00109173
18 41 18 42 0.00199472
60 81 60 81 0.00550450
60 75 60 75 0.09121670
60 83 60 83 0.00940766
17 42 17 43 0.00192523
17 42 18 42 0.00063021
20 41 19 41 0.00088441
70 88 70 88 0.26247400
49 136 49 136 0.00968786
16 43 17 43 0.00052843
16 43 16 44 0.00162479
131 137 131 137 0.00483771
131 159 131 159 0.16320800
76 83 76 83 0.07804700
76 81 76 81 0.03231240
59 84 59 84 0.01204380
59 82 59 82 0.00552849
59 76 59 76 0.08626790
54 82 54 82 0.11696000
54 62 54 62 0.14899600
110 116 110 116 0.15097600
