11 28 11 28 0.01504820
146 152 146 152 0.08962830
12 27 12 27 0.00280299
18 28 18 28 0.02516120
18 22 18 22 0.04439890
58 86 58 86 0.27189000
109 117 109 117 0.00281039
109 116 109 116 0.01615580
17 23 17 23 0.06837210
17 32 17 32 0.00805176
17 29 17 29 0.00964051
92 125 92 125 0.06759130
67 84 67 84 0.07092920
98 121 97 121 0.00087030
93 125 93 125 0.30594200
48 137 48 137 0.14702400
72 77 72 77 0.25247900
72 78 72 78 0.04954540
94 124 94 124 0.85813800
145 153 145 153 0.06116640
108 112 108 112 0.14229500
108 117 108 117 0.00881635
108 113 108 113 0.18089300
108 118 108 118 0.00329519
96 122 96 122 0.49518900
96 102 96 102 0.03555270
104 117 104 117 0.00948698
104 116 104 116 0.54072600
104 122 104 122 0.00372156
135 147 135 147 0.07148740
105 115 105 115 0.53478900
105 116 105 116 0.00895884
57 87 57 87 0.10224000
76 83 76 83 0.09861310
53 92 53 92 0.15852200
52 132 52 132 0.18527500
52 93 52 93 0.08365690
59 85 59 85 0.10187000
90 127 90 127 0.11472500
54 91 54 91 0.23304800
56 89 56 89 0.30625700
110 116 110 116 0.00481932
110 115 110 115 0.02982420
131 137 131 137 0.01180430
49 136 49 136 0.43162500
106 120 106 120 0.00471358
106 114 106 114 0.58410400
101 118 100 118 0.00078168
101 118 101 118 0.26203700
86 92 86 92 0.01315610
25 34 25 34 0.89399400
132 136 132 136 0.01631540
132 150 132 150 0.02996730
66 85 66 85 0.07147050
51 133 51 133 0.24382200
97 101 97 101 0.06627340
97 121 97 121 0.25451400
47 138 47 138 0.14101300
50 134 50 134 0.25009600
91 126 91 126 0.14491200
95 123 95 123 0.40335800
95 103 95 103 0.00680073
19 27 19 27 0.02991590
102 119 102 119 0.05410130
107 119 107 119 0.00522021
107 114 107 114 0.07901650
136 146 136 146 0.07187410
87 91 87 91 0.02581420
71 78 71 78 0.16748600
71 79 71 79 0.21912000
138 145 138 145 0.05499500
99 120 98 120 0.00124163
55 90 55 90 0.74618400
55 129 55 129 0.09103000
100 119 99 119 0.00126543
24 35 24 35 0.27147100
103 117 103 117 0.54967000
137 147 137 147 0.02432310
137 145 137 145 0.09438030
134 148 134 148 0.06775870
77 82 77 82 0.03472790
75 84 75 84 0.03463010
26 33 26 33 0.20656800
