78 84 78 84 0.03101710
78 99 78 99 0.00154653
78 100 78 100 0.00899050
105 115 105 115 0.07253070
45 142 45 142 0.53536600
45 139 46 139 0.00176373
104 116 104 116 0.01893580
104 122 104 122 0.00227389
108 118 108 118 0.07774800
108 117 108 117 0.04119900
89 107 89 107 0.29269400
89 113 89 113 0.11152700
94 102 95 102 0.00181218
145 157 145 157 0.02944400
145 159 146 159 0.00160961
36 156 36 156 0.04725330
36 155 36 156 0.00261565
58 136 58 136 0.08555760
58 125 58 126 0.00486995
18 22 17 22 0.00204691
18 22 18 23 0.00194241
33 158 33 159 0.00128446
33 158 34 158 0.00123694
10 28 10 29 0.00057269
11 28 11 28 0.66908100
146 158 146 159 0.00050370
146 158 147 158 0.00142817
7 32 7 32 0.43689600
88 108 88 108 0.29053200
92 110 92 110 0.04427890
92 104 92 104 0.22857400
92 105 92 105 0.04402640
17 23 17 24 0.00193657
17 23 16 23 0.00076952
60 134 60 134 0.06766010
131 137 131 137 0.00608281
49 136 49 136 0.39181600
70 122 70 123 0.00395919
70 122 69 122 0.13765100
70 106 69 106 0.00535267
70 82 69 82 0.27015700
43 147 43 148 0.02173510
43 147 44 147 0.00437207
43 145 43 145 0.75474500
79 99 79 99 0.01255060
59 135 59 135 0.06196530
59 133 59 133 0.00667584
76 83 75 83 0.00787867
76 83 76 83 0.04552890
76 86 76 86 0.05956150
6 33 6 33 0.32506900
110 116 110 116 0.13898500
54 135 54 135 0.06975370
35 156 36 156 0.00063676
35 156 35 156 0.06956770
35 156 35 157 0.00260585
42 148 42 147 0.00240350
42 148 43 148 0.00430691
97 101 96 101 0.00077677
97 104 98 104 0.00051234
97 105 98 105 0.00152461
65 127 66 127 0.11490500
150 157 151 158 0.00178014
150 154 150 154 0.07129870
40 150 40 150 0.51365400
40 150 41 150 0.00078085
86 116 86 116 0.12707700
86 92 86 92 0.03289270
83 95 82 95 0.00067440
9 30 9 30 0.32731600
82 96 81 96 0.00087002
103 117 103 117 0.01526550
100 119 100 119 0.01182520
77 82 77 82 0.02696060
77 85 77 85 0.03155330
77 100 77 100 0.00225973
107 119 107 119 0.05964790
95 108 94 108 0.00080704
95 123 96 123 0.00053069
95 103 94 103 0.00113881
46 140 46 140 0.08962350
46 141 46 141 0.29604700
46 143 47 143 0.00054884
44 144 44 144 0.13685900
44 142 45 142 0.00052801
44 142 44 142 0.09906560
44 146 45 146 0.00278936
44 146 44 147 0.01053650
71 104 72 104 0.00209360
71 104 70 104 0.00461931
71 104 71 104 0.00237139
71 105 71 105 0.00082934
71 105 70 105 0.00533250
71 79 72 79 0.01822290
71 80 71 80 0.02032940
71 80 70 80 0.02723000
71 80 72 80 0.00657842
71 121 70 121 0.08946880
71 121 72 121 0.01900470
71 121 71 121 0.12285500
71 81 70 80 0.00113226
71 81 72 81 0.06041390
71 78 72 78 0.00479541
71 78 72 79 0.00076166
72 78 72 78 0.00599255
72 78 73 78 0.03091600
72 81 71 80 0.00125436
72 81 72 81 0.00530139
72 103 71 103 0.00407607
72 103 72 103 0.00137674
72 103 73 103 0.00227696
72 80 73 80 0.03976140
72 80 72 80 0.00940750
72 80 71 80 0.30901900
72 120 73 120 0.01619510
72 120 72 120 0.06041730
72 77 73 77 0.01102740
72 77 73 78 0.00269305
72 77 72 77 0.00646468
72 79 72 79 0.02126890
72 79 73 79 0.01197340
72 79 73 80 0.00077472
72 104 71 104 0.00344652
72 105 71 105 0.00173545
98 103 98 103 0.04001090
98 105 98 105 0.05469800
98 104 99 104 0.00082072
98 104 98 104 0.09030450
98 121 98 121 0.00798910
48 137 48 137 0.40327900
48 142 48 142 0.04762310
93 103 94 103 0.00139363
93 103 93 103 0.19631400
93 109 93 109 0.03840440
93 104 93 104 0.04570820
34 156 34 155 0.00057215
34 155 34 155 0.63607500
129 138 129 138 0.00161239
96 106 97 106 0.00149482
96 102 95 102 0.00187201
96 107 95 107 0.00091342
96 100 95 100 0.00151635
109 117 109 117 0.12817800
109 116 109 116 0.07119500
12 27 12 27 0.55860600
12 26 12 27 0.00060374
69 105 70 105 0.00300278
69 83 70 83 0.04843700
69 83 68 83 0.10670300
69 123 69 124 0.00465483
69 123 70 123 0.06572340
69 123 68 123 0.05347440
67 84 66 84 0.09807880
62 131 62 131 0.06912560
62 131 63 131 0.08732350
64 129 65 129 0.14479100
106 114 106 114 0.04893890
106 120 106 120 0.02467130
68 84 69 84 0.06685780
68 106 69 106 0.00570487
68 124 69 124 0.18620700
68 124 66 124 0.00088802
68 124 68 125 0.00476337
61 132 61 132 0.04124140
61 133 61 133 0.03214290
101 118 101 118 0.01216640
38 152 38 152 0.39487100
41 147 41 148 0.00050632
41 149 41 150 0.01126520
41 149 41 148 0.00235203
52 132 52 132 0.33984800
52 138 52 138 0.01223000
52 137 52 137 0.03484580
53 137 53 137 0.02067340
57 126 57 127 0.00458835
57 128 56 128 0.00171412
74 103 73 103 0.00066549
74 78 73 77 0.00508762
74 78 73 78 0.10034600
74 101 73 101 0.00239382
74 101 75 101 0.00341992
74 79 73 78 0.00678192
74 79 73 79 0.03231720
74 119 73 119 0.01862900
74 119 75 119 0.00554548
74 87 75 87 0.00896132
56 129 55 129 0.00057110
56 128 56 128 0.73099700
90 112 90 112 0.09013840
90 106 90 106 0.34404500
50 134 50 134 0.41587900
50 140 50 140 0.03629760
63 130 64 130 0.18583200
47 142 47 142 0.06357500
47 138 47 138 0.39550400
66 127 66 127 0.09575300
51 138 51 138 0.03232650
51 133 51 133 0.38975100
80 98 80 98 0.01194450
37 153 37 153 0.24464300
37 153 37 154 0.00389948
37 154 37 154 0.55890600
37 154 37 153 0.00054313
39 152 39 152 0.04959780
39 151 39 152 0.00284374
39 151 39 150 0.00095601
91 111 91 111 0.07365030
91 105 91 105 0.30918100
73 102 74 102 0.01116280
149 155 149 155 0.12097000
13 25 13 26 0.00088440
14 25 14 26 0.00066357
132 136 132 136 0.01193820
75 84 74 84 0.00383115
75 118 74 118 0.01540440
75 100 74 100 0.00192557
75 102 74 102 0.00119258
147 157 148 157 0.00170491
147 157 147 158 0.00089592
136 146 136 146 0.00168868
8 31 8 31 0.69832400
55 134 55 134 0.04407770
55 130 54 130 0.00137684
55 129 55 129 0.29738100
99 103 99 103 0.17348600
99 120 99 120 0.01092680
99 104 99 104 0.08168960
