30 46 30 49 0.01568888
30 46 31 48 0.16325452
33 42 34 45 0.09859992
141 152 141 152 0.04277935
29 108 29 108 0.06152600
29 47 30 49 0.21086618
52 62 54 63 0.00072286
5 128 5 128 0.00737674
5 129 5 128 0.00148748
5 129 5 129 0.01398639
5 140 5 140 0.00209923
122 128 122 128 0.00162321
113 122 113 122 0.00585360
65 105 64 105 0.00061701
65 104 65 104 0.07631059
137 150 137 150 0.01795057
108 126 108 126 0.00464532
81 89 81 89 0.26519199
53 61 53 61 0.00951207
83 87 83 87 0.26275091
58 111 58 111 0.02870773
58 63 58 63 0.07426168
10 125 10 125 0.09864292
10 121 10 121 0.03191148
10 141 10 141 0.00069248
55 66 55 66 0.05113667
55 114 55 114 0.00506843
55 61 55 61 0.00438347
15 62 15 62 0.00379859
15 119 15 119 0.11957999
8 131 8 131 0.00521618
8 127 8 127 0.07521857
8 143 8 143 0.00226073
22 114 22 114 0.10469300
22 54 22 54 0.00388036
107 127 107 127 0.00842385
74 95 74 95 0.21758796
9 127 9 126 0.00112885
9 127 9 127 0.01525919
9 142 9 142 0.00069623
9 126 9 126 0.08914041
9 130 9 130 0.02313660
9 122 9 122 0.01563180
78 92 78 92 0.30559607
57 64 57 64 0.07340882
110 123 110 123 0.04908453
110 123 112 125 0.00060023
71 98 70 98 0.00236750
59 110 59 110 0.03873700
144 149 144 149 0.02655263
70 100 69 100 0.00228230
136 151 136 151 0.02060115
35 41 37 42 0.00053553
20 56 20 56 0.00631306
20 116 20 116 0.02098240
66 104 65 104 0.00102352
138 149 138 149 0.02013088
48 57 48 57 0.01411883
16 118 16 118 0.33642783
21 115 21 115 0.06368767
21 55 21 57 0.00498644
21 55 21 55 0.00237839
24 112 24 112 0.03895467
82 88 82 88 0.56106412
61 108 61 108 0.05200698
31 45 32 47 0.17091225
31 45 31 48 0.01137870
12 17 12 17 0.00079922
12 119 12 119 0.02182340
12 125 12 125 0.02569793
11 126 11 126 0.02816957
11 124 11 124 0.08561217
11 120 11 120 0.04142259
19 57 19 57 0.00115872
19 57 19 59 0.02149311
19 115 19 115 0.10028167
19 24 19 24 0.01927375
3 129 3 129 0.05039966
3 9 3 9 0.01509022
69 101 68 101 0.00086044
36 41 36 41 0.04788686
36 41 37 42 0.02303828
6 128 6 128 0.01444155
6 125 6 125 0.00641240
6 129 6 128 0.00334004
6 129 6 129 0.02869099
6 139 6 139 0.00176963
139 154 139 154 0.08039700
139 148 139 148 0.01630493
18 116 18 116 0.15168788
18 25 18 25 0.02128454
14 121 14 121 0.04367733
14 123 14 123 0.09934833
14 63 14 63 0.00078214
34 41 34 45 0.00054017
34 41 35 44 0.18896100
34 42 35 44 0.05131769
75 94 75 94 0.31006136
75 95 75 95 0.05443977
23 28 23 28 0.00130153
23 113 23 113 0.07605033
73 97 73 97 0.10426233
73 96 73 96 0.14388295
60 109 60 109 0.04505667
140 153 140 153 0.02828351
17 26 17 26 0.00319275
17 117 17 117 0.13032290
56 65 56 65 0.09964700
28 48 28 50 0.14824085
28 48 28 51 0.00312869
28 109 28 109 0.05879900
28 49 28 51 0.03183453
28 49 28 50 0.00434888
28 49 27 51 0.00063949
28 49 30 49 0.00062388
32 44 34 45 0.00098042
32 44 32 47 0.01562484
32 44 33 46 0.20166353
109 125 109 125 0.08336553
2 10 2 10 0.01184428
2 130 2 130 0.15433159
2 131 2 131 0.02510183
79 91 79 91 0.45736228
50 61 53 61 0.00133537
64 106 63 106 0.00111712
72 97 71 97 0.00181199
51 63 53 64 0.00200060
51 60 54 60 0.00100355
26 111 26 111 0.05995367
77 93 77 93 0.34485371
7 128 7 128 0.05409584
7 132 7 132 0.00844049
7 129 7 129 0.00313914
49 56 49 56 0.04498600
54 60 54 60 0.01275309
54 63 54 63 0.00439195
54 115 54 115 0.00346933
54 62 54 62 0.00263148
80 90 80 90 0.33591121
114 121 114 121 0.04266682
25 51 25 54 0.00188128
25 112 25 112 0.23680367
27 49 27 51 0.11264612
27 49 28 51 0.00174664
27 110 27 110 0.07667333
4 8 4 8 0.07258847
4 129 4 129 0.02186933
4 128 4 128 0.07035500
111 122 111 122 0.01156895
