90 90 0.71309700
51 50 0.00062126
51 51 0.87409000
64 64 0.89271000
64 63 0.00056396
54 54 0.85755500
85 85 0.43904700
55 55 0.55600900
48 49 0.00101293
48 48 0.98925800
126 126 0.24949000
82 82 0.37322600
14 14 0.29797900
122 122 0.99970300
56 56 0.58822100
114 114 0.99730200
93 93 0.93992300
36 36 0.94389100
89 89 0.76261100
61 61 0.98381800
13 13 0.35091600
136 136 0.99728000
11 11 0.30711400
100 100 0.67456800
115 115 0.99711300
39 39 0.51454400
57 57 0.74005000
118 118 0.61036200
38 38 0.46305500
150 150 0.07087970
10 10 0.55499100
40 40 0.94675400
16 16 0.30051000
134 134 0.99706400
135 135 0.99722800
112 112 0.99735600
24 24 0.97546700
66 65 0.00117399
66 66 0.53819000
99 99 0.67989300
128 128 0.55962400
17 17 0.30117900
80 80 0.65477600
123 123 0.99966500
110 110 0.99734800
31 31 0.40161200
137 137 0.99723000
25 25 0.73157300
4 4 0.94103200
157 157 0.40809900
142 142 0.76681500
22 22 0.31022900
35 35 0.99441800
117 117 0.55973200
145 145 0.99623100
69 69 0.63559100
106 106 0.99734800
103 103 0.99611700
30 30 0.46307100
108 108 0.99738900
91 91 0.68907600
12 12 0.91590000
152 152 0.30069800
160 160 0.99981200
71 71 0.80225000
70 70 0.47977100
138 138 0.99721800
151 151 0.30124000
154 154 0.29949900
113 113 0.99731600
139 139 0.99732000
125 125 0.99969700
20 20 0.30152200
62 62 0.37293800
133 133 0.99710200
47 48 0.00054467
47 47 0.94686600
97 97 0.49017900
140 140 0.99733000
107 107 0.99738300
43 43 0.86860100
41 41 0.94528500
19 19 0.30150600
52 52 0.95173400
26 26 0.74299200
101 101 0.99652500
28 28 0.94727800
63 63 0.71504400
130 130 0.99647800
73 73 0.98033100
1 1 0.99209500
18 18 0.07083830
29 29 0.51474800
84 84 0.82331400
60 60 0.82334800
3 3 0.77776400
23 23 0.98897300
141 141 0.79290600
143 144 0.00104541
143 143 0.99542600
116 116 0.99690100
111 111 0.99736000
34 34 0.99441800
105 105 0.99713500
79 79 0.84203900
153 153 0.34335100
146 146 0.30992800
88 88 0.69951000
72 72 0.98031200
74 74 0.98052000
94 94 0.92563600
156 156 0.90629700
81 81 0.38106400
44 44 0.20430000
129 129 0.99656300
92 92 0.40250200
46 46 0.93238700
2 2 0.99208200
83 83 0.98387100
148 148 0.30153400
109 109 0.99738200
15 15 0.34316900
132 132 0.99707100
98 98 0.55332400
21 21 0.30294400
77 77 0.18563600
78 78 0.66006000
158 158 0.36768700
159 159 0.99963300
32 32 0.99443500
50 49 0.00080163
50 50 0.20783600
58 58 0.66514700
127 127 0.61035900
53 53 0.90836100
65 65 0.99437900
65 64 0.00067057
149 149 0.30153300
59 59 0.31390100
76 76 0.98071700
104 104 0.99665800
49 49 0.98918700
49 48 0.00079147
49 50 0.00068100
9 9 0.95987000
42 42 0.94493800
131 131 0.99655900
33 33 0.99442000
120 120 0.99962100
75 75 0.98061000
86 86 0.77175900
144 145 0.00091912
144 144 0.99544600
102 102 0.99609700
102 103 0.00074698
27 27 0.94734400
119 119 0.24947200
8 8 0.57969900
45 45 0.98638600
96 96 0.51052900
121 121 0.99969500
6 6 0.96490800
147 147 0.30293300
95 95 0.87572300
68 68 0.99616800
68 67 0.00055306
7 7 0.96334200
155 155 0.30303800
37 37 0.45143800
5 5 0.96959100
87 87 0.91978200
67 67 0.66395000
67 66 0.00094349
124 124 0.99959000
