134 134 0.99610100
124 124 0.63661600
125 125 0.99644700
27 27 0.61142600
72 72 0.80016400
54 54 0.36301300
5 5 0.34826800
25 25 0.56790700
66 66 0.98592200
64 64 0.97877500
132 132 0.99614900
117 117 0.70089800
77 77 0.74230300
14 14 0.31241500
42 42 0.31241200
56 56 0.88390300
151 151 0.64094300
100 100 0.50594200
91 91 0.94971000
91 92 0.00116547
130 130 0.99626200
18 18 0.16890800
103 103 0.48994300
7 7 0.46015800
79 79 0.70463500
89 90 0.00065515
89 89 0.85008500
69 69 0.36397200
118 118 0.65674300
55 55 0.98552700
97 97 0.91787200
105 105 0.99615800
160 160 0.99998800
141 141 0.86182100
30 30 0.99997000
2 2 0.36447800
17 17 0.32585400
109 109 0.99674600
61 61 0.49835300
114 114 0.99621700
75 75 0.88213800
73 73 0.80936200
146 146 0.37430900
96 96 0.97781300
57 57 0.89532600
46 46 0.99437100
29 29 0.99986700
82 82 0.46327500
22 22 0.50498400
28 28 0.99993800
127 127 0.99608900
21 21 0.99993200
84 84 0.81351200
9 9 0.49890400
68 68 0.49084400
113 113 0.99652900
6 6 0.39492900
37 37 0.50498400
140 140 0.99651500
147 147 0.16677300
53 53 0.34978100
129 129 0.99632800
119 119 0.93402500
88 88 0.78549200
67 67 0.48848800
31 31 0.99998800
50 50 0.39492000
70 70 0.37563500
158 158 0.99115300
60 60 0.44101900
107 107 0.99626500
81 81 0.68932800
8 8 0.99744400
136 136 0.99646200
40 40 0.42371400
111 111 0.99673300
150 150 0.56268500
142 142 0.99652500
3 3 0.34978100
94 94 0.88334400
83 83 0.96018300
49 49 0.46002700
145 145 0.48995300
115 115 0.68160300
153 153 0.97761800
12 12 0.75835100
58 58 0.82937900
108 108 0.77718000
87 87 0.72972600
16 16 0.42372100
63 63 0.98000500
19 19 0.99993300
74 74 0.88537400
36 36 0.56789800
152 152 0.80815700
92 93 0.00086009
92 92 0.95007500
156 156 0.96959200
131 131 0.99605000
116 116 0.99665400
139 139 0.99654000
155 155 0.96964800
85 85 0.74737900
23 23 0.56789900
99 99 0.40247900
93 93 0.95109500
48 48 0.99766800
76 76 0.74853600
33 33 0.21869500
24 24 0.45181100
123 123 0.65687800
26 26 0.21868700
159 159 0.99997600
78 78 0.71488000
38 38 0.16890000
11 11 0.30307000
122 122 0.99826400
51 51 0.34826700
43 43 0.25953700
112 112 0.99654400
102 102 0.37430600
128 128 0.99614400
80 80 0.71132700
144 144 0.99809800
106 106 0.99653000
157 157 0.86818400
34 34 0.56790700
149 149 0.14550900
45 45 0.30259500
45 46 0.00093717
98 98 0.98193100
15 15 0.99949700
13 13 0.49714800
143 143 0.99670300
44 44 0.99426700
65 65 0.98620300
110 110 0.99666300
121 121 0.99835800
62 62 0.69655200
101 101 0.16676500
20 20 0.99988600
138 138 0.99655800
120 120 0.99842500
137 137 0.99652000
47 47 0.49870800
32 32 0.61143100
133 133 0.99594300
90 91 0.00081335
90 90 0.94978000
35 35 0.45181200
4 4 0.46008400
71 71 0.43173100
1 1 0.73540300
86 86 0.78144000
59 59 0.59784500
154 154 0.89123300
52 52 0.46008500
39 39 0.32585300
95 95 0.97777000
135 135 0.99642200
104 104 0.99660200
148 148 0.46818500
41 41 0.99945600
10 10 0.99528400
126 126 0.76599900
