100 100 0.99995500
151 151 0.99990200
56 56 0.91982700
117 117 0.99996900
77 78 0.00796035
77 77 0.99180500
42 42 0.28694800
14 14 0.28695200
132 131 0.00153271
132 132 0.99819100
66 66 0.99938800
64 64 0.99453800
54 54 0.29389900
25 25 0.40612800
5 5 0.29180100
27 27 0.39885500
72 72 0.99998300
124 124 0.99981600
134 134 0.99757300
134 133 0.00167796
125 125 0.99966100
61 61 0.32560400
114 114 0.99977500
17 17 0.06910830
109 109 0.91776500
105 105 0.99987300
2 2 0.32824500
160 160 0.99998900
141 141 0.99992700
30 30 0.99997000
97 97 0.99992900
118 118 0.99994500
55 55 0.88775700
69 69 0.33104000
79 79 0.98945000
79 80 0.01026790
7 7 0.39693300
89 89 0.98573200
91 91 0.98534200
91 92 0.00146784
103 103 0.91782600
18 18 0.40129800
130 129 0.00076150
130 130 0.99874600
113 113 0.99986000
68 68 0.48279500
37 37 0.34524300
6 6 0.33480100
140 140 0.99984700
84 83 0.00240839
84 85 0.00432658
84 84 0.98351600
21 21 0.99994800
9 8 0.00144465
9 9 0.98503500
29 29 0.99986800
127 127 0.99965100
28 28 0.99994000
82 83 0.01290650
82 81 0.00071537
82 82 0.98421200
22 22 0.34524200
46 45 0.00106850
46 46 0.98265200
57 57 0.88008600
146 146 0.99993300
96 96 0.99996500
73 73 0.99998100
75 75 0.91969600
81 82 0.01218860
81 81 0.98701400
136 136 0.99961400
8 8 0.98532300
107 107 0.99985400
60 60 0.35392300
158 158 0.99998000
67 67 0.99943300
31 31 0.95179300
119 119 0.99975700
88 88 0.98525600
50 50 0.33476600
70 70 0.35937500
147 147 0.99995100
53 53 0.29179900
129 128 0.00074582
129 129 0.99914600
16 16 0.39448700
63 63 0.99455700
19 19 0.99994800
74 74 0.88006100
87 87 0.98474700
87 88 0.00086517
58 58 0.99457400
108 108 0.90371500
153 153 0.99980200
12 12 0.98165100
115 115 0.99988900
145 145 0.99995700
83 84 0.01359790
83 83 0.98318400
83 82 0.00245878
94 94 0.99961600
3 3 0.29179900
49 49 0.39628600
49 48 0.00076230
142 142 0.99996600
40 40 0.39448900
150 150 0.99992900
111 111 0.99992600
26 26 0.40612800
123 123 0.99975900
24 24 0.30013300
48 48 0.98658800
93 92 0.00105773
93 93 0.99744800
33 33 0.40612700
76 77 0.00119056
76 76 0.88646600
23 23 0.40612500
85 84 0.00249488
85 86 0.00173713
85 85 0.98514300
99 99 0.99996000
155 155 0.99996100
139 139 0.99988000
92 92 0.98644800
92 93 0.00142845
152 152 0.99986100
36 36 0.40612500
116 116 0.99995400
131 130 0.00120946
131 131 0.99817700
156 156 0.99987200
110 110 0.99984800
65 65 0.99977500
15 15 0.28933300
13 13 0.31714300
44 44 0.98124200
143 143 0.99994000
45 45 0.26130300
149 149 0.99990200
98 98 0.99985200
106 106 0.99993600
157 157 0.99993500
34 34 0.40612700
102 102 0.99997400
128 128 0.99911500
80 80 0.98803900
80 81 0.01116350
144 144 0.99995800
43 43 0.31705700
112 112 0.99984500
51 51 0.29179900
11 11 0.26191000
38 38 0.40130100
122 122 0.99962300
159 159 0.99998500
78 79 0.00912014
78 78 0.99064200
148 148 0.99994800
104 104 0.90375700
126 126 0.99970600
41 41 0.28933300
10 10 0.98221900
10 9 0.00160933
135 135 0.99933100
52 52 0.39651800
95 95 0.99990900
39 39 0.06911530
154 154 0.99994900
59 59 0.99446900
86 87 0.00135273
86 86 0.98409800
1 1 0.96563900
133 133 0.99745600
133 134 0.00064302
133 132 0.00145878
32 32 0.44705100
90 90 0.98543100
71 71 0.99996200
4 4 0.39651700
35 35 0.30013300
138 138 0.99990400
120 120 0.99980300
20 20 0.99990100
47 47 0.98505600
47 46 0.00135418
137 137 0.99990100
62 62 0.47741100
121 121 0.99974700
101 101 0.99992500
