32 73 32 73 0.00123595
39 66 40 65 0.00207961
39 66 39 66 0.44382123
80 112 80 112 0.04122933
38 67 39 66 0.00480815
72 112 72 112 0.13178901
72 121 72 121 0.10553453
72 119 72 119 0.03407340
72 118 72 118 0.00698046
72 81 72 81 0.00199345
72 117 72 117 0.00782728
76 115 76 115 0.11203118
76 114 76 114 0.02569024
76 116 76 116 0.00578654
76 113 76 113 0.03571121
76 110 76 110 0.00571159
49 57 48 56 0.01656903
49 57 49 55 0.04271796
93 97 93 97 0.32675543
148 155 148 155 0.06383240
37 69 37 69 0.02093029
37 68 37 68 0.28415468
37 68 38 68 0.00100967
34 72 34 72 0.00230008
69 116 69 116 0.00101980
69 115 69 115 0.26853984
69 80 69 80 0.02442326
69 80 68 80 0.00094286
88 102 88 102 0.26373811
88 100 88 100 0.00179141
88 103 88 103 0.03894368
3 140 3 140 0.12069533
3 149 3 149 0.00854970
84 107 84 107 0.26120508
25 34 25 34 0.03610233
114 118 114 118 0.01459109
111 118 111 118 0.00079107
111 121 111 121 0.00133999
111 117 111 117 0.00134585
43 63 43 63 0.00576747
43 62 43 62 0.24050653
90 100 90 100 0.31521913
81 110 81 110 0.27319216
81 111 81 111 0.02476959
68 116 68 116 0.16516009
50 56 49 55 0.01924648
50 56 50 54 0.03376837
75 111 75 111 0.00828471
75 114 75 114 0.01366697
75 116 75 116 0.12602471
75 115 75 115 0.01434681
47 59 47 57 0.04236695
47 59 46 58 0.00771811
47 58 46 58 0.00069051
47 58 47 57 0.01406135
41 64 42 62 0.00219601
41 64 41 63 0.00098495
41 64 41 64 0.31939863
45 59 45 59 0.06586142
45 60 45 60 0.10606345
45 60 45 59 0.00900742
87 101 87 101 0.00103428
87 103 87 103 0.09670483
87 104 87 104 0.17544506
112 116 112 116 0.00300731
112 120 112 120 0.00318885
82 109 82 109 0.25378446
83 108 83 108 0.26120182
24 35 24 35 0.23277633
44 62 44 62 0.07078704
149 154 149 154 0.09415114
40 65 40 65 0.30934751
40 65 41 64 0.00207297
89 99 89 99 0.00150979
89 101 89 101 0.25763396
33 72 33 72 0.00155025
2 141 2 141 0.03697133
113 119 113 119 0.00878134
86 102 86 102 0.00362657
42 63 42 63 0.31272067
42 63 42 62 0.00062328
73 80 73 80 0.00467071
73 113 73 113 0.00481556
73 116 73 116 0.00925206
73 120 73 120 0.10191834
73 111 73 111 0.13243982
85 103 85 103 0.00983299
78 112 78 112 0.01981545
74 119 74 119 0.05914924
74 118 74 118 0.01154557
74 112 74 112 0.00504699
74 117 74 117 0.11021378
48 56 48 56 0.27291627
48 58 47 57 0.01707562
48 58 48 56 0.03164936
67 117 67 117 0.08574103
77 109 77 109 0.04258148
1 142 1 142 0.03674900
79 112 79 112 0.13739497
71 78 70 78 0.00133820
71 78 71 78 0.03140915
71 120 71 120 0.03133351
71 114 71 114 0.00124916
71 122 71 122 0.11919741
71 113 71 113 0.32878775
71 115 71 115 0.00147858
71 79 71 79 0.00088281
46 60 45 59 0.00681013
46 60 46 58 0.02031612
46 59 46 58 0.00766459
46 59 46 59 0.07261019
46 59 45 59 0.00071267
46 58 46 58 0.08093928
4 148 4 148 0.00914643
70 78 70 78 0.00097528
70 79 70 79 0.00423065
70 115 70 115 0.00131530
70 80 69 80 0.00335552
70 116 70 116 0.00110616
70 123 70 123 0.11632841
70 114 70 114 0.13362215
91 99 91 99 0.25697109
