72 112 72 112 0.24364314
69 116 69 116 0.01210230
69 115 69 115 0.37719129
6 17 6 17 0.20301841
6 17 5 17 0.00106594
6 15 7 15 0.01408931
6 15 6 15 0.03360484
6 15 6 17 0.00247583
6 16 6 16 0.04098054
6 16 7 16 0.00062985
20 32 20 32 0.05253558
3 25 2 25 0.00481970
3 25 3 24 0.00742107
3 18 3 20 0.00431375
3 18 5 18 0.00184085
88 102 84 99 0.00092787
88 102 85 98 0.00319881
49 57 48 56 0.01130573
49 57 49 55 0.03124537
148 155 148 155 0.03361911
93 98 90 94 0.00068733
23 30 24 30 0.00109050
122 144 122 144 0.19220123
124 142 124 142 0.16421661
7 16 7 16 0.05189900
7 20 7 20 0.00110863
7 14 8 14 0.03328030
7 14 9 14 0.00111555
7 14 7 16 0.00136274
7 15 7 15 0.06841027
90 100 87 96 0.00422147
90 100 86 97 0.00133637
25 30 24 30 0.00202974
50 56 49 55 0.01406136
50 56 50 54 0.01473282
128 139 128 139 0.05826051
128 136 128 136 0.04241501
68 116 68 116 0.29270217
47 58 46 58 0.00090431
47 59 46 58 0.00516773
130 135 130 135 0.05812242
24 31 23 31 0.00098584
123 143 123 143 0.21424695
149 154 149 154 0.05343377
87 103 83 100 0.00102918
87 103 84 99 0.00342050
45 59 45 59 0.06929228
45 60 45 59 0.00624760
45 60 44 60 0.00170086
117 123 117 123 0.00481195
19 33 19 33 0.03212083
86 104 83 100 0.00290497
86 104 82 101 0.00090587
89 101 86 97 0.00545126
89 101 85 98 0.00108898
2 19 4 19 0.00051422
2 26 2 25 0.00683753
126 140 126 140 0.16115513
125 141 125 141 0.16238127
48 56 48 56 0.23605181
48 58 48 56 0.02169099
73 111 73 111 0.24403650
91 99 87 96 0.00089834
91 99 88 95 0.00383211
92 99 88 95 0.00051924
70 114 70 114 0.24258512
5 11 4 11 0.00151289
5 23 5 22 0.00108478
5 23 4 23 0.00234898
5 18 5 18 0.33747021
1 151 1 151 0.08782767
67 117 67 117 0.19560705
4 24 3 24 0.00433897
4 24 4 23 0.00759083
4 17 6 17 0.00154065
4 17 4 19 0.00390402
4 17 5 17 0.03261296
46 60 45 59 0.00455565
46 60 46 58 0.01355763
46 59 46 58 0.00511484
46 59 45 59 0.00093969
46 58 46 58 0.07275936
71 113 71 113 0.42984567
