38 49 38 49 0.14452532
113 123 113 123 0.08749100
36 51 36 51 0.07119291
24 29 24 29 0.02187073
146 155 146 155 0.01916863
109 129 109 129 0.09466853
86 99 86 99 0.20012799
142 151 142 151 0.03865300
6 156 6 156 0.03948234
15 32 15 32 0.18048274
88 97 88 97 0.36732216
110 128 110 128 0.03033752
110 123 110 123 0.02854032
14 33 14 33 0.10874925
107 131 107 131 0.02545930
4 43 4 43 0.04748822
4 141 3 141 0.00058826
10 151 10 151 0.02930117
84 102 84 101 0.00091743
135 149 135 149 0.01768231
5 158 5 158 0.09669437
5 155 5 155 0.01953746
19 28 19 28 0.25378992
21 26 21 26 0.07866850
134 150 134 150 0.01861802
144 149 144 149 0.04980192
144 150 144 150 0.01172570
85 100 85 100 0.37219936
89 96 89 96 0.20414917
39 48 39 48 0.16730512
90 95 90 95 0.25353317
136 148 136 148 0.01753929
108 130 108 130 0.03913633
3 156 3 156 0.07606401
11 150 11 150 0.02374900
145 156 145 156 0.01284467
145 149 145 149 0.01463713
145 150 145 150 0.01759903
143 150 143 150 0.04662000
20 27 20 27 0.07446499
35 52 35 52 0.08134980
40 47 40 47 0.45946130
23 30 23 30 0.02044802
111 122 111 122 0.02676346
111 127 111 127 0.02248800
87 98 87 98 0.23025660
114 122 114 122 0.08781093
114 119 114 119 0.02698913
