19 29 18 29 0.01005393
19 29 19 28 0.00127191
19 30 18 30 0.01561263
37 75 40 81 0.00062426
37 76 39 82 0.00078902
40 53 46 59 0.00097644
40 73 43 79 0.00121704
40 73 46 79 0.00188361
40 67 39 64 0.00076450
51 67 57 73 0.06394364
51 62 57 68 0.00383703
42 51 42 57 0.02822153
42 51 42 51 0.01532763
42 51 44 57 0.00059963
42 51 48 57 0.01317775
42 142 43 148 0.00750597
42 65 42 71 0.00262920
43 141 43 148 0.01624857
43 141 44 147 0.00341723
43 50 43 56 0.03530733
43 50 43 50 0.01965437
43 50 46 56 0.00492558
11 40 11 42 0.00415300
11 40 10 43 0.01134117
44 140 45 146 0.00512607
44 140 44 147 0.00459587
44 71 48 77 0.00208561
44 75 47 81 0.00458053
44 75 44 81 0.01021110
44 74 48 80 0.01630490
44 74 44 80 0.01031380
44 49 44 55 0.00291261
44 49 50 55 0.00736146
13 36 13 36 0.26178467
13 36 13 35 0.00098007
13 36 12 37 0.02512910
13 43 12 46 0.00610987
13 42 12 46 0.00099045
53 66 53 72 0.00528871
53 66 59 72 0.10779665
18 31 17 31 0.00671833
18 31 18 30 0.00124779
18 36 18 40 0.00052669
18 36 18 39 0.00113651
18 24 18 29 0.02119496
18 24 19 28 0.00072847
18 30 17 30 0.02248500
18 30 18 30 0.09887633
49 70 55 76 0.15716646
49 70 54 77 0.00054357
49 73 52 79 0.00177821
49 64 55 70 0.00849201
7 140 7 145 0.01968559
7 140 6 146 0.02822491
7 14 8 14 0.00064168
28 35 28 38 0.00084335
5 142 5 147 0.00433631
5 142 9 148 0.00166472
5 140 6 146 0.00050587
5 140 5 147 0.00832587
8 139 7 145 0.04376066
8 13 9 13 0.00199057
8 40 8 41 0.00252935
8 40 8 44 0.01455787
83 89 80 88 0.00059223
83 89 79 89 0.00133486
26 33 26 34 0.00073800
26 33 26 33 0.02543806
26 33 26 35 0.00165003
20 28 19 28 0.02316804
25 34 25 36 0.00216866
25 34 25 34 0.05805928
39 74 42 80 0.00127905
39 145 42 151 0.00085861
39 54 45 60 0.00153404
38 140 38 147 0.00148917
38 74 44 80 0.00053048
54 64 60 70 0.04595979
54 59 60 65 0.00306019
54 67 57 73 0.00214031
54 69 60 75 0.03173126
54 63 60 69 0.02157705
35 142 37 148 0.00571423
35 72 35 73 0.00139832
35 72 34 74 0.00159488
35 72 34 68 0.03683425
48 71 54 77 0.11623157
48 71 48 77 0.00858858
48 65 54 71 0.00656808
36 141 38 147 0.00438570
36 76 39 82 0.00059448
17 37 17 41 0.00108913
17 37 17 40 0.00192499
17 32 17 31 0.00106899
17 38 17 41 0.00127389
17 25 18 29 0.00086838
17 25 17 30 0.07595433
56 66 63 72 0.00340626
56 66 62 73 0.00822908
56 66 58 73 0.00458263
56 66 59 72 0.00675594
50 70 55 76 0.00074739
16 39 16 42 0.00067473
16 26 16 31 0.02080546
16 38 16 42 0.00079125
16 38 16 41 0.00215518
16 32 16 31 0.00127470
16 32 15 33 0.00275527
16 32 15 32 0.04717600
10 39 9 40 0.00366017
10 39 9 44 0.00116755
10 39 10 43 0.11287033
10 41 9 44 0.01059350
10 41 10 43 0.00411090
47 72 52 79 0.00059971
47 72 53 78 0.10822813
47 72 47 78 0.01397003
47 75 47 81 0.00091145
47 66 53 72 0.00196362
47 68 51 74 0.00132475
45 60 45 60 0.00179512
45 60 43 56 0.00051584
45 139 45 146 0.00236314
45 139 46 145 0.00523663
46 67 52 73 0.00410502
46 73 46 79 0.02394516
46 73 52 79 0.09987853
46 59 45 55 0.00111461
46 138 46 145 0.00099398
55 62 61 68 0.07001405
55 64 55 70 0.00139111
55 67 61 74 0.00152864
55 67 61 73 0.09652240
55 67 58 73 0.00836071
55 67 62 73 0.00573190
52 61 58 67 0.00296274
52 67 52 73 0.00765921
52 67 58 73 0.12466799
52 70 54 77 0.00242950
52 70 55 76 0.00275368
52 70 58 76 0.00602741
41 52 41 52 0.00120581
41 52 41 58 0.00203124
41 52 47 58 0.00467285
41 66 40 62 0.02246364
41 66 40 64 0.00087150
41 66 41 72 0.00098713
6 141 6 146 0.00475594
6 141 5 147 0.00924171
6 139 6 146 0.00693234
6 139 7 145 0.00071467
34 73 33 69 0.13938130
34 73 33 75 0.00592560
34 73 34 74 0.00524303
57 65 63 72 0.00457715
57 65 60 69 0.00584013
57 65 64 70 0.00061465
57 65 59 72 0.00229971
15 40 15 43 0.00069902
15 33 15 33 0.03341621
15 33 14 33 0.00540807
15 33 14 34 0.00155953
15 34 15 33 0.00063241
15 34 14 34 0.03043470
15 34 14 35 0.01166090
58 64 60 69 0.00294397
58 64 64 70 0.22255768
58 64 61 68 0.00446241
9 40 9 44 0.09919600
9 40 9 40 0.13518000
9 40 8 45 0.00337020
9 40 8 41 0.00907683
9 40 8 44 0.00344927
14 35 13 36 0.02195230
14 35 13 35 0.02662150
14 35 14 35 0.26287500
14 35 14 34 0.00160793
12 39 11 42 0.00257340
12 78 11 84 0.00130284
12 37 12 37 0.25693733
12 37 11 42 0.00094704
