83 89 81 87 0.00110504
83 89 80 88 0.00235545
83 89 79 89 0.00528833
82 90 80 88 0.00140004
26 79 25 77 0.00384795
26 80 26 77 0.01834411
26 80 25 78 0.00150572
26 80 25 77 0.09272074
24 82 24 78 0.03480505
24 82 23 79 0.05352638
24 81 24 77 0.00210929
24 81 24 78 0.09807220
24 81 23 79 0.00820993
28 78 27 74 0.22045753
67 76 73 82 0.00330465
48 61 44 57 0.00080344
48 60 45 60 0.00050324
48 60 53 66 0.00270722
48 60 47 58 0.13473035
48 60 47 62 0.00110422
48 57 48 57 0.00105478
48 57 53 62 0.00064695
35 72 34 74 0.01251500
35 72 34 68 0.29307233
35 72 35 73 0.01094973
38 64 38 64 0.00493793
38 69 37 67 0.00459044
38 69 37 65 0.15706555
38 67 37 63 0.00104387
38 67 37 65 0.00287715
31 75 30 71 0.15411743
4 10 5 11 0.00106571
4 11 5 11 0.00070088
4 9 9 14 0.00180347
4 9 4 13 0.00148136
20 85 20 82 0.06707483
20 85 19 83 0.02344663
25 81 25 77 0.03578066
25 81 25 78 0.02022654
25 81 24 78 0.14484077
25 81 24 77 0.00350779
39 66 38 64 0.00474036
39 66 38 62 0.00149003
39 65 42 71 0.00636397
92 96 92 102 0.00143762
92 96 92 100 0.00105158
92 96 94 98 0.00562495
92 96 91 101 0.00052834
40 67 39 64 0.00403303
40 64 43 70 0.00394610
40 64 39 62 0.01217688
40 64 39 64 0.00078531
40 62 39 62 0.00222162
40 62 40 62 0.00511823
40 68 39 64 0.24953733
42 66 42 66 0.00253505
42 66 41 62 0.03397067
42 66 41 64 0.00330750
42 60 41 60 0.00057880
42 65 40 61 0.00058642
42 65 41 62 0.00117546
42 65 42 71 0.00131374
51 55 50 55 0.00080443
51 57 49 55 0.00481144
51 57 50 55 0.21229661
19 86 19 83 0.18030467
37 70 36 68 0.00773765
23 82 23 79 0.10179818
49 59 52 63 0.00063971
49 59 45 55 0.05050364
49 59 48 57 0.23192681
49 59 48 61 0.00295995
49 56 54 61 0.00416985
49 56 48 52 0.00828740
49 54 48 52 0.00059904
88 99 87 105 0.03690026
43 61 42 57 0.00408753
43 61 46 67 0.00312415
43 61 43 67 0.00055702
43 65 43 65 0.00284658
43 65 42 61 0.05551967
43 66 42 62 0.01644175
43 66 42 64 0.00131769
44 66 43 63 0.00402767
44 60 43 56 0.05034933
44 60 47 66 0.00065100
44 65 43 63 0.01840795
44 65 43 67 0.00252595
44 65 43 65 0.00089210
44 61 44 61 0.00217154
34 73 34 74 0.01089350
34 73 33 75 0.01234110
34 73 33 69 0.29464009
41 61 40 61 0.00061226
41 66 40 66 0.00074791
41 66 40 64 0.00222800
41 66 40 62 0.05763833
41 66 41 72 0.00098110
41 65 40 61 0.03111316
21 85 20 82 0.00120656
21 84 20 82 0.01061591
29 77 28 73 0.29252739
46 56 45 55 0.00098724
46 56 46 56 0.00177807
46 63 45 60 0.00367261
46 62 45 64 0.00275490
46 62 45 60 0.22578035
46 62 51 68 0.00238672
46 59 46 59 0.00276546
46 59 45 55 0.01651185
89 98 88 104 0.03803929
89 98 89 103 0.00053847
27 78 27 74 0.01879270
33 74 33 75 0.00853377
33 74 32 76 0.01018230
33 74 32 70 0.29504631
36 71 35 73 0.01205373
64 70 64 70 0.00107631
47 55 47 55 0.00481714
47 55 46 54 0.00127208
47 57 46 53 0.00964757
47 61 44 57 0.00086015
47 61 46 63 0.00292301
47 61 46 59 0.23236020
47 61 52 67 0.00418453
45 65 44 61 0.05375808
45 60 45 60 0.00743545
45 60 43 56 0.00214411
45 57 45 60 0.00055663
30 76 30 78 0.00232965
30 76 29 72 0.18794753
50 58 46 54 0.04760546
50 58 47 58 0.00057117
50 58 53 62 0.00213373
50 58 49 60 0.00283947
68 75 74 81 0.00054822
90 97 89 103 0.04870633
