27 40 27 37 0.00090166
27 48 22 43 0.00526987
12 18 7 13 0.00807057
12 18 11 15 0.00086849
14 33 14 28 0.03133168
9 14 4 9 0.02113102
9 14 8 13 0.00101325
9 20 6 15 0.00072964
9 148 5 142 0.00884079
9 19 4 14 0.00256486
9 13 8 13 0.01763032
126 131 120 125 0.22987740
52 79 50 74 0.00518650
52 79 51 73 0.01761652
29 46 24 40 0.01700980
55 76 54 70 0.02084955
55 76 50 74 0.00050325
55 76 53 71 0.00679802
89 103 90 97 0.00104664
89 103 83 97 0.21008987
61 73 57 67 0.01755831
61 74 55 69 0.00107895
61 68 59 65 0.00252182
61 68 60 64 0.01608337
46 79 50 74 0.00082548
73 81 67 75 0.02790177
15 32 15 27 0.09728689
15 32 14 28 0.00053943
58 76 54 70 0.00103624
58 76 53 71 0.00092124
58 73 57 67 0.02574731
34 40 33 38 0.00501062
57 74 55 69 0.00188979
6 16 1 11 0.00189000
6 16 5 13 0.00051312
6 146 7 140 0.00289534
6 23 5 23 0.00087070
6 17 1 12 0.00154088
6 17 5 13 0.00094118
60 75 54 70 0.00052492
60 75 55 69 0.01514961
60 69 58 66 0.00241508
60 69 59 65 0.01609218
60 70 60 64 0.00116270
60 70 59 65 0.00064016
16 31 15 27 0.00134599
16 31 16 26 0.12968559
63 72 59 66 0.00229834
63 72 58 66 0.02687478
63 72 57 67 0.00114088
10 18 6 14 0.00742799
10 18 5 13 0.00125568
64 70 59 65 0.04790842
64 70 60 64 0.03980188
36 47 31 40 0.00154169
36 44 33 38 0.00075534
33 41 32 39 0.00112203
33 41 33 38 0.01302967
33 41 28 36 0.01727156
17 30 16 26 0.00093534
17 30 17 25 0.15769789
94 99 88 93 0.00535941
94 98 88 92 0.27343399
4 24 4 24 0.01362987
4 19 3 15 0.00070088
4 19 4 14 0.00065317
4 13 4 9 0.02139664
4 13 4 14 0.00063811
4 13 5 13 0.02802065
123 134 117 128 0.23902169
38 43 33 38 0.16039483
31 43 26 38 0.06572346
31 43 31 40 0.00320464
74 80 68 74 0.03053579
32 42 32 39 0.00866731
32 42 31 40 0.00392117
32 42 27 37 0.05011621
35 40 33 38 0.00317454
54 77 52 72 0.00319962
54 77 53 71 0.01645278
5 17 4 14 0.00133099
5 17 1 12 0.00253824
5 147 5 142 0.00323905
5 11 4 9 0.00062209
5 23 5 23 0.00714614
5 18 4 14 0.00368678
28 47 23 41 0.01337501
124 133 118 127 0.31451133
125 132 119 126 0.23932997
8 21 7 18 0.00073808
8 21 7 16 0.00063874
8 14 7 13 0.00156752
8 14 7 11 0.00295260
8 14 4 9 0.00746648
8 14 8 13 0.00055232
8 149 4 143 0.00140367
8 20 3 15 0.01111220
8 15 3 10 0.01898953
8 15 7 11 0.00404570
8 15 7 12 0.00054186
59 72 57 67 0.00343456
59 72 58 66 0.01786116
53 78 51 73 0.00537278
53 78 52 72 0.01626166
62 73 57 67 0.03529795
62 67 60 64 0.00135826
13 34 13 29 0.12164233
93 99 87 93 0.31744741
93 101 87 95 0.00506051
11 19 6 14 0.00186643
11 19 10 16 0.00087959
3 26 3 26 0.00236929
3 14 4 14 0.02473114
3 14 3 10 0.00939294
3 14 3 14 0.02014532
7 15 7 11 0.00143786
7 15 6 14 0.00141825
7 15 6 10 0.00061623
7 15 6 15 0.01449775
7 15 3 10 0.01019558
7 145 8 139 0.00395940
7 145 7 140 0.00639053
7 22 6 19 0.00066239
7 22 6 22 0.00228668
18 29 17 25 0.00183782
18 29 18 24 0.05251952
37 44 33 38 0.00084095
37 44 32 39 0.03308045
37 45 32 39 0.03718852
122 135 116 129 0.21522371
19 28 19 23 0.03290676
19 28 18 24 0.00180440
2 20 1 16 0.00325048
2 15 3 15 0.03105188
2 15 1 12 0.00053087
1 17 1 16 0.00058991
1 17 1 12 0.00873302
1 28 1 28 0.00729440
1 16 1 12 0.01864238
1 16 1 16 0.08646672
1 16 1 11 0.04172862
92 102 86 96 0.00768571
92 100 86 94 0.24124981
91 101 85 95 0.30828924
