38 37 0.00199077
38 38 0.79787800
115 115 0.92823100
115 116 0.00106825
118 118 0.92633100
118 117 0.00242305
51 51 0.98371600
67 68 0.00093708
67 66 0.00065410
67 67 0.94178900
159 158 0.00156622
159 159 0.80243800
159 157 0.00745028
30 30 0.64163500
30 29 0.01381180
65 65 0.91350900
65 64 0.00385874
119 119 0.92601900
119 118 0.00300458
153 153 0.39790000
153 151 0.00311816
153 152 0.04913140
117 117 0.92700700
117 116 0.00170484
117 118 0.00065252
49 49 0.94201300
5 5 0.31734000
16 15 0.00283161
16 17 0.04504550
16 16 0.90921700
74 74 0.93057400
86 87 0.00532977
86 86 0.92476300
69 69 0.66176200
3 3 0.25521100
82 82 0.92666300
82 83 0.00316882
19 18 0.00230272
19 20 0.01509670
19 19 0.91386700
144 145 0.00151500
144 144 0.59040300
144 141 0.00127656
144 143 0.15671100
144 142 0.13087700
129 129 0.63924800
129 127 0.00441565
129 128 0.05696920
2 2 0.28971800
125 124 0.05736860
125 125 0.71669600
125 123 0.00075403
101 101 0.93061600
109 109 0.93057300
130 128 0.02114420
130 129 0.06105270
130 130 0.68869100
61 61 0.79484800
61 62 0.00055786
95 95 0.92998200
12 12 0.96364300
143 144 0.00137090
143 141 0.01800290
143 143 0.59225600
143 142 0.09894960
143 140 0.00099733
80 80 0.92616900
80 81 0.00315317
68 68 0.08446140
68 69 0.00090095
68 67 0.00059592
1 1 0.75319000
8 8 0.96591900
60 60 0.77431000
100 100 0.93037800
42 41 0.00094085
42 42 0.98905400
18 18 0.91106500
18 17 0.00302299
18 19 0.02663690
55 55 0.55178700
132 131 0.05930850
132 132 0.60945700
132 130 0.02433270
122 122 0.87460100
122 121 0.00107750
128 128 0.59399200
128 127 0.04822830
128 126 0.00150976
78 79 0.00052659
78 78 0.92994900
111 111 0.93045300
124 125 0.00085409
124 123 0.00350585
124 124 0.83625900
37 37 0.78727300
37 36 0.00404792
39 39 0.48909800
39 38 0.02703300
6 6 0.50973800
17 17 0.90923600
17 18 0.03252000
17 16 0.00199980
92 92 0.93047700
14 14 0.95685800
14 15 0.00610906
31 31 0.12814900
31 30 0.01980980
89 89 0.92920500
89 90 0.00090225
141 141 0.60974200
141 139 0.13920000
141 138 0.00438021
141 140 0.07642730
15 16 0.04297300
15 15 0.91540300
41 41 0.44502600
41 40 0.00135293
91 91 0.93021300
160 160 0.79570600
160 158 0.00111563
160 159 0.00140989
156 155 0.00499013
156 156 0.44677500
156 154 0.07779400
44 44 0.99438600
22 22 0.90649400
22 23 0.00121210
22 20 0.00052835
134 132 0.09671160
134 133 0.04477330
134 134 0.34808300
72 72 0.93055600
62 62 0.74805300
13 13 0.96263900
13 14 0.00103662
104 104 0.93062600
43 43 0.46567800
70 70 0.75785100
76 76 0.93027500
112 112 0.93037900
54 54 0.97811600
47 47 0.74183800
96 96 0.93035900
138 138 0.29230800
138 137 0.04932030
138 136 0.10809400
25 25 0.43709400
25 26 0.00050498
66 67 0.00052851
66 65 0.00085467
66 66 0.54261100
90 90 0.92972000
136 135 0.00115281
136 136 0.29678300
136 134 0.00248246
157 157 0.44745400
157 155 0.01958260
157 156 0.03934660
105 105 0.93063400
135 133 0.18647900
135 134 0.00682805
135 135 0.31481500
131 130 0.08540530
131 131 0.65798900
131 129 0.07986400
59 59 0.58175600
154 152 0.00326448
154 154 0.31092400
154 153 0.00131040
73 73 0.93054900
133 133 0.25078000
133 131 0.14227500
133 132 0.00589029
110 110 0.93039100
103 103 0.93059500
149 148 0.09058770
149 147 0.05761750
149 149 0.35432300
58 58 0.61251800
114 114 0.92926500
114 115 0.00109978
155 154 0.00167472
155 155 0.30100100
155 153 0.00614225
11 11 0.96396400
36 36 0.79380900
36 35 0.12682700
64 64 0.27023800
10 10 0.96445400
146 143 0.00301543
146 144 0.03636350
146 146 0.68558700
146 145 0.24748000
146 147 0.00207356
120 119 0.00368154
120 120 0.92171500
88 89 0.00140936
88 88 0.92562000
48 48 0.96254200
71 71 0.87619100
140 140 0.39557900
140 138 0.08192090
140 139 0.00258292
57 57 0.44197200
34 33 0.02002960
34 34 0.20387200
21 22 0.00142801
21 19 0.00050806
21 21 0.92165500
123 124 0.00059229
123 122 0.00378961
123 123 0.69584600
20 21 0.00327438
20 19 0.00055732
20 20 0.91799700
93 93 0.93038400
98 98 0.93027000
40 40 0.49735100
40 39 0.00698664
56 56 0.89591400
106 106 0.93063600
23 23 0.90723500
23 24 0.00098754
53 53 0.77087700
99 99 0.93041600
107 107 0.93065000
94 94 0.92998300
24 25 0.00075442
24 24 0.90759800
26 26 0.32616100
26 27 0.00617083
87 88 0.00491703
87 87 0.92522800
27 27 0.71164700
27 28 0.00165874
113 114 0.00092941
113 113 0.92954000
147 147 0.66944200
147 148 0.00215523
147 145 0.03369630
147 146 0.25354700
35 35 0.83224900
35 34 0.01728710
139 139 0.29291400
139 137 0.10828300
139 138 0.00145533
108 108 0.93063900
97 97 0.93024100
126 125 0.04572990
126 126 0.79752800
126 124 0.00092506
4 4 0.62115100
85 86 0.00559299
85 85 0.92480100
45 45 0.98590700
145 145 0.67412300
145 142 0.01794780
145 146 0.00185703
145 144 0.19892300
145 143 0.08213550
152 150 0.00274776
152 152 0.39786800
152 151 0.00197282
121 120 0.00830683
121 121 0.87492900
81 81 0.92596900
81 80 0.00101276
81 82 0.00328619
127 125 0.00112226
127 127 0.82213000
127 126 0.04712900
79 79 0.92723200
79 80 0.00287487
52 52 0.13001600
142 140 0.02978090
142 143 0.00085930
142 141 0.07472770
142 139 0.03753860
142 142 0.60953700
46 46 0.15660300
102 102 0.93063700
28 28 0.57738400
28 29 0.00078373
7 7 0.96647300
150 149 0.07930750
150 150 0.40349700
150 148 0.16237400
84 85 0.00376163
84 84 0.92667100
32 31 0.00565656
32 32 0.86506700
77 77 0.93032400
83 84 0.00347203
83 83 0.92691000
63 63 0.94529400
63 62 0.00331909
33 33 0.67275500
33 32 0.05341380
151 151 0.37675300
151 150 0.01174610
151 149 0.09131620
9 9 0.96509800
148 148 0.46403000
148 147 0.24528100
148 146 0.03094610
148 149 0.00129201
137 136 0.00147238
137 135 0.01834340
137 137 0.29249700
116 115 0.00096934
116 116 0.92762500
116 117 0.00086561
75 75 0.93047700
50 50 0.96737700
158 156 0.01555290
158 157 0.00616276
158 158 0.44877900
29 28 0.00161817
29 29 0.82789100
29 30 0.00059260
