65 66 0.00085724
65 65 0.89851000
30 30 0.82211900
30 31 0.00770133
30 29 0.04730560
153 152 0.00132031
153 153 0.99834400
119 119 0.60849400
117 117 0.90930500
38 38 0.87297200
38 39 0.01367620
38 37 0.00853549
115 115 0.89814000
118 118 0.90905600
67 67 0.86552700
67 68 0.00068543
51 51 0.93411400
159 159 0.99991900
86 85 0.01993110
86 86 0.80628000
16 16 0.69133300
16 17 0.00088494
16 15 0.05201000
49 49 0.85246400
5 5 0.99864100
5 6 0.00052576
74 74 0.82635400
3 3 0.99901600
82 82 0.81043300
82 81 0.01474250
19 18 0.17837200
19 19 0.70320600
19 21 0.00104780
69 69 0.46265500
101 101 0.82642800
130 130 0.96946400
109 109 0.83900600
61 61 0.72905200
95 95 0.82616200
144 145 0.00050354
144 143 0.01241160
144 144 0.98282500
2 2 0.99926500
129 129 0.83242000
125 125 0.70842500
42 42 0.94210200
18 18 0.69683700
18 17 0.10667000
18 19 0.00104690
18 20 0.00089647
60 60 0.70002100
60 61 0.00914973
100 100 0.82624300
132 132 0.82043900
55 55 0.50407900
122 122 0.82734500
78 77 0.00062449
78 78 0.82418800
128 128 0.97602700
68 68 0.39695100
12 11 0.01617650
12 12 0.84660600
143 143 0.98546600
143 144 0.00071929
143 142 0.00699566
80 80 0.81202500
80 79 0.01146210
80 81 0.00090493
1 1 0.59699800
8 8 0.88037600
8 9 0.00060537
6 6 0.97460600
6 7 0.00125222
17 17 0.69110600
17 18 0.00075703
17 19 0.00109138
17 16 0.19250200
92 92 0.82629200
31 30 0.03970170
31 32 0.00257911
31 31 0.43543400
14 13 0.16064000
14 14 0.71333000
124 124 0.78279900
111 111 0.73429000
37 38 0.00103334
37 37 0.82050300
37 36 0.02613320
39 38 0.00083902
39 39 0.58801900
39 40 0.00448491
22 21 0.15929200
22 23 0.01081740
22 22 0.78513800
44 44 0.91842400
156 156 0.99970500
134 134 0.98487400
62 62 0.59117600
62 61 0.00153889
62 63 0.01001810
72 72 0.82633400
141 140 0.00062393
141 141 0.99723100
89 88 0.00412305
89 89 0.82230000
15 14 0.07906700
15 15 0.70187000
41 41 0.57607100
41 42 0.00079457
160 160 0.99988000
91 91 0.82600300
70 70 0.70121600
76 76 0.82576700
13 15 0.00068129
13 12 0.10596300
13 13 0.75212700
104 104 0.82644500
43 43 0.65165200
66 66 0.72686100
90 90 0.82415000
90 89 0.00228734
136 136 0.99811300
157 157 0.99980300
105 105 0.82643900
112 112 0.83115500
54 54 0.64367600
47 47 0.53378000
138 138 0.99732900
138 137 0.00052004
96 96 0.82631500
25 26 0.00175351
25 24 0.09365410
25 25 0.50548500
149 150 0.00060229
149 148 0.01651080
149 149 0.98165900
114 114 0.75166300
155 155 0.99890800
155 154 0.00067617
58 58 0.57275500
58 59 0.00123240
36 35 0.03309800
36 37 0.00148593
36 36 0.83030000
11 10 0.00325203
11 11 0.94170400
64 64 0.51087300
64 65 0.00658249
131 131 0.97057700
135 135 0.99863400
59 60 0.00363673
59 59 0.54095400
73 73 0.82634300
154 154 0.99873300
154 153 0.00086072
110 110 0.85230200
103 103 0.82644600
133 133 0.80662000
34 35 0.01020790
34 34 0.26771100
34 33 0.03928200
57 57 0.42486900
21 21 0.75850800
21 20 0.16518200
21 22 0.00149514
93 93 0.82627500
123 123 0.81480900
20 22 0.00121907
20 20 0.74410000
20 19 0.20382600
146 146 0.98067400
146 145 0.01734110
10 10 0.92406600
10 9 0.00058950
120 120 0.74773700
88 88 0.80954600
88 87 0.01680840
48 48 0.63879300
140 140 0.99808500
140 139 0.00050506
71 71 0.82625500
23 24 0.00635340
23 23 0.78305900
23 22 0.15868300
53 53 0.70954300
106 106 0.82643900
99 99 0.82628100
24 25 0.00240499
24 24 0.75235200
24 23 0.15802600
94 94 0.82623000
107 107 0.82644900
98 98 0.82618400
40 41 0.00112967
40 40 0.58557700
56 56 0.79272100
35 35 0.62708000
35 34 0.00797573
35 36 0.01976980
139 139 0.99803400
139 138 0.00061273
108 108 0.77226300
126 126 0.95379100
4 4 0.99888300
97 97 0.82618600
26 26 0.62946700
26 27 0.00136048
26 25 0.00462303
87 86 0.01843270
87 87 0.80794100
27 28 0.00140059
27 27 0.79212100
27 26 0.07231940
113 113 0.83757800
147 147 0.98053700
147 146 0.01751510
121 121 0.93463200
81 80 0.01324170
81 81 0.81046800
52 52 0.33694700
127 127 0.96044500
79 78 0.00208530
79 79 0.81450300
85 84 0.01859540
85 85 0.80603700
45 45 0.89908500
145 145 0.98055900
145 144 0.01491330
152 151 0.00176980
152 152 0.99787900
84 84 0.80766900
84 83 0.01695760
32 30 0.00052962
32 33 0.00520728
32 32 0.81932000
32 31 0.04035480
83 83 0.80926300
83 82 0.01529500
77 77 0.82565800
142 141 0.00150074
142 142 0.99164600
46 46 0.49970800
102 102 0.82644800
150 149 0.01548320
150 150 0.98350500
7 7 0.80194000
7 8 0.00592612
28 28 0.79653600
28 29 0.00241808
28 27 0.05495540
116 118 0.00070325
116 116 0.90963700
137 138 0.00062440
137 137 0.99745400
75 75 0.82610900
50 50 0.92975200
158 158 0.59712100
29 29 0.79523200
29 28 0.04922780
29 30 0.00541397
63 62 0.00150900
63 64 0.00147707
63 63 0.74641000
33 33 0.83580000
33 34 0.00578653
33 32 0.04020840
9 8 0.00054177
9 9 0.96311700
148 147 0.01767520
148 148 0.98032900
151 151 0.99484700
151 150 0.00473135
