26 26 0.57108700
87 87 0.29042000
27 27 0.57585600
113 113 0.99750800
113 114 0.00078211
147 147 0.98921800
35 35 0.99444700
108 108 0.99995400
139 139 0.98953400
4 4 0.90607800
126 126 0.58223900
97 97 0.99965900
45 45 0.89085800
85 85 0.99986000
145 145 0.98924900
152 152 0.98958900
121 121 0.06645280
81 81 0.29972600
52 52 0.99563000
127 127 0.67767000
79 79 0.99851200
142 142 0.98959600
46 46 0.75339800
102 102 0.99998800
150 150 0.98956500
28 28 0.13895100
7 7 0.40378800
84 84 0.74158100
32 32 0.51463500
83 83 0.51325000
77 77 0.99930300
63 63 0.98524900
33 33 0.56704300
148 148 0.98916200
9 9 0.98970900
151 151 0.98959800
116 116 0.29700900
137 137 0.95917600
75 75 0.29203400
50 50 0.75389600
29 29 0.86809700
158 158 0.78908000
112 112 0.99754200
112 113 0.00088167
47 47 0.99658700
54 54 0.84413700
138 138 0.98960200
96 96 0.99977700
25 25 0.64813900
66 66 0.47995100
136 136 0.96977100
90 90 0.12061500
157 157 0.98929100
105 105 0.29042300
131 131 0.89766200
135 135 0.94165800
59 59 0.99410800
73 73 0.29006600
154 154 0.98951500
110 110 0.07084040
103 103 0.12061200
133 133 0.94702100
149 149 0.98930900
114 115 0.00073200
114 114 0.36271000
155 155 0.98932000
58 58 0.99402400
36 36 0.99445500
11 11 0.98970800
64 64 0.70685500
146 146 0.98924100
10 10 0.98970800
88 88 0.29042300
120 120 0.39369000
48 48 0.94910300
140 140 0.98960200
71 71 0.06644730
57 57 0.99396300
34 34 0.63513000
21 21 0.65696900
93 93 0.95934700
123 123 0.61096900
20 20 0.88553200
20 19 0.00208978
98 98 0.99969100
40 40 0.99437200
56 56 0.99384900
23 23 0.68746900
53 53 0.77930200
106 106 0.29042000
99 99 0.17223900
24 24 0.67195500
94 94 0.21268700
107 107 0.39491000
68 68 0.44733500
80 80 0.99851400
12 12 0.90653800
143 143 0.98958600
1 1 0.87866300
8 8 0.90654100
18 17 0.00134975
18 18 0.55785700
42 42 0.89201400
100 100 0.99984000
60 60 0.99417800
132 132 0.88814000
55 55 0.91112000
122 122 0.95512000
128 128 0.96281900
78 78 0.36351800
124 124 0.62365700
111 111 0.29967600
37 37 0.99438600
39 39 0.99444300
6 6 0.12479100
17 17 0.95499100
17 16 0.00075148
92 92 0.40934600
31 31 0.44658300
14 14 0.40567900
141 141 0.98961300
89 89 0.39492300
15 15 0.14943200
41 41 0.91165100
160 160 0.89059600
91 91 0.99991500
44 44 0.99550800
22 22 0.72307600
156 156 0.98932600
134 134 0.94716800
62 62 0.99059600
72 72 0.39368800
13 13 0.98877700
104 104 0.39492300
43 43 0.91510300
70 70 0.11810200
76 76 0.29790200
38 38 0.99450100
118 118 0.39477600
115 115 0.99767800
67 67 0.42622600
51 51 0.89120200
159 159 0.88149900
65 65 0.94683100
30 30 0.48880400
153 153 0.98957900
119 119 0.29006500
117 117 0.29164600
16 16 0.95503100
5 5 0.93812600
49 49 0.86090400
74 74 0.39479000
86 86 0.39490700
69 69 0.43106800
3 3 0.56428200
82 82 0.07084750
19 19 0.96073900
19 18 0.00745831
144 144 0.98953200
2 2 0.87218000
129 129 0.86251500
125 125 0.58608100
101 101 0.40935400
130 130 0.91448900
109 109 0.25493000
61 61 0.99266100
95 95 0.99967500
