76 76 0.29726800
70 70 0.75181400
43 43 0.76650500
104 104 0.94437500
13 13 0.02008690
72 72 0.38051000
62 62 0.92262500
134 134 0.34595200
156 156 0.30072100
44 44 0.63205500
22 22 0.80543000
91 91 0.29401100
160 160 0.52024000
41 41 0.73444500
15 15 0.30860800
141 141 0.99988000
89 89 0.95738700
14 14 0.34675500
31 31 0.70569200
92 92 0.58648200
6 6 0.45656400
17 17 0.49221500
37 37 0.98191100
39 39 0.98196300
111 111 0.34674800
124 124 0.91502100
128 128 0.72197100
78 78 0.29733300
122 122 0.62258100
55 55 0.59243700
132 132 0.47918600
100 100 0.29709500
60 60 0.96809800
42 42 0.74000200
18 18 0.92462200
8 8 0.45667400
1 1 0.99989900
143 143 0.40932800
12 12 0.29655200
80 80 0.40773800
68 68 0.52405400
95 95 0.40773500
61 61 0.96807200
109 109 0.99983300
130 130 0.97307200
101 101 0.40209200
125 125 0.85729300
129 129 0.65961500
2 2 0.66282300
144 144 0.45345800
19 19 0.53677000
82 82 0.59350800
3 3 0.48304700
69 69 0.64328100
86 86 0.99291700
74 74 0.40209100
5 5 0.80085000
49 49 0.31452800
16 16 0.96852100
117 117 0.59787100
119 119 0.98753900
153 153 0.40919900
30 30 0.64260000
65 65 0.97131100
159 159 0.45394400
51 51 0.71034400
67 67 0.97356900
115 115 0.34207100
118 118 0.06463230
38 38 0.98194300
158 158 0.17343100
29 29 0.56869100
50 50 0.72640400
75 75 0.29709600
137 137 0.12676200
116 116 0.89769200
151 151 0.99981600
9 9 0.99185500
148 148 0.45346300
33 33 0.86340400
63 63 0.92679200
77 77 0.34071600
83 83 0.93391400
32 32 0.67062500
84 84 0.36710100
7 7 0.13764300
28 28 0.56877700
150 150 0.40930200
102 102 0.40087000
46 46 0.57315200
142 142 0.40930500
79 79 0.12491700
127 127 0.77355600
52 52 0.71701300
81 81 0.99997600
121 121 0.99782600
152 152 0.13314700
145 145 0.99990300
85 85 0.39964800
45 45 0.95608400
97 97 0.29733400
4 4 0.47774100
126 126 0.71008800
139 139 0.13313900
108 108 0.53422200
35 35 0.98123700
147 147 0.99997600
113 113 0.29655100
27 27 0.75637600
26 26 0.87676500
87 87 0.99291600
107 107 0.99981900
94 94 0.99988400
24 24 0.70694800
99 99 0.29726800
106 106 0.52803800
23 23 0.80839300
53 53 0.95334500
56 56 0.89543300
40 40 0.98196800
98 98 0.34071600
20 20 0.50335700
123 123 0.65789500
93 93 0.99992400
21 21 0.88999400
57 57 0.89997500
34 34 0.54153700
71 71 0.96166500
140 140 0.99987800
48 48 0.87375000
120 120 0.53863700
88 88 0.99292200
10 10 0.30010100
146 146 0.99996700
64 64 0.97128500
11 11 0.34116700
36 36 0.93726000
58 58 0.95041300
114 114 0.34116500
155 155 0.30231800
149 149 0.40932700
133 133 0.16654700
103 103 0.42352200
110 110 0.30859600
154 154 0.12675900
73 73 0.40087000
59 59 0.95045000
135 135 0.30035700
131 131 0.47930300
105 105 0.57907000
157 157 0.34771200
136 136 0.30231800
90 90 0.43518100
66 66 0.71395900
25 25 0.89252000
96 96 0.12492000
138 138 0.40920000
47 47 0.84444000
54 54 0.94965200
112 112 0.02008610
