145 145 0.97377300
119 119 0.99037400
122 122 0.98819800
122 121 0.00208064
24 24 0.41777700
116 116 0.99406700
118 118 0.77524100
87 87 0.99439100
132 132 0.98930900
16 16 0.31523800
67 67 0.99061000
9 9 0.38599100
44 44 0.28472200
78 78 0.99435500
76 76 0.77800300
60 60 0.54641000
149 149 0.76916400
138 138 0.07532160
102 102 0.99426900
98 98 0.99302900
98 97 0.00066390
104 104 0.99436900
133 133 0.72843700
29 29 0.41418300
127 127 0.99045200
35 35 0.99984800
43 43 0.39267200
136 136 0.97595700
128 128 0.99039400
36 36 0.39970500
4 4 0.73143900
152 153 0.00135879
152 152 0.99763500
49 49 0.35320700
42 42 0.28977000
12 12 0.28979400
18 18 0.28472200
39 39 0.32070000
23 23 0.46155900
150 150 0.09861180
135 135 0.84704600
129 129 0.99041200
90 90 0.99437500
105 105 0.99437700
53 53 0.38744900
107 107 0.99436300
79 79 0.99405700
94 94 0.99437400
11 11 0.28825400
84 84 0.99435000
137 137 0.97545100
77 77 0.99439300
41 41 0.26885300
111 111 0.99434800
19 19 0.39267100
48 48 0.37243500
34 34 0.41415800
100 100 0.99341300
100 99 0.00076190
134 134 0.75721600
131 131 0.84981200
141 141 0.69396600
3 3 0.68599200
1 1 0.98535600
55 55 0.44568800
8 8 0.27104400
108 108 0.99438900
15 15 0.39805900
5 5 0.98380900
32 32 0.99980800
140 140 0.06634830
70 70 0.99084800
69 69 0.99073100
114 114 0.99435600
130 130 0.99077300
91 91 0.99436700
96 96 0.99428100
68 68 0.99059100
20 20 0.28977000
73 73 0.99086700
146 146 0.84562500
151 151 0.99819300
151 152 0.00093915
154 154 0.99880600
154 155 0.00069635
46 46 0.29561100
101 101 0.99396900
113 113 0.99439100
95 95 0.99436200
58 58 0.43103100
112 112 0.99438800
40 40 0.30995700
66 66 0.99063000
65 65 0.99065200
80 80 0.99371500
82 82 0.99387400
103 103 0.99431800
85 85 0.99435800
56 56 0.79062000
155 155 0.99888300
123 122 0.00220174
123 123 0.98836800
30 30 0.99992700
47 47 0.99996500
126 126 0.99037200
57 57 0.41544800
99 98 0.00114011
99 99 0.99298100
86 86 0.99435400
97 97 0.99371400
62 62 0.98961100
124 124 0.99005400
124 123 0.00067003
59 59 0.57139800
106 106 0.99438700
10 10 0.38745000
13 13 0.29024000
83 83 0.99428700
143 143 0.97342800
61 61 0.72858800
51 51 0.28979300
142 142 0.97278300
92 92 0.99437600
125 125 0.99008300
64 64 0.99093400
74 74 0.99084400
31 31 0.99988100
14 14 0.32758500
147 147 0.83295100
21 21 0.39700300
22 22 0.39916400
121 121 0.98868600
121 120 0.00174629
139 139 0.74950700
2 2 0.78440000
120 120 0.98901300
71 71 0.99085900
25 25 0.46045900
6 6 0.53411100
117 117 0.77794400
17 17 0.32674700
88 88 0.99439700
63 63 0.85000500
27 27 0.39971100
50 50 0.29024100
115 115 0.99411700
81 81 0.99360200
81 80 0.00058524
72 72 0.99086100
153 154 0.00075450
153 153 0.99791500
109 109 0.99438300
37 37 0.07161170
110 110 0.99427600
45 45 0.32674900
7 7 0.58215400
52 52 0.28825300
148 148 0.08546320
28 28 0.99996100
26 26 0.11001100
38 38 0.27504200
89 89 0.99439500
93 93 0.99439200
33 33 0.99991100
54 54 0.38599200
144 144 0.97369200
75 75 0.77533400
