109 113 0.00219858
109 114 0.02039230
109 115 0.36461000
153 153 0.00061443
153 154 0.76223500
153 155 0.18326800
110 115 0.15242200
110 114 0.00237112
110 113 0.00078739
110 116 0.56018900
37 40 0.14165700
45 47 0.00164080
45 48 0.26818800
52 56 0.01617180
52 58 0.00210406
52 55 0.97561600
7 7 0.99378600
148 149 0.18998400
148 151 0.02997140
148 155 0.00200220
148 152 0.01867970
148 150 0.29321900
148 148 0.00413175
38 40 0.00271102
38 41 0.34296200
26 26 0.07562410
28 29 0.00068102
28 30 0.01845380
28 28 0.94875900
28 31 0.00615787
93 98 0.99048700
89 94 0.00900698
33 35 0.00166373
33 33 0.13300400
33 34 0.00082698
33 36 0.32087100
54 58 0.01157080
54 59 0.00051315
54 57 0.61213100
54 60 0.02704630
144 151 0.00670198
144 146 0.24919700
144 147 0.14851900
144 145 0.31310100
144 148 0.06975650
75 81 0.66476300
75 80 0.19225800
74 80 0.06451670
74 79 0.00380582
14 14 0.59441600
31 32 0.00220093
31 33 0.00898051
31 31 0.85065400
31 34 0.11216800
21 21 0.80144200
21 22 0.01047280
147 151 0.02166750
147 149 0.39489300
147 150 0.06130920
147 148 0.37238200
147 147 0.00415143
147 154 0.00259252
22 22 0.48866000
22 23 0.00096231
121 127 0.87586800
121 123 0.00119421
121 126 0.00450765
121 122 0.01178530
121 124 0.08155540
120 121 0.01034180
120 122 0.00121422
120 125 0.00718467
120 127 0.00053723
120 123 0.09512250
120 126 0.87407200
2 2 0.75290300
139 143 0.74789900
139 142 0.00255061
139 140 0.11631000
139 146 0.00982278
71 74 0.00144714
71 77 0.58965600
71 76 0.00793565
88 93 0.01054200
17 17 0.07099820
117 122 0.02612150
117 120 0.08118660
117 121 0.00387670
117 118 0.00884451
117 123 0.85860200
25 25 0.02257540
6 6 0.65103400
27 29 0.00161801
27 27 0.45444800
50 53 0.01909120
50 54 0.00781871
63 68 0.16616600
63 66 0.02034880
63 69 0.79601400
63 67 0.01258190
115 120 0.04914740
115 118 0.03799120
115 121 0.84861500
115 116 0.00190998
115 119 0.01610310
115 122 0.00136660
81 87 0.03338040
81 86 0.16308600
72 78 0.44244100
72 77 0.08969920
72 75 0.00142494
99 104 0.34962600
57 62 0.00778969
57 61 0.01176720
57 63 0.44072900
57 60 0.13746700
97 102 0.30451800
86 91 0.02090980
59 62 0.27238400
59 65 0.63660400
59 63 0.01095730
59 64 0.04504030
124 130 0.02349640
124 127 0.05677550
124 125 0.04401560
124 126 0.00845946
62 65 0.03057030
62 66 0.01872490
62 68 0.76393600
62 67 0.18202000
106 111 0.00406047
106 112 0.30326600
10 10 0.01913910
13 13 0.49407800
143 146 0.12147600
143 144 0.29208800
143 145 0.12671700
143 147 0.18163700
143 150 0.00697063
83 88 0.31698600
83 87 0.00223344
61 67 0.75536900
61 65 0.02075350
61 66 0.18308600
61 64 0.03600350
51 54 0.04355210
51 55 0.00786909
142 143 0.15878200
142 145 0.18204300
142 146 0.29688700
142 144 0.06126390
142 149 0.00787644
92 96 0.00062648
92 97 0.98992600
64 68 0.00455018
64 70 0.83158500
64 69 0.15027600
64 67 0.00897143
125 131 0.86852000
125 128 0.04067420
125 126 0.04634820
125 127 0.00775717
46 48 0.00086295
46 49 0.98047600
101 107 0.01010970
101 106 0.31243900
154 155 0.79854600
154 154 0.00088919
113 118 0.10493000
113 120 0.00102828
113 119 0.82483200
113 116 0.01568900
113 117 0.01429410
95 100 0.00901411
58 62 0.02093680
58 61 0.41041200
58 63 0.02780520
58 64 0.53148400
112 118 0.81954800
112 116 0.00760523
112 119 0.00076199
112 115 0.00823630
112 117 0.12187700
80 86 0.03796680
80 85 0.03200950
40 42 0.01404250
40 43 0.03469390
66 71 0.13392800
66 72 0.85739900
66 70 0.00068583
66 69 0.00366916
65 68 0.00519100
65 71 0.83696300
65 70 0.15142600
65 69 0.00184173
103 109 0.15328000
103 108 0.04916240
82 88 0.00291880
82 87 0.95826900
82 86 0.00158368
123 128 0.00080799
123 124 0.03035830
123 129 0.04472690
123 125 0.00506959
123 126 0.05941170
85 90 0.34992100
56 59 0.70055700
56 62 0.27969100
56 61 0.00211955
56 60 0.01491420
30 31 0.00071839
30 32 0.00728790
30 33 0.06819880
30 30 0.89788800
126 127 0.05018260
126 132 0.02628970
126 129 0.02224480
126 128 0.00929312
47 50 0.49452400
114 117 0.02689780
114 115 0.00130571
114 119 0.09469610
114 118 0.01636480
114 121 0.00131103
114 120 0.82941700
130 132 0.00302243
130 135 0.01714770
130 131 0.11023900
130 134 0.05874310
130 136 0.13932900
130 137 0.00076194
130 133 0.00117684
96 101 0.01054050
91 97 0.00065751
91 96 0.98999700
68 74 0.87909900
68 73 0.11272500
68 72 0.00062884
68 71 0.00301599
20 20 0.98122100
20 21 0.01116030
73 79 0.81819400
73 76 0.00129467
73 78 0.09363260
146 146 0.00152283
146 149 0.08047280
146 150 0.02369220
146 148 0.39707700
146 153 0.00323256
146 147 0.33862600
151 153 0.08547050
151 154 0.00225687
151 152 0.69142100
151 155 0.01364940
151 151 0.00070607
131 134 0.00072014
131 136 0.00679809
131 135 0.38407400
131 132 0.11098600
131 133 0.00271687
131 137 0.07245670
134 134 0.00069844
134 139 0.00204606
134 135 0.11463300
134 138 0.48216500
134 140 0.00119661
100 105 0.02104250
100 106 0.00216633
34 37 0.07386260
34 34 0.00196955
19 20 0.00944241
19 19 0.03950640
48 51 0.02157290
141 145 0.36167600
141 148 0.00912866
141 143 0.00771003
141 142 0.12353200
141 144 0.12459900
3 3 0.15716400
1 1 0.96991200
108 114 0.05762180
108 113 0.17507800
108 112 0.00079160
55 58 0.07025560
55 59 0.00665330
55 60 0.00081404
55 61 0.12444400
8 8 0.99368000
15 15 0.65781000
32 33 0.00246635
32 32 0.51872500
32 35 0.43610100
32 34 0.01672490
5 5 0.20191200
140 141 0.11660500
140 147 0.00971662
140 143 0.07014480
140 144 0.50630500
70 74 0.00160094
70 73 0.00171112
70 75 0.08869800
70 76 0.90275600
69 74 0.09117890
69 72 0.00271858
69 75 0.90071200
69 73 0.00072273
136 137 0.11488800
136 140 0.86833900
136 143 0.00057867
136 136 0.00070281
36 39 0.31027300
128 131 0.00187545
128 134 0.79670700
128 129 0.07922720
128 130 0.00386819
128 135 0.00108099
128 133 0.00052726
42 45 0.97007600
4 4 0.97443900
152 153 0.53351700
152 154 0.21460500
152 152 0.00054325
152 155 0.00106683
49 52 0.97935900
12 12 0.02131700
39 41 0.01373790
39 42 0.97848300
18 18 0.96986000
150 150 0.00188854
150 152 0.25025900
150 154 0.01650210
150 153 0.00325936
150 151 0.63986800
23 23 0.10083800
129 133 0.00824677
129 135 0.45730100
129 130 0.10579000
129 132 0.00128141
129 136 0.00141143
129 134 0.00434651
129 131 0.00317838
135 136 0.11490300
135 139 0.02956200
135 135 0.00065579
135 140 0.00140906
90 95 0.33930200
53 56 0.96665600
53 59 0.01749940
53 57 0.00967201
105 111 0.07540830
105 110 0.03189780
107 111 0.00080136
107 112 0.00273756
107 113 0.79316500
79 85 0.01865940
79 84 0.07359720
79 83 0.00068593
137 144 0.00057538
137 137 0.00072300
137 138 0.11492800
137 143 0.00052220
137 141 0.02148000
77 82 0.47207500
77 83 0.02236940
84 88 0.00090405
84 89 0.02202180
11 11 0.97966100
94 99 0.33936400
111 116 0.09528330
111 114 0.00164850
111 115 0.00508897
111 117 0.73629100
41 44 0.97007600
41 43 0.02038750
145 147 0.31154900
145 152 0.00494134
145 148 0.14233300
145 149 0.03515990
145 146 0.31549000
24 24 0.38586900
119 123 0.00054364
119 125 0.87202500
119 122 0.09538730
119 124 0.00935736
119 121 0.00147162
119 120 0.00959212
122 123 0.01529940
122 125 0.06455670
122 127 0.00204165
122 128 0.87794500
122 124 0.00141417
116 121 0.03721130
116 120 0.00483885
116 122 0.85306900
116 119 0.04420910
116 123 0.00098449
116 117 0.00787585
118 123 0.01226350
118 121 0.08733260
118 120 0.00067682
118 119 0.00895714
118 122 0.00118803
118 124 0.87063000
87 92 0.30453400
67 71 0.00053903
67 73 0.87586900
67 72 0.11563000
67 70 0.00346225
16 16 0.96247200
132 133 0.11125000
132 138 0.00597135
132 137 0.00233958
132 136 0.71338200
132 134 0.00149387
9 9 0.05145770
44 47 0.96498100
149 151 0.29507500
149 149 0.00303451
149 150 0.56373800
149 152 0.00661762
149 153 0.01554540
60 63 0.07144830
60 65 0.17078100
60 66 0.73700500
60 64 0.01578370
138 138 0.00050934
138 142 0.02448590
138 139 0.11526000
138 145 0.01011690
78 84 0.00423835
78 83 0.28633200
76 81 0.33220600
76 82 0.52420900
133 134 0.11288500
133 139 0.00193219
133 138 0.00055239
133 133 0.00067276
133 137 0.78548100
104 110 0.01138310
104 109 0.21101700
102 108 0.13439200
102 107 0.85918500
98 103 0.02085910
29 32 0.01330030
29 30 0.00069657
29 29 0.94078400
29 31 0.01931240
127 133 0.47990200
127 128 0.06492980
127 129 0.01353840
127 130 0.00568704
43 45 0.00327682
43 46 0.06779560
35 38 0.02260340
