83 81 0.00077662
83 84 0.00561292
83 82 0.00252392
83 83 0.71769037
83 85 0.07619104
61 61 0.19508351
49 49 0.99991984
45 45 0.15303648
75 76 0.01634858
75 77 0.07647500
75 73 0.00266133
75 75 0.73299651
25 25 0.92575079
102 102 0.76976476
135 135 0.71572998
1 1 0.28332268
16 16 0.68264106
73 75 0.01918075
73 71 0.00138721
73 73 0.65572122
73 74 0.00272463
158 158 0.15803961
98 98 0.61351367
9 9 0.86824064
41 41 0.21434291
24 24 0.91185262
132 131 0.00125995
132 132 0.88731163
46 46 0.15317115
106 106 0.81019224
79 81 0.14290179
79 80 0.00727672
79 79 0.71894426
79 77 0.00295217
79 78 0.00492949
69 69 0.59030409
69 70 0.00201088
52 52 0.15557566
2 2 0.87273001
2 1 0.00344004
157 157 0.68997369
64 64 0.23231386
155 155 0.57939430
29 29 0.40613215
35 35 0.31223546
107 107 0.65143929
4 4 0.54741357
66 67 0.00689575
66 66 0.84914096
160 160 0.70302669
134 134 0.73641205
147 147 0.64088967
147 148 0.00061399
65 66 0.00485882
65 65 0.30736790
10 10 0.91155904
76 74 0.00273056
76 76 0.71942213
76 77 0.01993116
76 78 0.09337091
76 75 0.00082452
78 80 0.13125174
78 79 0.00991194
78 76 0.00292679
78 77 0.00511682
78 78 0.69670277
77 79 0.08322654
77 77 0.81449337
77 78 0.02218794
77 76 0.00176650
77 75 0.00288581
17 17 0.95540666
111 111 0.89332011
26 26 0.42558803
105 105 0.74969926
104 104 0.74421025
71 73 0.00071458
71 71 0.17919080
71 72 0.00115729
88 88 0.74055654
88 90 0.01151474
88 89 0.00204599
146 146 0.59132025
103 103 0.78020910
42 42 0.23628423
91 92 0.00316042
91 93 0.00184399
91 91 0.85344468
85 83 0.00067348
85 85 0.60871280
85 84 0.00223061
85 87 0.05010596
85 86 0.00345047
123 123 0.49748282
38 38 0.39093066
47 47 0.15558071
51 51 0.99992634
113 113 0.88516653
48 48 0.99994200
143 143 0.90597224
92 94 0.00127109
92 93 0.00202754
92 92 0.86134638
100 100 0.56712885
33 33 0.44721727
56 56 0.03744426
151 151 0.86670104
18 18 0.79410239
30 30 0.74708837
140 140 0.76393729
50 50 0.99986051
97 97 0.73463378
82 83 0.00525786
82 84 0.09311028
82 82 0.59922860
82 80 0.00101103
82 81 0.00261522
21 21 0.71838655
108 108 0.75384480
95 97 0.00058927
95 95 0.89584190
90 92 0.00494013
90 90 0.80864516
90 91 0.00411864
116 116 0.53111513
156 156 0.10344586
39 39 0.16054026
23 23 0.77610110
125 125 0.90062527
12 12 0.63633958
101 101 0.68002001
28 28 0.70838994
131 131 0.52008744
131 130 0.00111843
14 14 0.59635682
142 142 0.88873545
94 94 0.94007127
94 95 0.00180791
94 96 0.00079073
149 149 0.82032774
120 120 0.90423771
119 119 0.85477848
159 159 0.53778175
87 88 0.00062197
87 87 0.77790051
87 89 0.03359242
96 98 0.00056464
96 96 0.36335986
110 110 0.06327936
117 117 0.93021347
3 3 0.10369676
3 2 0.00106821
126 126 0.83745672
126 125 0.00080291
34 34 0.67882284
89 89 0.63148745
89 90 0.00461913
89 91 0.00806230
27 27 0.69003625
80 79 0.00487802
80 78 0.00257351
80 81 0.00608896
80 82 0.13203243
80 80 0.67961378
152 152 0.71872669
60 60 0.16768992
150 150 0.88900261
137 137 0.46756462
8 8 0.70745056
20 20 0.75476516
148 148 0.73479456
148 149 0.00067176
19 19 0.58301537
13 13 0.86651167
121 121 0.82986716
54 54 0.15303633
31 31 0.46138882
36 36 0.23239588
55 55 0.15303096
15 15 0.71013107
138 138 0.38482090
127 126 0.00165241
127 127 0.98419108
115 115 0.50205276
86 87 0.00086699
86 86 0.74096444
86 84 0.00066862
86 88 0.05983459
86 85 0.00144535
70 70 0.71445415
70 71 0.00181626
57 57 0.23628489
58 58 0.35475059
118 118 0.78841199
144 144 0.92493642
153 153 0.74227126
7 7 0.59176791
59 59 0.56534195
136 136 0.97225179
53 53 0.15317158
11 11 0.84737736
130 130 0.50387600
130 129 0.00094629
154 154 0.83131256
129 129 0.45126596
129 128 0.00103618
133 132 0.00078930
133 133 0.91937773
68 68 0.47428376
68 70 0.00065374
68 69 0.00244258
6 5 0.00057453
6 6 0.61152586
122 122 0.63628234
22 22 0.44230540
74 75 0.01321609
74 76 0.07283564
74 72 0.00274953
74 74 0.68356343
5 5 0.40408965
114 114 0.65704565
109 109 0.68295599
128 127 0.00168282
128 128 0.96215555
32 32 0.33825556
44 44 0.15303159
37 37 0.23471061
139 139 0.71512882
141 141 0.83647623
99 99 0.56037145
62 62 0.39606934
72 74 0.00400398
72 72 0.59350033
72 70 0.00159384
72 73 0.00356662
67 69 0.00056253
67 67 0.86131207
112 111 0.00054863
112 112 0.88337446
40 40 0.18393505
84 83 0.00282530
84 85 0.00582588
84 86 0.06279782
84 82 0.00066751
84 84 0.61455269
145 145 0.68972255
63 63 0.23472144
43 43 0.03744666
124 124 0.41868907
93 95 0.00118483
93 93 0.86474884
93 94 0.00196979
81 83 0.08719302
81 79 0.00123029
81 81 0.61808563
81 82 0.00494320
81 80 0.00334971
