47 46 0.00519362
47 48 0.00294211
47 47 0.36848537
144 144 0.63173640
94 95 0.00109146
94 94 0.45910822
68 68 0.58701287
68 69 0.00747864
68 67 0.01394781
104 103 0.00165276
104 104 0.75920071
74 74 0.41465344
74 75 0.00408892
74 73 0.00471976
36 36 0.68517528
28 28 0.61437998
28 27 0.00377852
28 29 0.00480864
152 152 0.97163302
119 119 0.75928484
33 33 0.45883912
45 46 0.00066598
45 45 0.37965329
84 84 0.50812352
130 130 0.51560057
134 134 0.51566359
50 51 0.00350776
50 50 0.38123487
50 49 0.00130428
65 66 0.00066678
65 64 0.00126103
65 65 0.52542978
79 80 0.00456267
79 79 0.68003027
79 78 0.01683104
70 71 0.00416110
70 69 0.00295435
70 70 0.95478376
35 35 0.48721327
85 85 0.85940984
151 151 0.89921698
140 140 0.46079872
13 13 0.61074725
13 14 0.01592651
13 12 0.03020180
13 11 0.00128649
132 132 0.67445066
105 105 0.43364028
27 27 0.58414755
27 28 0.00504981
27 26 0.00281061
76 77 0.02484759
76 76 0.67831878
76 75 0.01022484
19 18 0.01710290
19 20 0.02661044
19 19 0.53716466
80 81 0.00351243
80 79 0.00453863
80 80 0.56851506
115 115 0.44704749
22 22 0.43177506
22 21 0.00517792
22 23 0.00900868
44 44 0.42425119
82 81 0.00193127
82 82 0.50336762
138 138 0.51831995
20 20 0.60822286
20 19 0.01063423
20 21 0.03611606
143 143 0.57860255
78 79 0.01685424
78 77 0.02163648
78 78 0.44390176
1 1 0.79178661
14 15 0.06439406
14 12 0.00190043
14 14 0.71394396
14 13 0.01999216
126 126 0.46781591
11 10 0.01019730
11 12 0.01673826
11 13 0.00097597
11 11 0.42901433
26 25 0.00156668
26 26 0.58005330
26 27 0.00413255
21 21 0.79910231
21 22 0.01290231
21 20 0.01050399
92 92 0.98032980
40 39 0.00096960
40 40 0.55020592
40 41 0.00139373
89 89 0.60466905
98 98 0.64829234
98 97 0.00089489
32 32 0.48075084
100 100 0.34999467
137 137 0.54594731
54 54 0.47161119
86 86 0.66878448
108 108 0.47797746
60 59 0.00143711
60 61 0.00120209
60 60 0.44729566
62 61 0.00071128
62 62 0.48164588
38 39 0.00051966
38 38 0.94975144
96 95 0.00120947
96 97 0.00109008
96 96 0.43587809
145 145 0.43015032
39 38 0.00052621
39 39 0.94442650
39 40 0.00096301
17 16 0.01799804
17 17 0.49573502
17 18 0.05633971
3 3 0.47744849
46 47 0.00519285
46 45 0.00066615
46 46 0.55071841
124 124 0.29439607
93 93 0.51655632
127 127 0.43750986
101 101 0.30009169
25 24 0.00140812
25 25 0.58114619
25 26 0.00292470
121 121 0.28627975
61 60 0.00120209
61 61 0.43748156
61 62 0.00071128
116 116 0.92215956
141 141 0.59804292
73 73 0.37051092
73 72 0.00472303
73 74 0.00471911
75 75 0.33880486
75 76 0.01023173
75 74 0.00408851
30 30 0.83741363
30 29 0.00239282
30 31 0.00132860
72 71 0.00424284
72 73 0.00472090
72 72 0.57066518
139 139 0.50124082
122 122 0.30068132
136 136 0.49660194
97 97 0.46584275
97 96 0.00109014
97 98 0.00089484
9 9 0.59361123
9 8 0.00354800
9 10 0.00166014
133 133 0.52487317
67 66 0.01056172
67 68 0.01394762
67 67 0.60358498
87 87 0.71483505
102 102 0.28585678
102 103 0.00092355
7 6 0.00220555
7 7 0.76511981
106 106 0.46436265
131 131 0.86462091
110 110 0.93961587
16 16 0.51130556
16 17 0.05286110
16 15 0.01964039
95 96 0.00120941
95 94 0.00109152
95 95 0.45487017
2 2 0.65915340
109 109 0.42842512
120 120 0.76275079
149 149 0.55321600
69 69 0.47893275
69 70 0.00295450
69 68 0.00747855
148 148 0.47015695
91 91 0.76809706
114 114 0.51054764
37 37 0.98834937
99 99 0.29401561
8 7 0.00260826
8 8 0.80384982
48 48 0.54243960
48 47 0.00294336
48 49 0.02937283
147 147 0.57440450
52 52 0.47762319
52 51 0.00814021
77 76 0.02483178
77 77 0.50360899
77 78 0.02165702
4 4 0.50521825
15 15 0.46356469
15 16 0.05531110
15 14 0.02248177
128 129 0.00058584
128 128 0.45612268
107 107 0.92241120
81 82 0.00195227
81 80 0.00348815
81 81 0.57040111
142 142 0.50243942
129 128 0.00058598
129 129 0.45996861
43 42 0.00185606
43 43 0.34699082
63 64 0.01200998
63 63 0.43602042
41 40 0.00140038
41 41 0.58814762
41 42 0.00141879
34 34 0.46097838
112 112 0.96843577
123 123 0.35081597
29 30 0.00318550
29 28 0.00374927
29 29 0.63697952
55 55 0.44159789
55 56 0.00067089
90 90 0.56200699
135 135 0.68493809
51 50 0.00350797
51 51 0.44300825
51 52 0.00813976
10 9 0.00492140
10 11 0.00568106
10 10 0.45310434
18 19 0.06262923
18 17 0.01617196
18 18 0.37864766
6 5 0.00261242
6 6 0.82398806
118 118 0.43364366
42 41 0.00142536
42 43 0.00184939
42 42 0.75076375
49 49 0.48738524
49 50 0.00130424
49 48 0.02937432
150 150 0.81921851
24 23 0.00183388
24 25 0.00280998
24 24 0.62977344
125 125 0.65038076
12 13 0.05656302
12 14 0.00172401
12 12 0.63808670
12 11 0.01300390
53 53 0.43953539
88 88 0.53310635
83 83 0.57118006
71 72 0.00424245
71 71 0.42370224
71 70 0.00415870
59 60 0.00143710
59 58 0.01273755
59 59 0.93937540
66 67 0.01056161
66 65 0.00066678
66 66 0.54225367
146 146 0.59041728
117 117 0.34408261
31 30 0.00102691
31 31 0.47700622
23 24 0.00367734
23 22 0.00443394
23 23 0.48344696
64 63 0.01201036
64 64 0.58802823
64 65 0.00126101
57 58 0.01266853
57 56 0.01259438
57 57 0.94065765
5 4 0.00182856
5 5 0.51603389
103 103 0.75940582
103 102 0.00093065
103 104 0.00164570
58 58 0.94051447
58 59 0.01273710
58 57 0.01266897
111 111 0.96841828
113 113 0.96846858
56 57 0.01259392
56 55 0.00067089
56 56 0.44884172
