11 10 0.01541893
11 11 0.38085722
11 12 0.00468232
14 15 0.00424549
14 14 0.59780448
14 13 0.01900653
126 126 0.49034020
78 79 0.01147315
78 77 0.00819480
78 78 0.51699251
1 1 0.89718752
143 143 0.55476923
20 20 0.44311472
20 21 0.00084419
20 19 0.12800134
22 22 0.57867232
22 21 0.03268890
44 45 0.00065242
44 44 0.55221556
138 138 0.58744744
82 82 0.60417516
115 115 0.44355811
80 80 0.67097708
80 79 0.00093331
80 81 0.00360637
27 26 0.00516416
27 28 0.00153603
27 27 0.70059722
19 19 0.53908389
19 20 0.00089299
19 18 0.13448976
76 76 0.78927660
76 77 0.03426856
76 75 0.00685810
105 105 0.38967201
140 140 0.68627032
13 14 0.01320890
13 13 0.65670364
13 12 0.09741478
132 132 0.62622981
151 151 0.83700947
70 70 0.92055843
70 69 0.00188093
70 71 0.01168495
35 35 0.56454106
85 85 0.69232172
130 130 0.52676840
65 66 0.01073295
65 65 0.64236235
50 51 0.03007263
50 50 0.46369277
134 134 0.45192505
79 79 0.66795321
79 80 0.00149683
79 78 0.00315877
84 84 0.61244566
45 45 0.51690518
45 46 0.00136295
33 33 0.48217216
119 119 0.86991720
152 152 0.94074080
28 29 0.00148338
28 28 0.63773624
28 27 0.00568334
74 75 0.00464280
74 73 0.00206224
74 74 0.51251689
36 36 0.72962054
68 68 0.60163115
68 67 0.00268569
68 69 0.04326189
104 104 0.87741445
104 103 0.00166287
94 94 0.34521723
144 144 0.51272342
47 47 0.49909316
47 48 0.00989362
61 60 0.00110033
61 61 0.59931509
61 62 0.00144681
116 116 0.91630831
25 25 0.69941822
25 24 0.00463392
121 121 0.21636978
101 101 0.26099690
93 93 0.55442762
127 127 0.36301594
3 3 0.48844326
3 2 0.00074909
124 124 0.24946873
46 46 0.66237379
46 47 0.01060750
39 39 0.96152483
39 40 0.00095989
17 16 0.13086980
17 17 0.57254843
17 18 0.00226739
145 145 0.51999103
96 95 0.00120781
96 97 0.00051769
96 96 0.36227547
38 39 0.00051658
38 38 0.96388794
62 62 0.62436807
62 61 0.00063069
60 59 0.00109828
60 60 0.60894939
60 61 0.00186887
108 108 0.42360380
86 86 0.68558008
54 54 0.62223888
54 55 0.00152581
137 137 0.60151592
32 32 0.57775377
100 100 0.35577822
89 89 0.67540890
40 41 0.00139292
40 40 0.64286531
98 97 0.00101710
98 98 0.78769977
92 92 0.93649761
21 20 0.13258130
21 21 0.66070282
26 27 0.00085322
26 26 0.69864467
26 25 0.00439226
4 4 0.62741867
15 15 0.51845027
15 14 0.16703695
15 16 0.00337469
128 128 0.47577979
128 129 0.00058456
52 52 0.54166264
77 78 0.02713986
77 76 0.01713006
77 77 0.60839129
8 8 0.62117810
48 49 0.04025937
48 48 0.69470235
147 147 0.66125642
99 99 0.30271901
37 37 0.94062496
91 91 0.85962364
114 114 0.50751588
149 149 0.61181939
148 148 0.44045964
69 68 0.00395608
69 70 0.04780095
69 69 0.58573826
120 120 0.87165459
109 109 0.38310027
16 15 0.12286314
16 17 0.00264525
16 16 0.55811150
95 94 0.00109101
95 96 0.00059360
95 95 0.47789918
2 2 0.77207913
110 110 0.93422856
106 106 0.46601537
106 107 0.00070135
131 131 0.82134409
7 7 0.64543888
102 102 0.21732326
102 101 0.00060113
87 87 0.72076005
67 68 0.11488182
67 67 0.62492168
133 133 0.53954488
9 9 0.66039111
9 8 0.00079852
97 96 0.00118516
97 97 0.43997390
136 136 0.79029446
122 122 0.22284218
139 139 0.50722874
30 29 0.00415789
30 30 0.89102285
75 75 0.34792033
75 76 0.02233775
75 74 0.00224797
72 71 0.00253786
72 73 0.00988874
72 72 0.65692410
73 74 0.00714660
73 73 0.48387339
73 72 0.00299549
141 141 0.70630163
56 57 0.14277636
56 56 0.61287275
111 111 0.96402736
58 59 0.11467890
58 58 0.83359516
103 102 0.00103084
103 103 0.87603551
113 113 0.96538137
57 57 0.83647861
57 58 0.14280672
5 5 0.62610302
64 65 0.01391644
64 64 0.58517806
23 22 0.01605616
23 23 0.66185681
31 31 0.57470891
31 30 0.00221765
59 60 0.00344957
59 59 0.76828788
117 117 0.33862543
146 146 0.66914947
66 66 0.66617325
66 67 0.08685069
71 70 0.00313640
71 71 0.51975468
71 72 0.01134487
83 81 0.00058292
83 83 0.66721426
88 88 0.69812217
12 12 0.59907113
12 13 0.01132941
12 11 0.04263591
53 54 0.00090994
53 53 0.60160213
24 23 0.00634869
24 24 0.75431356
125 125 0.74731251
150 150 0.74679673
49 50 0.00397618
49 49 0.59913719
118 118 0.43406401
42 42 0.86805338
42 43 0.00185375
6 6 0.71766860
10 9 0.00302087
10 11 0.00144028
10 10 0.51950597
18 19 0.00175109
18 17 0.12730755
18 18 0.57927011
51 51 0.59691521
51 52 0.09657651
135 135 0.75116975
112 112 0.96091877
34 34 0.51786425
123 123 0.30176294
90 90 0.64447448
55 56 0.00347410
55 55 0.60809134
29 29 0.71204662
29 28 0.00589967
41 42 0.00141833
41 41 0.69039391
43 43 0.35777063
63 64 0.13903515
63 63 0.60182107
129 129 0.39055489
129 128 0.00055943
107 107 0.92155510
81 81 0.67089606
81 80 0.00071707
81 82 0.00198705
142 142 0.58082184
