36 34 0.02242208
36 38 0.01828479
36 36 0.07707092
36 39 0.01444460
36 35 0.00557621
36 37 0.08748263
33 34 0.06873420
33 36 0.00293691
33 33 0.05648178
33 31 0.00873274
33 32 0.00118072
33 35 0.00917795
26 23 0.00585238
26 27 0.01947704
26 26 0.69657995
26 24 0.00187012
26 25 0.00522750
26 29 0.00068660
26 28 0.00359047
131 131 0.91659944
131 135 0.00200478
131 133 0.00533402
93 93 0.76529973
93 88 0.00694459
150 149 0.06325631
150 152 0.10830401
150 150 0.65479050
150 151 0.02719496
143 145 0.01735460
143 144 0.00191700
143 143 0.66639783
143 142 0.00576518
34 34 0.54196236
34 31 0.01228454
34 36 0.01110621
34 33 0.01165934
34 32 0.02402902
34 37 0.00597443
34 30 0.00102197
34 35 0.17793351
86 85 0.00106844
86 81 0.00219885
86 91 0.00085297
86 80 0.00160410
86 86 0.39587155
148 149 0.03073549
148 148 0.66496913
148 147 0.05598259
148 151 0.00080523
148 150 0.12345773
3 3 0.65775714
52 49 0.00062803
52 56 0.00707821
52 50 0.00494686
52 55 0.01444188
52 53 0.00175380
52 54 0.00134272
52 52 0.04641980
133 136 0.00106272
133 137 0.00096370
133 135 0.00625781
133 133 0.72234515
106 106 0.70761504
106 112 0.00102936
22 21 0.00062307
22 23 0.01378666
22 24 0.00278001
22 22 0.74919989
14 14 0.83633745
85 84 0.00242945
85 80 0.00160471
85 85 0.88653289
85 90 0.00086549
85 79 0.00121803
68 66 0.04976477
68 71 0.00570325
68 72 0.00099986
68 67 0.00072844
68 65 0.00184080
68 69 0.01428121
68 68 0.31998363
68 70 0.00282875
128 132 0.00093010
128 128 0.83901042
88 93 0.00090680
88 83 0.00100553
88 88 0.55850295
16 16 0.62844276
125 125 0.68881705
125 129 0.00095946
125 127 0.00182393
105 105 0.45181382
1 1 0.73134392
70 73 0.03102369
70 67 0.00882101
70 71 0.00455976
70 72 0.00503409
70 74 0.02788527
70 68 0.07113278
70 70 0.42256824
140 142 0.07710433
140 140 0.69795083
140 139 0.00062821
140 141 0.00362595
140 136 0.00059698
19 19 0.63174100
79 73 0.00073798
79 80 0.00238647
79 77 0.00679839
79 79 0.23204639
79 78 0.04743530
79 75 0.00091284
121 121 0.62120857
137 139 0.05319835
137 137 0.47525789
137 136 0.00210289
137 140 0.00154869
137 138 0.00176085
45 44 0.00315011
45 48 0.02544146
45 47 0.02298909
45 43 0.01279849
45 45 0.45749498
45 46 0.01039302
10 10 0.82959370
102 108 0.00071016
102 102 0.73638497
18 18 0.54441936
35 34 0.00509219
35 33 0.01781596
35 36 0.15828587
35 31 0.00060706
35 38 0.00611996
35 32 0.00667023
35 37 0.01321643
35 35 0.11635528
158 157 0.00080528
158 159 0.00156724
158 160 0.00990259
158 158 0.38716667
57 59 0.00187588
57 61 0.03118615
57 56 0.00107899
57 60 0.07609637
57 58 0.00608589
57 55 0.00480580
57 57 0.15915208
151 152 0.02966063
151 150 0.05767826
151 151 0.68183593
151 153 0.12698437
24 25 0.04364572
24 21 0.00105447
24 23 0.00264103
24 27 0.00125943
24 26 0.00526415
24 24 0.71145589
48 47 0.00502742
48 46 0.00236734
48 45 0.00064211
48 52 0.00841467
48 50 0.01991426
48 49 0.01018948
48 51 0.08190721
48 48 0.72617014
53 50 0.00062791
53 56 0.06958960
53 51 0.11495623
53 57 0.00479303
53 53 0.14955924
53 55 0.00231682
99 105 0.00064680
99 99 0.85734041
107 107 0.88523124
160 160 0.82288084
160 159 0.00442558
78 77 0.03318052
78 72 0.00308267
78 76 0.03538267
78 80 0.00195107
78 79 0.00692809
78 78 0.79226938
78 74 0.00092685
65 68 0.02734376
65 69 0.02450055
65 67 0.01147899
65 65 0.25278493
65 63 0.09611338
65 66 0.01348431
80 82 0.00055472
80 80 0.15969288
80 76 0.00053062
80 79 0.00569924
80 78 0.00264383
111 111 0.09261188
37 40 0.01815912
37 39 0.01334527
37 35 0.02788690
37 37 0.08415128
37 34 0.00472278
37 38 0.07572426
37 36 0.02596075
47 49 0.02378106
47 50 0.05057613
47 48 0.03342553
47 44 0.00070419
47 51 0.00252015
47 47 0.73797817
47 45 0.01016471
47 46 0.00407640
40 41 0.03266208
40 40 0.28935917
40 39 0.01632384
40 43 0.01481762
40 42 0.01552618
40 37 0.00605919
40 38 0.02381588
44 44 0.18032818
44 45 0.01051325
44 46 0.01253671
44 41 0.00325818
44 47 0.02214154
44 42 0.01522105
44 43 0.00604083
98 98 0.60226550
157 159 0.01123140
157 157 0.43213403
157 158 0.00116818
157 156 0.00100604
146 148 0.10755164
146 149 0.00273667
146 145 0.01705835
146 147 0.02630980
146 146 0.56577248
81 79 0.00086466
81 81 0.42760824
81 83 0.00052031
81 80 0.00150769
144 144 0.62635283
144 147 0.00138650
144 146 0.00167728
144 143 0.00754323
113 113 0.62834822
113 112 0.00174027
108 114 0.00095848
108 108 0.81680933
9 9 0.88089601
119 119 0.66182818
119 125 0.00081716
64 64 0.14776826
64 68 0.00057353
64 66 0.01989827
64 65 0.00723393
64 62 0.09667558
64 67 0.03294716
75 73 0.04026553
75 76 0.01935149
75 77 0.00228919
75 72 0.00062707
75 74 0.00304541
75 69 0.00157412
75 78 0.00172031
75 75 0.59717477
75 79 0.00167970
82 78 0.00072693
82 81 0.00253445
82 84 0.00115757
82 76 0.00142179
82 82 0.54397485
122 122 0.73048361
122 126 0.00080824
103 109 0.00066670
103 103 0.64364736
71 71 0.07281744
71 72 0.00438196
71 73 0.00601671
71 69 0.03363606
71 68 0.00756512
71 75 0.02990800
71 74 0.01829479
153 152 0.00199295
153 154 0.00157472
153 153 0.59407372
153 155 0.00141279
4 4 0.70471233
43 42 0.00939604
43 43 0.35287210
43 45 0.00261137
43 41 0.00842176
43 46 0.00280143
43 44 0.02451762
66 66 0.26300637
66 65 0.00271592
66 67 0.01325345
66 70 0.00189670
66 68 0.00472301
66 64 0.24916625
66 69 0.02475978
83 82 0.02658947
83 77 0.00178310
83 83 0.68500131
83 79 0.00070569
117 117 0.66995333
109 109 0.84071984
109 115 0.00091020
124 128 0.00097624
124 124 0.64822652
126 126 0.64190521
126 128 0.00207155
126 130 0.00094081
23 20 0.00111462
23 25 0.00509951
23 23 0.75664151
23 22 0.00098801
23 26 0.00104843
23 24 0.02786547
142 144 0.01031656
142 141 0.00511794
142 145 0.00121979
142 143 0.00059049
142 142 0.62919537
8 8 0.79052785
136 140 0.00063571
136 138 0.01688197
136 139 0.00148730
136 135 0.00237473
136 137 0.00089254
136 136 0.65491429
63 64 0.00148645
63 66 0.06120727
63 63 0.16380705
63 65 0.00616613
63 61 0.00353466
63 62 0.00229261
63 67 0.00133267
54 52 0.15850696
54 54 0.22720686
54 55 0.00280041
54 53 0.00323981
54 57 0.05522759
54 56 0.01675315
54 58 0.02432659
114 114 0.71124863
114 113 0.00128304
135 138 0.00155479
135 135 0.68654588
135 137 0.01099792
135 139 0.00067402
76 72 0.00151178
76 77 0.01189587
76 80 0.00196603
76 76 0.75652440
76 70 0.00227176
76 79 0.00071020
76 75 0.00271697
76 78 0.00305243
76 74 0.06684650
149 148 0.06232388
149 149 0.74312807
149 150 0.03105852
149 151 0.12365068
147 150 0.00249499
147 146 0.03507905
147 147 0.70201506
147 148 0.03049037
147 149 0.12391084
5 5 0.75649503
141 140 0.00133827
141 143 0.00221454
141 141 0.56839581
39 41 0.00773283
39 40 0.03950556
39 39 0.08137036
39 42 0.02101251
39 37 0.03792886
39 38 0.02432529
39 36 0.00779074
58 62 0.04527094
58 61 0.06476487
58 59 0.00356121
58 57 0.00238096
58 58 0.28071524
58 60 0.01876842
58 56 0.43014653
112 111 0.00068544
112 112 0.67049796
127 129 0.00348768
127 127 0.65902620
127 131 0.00093134
154 153 0.00156187
154 155 0.00283128
154 154 0.59918044
154 156 0.01731457
89 89 0.66484895
89 94 0.00092936
21 21 0.78372749
21 22 0.00331004
21 23 0.00068586
100 106 0.00063914
100 100 0.85574852
72 72 0.14496902
72 73 0.00918898
72 76 0.01890921
72 69 0.00391836
72 75 0.01214892
72 70 0.00577868
72 74 0.00657529
115 114 0.00081827
115 115 0.90033938
92 92 0.54319625
101 107 0.00069564
101 101 0.82258982
104 110 0.00107598
104 104 0.65517399
95 95 0.10464500
2 1 0.00060862
2 2 0.70562429
29 29 0.14273381
29 30 0.14896505
29 31 0.00520523
29 27 0.00093852
29 32 0.00202574
20 21 0.00075767
20 20 0.45889605
13 13 0.50198401
59 57 0.00485931
59 60 0.00122779
59 56 0.00063605
59 58 0.00244637
59 61 0.01308959
59 63 0.05946048
59 62 0.07249343
59 59 0.16708039
130 134 0.00092346
130 132 0.00509904
130 130 0.80315139
56 54 0.13080108
56 59 0.07547689
56 53 0.00066827
56 55 0.00053785
56 57 0.00493007
56 58 0.00131365
56 56 0.13757924
56 60 0.02968073
28 28 0.27850281
28 29 0.12320733
28 25 0.00064182
28 31 0.00075852
28 26 0.00071901
41 44 0.00291459
41 38 0.00260173
41 41 0.19859688
41 42 0.01542523
41 40 0.01730525
41 39 0.00569685
41 43 0.00369877
62 59 0.00071752
62 66 0.06839615
62 65 0.07016864
62 63 0.00066145
62 62 0.13558142
62 64 0.01578745
62 60 0.43539433
134 134 0.25386309
134 137 0.00123872
134 136 0.01097242
134 138 0.00077995
145 144 0.00110896
145 147 0.00118713
145 145 0.50795358
25 28 0.00068245
25 25 0.69080853
25 22 0.00171044
25 26 0.05940875
25 24 0.00329179
25 27 0.00489878
25 23 0.00058494
55 53 0.16276248
55 55 0.11181435
55 57 0.00093609
55 58 0.04606987
55 56 0.00446769
55 52 0.00066467
55 59 0.01527495
46 47 0.03994464
46 46 0.68629486
46 45 0.00397430
46 49 0.03605868
46 50 0.00160641
46 48 0.02282053
46 44 0.01258382
11 11 0.72474764
97 92 0.00168883
97 97 0.55059456
118 118 0.80167603
118 124 0.00055405
38 35 0.01025678
38 40 0.01339823
38 39 0.11971073
38 37 0.02806114
38 41 0.01388043
38 38 0.50934475
38 36 0.07088035
74 76 0.00515473
74 73 0.00146669
74 77 0.00161629
74 72 0.02659975
74 74 0.59450357
74 78 0.00443563
74 68 0.00108703
74 75 0.01787816
120 120 0.82778061
138 141 0.00128330
138 139 0.00397576
138 137 0.00094880
138 140 0.09058127
138 138 0.55919296
94 94 0.63321397
129 133 0.00092351
129 129 0.65185697
69 73 0.02492589
69 67 0.07964629
69 71 0.00260148
69 72 0.00730572
69 66 0.00364460
69 70 0.00837038
69 69 0.27099848
69 68 0.00092773
12 12 0.36545361
73 74 0.00730383
73 70 0.00239263
73 75 0.00402914
73 73 0.54374231
73 76 0.00565318
73 71 0.00429038
73 77 0.00195482
73 72 0.00053172
67 65 0.00324397
67 67 0.26652980
67 70 0.02173179
67 68 0.01059133
67 69 0.00360576
77 76 0.00676479
77 73 0.00140402
77 71 0.00327014
77 77 0.68622448
77 78 0.01541476
77 75 0.06351766
77 79 0.00209168
7 7 0.62933339
132 134 0.00561670
132 132 0.88203934
132 136 0.00123696
30 31 0.12834006
30 33 0.00359213
30 32 0.00709878
30 30 0.49197076
87 81 0.00082710
87 82 0.00284785
87 86 0.00076255
87 92 0.00085601
87 87 0.61281200
15 15 0.48324964
32 30 0.00124213
32 35 0.00568925
32 32 0.19164698
32 31 0.00140799
32 33 0.03337845
32 34 0.00623560
90 85 0.00176697
90 90 0.75524928
110 116 0.00092236
110 110 0.52318836
156 156 0.68094806
156 155 0.00408825
156 158 0.00158181
155 156 0.00233582
155 154 0.00775656
155 155 0.69057265
155 157 0.01029057
27 29 0.00493309
27 28 0.07326814
27 25 0.00084296
27 30 0.00056552
27 24 0.00372584
27 26 0.00140298
27 27 0.46650227
116 116 0.31567093
50 52 0.04124856
50 54 0.01510804
50 47 0.00063021
50 51 0.00241128
50 53 0.09710198
50 48 0.03807712
50 50 0.31311958
50 49 0.00391048
96 91 0.00506033
96 96 0.74005375
60 57 0.00078803
60 60 0.11475904
60 58 0.04266775
60 64 0.00127166
60 62 0.00859031
60 63 0.04313146
60 59 0.00245193
49 51 0.03679198
49 48 0.01260951
49 53 0.01023478
49 50 0.00542830
49 49 0.45873420
49 46 0.00063407
49 52 0.07994843
49 47 0.00535808
61 64 0.06093071
61 59 0.00859420
61 65 0.07242600
61 63 0.01559231
61 61 0.20580461
61 62 0.00532264
84 79 0.00080075
84 78 0.00193411
84 83 0.00945139
84 82 0.00060773
84 80 0.00050641
84 84 0.86085329
123 127 0.00089516
123 123 0.76453315
42 42 0.70595768
42 40 0.03552690
42 43 0.04074950
42 45 0.00255478
42 41 0.01820145
42 44 0.01007913
17 17 0.74780868
159 159 0.49905384
159 160 0.00606064
159 158 0.00065732
51 54 0.03534828
51 52 0.00181214
51 51 0.20757621
51 48 0.00062944
51 53 0.03145435
51 55 0.00246395
51 50 0.00270017
51 49 0.08384282
31 34 0.00159621
31 32 0.01543229
31 31 0.21934464
31 30 0.00269783
152 154 0.00124429
152 152 0.64505238
152 151 0.02817175
91 96 0.00086583
91 91 0.70612017
91 86 0.00256678
139 141 0.05549184
139 139 0.52580112
139 138 0.00094595
139 140 0.00847509
6 6 0.57385687
