46 49 0.04100350
46 50 0.00209261
46 48 0.02521768
46 47 0.03742485
46 45 0.00135130
46 46 0.50714632
11 11 0.81665286
97 97 0.29593163
55 53 0.06710311
55 55 0.34942671
55 57 0.00078183
55 58 0.04916139
55 56 0.00209400
55 59 0.01690753
62 66 0.10202217
62 65 0.04948937
62 62 0.66287641
62 60 0.05245576
62 64 0.00981133
41 38 0.00059122
41 44 0.00218316
41 40 0.01982699
41 43 0.00269546
41 42 0.00054635
41 41 0.33665808
28 28 0.48667875
28 27 0.04109673
25 25 0.62286768
25 24 0.06623612
25 26 0.00297231
25 27 0.00208341
134 138 0.00077546
134 136 0.01095646
134 137 0.00132011
134 134 0.49087404
145 145 0.51490430
145 147 0.00097942
145 144 0.00159110
56 54 0.05498628
56 59 0.05861251
56 57 0.00143692
56 56 0.37858797
56 58 0.00099768
56 60 0.03734444
29 30 0.00508276
29 28 0.00230257
29 29 0.56302185
2 2 0.60597604
2 1 0.00060863
130 134 0.00092281
130 130 0.70832351
130 132 0.00509803
59 59 0.38180952
59 62 0.06187104
59 63 0.06873491
59 61 0.01397727
59 57 0.00110819
20 21 0.00051278
20 20 0.68050352
13 13 0.58210837
104 104 0.46476244
95 95 0.47917114
101 107 0.00106180
101 101 0.86390878
21 20 0.00055614
21 21 0.79128570
21 22 0.00077023
100 100 0.79054387
89 89 0.60249416
154 156 0.01529545
154 154 0.52581368
154 153 0.00100842
154 155 0.00494782
92 92 0.42813508
115 115 0.91313919
72 70 0.00100979
72 75 0.01201615
72 69 0.00076205
72 74 0.00562226
72 72 0.28788965
72 76 0.02017429
72 73 0.00675726
127 131 0.00093155
127 129 0.00348836
127 127 0.62390519
6 6 0.71361976
139 140 0.00999534
139 138 0.00109202
139 141 0.05747573
139 139 0.44591462
31 31 0.55389617
31 30 0.04967122
51 49 0.02557477
51 55 0.00325710
51 53 0.00252556
51 51 0.43649219
51 54 0.01487846
159 159 0.41258939
159 160 0.00595089
159 158 0.00133859
91 91 0.60358092
152 154 0.00098692
152 151 0.02126719
152 152 0.59065005
84 84 0.84388019
84 83 0.00307010
61 59 0.00279282
61 63 0.00903121
61 65 0.09031802
61 61 0.56940968
61 64 0.00203433
17 17 0.68585924
42 44 0.00915474
42 42 0.58642992
42 39 0.00247019
42 43 0.02204933
42 40 0.00737053
42 45 0.00210429
42 41 0.02590051
123 127 0.00086095
123 123 0.66969163
116 116 0.30275510
27 27 0.50024194
27 26 0.01191695
27 28 0.00106591
49 50 0.00250847
49 49 0.71933752
49 51 0.01645352
49 48 0.00422676
49 53 0.00241969
49 47 0.00164135
49 52 0.10701059
60 62 0.01020066
60 63 0.04501513
60 58 0.01729042
60 60 0.42166676
60 64 0.00147926
96 96 0.56431539
50 51 0.00065305
50 48 0.01261229
50 53 0.01862927
50 50 0.68112708
50 49 0.00068588
50 54 0.01880087
50 52 0.01412894
156 158 0.00145838
156 155 0.00474255
156 156 0.68449606
110 110 0.33837044
110 116 0.00096878
155 155 0.65162461
155 154 0.00639517
155 156 0.00340983
155 157 0.00911081
32 32 0.26697921
32 33 0.00417837
32 31 0.00203705
32 34 0.00159335
15 15 0.63790994
90 90 0.65302965
73 74 0.00407698
73 75 0.00297398
73 70 0.00058096
73 76 0.00514448
73 73 0.50769492
73 77 0.00896422
67 65 0.00108767
67 67 0.55962013
67 71 0.00102441
67 70 0.01910218
87 85 0.00056050
87 87 0.60925618
30 29 0.12516844
30 30 0.54999101
30 31 0.00377480
132 134 0.00561274
132 132 0.79971730
132 136 0.00123500
77 76 0.00236662
77 77 0.83805683
77 79 0.00168471
77 78 0.00791406
77 75 0.01913056
7 7 0.72863659
74 77 0.00178779
74 72 0.00136276
74 76 0.00331891
74 78 0.00502128
74 75 0.01160476
74 74 0.53848388
120 120 0.81545225
118 118 0.69356060
118 124 0.00055153
38 38 0.67373227
38 36 0.00051281
38 40 0.01373273
38 39 0.01203710
38 35 0.01435491
38 37 0.13388307
38 41 0.00831409
12 12 0.48273023
129 129 0.69207211
129 133 0.00092317
69 69 0.52960993
69 67 0.02372855
69 73 0.02913021
69 72 0.00126901
69 71 0.00142132
69 66 0.00053224
94 94 0.42743019
138 138 0.47621767
138 140 0.08788676
138 141 0.00135984
138 139 0.00631302
138 137 0.00126795
80 79 0.00070772
80 78 0.00105316
80 80 0.24890899
65 68 0.01486222
65 69 0.03055388
65 65 0.54073829
65 63 0.02320939
40 37 0.00264326
40 43 0.00924218
40 40 0.38027098
40 39 0.03083571
40 42 0.01419959
40 41 0.00703917
111 117 0.00061357
111 111 0.38180627
47 50 0.06060736
47 49 0.01828442
47 51 0.00345780
47 48 0.03101832
47 47 0.71886147
47 46 0.00283502
37 34 0.00438092
37 38 0.00593613
37 36 0.06167434
37 39 0.01084121
37 40 0.00758587
37 37 0.42281901
53 56 0.08425918
53 51 0.03400054
53 57 0.00546831
53 53 0.31415899
53 55 0.00155261
99 99 0.83108288
99 105 0.00095713
107 107 0.78783179
107 113 0.00109186
48 50 0.01626789
48 49 0.00816506
48 51 0.10090355
48 48 0.81241394
48 47 0.00247776
48 52 0.01165532
24 23 0.04142959
24 24 0.65701605
24 26 0.00067763
24 25 0.00235237
151 151 0.61612569
151 150 0.05590294
151 152 0.05305458
151 153 0.10141369
57 58 0.00126646
57 60 0.08334314
57 57 0.43002488
57 55 0.00119791
57 59 0.00105278
57 61 0.04005026
78 79 0.00168571
78 78 0.87367415
78 76 0.01075168
78 80 0.00059907
78 77 0.01122398
160 160 0.75492722
160 159 0.00767237
10 10 0.82354380
102 102 0.63124360
45 44 0.00268668
45 48 0.02410403
45 45 0.57361522
45 46 0.00770274
45 47 0.03042894
45 43 0.00105616
137 137 0.47486507
137 136 0.00220939
137 139 0.05179228
137 140 0.00154313
137 138 0.00216490
121 121 0.54799979
158 157 0.00155065
158 159 0.00171813
158 160 0.00972325
158 158 0.11796310
35 32 0.00383906
35 36 0.00640784
35 34 0.08121281
35 35 0.56802147
35 37 0.00379610
18 18 0.54925648
140 142 0.07448621
140 140 0.69458712
140 136 0.00059603
140 139 0.00082562
140 141 0.00609837
79 77 0.00237529
79 78 0.01922802
79 79 0.35338085
70 67 0.00320297
70 73 0.03257355
70 72 0.00126270
70 71 0.00079618
70 74 0.03210893
70 68 0.02165065
70 70 0.52632161
19 19 0.68224293
88 93 0.00095332
88 88 0.61256038
128 128 0.84006716
128 132 0.00092991
1 1 0.65760343
105 105 0.81616770
125 127 0.00175422
125 129 0.00095964
125 125 0.61341755
16 16 0.64044465
85 84 0.00065418
85 90 0.00078251
85 85 0.86269443
14 14 0.82033385
22 21 0.00348865
22 23 0.00092562
22 22 0.67835173
68 71 0.00361561
68 72 0.00058126
68 66 0.00771468
68 65 0.00052187
68 68 0.46573829
52 54 0.00091620
52 52 0.10483027
52 55 0.01800476
52 56 0.00866972
52 50 0.00061720
3 3 0.75962560
148 147 0.05581504
148 149 0.05132806
148 148 0.68074800
148 150 0.10069878
148 151 0.00100215
86 86 0.59406289
86 84 0.00059797
86 91 0.00081750
106 106 0.79250781
133 135 0.00625369
133 136 0.00106211
133 137 0.00102466
133 133 0.71368716
36 33 0.00199883
36 36 0.43325215
36 38 0.00916990
36 37 0.01336657
36 39 0.00734341
36 35 0.02262540
26 27 0.01218925
26 26 0.61667392
26 28 0.00147335
26 25 0.09029592
33 33 0.44188782
33 32 0.00414995
33 34 0.01507052
33 30 0.00082910
33 35 0.00135059
143 143 0.48918104
143 142 0.00475530
143 144 0.00359398
143 145 0.01480965
34 34 0.70504043
34 33 0.09142572
34 36 0.00468941
34 35 0.00333361
34 37 0.00224105
131 135 0.00200346
131 133 0.00533204
131 131 0.81991670
93 93 0.85911927
150 149 0.06079561
150 150 0.59896416
150 152 0.08726088
150 151 0.04621269
112 112 0.54722297
58 58 0.67617734
58 56 0.09412341
58 60 0.01500036
58 62 0.05553428
58 61 0.08018068
58 59 0.00075464
149 148 0.06086985
149 149 0.60125746
149 152 0.00063977
149 150 0.05208860
149 151 0.10059606
76 80 0.00114406
76 76 0.81812603
76 77 0.00776721
76 74 0.02048185
76 75 0.00102325
76 78 0.00189086
54 54 0.59165685
54 52 0.04951844
54 58 0.02635548
54 56 0.01578085
54 57 0.06220673
54 55 0.00255272
135 139 0.00065903
135 137 0.01169967
135 135 0.60684810
135 138 0.00155524
114 114 0.66675796
63 67 0.00140947
63 63 0.42785998
63 65 0.00093736
63 61 0.00107404
63 66 0.03688600
136 138 0.01676410
136 140 0.00061980
136 139 0.00147323
136 135 0.00237317
136 136 0.57930953
136 137 0.00101465
39 38 0.02815486
39 36 0.00411334
39 41 0.00803142
39 42 0.00598095
39 40 0.00817588
39 39 0.44608903
5 5 0.77077519
141 141 0.45031978
141 140 0.00151653
141 143 0.00209510
147 150 0.00225553
147 146 0.03479090
147 147 0.63134190
147 149 0.10201482
147 148 0.05058702
124 128 0.00094818
124 124 0.51839859
109 109 0.79240423
109 115 0.00109920
117 117 0.61396573
142 144 0.00942013
142 145 0.00103832
142 141 0.00512711
142 142 0.54148285
142 143 0.00114946
8 8 0.51967862
23 23 0.69649810
23 24 0.00186220
23 22 0.01893622
126 126 0.60029849
126 128 0.00201202
126 130 0.00094097
103 103 0.60572078
82 84 0.00090656
82 82 0.44850785
82 81 0.00053467
122 122 0.61835142
122 126 0.00065840
83 82 0.00470571
83 83 0.52474479
66 68 0.00307266
66 64 0.08715398
66 69 0.01447895
66 70 0.00207515
66 66 0.55781369
66 65 0.00099941
43 42 0.01656503
43 43 0.44920636
43 45 0.00071258
43 46 0.00052714
43 44 0.02000184
4 4 0.75580900
153 154 0.00130888
153 155 0.00119028
153 153 0.44465264
153 152 0.00270821
71 73 0.00457555
71 71 0.29467471
71 74 0.01830606
71 75 0.03274465
71 68 0.00313296
71 69 0.00575303
75 79 0.00248160
75 75 0.52676185
75 78 0.00100133
75 73 0.01537191
75 76 0.01061108
75 77 0.00200529
64 68 0.00088341
64 64 0.22286477
64 66 0.01010567
64 62 0.00181246
64 67 0.00118499
119 119 0.64961989
119 125 0.00071635
144 143 0.00393410
144 146 0.00132028
144 147 0.00114226
144 144 0.58926173
9 9 0.77721695
108 108 0.71148505
108 114 0.00109821
113 113 0.69113682
157 158 0.00160759
157 156 0.00179214
157 159 0.01079285
157 157 0.41854952
146 146 0.55319028
146 148 0.08902621
146 149 0.00236024
146 145 0.01287470
146 147 0.04340811
44 43 0.00993563
44 42 0.00224886
44 47 0.02089636
44 46 0.02285142
44 45 0.00152640
44 44 0.58472530
98 104 0.00050427
98 98 0.50001518
81 81 0.40050764
