117 117 0.61920103
109 109 0.79848293
124 124 0.46537655
23 23 0.80072882
23 22 0.00075921
23 24 0.03857246
126 126 0.46579382
142 142 0.58218543
142 143 0.01075290
142 141 0.00081026
8 8 0.53919016
136 136 0.68860625
136 137 0.00075317
63 63 0.35864849
63 65 0.02231623
63 59 0.03351773
63 60 0.09661314
149 150 0.05227140
149 151 0.00052390
149 148 0.00050247
149 149 0.59127630
135 136 0.00063511
135 135 0.66336479
114 114 0.76250751
76 76 0.79703885
76 73 0.00616873
76 77 0.00284134
76 72 0.00341989
76 74 0.00334677
76 78 0.01446094
76 75 0.01965280
54 51 0.01640680
54 56 0.05202328
54 50 0.00783805
54 52 0.00053883
54 54 0.59699040
5 5 0.80933218
141 141 0.51328227
141 142 0.01006926
141 140 0.00085166
147 148 0.05183211
147 147 0.68818080
39 37 0.01720748
39 39 0.44182975
39 40 0.02125581
39 42 0.00336619
39 36 0.01594826
39 38 0.01563829
58 55 0.06494420
58 57 0.00062909
58 56 0.00060877
58 60 0.01635831
58 58 0.68282263
58 54 0.01280465
112 112 0.45712434
146 147 0.01842598
146 146 0.62381890
157 157 0.53283270
157 156 0.00270050
157 158 0.02456302
98 98 0.34865386
44 44 0.58063562
44 43 0.02408057
44 42 0.00787203
44 41 0.00445087
44 45 0.00176036
81 81 0.42921152
81 82 0.00087659
144 145 0.02868923
144 144 0.69519752
144 143 0.00136459
144 146 0.00154691
108 108 0.69332467
9 9 0.76650088
113 113 0.61653294
119 119 0.61909875
75 73 0.00299169
75 76 0.00111380
75 71 0.00536491
75 77 0.02532045
75 72 0.01766491
75 74 0.02578552
75 75 0.51605253
64 66 0.08429897
64 62 0.00050441
64 61 0.00360718
64 64 0.17884367
64 60 0.00064347
122 122 0.58607590
82 83 0.00663290
82 82 0.50131743
103 103 0.67875113
71 70 0.00345051
71 68 0.01129957
71 69 0.00122308
71 67 0.00052080
71 71 0.24380324
153 152 0.00167418
153 153 0.48470027
153 154 0.02050503
83 83 0.54275725
83 84 0.00396443
43 44 0.00494903
43 40 0.01967943
43 43 0.44961837
43 42 0.02294215
43 41 0.00525103
43 45 0.00142757
66 66 0.46955851
66 62 0.04983301
66 63 0.07921413
66 68 0.00722517
4 4 0.75589321
70 70 0.54003568
70 69 0.00168375
70 67 0.04304332
70 72 0.00222289
70 66 0.00103308
79 78 0.00288707
79 75 0.00054180
79 79 0.39012426
79 77 0.00247731
79 80 0.00063052
140 141 0.00699051
140 139 0.00085726
140 140 0.81630674
19 19 0.57470330
121 121 0.57251399
45 45 0.57273259
45 46 0.00113943
45 42 0.00391973
45 43 0.00096487
45 44 0.00129448
137 137 0.59782028
137 138 0.00119915
102 102 0.61632394
10 10 0.78483678
18 18 0.48327677
158 158 0.25333918
158 157 0.00242520
158 159 0.01655075
35 34 0.00474683
35 38 0.01957539
35 36 0.02229768
35 33 0.00183437
35 35 0.56579526
151 151 0.71995391
151 152 0.05226804
151 150 0.00173619
24 23 0.00126788
24 24 0.74240243
24 25 0.06281564
57 59 0.00104846
57 54 0.06524609
57 56 0.00070530
57 57 0.43209544
57 53 0.00266665
107 107 0.71595378
99 99 0.84643823
53 55 0.06348725
53 53 0.31734630
53 51 0.00137639
53 49 0.00100422
53 50 0.02292705
48 45 0.03661505
48 46 0.02902160
48 47 0.02540198
48 48 0.81169179
48 50 0.01193199
48 49 0.00350405
160 160 0.76212644
160 159 0.00119402
78 77 0.01225626
78 80 0.00158348
78 76 0.00249934
78 79 0.02441910
78 75 0.00184755
78 78 0.87451609
78 74 0.00097780
65 68 0.00126139
65 66 0.00085777
65 62 0.11026775
65 67 0.00110325
65 61 0.04386879
65 65 0.53961663
80 80 0.30108419
80 78 0.00116295
80 79 0.00083267
37 34 0.00471687
37 38 0.10723344
37 36 0.01798073
37 40 0.00360314
37 35 0.00082637
37 37 0.41901652
47 46 0.03034073
47 45 0.03964461
47 47 0.71427767
47 48 0.00152396
47 44 0.03312096
47 49 0.00155225
111 111 0.45090875
40 38 0.02247326
40 41 0.01114877
40 37 0.01635594
40 42 0.01004391
40 39 0.01425113
40 40 0.37402660
26 25 0.00179430
26 27 0.01839457
26 26 0.63279790
33 34 0.06856646
33 36 0.00273960
33 33 0.46211515
36 34 0.00919496
36 36 0.45054440
36 38 0.00069930
36 37 0.03350221
36 39 0.00560975
143 143 0.44504201
143 142 0.00088076
143 145 0.00069935
143 144 0.01673057
34 34 0.73041276
34 33 0.01507283
34 35 0.04434663
34 37 0.00598476
93 93 0.84949848
150 150 0.72611111
150 151 0.05273368
150 149 0.00087083
131 131 0.63018169
86 87 0.00079807
86 86 0.60210882
52 49 0.12858210
52 50 0.00774451
52 48 0.00479959
52 54 0.04685014
52 52 0.10383711
148 148 0.81976271
148 149 0.05233226
3 3 0.75623628
133 133 0.64031226
106 106 0.81953875
14 14 0.83438794
22 23 0.01862518
22 22 0.63983456
22 21 0.00065719
85 85 0.85818978
85 87 0.00058155
85 86 0.00097561
68 70 0.02774940
68 68 0.55622862
68 65 0.03258189
68 71 0.00100294
128 128 0.73692807
88 88 0.67103805
105 105 0.83083159
125 125 0.36710916
16 16 0.64111218
1 1 0.65010423
116 116 0.29164160
27 26 0.00516993
27 27 0.54607872
27 28 0.04445995
96 96 0.56291186
50 48 0.01093624
50 50 0.68179035
50 49 0.00162949
50 46 0.00061266
50 52 0.00058397
50 47 0.08067412
60 62 0.04956688
60 57 0.11927260
60 58 0.00542314
60 56 0.01816671
60 60 0.42257931
49 46 0.05691364
49 47 0.01633512
49 48 0.00619101
49 51 0.02419683
49 49 0.72137536
61 57 0.01948797
61 58 0.11981885
61 61 0.57163008
61 63 0.00101685
61 59 0.00433539
84 84 0.78972463
84 86 0.00061401
84 85 0.00131836
123 123 0.69358998
42 39 0.01276466
42 43 0.01014482
42 40 0.03007615
42 42 0.58242201
42 44 0.00305106
17 17 0.64084168
31 30 0.00539573
31 32 0.00191169
31 31 0.55172869
51 47 0.00111048
51 53 0.03216865
51 48 0.12187501
51 51 0.43744060
51 49 0.01010133
159 159 0.55228933
159 160 0.00843572
159 158 0.00212540
152 151 0.00170976
152 152 0.77950933
152 153 0.05187420
91 91 0.66395447
6 6 0.68617122
139 140 0.00853619
139 139 0.65419693
74 70 0.00488667
74 75 0.00055541
74 74 0.52283753
74 72 0.00780542
74 71 0.03139792
74 73 0.01231498
74 76 0.02707419
120 120 0.79259048
38 36 0.01806976
38 38 0.67740412
38 37 0.00483084
38 39 0.01673838
38 41 0.00080574
118 118 0.66410351
138 138 0.67938438
138 139 0.00219051
94 94 0.50759887
12 12 0.50220182
129 129 0.72607769
69 65 0.01492770
69 71 0.00855500
69 66 0.03223607
69 69 0.48472300
67 63 0.00074198
67 67 0.48860939
67 70 0.00100187
67 69 0.02909515
67 64 0.00258463
73 71 0.01048651
73 72 0.02646327
73 73 0.48548962
73 70 0.05919516
73 69 0.01736607
73 75 0.01827507
77 77 0.83443218
77 73 0.00152174
77 76 0.01304172
77 79 0.00335926
77 75 0.00249146
77 78 0.01382272
77 74 0.00357358
7 7 0.71577250
87 87 0.70835561
30 31 0.04372052
30 33 0.00071183
30 30 0.54997939
30 29 0.01130502
132 132 0.70702077
32 35 0.00526723
32 32 0.26655228
32 33 0.00582923
15 15 0.75876225
90 90 0.72880298
110 110 0.49352302
156 157 0.03184983
156 155 0.00401166
156 156 0.83953726
155 154 0.00190192
155 156 0.03871590
155 155 0.78154200
56 58 0.08905075
56 56 0.38008420
56 53 0.11740804
56 55 0.00103820
56 54 0.00854124
56 52 0.00421449
41 41 0.33114445
41 42 0.01708379
41 39 0.01689402
41 40 0.00914656
41 38 0.01780636
28 27 0.00623378
28 29 0.00225725
28 28 0.48126963
62 59 0.10775491
62 62 0.59353848
62 58 0.02705866
62 60 0.00149881
62 64 0.00173253
134 134 0.53535680
145 145 0.60174394
145 144 0.00187263
145 146 0.00487720
25 25 0.67596992
25 26 0.08966566
25 24 0.00161811
55 51 0.00158609
55 57 0.00113336
55 53 0.00125344
55 55 0.35056373
55 52 0.01734476
55 54 0.00131138
46 45 0.00423063
46 46 0.50262179
46 47 0.00166528
46 43 0.00093943
46 44 0.03624709
11 11 0.81750951
97 97 0.36978046
127 127 0.56697570
89 89 0.66785105
21 21 0.75936024
21 22 0.00297600
100 100 0.75348760
154 155 0.01064382
154 153 0.00163687
154 154 0.60253633
72 71 0.00062135
72 72 0.25217132
72 70 0.00059632
72 69 0.03179005
72 74 0.00234139
92 92 0.57302279
115 115 0.82452109
95 95 0.36121157
104 104 0.48383469
101 101 0.86885300
29 30 0.12706557
29 29 0.56287577
2 2 0.60201277
59 61 0.00264198
59 59 0.38458324
59 55 0.00823973
59 57 0.00054998
59 56 0.08258507
20 20 0.57096931
20 21 0.00055023
13 13 0.57523449
130 130 0.72644031
