46 48 0.02902160
46 49 0.05691364
46 50 0.00061266
46 45 0.00113943
46 46 0.50262179
46 47 0.03034073
11 11 0.81750951
97 97 0.36978046
55 59 0.00823973
55 56 0.00103820
55 58 0.06494420
55 55 0.35056373
55 53 0.06348725
62 66 0.04983301
62 65 0.11026775
62 62 0.59353848
62 60 0.04956688
62 64 0.00050441
28 27 0.04445995
28 28 0.48126963
41 38 0.00080574
41 44 0.00445087
41 43 0.00525103
41 40 0.01114877
41 41 0.33114445
25 24 0.06281564
25 26 0.00179430
25 25 0.67596992
134 134 0.53535680
145 143 0.00069935
145 145 0.60174394
145 144 0.02868923
56 56 0.38008420
56 60 0.01816671
56 58 0.00060877
56 57 0.00070530
56 59 0.08258507
56 54 0.05202328
2 2 0.60201277
29 28 0.00225725
29 29 0.56287577
29 30 0.01130502
130 130 0.72644031
13 13 0.57523449
20 20 0.57096931
59 57 0.00104846
59 61 0.00433539
59 63 0.03351773
59 62 0.10775491
59 59 0.38458324
101 101 0.86885300
95 95 0.36121157
104 104 0.48383469
154 153 0.02050503
154 155 0.00190192
154 154 0.60253633
21 22 0.00065719
21 20 0.00055023
21 21 0.75936024
89 89 0.66785105
100 100 0.75348760
115 115 0.82452109
92 92 0.57302279
72 75 0.01766491
72 70 0.00222289
72 74 0.00780542
72 72 0.25217132
72 73 0.02646327
72 76 0.00341989
127 127 0.56697570
139 139 0.65419693
139 138 0.00219051
139 140 0.00085726
6 6 0.68617122
159 160 0.00119402
159 159 0.55228933
159 158 0.01655075
51 54 0.01640680
51 51 0.43744060
51 55 0.00158609
51 53 0.00137639
51 49 0.02419683
31 30 0.04372052
31 31 0.55172869
91 91 0.66395447
152 152 0.77950933
152 151 0.05226804
152 153 0.00167418
84 83 0.00396443
84 84 0.78972463
61 65 0.04386879
61 61 0.57163008
61 59 0.00264198
61 64 0.00360718
17 17 0.64084168
42 44 0.00787203
42 43 0.02294215
42 40 0.01004391
42 39 0.00336619
42 42 0.58242201
42 41 0.01708379
42 45 0.00391973
123 123 0.69358998
27 28 0.00623378
27 27 0.54607872
27 26 0.01839457
116 116 0.29164160
60 64 0.00064347
60 60 0.42257931
60 58 0.01635831
60 63 0.09661314
60 62 0.00149881
49 53 0.00100422
49 48 0.00350405
49 51 0.01010133
49 49 0.72137536
49 50 0.00162949
49 52 0.12858210
49 47 0.00155225
50 50 0.68179035
50 48 0.01193199
50 53 0.02292705
50 54 0.00783805
50 52 0.00774451
96 96 0.56291186
156 157 0.00270050
156 155 0.03871590
156 156 0.83953726
110 110 0.49352302
155 155 0.78154200
155 156 0.00401166
155 154 0.01064382
15 15 0.75876225
32 32 0.26655228
32 31 0.00191169
90 90 0.72880298
67 65 0.00110325
67 67 0.48860939
67 71 0.00052080
67 70 0.04304332
73 77 0.00152174
73 73 0.48548962
73 76 0.00616873
73 75 0.00299169
73 74 0.01231498
132 132 0.70702077
30 30 0.54997939
30 29 0.12706557
30 31 0.00539573
87 85 0.00058155
87 87 0.70835561
87 86 0.00079807
77 77 0.83443218
77 76 0.00284134
77 78 0.01225626
77 75 0.02532045
77 79 0.00247731
7 7 0.71577250
38 38 0.67740412
38 36 0.00069930
38 39 0.01563829
38 40 0.02247326
38 35 0.01957539
38 37 0.10723344
38 41 0.01780636
118 118 0.66410351
74 74 0.52283753
74 75 0.02578552
74 78 0.00097780
74 76 0.00334677
74 72 0.00234139
74 77 0.00357358
120 120 0.79259048
69 72 0.03179005
69 71 0.00122308
69 67 0.02909515
69 73 0.01736607
69 69 0.48472300
69 70 0.00168375
129 129 0.72607769
12 12 0.50220182
94 94 0.50759887
138 137 0.00119915
138 138 0.67938438
80 80 0.30108419
80 79 0.00063052
80 78 0.00158348
65 68 0.03258189
65 69 0.01492770
65 65 0.53961663
65 63 0.02231623
40 42 0.03007615
40 39 0.02125581
40 43 0.01967943
40 40 0.37402660
40 37 0.00360314
40 41 0.00914656
47 46 0.00166528
47 47 0.71427767
47 48 0.02540198
47 51 0.00111048
47 49 0.01633512
47 50 0.08067412
37 34 0.00598476
37 38 0.00483084
37 36 0.03350221
37 40 0.01635594
37 39 0.01720748
37 37 0.41901652
111 111 0.45090875
48 47 0.00152396
48 52 0.00479959
48 50 0.01093624
48 49 0.00619101
48 51 0.12187501
48 48 0.81169179
99 99 0.84643823
53 56 0.11740804
53 51 0.03216865
53 57 0.00266665
53 53 0.31734630
53 55 0.00125344
107 107 0.71595378
57 59 0.00054998
57 61 0.01948797
57 60 0.11927260
57 58 0.00062909
57 57 0.43209544
57 55 0.00113336
151 151 0.71995391
151 150 0.05273368
151 152 0.00170976
151 149 0.00052390
24 24 0.74240243
24 23 0.03857246
24 25 0.00161811
78 78 0.87451609
78 79 0.00288707
78 80 0.00116295
78 76 0.01446094
78 77 0.01382272
160 159 0.00843572
160 160 0.76212644
102 102 0.61632394
10 10 0.78483678
121 121 0.57251399
45 48 0.03661505
45 44 0.00176036
45 43 0.00142757
45 47 0.03964461
45 45 0.57273259
45 46 0.00423063
137 136 0.00075317
137 137 0.59782028
35 37 0.00082637
35 35 0.56579526
35 32 0.00526723
35 34 0.04434663
158 159 0.00212540
158 157 0.02456302
158 158 0.25333918
18 18 0.48327677
79 79 0.39012426
79 78 0.02441910
79 77 0.00335926
79 80 0.00083267
70 74 0.00488667
70 68 0.02774940
70 70 0.54003568
70 67 0.00100187
70 73 0.05919516
70 71 0.00345051
70 72 0.00059632
140 141 0.00085166
140 139 0.00853619
140 140 0.81630674
19 19 0.57470330
88 88 0.67103805
128 128 0.73692807
1 1 0.65010423
16 16 0.64111218
125 125 0.36710916
105 105 0.83083159
85 85 0.85818978
85 84 0.00131836
22 21 0.00297600
22 22 0.63983456
22 23 0.00075921
14 14 0.83438794
68 68 0.55622862
68 65 0.00126139
68 71 0.01129957
68 66 0.00722517
3 3 0.75623628
148 147 0.05183211
148 149 0.00050247
148 148 0.81976271
52 50 0.00058397
52 56 0.00421449
52 55 0.01734476
52 52 0.10383711
52 54 0.00053883
86 85 0.00097561
86 86 0.60210882
86 84 0.00061401
106 106 0.81953875
133 133 0.64031226
26 25 0.08966566
26 26 0.63279790
26 27 0.00516993
33 30 0.00071183
33 35 0.00183437
33 33 0.46211515
33 32 0.00582923
33 34 0.01507283
36 39 0.01594826
36 35 0.02229768
36 37 0.01798073
36 38 0.01806976
36 33 0.00273960
36 36 0.45054440
131 131 0.63018169
93 93 0.84949848
150 149 0.05227140
150 150 0.72611111
150 151 0.00173619
34 37 0.00471687
34 35 0.00474683
34 33 0.06856646
34 36 0.00919496
34 34 0.73041276
143 142 0.01075290
143 143 0.44504201
143 144 0.00136459
112 112 0.45712434
58 62 0.02705866
58 61 0.11981885
58 60 0.00542314
58 58 0.68282263
58 56 0.08905075
76 75 0.00111380
76 78 0.00249934
76 74 0.02707419
76 77 0.01304172
76 76 0.79703885
114 114 0.76250751
135 135 0.66336479
54 52 0.04685014
54 54 0.59699040
54 55 0.00131138
54 57 0.06524609
54 58 0.01280465
54 56 0.00854124
149 149 0.59127630
149 148 0.05233226
149 150 0.00087083
136 135 0.00063511
136 136 0.68860625
63 63 0.35864849
63 61 0.00101685
63 67 0.00074198
63 66 0.07921413
39 42 0.01276466
39 40 0.01425113
39 39 0.44182975
39 41 0.01689402
39 36 0.00560975
39 38 0.01673838
147 147 0.68818080
147 146 0.01842598
5 5 0.80933218
141 140 0.00699051
141 142 0.00081026
141 141 0.51328227
109 109 0.79848293
124 124 0.46537655
117 117 0.61920103
142 141 0.01006926
142 143 0.00088076
142 142 0.58218543
8 8 0.53919016
126 126 0.46579382
23 24 0.00126788
23 22 0.01862518
23 23 0.80072882
103 103 0.67875113
82 81 0.00087659
82 82 0.50131743
122 122 0.58607590
4 4 0.75589321
83 83 0.54275725
83 82 0.00663290
66 65 0.00085777
66 66 0.46955851
66 70 0.00103308
66 64 0.08429897
66 69 0.03223607
43 42 0.01014482
43 43 0.44961837
43 45 0.00096487
43 46 0.00093943
43 44 0.02408057
153 154 0.00163687
153 153 0.48470027
153 152 0.05187420
71 75 0.00536491
71 68 0.00100294
71 69 0.00855500
71 74 0.03139792
71 72 0.00062135
71 71 0.24380324
71 73 0.01048651
64 64 0.17884367
64 62 0.00173253
64 67 0.00258463
75 74 0.00055541
75 79 0.00054180
75 75 0.51605253
75 78 0.00184755
75 76 0.01965280
75 73 0.01827507
75 77 0.00249146
119 119 0.61909875
144 143 0.01673057
144 144 0.69519752
144 145 0.00187263
113 113 0.61653294
9 9 0.76650088
108 108 0.69332467
98 98 0.34865386
44 44 0.58063562
44 43 0.00494903
44 42 0.00305106
44 47 0.03312096
44 46 0.03624709
44 45 0.00129448
146 146 0.62381890
146 144 0.00154691
146 145 0.00487720
157 156 0.03184983
157 158 0.00242520
157 157 0.53283270
81 81 0.42921152
