1 1 0.85255855
125 127 0.00053406
125 121 0.01224033
125 122 0.00103887
125 125 0.71112100
125 123 0.00053710
16 16 0.73265708
105 101 0.01776737
105 105 0.90495645
105 111 0.00108677
88 93 0.00717314
88 85 0.00053332
88 88 0.69232752
128 124 0.01584903
128 128 0.84099434
128 132 0.00091981
68 70 0.00217768
68 69 0.01382657
68 68 0.51328968
68 74 0.00323693
68 72 0.00282535
68 71 0.01711965
68 67 0.00069869
85 84 0.00070544
85 87 0.00063914
85 85 0.83940431
85 90 0.00298763
22 23 0.00319579
22 22 0.87243112
22 26 0.00067736
22 24 0.00242553
22 25 0.00245638
22 21 0.00182192
14 14 0.89357527
106 112 0.00109446
106 106 0.80368033
106 102 0.01775817
133 134 0.00061070
133 133 0.74525016
133 135 0.00438304
133 136 0.00121304
133 129 0.02902827
3 3 0.80979558
148 151 0.07098339
148 150 0.16364052
148 148 0.59674594
148 144 0.03370864
148 149 0.10277993
148 147 0.00087108
52 54 0.00149157
52 52 0.40951366
52 53 0.00144770
52 55 0.03661727
52 56 0.01271366
86 86 0.72531257
86 85 0.00136345
86 91 0.00314081
150 152 0.11906483
150 150 0.58916801
150 151 0.11030619
150 146 0.03368701
150 153 0.09978843
150 149 0.00314084
93 89 0.01557373
93 93 0.94511547
93 98 0.00114344
131 135 0.00198255
131 132 0.00126218
131 133 0.00644829
131 127 0.02484270
131 131 0.93113612
143 139 0.03373062
143 145 0.01118512
143 144 0.01612286
143 143 0.47329786
34 38 0.00072653
34 33 0.00091570
34 36 0.00668876
34 34 0.49675633
34 35 0.28280849
34 39 0.00105183
34 37 0.02565324
36 37 0.20664294
36 39 0.08381743
36 40 0.00058547
36 35 0.00199635
36 36 0.33222812
36 38 0.01480639
36 34 0.00315160
26 27 0.03122440
26 26 0.80634360
26 30 0.00192873
26 25 0.00117647
26 29 0.00903411
26 28 0.00501673
33 33 0.33045294
33 36 0.00645441
33 34 0.24014432
33 35 0.01566833
33 37 0.00108361
40 41 0.12344690
40 45 0.00055723
40 43 0.07928215
40 40 0.49670658
40 39 0.00343271
40 42 0.00829155
40 44 0.00216678
40 38 0.00613995
37 41 0.00146799
37 37 0.50807496
37 39 0.01382109
37 40 0.08656700
37 35 0.00588246
37 36 0.00424584
37 38 0.19360930
111 111 0.48817442
47 47 0.47340241
47 52 0.00124842
47 50 0.18808526
47 49 0.02837014
47 51 0.00546677
47 53 0.00071392
47 48 0.21704118
80 85 0.00174734
80 81 0.00058712
80 79 0.00113727
80 80 0.65764596
80 82 0.00070287
80 86 0.00156082
65 69 0.04653332
65 68 0.05324061
65 74 0.00065626
65 71 0.00148904
65 66 0.01436027
65 65 0.53768083
65 67 0.00934720
78 78 0.84540342
78 79 0.00859975
78 77 0.00116464
78 84 0.00183941
78 80 0.00382647
78 82 0.00095961
160 158 0.00056266
160 159 0.00130353
160 160 0.80348712
48 52 0.01767380
48 50 0.02496916
48 49 0.08818388
48 51 0.25615627
48 48 0.46818269
107 107 0.90204348
107 113 0.00110538
107 103 0.01775623
53 55 0.00223985
53 53 0.35582216
53 57 0.00923458
53 56 0.21878230
53 54 0.00090117
99 105 0.00096020
99 95 0.01668730
99 99 0.87828079
57 63 0.00061298
57 61 0.06001879
57 62 0.00054256
57 59 0.00196967
57 57 0.51849222
57 60 0.21895707
57 58 0.00405832
151 147 0.03358756
151 153 0.07239977
151 154 0.00083871
151 150 0.00504779
151 152 0.09257045
151 151 0.49767954
24 25 0.01296514
24 28 0.00157271
24 23 0.00191330
24 27 0.01054655
24 24 0.86985685
24 26 0.00522355
35 33 0.00209039
35 36 0.18482318
35 38 0.01219459
35 34 0.00147126
35 37 0.01521464
35 40 0.00096023
35 39 0.00163394
35 35 0.47512201
158 156 0.00684427
158 154 0.00112071
158 158 0.57370928
158 155 0.00124240
158 159 0.03036008
158 157 0.01237951
158 160 0.00568963
18 18 0.62176789
102 102 0.70455566
10 9 0.00059954
10 10 0.87855400
121 121 0.59665089
121 117 0.00203278
45 43 0.00402697
45 47 0.02565152
45 46 0.05560910
45 45 0.46568992
45 49 0.00111111
45 50 0.00066693
45 48 0.14472735
45 44 0.00203677
137 138 0.00233019
137 140 0.00230671
137 139 0.04298856
137 133 0.01490323
137 136 0.00192720
137 137 0.68674611
70 72 0.00362218
70 71 0.01109158
70 76 0.00387544
70 73 0.04625041
70 69 0.00073181
70 70 0.59999481
70 74 0.02057573
79 83 0.00076997
79 80 0.00441223
79 84 0.00078064
79 79 0.71087526
79 81 0.00061331
79 78 0.00133084
79 85 0.00133509
19 19 0.74856196
140 136 0.03451572
140 141 0.01723606
140 139 0.00166149
140 140 0.70017386
140 143 0.00124324
140 142 0.08288671
4 4 0.75715955
43 42 0.00158312
43 43 0.42480952
43 45 0.00169470
43 46 0.02196975
43 44 0.14807531
66 66 0.54847579
66 67 0.01601413
66 73 0.00057671
66 69 0.04137390
66 68 0.00529155
66 70 0.00279899
83 83 0.80678453
83 88 0.00109409
83 84 0.00068013
83 82 0.00064730
71 72 0.01054215
71 77 0.00389889
71 71 0.49386483
71 73 0.00737943
71 70 0.00073530
71 75 0.01682852
71 74 0.02075935
153 151 0.00050909
153 152 0.00459287
153 154 0.05619851
153 149 0.03269772
153 156 0.00079123
153 155 0.00161483
153 153 0.41633797
103 103 0.70458278
82 84 0.00164067
82 82 0.80198117
82 83 0.00080703
82 87 0.00296537
82 81 0.00062511
122 122 0.71013730
122 118 0.01089030
64 68 0.00131939
64 64 0.48615118
64 70 0.00110550
64 67 0.02584444
64 73 0.00114281
64 65 0.00974794
64 66 0.01948018
64 71 0.00052752
75 74 0.00070793
75 79 0.00369172
75 75 0.70382327
75 81 0.00071137
75 78 0.00354622
75 76 0.03556425
75 77 0.00763197
119 119 0.53031673
113 109 0.01669020
113 112 0.00163899
113 113 0.85574394
9 8 0.00123998
9 9 0.95326977
108 108 0.75834026
108 114 0.00111215
108 104 0.01775057
144 144 0.65736303
144 145 0.04669819
144 147 0.00086663
144 146 0.02150876
144 143 0.00105045
144 140 0.03381757
81 83 0.00068523
81 87 0.00086335
81 86 0.00218191
81 80 0.00087285
81 81 0.68152589
98 98 0.54832513
98 104 0.00050590
98 94 0.00069699
44 42 0.00415821
44 43 0.00301051
44 47 0.13196643
44 45 0.09256286
44 46 0.00407740
44 48 0.00148354
44 44 0.47669438
157 158 0.03867458
157 155 0.00727380
157 153 0.00233910
157 156 0.01243694
157 154 0.00113746
157 160 0.00067497
157 159 0.00704102
157 157 0.55298675
146 146 0.61184336
146 150 0.00061931
146 143 0.00054521
146 142 0.03380272
146 148 0.16810843
146 149 0.04114847
146 147 0.05784198
146 145 0.00054623
112 112 0.63512260
58 60 0.02523742
58 58 0.51150457
58 59 0.00131987
58 62 0.08751844
58 61 0.20278241
39 40 0.13102864
39 39 0.49487056
39 43 0.00199099
39 42 0.08916701
39 37 0.00913024
39 41 0.00238651
39 38 0.00718272
147 147 0.59759080
147 149 0.17465513
147 148 0.09900495
147 143 0.03376617
147 150 0.06097214
147 146 0.00063579
141 141 0.59852095
141 144 0.00102376
141 137 0.03385212
141 142 0.01561181
141 143 0.00736016
141 140 0.00076227
5 5 0.81973467
76 77 0.01854357
76 76 0.74380561
76 80 0.00299871
76 82 0.00191694
76 78 0.00612354
76 75 0.00073816
76 79 0.00112659
54 59 0.00056489
54 54 0.48022988
54 56 0.02538345
54 58 0.03980242
54 55 0.00499928
54 57 0.12413063
114 110 0.01668833
114 114 0.93216379
135 138 0.00216654
135 131 0.00128587
135 136 0.00050679
135 137 0.01146637
135 135 0.82435615
149 145 0.03367658
149 149 0.59417310
149 148 0.00115766
149 150 0.10567413
149 152 0.08008324
149 151 0.14437272
63 64 0.00146386
63 67 0.00416172
63 65 0.00366764
63 63 0.53530810
63 66 0.10784905
136 139 0.00200084
136 132 0.01495567
136 135 0.00228474
136 136 0.76262253
136 137 0.00122134
136 138 0.01405358
8 7 0.00186409
8 8 0.96621481
142 144 0.01130500
142 141 0.00072619
142 145 0.00275496
142 143 0.01352820
142 138 0.03376415
142 142 0.58069911
126 128 0.00082210
126 122 0.01290687
126 126 0.73201500
23 25 0.00490312
23 27 0.00106833
23 26 0.00748918
23 22 0.00201393
23 24 0.00903149
23 23 0.94166237
124 120 0.01157653
124 124 0.64914699
109 115 0.00106516
109 105 0.01775427
109 109 0.76709356
117 117 0.67924663
130 134 0.00091324
130 130 0.93359247
130 132 0.00536287
130 126 0.02470313
130 131 0.00095431
13 13 0.68571218
20 20 0.94282781
20 21 0.00062288
20 23 0.00113549
59 59 0.51773779
59 66 0.00134607
59 61 0.01928752
59 65 0.00085633
59 63 0.11481727
59 62 0.19589348
59 60 0.00084440
2 2 0.80201081
2 1 0.00105361
29 29 0.39949207
29 28 0.00133319
29 30 0.14588207
29 32 0.00214658
29 31 0.00437300
29 33 0.00224106
29 34 0.00070405
101 97 0.01668763
101 101 0.91011299
101 107 0.00106388
95 95 0.46117827
104 104 0.58975440
115 114 0.00070613
115 111 0.01668900
115 115 0.82143934
92 88 0.00135056
92 97 0.00183649
92 92 0.56956442
72 72 0.54387786
72 71 0.00084202
72 73 0.02418756
72 76 0.01233567
72 75 0.01415850
72 78 0.00359162
72 74 0.01011315
154 154 0.49793084
154 156 0.01278612
154 155 0.03183677
154 153 0.00470999
154 157 0.00199488
154 152 0.00082128
154 150 0.03209718
21 20 0.00108328
21 21 0.86358682
21 24 0.00128944
21 22 0.00139322
100 96 0.01668627
100 106 0.00105227
100 100 0.76944482
89 89 0.62820028
127 127 0.66372878
127 129 0.00100732
127 123 0.01443117
97 97 0.53755006
97 93 0.01669977
11 11 0.83089485
46 44 0.00073713
46 51 0.00079017
46 48 0.02614222
46 50 0.00367823
46 49 0.16689720
46 46 0.41257141
46 47 0.24437595
55 56 0.00531919
55 60 0.00054681
55 58 0.12159146
55 55 0.50091008
55 57 0.00131063
55 59 0.02616572
145 146 0.00965384
145 141 0.03376411
145 147 0.00163675
145 145 0.53863405
145 148 0.01418529
25 25 0.81486139
25 29 0.00155670
25 28 0.01166103
25 27 0.00544660
25 24 0.00155854
25 26 0.01713979
134 137 0.00156691
134 136 0.00851638
134 130 0.00117426
134 134 0.74470591
62 66 0.13781768
62 65 0.13405273
62 63 0.00054997
62 62 0.53933577
62 64 0.01443331
41 44 0.02827327
41 41 0.47676813
41 45 0.00073643
41 40 0.00331853
41 43 0.00519283
41 39 0.00186345
41 42 0.07013992
28 30 0.00051355
28 28 0.45605413
28 29 0.08221141
28 31 0.00076329
28 27 0.00116011
56 58 0.00202004
56 56 0.53062839
56 60 0.05716847
56 57 0.00273944
56 59 0.18490634
56 62 0.00091705
56 61 0.00096969
56 63 0.00097993
155 155 0.61850829
155 153 0.00366303
155 158 0.00611240
155 154 0.00555868
155 156 0.07735949
155 152 0.00152749
155 157 0.01188886
155 151 0.02598353
156 155 0.01046759
156 153 0.00143853
156 158 0.00212832
156 154 0.00555076
156 156 0.59789072
156 152 0.01043207
156 157 0.05423398
156 159 0.00389884
110 110 0.58985582
90 86 0.00207164
90 90 0.87673247
90 95 0.00109010
15 15 0.74601816
32 35 0.00845100
32 34 0.01059388
32 38 0.00062574
32 32 0.35034457
32 36 0.00136967
32 33 0.11999004
30 30 0.40877155
30 29 0.00071319
30 34 0.00285836
30 32 0.00737197
30 31 0.16293844
30 33 0.00487353
132 135 0.00052843
132 128 0.02564953
132 136 0.00067477
132 132 0.77482466
132 134 0.00441436
132 133 0.00099346
87 84 0.00051140
87 86 0.00185385
87 87 0.75732068
7 6 0.00185716
7 7 0.73928229
77 76 0.00076483
77 80 0.00057493
77 83 0.00191038
77 77 0.69057702
77 81 0.00082303
77 78 0.02268053
77 79 0.00481502
73 73 0.62438125
73 76 0.00719227
73 72 0.00068329
73 77 0.00680940
73 74 0.01780392
73 79 0.00081602
73 75 0.00807395
67 69 0.00363527
67 68 0.00455062
67 70 0.05106767
67 67 0.55846183
67 73 0.00359563
67 66 0.00050303
67 71 0.00300540
69 70 0.01021632
69 75 0.00350142
69 69 0.58674842
69 68 0.00068911
69 73 0.03801562
69 72 0.02857982
69 71 0.00295577
129 131 0.00055913
129 129 0.93723255
129 133 0.00091316
129 125 0.01809217
12 12 0.62575402
94 94 0.69762632
138 140 0.07372969
138 138 0.67653540
138 139 0.00455814
138 134 0.00125489
138 141 0.00238458
138 137 0.00129808
38 36 0.00876214
38 38 0.46667759
38 41 0.08548131
38 37 0.00669340
38 40 0.01720468
38 39 0.14102702
118 124 0.00055383
118 118 0.94746361
74 78 0.00653142
74 75 0.04605142
74 74 0.69243470
74 77 0.00559898
74 73 0.00068021
74 76 0.01159340
74 80 0.00102338
120 116 0.01585507
120 120 0.83689655
139 141 0.06640225
139 139 0.62042884
139 135 0.01623202
139 140 0.02174225
139 138 0.00136206
139 142 0.00064112
6 6 0.71621407
6 5 0.00087057
91 91 0.68071223
91 96 0.00539323
91 87 0.00687693
152 152 0.59215416
152 151 0.00523451
152 155 0.01890716
152 153 0.10301425
152 148 0.03337799
152 154 0.00170884
159 156 0.00067055
159 158 0.00754330
159 155 0.00057667
159 157 0.00371373
159 159 0.60057158
159 160 0.02058515
51 56 0.00382540
51 51 0.53241610
51 55 0.00492892
51 53 0.03634680
51 52 0.00917509
51 54 0.05043928
31 31 0.42059493
31 32 0.15587619
31 34 0.00898381
31 35 0.00051800
42 44 0.02709590
42 42 0.46795669
42 43 0.13444572
42 45 0.01964670
42 46 0.00134729
17 17 0.72601494
123 123 0.92366437
123 127 0.00089506
123 119 0.01110417
84 84 0.80723197
84 86 0.00070960
84 83 0.00061720
61 70 0.00083901
61 64 0.04938561
61 65 0.13781956
61 63 0.01618963
61 61 0.54719718
61 62 0.00569805
61 67 0.00103343
61 66 0.00067238
49 52 0.26202367
49 50 0.03415858
49 49 0.50263365
49 51 0.03648378
49 53 0.01984767
60 61 0.00078792
60 63 0.15944175
60 62 0.01280859
60 64 0.00238092
60 60 0.53440123
50 52 0.04101197
50 54 0.02933157
50 56 0.00292745
50 50 0.54840051
50 55 0.00439919
50 53 0.27097076
50 51 0.01471320
96 96 0.64292179
27 26 0.00098132
27 27 0.68005273
27 30 0.00074451
27 28 0.04371604
27 29 0.00436276
116 112 0.00070757
116 115 0.00060702
116 116 0.58110785
