137 140 0.00168757
137 136 0.00164496
137 137 0.53279362
146 148 0.00063808
146 146 0.26996496
129 129 0.59284751
155 155 0.73395359
83 83 0.75174023
83 82 0.00363449
122 122 0.52767100
122 121 0.00054807
25 25 0.84716248
31 29 0.00144150
31 31 0.55834625
31 32 0.00202775
31 30 0.09839838
93 94 0.00091286
93 93 0.82554785
93 92 0.07941508
6 6 0.68955146
70 70 0.75483433
111 110 0.00052608
111 111 0.52673000
16 16 0.41730876
153 154 0.00199919
153 155 0.00078450
153 153 0.53376401
74 73 0.00225379
74 74 0.84964137
8 8 0.55109611
156 156 0.73899754
10 10 0.45880396
88 87 0.04678355
88 88 0.67108590
47 46 0.01586430
47 47 0.82573041
47 45 0.04487654
105 104 0.00147874
105 105 0.55948191
103 103 0.62839747
103 102 0.00117660
103 105 0.00053986
112 112 0.53770418
128 128 0.52198616
92 91 0.09251098
92 93 0.00098971
92 92 0.80053632
33 31 0.00213150
33 32 0.25456639
33 33 0.37385148
18 18 0.60391411
35 32 0.00085207
35 33 0.00314111
35 35 0.22524198
35 34 0.00466463
138 138 0.54459200
138 137 0.00282751
138 139 0.00052226
11 11 0.70716526
63 60 0.00160896
63 63 0.61606525
154 154 0.76048726
109 109 0.63608086
114 114 0.87617066
108 108 0.57044455
119 118 0.00104993
119 119 0.55162401
135 135 0.56010243
89 89 0.63136305
89 88 0.00288651
32 33 0.00111646
32 30 0.00223751
32 32 0.28725205
32 31 0.23614084
126 126 0.76337796
87 86 0.01489793
87 87 0.78243208
58 58 0.27632359
58 57 0.00788871
58 55 0.05239694
82 82 0.71584559
120 119 0.00103870
120 120 0.44648749
44 42 0.00124713
44 43 0.02070282
44 44 0.76823250
131 131 0.53570742
101 101 0.59147812
101 100 0.00314537
71 71 0.78627692
133 133 0.71529858
99 99 0.76921022
99 98 0.04080771
99 101 0.00050933
19 19 0.32490732
100 100 0.65724240
100 102 0.00054529
100 99 0.01037768
61 58 0.01373672
61 60 0.00978923
61 59 0.00193302
61 61 0.51741779
5 5 0.32816115
5 6 0.00171007
5 4 0.00105936
27 28 0.00054627
27 26 0.00104275
27 27 0.59332484
96 95 0.07973043
96 98 0.00056910
96 96 0.83827166
52 49 0.04689302
52 50 0.01184457
52 52 0.42521152
52 51 0.00100381
152 152 0.60754050
152 153 0.00459171
151 152 0.00275807
151 153 0.00061797
151 151 0.45045216
144 144 0.23454408
144 146 0.00328408
59 57 0.00156782
59 58 0.00219970
59 56 0.00217243
59 59 0.29604832
117 117 0.96883865
127 127 0.51526362
113 112 0.00137889
113 113 0.60508900
130 130 0.63893124
78 78 0.76310847
141 141 0.62869518
141 144 0.00111430
141 140 0.00390072
157 157 0.86532452
56 55 0.00399514
56 56 0.42807792
56 53 0.01421586
79 79 0.92247049
77 77 0.76706158
7 7 0.75208674
86 86 0.73028471
86 85 0.01068543
76 76 0.89071264
36 36 0.36656119
36 33 0.00096735
36 35 0.00384770
64 62 0.00131386
64 64 0.73065221
57 57 0.35066616
57 54 0.00170666
57 56 0.00565554
66 66 0.68407048
123 123 0.56901100
72 72 0.74489483
136 139 0.00057121
136 136 0.62372519
116 117 0.00064619
116 115 0.00313854
116 116 0.96906435
142 141 0.00236332
142 142 0.75217879
13 13 0.55145758
143 143 0.61784547
143 146 0.00263323
91 90 0.05998978
91 91 0.36133268
148 150 0.00757535
148 148 0.69081530
22 22 0.66605119
85 84 0.00556356
85 85 0.78289620
125 125 0.66633413
65 65 0.70776274
65 63 0.00096038
65 64 0.00084191
110 110 0.63597966
67 67 0.63446678
55 55 0.41512887
55 54 0.00380749
55 52 0.05315170
55 53 0.00074864
150 149 0.00053097
150 150 0.30615914
150 151 0.00149795
150 152 0.00488316
14 14 0.65632057
49 48 0.01393932
49 49 0.74911255
49 47 0.01229042
106 106 0.83246441
106 105 0.00098857
60 59 0.00385850
60 57 0.02812808
60 58 0.01459652
60 60 0.57532167
4 3 0.00094504
4 5 0.00157694
4 4 0.47946424
69 69 0.71590993
121 120 0.00080312
121 121 0.41961811
104 106 0.00056432
104 103 0.00133045
104 104 0.62165633
147 149 0.00223500
147 147 0.55051756
118 118 0.90092877
118 117 0.00185674
29 30 0.00478090
29 28 0.01152026
29 29 0.62290703
132 132 0.66724347
12 12 0.20703759
54 52 0.00053500
54 54 0.42716250
54 51 0.00233309
54 53 0.00233562
53 53 0.44004501
53 50 0.04928142
53 51 0.00079159
53 52 0.00102698
95 95 0.83823084
95 94 0.08014841
95 97 0.00053377
37 36 0.00422721
37 37 0.30633208
81 81 0.47292849
81 80 0.00123881
124 124 0.63892012
2 2 0.82303662
3 4 0.00171035
3 3 0.69210832
1 1 0.85291865
45 45 0.73875476
45 43 0.00571282
45 44 0.01863702
73 73 0.82501695
73 72 0.00192533
115 114 0.00335345
115 115 0.94772275
115 116 0.00054374
102 101 0.00117789
102 104 0.00054603
102 102 0.73913226
28 29 0.00362217
28 28 0.64472465
28 27 0.00216058
51 50 0.00700726
51 49 0.01731140
51 48 0.01156936
51 51 0.49378551
15 15 0.55640122
41 40 0.03139545
41 41 0.48058170
42 41 0.04749577
42 42 0.78184240
84 84 0.69370127
84 83 0.00634862
20 20 0.65325252
149 151 0.00490766
149 150 0.00076661
149 149 0.64793556
40 39 0.04272298
40 40 0.43027032
23 23 0.77512401
107 107 0.64194506
107 106 0.00190147
80 80 0.90427939
30 28 0.00057193
30 29 0.13357242
30 31 0.00294565
30 30 0.62471049
90 89 0.05984398
90 90 0.68038375
140 139 0.00404496
140 140 0.70318126
97 99 0.00055868
97 97 0.78777986
97 96 0.07550468
24 24 0.85683324
75 75 0.67488825
48 48 0.82371669
48 46 0.04806889
48 47 0.01341383
21 21 0.77873681
38 38 0.40100107
38 37 0.11556197
145 147 0.00111036
145 145 0.56353739
139 138 0.00333034
139 139 0.73697919
39 38 0.04992094
39 39 0.41746496
46 45 0.02070532
46 44 0.04710617
46 46 0.82905671
17 17 0.44100486
34 31 0.00064528
34 32 0.00305005
34 33 0.23135273
34 34 0.41067333
134 134 0.58252181
50 50 0.49308404
50 48 0.05677793
50 49 0.02175906
50 47 0.00172747
26 26 0.47389378
26 25 0.00097059
94 94 0.79663730
94 93 0.08444754
94 96 0.00051777
94 95 0.00083907
62 62 0.77424408
62 59 0.00466563
62 61 0.01147576
9 9 0.19787035
98 98 0.80842455
98 97 0.04661354
98 100 0.00055751
68 68 0.72101281
43 43 0.76077895
43 42 0.03179807
