41 122 41 122 0.16594411
41 47 41 47 0.00368387
41 125 41 125 0.00284686
63 86 63 86 0.00363392
63 93 63 93 0.09696086
63 92 63 92 0.01415465
93 112 95 112 0.00054357
93 112 96 112 0.00176856
38 119 38 119 0.00167916
38 125 38 125 0.17275422
38 128 38 128 0.01642948
38 45 38 45 0.00306375
69 77 69 77 0.18701821
54 66 54 66 0.01720646
54 91 54 91 0.03701280
54 64 54 64 0.00132427
54 81 59 86 0.00373349
54 81 55 83 0.00080234
54 81 61 84 0.02208970
54 81 60 85 0.00232783
54 81 62 84 0.02658315
54 73 54 73 0.00119329
53 103 53 103 0.00971266
53 67 53 67 0.00498628
53 64 53 64 0.00124181
53 114 53 114 0.01452952
42 124 42 124 0.00230222
42 103 42 103 0.00050013
42 60 42 60 0.00248734
42 121 42 121 0.14014207
42 114 42 114 0.00516089
42 46 42 46 0.00685564
59 97 59 97 0.04268709
59 86 59 86 0.01126766
59 66 59 66 0.03592017
46 53 46 53 0.00423897
46 117 46 117 0.05078467
46 111 46 111 0.06001695
12 25 12 25 0.06416939
12 26 12 26 0.12411125
51 94 51 94 0.03316905
51 56 51 56 0.01288555
51 116 51 116 0.01823047
99 105 101 106 0.00538262
99 105 100 106 0.00212236
99 105 100 107 0.00334304
99 105 99 107 0.00131246
99 104 100 106 0.00742333
99 104 101 106 0.01945316
99 108 99 108 0.17931866
56 62 56 62 0.00823965
56 69 56 69 0.00508125
56 89 56 89 0.01753742
56 79 61 84 0.00878167
56 79 60 85 0.00197274
56 79 57 81 0.00124346
56 79 64 82 0.23487809
56 79 62 84 0.00256178
56 79 65 81 0.00071868
56 63 56 63 0.00713977
8 29 8 29 0.16392851
8 21 10 27 0.00214250
8 21 12 26 0.00322991
8 21 11 27 0.00129190
8 21 9 28 0.07035043
8 21 8 29 0.00197069
66 90 66 90 0.14102889
66 80 66 80 0.13439636
94 111 97 111 0.00197354
94 111 94 111 0.03249358
94 111 94 113 0.00138262
94 111 96 112 0.03788030
94 111 95 112 0.01144036
65 84 65 84 0.00250838
65 91 65 91 0.06003294
65 81 65 81 0.05214148
92 113 92 113 0.01873230
92 112 95 114 0.00772438
45 118 45 118 0.07765237
45 110 45 110 0.00714730
45 100 45 100 0.00246396
73 83 73 83 0.09439038
52 82 52 82 0.00145175
52 115 52 115 0.04576579
52 65 52 65 0.00085701
52 104 52 104 0.01097832
6 30 6 30 0.35574171
75 81 75 81 0.08414358
39 127 39 127 0.01152844
39 49 39 49 0.00712840
39 118 39 118 0.00592767
39 124 39 124 0.24666064
35 129 35 129 0.27046168
11 26 11 26 0.11248160
11 27 11 27 0.08547202
49 96 49 96 0.07862143
49 108 49 108 0.09943305
27 125 28 127 0.00068911
27 125 35 127 0.03611293
27 125 34 128 0.00103081
43 59 43 59 0.00129902
43 102 43 102 0.00085231
58 77 64 82 0.00084242
58 77 65 81 0.00350270
58 67 58 67 0.00962828
58 98 58 98 0.04140477
15 22 15 22 0.02068163
15 20 15 20 0.02529673
15 23 15 23 0.25002904
55 72 55 72 0.00239804
55 80 64 82 0.00075179
55 80 62 84 0.00370662
55 80 60 85 0.00944231
55 80 61 84 0.00261964
55 80 56 82 0.00199412
55 80 59 86 0.00142895
55 65 55 65 0.01001061
55 63 55 63 0.00378762
55 90 55 90 0.02847466
37 46 37 46 0.00185280
37 129 37 129 0.02552452
37 126 37 126 0.15804382
50 117 50 117 0.01558496
50 57 50 57 0.00919251
50 95 50 95 0.03819325
29 123 30 125 0.00123314
10 19 13 25 0.00385560
10 19 14 24 0.00334347
10 19 9 19 0.00122948
10 19 10 27 0.00214526
10 19 11 26 0.06258887
10 19 12 25 0.00195473
10 19 12 26 0.00142533
10 27 10 27 0.20916604
98 108 98 108 0.01737810
98 108 99 107 0.01442745
98 108 100 107 0.03906400
98 104 98 104 0.00366720
98 105 99 107 0.00735457
98 105 100 107 0.01991538
98 105 98 108 0.00055619
7 22 11 27 0.00631220
7 22 9 28 0.00701143
7 22 7 30 0.00411859
7 22 7 29 0.03283755
7 22 8 29 0.11753218
7 29 7 29 0.13730194
7 30 7 30 0.01366354
61 68 61 68 0.00149934
61 74 66 80 0.00416772
61 74 68 78 0.02189669
61 74 67 79 0.00944962
61 74 69 77 0.07462927
61 94 61 94 0.01607087
44 119 44 119 0.09010090
44 111 44 111 0.00750053
44 122 44 122 0.00635336
44 58 44 58 0.00177633
14 24 14 24 0.28552048
48 97 48 97 0.02864246
48 109 48 109 0.07743772
60 95 60 95 0.02768142
60 65 60 65 0.05521608
60 96 60 96 0.08457579
60 69 60 69 0.00423854
60 75 68 78 0.23649002
60 75 61 77 0.00050862
60 75 67 79 0.04552748
60 75 66 80 0.01968287
60 75 65 81 0.00819023
3 33 3 33 0.37813731
95 110 97 111 0.04527339
95 110 96 112 0.00197020
95 110 96 110 0.00127754
95 110 95 112 0.00115926
95 110 95 110 0.04323153
95 109 97 111 0.01205577
84 104 84 104 0.00051463
4 32 4 32 0.24938141
4 25 4 32 0.03682855
64 71 69 77 0.00810952
64 71 71 75 0.04535116
64 71 70 76 0.01273183
64 82 64 82 0.05957252
64 85 64 85 0.00263340
76 80 76 80 0.08661461
57 68 57 68 0.00815251
57 99 57 99 0.06841978
96 109 96 109 0.06387367
96 109 96 110 0.00107268
96 109 97 111 0.00304859
85 103 85 103 0.00053489
68 88 68 88 0.08141004
68 78 68 78 0.09858231
86 102 86 102 0.00105284
67 89 67 89 0.05559121
67 79 67 79 0.11765075
28 124 37 126 0.00287796
91 96 91 96 0.00410549
91 113 91 113 0.00450633
91 113 94 115 0.01730455
5 31 5 31 0.25037467
5 24 6 30 0.00077910
5 24 7 29 0.00126567
5 24 7 30 0.00153406
5 24 5 31 0.20733510
5 24 8 29 0.00052020
30 122 31 124 0.00401108
30 122 39 124 0.00075382
2 34 2 34 0.39361697
100 111 99 108 0.00080393
100 106 100 106 0.08521685
100 106 101 106 0.00181128
100 107 100 107 0.07742441
100 104 101 106 0.00225096
100 104 100 106 0.00097256
90 97 90 97 0.00151833
90 116 90 116 0.00080708
90 99 90 99 0.00123608
90 114 90 114 0.00285721
13 23 13 23 0.00326800
13 25 13 25 0.20024235
72 84 72 84 0.09037541
62 67 62 67 0.00159224
62 73 68 78 0.02030308
62 73 69 77 0.04626809
62 73 67 79 0.00799010
62 73 70 76 0.23482425
62 93 62 93 0.04376937
62 94 62 94 0.02848044
74 82 74 82 0.22826116
9 28 9 28 0.24718554
97 108 98 108 0.00308677
97 108 99 108 0.01363522
97 108 97 108 0.02708628
40 48 47 52 0.00085563
40 48 40 48 0.00246503
40 117 40 117 0.00378286
47 110 47 110 0.07876946
47 116 47 116 0.03971077
47 52 47 52 0.00830596
47 98 47 98 0.01559018
