44 43 0.00700724
44 44 0.60395900
69 69 0.84598100
115 115 0.66418600
115 114 0.01159350
115 112 0.21417300
115 110 0.00487543
126 125 0.72199500
126 126 0.02393660
126 122 0.09446230
126 123 0.00096596
107 103 0.00625653
107 107 0.44147700
107 104 0.09136780
51 51 0.87894300
32 32 0.85878700
147 147 0.16498700
147 148 0.08685020
147 150 0.00149564
55 55 0.96416600
83 81 0.00221367
83 82 0.09412230
83 85 0.00702575
83 84 0.00059962
83 83 0.43957000
83 80 0.07777550
146 147 0.00195877
146 145 0.01143570
146 146 0.33903500
146 149 0.00235364
134 133 0.30981700
134 130 0.00146500
134 134 0.03931030
134 132 0.00165984
134 131 0.00165936
134 137 0.00055204
70 70 0.91602300
96 95 0.14274000
96 97 0.00121667
96 98 0.00471942
96 96 0.56441400
96 93 0.12615400
96 94 0.00160026
78 78 0.92853600
78 76 0.00062196
78 75 0.00194899
78 77 0.00699102
143 142 0.00099098
143 146 0.00056234
143 141 0.00409616
143 144 0.09652600
143 143 0.64359100
36 36 0.82514000
36 35 0.00873455
50 50 0.96383000
91 91 0.51681200
91 88 0.11701800
91 90 0.09235150
91 93 0.00590526
91 89 0.00061662
1 1 0.80520500
13 13 0.95938900
103 102 0.00189509
103 105 0.00079756
103 99 0.00135725
103 100 0.11674500
103 103 0.64288500
125 125 0.02196770
125 124 0.11408700
125 121 0.10858000
125 122 0.00089320
61 61 0.24387200
41 40 0.00839810
41 41 0.69821900
49 49 0.83442200
85 84 0.02696160
85 86 0.00057881
85 83 0.00170608
85 87 0.01116720
85 85 0.60756300
85 82 0.08950020
151 153 0.01985050
151 150 0.00114486
151 152 0.05515060
151 154 0.04435140
151 155 0.02390180
151 156 0.01994090
151 151 0.30908500
151 157 0.48267100
54 54 0.96410300
11 11 0.95905000
66 66 0.99734400
68 68 0.99754000
71 71 0.92864400
7 7 0.88389500
10 10 0.75663400
114 112 0.00059326
114 113 0.00890933
114 109 0.00399879
114 114 0.71469000
114 111 0.16740600
30 30 0.74046600
4 4 0.12352800
3 3 0.83314200
5 5 0.28156100
23 23 0.84821700
87 86 0.14327000
87 84 0.22204600
87 88 0.00094937
87 85 0.00300352
87 87 0.39411800
87 89 0.01241060
28 28 0.62834000
131 131 0.02832480
131 129 0.01104780
131 127 0.04895430
131 134 0.00079966
131 130 0.02156220
131 128 0.00258935
144 144 0.17991400
144 147 0.00346537
144 145 0.00723869
58 58 0.96422600
19 19 0.66239100
93 95 0.01170490
93 91 0.00178684
93 92 0.16573900
93 93 0.54400300
93 94 0.00058187
93 90 0.20445300
42 42 0.63178600
113 110 0.14318100
113 108 0.00173891
113 112 0.00140975
113 113 0.71999900
116 112 0.00392633
116 113 0.21217500
116 115 0.04505930
116 116 0.65790500
116 111 0.00476070
27 27 0.97152100
63 63 0.99631900
108 103 0.00067825
108 104 0.00070922
108 108 0.44229700
108 105 0.13931100
75 75 0.58608000
130 133 0.00082067
130 127 0.00380307
130 128 0.00505368
130 130 0.02794600
130 126 0.00910163
130 129 0.71313800
140 141 0.07621680
140 138 0.01943000
140 139 0.07584550
140 140 0.78195800
117 117 0.44563000
117 114 0.21137700
117 112 0.00307044
117 113 0.00683506
117 116 0.07263690
109 109 0.43599100
109 104 0.00531908
109 106 0.00885058
73 73 0.24382200
8 8 0.99487800
60 60 0.59656300
31 31 0.96400700
106 106 0.02702750
106 103 0.21771000
86 84 0.00196417
86 86 0.60332600
86 83 0.22187500
86 87 0.00142283
86 88 0.01166320
86 85 0.13296300
97 97 0.33156700
97 98 0.00114212
97 95 0.00145464
97 94 0.22058700
97 99 0.00072160
97 96 0.10143400
95 95 0.55719300
95 97 0.00884832
95 92 0.21684900
95 96 0.00088101
95 93 0.00145980
95 94 0.14875600
17 17 0.60369500
74 74 0.59551400
14 14 0.39347400
40 40 0.58234400
40 39 0.01690570
136 139 0.00054109
136 136 0.00588942
136 134 0.00341949
136 135 0.01100500
64 64 0.99632600
142 140 0.00453478
142 142 0.04038950
142 143 0.02230880
142 141 0.00139397
22 22 0.90139100
48 48 0.82934800
111 111 0.43268000
111 108 0.21714800
105 105 0.74809400
105 102 0.21651300
105 101 0.00456294
105 104 0.00068157
132 129 0.00128687
132 131 0.74552000
132 132 0.02712080
132 135 0.00078071
132 128 0.00850916
132 130 0.00356239
25 24 0.00065103
25 25 0.97314400
139 138 0.13765000
139 137 0.02623840
139 140 0.06735080
139 139 0.72222500
139 142 0.00054375
45 45 0.92428500
77 76 0.00386998
77 77 0.95020500
77 74 0.00071427
33 33 0.72569300
82 81 0.08369690
82 80 0.00462339
82 84 0.00694947
82 79 0.11593600
82 82 0.65057800
124 124 0.02129340
124 123 0.20395200
124 121 0.00095579
124 118 0.00116862
124 120 0.21796700
59 59 0.58902300
135 133 0.00161245
135 134 0.01065430
135 131 0.02424590
135 132 0.00107154
135 135 0.04718700
135 138 0.00053602
98 95 0.23706900
98 98 0.65621900
98 97 0.00589287
98 94 0.00056569
110 107 0.21711700
110 105 0.01081990
110 110 0.34743300
39 38 0.00052996
39 39 0.62221500
92 92 0.53883700
92 90 0.00275716
92 89 0.20277900
92 94 0.01251470
92 91 0.17617500
112 112 0.16454800
112 107 0.00175381
112 109 0.16122900
112 111 0.00055988
52 52 0.96393200
99 99 0.58950500
99 96 0.11722800
99 95 0.00052599
99 98 0.02809480
138 141 0.00053723
138 137 0.01310460
138 138 0.49475400
138 139 0.01682620
138 136 0.01029410
24 24 0.97395800
2 2 0.19697800
141 141 0.84449000
141 139 0.01120460
141 142 0.08314110
141 140 0.01463140
15 15 0.61036000
100 103 0.00050307
100 100 0.60931900
100 96 0.00060617
100 99 0.02433210
100 97 0.23289500
29 29 0.76313800
12 11 0.00052314
12 12 0.95910500
53 53 0.96406700
122 119 0.00514817
122 117 0.00068450
122 122 0.02374390
122 121 0.71372100
122 118 0.18049300
148 152 0.00071721
148 149 0.00395717
148 154 0.00077982
148 151 0.00138523
148 148 0.77482300
148 147 0.00574238
9 9 0.84692800
84 81 0.07949400
84 84 0.56550000
84 83 0.10247900
84 86 0.01085820
84 82 0.00180809
84 85 0.00057152
21 21 0.03702080
47 47 0.87301300
65 65 0.64181800
102 99 0.06216680
102 104 0.00075970
102 101 0.00455467
102 98 0.00121151
102 102 0.67286500
101 100 0.02671980
101 101 0.71127900
101 103 0.00068229
101 98 0.23273000
101 97 0.00111850
149 151 0.00339009
149 148 0.00470582
149 155 0.00556483
149 154 0.00370083
149 149 0.04234790
149 152 0.03567410
149 150 0.02538260
149 153 0.00656935
94 94 0.55051600
94 93 0.15531700
94 92 0.00189325
94 96 0.01093830
94 91 0.21199600
94 95 0.00078301
79 77 0.00083733
79 76 0.00410385
79 79 0.82741400
79 78 0.00801637
88 87 0.03949130
88 85 0.05844260
88 88 0.53860200
88 86 0.00115656
88 90 0.01746070
88 89 0.00070963
35 34 0.01961470
35 35 0.95027100
62 62 0.99626000
150 156 0.07217450
150 151 0.09208700
150 155 0.00649277
150 154 0.01348510
150 152 0.01188000
150 150 0.68638600
150 149 0.00191814
150 153 0.05274120
89 86 0.03611310
89 87 0.00061285
89 88 0.02493520
89 89 0.34042700
6 6 0.86982100
104 101 0.16110800
104 103 0.00132933
104 104 0.74571400
104 100 0.00273532
56 56 0.96422300
118 118 0.23467200
118 115 0.20845000
118 117 0.28481600
118 114 0.00919492
118 119 0.00059057
118 113 0.00152382
80 79 0.01450840
80 78 0.00134187
80 80 0.67490600
80 77 0.00607546
38 38 0.90797600
38 37 0.02149580
81 83 0.00226060
81 80 0.07702860
81 79 0.00619038
81 78 0.02621490
81 81 0.56659100
16 16 0.49792400
46 46 0.79857300
90 87 0.21151500
90 90 0.31765500
90 89 0.02497230
18 18 0.97159900
133 129 0.00391253
133 132 0.14043200
133 131 0.08489710
133 130 0.00189530
133 133 0.02118510
133 136 0.00077698
57 57 0.96423000
120 116 0.01168310
120 119 0.65190300
120 120 0.03370200
120 114 0.00166516
120 117 0.14212800
120 115 0.00089138
129 127 0.00234124
129 128 0.72014400
129 125 0.17936700
129 126 0.03135010
129 132 0.00085941
129 129 0.02642490
123 120 0.00236813
123 119 0.18312100
123 117 0.00510895
123 122 0.71991600
123 123 0.02138050
67 67 0.99737100
43 43 0.78986100
43 42 0.00990430
128 131 0.00086927
128 124 0.00801775
128 127 0.54011700
128 128 0.02353710
128 125 0.00682071
26 25 0.00118188
26 26 0.96470300
72 72 0.94151400
76 75 0.00069668
76 76 0.95547600
137 140 0.00054844
137 136 0.37588000
137 138 0.00384217
137 137 0.01285370
137 135 0.09417210
119 118 0.49509300
119 116 0.09220080
119 114 0.00114682
119 115 0.01004000
119 119 0.05138700
119 113 0.00168295
127 127 0.00581813
127 130 0.00088267
127 126 0.04757410
127 124 0.00104954
127 123 0.02597020
34 34 0.87773200
34 33 0.00236865
37 36 0.01510760
37 37 0.90845900
121 115 0.00138115
121 117 0.03627670
121 120 0.70786600
121 121 0.02885930
121 118 0.02786800
145 146 0.00209128
145 144 0.00119851
145 148 0.02827950
145 145 0.05347000
20 20 0.66162000
20 18 0.00067640
