73 73 0.99988700
60 60 0.99994100
8 8 0.99997100
31 31 0.00906962
97 97 0.99998700
106 106 0.99987400
86 86 0.99995300
95 95 0.99998200
130 130 0.92880700
130 129 0.02832980
117 117 0.99759600
117 118 0.00057191
140 140 0.78532600
140 139 0.06158340
109 109 0.99998200
116 117 0.00227033
116 116 0.99745100
27 27 0.99956000
63 63 0.99998600
108 108 0.99997800
75 75 0.99996200
19 19 0.29041400
93 93 0.99976100
42 42 0.84625400
113 113 0.99783200
113 114 0.00190420
82 82 0.99994800
124 124 0.98943200
124 123 0.00587002
59 59 0.99990600
98 98 0.99998400
135 134 0.00731443
135 135 0.92454200
110 110 0.99995900
139 138 0.06169790
139 139 0.92477400
45 45 0.93091400
77 77 0.99993400
33 33 0.29044200
111 111 0.99984500
105 105 0.99994000
132 132 0.91943500
132 131 0.05404610
132 130 0.00417964
25 25 0.99952200
17 17 0.39490400
74 74 0.99995800
14 14 0.99988500
136 136 0.92453000
136 135 0.00280822
40 40 0.95148300
64 64 0.99998600
142 141 0.06128180
142 142 0.92584600
22 22 0.89821000
48 48 0.99977800
78 78 0.99990200
143 142 0.06099760
143 143 0.92619700
36 36 0.99993300
50 50 0.99938000
91 91 0.99972400
1 1 0.99998800
13 13 0.99983500
134 134 0.92295200
134 133 0.02612420
70 70 0.99989300
96 96 0.99998400
32 32 0.99980000
147 146 0.00203397
147 147 0.79006200
55 55 0.95814100
83 83 0.99986500
146 145 0.00208583
146 146 0.93065600
44 44 0.70936800
115 115 0.99720000
115 116 0.00244340
69 69 0.99997200
126 125 0.01126830
126 126 0.98674900
107 107 0.99996200
51 51 0.99935900
5 5 0.99997100
28 28 0.58606800
23 23 0.94630900
87 87 0.99998200
131 131 0.91989000
131 129 0.00054039
131 130 0.06632150
58 58 0.99969500
144 144 0.92622800
144 143 0.06100230
71 71 0.99993600
10 10 0.70934500
7 7 0.99997300
114 115 0.00224623
114 114 0.99751500
30 30 0.99953500
3 3 0.99997300
4 4 0.99998300
49 49 0.99962400
41 41 0.94943300
85 85 0.99983100
151 150 0.00324836
151 151 0.99671700
54 54 0.99945500
11 11 0.84090200
66 66 0.99994900
68 68 0.99998100
103 103 0.99993100
125 124 0.01030930
125 125 0.98788500
61 61 0.99998500
129 128 0.02032400
129 129 0.97059800
123 123 0.99406500
123 122 0.00139142
67 67 0.99995900
81 81 0.99991500
16 16 0.99985000
46 46 0.99989500
90 90 0.99988000
18 18 0.39491400
133 133 0.92241900
133 132 0.01259420
57 57 0.95133900
120 120 0.99955400
56 56 0.94928500
118 118 0.99938100
80 80 0.99971100
38 38 0.99978200
150 150 0.97518900
150 149 0.00815539
89 89 0.99997000
6 6 0.99997000
104 104 0.99994600
121 121 0.99920200
20 20 0.99946200
145 145 0.92614900
145 144 0.06098230
34 34 0.39492000
127 127 0.97991400
127 126 0.01267270
119 119 0.99982300
37 37 0.74516100
26 26 0.99945800
72 72 0.99993600
76 76 0.99996400
137 137 0.92478200
137 136 0.06158970
43 43 0.84091300
128 127 0.01939010
128 128 0.97891700
122 121 0.00071703
122 122 0.99856800
148 148 0.79144400
148 147 0.01880860
9 9 0.93092300
84 84 0.99988200
21 21 0.11025100
15 15 0.74516500
100 100 0.99995400
29 29 0.99940700
12 12 0.88779200
53 53 0.99953700
138 137 0.06166350
138 138 0.92480000
24 24 0.63924800
2 2 0.99997300
141 140 0.06142780
141 141 0.78489500
39 39 0.99987000
92 92 0.99977300
112 112 0.99876300
112 113 0.00104114
99 99 0.99997700
52 52 0.99953300
79 79 0.99970400
88 88 0.99998100
35 35 0.39491200
62 62 0.99998500
94 94 0.99995100
149 148 0.00267855
149 149 0.93317300
101 101 0.99979100
47 47 0.99994300
65 65 0.99996100
102 102 0.99978400
