20 68 20 68 0.69967400
14 72 14 74 0.00401023
15 72 15 74 0.00492583
97 102 97 102 0.88076800
10 76 10 78 0.01647390
10 76 12 76 0.00255363
142 157 142 157 0.14409200
142 155 142 156 0.00081765
89 133 89 132 0.00418387
89 133 88 133 0.00194749
16 72 17 72 0.00072844
16 72 16 73 0.00066756
92 105 92 105 0.44735600
106 117 105 116 0.00183146
106 117 104 117 0.00097340
96 127 96 126 0.00144328
96 126 96 126 0.04950970
13 73 13 75 0.02488410
13 74 13 75 0.00066534
13 74 14 74 0.00355791
9 77 11 77 0.00208199
23 65 23 65 0.33476700
22 66 22 66 0.44521100
88 134 88 133 0.00333615
88 134 87 134 0.00211334
86 136 86 136 0.88280000
21 67 21 67 0.44355600
94 103 93 103 0.00064729
94 103 94 103 0.33744800
94 103 94 102 0.00076696
94 99 94 99 0.00628870
146 151 146 152 0.00532498
151 157 151 157 0.44331000
93 105 93 105 0.06217000
93 104 93 103 0.00063550
95 102 94 102 0.00069487
12 74 14 74 0.00209886
12 74 12 76 0.00962185
141 158 141 158 0.05700130
8 78 8 80 0.00687743
8 78 10 78 0.00169760
4 82 6 82 0.00251262
5 81 7 81 0.00070837
5 81 5 83 0.00659270
6 80 8 80 0.00168072
6 80 6 82 0.01954700
108 115 107 114 0.00192415
108 115 106 115 0.00070007
1 159 1 159 0.12271900
87 135 87 134 0.00721849
107 116 105 116 0.00068410
107 116 106 115 0.00194630
7 79 7 81 0.02457830
2 158 2 158 0.10839000
109 114 108 113 0.00074694
90 131 90 131 0.07172600
90 132 89 132 0.00057377
90 132 90 131 0.00761262
99 106 99 106 0.00400906
145 152 145 153 0.00137591
150 158 150 158 0.03316270
3 83 5 83 0.00195644
3 157 3 157 0.20548800
18 71 18 71 0.12999800
17 72 17 72 0.14746900
144 153 144 154 0.00224988
