145 153 144 153 0.00170636
145 153 145 152 0.00803656
150 158 150 158 0.04350930
90 131 90 131 0.07888460
90 131 90 132 0.00664885
99 106 99 106 0.13086700
2 158 2 158 0.19515800
109 114 109 114 0.73376700
33 52 33 52 0.96223000
36 49 36 49 0.35370700
144 154 144 153 0.01102550
3 157 3 157 0.20676000
28 58 28 58 0.23745000
27 59 27 59 0.31144500
141 158 141 158 0.10010900
95 122 95 122 0.55426200
37 48 37 47 0.05749620
87 134 87 135 0.00654751
1 159 1 159 0.21981900
108 115 108 115 0.90947000
85 137 85 137 0.90334700
96 121 96 121 0.11394600
151 157 151 157 0.43874300
93 105 93 105 0.02641540
140 157 140 157 0.07201540
146 152 146 151 0.01890180
146 152 145 152 0.00170160
94 123 94 123 0.36599900
94 103 94 103 0.29075400
86 136 86 136 0.90562600
88 133 88 134 0.00313970
35 50 35 50 0.62421700
29 57 29 57 0.30854700
101 111 101 111 0.00253833
101 120 101 120 0.04384070
92 105 92 105 0.14364400
100 112 100 112 0.00236822
100 105 100 105 0.17384800
30 56 30 56 0.22435600
32 53 32 53 0.95504500
142 156 142 155 0.00087714
142 157 142 157 0.17670600
89 132 89 133 0.00389099
