28 13 0.97284900
80 65 0.56681900
24 9 0.58565200
32 17 0.63706300
66 51 0.91795000
105 90 0.99998800
13 5 0.00131574
13 2 0.00480773
13 3 0.00715873
13 6 0.00094307
13 1 0.00394270
13 4 0.01197870
61 46 0.37767200
71 56 0.97807000
131 116 0.81280400
11 2 0.00839831
11 5 0.00328037
11 1 0.00477251
11 4 0.02481910
11 6 0.00066593
11 3 0.01248790
12 2 0.00212640
12 5 0.00303517
12 1 0.00343910
12 4 0.00437308
12 3 0.00445627
47 32 0.31035600
45 30 0.38658300
34 19 0.88798900
118 103 0.30133900
46 31 0.30066500
73 58 0.35106500
99 84 0.29317900
112 97 0.99998700
44 29 0.89855700
40 25 0.88690200
74 59 0.36204000
20 6 0.04449830
20 7 0.00057259
20 5 0.75662400
54 39 0.98760700
123 108 0.39452000
7 2 0.00119992
7 4 0.00122734
7 1 0.00403310
7 3 0.00091536
6 2 0.00153005
6 3 0.00229318
6 1 0.00277339
6 4 0.00269487
30 15 0.97282600
137 122 0.93508100
130 115 0.38883700
128 113 0.84500600
111 96 0.33924400
113 98 0.29317900
62 47 0.29112700
101 86 0.33924700
68 53 0.97837600
50 35 0.98312300
129 114 0.49771800
69 54 0.93878700
55 40 0.31009700
35 20 0.85640400
33 18 0.64630100
98 83 0.39492300
23 8 0.51681400
140 125 0.99999100
63 48 0.31858400
124 109 0.33227000
59 44 0.38762200
108 93 0.99998900
110 95 0.39492400
88 73 0.39451900
81 66 0.70244400
52 37 0.98610600
16 2 0.04000680
16 5 0.00619748
16 3 0.00473512
16 6 0.00535189
16 4 0.00322350
16 1 0.37499000
90 75 0.39487600
96 81 0.47919600
85 70 0.28265000
26 11 0.97282500
38 23 0.68380000
29 14 0.97283100
41 26 0.95216600
43 28 0.71816600
39 24 0.88311900
107 92 0.99998600
19 5 0.08078080
19 4 0.64232200
19 6 0.00364347
84 69 0.37879100
109 94 0.39492300
57 42 0.30917300
136 121 0.52168700
9 2 0.01905990
9 4 0.00906205
9 1 0.01233340
9 3 0.01436630
100 85 0.99999200
86 71 0.39185200
126 111 0.28264900
37 22 0.88342900
5 5 0.00231528
5 2 0.00102180
5 3 0.00107299
5 1 0.00295729
5 4 0.00136890
56 41 0.41421400
31 16 0.54246900
36 21 0.85034100
121 106 0.39487800
21 6 0.81595000
21 7 0.00656408
116 101 0.34448000
133 118 0.56693000
14 1 0.00235962
14 4 0.00618189
14 7 0.00052726
14 3 0.00215193
14 2 0.00103204
14 5 0.00233894
114 99 0.39492300
102 87 0.39492300
2 1 0.01319010
2 2 0.21476400
76 61 0.67750000
67 52 0.97923700
78 63 0.48223800
75 60 0.49383200
91 76 0.07087140
94 79 0.40629200
103 88 0.39492400
18 5 0.00531121
18 3 0.58473300
18 4 0.10890900
48 33 0.42369000
1 1 0.38364600
82 67 0.49159300
120 105 0.07087650
53 38 0.98691200
104 89 0.99998800
58 43 0.30360100
106 91 0.99999100
10 4 0.01671050
10 1 0.00862972
10 3 0.02500540
10 2 0.01392760
10 5 0.00223265
97 82 0.29042300
95 80 0.81581400
93 78 0.35079700
60 45 0.91648400
64 49 0.49503900
122 107 0.29030600
139 124 0.87136800
3 3 0.13008400
3 1 0.00576246
3 2 0.00896129
27 12 0.97283100
138 123 0.85073700
127 112 0.37879000
65 50 0.74805400
42 27 0.95212700
117 102 0.44500400
119 104 0.96127700
70 55 0.76924300
72 57 0.43974700
15 5 0.00943662
15 2 0.00223141
15 1 0.07673240
15 4 0.00548801
15 6 0.00158592
15 3 0.00181775
22 7 0.70015300
22 8 0.00075829
8 3 0.00223347
8 4 0.00140608
8 1 0.01049210
8 2 0.00386900
87 72 0.33227000
135 120 0.47929100
83 68 0.46182100
134 119 0.53647400
25 10 0.50922400
125 110 0.39185300
79 64 0.50173400
89 74 0.29030700
77 62 0.48095700
92 77 0.99998600
49 34 0.34374600
17 2 0.36253400
17 5 0.00134277
17 4 0.01368500
17 7 0.00080644
17 3 0.09587200
17 6 0.00128160
115 100 0.29042300
4 4 0.02512650
4 1 0.00275184
4 3 0.00202789
4 2 0.00124252
51 36 0.95471500
132 117 0.83694800
