83 91 83 91 0.13537300
139 148 139 148 0.00413546
149 157 149 157 0.00095142
58 71 60 71 0.00154816
58 71 59 72 0.01814670
44 50 44 50 0.17836900
101 152 101 152 0.00065327
45 50 44 50 0.00061672
62 67 62 67 0.12974600
62 67 63 68 0.00430602
62 67 63 67 0.02358340
137 143 137 143 0.04747260
109 126 109 126 0.00129740
129 151 129 151 0.04214220
129 150 129 150 0.80549200
130 149 130 149 0.54589000
7 83 6 83 0.00075242
82 92 82 92 0.19739900
10 42 8 42 0.00308897
10 42 10 40 0.00080641
10 42 9 41 0.00588218
43 51 43 51 0.17998200
121 159 121 159 0.50013700
59 70 61 70 0.00347085
59 70 60 71 0.00885419
76 117 76 117 0.26544000
138 149 138 149 0.00063923
138 142 138 142 0.05339150
77 116 77 116 0.30594100
11 41 9 41 0.00268576
11 41 11 39 0.00079856
11 41 10 40 0.00353111
124 155 124 155 0.34022100
124 128 124 128 0.01585310
61 68 61 68 0.12837300
61 68 62 68 0.02179860
61 67 63 67 0.00070975
61 67 62 67 0.00317368
61 67 62 68 0.00577594
42 52 42 52 0.17876000
128 151 128 151 0.39961800
128 152 128 152 0.20367000
133 145 133 145 0.03232130
133 144 133 144 0.71267800
133 138 133 138 0.00176868
78 115 78 115 0.21705200
115 121 115 121 0.00572908
100 153 100 153 0.00114465
135 142 135 142 0.69219700
135 146 135 146 0.05011760
127 153 127 153 0.30511500
148 158 148 158 0.00132418
9 43 9 41 0.00080221
9 43 7 43 0.00226899
9 43 8 43 0.00655904
9 43 8 42 0.00189062
8 44 7 44 0.00592781
8 44 7 43 0.00162608
8 82 7 82 0.00123889
93 99 93 99 0.79310600
74 119 74 119 0.30022300
113 122 113 122 0.00531004
12 40 11 39 0.00535497
12 40 10 40 0.00633183
112 123 112 123 0.00484010
56 67 56 67 0.05999620
73 120 73 120 0.39242900
132 146 132 146 0.52246100
132 139 132 139 0.00448642
60 68 62 68 0.00084251
60 68 61 68 0.00486166
60 68 60 69 0.00087486
126 153 126 153 0.28498000
75 118 75 118 0.30446400
131 146 131 146 0.28369200
131 141 131 141 0.00056450
81 93 81 93 0.11600000
136 145 136 145 0.06549980
134 143 134 143 0.52843100
123 156 123 156 0.45457000
123 129 123 129 0.00233974
122 130 122 130 0.00082681
122 157 122 157 0.34330700
57 66 58 67 0.00094381
57 66 57 66 0.09102870
120 160 120 160 0.26841800
