30 87 31 87 0.00089654
30 87 30 88 0.13073200
30 87 28 89 0.00315817
25 92 23 94 0.00319012
25 92 25 92 0.67015000
103 151 103 151 0.51214500
103 151 100 151 0.00073640
116 142 116 142 0.05904410
120 137 120 136 0.00096561
120 137 120 137 0.46191400
120 136 120 136 0.25211500
104 150 104 150 0.51418500
104 150 101 150 0.00059426
125 131 125 131 0.98885700
76 84 77 84 0.01226760
76 84 76 85 0.05718110
76 81 78 83 0.01710130
7 14 5 13 0.00079367
7 14 5 12 0.00172749
7 14 6 12 0.01139710
18 100 17 100 0.00837478
18 100 18 99 0.00064870
18 99 18 99 0.72624100
24 93 24 93 0.56091200
77 83 78 83 0.01206380
77 83 77 84 0.10473600
42 64 42 64 0.12108900
42 64 41 64 0.00148201
42 62 42 62 0.07108920
42 65 41 65 0.00261928
5 16 4 14 0.01112950
5 16 5 14 0.00271820
5 14 5 13 0.00586476
5 14 5 14 0.01659000
5 113 5 113 0.00080273
114 144 114 144 0.01928240
114 141 114 141 0.21427600
44 64 44 64 0.54290900
44 64 43 64 0.00059729
39 67 39 66 0.00055680
39 67 39 67 0.08372720
39 67 38 67 0.00337000
39 66 39 66 0.21839000
74 86 75 86 0.00941374
74 83 76 85 0.02775750
4 16 4 14 0.00480166
4 16 4 15 0.00067592
4 17 4 17 0.15167900
4 17 4 15 0.00220427
4 17 2 16 0.00068652
4 114 4 114 0.00056632
98 153 98 153 0.05938380
123 133 123 133 0.60338900
28 89 28 89 0.66369000
28 89 26 91 0.00319107
16 101 16 101 0.71692200
99 152 99 152 0.08038790
124 132 124 132 0.60347300
145 152 145 152 0.00193008
21 97 19 98 0.00050594
21 97 20 97 0.00272908
21 97 21 97 0.11832200
21 96 21 96 0.43465100
21 96 19 98 0.00251668
112 142 112 142 0.58808100
48 60 48 60 0.52327100
23 94 23 94 0.66194100
23 94 21 96 0.00292830
37 69 37 69 0.25590900
37 69 36 69 0.00172984
37 71 36 71 0.00055161
43 65 43 65 0.14194600
43 61 43 61 0.01725580
43 64 42 64 0.00091404
43 64 43 64 0.03654880
113 141 113 141 0.35072100
2 18 2 16 0.02561470
108 146 105 146 0.00086239
27 90 27 90 0.66836700
27 90 25 92 0.00319112
106 148 106 148 0.46129500
106 148 103 148 0.00080923
35 70 35 72 0.03012280
35 72 35 72 0.91674700
35 72 33 74 0.00060895
107 147 104 147 0.00061340
1 19 1 17 0.01582460
110 144 110 144 0.27490000
29 88 30 88 0.00251739
29 88 27 90 0.00314743
22 95 20 97 0.00315072
46 62 45 62 0.00062111
46 62 46 62 0.49565200
47 61 47 61 0.61735100
100 152 99 152 0.00059056
8 13 6 11 0.01172840
8 13 6 12 0.00074410
40 64 40 64 0.01626050
40 66 39 66 0.00325152
40 66 40 66 0.15781000
40 65 40 65 0.19975100
34 73 32 75 0.00138250
34 73 34 73 0.43407500
34 71 34 73 0.01901390
41 63 41 64 0.00070639
3 18 2 16 0.00188121
3 18 3 18 0.11123300
26 91 24 93 0.00318523
26 91 26 91 0.67007200
33 72 33 74 0.01917240
20 98 18 99 0.00112900
20 98 20 97 0.00142109
20 98 19 98 0.00648255
20 95 18 95 0.00757203
20 95 19 95 0.00425605
20 99 18 99 0.00979564
31 86 31 87 0.05326090
49 59 49 59 0.63487700
109 145 106 145 0.00051111
119 138 119 137 0.00133839
101 151 100 151 0.00068536
6 13 6 11 0.00225116
6 13 6 12 0.00878734
6 15 5 13 0.01547140
6 15 4 13 0.00294668
6 15 4 14 0.00097583
6 15 6 15 0.90198400
115 143 115 143 0.03448460
115 140 115 140 0.39561100
17 101 16 101 0.00791421
75 85 75 86 0.04140030
75 85 76 85 0.00188301
75 82 77 84 0.02965440
121 136 121 136 0.10165500
121 136 121 135 0.00094584
121 135 121 135 0.48872800
51 57 51 57 0.51998000
52 56 52 56 0.60187400
105 149 105 149 0.51432800
105 149 102 149 0.00061173
36 71 36 71 0.33275900
36 69 36 69 0.23448600
36 69 36 71 0.01488850
111 143 111 143 0.56924900
102 152 102 152 0.40521000
32 73 32 75 0.03158430
38 66 38 67 0.00082329
38 68 38 67 0.00118527
38 68 37 68 0.00621988
38 67 38 67 0.58753600
122 135 122 135 0.05793160
122 134 122 134 0.64280300
118 140 118 140 0.25213400
