7 155 5 155 0.25875288
61 112 61 112 0.15618280
61 117 58 117 0.00777382
61 117 58 115 0.00186018
61 117 57 116 0.00962805
61 116 58 115 0.00130343
55 121 52 121 0.00095739
84 96 79 94 0.00074347
84 96 80 95 0.00419266
84 96 80 93 0.00057197
84 96 78 95 0.00109291
84 96 81 93 0.00229081
5 157 3 157 0.12278333
58 115 58 115 0.10090369
83 97 79 96 0.00408936
83 97 79 94 0.00056196
83 97 78 95 0.00052200
114 124 114 124 0.01717923
114 123 114 123 0.01137480
60 118 57 116 0.00110792
60 117 55 117 0.00390929
60 117 57 116 0.00068158
26 44 29 45 0.00593430
30 42 27 40 0.00367397
30 42 31 43 0.09131893
30 42 30 44 0.00131562
30 42 32 42 0.00106977
30 42 28 39 0.02266255
30 40 29 38 0.00139936
30 40 32 40 0.00101143
30 40 28 39 0.01932945
30 40 30 37 0.00215066
65 112 60 112 0.00073210
65 112 61 111 0.00154313
65 112 61 112 0.00058948
65 112 62 111 0.00139449
65 111 60 111 0.00087971
65 111 62 111 0.00290101
87 92 87 92 0.12357675
87 93 84 90 0.00205914
87 93 86 93 0.00649514
87 93 83 92 0.01106947
87 93 87 92 0.00489922
11 152 12 153 0.00250469
11 152 13 152 0.08468601
69 103 69 103 0.17606870
69 107 66 106 0.00141885
69 109 65 107 0.02200047
12 151 13 152 0.00555810
12 151 14 151 0.09250245
8 154 6 154 0.13420971
32 39 30 37 0.04545800
32 38 33 39 0.11383574
32 38 31 36 0.00588957
32 38 34 38 0.00221900
32 38 30 37 0.03912604
32 40 30 37 0.02954732
32 40 32 40 0.12314846
32 40 32 42 0.00093350
32 40 29 38 0.00128821
62 111 62 111 0.28794060
62 116 59 116 0.00272996
62 116 57 116 0.00292533
62 116 58 115 0.01751489
62 116 58 114 0.00562773
57 116 57 116 0.08873129
57 118 52 118 0.00200633
57 118 54 117 0.00146014
57 118 54 118 0.00414655
78 101 73 100 0.00161964
78 101 72 101 0.00125130
78 99 74 99 0.00628942
78 99 74 97 0.07195462
78 99 75 96 0.00236841
78 99 73 98 0.00107974
78 97 78 97 0.05148524
82 95 78 93 0.02271180
82 93 82 93 0.33200634
86 94 80 93 0.00098314
86 94 81 89 0.00057036
86 94 82 93 0.00478566
86 94 85 94 0.00642005
86 94 86 93 0.01620478
86 94 83 91 0.00238038
9 153 7 153 0.08846521
115 123 115 123 0.01714013
29 43 30 44 0.10166791
29 43 27 40 0.03394456
29 43 29 45 0.00123826
29 43 31 43 0.00155202
28 45 29 45 0.01903919
113 124 113 124 0.01468243
68 108 65 107 0.00203795
68 104 68 104 0.63278555
67 105 67 105 0.17670052
67 111 63 110 0.00498506
67 111 63 109 0.03362558
67 111 62 111 0.00280429
85 95 79 94 0.00077370
85 95 85 94 0.00484942
85 95 80 93 0.00080858
59 119 55 117 0.00225780
59 119 55 118 0.00134120
59 118 55 118 0.00062317
59 118 55 117 0.00120880
59 118 54 118 0.00253201
59 117 54 117 0.00101051
59 116 59 116 0.01336580
6 156 4 156 0.23235559
77 100 73 100 0.00340038
77 100 73 98 0.03836905
77 100 72 99 0.00198006
77 100 74 97 0.00238149
70 106 67 105 0.00130872
70 102 70 102 0.22091190
70 107 65 107 0.00502340
70 107 67 105 0.00101721
23 47 26 48 0.00213047
21 50 24 50 0.04065272
56 119 53 118 0.00160156
71 106 68 104 0.00087597
71 106 67 105 0.00106419
71 106 66 106 0.01203872
22 49 25 49 0.02522825
13 150 14 151 0.00202881
13 150 15 150 0.09194865
27 44 30 44 0.01315836
81 94 81 93 0.00058921
81 97 77 95 0.00291255
81 98 76 97 0.00422228
81 98 75 98 0.00164710
81 98 78 95 0.00241711
25 49 25 49 0.00795340
63 110 63 110 0.19010441
63 109 63 109 0.20289727
63 115 58 115 0.00371376
63 114 60 112 0.00051694
63 114 59 112 0.00388762
63 113 60 112 0.00245740
63 113 58 113 0.00146237
63 113 59 112 0.00569780
14 149 15 150 0.00556887
75 102 71 100 0.08017948
75 102 70 102 0.00970629
75 102 70 101 0.00119757
75 102 72 99 0.00230844
79 100 74 99 0.00298098
79 100 73 100 0.00074159
79 96 79 96 0.04797408
76 101 72 101 0.00649741
76 101 72 99 0.07344566
76 101 74 99 0.00052016
76 101 73 98 0.00243118
76 101 71 100 0.00300462
80 97 76 95 0.02111391
80 99 75 98 0.00376186
80 99 74 99 0.00154694
74 103 69 103 0.00988134
74 103 71 100 0.00246036
74 103 70 102 0.00058222
66 106 66 106 0.25079756
66 113 62 111 0.00374478
66 110 63 110 0.00149552
116 122 116 122 0.02888327
24 46 27 47 0.00231662
24 50 24 50 0.01848460
24 47 27 47 0.05731285
88 92 84 91 0.00352169
88 92 87 92 0.00472816
88 93 87 92 0.00052518
73 104 69 103 0.00101726
73 104 70 102 0.00078633
73 104 70 101 0.00172045
73 104 68 104 0.02004974
4 157 3 157 0.00635979
64 108 64 108 0.17970144
64 112 59 112 0.00150018
64 112 60 111 0.00162565
64 112 61 112 0.00234143
31 39 32 40 0.02321845
31 39 30 37 0.00283124
31 39 33 39 0.00173471
31 39 29 38 0.02715935
31 39 31 36 0.00106882
31 41 32 42 0.03530320
31 41 28 39 0.00313090
31 41 31 43 0.00111152
31 41 29 38 0.02555334
31 40 29 38 0.00481823
72 105 67 105 0.01498311
72 105 68 104 0.00111397
72 105 69 103 0.00147104
72 105 69 102 0.00110341
