78 95 76 95 0.00209764
78 95 78 93 0.06462778
78 95 78 95 0.16830217
78 95 80 93 0.00064622
78 97 78 97 0.04703538
78 97 76 95 0.00082213
82 93 82 93 0.31203666
82 93 81 89 0.00880262
82 93 83 91 0.00057760
82 93 86 93 0.00099025
82 87 82 87 0.02418143
82 88 82 88 0.00858172
49 55 49 55 0.05457201
49 58 49 58 0.03481856
49 119 49 119 0.01244947
8 110 8 110 0.02034170
128 146 128 146 0.53579934
32 39 33 39 0.00685749
32 39 32 40 0.00132395
32 39 30 37 0.00752264
12 23 12 23 0.25452067
12 21 12 21 0.01964671
119 155 119 155 0.06285981
119 156 119 156 0.01133567
69 103 69 103 0.30931342
69 102 71 100 0.00205212
69 102 69 102 0.00574112
62 111 62 111 0.30959627
62 111 63 110 0.00735491
62 111 63 109 0.04961083
29 42 30 44 0.00784359
29 42 28 39 0.00306217
29 42 31 43 0.02053985
29 42 27 40 0.00305445
9 24 9 24 0.02053216
9 39 9 39 0.02478143
130 144 130 144 0.39663422
129 145 129 145 0.39662870
131 143 131 143 0.39631534
86 93 86 93 0.00321744
43 62 43 62 0.00251781
43 109 43 109 0.00102051
43 59 43 59 0.02363500
117 154 117 154 0.01661625
118 154 118 154 0.06117002
68 104 68 104 0.51561256
68 104 69 103 0.03927731
67 105 67 105 0.31446738
67 105 68 104 0.02808486
67 105 69 103 0.00232999
36 64 36 64 0.00292180
28 43 29 45 0.00059065
28 43 27 40 0.00491158
28 43 30 44 0.02409133
121 152 121 152 0.45044520
120 153 120 153 0.27381452
6 112 6 112 0.03750200
6 153 7 153 0.00639537
6 16 6 16 0.00050301
6 154 6 154 0.02837192
41 48 41 48 0.02550081
41 111 41 111 0.00187599
70 102 71 100 0.02556025
70 102 70 102 0.32998750
70 99 70 99 0.00121039
70 101 71 100 0.00429029
70 101 72 99 0.00068921
70 101 70 101 0.03345311
77 97 75 96 0.00416995
77 97 77 95 0.00439726
52 117 52 117 0.00570690
52 118 54 117 0.01167458
52 118 54 118 0.01391912
52 118 52 118 0.00779078
52 118 53 118 0.00411654
52 118 53 117 0.00324727
85 94 85 94 0.00130747
122 151 122 151 0.39317619
122 152 122 152 0.00258741
42 110 42 110 0.00220147
48 56 48 56 0.07612578
48 120 48 120 0.00421407
48 59 48 59 0.06946253
37 45 37 45 0.02002622
37 47 37 47 0.04262946
37 63 37 63 0.00444538
39 61 39 61 0.00930182
39 62 39 62 0.00221833
39 114 39 114 0.02769681
39 46 39 46 0.00896769
132 142 132 142 0.36020852
7 111 7 111 0.02193773
7 153 7 153 0.00885570
61 112 61 112 0.21427331
61 112 62 111 0.00144510
61 111 61 111 0.01173638
84 90 84 90 0.04856658
84 90 82 87 0.00606323
84 91 82 88 0.00254221
84 91 82 87 0.00532254
84 91 81 88 0.00092540
84 91 84 91 0.09960601
84 89 82 87 0.00517945
55 117 55 117 0.01505602
55 117 57 116 0.00072834
55 118 55 118 0.00758354
55 113 55 113 0.01202680
5 154 6 154 0.01315979
83 92 82 88 0.00261551
83 92 81 89 0.00866751
83 92 81 88 0.00795511
83 92 85 92 0.00115560
83 92 86 93 0.00056280
83 92 83 92 0.23625385
83 91 83 91 0.01435004
83 91 85 92 0.00089751
83 91 81 88 0.00617847
83 91 81 89 0.00137631
83 91 82 87 0.00198967
83 90 83 90 0.02771428
83 90 85 92 0.00069082
83 90 81 88 0.00475562
83 90 82 87 0.00089509
58 113 59 112 0.00177220
58 113 58 113 0.01612068
58 113 60 112 0.00051223
58 115 58 115 0.07664411
33 39 30 37 0.00163523
33 39 33 39 0.02627054
33 38 33 39 0.00051802
33 38 34 38 0.04374877
87 92 87 92 0.03028322
34 38 34 38 0.04631422
60 112 62 111 0.00105895
60 112 61 112 0.00080951
60 112 61 111 0.00211911
60 112 60 112 0.02166322
26 30 31 36 0.00210676
1 14 1 11 0.00097054
17 155 17 155 0.00169528
17 26 17 26 0.00186840
53 118 53 118 0.01071177
53 117 53 117 0.00625164
53 115 53 115 0.00588768
53 60 53 60 0.00495810
18 154 18 154 0.00113512
18 25 18 25 0.00205885
74 101 72 99 0.00274354
74 101 74 101 0.00219316
74 99 73 98 0.01989515
74 99 74 97 0.06126945
74 99 74 99 0.16666388
74 99 72 99 0.00426294
74 95 74 95 0.00151887
74 97 74 97 0.03330021
74 97 75 96 0.00177983
66 106 68 104 0.00152365
66 106 66 106 0.39958889
66 106 67 105 0.03536978
54 115 54 115 0.00318508
54 117 54 117 0.01105237
54 117 55 117 0.00364258
54 118 55 117 0.00315532
54 118 55 118 0.00162776
54 118 54 118 0.01068518
2 13 2 10 0.00121450
2 157 3 157 0.00909735
40 49 40 49 0.02563893
40 113 40 113 0.01081482
40 61 40 61 0.00663363
40 60 40 60 0.01771471
3 115 3 115 0.01883877
3 114 4 114 0.00055761
3 9 3 9 0.01579717
3 10 3 10 0.00948750
3 157 3 157 0.03689668
3 14 3 14 0.00091184
3 156 4 156 0.04160780
123 150 123 150 0.31390596
4 155 5 155 0.05997421
4 156 4 156 0.06257761
4 13 4 13 0.00159538
64 108 64 108 0.29495125
64 108 65 107 0.02207276
31 40 29 38 0.00190259
31 40 30 37 0.00111908
31 40 32 42 0.00156331
31 40 32 40 0.07904986
72 101 71 100 0.02800806
72 101 72 101 0.15826044
72 101 72 99 0.05782518
72 99 73 98 0.00302768
72 99 72 99 0.03749966
72 97 72 97 0.00154004
19 24 19 24 0.00179868
133 140 133 140 0.01145221
133 141 133 141 0.30468018
24 33 29 38 0.01636935
24 32 32 42 0.00149382
24 32 30 37 0.00638547
24 32 29 38 0.00452668
73 100 72 99 0.03123057
73 100 71 100 0.00435647
73 100 73 98 0.02267967
73 100 73 100 0.16597010
73 98 73 98 0.03047047
73 98 74 97 0.00418405
73 96 73 96 0.00174988
127 147 127 147 0.31816138
35 65 35 65 0.00221440
47 60 47 60 0.03389701
47 121 47 121 0.00180365
47 57 47 57 0.02627993
38 44 38 44 0.06158950
38 115 38 115 0.00730772
38 46 38 46 0.02484989
38 62 38 62 0.00462112
23 34 28 39 0.01761254
23 33 29 38 0.00478957
23 33 31 43 0.00404930
23 33 28 39 0.00356881
13 20 13 20 0.02920811
13 22 13 22 0.05119818
13 21 13 21 0.04946167
81 88 81 88 0.02208064
81 88 81 89 0.00082219
81 88 85 92 0.00143492
10 38 10 38 0.02357973
10 24 10 24 0.05733435
71 100 72 99 0.00630502
71 100 71 100 0.06028864
71 98 71 98 0.00213143
63 109 64 108 0.00809310
63 109 63 109 0.15165967
63 110 63 110 0.19245523
63 110 64 108 0.07612162
15 28 15 28 0.00411341
15 19 15 19 0.22771506
15 157 15 157 0.00556543
14 21 14 21 0.03281043
14 20 14 20 0.07979884
16 156 16 156 0.00190618
16 27 16 27 0.00161390
25 31 30 37 0.00571770
25 31 31 36 0.00410265
135 139 135 139 0.28337600
80 95 78 93 0.00427633
80 95 80 95 0.06921127
80 93 78 93 0.00770422
80 93 80 93 0.18505754
80 93 79 92 0.00404030
79 94 79 92 0.06202569
79 94 79 94 0.16545674
79 94 78 93 0.00243795
79 96 77 95 0.00804708
79 96 79 96 0.05625568
126 148 126 148 0.26046840
75 94 75 94 0.00140641
75 100 75 100 0.00196230
75 100 73 98 0.00069063
75 82 75 82 0.00108183
75 98 74 97 0.03280434
75 98 73 98 0.00168412
75 98 75 98 0.29954638
75 98 75 96 0.02279288
75 96 76 95 0.00062297
75 96 75 96 0.04053125
76 97 76 97 0.16606373
76 97 76 95 0.01719319
76 97 75 96 0.01764237
76 97 74 97 0.00331849
76 95 76 95 0.03754248
76 93 76 93 0.00155801
76 99 74 97 0.00143016
76 99 76 99 0.00269268
