47 149 47 148 0.00327093
47 149 46 149 0.00050236
20 36 20 35 0.00139220
20 36 20 36 0.26789200
50 146 50 145 0.00294387
5 11 5 9 0.00071408
5 11 4 10 0.00065825
18 38 18 38 0.96030200
77 88 77 86 0.00056470
3 13 2 12 0.00059985
118 123 118 123 0.43378600
54 66 53 66 0.00282094
106 122 106 122 0.10130700
140 148 140 148 0.15283400
4 12 4 10 0.00217676
51 145 50 145 0.00290375
117 124 117 124 0.10873300
24 28 24 29 0.00052130
1 15 1 13 0.00309047
105 123 105 123 0.10240200
2 7 2 7 0.74713300
2 14 2 12 0.00204611
2 14 1 13 0.00055065
19 37 19 37 0.37373900
141 147 141 147 0.16007200
74 91 74 89 0.00069510
101 127 101 127 0.77561900
17 39 17 39 0.26856400
103 125 103 125 0.57953300
104 124 104 124 0.12066800
