101 127 101 127 0.95529500
101 127 101 126 0.00081160
52 63 52 63 0.05353940
52 67 52 67 0.15299700
52 68 51 68 0.00198226
52 68 52 67 0.00100239
52 57 51 57 0.00132260
74 89 74 89 0.50527500
141 148 141 148 0.03030340
141 147 141 147 0.27169600
65 99 65 100 0.00059412
65 135 65 136 0.00066487
76 87 76 87 0.24450500
11 17 11 16 0.00056539
11 16 10 16 0.00196564
11 16 11 16 0.80910600
64 136 64 137 0.00051822
68 96 68 96 0.32454200
27 33 28 33 0.00289338
27 39 26 39 0.00620261
27 39 27 38 0.00223372
25 33 24 32 0.01947440
25 33 24 33 0.00269599
142 147 142 147 0.05354530
67 130 67 129 0.00380951
67 130 66 130 0.00067303
67 133 67 133 0.26086300
67 74 67 74 0.14432600
8 19 8 19 0.19360600
8 20 8 19 0.00100974
8 20 7 20 0.00136911
104 124 104 124 0.47495800
104 124 105 123 0.00116301
103 125 103 125 0.88769100
103 125 104 124 0.00116410
28 39 27 38 0.01316870
10 57 10 57 0.00109114
10 18 9 18 0.00275635
24 32 24 31 0.01004630
24 32 24 33 0.00099512
24 32 24 32 0.07962160
24 30 24 31 0.00058593
24 30 24 29 0.00295186
24 30 24 30 0.03486580
24 34 24 33 0.00900506
24 34 23 34 0.00270064
24 31 24 30 0.00426996
24 31 24 31 0.07756040
24 31 24 32 0.00058381
66 131 66 130 0.00241842
66 75 66 75 0.05088910
131 138 130 138 0.00094479
105 123 106 122 0.00114709
105 123 105 123 0.58862600
112 117 111 117 0.00780205
9 18 9 18 0.90101500
9 19 9 18 0.00115870
9 19 8 19 0.00106485
4 62 4 62 0.09068240
4 23 4 23 0.46808100
4 52 4 51 0.00080376
4 52 4 52 0.07218340
117 124 117 124 0.01078560
51 56 51 57 0.00083726
51 58 50 58 0.00266039
51 69 50 69 0.00148343
51 69 51 68 0.00118652
51 64 50 64 0.00076043
116 125 116 125 0.00161099
7 20 7 20 0.39764800
107 122 107 121 0.00372568
110 119 110 118 0.00425499
110 119 109 119 0.00680302
109 120 109 119 0.00863552
2 64 2 64 0.47905200
2 25 2 25 0.35194300
30 37 28 37 0.00070013
56 63 56 63 0.21613500
36 41 35 41 0.00399965
29 38 27 38 0.00070397
29 38 28 37 0.01473710
3 63 3 63 0.06634890
3 24 3 24 0.12329700
102 126 103 125 0.00116653
102 126 101 126 0.00248465
100 128 101 127 0.00112013
70 94 70 94 0.23383600
53 67 53 66 0.00141682
53 67 52 67 0.00489993
140 148 140 148 0.28149300
106 122 106 122 0.58123600
106 122 107 121 0.00096717
54 67 53 66 0.00098243
23 33 23 34 0.00267533
58 63 57 62 0.00231470
111 118 111 117 0.00394006
111 118 110 118 0.01437220
26 41 25 41 0.00313026
57 64 56 63 0.00226614
57 62 57 62 0.23904800
41 48 41 48 0.06387080
50 70 50 69 0.00101666
50 70 49 70 0.00118329
50 57 50 58 0.00078496
77 86 77 86 0.49947200
