15 37 12 32 0.00053449
15 37 11 31 0.00080814
15 37 17 32 0.00068910
15 57 11 48 0.01760800
15 57 9 48 0.00184029
15 21 10 16 0.00341101
15 21 16 21 0.02172000
15 21 15 21 0.00098694
71 152 62 140 0.05820770
71 152 64 140 0.00657977
76 150 70 138 0.00050223
76 150 67 138 0.05526330
76 151 69 139 0.00122654
76 149 69 137 0.00131760
76 149 67 137 0.24280400
76 147 67 137 0.05079180
76 147 67 135 0.07814790
76 147 70 135 0.00185549
76 147 68 136 0.00221454
104 121 96 115 0.06910790
104 121 100 113 0.01030810
104 121 99 114 0.03581030
104 121 98 115 0.86594200
74 149 65 139 0.02189640
74 149 67 137 0.00207734
74 151 65 139 0.78285700
74 150 65 139 0.00101153
74 150 67 138 0.00076600
18 27 14 23 0.78052900
18 27 16 25 0.00532693
18 27 16 21 0.00137410
18 27 16 22 0.00055558
18 52 12 45 0.01105970
91 133 80 127 0.00076687
91 133 84 125 0.00624375
91 133 85 123 0.00736001
91 133 81 126 0.02323410
91 133 87 124 0.00497453
91 133 82 125 0.19052900
91 136 87 124 0.00169327
24 46 18 39 0.01102620
3 149 3 137 0.01410410
3 68 3 61 0.00263612
3 146 3 135 0.00082677
3 146 3 134 0.00897490
82 140 72 133 0.00085168
82 140 73 132 0.02560790
82 140 73 133 0.01164860
82 141 73 134 0.00203642
82 141 73 132 0.06216420
82 141 73 133 0.00934873
82 141 78 129 0.00541926
82 141 77 130 0.00250883
82 141 72 134 0.00082691
82 148 74 136 0.00598750
9 75 8 66 0.02590540
9 75 9 69 0.00066305
9 23 8 18 0.00125047
9 23 9 17 0.00237886
9 20 9 17 0.04172950
9 20 8 18 0.00259180
9 62 10 53 0.00707904
9 62 6 53 0.00351746
9 77 6 68 0.00168170
27 71 21 62 0.02396840
27 44 23 35 0.00064278
56 63 50 57 0.00096723
56 63 49 56 0.00466688
56 63 49 57 0.00078204
10 74 10 68 0.00134723
10 74 9 65 0.02296300
10 22 9 17 0.00068903
10 22 10 16 0.00100531
10 21 8 18 0.00157298
10 21 9 17 0.00102629
10 19 10 16 0.03852480
10 19 9 17 0.00260564
10 76 7 67 0.00157879
10 63 9 54 0.07571310
96 131 91 120 0.00123452
96 131 90 121 0.01515660
96 131 92 119 0.00483535
96 131 87 124 0.00103142
96 131 89 122 0.06101090
96 131 89 123 0.00852384
96 129 89 122 0.02080890
96 129 87 122 0.00613906
96 129 90 121 0.00346561
96 129 91 120 0.00116872
96 128 92 119 0.01622420
96 128 91 120 0.01389720
96 128 87 122 0.07604290
22 49 16 42 0.01106880
38 59 32 50 0.03025740
107 118 102 111 0.03415890
107 118 101 112 0.88222800
107 118 103 110 0.01690040
14 22 15 22 0.02063380
14 58 8 49 0.00051574
14 38 10 32 0.00358346
90 137 82 125 0.00351857
90 133 82 125 0.35836400
90 133 81 126 0.01544050
90 136 82 125 0.01974960
90 136 81 126 0.00396835
84 139 75 132 0.01013390
84 139 76 131 0.09967350
84 139 79 128 0.00260683
84 139 77 130 0.00137419
84 139 80 127 0.01047550
84 142 76 131 0.38534700
84 142 75 132 0.05033440
84 142 77 130 0.07320200
84 146 76 134 0.00543629
26 72 20 63 0.02117210
13 19 10 16 0.00166560
13 39 9 33 0.00127546
13 21 9 17 0.00058967
13 21 10 16 0.00159029
13 22 13 22 0.00073176
13 57 11 48 0.00343591
13 57 9 48 0.40009500
36 59 32 50 0.00271848
102 123 96 117 0.29383500
102 123 96 116 0.00424038
102 123 96 115 0.00058042
102 123 97 116 0.02242920
102 123 94 117 0.53225600
102 123 95 117 0.02542980
102 123 95 116 0.01303040
102 123 98 115 0.01566540
102 125 96 117 0.00311454
102 125 98 115 0.00054265
102 125 97 116 0.00114708
147 153 135 141 0.00363455
5 68 3 61 0.00523114
5 68 5 59 0.85748200
5 149 4 137 0.00263572
5 146 5 136 0.00060908
5 75 5 69 0.00137437
80 87 72 79 0.00103420
80 144 73 132 0.01883120
80 144 75 132 0.00452825
80 144 71 136 0.00146212
80 144 72 133 0.23617400
80 144 72 134 0.08551070
75 148 68 136 0.00305730
75 148 67 137 0.00192956
75 148 66 139 0.00061602
75 148 66 138 0.05566090
47 53 38 44 0.04598370
81 149 73 137 0.00396590
81 149 72 137 0.00850808
81 143 71 136 0.00083214
81 143 76 131 0.00339303
81 143 73 132 0.26663500
81 143 73 133 0.07993120
81 143 72 133 0.03513380
81 143 72 134 0.00852049
81 146 72 134 0.01029630
81 146 73 134 0.00342370
99 125 92 119 0.00105085
99 125 94 117 0.00084671
99 125 93 118 0.00054421
99 126 94 117 0.00741733
99 126 95 117 0.00936994
99 126 95 116 0.00208490
99 126 93 118 0.04563700
99 126 92 119 0.11550000
99 126 91 120 0.78805300
39 56 39 50 0.00183861
39 56 35 47 0.00101687
39 59 32 50 0.00430268
77 148 68 136 0.28301900
77 148 71 136 0.00076297
92 132 85 124 0.01325150
92 132 85 123 0.06750070
92 132 85 122 0.00434488
92 132 84 125 0.08492120
92 132 81 126 0.00109534
92 132 87 124 0.00903878
92 132 82 125 0.01767110
48 52 39 43 0.21779400
86 137 82 125 0.00914564
86 137 79 128 0.00198038
86 137 78 129 0.06931000
86 137 81 126 0.00254849
86 137 77 130 0.00652415
86 138 75 132 0.00099300
86 138 78 129 0.22518600
86 138 76 131 0.01321590
86 138 79 128 0.04761160
86 138 77 130 0.19205500
86 140 78 129 0.08292710
86 140 79 128 0.02237980
86 140 77 130 0.04028530
86 141 78 129 0.00247169
86 141 77 130 0.00066381
8 76 7 67 0.00444015
8 65 6 58 0.00617624
8 65 4 56 0.01162100
8 63 9 54 0.02195140
8 22 8 18 0.00140789
8 21 8 18 0.03745330
98 129 94 117 0.00158392
98 129 93 118 0.00106583
98 129 92 119 0.00516419
98 129 90 121 0.05667300
98 129 91 120 0.01540370
98 127 94 117 0.00191400
98 127 93 118 0.00765450
98 127 90 121 0.33128100
98 127 92 119 0.04005050
98 127 91 120 0.09909170
6 67 4 60 0.00250741
6 67 6 58 0.33113700
30 67 30 61 0.00063084
46 54 37 45 0.02595790
46 53 38 44 0.00411648
46 50 39 43 0.00240614
55 64 49 58 0.00060883
55 64 48 58 0.00102837
55 64 48 57 0.00480678
89 135 81 126 0.27469600
89 135 79 128 0.02087400
89 135 78 129 0.00105188
89 135 82 125 0.07187860
89 135 80 127 0.22263300
89 135 85 124 0.00068115
89 135 85 123 0.00455749
89 136 85 124 0.00078877
89 136 80 127 0.00174336
89 136 82 125 0.00060631
89 136 81 126 0.00369933
89 138 81 126 0.00245551
89 137 82 125 0.00233471
89 137 81 126 0.01395920
89 137 80 127 0.00357603
37 55 28 46 0.00222517
37 59 32 50 0.35059300
37 59 37 53 0.00069221
16 33 14 28 0.00172961
16 33 16 33 0.00074991
16 33 12 28 0.04937110
16 54 10 47 0.00330078
28 70 22 61 0.06477810
28 43 22 36 0.01063730
94 133 87 124 0.00108089
94 133 89 122 0.00185084
94 133 86 121 0.00062151
94 133 90 121 0.00569426
94 130 86 121 0.03399860
94 130 89 122 0.01352850
94 130 87 122 0.00136080
94 130 85 122 0.01915170
94 130 85 124 0.07906830
94 130 85 123 0.03499310
94 130 90 121 0.01588980
11 23 9 17 0.00117545
11 23 8 18 0.00083697
11 23 12 23 0.00800754
11 62 10 53 0.01667070
11 20 9 17 0.00471616
11 20 10 16 0.00066403
11 59 9 50 0.01858410
11 59 7 50 0.39073300
11 75 8 66 0.00579667
11 73 10 64 0.00453515
11 73 11 67 0.00132863
72 151 63 139 0.02883050
72 151 65 139 0.00746035
57 62 51 56 0.00128137
2 146 2 135 0.00132608
2 149 2 139 0.00417552
109 116 104 109 0.03562500
109 116 103 110 0.93667600
42 54 37 45 0.50017000
42 54 35 47 0.00090425
42 54 36 46 0.00170005
42 53 42 47 0.00067764
31 66 31 60 0.00199289
31 66 25 57 0.06577410
31 39 25 32 0.00379177
4 67 4 60 0.00076091
4 69 4 60 0.34948300
4 69 2 62 0.00191496
4 144 4 133 0.00059118
4 150 4 138 0.00799258
4 150 3 138 0.00156507
4 145 4 134 0.00062958
4 145 4 133 0.00163962
78 146 70 134 0.00456873
78 146 70 135 0.00449761
78 146 72 134 0.00322889
78 146 69 134 0.30924700
78 146 69 137 0.00066735
78 149 70 137 0.00067962
78 149 69 137 0.01629270
105 120 101 112 0.01499180
105 120 99 114 0.92609300
105 120 100 113 0.02216040
19 26 15 21 0.00327369
19 26 15 22 0.79429600
19 26 17 24 0.00237788
19 75 15 66 0.00064631
79 145 73 133 0.00607877
79 145 72 133 0.02155200
79 145 70 133 0.38926600
79 145 70 135 0.05322140
79 145 70 134 0.03950390
17 32 13 25 0.00160940
17 32 13 27 0.67323200
17 32 15 27 0.01100930
17 53 11 46 0.01075250
21 28 15 22 0.00144788
21 28 18 23 0.01123060
21 28 17 24 0.00060273
21 28 16 22 0.00050181
21 50 15 43 0.01118420
34 63 29 53 0.00083529
34 63 28 54 0.04001820
34 63 34 57 0.00205279
34 40 28 33 0.00064561
25 73 19 64 0.01108160
101 123 96 116 0.00077169
101 123 95 116 0.00139440
101 123 95 117 0.01532800
101 123 94 117 0.02246720
101 126 96 117 0.00062571
101 126 93 118 0.00051136
101 126 97 116 0.00057626
101 125 96 117 0.00061388
101 125 97 116 0.00598104
101 125 93 118 0.00441668
101 125 95 117 0.00224820
33 41 25 32 0.00066122
33 60 28 51 0.01612250
33 38 28 33 0.06533370
33 38 26 31 0.01269860
83 142 75 132 0.05201870
83 142 77 130 0.00095984
83 147 75 135 0.00553949
83 147 74 136 0.00051703
83 143 75 132 0.06935140
83 143 76 131 0.04424070
83 139 73 132 0.00066721
87 136 80 127 0.00135616
87 136 78 129 0.00195122
87 136 79 128 0.10937400
87 136 82 125 0.00195771
87 140 79 128 0.00342037
87 137 78 129 0.15781900
87 137 76 131 0.00105073
87 137 79 128 0.43760000
87 137 77 130 0.01874920
87 137 80 127 0.05125480
87 138 80 127 0.00051535
87 138 79 128 0.00810574
87 138 78 129 0.00153071
41 56 35 47 0.01229800
41 55 35 47 0.00133160
41 55 36 46 0.93583700
41 54 37 45 0.00056921
41 54 41 48 0.00207731
85 138 81 126 0.01030730
85 138 76 131 0.01122760
85 138 78 129 0.00110116
85 138 80 127 0.00155343
85 138 77 130 0.11498600
85 141 77 130 0.39610900
85 141 76 131 0.10911500
85 141 78 129 0.03745970
85 141 75 132 0.00094492
85 140 77 130 0.07401900
85 140 75 132 0.00058823
85 140 76 131 0.06975340
85 140 78 129 0.00086108
12 19 10 16 0.01183760
12 58 8 49 0.39444400
12 22 8 18 0.00052830
12 22 13 22 0.00363801
12 22 10 16 0.00132545
12 72 11 63 0.00360772
12 74 9 65 0.00515644
23 47 17 40 0.01091620
35 62 29 53 0.01662200
35 62 35 56 0.00053414
43 55 36 46 0.01917310
43 53 38 44 0.66730400
43 53 37 45 0.00143141
43 53 36 46 0.00191088
1 72 1 63 0.15863400
29 68 23 59 0.06601780
40 55 40 49 0.00181354
40 55 36 46 0.00090152
40 56 35 47 0.92197700
100 125 93 118 0.11404100
100 125 95 117 0.00130218
100 125 95 116 0.00301618
100 125 94 117 0.02936580
100 125 96 116 0.00517207
100 125 96 117 0.00114253
100 125 92 119 0.77881500
100 126 92 119 0.00458199
100 126 96 117 0.00188729
103 122 96 115 0.00208708
103 122 96 116 0.01157900
103 122 99 114 0.01672400
103 122 98 115 0.03282560
103 122 95 116 0.25453500
103 122 97 116 0.58553200
103 124 98 115 0.00071554
103 124 97 116 0.00417787
20 51 14 44 0.01115430
20 25 18 23 0.00947763
20 25 16 21 0.43314900
20 29 14 23 0.00122392
20 29 17 24 0.00823585
88 136 78 129 0.01537740
88 136 79 128 0.21221500
88 136 81 126 0.07329090
88 136 80 127 0.33360000
88 136 84 125 0.00054225
88 136 77 130 0.00106039
88 137 79 128 0.00206462
88 137 81 126 0.00099317
88 137 80 127 0.00295969
88 137 84 125 0.00147541
88 138 81 126 0.00278240
88 138 79 128 0.00396741
88 138 80 127 0.00819141
97 130 93 118 0.00332147
97 130 89 122 0.17055900
97 130 89 123 0.00960493
97 130 91 120 0.01653270
97 130 92 119 0.00177315
97 130 90 121 0.05425520
73 152 64 140 0.23335300
95 132 89 122 0.01451930
95 132 87 124 0.11138900
95 132 87 122 0.00148404
95 132 90 121 0.00094184
95 132 91 120 0.00508327
95 129 86 121 0.00237235
95 129 87 122 0.16162500
95 129 85 123 0.00459008
95 129 85 122 0.00054431
95 129 90 121 0.00908079
95 129 91 120 0.01616310
93 131 86 121 0.00236151
93 131 89 122 0.01416390
93 131 82 125 0.00066406
93 131 84 125 0.01118310
93 131 85 123 0.34567900
93 131 85 124 0.14496100
93 131 85 122 0.05196150
93 134 85 122 0.00156352
93 134 85 123 0.01287450
93 134 85 124 0.00178413
93 134 84 125 0.00081520
93 134 87 124 0.00674796
93 134 89 122 0.00696610
44 51 39 43 0.00124180
44 52 39 43 0.32955900
44 52 38 44 0.00155156
44 52 37 45 0.00209332
108 117 102 111 0.93442000
108 117 104 109 0.01677050
108 117 103 110 0.03411150
7 64 8 55 0.00720960
7 66 5 59 0.00633614
7 66 4 60 0.00053067
7 66 3 57 0.01135580
32 38 28 33 0.00089950
32 38 26 31 0.00523003
32 65 32 59 0.00126407
32 39 25 32 0.01048960
32 61 26 52 0.01475510
106 119 100 113 0.93671100
106 119 102 111 0.01687420
106 119 101 112 0.03626150
45 53 38 44 0.00352644
45 54 37 45 0.00212871
