137 144 128 135 0.30864700
137 150 128 141 0.00518357
32 43 27 38 0.01138620
32 42 27 38 0.00227768
32 42 29 36 0.05349080
32 39 30 35 0.09561600
32 39 29 36 0.17695100
32 38 30 35 0.06551590
2 149 2 140 0.07837320
20 51 18 48 0.00163754
20 51 19 47 0.06896230
20 51 20 45 0.26605800
16 54 17 48 0.00087466
16 54 16 48 0.22864500
16 54 16 50 0.01029530
16 54 15 49 0.00616014
28 43 25 40 0.01358380
28 43 27 38 0.04904850
28 43 26 39 0.02896340
28 41 27 38 0.08323970
28 41 29 36 0.01475520
29 44 27 38 0.00621436
29 44 26 39 0.03068270
30 44 26 39 0.18513300
30 44 25 40 0.00087000
30 44 27 38 0.15420400
136 145 127 136 0.89077600
23 47 23 42 0.54137700
23 47 24 41 0.04445360
23 47 21 44 0.00301708
23 47 22 43 0.13773700
81 89 76 81 0.00188781
81 89 73 81 0.05467290
81 89 75 82 0.15392700
81 89 74 83 0.00072175
25 44 24 41 0.19246000
25 44 25 40 0.09190710
25 44 26 39 0.02031980
33 42 29 36 0.00592573
33 41 30 35 0.11522300
33 41 29 36 0.18387000
33 38 30 35 0.25461900
147 153 138 144 0.06088650
80 90 75 82 0.00238394
80 90 73 81 0.00096638
80 90 74 83 0.65580700
80 90 72 82 0.05392650
80 87 75 82 0.08935870
14 58 15 51 0.00075218
79 91 73 84 0.43608500
79 91 71 83 0.05864080
79 91 72 82 0.00702973
79 91 72 84 0.08794440
79 91 74 83 0.00257672
79 88 73 81 0.00138099
79 88 74 83 0.08638270
21 50 20 45 0.01148140
21 50 19 47 0.00117242
21 50 21 44 0.23861300
21 49 21 44 0.18685100
21 49 22 43 0.02809800
21 49 20 45 0.09780290
17 53 18 47 0.00183806
17 53 17 48 0.08731530
17 53 17 47 0.23230000
17 53 16 48 0.00208704
34 40 29 36 0.00236558
34 40 30 35 0.23323600
34 41 30 35 0.02141470
34 41 29 36 0.06476530
26 43 27 38 0.01122780
26 43 25 40 0.11618300
26 43 26 39 0.07398700
24 46 22 43 0.00322819
24 46 24 41 0.51667700
24 46 23 42 0.07447800
24 46 25 40 0.02339470
78 89 72 82 0.00108935
78 89 72 84 0.00641605
78 89 71 83 0.00055229
78 89 73 84 0.03385860
27 44 26 39 0.15018800
27 44 27 38 0.00322965
27 44 24 41 0.01771450
27 44 25 40 0.01315180
10 148 10 139 0.06688340
22 48 21 44 0.06444680
22 48 22 43 0.41586400
22 48 23 42 0.03912780
22 48 20 45 0.00267930
22 49 22 43 0.26541300
22 49 21 44 0.00331119
138 149 129 140 0.00685935
138 143 129 134 0.56609000
15 57 16 50 0.00137794
15 57 15 51 0.05874850
31 43 26 39 0.00151971
31 43 27 38 0.10240000
31 40 30 35 0.01568150
31 40 29 36 0.09520430
31 39 30 35 0.00632674
31 39 29 36 0.07864730
18 52 17 47 0.00642926
18 52 17 48 0.05533230
18 52 18 47 0.21616700
18 52 18 48 0.01649050
