83 92 83 92 0.65765203
136 148 136 148 0.26615231
78 97 78 97 0.38474633
69 107 69 107 0.05972109
76 99 76 99 0.48732440
73 102 73 102 0.33144530
138 146 138 146 0.52810171
134 150 134 150 0.51992688
84 91 84 91 0.38347379
85 89 85 89 0.01590450
68 108 68 108 0.17584676
135 149 135 149 0.33066750
82 93 82 93 0.68093706
71 104 71 104 0.23582067
139 145 139 145 0.29781979
72 103 72 103 0.52590322
77 98 77 98 0.70511936
75 100 75 100 0.51505178
63 111 63 111 0.02504877
63 113 63 113 0.06467380
137 147 137 147 0.26618988
64 112 64 112 0.06792353
80 95 80 95 0.56489371
80 96 80 96 0.01246387
