13 144 11 144 0.01004803
13 42 11 42 0.00106830
13 44 12 44 0.00562187
103 109 103 109 0.06261067
103 116 100 113 0.03069894
105 114 102 111 0.04840449
23 32 22 32 0.07953567
23 29 23 29 0.16898867
102 110 102 111 0.01925537
102 117 99 114 0.07197921
98 114 98 115 0.01661223
98 114 99 114 0.14397767
101 111 101 112 0.01950897
101 111 102 111 0.29534667
101 118 98 115 0.06300630
100 119 97 116 0.04170484
12 45 11 45 0.00336733
22 33 21 33 0.10869867
22 33 22 32 0.00064215
22 145 22 145 0.02153023
42 60 42 60 0.04600367
18 37 17 37 0.05958933
61 67 61 67 0.02801977
61 68 61 68 0.01972360
90 121 90 122 0.01114700
41 61 41 61 0.02579197
8 21 7 21 0.00123995
8 18 8 17 0.04550972
8 18 8 19 0.00074847
8 14 7 13 0.00294809
10 45 11 45 0.00121138
5 23 5 23 0.01721972
5 24 4 24 0.00269648
5 149 4 149 0.00811558
5 149 5 149 0.31667840
20 35 19 35 0.12017933
20 35 20 34 0.00095499
20 147 20 147 0.01671037
19 36 18 36 0.09617567
19 36 19 35 0.00078178
94 118 95 118 0.11847133
94 118 94 119 0.01882923
43 59 43 59 0.03420833
15 142 13 142 0.00791411
16 141 14 141 0.00526219
106 112 103 109 0.00394240
11 47 9 47 0.00066100
11 146 9 146 0.00884984
11 44 12 44 0.00254712
7 19 8 19 0.00062458
7 22 6 22 0.00104297
7 21 7 21 0.01525238
7 147 8 147 0.00156728
7 15 6 14 0.00062386
14 143 12 143 0.01353445
14 41 12 41 0.00100483
24 29 23 29 0.08059967
24 29 23 28 0.00191306
24 29 24 29 0.06634500
97 115 98 115 0.15939467
97 115 97 116 0.01897040
4 150 3 150 0.00389555
4 150 4 150 0.06695531
99 113 99 114 0.01661617
99 113 100 113 0.30570867
9 17 8 17 0.00213326
9 17 10 17 0.00553156
9 17 9 16 0.08816435
62 67 62 67 0.01936517
96 116 97 116 0.29869200
6 22 6 22 0.02231429
6 23 5 23 0.00707613
6 148 5 148 0.00732196
60 68 60 68 0.03596137
92 120 93 120 0.28774033
21 146 21 146 0.01357983
21 34 20 34 0.11815900
21 34 21 33 0.00153849
93 119 93 120 0.01879483
93 119 94 119 0.15359833
