57 57 0.97381200
70 70 0.55244600
123 123 0.99905800
96 96 0.99676800
96 95 0.00224839
127 126 0.00207272
127 127 0.99609400
89 89 0.99886800
132 131 0.00110496
132 132 0.99783900
65 65 0.13081100
34 34 0.13086000
24 23 0.00201514
24 24 0.99313300
77 77 0.16252300
124 124 0.99787900
16 16 0.98819600
16 17 0.00299495
112 112 0.99939500
73 73 0.99576800
145 145 0.99942300
141 141 0.99928400
105 105 0.99921900
114 114 0.99926300
36 36 0.02118860
155 155 0.99982500
143 143 0.99931400
139 139 0.99908200
33 33 0.99958100
154 154 0.99959100
67 67 0.99957900
69 69 0.27224500
83 83 0.99636300
157 157 0.07626500
56 56 0.42141300
3 3 0.99977400
129 129 0.99793700
129 128 0.00079173
113 113 0.99939100
29 29 0.55243200
137 137 0.99916600
147 147 0.99950200
134 134 0.99834100
134 133 0.00063901
46 46 0.41911600
20 20 0.99561200
138 138 0.99915600
23 24 0.00054812
23 22 0.00184381
23 23 0.99300000
93 93 0.99900400
38 38 0.99673500
131 130 0.00089736
131 131 0.99772200
10 10 0.99825900
79 79 0.99191000
44 44 0.98079400
47 47 0.41953300
159 159 0.04402770
91 91 0.99941300
75 75 0.99591700
14 15 0.00344185
14 14 0.98870500
14 12 0.00520004
60 61 0.00107301
60 59 0.00060980
60 60 0.97335600
146 146 0.99942400
66 66 0.99946500
125 126 0.00051018
125 124 0.00087810
125 125 0.99688300
13 13 0.98888500
13 11 0.00133809
13 14 0.00322542
28 28 0.99541800
136 136 0.99919400
92 92 0.99935800
40 40 0.97271200
9 9 0.99888300
18 18 0.16190700
120 120 0.99912900
108 108 0.99901400
98 98 0.99838100
98 97 0.00077447
64 64 0.13009700
104 104 0.99936000
102 102 0.99926600
160 160 0.99993100
62 62 0.02151290
4 4 0.99958700
101 101 0.99923100
121 121 0.99915700
128 128 0.99697900
128 127 0.00142335
117 117 0.99924600
133 133 0.99781900
133 132 0.00109634
8 8 0.99896800
122 122 0.99916700
25 24 0.00075287
25 25 0.99491300
111 111 0.99938800
156 156 0.23940800
55 55 0.01128670
11 11 0.99739600
84 84 0.04307390
37 37 0.02151750
80 80 0.99208500
42 42 0.11070700
45 45 0.01128660
54 54 0.41911800
106 106 0.99920300
49 49 0.99745500
74 74 0.99574600
68 68 0.52630100
26 26 0.99511100
26 25 0.00056041
85 85 0.62809700
90 90 0.99930600
100 100 0.99894700
119 119 0.99935400
151 151 0.99976500
116 116 0.99914500
88 88 0.99885300
149 149 0.99960200
7 7 0.99901300
61 61 0.99518600
61 60 0.00336866
52 52 0.99787000
12 13 0.00115618
12 12 0.99211300
12 10 0.00073828
6 6 0.99905100
94 94 0.99692500
63 63 0.02117980
95 94 0.00226228
95 95 0.99672200
118 118 0.99936700
35 35 0.13011900
39 39 0.98104900
39 38 0.00299023
130 130 0.99776500
130 129 0.00073676
2 2 0.99981400
87 87 0.23845200
110 110 0.99937100
142 142 0.99937100
21 21 0.99540100
144 144 0.99940200
140 140 0.99908700
51 51 0.99745700
53 53 0.41953500
153 153 0.99927800
1 1 0.99981100
31 31 0.52628000
59 59 0.11058500
115 115 0.99923200
107 107 0.99913500
150 150 0.99970200
58 58 0.73400700
72 72 0.99562900
43 43 0.18150100
158 158 0.62903900
82 82 0.99236300
148 148 0.99960500
15 15 0.98800000
15 13 0.00391108
15 16 0.00323711
99 99 0.99865500
99 98 0.00056943
19 19 0.90652800
30 30 0.27225200
152 152 0.99927500
78 78 0.99189600
86 86 0.07532880
126 126 0.99609200
126 127 0.00057259
126 125 0.00150248
76 76 0.90669500
109 109 0.99914600
50 50 0.99751000
41 41 0.97274300
135 135 0.99908300
71 71 0.99567600
97 96 0.00097026
97 97 0.99812500
27 26 0.00059896
27 27 0.99505400
103 103 0.99931800
5 5 0.99916600
48 48 0.99786700
17 18 0.00052401
17 17 0.98820100
32 32 0.99950200
81 81 0.99195100
22 22 0.99378300
