130 131 0.00657938
130 130 0.00355978
130 126 0.00072255
130 125 0.00106423
130 133 0.52901301
130 132 0.08924935
12 9 0.00170258
12 12 0.79451340
12 11 0.00932402
12 13 0.00533029
29 29 0.82115322
29 28 0.00114262
80 77 0.04568650
80 80 0.54258385
61 57 0.00081493
61 58 0.00106712
61 62 0.01601459
61 59 0.09540159
61 60 0.06338212
61 61 0.60510583
66 63 0.00281007
66 65 0.01221984
66 67 0.00747693
66 66 0.79698694
66 64 0.11403137
66 62 0.00077653
47 44 0.02010990
47 46 0.00055217
47 43 0.00077226
47 47 0.64117709
117 113 0.00103897
117 119 0.01362331
117 116 0.00372927
117 112 0.03777992
117 117 0.11612680
117 114 0.00935554
117 120 0.28869367
117 118 0.00220897
78 77 0.00100598
78 78 0.71746691
78 75 0.00275978
51 51 0.62043850
51 48 0.06999701
13 10 0.00168890
13 12 0.00941532
13 14 0.00284135
13 13 0.74385658
34 31 0.00174250
34 34 0.85397550
34 33 0.00191352
34 30 0.00751531
33 29 0.00525620
33 33 0.89863068
33 30 0.00389138
88 90 0.00051390
88 88 0.69477692
88 83 0.05785197
88 84 0.03583047
88 85 0.01267432
40 39 0.05662052
40 40 0.63787023
96 92 0.02060255
96 98 0.00297131
96 99 0.04972726
96 97 0.00898681
96 95 0.00182637
96 91 0.09691265
96 96 0.62293200
96 93 0.01910594
126 126 0.01943233
126 121 0.00528977
126 129 0.54321993
126 127 0.01673226
126 128 0.02081007
24 21 0.00088106
24 24 0.66659044
24 20 0.00057826
68 68 0.70128577
68 64 0.00082128
68 66 0.06634451
68 67 0.00808577
68 69 0.00245682
68 65 0.02527365
22 19 0.00420253
22 22 0.71661876
143 147 0.00122935
143 144 0.00224207
143 145 0.06814194
143 146 0.66720730
143 143 0.00245140
46 42 0.00065149
46 46 0.62087269
46 43 0.00522098
46 45 0.00148609
15 12 0.00250359
15 14 0.00412944
15 15 0.57812517
60 59 0.06453172
60 61 0.01414410
60 60 0.49935275
60 57 0.00269590
60 58 0.04909608
59 55 0.00054222
59 58 0.07043403
59 56 0.00128905
59 57 0.05059057
59 60 0.01320825
59 59 0.54091035
109 104 0.10443692
109 113 0.00057923
109 111 0.03027285
109 108 0.00541550
109 109 0.17862508
109 110 0.11917953
109 112 0.16623934
134 136 0.20418733
134 138 0.00054634
134 135 0.00213217
134 134 0.00361188
134 137 0.57337817
150 150 0.00184613
150 154 0.00057597
150 151 0.00050750
150 152 0.00563522
150 153 0.84999284
98 97 0.00156430
98 95 0.02535713
98 101 0.02088040
98 99 0.00550197
98 98 0.48327324
98 93 0.10363492
98 100 0.00343319
85 80 0.00122526
85 82 0.03730313
85 81 0.00213628
85 85 0.71411307
70 70 0.70288141
70 69 0.00645396
70 71 0.00052170
70 67 0.02560765
70 66 0.00050267
70 68 0.00193827
132 134 0.12827553
132 127 0.00056530
132 133 0.00434977
132 132 0.00276883
132 135 0.48631387
18 18 0.62931643
18 17 0.00076507
18 15 0.00200747
131 131 0.00280930
131 126 0.00082128
131 132 0.00568171
131 133 0.10223432
131 127 0.00060605
131 134 0.56523325
93 93 0.67121525
93 94 0.00138082
93 96 0.00839389
93 90 0.03372195
93 88 0.08338558
93 89 0.03744863
123 122 0.00063688
123 119 0.00227177
123 124 0.01402384
123 121 0.02322506
123 123 0.04278443
123 125 0.03333069
123 118 0.01894820
123 126 0.68880749
123 120 0.00415423
10 11 0.01578352
10 7 0.00136461
10 9 0.00333662
10 10 0.86071813
10 4 0.00050555
8 7 0.00742346
8 5 0.00065405
8 10 0.00112297
8 8 0.71411601
8 9 0.01611875
153 156 0.75327610
152 156 0.00299255
152 154 0.00057781
152 155 0.73454670
38 38 0.63321499
38 37 0.06557285
100 101 0.00302727
100 95 0.07310155
100 97 0.00503694
100 99 0.00164217
100 102 0.00198114
100 103 0.01150370
100 100 0.46332399
19 19 0.81003950
19 20 0.00062609
19 16 0.00225598
19 18 0.00919100
114 116 0.03908154
114 113 0.01455803
114 111 0.00174958
114 117 0.45380915
114 109 0.14865947
114 114 0.17223555
114 110 0.00072901
114 115 0.02337148
82 82 0.57221055
82 79 0.10646553
58 58 0.63723029
58 57 0.01562370
58 56 0.03588447
58 55 0.00378171
58 59 0.01030151
142 142 0.00239062
142 144 0.07076382
142 146 0.00107541
142 143 0.00223679
142 145 0.57406149
52 52 0.61981435
52 49 0.01150579
144 145 0.00225213
144 146 0.06392427
144 147 0.59721710
144 148 0.00092767
144 144 0.00230738
116 115 0.00983141
116 110 0.00129421
116 114 0.00103240
116 117 0.01518345
116 111 0.01207190
116 118 0.02751305
116 113 0.00481394
116 116 0.20457124
116 119 0.48212994
11 10 0.00907559
11 8 0.00197079
11 12 0.00758623
11 5 0.00066856
11 11 0.86838753
74 71 0.00305688
74 73 0.00403729
74 74 0.79754098
146 146 0.00356983
146 149 0.88793329
146 150 0.00159466
146 148 0.07412830
146 147 0.00315388
16 13 0.00248632
16 16 0.65506862
16 15 0.00301621
151 153 0.00122901
151 154 0.74845764
151 155 0.00053328
124 122 0.00281005
124 119 0.00399503
124 127 0.71452582
124 124 0.03476276
124 125 0.01865679
124 121 0.00062513
124 123 0.00071579
124 120 0.00178757
124 126 0.03228444
86 81 0.00315178
86 83 0.03654906
86 82 0.04397273
86 86 0.62155948
141 143 0.11958227
141 141 0.00290695
141 145 0.00147040
141 144 0.51187853
141 142 0.00144766
145 148 0.66705382
145 147 0.06827330
145 146 0.00263618
145 145 0.00237248
106 106 0.51374824
106 101 0.00158470
106 107 0.02921704
106 105 0.00876319
106 108 0.01067245
106 109 0.07366643
81 81 0.53800513
81 78 0.00168039
147 151 0.00181663
147 150 0.86533133
147 149 0.06608252
147 147 0.00381798
147 148 0.00288782
101 100 0.00273436
101 103 0.00485798
101 96 0.01820875
101 104 0.02346314
101 102 0.00677849
101 98 0.01113578
101 101 0.47066624
101 97 0.00133097
128 128 0.00919030
128 123 0.00145649
128 130 0.02476298
128 131 0.58591386
128 129 0.01615915
128 124 0.00083416
105 104 0.00104491
105 106 0.00378828
105 105 0.43741189
105 107 0.00305396
105 100 0.03990276
105 108 0.00987261
99 99 0.47963633
99 102 0.02128536
99 98 0.00238872
99 101 0.00347469
99 100 0.00701262
99 94 0.07525455
99 96 0.00097619
113 113 0.11278248
113 116 0.31104697
113 112 0.00767338
113 115 0.03117261
113 114 0.01727174
113 108 0.00062147
65 62 0.00112493
65 64 0.01043012
65 61 0.00083630
65 66 0.01134975
65 63 0.13308765
65 65 0.75931969
104 103 0.00355298
104 99 0.00262835
104 104 0.68495166
104 106 0.00645000
104 105 0.01005796
104 107 0.02939977
32 28 0.00332847
32 32 0.92721039
32 29 0.00543530
49 46 0.01100265
49 49 0.57967951
73 73 0.79972941
73 70 0.15580501
73 72 0.00343350
75 75 0.64629123
75 74 0.00328983
75 72 0.04572103
121 121 0.11311275
121 123 0.00955156
121 118 0.02612003
121 124 0.36819639
121 117 0.00126219
121 119 0.01375015
121 116 0.01782588
121 122 0.00477552
103 102 0.00433133
103 98 0.14353025
103 104 0.01319699
103 106 0.03427739
103 105 0.00710225
103 103 0.61077954
4 3 0.01032879
4 4 0.69261289
4 2 0.00118277
4 6 0.00170822
4 5 0.02946578
14 15 0.00124982
14 14 0.68735085
14 13 0.00856113
48 48 0.62569002
48 45 0.02326724
148 151 0.72307296
148 152 0.00354268
148 148 0.00374030
148 149 0.00290413
148 150 0.06337101
69 67 0.00761341
69 65 0.00074086
69 69 0.71828629
69 70 0.00112584
69 68 0.00764157
69 66 0.08301519
28 29 0.00061770
28 27 0.00058077
28 28 0.68816179
25 22 0.00284542
25 26 0.00056911
25 25 0.62227488
89 84 0.06625666
89 85 0.00304689
89 89 0.67837913
89 90 0.00054723
89 86 0.00091252
67 65 0.12587792
67 63 0.00088959
67 67 0.70507442
67 66 0.01174670
67 64 0.01236458
67 68 0.00373183
55 55 0.55152562
55 54 0.00107824
55 56 0.00311008
55 52 0.00605143
55 53 0.00096008
7 8 0.03219737
7 9 0.00197789
7 6 0.00752089
7 4 0.00113043
7 7 0.70750630
137 140 0.66820129
137 137 0.00371426
137 138 0.00092860
137 141 0.00148021
137 139 0.22788825
120 117 0.03029328
120 115 0.01915257
120 118 0.00536943
120 123 0.38671088
120 121 0.00441403
120 120 0.11472777
120 122 0.00716229
120 116 0.00184284
120 119 0.00067780
6 7 0.03254392
6 8 0.00246422
6 5 0.00723518
6 6 0.60629291
6 4 0.00195307
6 3 0.00054826
2 1 0.00365465
2 3 0.00535611
2 2 0.65078092
87 89 0.00050316
87 83 0.00108625
87 84 0.03655335
87 87 0.71122116
87 82 0.01712687
118 115 0.01856551
118 117 0.00278305
118 114 0.00265588
118 120 0.01387980
118 121 0.38293661
118 118 0.10120128
118 113 0.05740964
118 119 0.01118408
118 116 0.00074186
129 124 0.00129913
129 129 0.00613654
129 125 0.00081390
129 130 0.01738894
129 131 0.03481774
129 132 0.52604241
112 114 0.03126783
112 111 0.01048004
112 112 0.17513954
112 115 0.34806253
112 118 0.00051396
112 113 0.02981088
112 107 0.10410279
110 105 0.02755427
110 116 0.00053035
110 113 0.15113306
110 109 0.00848271
110 111 0.14214876
110 115 0.00078724
110 112 0.04838296
110 110 0.15430628
115 118 0.39616974
115 115 0.20328653
115 112 0.00255774
115 110 0.04680935
115 114 0.01359779
115 117 0.03597745
115 116 0.01728298
139 139 0.00309549
139 141 0.19573836
139 143 0.00257192
139 142 0.62702176
139 140 0.00164912
135 136 0.00137180
135 138 0.65864438
135 139 0.00089095
135 135 0.00295803
135 137 0.20000606
35 32 0.00164426
35 34 0.00337253
35 31 0.00831196
35 35 0.84882212
50 47 0.03038553
50 50 0.69544186
72 72 0.60970433
72 71 0.00400570
72 69 0.00124792
140 141 0.00150485
140 143 0.49705188
140 144 0.00258731
140 140 0.00290818
140 142 0.16153864
53 53 0.61198571
53 50 0.02216900
53 51 0.00089978
53 54 0.00080739
133 137 0.00052190
133 133 0.00355952
133 134 0.00403985
133 135 0.17671988
133 136 0.55480844
76 76 0.63649152
76 73 0.15669878
76 75 0.00170220
71 71 0.61970231
71 70 0.00700432
71 67 0.00058395
71 68 0.10513282
84 80 0.02945409
84 81 0.01490207
84 79 0.03344512
84 84 0.79498301
5 5 0.56582396
5 6 0.03020667
5 4 0.00960605
5 3 0.00196170
5 7 0.00253463
26 25 0.01285922
26 27 0.00088688
26 26 0.78942956
138 140 0.19445343
138 142 0.00212168
138 138 0.00298103
138 141 0.67178454
138 139 0.00082945
62 58 0.00068180
62 63 0.01292437
62 62 0.60297344
62 60 0.08332710
62 61 0.07537668
62 59 0.00052982
17 16 0.00144660
17 17 0.66111871
17 14 0.00239444
136 138 0.19286175
136 136 0.00273504
136 139 0.53911459
136 140 0.00102701
136 137 0.00087938
91 92 0.00129871
91 88 0.03565136
91 91 0.72356177
91 86 0.07852372
91 87 0.03730017
91 94 0.00144116
90 85 0.00319079
90 87 0.03774569
90 93 0.00129531
90 86 0.03707696
90 90 0.82121200
90 91 0.00102837
20 17 0.00256526
20 20 0.73410522
20 19 0.00600915
3 1 0.00080462
3 2 0.00686883
3 5 0.00061628
3 3 0.68212819
3 4 0.00812607
23 23 0.65618208
23 20 0.00399120
23 22 0.00443023
95 92 0.02041454
95 98 0.04783912
95 97 0.00157202
95 95 0.66806293
95 90 0.07944248
95 91 0.02431539
95 94 0.00102331
95 96 0.00954181
127 123 0.00097209
127 130 0.71804907
127 129 0.02226569
127 127 0.01580369
127 128 0.01591002
127 122 0.00187482
119 122 0.36870075
119 119 0.11433918
119 116 0.02797302
119 117 0.00201889
119 114 0.01438337
119 115 0.00376400
119 121 0.00804690
119 118 0.00134205
119 120 0.00503221
44 44 0.75753168
44 41 0.01727047
44 43 0.01874161
102 97 0.06542751
102 101 0.00695034
102 105 0.05402505
102 98 0.00115115
102 102 0.52006893
102 104 0.01206606
102 96 0.00061119
102 103 0.02122341
30 30 0.72839231
92 87 0.08035416
92 93 0.00145247
92 95 0.00255876
92 92 0.72919218
92 89 0.03474535
92 88 0.03637405
149 153 0.00371233
149 152 0.84086835
149 151 0.03308450
149 149 0.00341129
149 150 0.00232354
41 41 0.65371608
41 40 0.09067135
41 38 0.00290745
122 120 0.01862046
122 123 0.01065981
122 118 0.00109683
122 125 0.52848766
122 124 0.02605371
122 117 0.01779153
122 119 0.00663156
122 122 0.04701053
54 54 0.62210214
54 55 0.00300762
54 52 0.00137152
54 51 0.02095071
39 39 0.44112641
39 38 0.05750597
125 128 0.59519758
125 127 0.03301514
125 120 0.00865474
125 126 0.02114114
125 125 0.03564717
125 123 0.00081723
125 124 0.00069438
9 11 0.00091971
9 6 0.00101370
9 8 0.00300525
9 9 0.80628614
9 10 0.02502495
42 38 0.00364009
42 39 0.00101163
42 42 0.70957231
42 40 0.00064660
42 41 0.08741780
94 91 0.00068092
94 90 0.02765073
94 96 0.00075359
94 94 0.54398339
94 89 0.07014250
94 95 0.00440442
94 97 0.03217351
43 42 0.06130248
43 43 0.67940174
43 40 0.00195827
111 111 0.17082002
111 114 0.24918313
111 112 0.06399831
111 110 0.00844300
111 116 0.00058132
111 106 0.00177076
111 113 0.03255322
108 103 0.09850928
108 112 0.00111037
108 110 0.01470415
108 111 0.15740308
108 109 0.11775291
108 108 0.22639838
108 107 0.00329549
64 63 0.01606339
64 65 0.01026014
64 64 0.60208796
64 60 0.00052468
64 61 0.00054305
64 62 0.09112157
1 2 0.00788045
1 1 0.75354138
97 98 0.00369145
97 92 0.00294782
97 99 0.00162006
97 97 0.47768951
97 100 0.02131182
97 94 0.02677526
97 93 0.00178579
97 96 0.00102269
107 106 0.00879070
107 107 0.65059559
107 102 0.00307127
107 110 0.09358753
107 109 0.01142503
107 108 0.04621177
107 111 0.00074570
56 53 0.01671786
56 56 0.61031325
56 57 0.00436534
56 54 0.00993553
56 55 0.00186318
31 31 0.72279724
57 56 0.00318968
57 57 0.68801953
57 58 0.00790204
57 54 0.00480804
57 55 0.02345908
27 24 0.00053328
27 26 0.00257087
27 28 0.00055697
27 27 0.75218491
79 76 0.00158110
79 79 0.48330646
36 32 0.00701081
36 33 0.00231164
36 36 0.81651100
36 35 0.01260764
83 83 0.71901011
83 79 0.01606320
83 78 0.00090627
83 80 0.04186765
63 63 0.47786885
63 62 0.07047874
63 61 0.02680914
63 64 0.01052510
21 20 0.00238171
21 21 0.68189398
21 18 0.00241860
77 74 0.15083277
77 76 0.00124281
77 77 0.69434395
45 45 0.46510255
45 44 0.00617737
45 41 0.00165297
37 34 0.00257529
37 37 0.79277191
37 33 0.00505556
37 36 0.05926065
