40 40 0.80197143
78 78 0.42480776
78 75 0.00842226
78 77 0.00415746
89 88 0.00868934
89 85 0.00118788
89 91 0.00051016
89 86 0.02496751
89 89 0.66469699
89 90 0.00256182
154 154 0.87678790
147 147 0.61068753
27 27 0.99135261
121 120 0.11398551
121 121 0.36583880
121 123 0.00569440
121 122 0.01856377
121 119 0.03859320
121 118 0.00537272
101 101 0.87275196
101 105 0.00074940
101 103 0.03741480
101 98 0.00604906
101 99 0.01299918
101 102 0.00781942
101 104 0.00218786
101 100 0.01568920
51 51 0.88659664
79 79 0.58978118
79 76 0.01434215
79 78 0.00695082
48 48 0.55825495
122 122 0.67124251
122 119 0.00469761
122 120 0.03876937
122 121 0.11669252
122 124 0.00508255
122 123 0.01437617
69 69 0.98878164
142 141 0.00081908
142 142 0.65992078
142 140 0.00052784
53 53 0.66987278
120 122 0.00580707
120 119 0.10071362
120 118 0.03920804
120 117 0.00551170
120 121 0.04724647
120 120 0.44070095
105 103 0.00934800
105 108 0.00454267
105 105 0.35007946
105 102 0.01687003
105 106 0.02098558
105 107 0.03765051
105 109 0.00248595
105 104 0.02515204
34 34 0.26898481
19 18 0.01503650
19 20 0.02585312
19 19 0.42439434
19 17 0.00054750
104 104 0.48737864
104 107 0.00548427
104 102 0.00850836
104 106 0.02205018
104 108 0.00089866
104 105 0.02315470
104 101 0.00928730
104 103 0.02032692
4 4 0.42344630
4 5 0.00050824
107 104 0.00848312
107 109 0.03351383
107 106 0.01751066
107 110 0.00900795
107 107 0.45343883
107 105 0.01001361
107 108 0.03258986
75 72 0.00919801
75 74 0.00201057
75 75 0.57749095
110 114 0.00201421
110 108 0.01200207
110 113 0.00268819
110 109 0.02877493
110 107 0.00290411
110 110 0.42409483
110 111 0.08816397
110 112 0.00622675
6 6 0.39765262
6 7 0.00184699
11 10 0.00560229
11 9 0.00093667
11 12 0.14135629
11 11 0.80659976
123 125 0.00286825
123 122 0.02677448
123 121 0.03937609
123 120 0.00407400
123 123 0.73341132
123 124 0.01250950
143 142 0.00078457
143 143 0.84943533
13 14 0.10190628
13 11 0.00194237
13 12 0.00502469
13 13 0.60078953
146 146 0.65878774
37 37 0.65047672
17 17 0.38648385
17 15 0.00145875
17 18 0.02556629
17 16 0.00639856
156 156 0.85200809
109 107 0.01450454
109 110 0.08193231
109 112 0.00747529
109 111 0.00854920
109 106 0.01404388
109 109 0.79301244
109 108 0.02656593
30 30 0.99112002
21 20 0.01305255
21 21 0.64754948
21 22 0.00803462
58 58 0.59646494
73 73 0.64296154
73 70 0.00839573
57 57 0.89766224
74 71 0.00702915
74 74 0.55461398
92 92 0.68169214
92 91 0.00143023
92 94 0.00050314
92 93 0.00092242
92 89 0.00714514
92 90 0.00080593
32 32 0.17302203
133 132 0.12477898
133 134 0.00325211
133 133 0.78363350
133 131 0.03653177
138 137 0.01247304
138 138 0.77687122
138 139 0.00099890
138 136 0.00179143
93 91 0.00109986
93 92 0.00338971
93 94 0.00134339
93 93 0.79617707
93 90 0.01408498
81 80 0.00765302
81 78 0.01594295
81 81 0.91008236
81 77 0.00051337
18 16 0.00122044
18 18 0.41691644
18 19 0.02335101
18 17 0.01192432
68 68 0.99142846
68 67 0.00104763
54 54 0.58300968
77 77 0.58446667
77 74 0.01176040
77 76 0.00466691
36 36 0.76777373
115 114 0.05050026
115 115 0.29303404
115 116 0.07365077
115 117 0.00760630
115 113 0.06099916
115 118 0.00055844
115 112 0.00482541
94 93 0.00646995
94 96 0.00128227
94 95 0.00126689
94 91 0.02047529
94 92 0.00346648
94 94 0.78890863
15 17 0.00057785
15 15 0.61097323
15 16 0.01198193
15 14 0.00088859
49 49 0.91973550
5 5 0.34728687
5 6 0.00824129
88 85 0.02509378
88 88 0.71571768
88 87 0.00786828
88 90 0.00062701
88 89 0.00263683
88 84 0.00118480
90 86 0.00103012
90 87 0.02036244
90 89 0.00704483
90 90 0.38621736
90 91 0.00096479
134 134 0.55201986
134 135 0.00414497
134 132 0.02628619
134 133 0.09177577
71 71 0.98809497
71 68 0.00521488
84 85 0.00137900
84 83 0.00246642
84 81 0.02416256
84 84 0.62276910
62 62 0.57341736
126 127 0.01464555
126 124 0.03764061
126 123 0.00265789
126 126 0.33025185
126 128 0.00099558
126 125 0.12293427
61 61 0.94883032
39 39 0.54128464
151 151 0.84496103
25 25 0.17295785
139 137 0.00134679
139 138 0.00525171
139 140 0.00072301
139 139 0.65110562
10 9 0.00559337
10 10 0.77747897
10 11 0.14218609
10 12 0.00142841
35 35 0.27168102
100 99 0.00411167
100 101 0.00373209
100 103 0.00057295
100 98 0.01490132
100 97 0.00220449
100 100 0.61903487
100 102 0.00282285
86 87 0.00147854
86 82 0.00063868
86 86 0.50501842
86 85 0.00482988
86 83 0.01894987
24 23 0.00422543
24 24 0.36907706
111 110 0.02277344
111 111 0.44988775
111 112 0.07896727
111 113 0.00450740
111 109 0.03046254
111 108 0.00984295
111 114 0.00149189
111 115 0.00057703
41 41 0.83847084
26 26 0.40257244
116 117 0.07148504
116 116 0.71099726
116 115 0.06134137
116 114 0.05469064
116 113 0.00514198
116 118 0.00725233
60 60 0.57939238
119 116 0.00572528
119 117 0.04128444
119 120 0.04967563
119 121 0.00583381
119 119 0.57562775
119 118 0.09852832
157 157 0.99997133
14 13 0.00060826
14 14 0.55247601
14 15 0.03436135
152 152 0.96556855
91 89 0.00051047
91 90 0.00172259
91 91 0.74262588
91 92 0.00097140
91 88 0.01815466
50 50 0.88066185
1 1 0.71790241
114 113 0.03972269
114 111 0.00490201
114 112 0.06491612
114 114 0.35589541
114 115 0.07375586
114 116 0.00764642
114 117 0.00082380
136 137 0.00353231
136 136 0.75696867
136 135 0.02785940
136 134 0.00672749
140 140 0.65434189
140 139 0.00380824
140 138 0.00082957
23 22 0.00356675
23 24 0.00123370
23 23 0.26461657
46 46 0.82632314
8 9 0.13103361
8 7 0.00566817
8 8 0.78267150
8 10 0.00053300
132 131 0.01370493
132 133 0.00164700
132 132 0.36346392
132 130 0.03758545
45 45 0.64518909
113 115 0.00811119
113 114 0.07524375
113 116 0.00116823
113 113 0.35999298
113 111 0.06490203
113 112 0.03115893
113 110 0.00773780
153 153 0.90427290
125 125 0.36745798
125 122 0.00298115
125 126 0.01732654
125 123 0.03842611
125 124 0.02090121
125 127 0.00174859
130 129 0.00800522
130 127 0.00218833
130 128 0.03633797
130 130 0.46038385
64 64 0.56195182
83 82 0.00258082
83 84 0.00089436
83 80 0.02116989
83 83 0.57077487
129 128 0.12912475
129 130 0.00077741
129 126 0.00241320
129 129 0.66943742
129 127 0.03651786
124 125 0.01748983
124 126 0.00212896
124 122 0.03892330
124 121 0.00350940
124 123 0.02083948
124 124 0.74832241
43 43 0.94463952
135 133 0.01638961
135 136 0.00460138
135 134 0.06242341
135 135 0.41811734
67 66 0.00073964
67 67 0.99398920
128 128 0.66266856
128 125 0.00246321
128 126 0.03722870
128 127 0.13367556
128 129 0.00416646
141 140 0.00225535
141 139 0.00072381
141 141 0.87012576
106 105 0.02843212
106 108 0.03700603
106 103 0.01721061
106 104 0.00982815
106 109 0.00502816
106 107 0.03217473
106 110 0.00248103
106 106 0.37945393
66 66 0.62002580
47 47 0.73077551
137 135 0.00222256
137 136 0.02015615
137 138 0.00225512
137 137 0.67124059
144 144 0.70526180
144 143 0.00065159
80 77 0.01423136
80 79 0.00828961
80 80 0.57916936
99 99 0.21764192
99 101 0.01348743
99 98 0.00191497
99 97 0.00898337
99 100 0.00268261
99 102 0.00224983
108 109 0.05297248
108 106 0.00927274
108 107 0.02427660
108 110 0.01194943
108 111 0.00891161
108 108 0.59381178
108 105 0.00786443
20 20 0.42287249
20 19 0.01347254
20 21 0.02240318
97 97 0.41173579
97 100 0.00092995
97 96 0.00074648
97 99 0.01537614
97 95 0.02175864
97 98 0.00080806
97 94 0.00089477
112 111 0.02390859
112 112 0.78254038
112 110 0.06021457
112 113 0.07617990
112 109 0.01103511
112 115 0.00145716
112 114 0.00493219
33 33 0.34375059
7 7 0.52539438
7 8 0.01150963
7 6 0.00082534
127 127 0.58976207
127 124 0.00252542
127 126 0.12541248
127 125 0.03745390
127 128 0.01238185
2 3 0.00073316
2 2 0.48734334
65 65 0.56164913
70 67 0.00175802
70 70 0.98854410
76 73 0.01060622
76 75 0.00222140
76 76 0.62272737
72 72 0.98678887
72 69 0.00790574
82 82 0.61790038
82 79 0.01615115
82 78 0.00071377
82 81 0.00867016
44 44 0.95116292
59 59 0.62771732
28 28 0.99113479
145 145 0.58015162
87 83 0.00119505
87 88 0.00205744
87 87 0.57029887
87 84 0.01623665
87 86 0.00691232
96 96 0.43733924
96 93 0.00639801
96 98 0.00548093
96 94 0.01811665
96 95 0.00140129
29 29 0.99093986
16 18 0.00050245
16 16 0.36073890
16 15 0.00259406
16 17 0.01960967
56 56 0.65783932
85 84 0.00396788
85 86 0.00142832
85 82 0.02177567
85 85 0.55707196
118 120 0.00572504
118 117 0.08049525
118 116 0.04677279
118 115 0.00581225
118 118 0.73088939
118 119 0.05290217
31 31 0.40125450
52 52 0.69114927
63 63 0.65381696
22 22 0.25914944
22 21 0.00842316
22 23 0.00257129
149 149 0.85570489
102 100 0.00922219
102 104 0.03893635
102 106 0.00112088
102 102 0.53029459
102 99 0.01145672
102 103 0.01426791
102 101 0.02080515
102 105 0.01051350
12 10 0.00138309
12 13 0.05661750
12 11 0.00532219
12 12 0.78607515
150 150 0.69201426
131 130 0.00639024
131 128 0.00058378
131 132 0.00062268
131 129 0.03729287
131 131 0.52386328
95 92 0.00087876
95 95 0.76977262
95 94 0.00392170
95 97 0.00573143
95 96 0.00103872
95 93 0.01118328
3 3 0.47377543
103 103 0.73768935
103 105 0.03366462
103 101 0.00900655
103 100 0.01581351
103 104 0.01758476
103 106 0.00886164
103 102 0.02579545
103 107 0.00113681
117 118 0.05618307
117 119 0.00576833
117 116 0.06744194
117 117 0.39845649
117 114 0.00532387
117 115 0.05094144
148 148 0.43340916
38 38 0.83648180
55 55 0.59807134
9 11 0.00107111
9 9 0.54717111
9 8 0.00562777
9 10 0.12687284
42 42 0.84434932
155 155 0.87597340
98 100 0.02347872
98 96 0.02479576
98 97 0.00147191
98 98 0.44929006
98 101 0.00257113
98 99 0.00178798
