56 67 56 68 0.00310485
110 118 110 118 0.01035380
110 116 110 115 0.00536442
8 71 8 70 0.00525845
79 144 79 144 0.21759700
78 145 78 145 0.30352400
78 85 78 85 0.02541160
31 40 31 40 0.34817100
77 146 77 146 0.94576000
73 152 72 152 0.00071285
73 152 73 152 0.09294750
109 117 109 117 0.66360800
109 117 109 116 0.00097870
109 119 109 119 0.00301375
80 143 80 143 0.55981600
107 119 107 119 0.69213500
104 122 104 122 0.67552100
10 68 10 68 0.08154230
10 61 10 61 0.11525400
10 18 10 18 0.07865100
10 69 10 68 0.00072827
106 120 106 120 0.58742100
11 60 11 59 0.00050991
11 60 11 60 0.11763000
108 118 108 118 0.68505500
7 72 7 71 0.00074630
16 56 16 56 0.08124510
62 71 62 70 0.00085403
30 41 30 41 0.57106000
19 53 20 53 0.00097232
105 121 105 121 0.69139300
58 65 58 66 0.00195642
9 70 9 69 0.00091502
12 16 12 16 0.04636650
111 117 111 117 0.02746710
111 115 111 116 0.00084570
