9 141 8 126 0.00155106
9 141 7 127 0.03756330
9 20 7 18 0.12486200
9 21 7 18 0.00235770
9 29 7 18 0.00434089
47 76 39 65 0.00807094
47 76 38 65 0.00455476
47 76 40 63 0.28083700
47 80 36 68 0.00092254
47 80 37 66 0.01159410
47 78 39 65 0.04454040
47 78 36 68 0.00071308
47 78 40 63 0.02731750
47 78 38 65 0.01305310
47 78 37 66 0.00154083
47 75 40 63 0.01038480
39 86 33 71 0.00085091
43 82 35 69 0.09144040
43 82 34 70 0.00242170
43 82 36 68 0.63845400
4 146 3 131 0.00363495
4 25 3 21 0.00145770
4 25 4 21 0.00333440
4 25 4 20 0.15689900
53 70 43 60 0.00219041
53 70 45 58 0.00547637
53 70 46 57 0.12294400
53 70 44 59 0.18670100
53 71 42 61 0.01503500
53 71 46 57 0.03615810
53 71 44 59 0.07740310
53 71 45 58 0.13566800
53 71 43 60 0.18716400
54 70 45 58 0.07162500
54 70 43 60 0.01095540
54 70 44 59 0.21078100
54 70 46 57 0.11408000
54 71 43 60 0.02122120
54 71 45 58 0.00424529
3 11 3 9 0.01837670
3 146 3 131 0.00353014
3 26 3 21 0.09149020
3 147 1 133 0.05780610
51 72 44 59 0.19831600
51 72 41 62 0.00155477
51 72 43 60 0.00563054
51 72 42 61 0.19413600
51 73 43 60 0.04449490
51 73 41 62 0.08335210
51 73 44 59 0.04002880
51 73 42 61 0.07074560
51 73 40 63 0.01403280
14 138 10 124 0.00057323
14 24 12 22 0.01816210
41 84 33 71 0.08288000
41 84 34 70 0.19641300
42 83 35 69 0.19473600
42 83 33 71 0.00231934
42 83 34 70 0.02414850
42 83 36 68 0.00155803
59 65 49 55 0.13915500
17 138 10 124 0.00151490
17 27 15 22 0.05276800
17 24 15 22 0.00254492
17 135 13 121 0.00070419
101 107 86 93 0.37871600
101 107 87 92 0.07187300
2 145 3 131 0.00078972
2 148 1 133 0.00361567
55 70 44 59 0.06747190
55 70 46 57 0.00890817
55 70 48 56 0.02164790
57 67 46 57 0.00415806
57 67 49 55 0.00358448
57 67 48 56 0.27606200
100 105 87 92 0.00078821
100 108 85 94 0.79593500
100 108 86 93 0.07563180
16 139 9 125 0.00068853
52 72 42 61 0.22378800
52 72 45 58 0.03951540
52 72 41 62 0.01452760
52 72 43 60 0.07369750
52 72 44 59 0.13102300
52 71 42 61 0.00264974
52 71 44 59 0.00664277
52 71 45 58 0.16595100
52 71 43 60 0.17723300
22 132 16 118 0.00073874
22 130 16 116 0.00140052
12 139 10 124 0.00634104
12 139 9 125 0.00540306
12 26 10 15 0.00512714
12 17 10 15 0.21522300
8 21 6 19 0.08771250
8 20 7 18 0.00911253
8 20 8 17 0.00065100
11 19 9 16 0.00231131
11 140 9 125 0.00846583
11 140 8 126 0.00182056
11 18 9 16 0.48126600
11 27 9 16 0.00832486
98 110 83 96 0.66785100
98 110 84 95 0.05156480
18 134 16 118 0.00107890
18 26 10 15 0.00105784
18 26 16 21 0.06099430
97 111 83 96 0.06611240
97 111 82 97 0.29604000
44 79 36 68 0.00740086
44 79 37 66 0.05682000
21 131 15 117 0.00153561
21 133 15 119 0.00095905
99 109 84 95 0.79961300
99 109 85 94 0.06420740
46 78 38 65 0.01641000
46 78 37 66 0.00600233
46 78 39 65 0.06325780
46 80 37 66 0.02080470
46 80 39 65 0.00390432
46 80 35 69 0.01524130
46 76 39 65 0.00286681
46 76 38 65 0.00657616
10 141 8 126 0.04182410
10 141 7 127 0.00227861
10 20 8 17 0.01031130
10 17 10 15 0.00084956
7 21 6 19 0.01109560
7 20 7 18 0.03898620
7 25 4 20 0.00130513
7 25 6 19 0.00085130
19 136 12 122 0.00144213
48 79 38 65 0.01941250
48 79 39 65 0.03079040
48 77 37 66 0.04627300
48 77 38 65 0.00256225
48 77 40 63 0.03688130
48 77 41 62 0.01145050
48 77 39 65 0.01922030
49 78 39 65 0.00177169
49 76 40 63 0.06455010
49 76 42 61 0.00733976
49 76 38 65 0.01249320
49 76 39 65 0.01251620
49 76 41 62 0.02760610
49 75 38 65 0.00069976
49 75 42 61 0.01070730
49 75 40 63 0.02560120
49 75 41 62 0.04397290
49 74 42 61 0.13197100
49 74 40 63 0.15728100
49 74 41 62 0.00811247
6 21 6 19 0.04998210
6 21 4 20 0.00410393
6 26 4 20 0.03223780
6 26 4 21 0.04118740
45 77 38 65 0.00638603
45 77 37 66 0.03630070
45 79 38 65 0.21081600
45 79 37 66 0.04218320
45 79 36 68 0.00138797
15 139 9 125 0.00066152
58 66 48 56 0.12625500
58 66 49 55 0.11596900
102 106 87 92 0.72345500
5 10 4 8 0.02529700
5 22 4 21 0.00064579
5 22 4 20 0.09385250
5 22 3 21 0.00303383
5 145 4 130 0.01647630
5 145 3 131 0.39631300
5 24 3 21 0.00131797
5 24 4 21 0.00063255
5 24 4 20 0.00175136
5 27 3 21 0.02995760
5 27 4 21 0.01032330
50 77 40 63 0.02792860
50 73 41 62 0.05161960
50 73 43 60 0.06166160
50 73 40 63 0.00167136
50 73 42 61 0.01023190
40 85 34 70 0.00194313
40 85 33 71 0.51865500
