58 66 49 55 0.07268840
58 66 48 56 0.09783090
15 137 10 124 0.00152937
15 137 13 121 0.00219955
15 23 13 21 0.07899310
15 26 8 17 0.00168222
15 26 13 21 0.03514830
15 26 9 16 0.00077624
15 26 10 15 0.00568337
15 26 7 18 0.00525091
24 132 16 118 0.00125772
24 132 14 118 0.00053536
27 132 16 118 0.02001910
1 148 1 133 0.00169004
40 85 33 71 0.08136450
56 68 45 58 0.21994000
56 68 46 57 0.03208260
56 68 48 56 0.03091560
56 68 49 55 0.00113861
50 73 42 61 0.00123274
50 73 41 62 0.00076170
50 77 39 65 0.00104656
50 77 40 63 0.00214039
5 11 3 9 0.02247550
5 145 3 131 0.69367400
5 145 5 129 0.00757153
5 144 4 130 0.00831876
99 107 86 93 0.14151600
99 107 85 94 0.01193580
44 83 35 69 0.00123007
44 83 33 71 0.03709770
44 81 36 68 0.01277770
44 81 33 71 0.00973581
44 81 35 69 0.01974890
44 82 36 68 0.50113100
44 82 34 70 0.00164918
44 82 35 69 0.03351090
44 82 33 71 0.14089700
19 132 14 118 0.00370703
19 26 10 15 0.00129593
48 77 39 65 0.09508630
48 77 38 65 0.00467779
48 77 40 63 0.42558700
48 77 37 66 0.13143200
49 78 39 65 0.00135464
49 76 41 62 0.36833700
49 76 39 65 0.00313426
49 76 38 65 0.03577410
49 76 40 63 0.07665500
49 75 40 63 0.10860700
49 75 38 65 0.01741990
49 75 41 62 0.12958400
49 74 40 63 0.00748138
49 74 41 62 0.00129162
6 16 4 8 0.00057528
10 141 9 125 0.00177164
10 141 7 127 0.01432070
7 145 3 131 0.00393782
7 144 4 130 0.08574770
7 142 7 127 0.00067556
7 143 5 129 0.53105400
7 143 7 127 0.00869052
46 77 37 66 0.00561219
16 22 14 20 0.57301500
16 136 12 122 0.04422160
16 131 15 117 0.00139304
16 25 8 17 0.00540421
16 25 14 20 0.10309300
16 25 10 15 0.00078638
16 25 9 16 0.00169348
100 106 87 92 0.11529500
100 106 86 93 0.01146990
23 130 16 116 0.00060984
23 133 15 119 0.00271271
57 67 49 55 0.03884750
57 67 48 56 0.17121400
57 67 46 57 0.08554340
98 108 85 94 0.22141700
98 108 84 95 0.01091780
18 23 16 21 0.02169990
18 23 10 15 0.00452362
18 134 13 121 0.00492074
18 134 16 118 0.00473040
12 137 10 124 0.00174202
12 141 7 127 0.00304777
8 14 3 9 0.00073629
8 141 8 126 0.00051793
8 141 7 127 0.00420210
52 72 42 61 0.04797130
52 72 44 59 0.50400700
52 72 43 60 0.18490200
52 72 41 62 0.21215500
51 73 46 67 0.00065958
51 73 43 60 0.21120700
51 73 41 62 0.01737300
51 73 42 61 0.18711500
51 73 40 63 0.20492600
26 133 15 119 0.06025020
4 146 4 130 0.00255795
20 131 15 117 0.00697858
53 71 44 59 0.19241700
53 71 45 58 0.50131600
53 71 43 60 0.04598120
53 71 48 65 0.00071039
53 71 42 61 0.22276100
60 68 49 55 0.09462380
60 64 49 55 0.00078936
3 147 3 131 0.00485268
3 147 1 133 0.35180700
54 70 43 60 0.09642490
54 70 45 58 0.18399600
54 70 46 57 0.47835300
54 70 44 59 0.04516120
9 141 9 125 0.00694265
9 141 7 127 0.20882500
47 79 36 68 0.18161000
47 79 39 65 0.10523200
47 79 37 66 0.00384541
47 79 38 65 0.00217512
47 76 38 65 0.00093576
47 78 38 65 0.04639090
47 78 37 66 0.00517978
47 78 36 68 0.02516920
47 78 39 65 0.01989100
43 83 34 70 0.03336710
43 83 33 71 0.00602409
43 83 35 69 0.13354900
43 84 33 71 0.00093076
43 84 34 70 0.00122863
43 82 34 70 0.00541117
43 82 36 68 0.00426755
43 82 35 69 0.00100412
55 70 46 57 0.00491478
55 70 44 59 0.00169000
55 68 45 58 0.00739205
55 68 46 57 0.12092700
17 130 16 116 0.00203757
17 135 15 119 0.00323087
17 135 12 122 0.00518637
17 135 13 121 0.12269300
17 27 9 16 0.00058257
17 27 12 22 0.00082179
17 24 9 16 0.00497725
17 24 10 15 0.00171542
17 24 15 22 0.00581804
42 84 33 71 0.11831100
42 84 34 70 0.12846100
42 83 35 69 0.00127654
42 83 33 71 0.05250110
42 83 34 70 0.00084537
59 69 48 56 0.01139340
59 65 49 55 0.11542800
14 27 6 19 0.00408114
14 27 12 22 0.16854500
14 27 12 23 0.00849168
14 27 9 16 0.00574689
14 27 7 18 0.00147600
14 24 12 22 0.30946800
14 138 10 124 0.12462900
14 138 9 125 0.00137216
14 138 12 122 0.00674865
