5 130 7 144 0.10873800
5 130 5 145 0.00117476
5 130 5 144 0.12486900
5 114 7 127 0.00287198
5 114 5 128 0.00652391
5 114 5 127 0.00625524
5 131 7 145 0.02608510
5 131 5 145 0.34056500
40 63 50 73 0.00081248
40 63 48 77 0.00117638
40 63 49 74 0.02864610
40 63 49 75 0.04766010
40 63 49 76 0.10494900
40 63 51 73 0.01368220
40 63 47 76 0.00432838
108 116 122 130 0.25929500
36 69 47 79 0.00062273
36 69 44 82 0.22618800
36 69 44 81 0.01714340
36 69 43 83 0.00163164
36 69 43 82 0.00827803
36 67 46 77 0.00162203
36 70 42 83 0.00218296
36 70 43 83 0.01302220
36 70 44 82 0.00848542
36 70 44 81 0.01205850
36 70 44 83 0.01110430
107 117 121 131 0.59428700
87 92 98 104 0.00341110
87 92 100 106 0.49259300
15 22 17 24 0.47530000
15 22 16 25 0.04708640
109 115 123 129 0.09195350
45 58 53 71 0.03958200
45 58 56 68 0.01176360
45 58 54 70 0.08156570
45 58 55 70 0.00845867
45 57 55 68 0.10660700
45 57 56 68 0.64563600
102 121 116 135 0.47530700
32 72 42 84 0.00066607
32 72 40 85 0.13611900
32 72 39 86 0.00081337
32 76 39 89 0.01962260
32 76 39 88 0.02773620
32 76 36 89 0.01362070
32 76 37 89 0.01616480
32 76 40 87 0.03743990
32 76 40 88 0.00319981
34 71 44 82 0.01642790
34 71 44 83 0.00138274
34 71 43 83 0.01409190
34 71 43 84 0.00503777
34 71 43 82 0.01550210
34 71 42 83 0.01022340
34 71 42 84 0.38809800
34 69 44 82 0.00060397
34 72 44 83 0.00059688
34 72 44 82 0.00104196
34 72 43 83 0.02084170
34 72 43 84 0.00064574
34 72 41 86 0.00381438
34 72 40 85 0.16935100
34 72 42 84 0.01804910
34 72 42 83 0.00561932
34 70 44 81 0.00459823
34 70 44 82 0.00144420
34 70 43 82 0.00054013
34 70 43 83 0.00518567
34 70 42 83 0.01268040
46 57 57 67 0.00528857
46 57 56 68 0.07780680
46 57 55 68 0.01425540
46 57 55 70 0.00216170
46 57 54 70 0.03433470
46 56 57 67 0.45201200
46 56 56 68 0.04729950
46 56 55 68 0.01001060
46 54 58 66 0.00055502
49 55 57 67 0.00159222
49 55 58 66 0.00336740
49 55 59 65 0.00176229
49 55 60 68 0.00095166
49 53 59 65 0.05441170
49 53 60 64 0.63663100
49 53 58 66 0.01080120
48 52 59 65 0.00054344
48 52 60 64 0.00127563
48 56 58 66 0.00158414
48 56 57 67 0.00601021
48 56 59 69 0.00069870
48 56 56 68 0.00159938
48 54 59 65 0.73583700
48 54 58 66 0.05669180
48 54 57 67 0.01251750
6 113 6 126 0.01814950
6 113 8 126 0.01202680
6 113 7 127 0.08503550
6 128 6 141 0.00351331
6 128 8 141 0.00054023
6 128 7 142 0.17428900
6 129 7 143 0.22159400
10 109 11 123 0.05444450
10 109 12 122 0.01698150
10 109 10 123 0.00075479
10 124 11 137 0.00082238
10 124 12 137 0.00149110
7 112 7 125 0.01360410
7 112 8 126 0.04995500
7 127 9 141 0.17238400
7 127 7 140 0.00336784
7 127 7 142 0.00080797
7 127 8 141 0.12702200
85 94 98 108 0.96947500
44 59 53 71 0.09668570
44 59 55 70 0.11663100
44 59 54 70 0.71599200
44 59 52 72 0.04118420
35 70 44 83 0.00247932
35 70 44 81 0.02181780
35 70 44 82 0.00617373
35 70 43 83 0.22428100
35 70 43 82 0.00429824
35 70 42 84 0.00173743
35 70 42 83 0.00401623
35 67 46 77 0.00101341
35 69 43 82 0.03146440
35 69 44 81 0.00556630
35 69 44 82 0.01385050
35 71 42 83 0.00176950
35 71 42 84 0.04012950
35 71 43 83 0.02806380
35 71 43 84 0.02859060
35 71 43 82 0.01233170
35 71 44 83 0.00074111
35 71 44 82 0.02491280
38 68 47 79 0.01160720
38 68 49 78 0.00061844
38 66 48 77 0.23876200
38 66 49 76 0.00366300
38 66 47 79 0.10564900
38 66 47 78 0.02942550
38 66 46 77 0.01542350
38 64 46 77 0.01236640
38 64 49 74 0.00126237
38 64 48 77 0.07728250
12 107 14 120 0.00136395
12 107 13 121 0.02511510
12 119 14 133 0.04288300
12 25 14 27 0.65610600
8 111 9 124 0.00081616
8 111 10 124 0.02361910
8 111 8 124 0.00528060
8 123 11 137 0.00138209
8 123 10 137 0.50966700
8 126 9 141 0.00068394
8 126 8 141 0.00051313
11 108 12 122 0.04582020
11 108 13 121 0.01328080
11 120 13 134 0.08453970
37 68 47 78 0.00057686
37 68 47 79 0.32473600
37 68 44 82 0.00308700
37 68 44 81 0.02895680
37 66 46 77 0.00160195
37 66 47 79 0.20678200
37 66 47 76 0.00138785
37 66 47 78 0.00128589
30 77 40 87 0.00221043
30 77 38 90 0.08040720
30 77 37 89 0.02277750
30 77 37 88 0.00181743
30 77 39 89 0.00122927
30 77 39 88 0.05054030
30 77 36 89 0.00362481
31 76 37 88 0.00420310
31 76 37 89 0.46350300
31 76 38 90 0.00132414
31 76 40 87 0.05789570
31 76 40 88 0.00164708
31 76 41 86 0.00271149
31 76 39 88 0.00743350
31 76 39 89 0.20631700
31 76 36 89 0.01443790
31 77 36 89 0.00056497
31 77 39 88 0.03166750
31 77 39 89 0.00163769
31 77 37 89 0.00307158
31 77 37 88 0.00117704
31 77 40 88 0.00064283
31 77 38 90 0.01377310
13 24 14 27 0.05351740
13 24 15 26 0.90470900
16 21 18 23 0.62969100
16 21 17 24 0.04563380
110 114 124 128 0.69343100
121 134 134 148 0.01105490
114 119 127 132 0.02723410
42 61 49 74 0.00110563
42 61 53 71 0.01509140
42 61 50 73 0.00058286
42 61 52 72 0.83479300
42 61 51 73 0.09712890
14 23 16 25 0.54490500
14 23 15 26 0.05359110
41 62 51 73 0.56869900
41 62 52 72 0.01480450
41 62 50 73 0.00917476
41 62 49 76 0.00076259
41 62 49 75 0.04139030
41 62 49 74 0.00168054
122 133 135 147 0.00268861
123 132 136 146 0.00384265
105 119 119 133 0.48846300
33 73 40 87 0.00159720
33 73 40 85 0.00536976
33 73 42 84 0.06707290
33 73 41 86 0.29591400
33 73 43 83 0.00304788
33 73 43 84 0.01303090
33 73 39 86 0.11435500
33 75 41 86 0.03571390
33 75 39 88 0.20270100
33 75 39 86 0.00110759
33 75 40 88 0.00490659
33 75 40 87 0.00794585
33 75 37 88 0.00368561
101 107 115 121 0.27868500
4 131 5 145 0.28771700
4 132 4 146 0.19953100
4 130 5 144 0.04177330
104 120 118 134 0.06727770
3 133 3 147 0.49442700
3 131 5 145 0.03939770
3 132 4 146 0.15774000
3 132 3 147 0.00054550
9 110 10 124 0.17012100
9 110 10 123 0.00066217
9 110 9 124 0.00201178
9 110 9 123 0.00148134
9 110 11 123 0.02638300
9 122 10 137 0.00085210
9 122 11 137 0.00096792
47 55 58 66 0.53332200
47 55 57 67 0.05611230
47 55 55 68 0.00402536
47 55 60 68 0.00094798
47 55 56 68 0.01059220
47 53 59 65 0.00093815
47 53 58 66 0.00056867
39 65 48 77 0.03981660
39 65 49 75 0.00060253
39 65 49 78 0.03905750
39 65 49 76 0.37269600
39 65 47 78 0.04974350
39 65 47 76 0.01617210
39 65 47 79 0.00092137
39 67 49 78 0.00350459
39 67 50 77 0.00082991
39 67 47 78 0.00219755
39 67 47 79 0.00051915
43 60 51 73 0.02926970
43 60 52 72 0.09688170
43 60 53 71 0.81873200
43 60 54 70 0.01048200
86 93 99 107 0.97588500
