123 146 124 146 0.00812466
123 146 122 144 0.00739405
64 92 64 92 0.59702900
4 33 3 33 0.00123788
4 33 4 32 0.00115604
13 108 13 109 0.00464936
42 53 43 53 0.00717253
70 87 70 87 0.48303100
5 32 4 32 0.00173449
1 35 1 35 0.10978500
120 149 119 147 0.00555615
22 38 22 38 0.03334090
124 145 125 145 0.01165960
124 145 121 145 0.00063272
124 145 124 146 0.04436750
6 31 6 30 0.00129636
129 139 129 139 0.74293100
59 97 59 97 0.40019200
73 85 73 85 0.57885700
73 82 73 82 0.18391500
7 29 7 29 0.08494050
2 34 2 34 0.13512000
57 100 57 100 0.24719600
67 90 67 90 0.97259700
108 154 109 154 0.01429550
125 144 124 142 0.00730041
125 144 125 145 0.03219700
125 144 126 144 0.00308847
131 138 132 140 0.00076709
131 138 131 137 0.00482768
131 136 132 136 0.00194830
131 136 131 137 0.00058437
52 103 52 103 0.10083500
132 137 133 139 0.00074805
132 137 132 136 0.00887710
132 137 131 137 0.00062237
132 137 131 135 0.00683697
35 41 35 42 0.00698687
74 84 74 84 0.28735900
74 81 74 81 0.41893800
122 147 119 147 0.00062493
122 147 121 145 0.00710152
8 29 8 29 0.24213800
113 150 112 151 0.02384370
21 39 21 39 0.04546240
61 95 61 95 0.68924200
75 84 75 84 0.00177558
75 83 75 83 0.06998280
75 80 75 80 0.82778000
65 91 65 91 0.59378500
54 104 54 104 0.11831700
12 109 12 110 0.00063743
121 148 120 146 0.00270160
63 93 63 93 0.70121200
9 28 9 26 0.00053799
130 138 130 138 0.32038400
130 139 129 137 0.00699723
130 139 130 138 0.00319824
109 153 109 154 0.01706270
109 153 110 153 0.01473330
34 42 34 43 0.00639667
36 40 36 41 0.00895912
60 97 60 96 0.00131698
43 52 44 52 0.02042520
53 101 53 101 0.03892550
112 151 112 151 0.79409300
112 151 111 152 0.00277967
56 101 56 100 0.00096166
56 101 56 101 0.19609300
56 100 56 100 0.17923800
127 142 126 140 0.00734055
72 84 72 84 0.04817470
72 83 72 83 0.19154300
111 152 111 152 0.68609500
111 152 110 153 0.00381784
55 103 55 103 0.06400400
55 101 55 101 0.17421100
55 102 55 101 0.00172682
126 143 126 144 0.02042320
44 50 45 51 0.00067355
44 51 45 51 0.05475830
