126 146 123 146 0.06878190
126 146 126 143 0.00143560
126 146 125 144 0.00066780
24 36 25 36 0.03008610
66 90 66 90 0.76589400
55 101 55 101 0.04882860
55 103 55 102 0.01325630
55 103 55 103 0.15644300
55 103 55 101 0.00241024
72 83 72 83 0.36070400
72 84 72 84 0.08144810
56 101 56 100 0.01016930
56 101 56 101 0.44155200
130 142 127 142 0.00702521
130 142 130 139 0.00065782
130 142 128 142 0.00731751
130 141 129 141 0.03376890
63 93 63 93 0.70819400
25 35 26 35 0.02276390
121 152 121 148 0.00101252
121 152 120 152 0.30117600
121 152 118 152 0.12580700
121 152 117 152 0.00171305
65 91 65 91 0.60187400
75 80 75 80 0.86275900
75 83 75 83 0.03499580
75 84 75 84 0.00099449
54 105 54 104 0.01493760
54 104 54 104 0.22433700
68 86 68 86 0.75711900
61 95 61 95 0.69943000
122 151 122 147 0.00085514
122 151 119 151 0.13065900
122 151 121 148 0.00050298
122 151 120 149 0.00069987
62 94 62 94 0.60185800
74 84 74 84 0.15640900
74 81 74 81 0.51308000
132 140 132 137 0.00123255
132 140 131 138 0.00217684
132 140 130 139 0.00313394
52 103 52 103 0.03758250
52 103 52 102 0.00127587
52 106 52 102 0.01374160
52 107 52 103 0.00901536
133 139 131 138 0.00312234
133 139 132 137 0.00214198
133 139 130 139 0.00077797
58 99 58 97 0.00231208
131 141 130 139 0.00078336
131 141 129 141 0.00304836
131 141 131 138 0.00068394
67 90 67 90 0.22607700
125 147 124 145 0.00065769
125 147 122 147 0.12438800
125 147 125 144 0.00122709
125 145 124 145 0.30875400
125 145 125 144 0.01974700
57 100 57 99 0.02626780
57 100 57 100 0.91781900
2 37 2 37 0.18540200
119 154 119 153 0.02400530
73 85 73 85 0.25481100
73 82 73 82 0.34216700
3 36 3 36 0.15316600
59 98 59 97 0.00480319
59 97 59 97 0.37302200
129 142 129 141 0.00739669
129 142 129 139 0.00064069
129 142 128 142 0.05948490
129 142 127 142 0.00189907
120 153 120 149 0.00057728
120 153 120 152 0.01542350
120 153 119 153 0.29274300
124 149 122 147 0.00058603
124 146 123 146 0.10684300
124 146 124 145 0.01369610
124 148 121 148 0.06682270
70 85 70 85 0.49212300
1 38 1 38 0.11640700
4 35 4 35 0.11830300
49 107 49 103 0.01647130
123 150 121 148 0.00069754
123 150 123 146 0.00098692
123 147 123 146 0.04256950
123 147 122 147 0.31183500
64 92 64 92 0.60347400
