107 107 0.43871592
84 83 0.00938309
84 84 0.23008515
152 152 0.66832264
9 9 0.72036792
9 8 0.03593491
9 10 0.06140557
155 155 0.79173092
33 33 0.84219946
58 58 0.84385169
117 117 0.73280190
126 125 0.00774108
126 126 0.68241531
55 55 0.85530460
20 20 0.68749550
132 131 0.00076115
132 132 0.92355221
17 17 0.74410486
17 18 0.00255760
96 95 0.04230726
96 96 0.64424575
73 73 0.64083037
134 134 0.84096757
69 69 0.91513166
22 22 0.42881669
122 122 0.75480750
122 123 0.00083586
122 121 0.01007491
27 27 0.39834401
89 89 0.86471136
89 88 0.09983356
91 91 0.71105366
91 90 0.10269274
119 119 0.84718378
50 50 0.80979561
79 79 0.25383726
70 70 0.88238506
75 75 0.64967130
8 7 0.02472150
8 8 0.70232710
8 9 0.17196569
90 89 0.10252744
90 90 0.78002968
31 31 0.90615461
158 158 0.74666727
92 92 0.19473395
92 91 0.01275952
131 131 0.86854629
131 130 0.00434639
40 40 0.49974313
40 41 0.00127079
136 136 0.88655234
19 19 0.38108189
35 35 0.73477122
100 100 0.61344969
154 154 0.57469395
2 1 0.00063582
2 2 0.83730043
52 52 0.97435333
111 111 0.46041696
71 71 0.72136931
42 41 0.00090443
42 42 0.79985117
42 43 0.00142933
43 43 0.98042603
43 44 0.00076851
43 42 0.00097230
10 11 0.11724567
10 10 0.67969140
10 9 0.01667526
160 160 0.63471396
140 140 0.91323909
140 141 0.00152873
140 139 0.00092722
150 150 0.88552055
15 15 0.73548737
15 16 0.00971773
114 114 0.78480180
129 128 0.00635572
129 129 0.81708045
12 12 0.56947392
12 11 0.00142751
12 13 0.16887002
149 150 0.00188069
149 149 0.73187830
113 113 0.73835724
68 68 0.85740399
109 109 0.44283128
57 57 0.85064249
80 80 0.59979231
53 53 0.83894421
23 23 0.92590277
123 124 0.00076692
123 122 0.01202559
123 123 0.70291183
59 59 0.87444985
7 7 0.70895593
7 6 0.03058226
7 8 0.15696939
97 96 0.01091475
97 97 0.71056335
147 147 0.90754106
86 85 0.01086339
86 86 0.38821680
102 102 0.77167664
137 137 0.75230390
5 4 0.00442469
5 5 0.70954458
5 6 0.01352857
127 126 0.00286231
127 127 0.52224245
11 10 0.01274361
11 11 0.70965388
11 12 0.16863504
156 156 0.73192074
60 60 0.93351309
82 82 0.69498916
139 140 0.00140947
139 138 0.00078749
139 139 0.86661665
106 106 0.52579752
6 5 0.01974888
6 7 0.05960205
6 6 0.59318682
145 146 0.00803313
145 145 0.67244461
135 135 0.88697228
146 146 0.83801899
146 147 0.00827636
48 48 0.80873391
41 40 0.00094718
41 42 0.00143001
41 41 0.75107099
1 1 0.80308160
32 32 0.85722536
95 96 0.00057193
95 95 0.32971561
95 94 0.02912784
63 63 0.76504161
144 145 0.00506194
144 144 0.76692430
78 78 0.64282226
66 66 0.87009803
47 47 0.87745574
118 117 0.00051876
118 118 0.79982524
72 72 0.78816795
56 56 0.85710626
38 38 0.69390433
44 45 0.00058725
44 43 0.00080926
44 44 0.98167958
28 28 0.37492464
130 130 0.83633236
130 129 0.00435651
116 116 0.63982290
24 24 0.85654527
13 13 0.66514180
13 12 0.00369121
13 14 0.11811628
115 115 0.50490770
157 157 0.54007407
151 151 0.33988017
88 87 0.00419912
88 88 0.77206763
49 49 0.76877769
62 62 0.91171657
87 87 0.37877102
87 86 0.04856621
83 83 0.67637527
74 74 0.68672735
16 16 0.52109478
16 17 0.03987167
14 13 0.00077075
14 15 0.09944121
14 14 0.66672196
77 77 0.68112921
142 143 0.00101607
142 142 0.44346661
110 110 0.63125947
105 105 0.59059777
153 153 0.80954835
99 98 0.00315407
99 99 0.60470888
34 34 0.81351807
26 26 0.81247632
18 19 0.00420510
18 18 0.78385683
45 45 0.98224322
45 44 0.00051884
133 133 0.86958684
101 101 0.22718248
30 30 0.78265319
93 93 0.27807411
93 92 0.00108046
85 84 0.00161153
85 85 0.27529207
81 81 0.61781958
39 39 0.70226428
21 21 0.57989487
121 121 0.86206493
121 120 0.00188277
143 144 0.00078998
143 143 0.46888531
103 103 0.61410929
64 64 0.78811882
128 128 0.72415246
128 127 0.00793273
76 76 0.51925980
112 112 0.79935285
4 5 0.00329505
4 3 0.00131694
4 4 0.78363255
159 159 0.63468565
141 140 0.00076279
141 141 0.71353375
141 142 0.00140687
46 46 0.88035171
94 95 0.00055788
94 94 0.36420436
94 93 0.10382474
25 26 0.00062773
25 24 0.00058744
25 25 0.97330752
120 119 0.00479879
120 120 0.77621915
138 138 0.70124075
138 139 0.00113846
138 137 0.00060317
125 125 0.69964070
125 124 0.00915368
3 2 0.00450626
3 3 0.81546763
124 124 0.79298862
124 123 0.01172563
67 67 0.77389740
61 61 0.88797396
104 104 0.59558982
148 148 0.61515246
51 51 0.84314220
108 108 0.77112852
36 36 0.79426948
54 54 0.95169896
37 37 0.75353154
65 65 0.74141902
29 29 0.63160888
98 98 0.62521416
98 97 0.00105744
