107 103 0.00103378
107 104 0.01509650
107 112 0.00224638
107 107 0.72025231
51 51 0.87273783
51 53 0.00363665
51 50 0.00407834
69 69 0.79613261
44 46 0.00153347
44 44 0.74814573
44 43 0.00115868
115 114 0.00394222
115 117 0.00051161
115 121 0.00688951
115 122 0.00248873
115 110 0.00080598
115 115 0.77814630
115 112 0.03523407
115 118 0.00305317
115 116 0.00121725
126 132 0.00208887
126 125 0.07752166
126 126 0.69306573
126 128 0.00124196
126 123 0.00766252
126 124 0.00101626
126 122 0.01143945
126 129 0.06406284
126 135 0.01589030
126 130 0.00999346
126 127 0.00181792
126 120 0.00102325
126 133 0.00162489
83 84 0.00090562
83 82 0.01581917
83 80 0.01285817
83 83 0.75468900
83 85 0.00554022
146 149 0.00134329
146 144 0.00120859
146 145 0.00691380
146 143 0.00299595
146 148 0.00149886
146 146 0.51690714
146 147 0.00548427
147 150 0.00559274
147 147 0.46795988
147 146 0.00356660
147 149 0.00198180
147 148 0.00946283
147 145 0.00149686
147 144 0.00128112
32 32 0.85432269
55 55 0.92247414
55 54 0.00145001
96 93 0.02080298
96 101 0.01166442
96 96 0.77989900
96 98 0.00158038
96 95 0.02596038
134 137 0.04888943
134 141 0.00084644
134 132 0.00321216
134 138 0.00770418
134 136 0.00275526
134 131 0.01483243
134 135 0.00350079
134 143 0.01888587
134 133 0.02381366
134 139 0.00417378
134 140 0.00113318
134 134 0.56641875
134 130 0.00299167
70 70 0.73534925
13 13 0.73523660
78 77 0.00115589
78 78 0.85617157
78 80 0.00817738
143 144 0.01087838
143 145 0.00138509
143 148 0.00215533
143 143 0.61810829
143 139 0.00191777
143 140 0.00690430
143 149 0.03782362
143 141 0.00202573
143 146 0.02708402
143 147 0.00217302
143 142 0.01396480
143 150 0.00596557
36 38 0.00075953
36 36 0.80769683
36 35 0.00144430
50 52 0.00080055
50 49 0.00344135
50 50 0.88781928
91 94 0.00080134
91 90 0.01784445
91 96 0.00356937
91 88 0.01934153
91 91 0.73290731
91 93 0.00383444
1 1 0.93083168
61 61 0.71635710
103 103 0.71727319
103 108 0.00071137
103 100 0.01929048
125 121 0.01181477
125 124 0.01233325
125 122 0.00359850
125 129 0.00075687
125 135 0.00202222
125 131 0.00206233
125 134 0.01521151
125 119 0.00112987
125 132 0.00151473
125 128 0.06691584
125 126 0.00211165
125 125 0.64033368
11 11 0.62972603
66 66 0.63849657
68 68 0.79781920
49 49 0.80603729
49 51 0.00606387
49 48 0.00081327
41 40 0.00138863
41 43 0.00970378
41 41 0.81281418
85 87 0.00733331
85 82 0.01479919
85 84 0.00461059
85 86 0.00058375
85 85 0.81016424
151 149 0.00249244
151 145 0.00136353
151 148 0.00063034
151 150 0.01368794
151 151 0.62208916
54 54 0.87821567
54 53 0.00468622
30 32 0.00184063
30 30 0.72730770
3 3 0.74671011
4 3 0.00053149
4 4 0.68023222
71 71 0.82454901
7 6 0.00190999
7 8 0.00095458
7 7 0.84508827
10 10 0.57566938
114 113 0.00214840
114 115 0.00080673
114 111 0.02765081
114 118 0.00052443
114 120 0.01637289
114 117 0.00250321
114 114 0.73273098
114 109 0.00066115
114 121 0.00515105
131 133 0.00087970
131 127 0.00128764
131 130 0.00255011
131 140 0.00577121
131 134 0.06658214
131 135 0.00888460
131 131 0.52063830
131 129 0.00103402
131 136 0.00148160
131 128 0.02381005
131 132 0.01428249
58 58 0.94349033
144 141 0.00094784
144 146 0.00153550
144 151 0.00449422
144 147 0.00449215
144 142 0.00053541
144 150 0.04567125
144 144 0.54253057
144 148 0.00100151
144 143 0.00534427
144 145 0.00490598
144 149 0.00058015
5 5 0.82329498
5 4 0.00114226
5 6 0.00093598
28 28 0.70636789
87 86 0.02368685
87 84 0.03671627
87 88 0.00074510
87 87 0.81360852
87 89 0.01606545
23 23 0.82111756
113 110 0.02366987
113 116 0.00090510
113 113 0.61125812
113 112 0.00060487
19 19 0.59434540
93 95 0.00527696
93 90 0.03378180
93 92 0.03060230
93 93 0.89413727
42 42 0.70552896
42 44 0.00228178
75 77 0.00161324
75 75 0.86014561
116 120 0.00050409
116 119 0.00514929
116 117 0.00178443
116 114 0.00066762
116 122 0.00833864
116 123 0.00313873
116 112 0.00072230
116 113 0.03471590
116 115 0.00939892
116 111 0.00078634
116 118 0.00082751
116 116 0.75231549
27 27 0.97408068
63 63 0.84871254
108 114 0.00562361
108 105 0.02302182
108 108 0.68032964
130 129 0.05543175
130 131 0.01020005
130 135 0.00394780
130 130 0.61540117
130 134 0.01179292
130 133 0.07044978
130 139 0.01670897
130 127 0.02224551
130 132 0.00055354
130 128 0.00158738
130 126 0.00683990
140 138 0.00667059
140 147 0.00501201
140 146 0.01787441
140 141 0.01451385
140 137 0.01268786
140 142 0.00438417
140 136 0.00376606
140 143 0.04807491
140 145 0.00349527
140 135 0.00092722
140 144 0.01105858
140 149 0.01712087
140 140 0.66160660
140 139 0.03118988
117 126 0.00113346
117 115 0.00094812
117 112 0.00052778
117 113 0.00125131
117 118 0.00485347
117 116 0.01273535
117 117 0.81796557
117 114 0.03412160
117 119 0.00207223
117 120 0.00553096
117 124 0.00140152
117 123 0.00314835
117 121 0.00117005
109 104 0.00087886
109 115 0.00256210
109 109 0.72301347
109 114 0.00611402
109 106 0.00146304
31 33 0.00226865
31 31 0.57969179
86 83 0.03668825
86 85 0.02210322
86 86 0.79089604
86 88 0.01600620
86 87 0.00101212
106 106 0.56690720
106 103 0.03597280
106 112 0.00127074
106 111 0.00084432
97 97 0.71427774
97 96 0.01801662
97 94 0.03634205
95 100 0.00160750
95 94 0.02710402
95 95 0.74399331
95 97 0.00350773
95 92 0.03574916
73 73 0.76222267
8 7 0.00193281
8 8 0.73270173
60 60 0.73566556
40 39 0.00279540
40 40 0.75287264
136 142 0.00143966
136 136 0.41390921
136 141 0.00125094
136 137 0.00208717
136 138 0.00138342
136 139 0.04815818
136 133 0.01268513
136 140 0.02485324
136 134 0.00554298
136 135 0.01162326
136 143 0.00355626
136 145 0.00159384
142 148 0.02744645
142 143 0.00523392
142 145 0.04089445
142 144 0.00131328
142 149 0.00818238
142 140 0.00249105
142 139 0.00875440
142 138 0.00275498
142 151 0.00592819
142 147 0.00199705
142 141 0.00875409
142 146 0.00520057
142 142 0.36163930
64 64 0.75258179
48 48 0.82361085
48 50 0.00801376
22 22 0.73030339
17 17 0.56367492
14 14 0.63083365
74 74 0.86221403
132 131 0.06901215
132 135 0.06928106
132 129 0.02256918
132 133 0.01311917
132 130 0.00699398
132 134 0.00216868
132 141 0.01150359
132 132 0.57176348
132 137 0.00274743
132 138 0.00088030
132 136 0.00115169
132 128 0.00733349
25 25 0.97595941
25 27 0.00531789
111 117 0.01852485
111 108 0.03590332
111 111 0.72455761
105 102 0.03575617
105 105 0.83485452
105 111 0.00354686
105 101 0.00075354
105 110 0.00481889
139 139 0.75570490
139 140 0.01413364
139 134 0.00093064
139 135 0.00538355
139 144 0.00315202
139 148 0.01850665
139 143 0.01693843
139 145 0.00795606
139 136 0.01356602
139 142 0.05178100
139 141 0.00319374
139 146 0.00708337
139 137 0.00884877
139 138 0.03792428
45 45 0.80941887
77 76 0.00063982
77 78 0.00057286
77 79 0.00405121
77 77 0.86568402
33 33 0.58278224
98 95 0.03905298
98 98 0.71956733
98 97 0.00108566
135 136 0.00206156
135 142 0.00287159
135 137 0.00136471
135 141 0.00117391
135 132 0.00236734
135 138 0.05213225
135 133 0.00546159
135 139 0.02115595
135 140 0.00091581
135 134 0.01103709
135 144 0.00083942
135 131 0.00230974
135 135 0.43936898
110 110 0.66871884
110 116 0.00258674
110 105 0.00178804
110 115 0.00070905
110 107 0.03589791
82 79 0.01916594
82 82 0.81131388
82 84 0.01323920
82 81 0.01435124
82 80 0.00076436
124 122 0.00081579
124 123 0.02206497
124 124 0.68253149
124 121 0.00973131
124 130 0.00226711
124 134 0.00271865
124 133 0.01535563
124 127 0.07099119
124 120 0.02441720
124 118 0.00234332
124 128 0.00078563
124 126 0.00055617
124 125 0.00219079
59 59 0.72049861
112 118 0.00130489
112 112 0.55992904
112 109 0.02665709
92 89 0.03351700
92 92 0.89250379
92 94 0.00550801
92 91 0.03283848
99 98 0.00464391
99 96 0.01932459
99 99 0.82577865
52 54 0.00132404
52 52 0.82613532
52 51 0.00487285
39 39 0.76503737
39 41 0.00807434
141 139 0.00456070
141 140 0.02315286
141 144 0.04393662
141 145 0.00788210
141 143 0.00340703
141 148 0.00818922
141 142 0.01571666
141 150 0.00898724
141 137 0.00317498
141 141 0.64056485
141 146 0.00389485
141 147 0.01444761
141 138 0.01210641
24 24 0.89728776
24 25 0.00062759
138 144 0.00323604
138 135 0.01328177
138 145 0.00429146
138 143 0.00393825
138 139 0.00722542
138 140 0.00275159
138 134 0.00422613
138 137 0.01931492
138 141 0.05168721
138 147 0.01204962
138 138 0.72080641
138 136 0.00517857
138 142 0.02343334
2 2 0.83131724
29 31 0.00106894
29 29 0.85620428
100 100 0.58219980
100 97 0.03848365
100 106 0.00122829
100 99 0.00402184
100 103 0.00140787
100 105 0.00667628
12 12 0.68368264
53 55 0.00071650
53 52 0.00500666
53 53 0.89837323
15 15 0.61086662
84 81 0.01314363
84 84 0.77727176
84 86 0.01672728
84 83 0.01694547
84 85 0.00079482
21 21 0.44043628
122 118 0.02384848
122 132 0.00197106
122 126 0.02333943
122 125 0.06701067
122 128 0.00212028
122 124 0.00139734
122 123 0.00273017
122 121 0.07747383
122 122 0.69799387
122 131 0.01813030
122 119 0.01215358
122 120 0.00091427
148 145 0.00622963
148 148 0.56253536
148 149 0.00148235
148 147 0.01054328
148 151 0.00294389
148 141 0.00057733
148 146 0.00418122
148 150 0.00366002
148 142 0.00051368
9 9 0.68057298
102 101 0.00075217
102 108 0.00174078
102 102 0.70937215
102 107 0.00066331
102 99 0.01027553
47 47 0.82248045
47 49 0.00967485
65 65 0.69058621
149 151 0.00376588
149 150 0.00291024
149 148 0.00086793
149 149 0.50225397
94 96 0.00503949
94 94 0.63782566
94 91 0.03498357
94 99 0.00356202
94 93 0.02829403
101 101 0.74820279
101 100 0.00441507
101 106 0.00734259
101 98 0.03846891
101 107 0.00129946
101 104 0.00066725
79 76 0.00067849
79 81 0.00608603
79 79 0.82532437
79 78 0.00151797
88 90 0.01718754
88 87 0.00652939
88 88 0.78883838
88 85 0.00966358
35 35 0.71325143
35 34 0.00324975
35 37 0.00552886
62 62 0.83012245
6 6 0.91602790
6 7 0.00105919
6 5 0.00181223
104 109 0.00546201
104 101 0.02660591
104 104 0.77260425
150 149 0.01086464
150 144 0.00276183
150 148 0.00085989
150 143 0.00060535
150 150 0.59604930
150 146 0.00086331
150 147 0.00101014
150 151 0.00893421
89 86 0.00597058
89 88 0.00412146
89 89 0.58922646
80 79 0.00301023
80 82 0.00418486
80 77 0.00100451
80 80 0.81595707
38 38 0.89484889
38 40 0.00707210
38 37 0.00463235
56 56 0.93843315
118 118 0.61852942
118 116 0.00129358
118 125 0.00211936
118 115 0.03363923
118 122 0.00517358
118 121 0.01546141
118 124 0.00325976
118 117 0.04382696
118 114 0.00181932
118 119 0.01280550
118 127 0.00104103
118 120 0.00472105
133 131 0.00833823
133 135 0.00201233
133 129 0.00164974
133 133 0.56958265
133 139 0.00116268
133 134 0.00781485
133 130 0.02261391
133 137 0.00362617
133 132 0.01543235
133 138 0.00239036
133 136 0.04820424
133 142 0.00939300
133 128 0.00078641
57 57 0.91965102
120 126 0.00198595
120 118 0.00150273
120 116 0.00198848
120 117 0.02590233
120 130 0.00177915
120 119 0.07215326
120 120 0.53603085
120 124 0.02162377
120 123 0.05898091
120 121 0.00585746
120 129 0.01056255
120 122 0.00202612
81 80 0.01328189
81 83 0.00205006
81 81 0.78023503
81 78 0.00433432
81 79 0.00102336
46 46 0.81871349
46 48 0.00407013
16 16 0.36912404
18 18 0.57125035
90 90 0.54157677
90 95 0.00182268
90 87 0.03497136
90 92 0.00198798
90 93 0.00067605
90 89 0.00441998
129 134 0.00292079
129 130 0.00402084
129 127 0.00157672
129 133 0.01303174
129 129 0.59309432
129 122 0.00054257
129 123 0.00108099
129 135 0.00057474
129 126 0.03213232
129 125 0.02451804
129 128 0.04586454
129 138 0.01485795
129 132 0.06828708
67 67 0.64426065
123 125 0.00149960
123 126 0.06989854
123 132 0.01576847
123 133 0.00300331
123 119 0.02030205
123 127 0.02274986
123 120 0.01426781
123 117 0.00196158
123 122 0.07710845
123 129 0.00225433
123 123 0.68608358
123 124 0.00277620
123 121 0.00103857
43 45 0.00983782
43 42 0.00163772
43 43 0.89589545
128 137 0.00167404
128 132 0.00857711
128 126 0.00106913
128 125 0.01299776
128 128 0.58074642
128 131 0.07883519
128 129 0.00297887
128 124 0.00448701
128 127 0.01197422
76 78 0.00321791
76 76 0.85687750
72 72 0.91989072
137 138 0.00268155
137 137 0.64126657
137 141 0.02420880
137 146 0.01680255
137 132 0.00062390
137 136 0.01247002
137 142 0.00486944
137 143 0.00217522
137 144 0.00374277
137 135 0.01535355
137 134 0.01242565
137 140 0.05088694
137 133 0.00354135
137 139 0.00264273
26 26 0.83600080
127 136 0.00638370
127 128 0.00184219
127 126 0.00530733
127 125 0.00227953
127 131 0.00800168
127 123 0.00305291
127 124 0.00569046
127 133 0.00136400
127 127 0.64867384
127 130 0.08107753
127 134 0.00064511
34 36 0.00574175
34 34 0.61247732
119 115 0.00176560
119 128 0.00474744
119 126 0.00165919
119 125 0.00169705
119 116 0.01585126
119 118 0.06553311
119 117 0.00087526
119 120 0.00789358
119 119 0.42345252
119 127 0.00054088
119 122 0.05371177
119 121 0.00236193
119 123 0.01949865
37 39 0.00810261
37 36 0.00315620
37 37 0.78942067
121 119 0.00120285
121 120 0.07939330
121 127 0.00226011
121 117 0.00551638
121 130 0.01745425
121 131 0.00178791
121 124 0.06490575
121 121 0.61037412
121 123 0.00189746
121 122 0.00330334
121 125 0.02409385
121 128 0.00056082
121 118 0.01105954
20 20 0.91361711
145 142 0.00066270
145 147 0.00152227
145 151 0.03726927
145 146 0.00568104
145 149 0.00087296
145 145 0.42059978
145 148 0.00290138
145 144 0.00330848
