80 80 0.69098337
73 73 0.70313117
46 46 0.56709715
46 45 0.00071356
142 142 0.40727999
151 151 0.62009453
151 152 0.05639976
29 28 0.00166251
29 29 0.74917943
127 127 0.92534217
156 156 0.15052873
156 157 0.03024897
38 38 0.59133336
100 100 0.97518850
110 110 0.55455446
85 85 0.64335853
116 116 0.79044908
8 8 0.63210613
82 82 0.60286955
22 22 0.65893404
21 21 0.71980451
115 115 0.64502706
33 33 0.75385021
66 66 0.58735733
93 93 0.92269647
107 107 0.70238991
117 117 0.72602959
65 65 0.59249823
36 36 0.84799144
78 78 0.64708839
50 50 0.98359783
50 49 0.00362968
3 3 0.20708056
109 109 0.48772631
90 90 0.85781186
75 75 0.54337257
128 128 0.63472271
137 137 0.73942882
143 143 0.79324514
134 133 0.00090879
134 134 0.28826495
68 68 0.69340157
97 97 0.66425058
39 39 0.62878772
13 13 0.58520779
144 144 0.77579621
155 156 0.00483307
155 155 0.69253712
58 58 0.40919210
70 70 0.67477762
32 32 0.65838155
136 136 0.48441322
72 72 0.64492281
98 98 0.70477833
35 35 0.85897838
10 10 0.73404378
103 103 0.28628187
102 102 0.53103363
42 42 0.87280258
87 87 0.52711387
77 77 0.59370978
84 84 0.69866123
153 154 0.07615128
153 153 0.66384731
60 60 0.61066477
67 67 0.85709458
118 118 0.58413617
157 157 0.21085504
157 158 0.03208673
34 34 0.81118188
9 9 0.70854694
55 55 0.74700099
95 95 0.30662618
147 149 0.00050437
147 147 0.82706758
147 148 0.00092758
44 44 0.66327205
44 43 0.00246453
135 135 0.48663884
135 134 0.00099313
18 18 0.74070288
86 86 0.59584162
114 114 0.77775370
54 54 0.96088981
12 12 0.62214072
139 139 0.80377236
2 2 0.72874203
146 146 0.77826105
69 69 0.79726515
145 145 0.53153223
88 88 0.49571278
133 133 0.80227774
152 152 0.61270598
152 153 0.06821851
92 92 0.85512321
37 37 0.81117676
113 113 0.70412500
148 148 0.84192529
148 150 0.00069991
148 149 0.00544222
49 49 0.74192314
49 48 0.00541345
16 16 0.81272006
41 41 0.67349657
74 74 0.56837947
150 150 0.64493787
150 151 0.01255180
104 104 0.64168647
11 11 0.75007289
27 27 0.83615006
27 26 0.00244036
122 122 0.86604172
76 76 0.44857277
124 124 0.44033082
94 94 0.93199918
132 132 0.91916733
24 24 0.63161085
154 155 0.00216750
154 154 0.62837894
101 101 0.97543507
126 126 0.55753570
62 62 0.85067478
15 15 0.78242970
43 43 0.71799476
45 44 0.00175473
45 45 0.72899356
123 123 0.57442274
7 7 0.73540233
14 14 0.67347218
59 59 0.57252146
5 5 0.72974189
130 130 0.65489054
19 19 0.79851154
158 159 0.01157888
158 158 0.74879623
89 89 0.58810150
91 91 0.58066725
129 129 0.65350548
105 105 0.74387113
106 106 0.72910208
108 108 0.63014805
160 160 0.89570256
23 23 0.66406179
56 56 0.74962139
83 83 0.56015586
81 81 0.68506560
26 26 0.74762533
26 25 0.00221952
52 52 0.52792668
79 79 0.49563806
31 31 0.79769005
125 125 0.55353107
131 131 0.89060005
140 140 0.54741168
25 25 0.85075162
63 63 0.67771440
30 30 0.88419329
30 29 0.00102478
17 17 0.81806024
120 120 0.45442671
99 99 0.96604959
4 4 0.17110302
57 57 0.73707198
47 47 0.54754572
47 46 0.00622978
51 50 0.00131257
51 51 0.48203590
111 111 0.61043788
64 64 0.75733347
1 1 0.61055654
141 141 0.45473371
159 159 0.50954753
159 160 0.01877182
138 138 0.76130358
71 71 0.78748372
96 96 0.55596832
119 119 0.60175993
48 48 0.79496351
48 47 0.00281327
112 112 0.55767386
6 6 0.72722418
53 53 0.62885071
149 149 0.56600790
149 150 0.00289751
149 151 0.00055995
121 121 0.66327156
40 40 0.75373982
20 20 0.77211281
28 28 0.81157638
28 27 0.00219004
61 61 0.52031717
