89 89 0.80699049
131 131 0.31353245
21 21 0.31445629
11 11 0.83791180
11 12 0.00158677
116 116 0.01552237
143 143 0.86827099
58 58 0.43589047
113 113 0.74743034
69 69 0.31526394
65 65 0.22134188
77 77 0.31526301
88 88 0.68379627
60 60 0.81142247
50 50 0.51507266
44 44 0.93092630
106 106 0.82116444
3 3 0.85851992
74 74 0.99997200
139 139 0.81537307
67 67 0.25916652
13 13 0.78072026
13 14 0.00447346
68 68 0.22171474
105 105 0.78643730
103 103 0.80849366
73 73 0.99993400
9 9 0.83869753
9 10 0.01581712
38 38 0.25777595
141 141 0.81298990
99 99 0.17534352
118 118 0.31524860
98 98 0.74802263
78 78 0.22171494
33 33 0.22172740
22 22 0.01484167
112 112 0.29122106
121 121 0.85741357
83 83 0.75949531
97 97 0.78070676
72 72 0.99987400
117 117 0.22169148
94 94 0.74685523
124 124 0.99944968
39 39 0.31146942
19 19 0.31193156
101 101 0.91395715
140 140 0.85626496
85 85 0.98647087
8 9 0.00321714
8 8 0.85402043
70 70 0.31526833
59 59 0.70938090
54 54 0.74839801
27 27 0.27731861
138 138 0.95231919
25 25 0.22172663
130 130 0.05140220
26 26 0.31303573
14 15 0.00244308
14 14 0.75579992
107 107 0.78865894
35 35 0.22168985
119 119 0.22957211
36 36 0.01484206
32 32 0.31869680
75 75 0.25923030
100 100 0.86736895
20 20 0.25777684
51 51 0.75905069
51 52 0.00064712
90 90 0.21746231
80 80 0.31509303
18 18 0.27013686
55 55 0.04150950
120 120 0.98901074
91 91 0.19643465
104 104 0.79935345
7 7 0.84248906
7 8 0.00079617
110 110 0.72730065
34 34 0.25920785
24 24 0.25920708
123 123 0.99942134
115 115 0.05140578
2 2 0.72969387
76 76 0.31526740
87 87 0.16226042
47 47 0.79876872
47 48 0.00603683
10 10 0.87202248
10 11 0.00097928
92 92 0.77776756
6 6 0.92625325
29 29 0.99165683
129 129 0.01552276
30 30 0.99178790
96 96 0.61187652
132 132 0.34680576
81 81 0.22134188
95 95 0.65008935
42 42 0.86146570
42 43 0.00091733
4 4 0.91483375
16 16 0.93185261
37 37 0.31445443
63 63 0.75941022
137 137 0.63566385
126 126 0.22633290
144 144 0.87641106
127 127 0.31524953
84 84 0.32367723
93 93 0.02290680
43 43 0.85447997
43 44 0.00090192
66 66 0.31509489
109 109 0.45839414
71 71 0.25922130
61 61 0.98988992
82 82 0.26841417
128 128 0.22169072
64 64 0.26841039
52 52 0.74462675
52 51 0.00123894
56 56 0.93144981
49 50 0.00316407
49 49 0.75368284
62 62 0.36573327
142 142 0.17444880
134 134 0.92891573
135 135 0.92144701
108 108 0.86012603
136 136 0.40514461
53 52 0.00205312
53 53 0.02283517
28 28 0.99170041
12 13 0.02095575
12 12 0.56812693
125 125 0.85731579
102 102 0.77746359
114 114 0.31353483
15 16 0.00225615
15 15 0.92148165
133 133 0.46038050
86 86 0.94680616
46 47 0.00529371
46 46 0.60643024
31 31 0.27734238
17 17 0.80819838
1 1 0.91035261
40 40 0.21765279
57 57 0.13643955
111 111 0.67328168
41 41 0.94757836
45 46 0.00474581
45 45 0.75596770
5 5 0.93642178
122 122 0.99979334
48 48 0.73635871
48 49 0.00664555
79 79 0.25916630
23 23 0.22168975
