133 133 0.99750500
46 47 0.12068800
46 45 0.06776360
46 46 0.78613100
117 117 0.25435200
145 145 0.94254700
45 44 0.08642280
45 45 0.74511200
45 46 0.14334900
82 82 0.78212600
94 94 0.99756500
60 60 0.99385700
60 61 0.00091506
60 59 0.00070785
75 75 0.99683700
50 51 0.06641630
50 50 0.86999700
50 49 0.04037700
3 3 0.99550700
3 4 0.00362190
42 41 0.13767900
42 42 0.63381100
42 43 0.21797700
81 81 0.99831900
119 119 0.99971500
22 23 0.35313600
22 20 0.01778750
22 22 0.57466400
22 21 0.04195520
22 24 0.00090774
7 7 0.96506000
7 5 0.00310572
7 8 0.00624926
7 6 0.00551068
39 38 0.14096300
39 39 0.57244500
39 40 0.28054500
114 114 0.99740600
69 69 0.99592100
103 103 0.99733700
149 149 0.94839200
51 50 0.02364450
51 52 0.04642840
51 51 0.90686700
70 70 0.99652200
115 115 0.99745500
19 21 0.00123546
19 20 0.35573300
19 18 0.04610280
19 19 0.57960100
19 17 0.00985130
155 154 0.00088685
155 155 0.99693100
9 7 0.00472523
9 9 0.96701000
9 10 0.00568955
9 8 0.00451848
146 146 0.99812400
32 31 0.04622080
32 30 0.01193420
32 32 0.67160300
32 33 0.25271600
85 86 0.00071730
85 85 0.99622100
113 113 0.99750200
33 33 0.66453900
33 32 0.04976140
33 34 0.24423900
33 31 0.01076480
151 151 0.99782100
147 147 0.96405400
49 50 0.08638010
49 49 0.82878700
49 48 0.05942560
97 97 0.99757500
110 110 0.99758000
99 99 0.99752000
128 128 0.99742600
118 118 0.65898600
15 13 0.00620464
15 14 0.02515430
15 17 0.00122095
15 16 0.19016900
15 15 0.76152200
135 135 0.99634400
135 136 0.00066329
34 34 0.67052300
34 35 0.24294800
34 32 0.00307780
34 33 0.07607260
88 88 0.99686500
139 139 0.99747900
159 159 0.71046400
84 84 0.99734800
48 47 0.06316800
48 49 0.10870900
48 48 0.81876700
122 122 0.99970700
38 37 0.12620500
38 38 0.57830500
38 39 0.27768000
66 66 0.99242100
66 67 0.00078159
66 65 0.00178252
58 58 0.99645000
58 59 0.00066519
31 32 0.26511700
31 29 0.01347620
31 31 0.66471900
31 30 0.04368210
20 19 0.04427300
20 21 0.35584700
20 22 0.00126079
20 20 0.57564500
20 18 0.01133990
52 51 0.00687753
52 52 0.94394900
52 53 0.02631110
80 80 0.99820800
40 39 0.14190900
40 41 0.27337000
40 40 0.57183800
65 65 0.99191700
65 64 0.00198182
65 66 0.00227932
120 120 0.99971400
160 160 0.96590900
123 123 0.65898100
126 126 0.99752100
78 78 0.99833700
16 14 0.00703803
16 18 0.00120821
16 15 0.03574310
16 17 0.33151700
16 16 0.60887600
11 9 0.00522850
11 10 0.00159419
11 12 0.01995970
11 11 0.96992400
89 89 0.99748300
158 158 0.68121400
53 52 0.00391506
53 53 0.96718700
53 54 0.00616705
47 48 0.11456700
47 47 0.81203500
47 46 0.06388300
5 6 0.00831239
5 5 0.96647600
5 4 0.00342829
153 152 0.00062656
153 153 0.99683300
24 23 0.05058260
24 22 0.02209550
24 25 0.32142900
24 26 0.00051191
24 24 0.58213300
106 106 0.99754300
43 42 0.13137300
43 43 0.64673800
43 44 0.21204600
62 63 0.00111892
62 61 0.00247485
62 62 0.99365700
143 143 0.70069700
25 24 0.05181320
25 26 0.30488300
25 25 0.59843400
25 23 0.02227000
41 41 0.57998300
41 40 0.14349300
41 42 0.22563300
144 144 0.69034000
28 28 0.64815500
28 29 0.28068400
28 27 0.04896800
28 26 0.01796700
154 153 0.00106062
154 154 0.99655800
68 67 0.00060604
68 69 0.00054095
68 68 0.99562400
157 157 0.70129200
63 63 0.99265000
63 64 0.00209020
63 62 0.00216126
76 76 0.61331400
109 109 0.99757700
129 129 0.99730600
137 137 0.99689800
67 68 0.00054415
67 66 0.00115718
67 67 0.77826600
4 5 0.00476868
4 3 0.00055337
4 4 0.97504100
108 108 0.99757800
105 105 0.99734300
140 140 0.99757300
138 138 0.99739400
55 56 0.00088767
55 55 0.99347900
55 54 0.00055391
100 100 0.99756300
148 148 0.88699900
37 38 0.25449200
37 35 0.00052211
37 37 0.61606100
37 36 0.11130400
101 101 0.99753500
134 134 0.99735700
72 72 0.99667100
107 107 0.99757200
136 136 0.99629000
36 35 0.09638040
36 34 0.00072109
36 37 0.25069500
36 36 0.63459200
93 93 0.99757700
79 79 0.99832300
121 121 0.99971600
104 104 0.99734400
127 127 0.99740400
132 132 0.99746800
10 8 0.00492900
10 11 0.00520502
10 9 0.00192794
10 10 0.96972700
26 24 0.02148970
26 27 0.29743100
26 26 0.61614200
26 25 0.05376630
102 102 0.99731800
44 44 0.66014700
44 45 0.16544700
44 43 0.12503800
73 73 0.99678500
1 2 0.00054103
1 1 0.99935700
95 95 0.99756500
142 142 0.73042700
141 141 0.74113900
150 150 0.99813700
8 8 0.96683200
8 6 0.00413767
8 7 0.00512426
8 9 0.00580972
59 59 0.99594000
59 60 0.00085973
30 28 0.01419820
30 29 0.04330390
30 31 0.27280100
30 30 0.66544900
96 96 0.99757700
74 74 0.99683200
131 131 0.99743300
125 125 0.66952800
98 98 0.99755000
2 2 0.99870800
2 3 0.00107465
6 6 0.96499400
6 5 0.00614326
6 4 0.00168938
6 7 0.00795439
54 53 0.00093561
54 55 0.00353566
54 54 0.99043100
27 27 0.62770500
27 26 0.05126490
27 25 0.01984770
27 28 0.28175800
86 86 0.99574400
86 85 0.00056526
86 87 0.00114094
91 91 0.99757500
14 12 0.00538963
14 15 0.06603140
14 13 0.01406420
14 14 0.89881000
29 29 0.65394500
29 28 0.04617340
29 30 0.27315700
29 27 0.01606950
152 152 0.86302600
17 19 0.00139484
17 15 0.00775645
17 16 0.04651920
17 17 0.58491900
17 18 0.35328300
56 56 0.99650700
111 111 0.99757600
130 130 0.99737700
23 21 0.02163030
23 25 0.00075567
23 22 0.04293860
23 23 0.56968400
23 24 0.33889200
83 83 0.83038000
12 11 0.00169141
12 12 0.96696100
12 10 0.00529359
12 13 0.02207430
87 88 0.00065172
87 87 0.99596900
112 112 0.99757200
71 71 0.99682000
64 64 0.99214400
64 65 0.00250641
64 63 0.00211522
13 12 0.00279573
13 11 0.00538412
13 13 0.93294800
13 14 0.04409940
35 35 0.65311200
35 34 0.07991950
35 36 0.24687600
35 33 0.00187920
90 90 0.99756400
21 19 0.01411880
21 21 0.57345000
21 22 0.35589200
21 20 0.04307700
21 23 0.00113969
61 62 0.00096580
61 61 0.99345900
61 60 0.00250070
57 57 0.99690100
18 20 0.00128806
18 18 0.58122000
18 19 0.35401700
18 16 0.00855789
18 17 0.04644850
156 155 0.00068581
156 156 0.69025000
116 116 0.66948400
77 77 0.78141700
92 92 0.99757900
124 124 0.25437900
