23 22 0.11066200
23 23 0.86601200
23 21 0.00228495
23 25 0.00661483
23 24 0.00303426
12 11 0.00135267
12 12 0.98175500
12 14 0.00068152
12 13 0.00146167
83 83 0.95946500
71 70 0.00073829
71 71 0.99786600
87 86 0.00113992
87 87 0.98747400
112 112 0.98907900
64 64 0.99921100
13 12 0.00499740
13 15 0.00096414
13 13 0.97131300
13 14 0.00376099
35 34 0.00261568
35 35 0.83406800
35 36 0.14375800
90 90 0.98906500
21 19 0.00210081
21 22 0.00298068
21 23 0.00638582
21 20 0.11699000
21 21 0.85846100
61 61 0.12929000
57 57 0.98901100
156 156 0.68474600
116 116 0.98901200
18 17 0.12261500
18 16 0.00169115
18 19 0.00774554
18 18 0.85163100
18 20 0.00278458
77 77 0.56252900
124 124 0.98906200
92 92 0.98908000
96 96 0.98907800
125 125 0.98906800
74 74 0.12930000
131 131 0.98897400
27 27 0.94593600
27 26 0.03643580
27 29 0.00313171
54 55 0.00208779
54 54 0.98277500
54 53 0.00241593
98 98 0.98905100
6 8 0.00067069
6 6 0.99002400
6 7 0.00085988
2 2 0.90077100
86 85 0.00072041
86 86 0.98724800
91 91 0.98907600
14 16 0.00125365
14 15 0.00600766
14 13 0.01286440
14 14 0.96070700
29 28 0.01353910
29 29 0.97200300
29 31 0.00089812
152 153 0.00095344
152 152 0.89330100
56 56 0.98855900
17 19 0.00226012
17 17 0.85154900
17 16 0.11528600
17 15 0.00153985
17 18 0.00889554
111 111 0.98907800
130 130 0.98892800
36 35 0.01043410
36 37 0.26495600
36 36 0.66843000
93 93 0.98907900
121 121 0.98907700
79 79 0.98987300
127 127 0.98900200
104 104 0.98884600
10 10 0.98785600
10 9 0.00121323
132 132 0.98900900
26 25 0.03963160
26 28 0.00365049
26 24 0.00052179
26 26 0.94195700
102 102 0.98882100
44 46 0.00779450
44 44 0.36171600
44 45 0.52907900
44 43 0.08499860
73 73 0.45840200
95 95 0.98906600
1 1 0.98908600
142 142 0.68298600
8 8 0.98887000
8 9 0.00100104
8 10 0.00059054
141 141 0.65115400
150 151 0.00053339
150 150 0.99849100
30 31 0.00050723
30 30 0.98392600
30 29 0.00334717
30 32 0.00058060
59 59 0.58154900
67 67 0.99810500
4 4 0.15898500
108 108 0.98904400
105 105 0.98884400
140 140 0.95138200
138 138 0.84727100
55 54 0.00131493
55 55 0.98567400
100 100 0.98906400
148 148 0.59233300
101 101 0.98903600
37 36 0.05458910
37 38 0.38664600
37 37 0.53947200
136 136 0.08795040
72 72 0.01746890
107 107 0.98906500
134 134 0.98905800
160 160 0.96297900
120 120 0.98907800
65 65 0.99866800
65 66 0.00057722
40 40 0.32821700
40 39 0.11376600
40 41 0.54500800
126 126 0.98903200
78 78 0.98993100
123 123 0.98897300
16 17 0.00999190
16 16 0.85983900
16 15 0.06492970
16 18 0.00180288
11 10 0.00128439
11 13 0.00055256
11 11 0.98668200
89 89 0.98898400
53 53 0.96068100
53 52 0.01087400
53 54 0.00384460
158 158 0.67102700
47 48 0.45472200
47 49 0.00879203
47 47 0.45147000
47 46 0.04834250
153 154 0.00136792
153 153 0.74760600
5 6 0.00078255
5 5 0.09679960
62 62 0.45839600
106 106 0.98904200
43 42 0.10478300
43 43 0.34036900
43 44 0.53224300
43 45 0.00627381
24 26 0.00631054
24 24 0.88686400
24 22 0.00209847
24 23 0.08993060
24 25 0.00175976
143 143 0.54423400
144 144 0.54267300
28 28 0.96936100
28 27 0.01564430
28 30 0.00128212
41 40 0.11371600
41 41 0.32607300
41 42 0.54630900
41 43 0.00087582
25 25 0.91363400
25 23 0.00208691
25 24 0.06476120
25 27 0.00594675
25 26 0.00057671
68 68 0.99788400
154 154 0.99751000
154 155 0.00112629
157 157 0.71061300
76 76 0.55202300
63 63 0.01745490
129 129 0.98886600
109 109 0.98907300
137 137 0.28520900
88 87 0.00065083
88 88 0.98836700
159 159 0.69555800
84 84 0.98883700
139 139 0.96288100
48 48 0.47786800
48 49 0.26843600
48 50 0.00911203
48 47 0.04593230
122 122 0.98903300
58 58 0.61322100
38 39 0.50795700
38 38 0.37416300
38 37 0.06227210
66 66 0.83179900
31 33 0.00054002
31 32 0.00116346
31 30 0.00174893
31 31 0.98535600
52 51 0.01929200
52 52 0.93804100
52 53 0.01730880
20 19 0.11984400
20 22 0.00504513
20 20 0.85524600
20 18 0.00203558
20 21 0.00452146
80 80 0.98974500
9 9 0.98785900
9 10 0.00087584
155 156 0.00072689
155 155 0.99799500
32 34 0.00051462
32 31 0.00157161
32 33 0.00158918
32 32 0.98519700
146 146 0.95563500
85 86 0.00056392
85 85 0.98772000
113 113 0.98905500
151 151 0.99835100
151 152 0.00074638
33 34 0.00473481
33 35 0.00051942
33 33 0.98204400
33 32 0.00135932
147 147 0.88583700
49 48 0.04416820
49 49 0.66577100
49 51 0.00471142
49 50 0.18219500
97 97 0.98907600
110 110 0.98908100
99 99 0.98902100
128 128 0.98899000
118 118 0.98906500
15 14 0.02068210
15 17 0.00152733
15 16 0.00799476
15 15 0.91259400
34 33 0.00150602
34 34 0.96332300
34 35 0.02232260
135 135 0.98894400
46 45 0.05720560
46 47 0.47956800
46 46 0.41831300
46 48 0.00915575
133 133 0.98906200
45 46 0.50388400
45 44 0.06616710
45 45 0.38533400
45 47 0.00894976
145 145 0.84948000
117 117 0.98897700
94 94 0.98906600
82 82 0.93830800
60 60 0.12884400
3 3 0.74531300
50 51 0.10650900
50 52 0.00085875
50 50 0.76145700
50 49 0.03539700
75 75 0.12883700
42 42 0.33281800
42 43 0.53853700
42 41 0.10770200
42 44 0.00349465
81 81 0.98984500
22 23 0.00278931
22 20 0.00230910
22 22 0.86280300
22 21 0.11421100
22 24 0.00656996
7 7 0.98915200
7 9 0.00067577
7 8 0.00108284
119 119 0.98907700
69 68 0.00066970
69 69 0.99766300
114 114 0.98904500
39 40 0.52511200
39 39 0.34884200
39 38 0.10630800
103 103 0.98883900
149 149 0.93633500
51 52 0.03070320
51 51 0.84975700
51 50 0.02742930
115 115 0.98898800
70 70 0.83115300
70 69 0.00081029
19 21 0.00376568
19 20 0.00612071
19 18 0.12061100
19 19 0.85420400
19 17 0.00198497
