82 82 0.39330700
94 94 0.37429700
117 117 0.29800000
45 45 0.98131800
145 145 0.68340200
133 133 0.28978200
46 46 0.39971700
81 81 0.30189700
42 42 0.98130800
75 75 0.38224000
50 50 0.99997100
3 3 0.32812000
60 60 0.37164500
103 103 0.77836500
39 39 0.28429800
114 114 0.39475600
69 69 0.31178400
119 119 0.98533200
7 7 0.99165100
22 22 0.99408600
19 19 0.36889100
70 70 0.28934500
115 115 0.96981700
51 51 0.99996900
149 149 0.30636500
85 85 0.88006700
32 32 0.45295600
146 146 0.84719100
155 155 0.83186800
9 9 0.87557000
49 49 0.28307600
147 147 0.45685700
151 151 0.43468700
33 33 0.77004700
113 113 0.29000100
128 128 0.29000200
99 99 0.29042100
110 110 0.98755500
97 97 0.39488000
135 135 0.23690200
34 34 0.80934300
15 15 0.39121200
118 118 0.29460100
48 48 0.39974200
139 139 0.29041100
84 84 0.62724200
159 159 0.99488700
88 88 0.30350700
31 31 0.49375000
38 38 0.39177300
66 66 0.06682510
58 58 0.36583000
122 122 0.98532700
80 80 0.40971900
20 20 0.06682950
52 52 0.97418000
11 11 0.69163900
16 16 0.28934600
126 126 0.98945300
123 123 0.28686600
78 78 0.30536400
40 40 0.38659400
65 65 0.40394700
120 120 0.98533000
160 160 0.99686400
24 24 0.28871400
106 106 0.29199000
43 43 0.98131400
62 62 0.28871400
5 5 0.31685300
153 153 0.91231700
53 53 0.68370500
158 158 0.93652900
47 47 0.30107400
89 89 0.35619000
157 157 0.99107900
154 154 0.60951300
68 68 0.96910500
25 25 0.28992800
41 41 0.98130900
144 144 0.75301300
28 28 0.54071700
143 143 0.29556600
137 137 0.39492200
109 109 0.98755100
129 129 0.39346900
63 63 0.99409800
76 76 0.98963100
108 108 0.31359100
4 4 0.42819300
67 67 0.34711500
100 100 0.39492100
55 55 0.54004600
138 138 0.29042000
140 140 0.39488100
105 105 0.39492100
101 101 0.99999000
37 37 0.32223600
148 148 0.35575700
134 134 0.39492200
107 107 0.29924800
72 72 0.31407400
136 136 0.43700400
104 104 0.45851500
127 127 0.39475700
79 79 0.30663500
121 121 0.98533200
93 93 0.84392900
36 36 0.95647700
102 102 0.43700300
26 26 0.43009000
132 132 0.28681200
10 10 0.76125300
1 1 0.54285000
73 73 0.35349600
95 95 0.32609400
44 44 0.98131700
59 59 0.17539900
30 30 0.47735600
150 150 0.30019700
141 141 0.29304100
8 8 0.87378800
142 142 0.28466600
2 2 0.45109700
98 98 0.29041200
6 6 0.34407800
54 54 0.47912000
27 27 0.17605400
74 74 0.55775400
131 131 0.30336100
125 125 0.28560700
96 96 0.29314700
14 14 0.28205100
86 86 0.37435100
91 91 0.93560500
17 17 0.28124100
56 56 0.79500300
152 152 0.90601300
29 29 0.76592100
130 130 0.29226900
111 111 0.29227000
87 87 0.29904100
71 71 0.39121200
112 112 0.39347000
83 83 0.33866400
12 12 0.73335700
23 23 0.99408600
90 90 0.41337400
35 35 0.99996000
13 13 0.32324900
64 64 0.97145600
57 57 0.53136600
61 61 0.28992700
21 21 0.38165100
92 92 0.44958400
124 124 0.28685700
77 77 0.98750100
18 18 0.96272700
116 116 0.32939400
156 156 0.97106000
