37 37 0.95087399
11 11 0.93795306
44 44 0.55477474
131 131 0.58551564
109 109 0.50163396
86 86 0.97826494
107 107 0.57018627
155 155 0.86088146
7 7 0.62332150
144 144 0.82914197
55 55 0.33435339
105 105 0.57028878
158 158 0.45439829
114 114 0.95207990
8 8 0.57364722
137 137 0.61094788
97 97 0.88729266
27 27 0.53869462
81 81 0.37777667
72 72 0.42044463
140 140 0.73461195
69 69 0.73588472
113 113 0.91834832
121 121 0.58979582
2 2 0.94520082
57 57 0.31528808
130 130 0.69349028
30 30 0.24675958
19 19 0.39222860
31 31 0.86321251
157 157 0.40621603
99 99 0.88796691
156 156 0.53077960
14 14 0.77020306
74 74 0.38668667
147 147 0.10487647
41 41 0.98504575
142 142 0.76620538
104 104 0.88062670
58 58 0.51087847
47 47 0.61133772
120 120 0.80254936
23 23 0.54178622
38 38 0.97463324
112 112 0.92261315
50 50 0.73878845
87 87 0.52364768
18 18 0.59871893
25 25 0.98958331
89 89 0.52296312
139 139 0.74761424
35 35 0.99884590
77 77 0.85347594
150 150 0.46336247
51 51 0.84926354
149 149 0.59768842
28 28 0.41971791
90 90 0.52096019
94 94 0.46270219
78 78 0.30094967
100 100 0.44955360
13 13 0.75349701
124 124 0.33880357
83 83 0.92860270
54 54 0.39394821
24 24 0.61017431
125 125 0.52344146
39 39 0.86387752
15 15 0.53709818
135 135 0.79790414
49 49 0.53248724
65 65 0.74935282
17 17 0.86812988
68 68 0.63338641
141 141 0.64648438
118 118 0.11613717
64 64 0.59783205
132 132 0.49663386
123 123 0.21820490
9 9 0.43886785
20 20 0.53486566
151 151 0.48336774
63 63 0.82930664
92 92 0.88601688
91 91 0.55835383
22 22 0.54137903
4 4 0.62572424
70 70 0.70137263
127 127 0.61386925
62 62 0.57191066
42 42 0.94871603
43 43 0.55106277
117 117 0.51219447
98 98 0.96124759
3 3 0.82972621
143 143 0.79157842
79 79 0.44648482
60 60 0.54682089
106 106 0.50062312
76 76 0.73583410
88 88 0.50330232
53 53 0.52903262
111 111 0.50643313
160 160 0.52442581
152 152 0.77625979
110 110 0.77718509
52 52 0.50278691
75 75 0.48917894
85 85 0.58068770
36 36 0.99894440
21 21 0.42003361
126 126 0.54510432
84 84 0.96146916
116 116 0.58039730
115 115 0.39631284
12 12 0.72256770
122 122 0.33467911
56 56 0.33617832
136 136 0.63148379
154 154 0.83648013
32 32 0.49386309
46 46 0.54091940
45 44 0.00055358
45 45 0.99392018
128 128 0.94338028
48 48 0.50140652
59 59 0.44349878
33 33 0.67462745
95 95 0.36161940
129 129 0.60500599
6 6 0.56665608
66 66 0.59172720
159 159 0.42159985
103 103 0.89428775
40 40 0.99927131
61 61 0.49699520
73 73 0.39117170
108 108 0.56995751
1 1 0.98402418
10 10 0.61503400
138 138 0.30218317
29 29 0.51263254
153 153 0.64622956
133 133 0.55378242
146 146 0.46871855
26 26 0.98958396
80 80 0.55049154
145 145 0.83445710
71 71 0.89088636
119 119 0.83994955
16 16 0.75818714
148 148 0.57663386
93 93 0.74483435
82 82 0.91104144
34 34 0.91726082
102 102 0.57823689
101 101 0.50031091
5 5 0.53028157
96 96 0.42195807
67 67 0.58391534
134 134 0.57746919
