61 52 0.11870800
61 51 0.00082969
61 53 0.38130200
58 49 0.00243047
58 50 0.05254340
58 51 0.02703320
128 113 0.17220600
128 115 0.04006080
128 114 0.02598340
128 112 0.04181260
83 71 0.32767900
83 70 0.53597800
83 72 0.02602450
83 73 0.00065120
25 25 0.82706900
88 75 0.00691491
88 77 0.00204216
88 76 0.00458999
129 113 0.03244220
129 115 0.16620500
129 116 0.00279609
129 114 0.12826500
138 122 0.00157085
138 123 0.71083400
35 34 0.00390135
35 35 0.90874600
134 120 0.01813940
134 118 0.01511650
134 119 0.85182800
134 121 0.00334238
65 55 0.00129847
65 57 0.00113199
65 56 0.11036200
70 60 0.12272800
70 61 0.01365110
111 98 0.00075251
111 101 0.00442404
111 97 0.41757200
111 99 0.00516481
111 96 0.07540830
92 79 0.01059130
92 80 0.00240011
92 78 0.00199193
41 40 0.23180300
41 41 0.43645600
41 39 0.00266960
87 75 0.08460040
87 74 0.20758900
147 132 0.20376500
115 103 0.01004280
115 100 0.24874500
115 101 0.26340200
115 105 0.00443956
115 99 0.00261019
115 104 0.00056720
115 102 0.00134740
16 16 0.92731600
16 17 0.00330801
121 109 0.00578686
121 105 0.02270410
121 110 0.00101297
121 106 0.61359700
121 107 0.25245500
121 111 0.00176531
121 108 0.00423809
121 104 0.00162681
48 46 0.00112543
48 41 0.00651058
48 45 0.00133803
48 47 0.00055058
48 43 0.00071334
48 42 0.00275436
48 40 0.01026650
48 48 0.02085380
60 51 0.10999700
60 53 0.00169939
60 52 0.80345300
107 95 0.00355529
107 93 0.75753000
107 94 0.00206500
107 92 0.03573530
123 111 0.00093155
123 107 0.02839770
123 108 0.61811500
123 109 0.24813600
123 106 0.00168119
123 110 0.00647361
123 112 0.00098504
20 20 0.24298400
20 21 0.00057170
54 47 0.00454528
54 46 0.57897000
37 36 0.01921920
37 37 0.80542400
90 78 0.11090000
90 76 0.00229364
90 77 0.73771800
74 63 0.10884400
74 62 0.00178704
74 64 0.72311500
74 65 0.00275207
9 11 0.00126166
9 10 0.00089532
9 9 0.45602600
17 17 0.92032200
17 18 0.00889577
17 19 0.00184743
76 64 0.00193846
76 66 0.00559183
76 65 0.00827990
104 89 0.01294880
104 92 0.05629470
104 90 0.44452900
104 91 0.03512410
28 28 0.92504600
108 93 0.01163420
108 94 0.26814300
108 95 0.00654814
108 96 0.00238195
24 24 0.77787400
29 29 0.92318100
81 71 0.00672700
81 70 0.12840500
81 68 0.00959077
81 69 0.19724200
143 128 0.86367400
106 92 0.10287900
106 91 0.03043940
106 93 0.00141450
106 94 0.00053275
11 13 0.00163561
11 11 0.74600100
122 109 0.00530534
122 105 0.00165435
122 110 0.00511945
122 106 0.02552800
122 111 0.00104366
122 107 0.61582200
122 108 0.24794800
72 62 0.00861669
72 63 0.00115831
72 61 0.00125949
42 39 0.00061792
42 42 0.39119100
42 40 0.02281620
42 41 0.23845200
98 86 0.00191564
98 84 0.00852875
98 85 0.05740250
23 23 0.64728400
142 127 0.72556800
99 88 0.00050092
99 86 0.03416140
99 85 0.11265700
99 87 0.09872380
136 120 0.00843065
136 123 0.00052638
136 121 0.73163000
136 122 0.00138142
51 47 0.00225968
51 43 0.10786900
51 42 0.00146257
51 46 0.00074843
51 45 0.00055510
51 41 0.00115969
53 46 0.00085531
53 45 0.04881860
53 47 0.00058536
53 48 0.00244755
19 20 0.00143853
19 19 0.38400900
19 18 0.00061484
12 12 0.93851600
12 13 0.00295155
75 63 0.00707958
75 66 0.00063407
75 64 0.20682500
75 65 0.63710400
56 47 0.00106383
56 49 0.00112758
56 48 0.02013140
22 22 0.69054900
112 102 0.00449401
112 97 0.20429800
112 101 0.00060642
112 100 0.00601489
112 98 0.02081720
95 81 0.07108980
95 83 0.00139760
95 82 0.02782780
119 107 0.00824438
119 108 0.00053554
119 104 0.60996600
119 109 0.00365276
119 103 0.01747440
119 105 0.26169100
119 106 0.00231385
119 102 0.00158310
46 46 0.00707029
46 45 0.00729335
46 41 0.00232096
46 39 0.00234478
46 42 0.00147308
46 40 0.00560718
55 47 0.00887546
55 48 0.00964698
40 40 0.53021300
40 38 0.00071807
40 39 0.08866810
57 50 0.00066713
57 49 0.26551000
57 48 0.00424569
38 37 0.07323310
38 38 0.58554800
135 119 0.01173040
135 120 0.87785500
135 121 0.00487992
135 122 0.00244471
86 73 0.29887500
86 74 0.00394219
32 32 0.38276400
44 41 0.00378248
44 43 0.01165990
44 44 0.06567260
44 42 0.00455365
44 40 0.00107665
30 30 0.81385100
5 5 0.72672500
5 7 0.00115504
5 6 0.00102028
110 96 0.01540160
110 95 0.03866430
110 97 0.00051134
110 98 0.00061708
6 6 0.90228600
6 8 0.00095342
79 68 0.07329230
79 69 0.23739500
79 67 0.00065299
14 14 0.93746600
14 15 0.00362273
116 105 0.00053605
116 106 0.00442398
116 102 0.25992300
116 103 0.00142098
116 100 0.00712275
116 101 0.61796600
116 104 0.01003750
118 102 0.01524970
118 106 0.00963859
118 105 0.00182617
118 103 0.61265200
118 104 0.26664300
118 108 0.00423695
118 101 0.00141427
118 107 0.00050355
132 117 0.72354000
132 116 0.01808660
132 118 0.12890800
132 119 0.01380350
113 103 0.00452211
113 99 0.03537560
113 102 0.00057161
113 98 0.19683900
113 101 0.01016330
113 100 0.00059106
71 60 0.04868410
71 62 0.02895160
71 61 0.01656460
120 109 0.00077797
120 103 0.00160683
120 105 0.61180200
120 110 0.00310557
120 106 0.25684400
120 107 0.00334016
120 108 0.00688149
120 104 0.01986010
39 38 0.09776950
39 39 0.60209300
124 110 0.22524400
124 113 0.00075714
124 109 0.60010900
124 108 0.03158560
124 111 0.01462420
124 107 0.00127596
64 55 0.02685580
64 56 0.06337300
64 54 0.00286526
139 124 0.72596300
146 131 0.76089000
13 14 0.00311374
13 13 0.93806300
8 10 0.00085010
8 8 0.63797500
140 125 0.51837200
144 129 0.98712300
34 34 0.91627000
102 88 0.44379200
102 89 0.00810066
102 90 0.00718267
149 134 0.99878300
85 72 0.50919400
85 73 0.04673010
105 92 0.04346150
105 93 0.00058029
105 90 0.01343670
105 91 0.80672400
148 133 0.81246600
73 63 0.23608400
73 62 0.00219228
73 61 0.00100175
73 64 0.03333000
137 121 0.00193726
137 122 0.88540600
21 21 0.63600200
101 89 0.03885880
101 88 0.04148140
101 87 0.34649500
84 72 0.30796400
84 73 0.00859202
84 71 0.58221300
10 10 0.61518600
10 11 0.00064630
10 12 0.00176938
103 88 0.01553360
103 89 0.79251800
103 91 0.05900310
103 90 0.03196110
127 111 0.04664450
127 114 0.00357895
127 113 0.16712700
127 112 0.61792300
67 59 0.00154688
67 57 0.03311050
67 58 0.01725000
141 126 0.86451100
1 2 0.00162087
1 1 0.99798700
133 119 0.03023470
133 118 0.74079800
133 117 0.01835400
133 120 0.00467023
47 43 0.00414651
47 47 0.07373270
47 39 0.00123365
47 40 0.00824237
47 42 0.00772024
47 46 0.01978730
47 45 0.00111914
47 41 0.01083780
68 60 0.01572850
68 58 0.00122632
68 59 0.01672730
96 82 0.00201164
96 83 0.01595240
96 84 0.03309060
36 36 0.90119900
36 35 0.01175990
82 71 0.03985800
82 70 0.25495600
82 72 0.00244699
82 69 0.21118500
77 67 0.18818800
77 66 0.11185000
77 65 0.00107796
145 130 0.81593300
2 3 0.00247742
2 2 0.01550580
94 81 0.79973200
94 82 0.00563984
94 80 0.00156004
93 81 0.10266500
93 79 0.02886120
93 80 0.02965940
151 136 0.99986400
69 61 0.00142576
69 59 0.07915990
69 60 0.73529300
27 27 0.83620400
89 76 0.68973100
89 77 0.18309900
89 75 0.00064709
66 56 0.00117022
66 57 0.02317650
66 58 0.02832050
7 9 0.00101933
7 7 0.79066500
52 45 0.00089451
52 46 0.01389430
52 42 0.00151181
52 47 0.00104977
52 44 0.06839610
80 70 0.03693190
80 68 0.00611709
80 69 0.31032700
80 67 0.00050653
131 116 0.68981400
131 115 0.02769240
131 118 0.02172930
131 117 0.14137300
97 83 0.02972180
97 84 0.01551200
97 85 0.00121665
62 52 0.00398872
62 53 0.10890400
62 54 0.01088540
126 113 0.03228310
126 110 0.05392210
126 112 0.18774700
126 111 0.52840500
125 111 0.19237900
125 108 0.00081220
125 109 0.04995270
125 110 0.59068000
125 112 0.01913610
150 135 0.99911900
114 103 0.00055654
114 99 0.10886500
114 102 0.01006420
114 100 0.04434040
114 101 0.00129602
114 104 0.00445690
45 45 0.15801600
45 41 0.00145951
45 44 0.00506261
45 39 0.00346219
45 43 0.00070852
45 40 0.00117901
45 42 0.00138150
45 38 0.00116351
31 31 0.57901100
4 6 0.00178528
4 4 0.72458400
4 5 0.00404319
50 43 0.00419081
50 47 0.00338802
50 40 0.00082719
50 42 0.16465400
50 46 0.00083983
50 41 0.00094117
63 55 0.02806090
63 53 0.00551755
63 54 0.01063690
100 86 0.01324660
100 88 0.04537240
100 87 0.03149620
100 85 0.00346001
18 20 0.00210968
18 17 0.00055413
18 19 0.00109901
18 18 0.75162600
3 3 0.98228300
3 5 0.00078097
3 4 0.00806457
43 43 0.16051600
43 42 0.27426800
43 40 0.00612969
43 41 0.02365140
26 26 0.91017600
59 51 0.81346600
59 50 0.00119350
59 52 0.02526580
78 68 0.19045000
78 67 0.02249080
109 95 0.00994265
109 97 0.00188754
109 96 0.00309090
109 94 0.00318912
117 107 0.00432704
117 101 0.01509210
117 104 0.00144673
117 103 0.26040300
117 105 0.00976688
117 102 0.62110400
33 33 0.50084600
91 78 0.24036600
91 79 0.00324552
91 77 0.05977950
49 46 0.00086954
49 41 0.03236980
49 48 0.00072406
49 42 0.00346442
49 49 0.00425037
130 114 0.02972930
130 117 0.02322010
130 115 0.66017100
130 116 0.14107000
15 16 0.00348253
15 15 0.93455800
