121 121 0.43029647
6 6 0.78353158
122 122 0.49776030
59 59 0.74770103
59 57 0.00700367
59 56 0.00148523
59 58 0.06487092
40 40 0.30836158
40 41 0.00141675
61 62 0.00154994
61 61 0.46560886
61 60 0.00716866
61 59 0.00131837
60 61 0.00121850
60 57 0.00103199
60 60 0.57213104
60 58 0.00419895
60 59 0.12068354
102 102 0.82566144
102 101 0.10530210
102 103 0.00151519
140 140 0.75651804
158 158 0.75030404
158 157 0.02628200
158 159 0.00202383
110 110 0.75210004
110 109 0.00072644
115 114 0.00072991
115 115 0.93669304
56 55 0.00951953
56 56 0.57742590
56 54 0.02962225
23 24 0.00066246
23 23 0.62378899
86 86 0.89011731
49 50 0.00124287
49 48 0.01723748
49 49 0.58578359
49 47 0.01222033
26 27 0.00287044
26 26 0.70569543
50 49 0.00899376
50 48 0.01831210
50 50 0.54437856
50 51 0.00173328
133 133 0.64173479
119 119 0.26235291
128 128 0.77954041
109 109 0.39860147
109 108 0.00195112
150 149 0.10785312
150 151 0.00405576
150 150 0.69367245
53 52 0.00703057
53 53 0.52901117
53 51 0.00262970
81 82 0.00098025
81 81 0.51563998
81 80 0.02265722
52 52 0.60934776
52 50 0.00152111
52 51 0.00785907
28 28 0.71699329
28 29 0.00293565
73 72 0.03764440
73 73 0.86245226
57 57 0.59929146
57 56 0.03102063
57 55 0.01197463
57 54 0.00241491
76 76 0.66055975
76 75 0.02303798
76 77 0.00073043
4 3 0.00078853
4 4 0.40697346
93 94 0.00463109
93 93 0.73921802
32 32 0.63109882
32 33 0.00054378
77 76 0.01179953
77 77 0.35243529
120 120 0.49373592
24 22 0.00054988
24 24 0.76120837
31 31 0.63526785
31 30 0.00238323
136 136 0.85314998
91 92 0.00139698
91 91 0.64524962
152 153 0.00413779
152 152 0.79665007
152 150 0.00227819
152 151 0.11484781
137 137 0.72347197
78 78 0.46807163
78 79 0.00071768
78 77 0.02991060
18 15 0.00126628
18 19 0.00188899
18 18 0.65454322
30 30 0.73023570
30 31 0.00074819
68 68 0.47312988
68 67 0.04250128
124 124 0.70926262
62 61 0.00730465
62 62 0.49207878
62 63 0.00163088
159 159 0.83543890
159 158 0.00986969
159 160 0.00168771
7 7 0.93244195
101 101 0.62656495
101 100 0.05961614
132 132 0.59652752
135 135 0.85644122
27 27 0.68542632
27 28 0.00267399
1 1 0.97193816
36 36 0.92464005
21 20 0.00140032
21 22 0.00103806
21 21 0.52821932
88 88 0.84136253
67 68 0.00402654
67 66 0.04219036
67 67 0.57565182
146 145 0.04272699
146 146 0.54988310
146 147 0.00245576
106 106 0.61489824
106 107 0.00050458
106 105 0.05248166
54 52 0.00999863
54 53 0.00606135
54 54 0.73960822
131 131 0.60507945
153 154 0.00483363
153 151 0.00205850
153 153 0.79400615
153 152 0.12525099
117 116 0.00164778
117 117 0.31546042
94 95 0.00368784
94 94 0.73602393
45 45 0.71808691
45 44 0.02473085
45 43 0.00113476
45 46 0.00200172
143 142 0.00263290
143 143 0.65004844
17 14 0.00054249
17 18 0.00136111
17 17 0.82329177
89 89 0.71013799
14 14 0.65365585
141 141 0.83015392
141 140 0.00144239
111 111 0.79267575
111 110 0.00063383
25 25 0.73586456
5 5 0.51580995
12 12 0.35949287
118 118 0.37739091
64 65 0.00051983
64 64 0.72648219
64 63 0.18055545
51 49 0.00191092
51 51 0.43570458
51 50 0.00893955
69 68 0.03355976
69 69 0.58705538
160 159 0.00182964
160 160 0.96642586
65 66 0.00216590
65 65 0.43894513
65 64 0.17137086
154 153 0.12003138
154 152 0.00187286
154 155 0.00456540
154 154 0.50000095
156 157 0.00643564
156 155 0.04778951
156 154 0.00147923
156 156 0.64161986
116 116 0.84542629
116 115 0.00095059
84 84 0.79561770
155 153 0.00178526
155 152 0.00105900
155 156 0.00467639
155 155 0.79924182
155 154 0.15070546
19 20 0.00087114
19 19 0.63248620
19 16 0.00061800
75 75 0.69723738
75 74 0.03641042
100 101 0.00064121
100 99 0.03995175
100 100 0.63630418
92 92 0.78783576
92 93 0.00393350
90 91 0.00067077
90 90 0.83266888
79 78 0.00277449
79 79 0.79328384
79 80 0.00078811
95 96 0.00387209
95 95 0.59301403
114 113 0.00051420
114 115 0.00077181
114 114 0.97994358
127 127 0.68672829
37 37 0.96770535
139 139 0.78603049
46 45 0.02590065
46 47 0.00241824
46 46 0.75092966
46 44 0.00230329
8 8 0.77727416
42 43 0.00622089
42 41 0.00841425
42 42 0.63302678
74 73 0.03644682
74 74 0.82983950
125 125 0.63550970
22 23 0.00101662
22 22 0.74042095
2 2 0.90038015
15 15 0.65110031
97 98 0.00478188
97 96 0.00265236
97 97 0.90034026
144 143 0.00351240
144 144 0.55198029
138 138 0.65694978
134 134 0.69750277
39 39 0.88751198
80 80 0.53638620
80 79 0.02823854
80 81 0.00087349
38 38 0.90620204
20 17 0.00107271
20 21 0.00139323
20 19 0.00074961
20 18 0.00104244
20 20 0.60009700
113 113 0.98049558
113 112 0.00058669
113 114 0.00054111
34 34 0.97143517
34 33 0.00061103
33 33 0.71828210
66 65 0.14240940
66 66 0.26483987
85 85 0.78320017
147 146 0.07509217
147 147 0.50601036
147 148 0.00349332
41 42 0.00344956
41 41 0.41325587
71 70 0.04428824
71 71 0.87868697
87 87 0.70303395
55 55 0.71904365
55 53 0.00273155
55 54 0.00653407
148 149 0.00294424
148 148 0.55640774
148 147 0.00448758
16 16 0.74523027
16 17 0.00057700
47 47 0.69374090
47 46 0.01706751
47 45 0.00327923
47 48 0.00176128
130 130 0.59674868
96 97 0.00363730
96 95 0.00105970
96 96 0.72929954
108 108 0.32232776
108 107 0.00192950
63 64 0.00135190
63 63 0.64723254
63 62 0.01233929
82 82 0.80106241
82 81 0.01605256
129 129 0.59763774
11 11 0.73966632
126 126 0.49769102
10 10 0.88519747
104 105 0.00285045
104 104 0.47164518
104 103 0.00474142
112 112 0.96773008
3 3 0.38236660
3 2 0.00132916
35 35 0.88782570
44 43 0.00202680
44 44 0.67661813
44 42 0.00076704
44 45 0.00289296
99 100 0.00094788
99 99 0.58907943
99 98 0.07065347
107 107 0.12505561
107 106 0.01960574
103 103 0.83095005
103 104 0.00133934
103 102 0.08577912
123 123 0.87187475
83 82 0.00338945
83 83 0.74518614
29 29 0.61915261
29 30 0.00296976
157 156 0.03431099
157 155 0.00053433
157 157 0.81887013
157 158 0.00397676
98 97 0.01442306
98 98 0.76152456
98 99 0.00376766
13 13 0.28854475
142 142 0.63520970
142 141 0.00174772
9 9 0.84952211
145 145 0.56734019
145 144 0.01030780
72 71 0.03877673
72 72 0.90231594
105 106 0.00260859
105 104 0.06685424
105 105 0.54612855
48 47 0.02219640
48 46 0.00426882
48 49 0.00150765
48 48 0.76919750
58 55 0.00204974
58 58 0.51946426
58 56 0.00949623
58 57 0.03710215
149 149 0.52259998
149 148 0.00861042
149 150 0.00448753
70 69 0.02120587
70 70 0.73126626
151 152 0.00393265
151 150 0.10764315
151 149 0.00054087
151 151 0.67893773
43 43 0.90497035
43 44 0.00540072
43 42 0.01585326
