76 76 0.40338104
69 69 0.53065941
136 135 0.00408985
136 136 0.96926304
71 71 0.63049186
36 36 0.95878266
140 140 0.84873926
135 135 0.99186497
135 134 0.00096344
98 98 0.94380869
73 73 0.60545719
133 133 0.92670070
133 132 0.00092342
129 128 0.00756151
129 129 0.98775232
20 20 0.97306567
32 32 0.75064712
130 130 0.98912957
130 129 0.00623188
92 92 0.61879460
104 104 0.63300267
10 10 0.97869124
155 155 0.96395806
128 127 0.00888458
128 128 0.91913165
81 81 0.99121091
139 139 0.88865454
26 26 0.96870035
105 105 0.63070267
22 22 0.81868867
39 39 0.84621562
33 33 0.80777190
84 84 0.67000763
93 93 0.86715533
89 89 0.99400367
24 24 0.97020041
145 145 0.52254676
11 11 0.97260677
77 77 0.41209283
67 67 0.98408830
101 101 0.98069167
134 133 0.00054022
134 134 0.77821449
91 91 0.70249220
156 156 0.62936143
103 103 0.71045433
142 142 0.35732273
126 126 0.97460285
126 125 0.02046032
55 55 0.94057109
61 61 0.81832592
97 97 0.87633500
15 15 0.83143779
75 75 0.90290002
2 2 0.94979067
95 95 0.98527500
79 79 0.63222025
52 52 0.73101512
111 111 0.63004275
9 9 0.99982967
42 42 0.80375535
144 144 0.29631939
159 159 0.81686428
70 70 0.74367811
102 102 0.98209834
132 132 0.99207975
132 131 0.00363695
6 6 0.88729437
68 68 0.96697482
58 58 0.48075196
63 63 0.62086438
146 146 0.46027896
151 151 0.68300670
65 65 0.98326467
121 120 0.03029451
121 121 0.56690128
40 40 0.84604193
147 147 0.22100931
25 25 0.96890268
82 82 0.86579293
120 119 0.02672550
120 120 0.48384842
30 30 0.95879695
62 62 0.96001115
150 150 0.69652540
148 148 0.19222375
131 130 0.00497426
131 131 0.99074429
59 59 0.49436832
141 140 0.00073003
141 141 0.99539698
99 99 0.75175941
44 43 0.00217824
44 44 0.95768318
94 94 0.84979233
83 83 0.99572869
117 116 0.02284653
117 117 0.60277264
80 80 0.98798137
27 27 0.96522838
48 48 0.94971229
74 74 0.87976448
4 4 0.84547103
66 66 0.83768088
34 34 0.75806030
49 49 0.92937149
31 31 0.95885343
12 12 0.99944317
87 87 0.42922781
37 37 0.95883864
54 54 0.81769866
41 41 0.84594115
108 108 0.95342067
72 72 0.54338426
158 158 0.88746702
137 137 0.96010557
29 29 0.80054939
114 114 0.52570966
114 113 0.00134355
47 46 0.00069905
47 47 0.95049662
116 115 0.03136604
116 116 0.67773370
100 100 0.76208300
16 16 0.76774768
43 43 0.95727772
21 21 0.82632367
125 124 0.03080633
125 125 0.96448411
38 38 0.80153801
115 115 0.79073593
115 114 0.00462042
90 90 0.66036567
8 8 0.84257400
123 123 0.93122444
123 122 0.04152641
157 157 0.65126971
14 14 0.94649245
106 106 0.70343200
124 123 0.03176251
124 124 0.96367328
113 113 0.45773783
119 119 0.48456527
119 118 0.00232000
3 3 0.93652037
13 13 0.95344746
112 112 0.32000982
127 126 0.01020149
127 127 0.86257046
86 86 0.45232840
7 7 0.88738034
17 17 0.84897767
51 50 0.00052533
51 51 0.93148490
152 152 0.63070603
143 143 0.48308819
45 45 0.95789996
45 44 0.00325041
122 122 0.59169347
122 121 0.04248202
28 28 0.80134210
109 109 0.62213413
149 149 0.81727967
1 1 0.99997267
153 153 0.65872676
60 60 0.45248684
57 57 0.64676339
110 110 0.96604923
154 154 0.92827813
19 19 0.99996433
23 23 0.97390401
85 85 0.64938415
88 88 0.99380100
53 53 0.79471515
50 50 0.93951459
46 45 0.00215441
46 46 0.95935445
35 35 0.81925917
18 18 0.79177467
64 64 0.60774652
56 56 0.63259873
138 138 0.93493179
107 107 0.70583167
78 78 0.61467271
96 96 0.98526067
5 5 0.88739235
118 118 0.51536147
118 117 0.02940371
