141 141 0.99636398
59 59 0.67764596
94 94 0.92487641
99 99 0.83627065
44 45 0.00345007
44 44 0.97625573
150 150 0.84791120
30 30 0.97690785
120 121 0.01377819
120 120 0.75239558
62 62 0.97333934
131 131 0.99041463
131 132 0.00364054
148 148 0.10382010
4 4 0.92254889
66 66 0.90072937
34 34 0.87816221
48 48 0.97421229
74 74 0.85053274
49 49 0.96423248
80 80 0.99244141
27 27 0.98127176
117 118 0.01145398
117 117 0.80033280
83 83 0.99660952
158 158 0.94344974
137 137 0.95988565
29 29 0.89918267
72 72 0.74678287
41 41 0.92139236
108 108 0.97668828
116 117 0.01186985
116 116 0.83341187
47 47 0.97049610
114 115 0.00340175
114 114 0.71556276
12 12 0.99922903
37 37 0.97702042
87 87 0.27976305
31 31 0.97699495
54 54 0.88254369
157 157 0.70342008
14 14 0.97286368
106 106 0.85170475
125 125 0.96388594
125 126 0.02090582
16 16 0.88377491
21 21 0.91314427
43 44 0.00245088
43 43 0.97576373
100 100 0.88102995
115 116 0.01861249
115 115 0.88700604
90 90 0.83017054
8 8 0.92119043
123 123 0.94343954
123 124 0.03231948
38 38 0.89962078
127 128 0.00799415
127 127 0.92613338
86 86 0.46766993
51 51 0.96426331
17 17 0.92446008
7 7 0.94358659
3 3 0.96806173
13 13 0.97632430
124 124 0.96309919
124 125 0.03141078
113 113 0.74263710
113 114 0.00091336
119 120 0.00928429
119 119 0.75279954
112 112 0.69451815
1 1 0.99996767
153 153 0.70002974
60 60 0.70874876
110 110 0.98247145
57 57 0.80103705
122 122 0.79686009
122 123 0.04073685
28 28 0.89968239
143 143 0.75011220
152 152 0.81509080
45 46 0.00203420
45 45 0.97657014
149 149 0.89664420
109 109 0.79954575
23 23 0.98681292
19 19 0.99996367
88 88 0.99682833
53 53 0.87419459
50 50 0.96819217
85 85 0.82374553
154 154 0.96046283
56 56 0.80578566
64 64 0.74203953
138 138 0.93501445
78 78 0.80620545
107 107 0.85290852
96 96 0.99257796
118 118 0.76517100
118 119 0.00120234
5 5 0.94356902
46 47 0.00065855
46 46 0.97819964
35 35 0.90824328
18 18 0.89587208
136 136 0.96904271
71 71 0.80190134
36 36 0.97697481
69 69 0.69782412
76 76 0.25179866
73 73 0.77821637
129 130 0.00623842
129 129 0.98742994
133 133 0.96107322
92 92 0.74908811
20 20 0.98651030
32 32 0.87453812
130 130 0.98877782
130 131 0.00497972
135 136 0.00409233
135 135 0.99166620
140 141 0.00072790
140 140 0.91307657
98 98 0.91156446
26 26 0.98393179
105 105 0.81531845
81 80 0.00080137
81 81 0.99380112
139 139 0.93000038
39 39 0.92157765
22 22 0.90933052
155 155 0.98155204
10 10 0.97862105
104 104 0.81648136
128 129 0.00756803
128 128 0.95376977
11 11 0.97250726
89 89 0.99696988
24 24 0.98472898
145 145 0.76562687
67 67 0.98623432
101 101 0.99031020
77 77 0.42279066
33 33 0.90259105
93 93 0.93355643
84 84 0.83394704
142 142 0.69843130
103 103 0.85521205
61 61 0.83737619
97 97 0.93812439
126 126 0.97424324
126 127 0.00833522
55 55 0.96938636
134 134 0.88785583
134 135 0.00096400
91 91 0.81164253
156 156 0.33185117
79 79 0.80348571
52 52 0.78339662
95 95 0.99259488
111 111 0.81459865
9 9 0.99978067
2 2 0.97481521
15 15 0.91536436
75 75 0.85698985
68 68 0.96975468
58 58 0.66574621
6 6 0.94344520
146 146 0.74494572
63 63 0.80402478
159 159 0.87113524
144 144 0.69170835
42 42 0.90044489
70 70 0.82157293
102 102 0.99099374
132 133 0.00082960
132 132 0.99175306
25 25 0.98412250
147 147 0.67487973
82 81 0.00097558
82 82 0.86696444
65 65 0.98583823
121 121 0.78612576
121 122 0.01995122
151 151 0.84123172
40 40 0.92146000
