4 4 0.75990536
149 152 0.04658045
112 114 0.00283069
112 112 0.51062572
27 27 0.52150464
106 108 0.00067673
106 106 0.74772404
151 154 0.01414413
73 75 0.17991045
73 73 0.14916320
143 146 0.31791885
43 43 0.39041715
128 131 0.77975774
128 130 0.01241786
32 32 0.22680935
53 53 0.71174445
113 115 0.07443575
113 114 0.00776905
113 113 0.56462850
146 149 0.93318914
84 86 0.04063199
84 84 0.85713485
84 85 0.00148850
46 46 0.84571430
155 158 0.88091232
88 88 0.34860423
28 28 0.77968926
69 69 0.13014040
69 71 0.18234411
157 160 0.79385500
40 40 0.92393931
71 71 0.15448022
71 73 0.07656405
144 147 0.53675655
55 55 0.63996149
20 20 0.65095677
98 100 0.00386493
98 99 0.00052536
98 98 0.33981382
109 110 0.00095983
109 111 0.00300860
109 109 0.78292186
82 82 0.39961994
82 83 0.00267487
82 84 0.11135448
42 42 0.37074335
17 17 0.79517847
45 45 0.81046393
123 126 0.35489916
123 125 0.30566659
156 159 0.72644660
1 1 0.96909571
60 60 0.60242751
154 156 0.00090739
154 157 0.18744059
47 47 0.80463036
86 86 0.92742548
65 65 0.45458069
65 67 0.21858182
65 66 0.00189985
132 135 0.27807684
85 86 0.00107756
85 87 0.00245995
85 85 0.91870594
33 33 0.31782704
77 79 0.00633223
77 77 0.15437697
48 48 0.74226062
152 154 0.00226657
152 156 0.00105730
152 155 0.89147797
108 108 0.75133277
108 110 0.00187444
108 109 0.00060411
103 105 0.00067645
103 103 0.59057163
96 96 0.23113688
9 9 0.71863774
76 77 0.00101940
76 76 0.15069466
76 78 0.60452008
34 34 0.34924851
153 155 0.00161716
153 156 0.90464097
72 74 0.04112361
72 72 0.14787488
15 15 0.91204338
37 37 0.90811699
138 141 0.59556691
6 6 0.74490553
92 92 0.16023978
57 57 0.62764056
24 24 0.53236542
135 138 0.97362289
102 103 0.00075237
102 102 0.25333789
102 104 0.00081552
79 81 0.16066106
79 80 0.00084432
79 79 0.14882884
100 102 0.00142081
100 101 0.00184941
100 100 0.22359360
115 115 0.03662800
115 118 0.00057885
115 117 0.12003506
115 114 0.00064895
115 116 0.00108450
2 2 0.93564273
54 54 0.68393914
111 112 0.00234739
111 111 0.91339966
111 113 0.02951430
30 30 0.84194679
87 87 0.49850426
78 80 0.17175582
78 78 0.14869270
117 119 0.49628495
117 118 0.02333499
117 120 0.00694313
117 117 0.31874805
7 7 0.48332057
105 105 0.65146969
105 107 0.00066462
38 38 0.91378537
13 13 0.70660269
93 93 0.97764877
25 25 0.36750737
120 122 0.01406093
120 123 0.03253850
129 131 0.00148701
129 132 0.64439961
148 151 0.56139203
49 49 0.87697884
97 97 0.32708326
97 99 0.00421185
14 14 0.82170469
139 142 0.87472739
36 36 0.91243101
90 90 0.16220571
150 153 0.02228905
133 136 0.93332347
11 11 0.78307098
124 126 0.27760006
124 127 0.67316608
95 95 0.18824130
59 59 0.60989849
18 18 0.89618502
64 64 0.83133647
64 66 0.05456525
64 65 0.01557887
140 143 0.44416230
3 3 0.89537751
136 139 0.92092655
44 44 0.33760063
147 150 0.34136538
121 124 0.22590861
121 123 0.36326149
68 70 0.73749726
68 68 0.19140755
80 82 0.18030943
80 80 0.15843762
80 81 0.00058763
35 35 0.78640063
110 111 0.00355002
110 110 0.95110718
110 112 0.00925661
141 144 0.23317477
101 101 0.37087312
101 103 0.00108612
101 102 0.00105559
5 5 0.06947110
26 26 0.47994946
130 133 0.29234206
134 137 0.97365502
29 29 0.81360198
62 64 0.00159304
62 62 0.72436467
67 67 0.20311601
67 69 0.02843026
67 68 0.00078941
21 21 0.63281241
99 99 0.80168160
99 100 0.00075602
99 101 0.00401131
51 51 0.59570976
63 65 0.01049724
63 63 0.90302730
63 64 0.00364466
41 41 0.31732657
8 8 0.77157467
56 56 0.61875612
127 130 0.39915837
127 129 0.04509683
31 31 0.45209337
12 12 0.69510645
70 70 0.15667732
70 72 0.17676736
118 121 0.00444346
118 120 0.00663665
118 118 0.00279254
75 75 0.15343958
75 77 0.00694284
75 76 0.00079327
89 89 0.32472538
10 10 0.71818604
50 50 0.78891170
39 39 0.91381065
104 104 0.05347623
104 106 0.00063946
83 85 0.04894108
83 84 0.00069037
83 83 0.79357312
16 16 0.91516849
94 94 0.32485234
107 107 0.75010145
107 109 0.00084539
91 91 0.76229610
61 63 0.00057442
61 61 0.72981045
145 148 0.65738563
137 140 0.36809767
22 22 0.75833382
74 76 0.76765615
74 74 0.18848464
19 19 0.66212010
119 121 0.01509733
119 122 0.00714903
131 134 0.25408731
116 116 0.68413029
116 118 0.17472816
116 117 0.02320941
116 115 0.00080084
116 119 0.00151162
52 52 0.55870434
122 124 0.10832516
122 125 0.24776122
126 128 0.01245821
126 129 0.30592017
66 68 0.02020203
66 66 0.23130958
114 115 0.02942001
114 114 0.69178169
114 116 0.12031589
81 82 0.00151306
81 83 0.17282562
81 81 0.24394638
58 58 0.63035635
23 23 0.51207189
125 127 0.00223772
125 128 0.52832500
142 145 0.32980241
