44 55 44 55 0.57218422
37 63 37 63 0.44532561
5 157 6 157 0.00125946
5 155 5 155 0.30366627
33 68 34 68 0.00388575
33 68 33 70 0.00199375
33 68 33 67 0.00843841
33 68 33 66 0.00095983
6 27 6 27 0.00419713
6 85 6 83 0.03522426
6 156 7 156 0.00153003
124 129 124 129 0.15479034
43 56 43 56 0.58942187
40 60 40 60 0.53658497
97 109 97 109 0.17937719
99 107 99 107 0.33649957
99 106 99 106 0.01208356
47 52 47 52 0.56734591
38 62 38 62 0.63581195
15 130 15 130 0.01373280
123 130 123 130 0.10425297
42 57 42 57 0.44544031
11 80 11 78 0.01292448
7 26 7 26 0.01395273
7 84 7 82 0.02330464
8 25 8 25 0.00608793
27 31 27 31 0.00336606
4 158 4 158 0.00459858
4 158 5 158 0.00168334
35 65 36 65 0.00265874
35 65 35 67 0.00181828
29 69 29 71 0.00219642
29 71 29 71 0.35796057
29 72 29 71 0.00581132
34 66 35 66 0.00458375
34 66 34 68 0.00300800
36 64 36 64 0.44310659
31 70 31 69 0.00076900
31 70 31 70 0.01922634
31 69 31 69 0.11801229
31 71 31 70 0.00053218
26 32 26 32 0.02523916
17 128 17 128 0.01390490
10 81 10 79 0.00860939
1 158 1 158 0.36096999
16 129 16 129 0.01484943
45 54 45 54 0.57218493
14 131 14 131 0.19012367
28 72 28 72 0.07591510
101 105 101 105 0.07845031
12 79 12 77 0.06802454
39 61 39 61 0.54332308
39 60 39 60 0.00393915
3 156 3 156 0.38138947
3 159 4 159 0.00176412
3 159 3 159 0.01535742
2 160 3 160 0.00123879
96 110 96 110 0.49212665
46 53 46 53 0.57186095
41 58 41 58 0.28681632
41 59 41 59 0.23587548
9 24 9 24 0.00395883
