1 158 1 158 0.08859599
45 54 45 54 0.57218502
12 22 12 22 0.11148648
101 105 101 105 0.06697387
28 72 28 72 0.07881611
14 156 14 156 0.17001933
90 107 90 107 0.00232176
116 126 116 126 0.15407821
39 60 39 60 0.05276752
39 61 39 61 0.48975455
3 160 3 159 0.00135613
3 160 2 160 0.00835267
3 159 3 159 0.20923391
3 11 3 12 0.00147920
2 12 2 13 0.00163361
96 110 96 110 0.47656966
79 89 81 89 0.00692237
46 53 46 53 0.57107660
41 58 41 58 0.46014770
9 24 9 24 0.02239019
80 88 81 89 0.00058970
80 88 82 88 0.00516588
27 31 27 31 0.00624879
4 10 4 11 0.00053903
4 159 4 158 0.00106022
4 159 3 159 0.01189181
35 65 35 65 0.55252337
29 71 29 71 0.36543451
29 71 29 72 0.00150266
36 64 36 64 0.44471345
31 70 31 70 0.02841688
26 32 26 32 0.06852021
13 131 14 131 0.00147378
78 90 80 90 0.00995117
47 52 47 52 0.56417946
115 127 115 126 0.00071358
38 62 38 62 0.63555077
91 106 91 106 0.00496675
42 57 42 57 0.44541627
92 105 92 105 0.00497543
7 26 7 26 0.03985195
7 156 6 156 0.00730944
44 55 44 55 0.57218386
37 63 37 63 0.44539838
5 158 4 158 0.01157864
5 158 5 157 0.00218408
114 128 114 128 0.03039560
33 67 33 68 0.00271827
6 157 5 157 0.00933902
6 157 6 156 0.00115596
43 56 43 56 0.58942047
93 104 93 104 0.00449213
40 60 40 60 0.42276032
40 59 40 59 0.10831333
99 106 99 106 0.04362452
99 107 99 107 0.20851881
97 109 97 109 0.15930860
