146 146 0.48706529
146 144 0.19650620
146 145 0.05822784
132 133 0.00341081
132 132 0.47608958
132 131 0.00791820
127 126 0.30681565
127 128 0.01449406
127 127 0.11438808
102 103 0.00065721
102 107 0.00060467
102 102 0.76185336
5 5 0.90230380
117 117 0.35966672
117 116 0.26690122
40 40 0.60281745
40 39 0.00195273
40 41 0.00071592
110 109 0.04990411
110 110 0.73052999
10 10 0.60502210
63 64 0.00657021
63 63 0.96218290
63 65 0.00285854
37 37 0.72493594
37 36 0.02434350
37 38 0.00098724
88 88 0.70964033
103 103 0.50968114
106 105 0.00154377
106 106 0.53409359
51 51 0.87428391
51 50 0.00417722
145 143 0.19424744
145 146 0.00443997
145 145 0.45466753
145 144 0.07104660
100 100 0.47650407
100 101 0.00325037
100 105 0.00064469
19 19 0.96844148
20 20 0.99280673
149 151 0.00147554
149 150 0.00124781
149 149 0.46152682
149 147 0.24534359
149 148 0.01910135
149 146 0.00063923
29 29 0.65210063
29 28 0.00652327
158 158 0.67266703
158 156 0.13118966
158 157 0.01820072
26 26 0.50670738
26 25 0.00088110
39 40 0.00094340
39 38 0.00063873
39 39 0.53893483
21 21 0.72010510
98 99 0.00053341
98 98 0.32070055
31 31 0.73413927
31 30 0.00788815
56 56 0.87907717
18 18 0.95092327
141 142 0.00209182
141 140 0.21617053
141 141 0.27481706
141 139 0.05443277
49 49 0.83900479
83 84 0.00361556
83 83 0.82099391
85 85 0.70322856
85 86 0.00668146
134 135 0.00186665
134 134 0.47941003
134 133 0.04264134
99 100 0.00058605
99 99 0.31664179
25 25 0.57756001
8 8 0.72644814
80 80 0.78523220
80 81 0.00129801
58 58 0.88047058
73 75 0.00254774
73 73 0.91620451
73 72 0.00775384
73 74 0.03539066
9 9 0.82821925
130 129 0.32301567
130 130 0.33720577
130 131 0.00515549
138 138 0.46451132
138 136 0.00058865
138 137 0.30395512
22 22 0.54383661
3 3 0.89725098
59 59 0.94476254
70 72 0.00190895
70 69 0.00499364
70 70 0.83186743
70 71 0.03624901
57 57 0.87985774
133 132 0.00279978
133 133 0.46677699
133 134 0.00052601
1 1 0.90906431
71 72 0.03607979
71 73 0.00244977
71 70 0.00575698
71 71 0.76446506
74 76 0.00208449
74 75 0.03188298
74 74 0.83101811
74 73 0.00654118
118 118 0.29631492
118 117 0.02822381
89 89 0.61503760
116 116 0.43472412
116 115 0.27183733
68 69 0.03227914
68 70 0.00206367
68 67 0.00282569
68 68 0.84989235
34 33 0.01778975
34 34 0.87151898
151 153 0.00280408
151 151 0.42253283
151 149 0.00967103
151 150 0.00611260
128 127 0.31109768
128 129 0.00743577
128 128 0.31855960
84 85 0.00817500
84 84 0.71436616
142 142 0.35913135
142 140 0.06937714
142 141 0.10393588
142 143 0.00443572
43 42 0.01041217
43 43 0.87241920
32 31 0.00856424
32 32 0.87829547
119 120 0.00080325
119 118 0.01257090
119 119 0.29145557
157 155 0.01457410
157 157 0.28499997
157 156 0.02376425
157 158 0.01228412
126 125 0.29535208
126 127 0.00887676
126 126 0.59062003
136 135 0.31224907
136 137 0.00145096
136 136 0.40298786
11 12 0.00071974
11 11 0.65367342
92 92 0.49018990
92 93 0.00982674
140 139 0.01027303
140 140 0.40661331
65 66 0.02138913
65 67 0.00250106
65 64 0.00119293
65 65 0.96122714
2 2 0.89990841
67 67 0.92128129
67 68 0.02535326
67 69 0.00216524
67 66 0.00238749
156 154 0.01096410
156 155 0.00314793
156 157 0.00483773
156 156 0.22959043
156 158 0.00326025
111 111 0.63250797
111 110 0.06667526
16 16 0.44839148
121 120 0.19694433
121 122 0.00774448
121 121 0.31429002
13 13 0.51293059
13 14 0.00061621
144 142 0.18180354
144 144 0.45540117
144 145 0.00454797
144 143 0.07342281
69 69 0.60268047
69 71 0.00183971
69 70 0.03406184
69 68 0.00455751
48 48 0.66565132
48 47 0.00973646
154 154 0.29563165
154 153 0.00270114
154 152 0.04199177
154 156 0.00326114
135 135 0.48836405
135 134 0.04154420
82 82 0.87393036
82 83 0.00307757
129 129 0.33423126
129 130 0.00605525
129 128 0.02046951
81 82 0.00163559
81 81 0.74159073
72 73 0.03785866
72 72 0.82966352
72 74 0.00265386
72 71 0.00602773
42 41 0.01040985
42 42 0.85136407
101 106 0.00063579
101 101 0.61202816
101 102 0.00056975
47 47 0.55189743
47 46 0.00151356
66 65 0.00180091
66 66 0.93109872
66 67 0.02346596
66 68 0.00225212
86 86 0.77910878
86 87 0.00284869
30 29 0.00720779
30 30 0.80474574
123 122 0.02743378
123 123 0.20235161
123 124 0.01243374
61 61 0.87168299
61 62 0.00248041
61 63 0.00267699
112 112 0.49299359
112 111 0.01291972
33 32 0.01318001
33 33 0.92333587
131 132 0.00250260
131 130 0.01131231
131 131 0.55583056
93 94 0.00092583
93 93 0.52292959
113 112 0.21267626
113 113 0.41642854
52 51 0.00183231
52 52 0.86134338
105 104 0.00115609
105 105 0.64680997
38 38 0.87710255
38 39 0.00096864
108 108 0.88125173
108 107 0.00723702
17 17 0.65937444
76 78 0.00085081
76 75 0.00744446
76 77 0.02638937
76 76 0.82274143
28 28 0.64635763
28 27 0.00663788
44 44 0.89550378
44 43 0.00538429
78 78 0.59944518
78 77 0.00342552
78 79 0.00296079
90 90 0.59761651
4 4 0.98523488
15 15 0.70074492
153 151 0.03752641
153 153 0.32684039
153 152 0.00163876
153 154 0.00155621
55 55 0.86342506
64 66 0.00273356
64 64 0.96396540
64 63 0.00061846
64 65 0.01940862
60 60 0.73254387
14 14 0.56318876
148 146 0.00777654
148 148 0.41378266
148 147 0.00168924
148 149 0.00065196
75 77 0.00153124
75 76 0.02923781
75 75 0.83441329
75 74 0.00700360
12 12 0.70497000
12 13 0.00088520
122 121 0.27883961
122 123 0.01139512
122 122 0.21061074
7 7 0.82215707
120 120 0.30147704
120 119 0.07891978
120 121 0.00434732
114 114 0.50248767
114 113 0.06016929
115 115 0.20231957
115 114 0.22999793
97 97 0.48027919
97 98 0.00073706
152 153 0.00194454
152 152 0.25634789
152 151 0.00194556
152 154 0.00234751
152 150 0.28095593
50 49 0.00662385
50 50 0.87126572
79 79 0.75125484
79 80 0.00158887
79 78 0.00089899
107 107 0.95152795
107 106 0.00242349
124 124 0.31266883
124 125 0.01357584
124 123 0.19616541
139 137 0.00564185
139 139 0.22220861
139 140 0.00141574
139 138 0.26944168
53 53 0.96882141
45 44 0.00540173
45 45 0.72939857
150 151 0.00160672
150 148 0.26522731
150 149 0.00407505
150 150 0.47868275
46 46 0.49932782
46 45 0.00541269
6 6 0.98346229
62 64 0.00295329
62 62 0.63706531
62 63 0.00459810
125 125 0.66680288
125 124 0.19919609
125 126 0.01193290
35 35 0.86802999
35 34 0.02236766
94 95 0.00149966
94 94 0.40444091
77 78 0.00770980
77 76 0.00707195
77 77 0.84223735
147 147 0.57533893
147 148 0.00136788
147 146 0.04450257
147 145 0.20885743
27 26 0.00599570
27 27 0.69961579
91 91 0.44401388
91 92 0.00078784
87 87 0.80293292
143 143 0.47373412
143 141 0.16684765
143 144 0.00453695
143 142 0.08607336
41 41 0.77953628
41 42 0.00067053
41 40 0.01040846
24 24 0.91629157
109 109 0.90604805
109 108 0.02700271
23 23 0.71539085
54 54 0.87901858
36 36 0.86601662
36 35 0.02338709
96 96 0.60386246
96 97 0.00563466
104 104 0.87358283
104 103 0.00101442
137 137 0.53688525
137 135 0.00066137
137 138 0.00183182
137 136 0.04172745
155 156 0.00122564
155 153 0.00256608
155 155 0.29170660
155 157 0.00336455
95 96 0.01135324
95 95 0.25220185
