30 74 30 74 0.01245701
30 72 30 72 0.06987968
133 143 133 143 0.00457434
89 114 89 114 0.05033440
22 127 22 127 0.15702867
37 63 37 63 0.51162036
47 51 46 51 0.00097447
47 52 46 52 0.00331140
39 60 39 60 0.13125351
24 29 24 29 0.00634872
24 31 24 31 0.00264790
24 77 24 77 0.32299354
24 140 24 140 0.00254716
93 114 93 114 0.15364800
93 114 92 114 0.00219997
80 125 80 125 0.22206046
32 69 32 69 0.62723356
84 121 84 121 0.37019824
1 8 1 8 0.00580407
1 134 1 134 0.00232989
148 153 148 153 0.27722532
143 158 143 158 0.10822426
143 148 143 148 0.02846270
126 143 126 143 0.02665980
126 139 126 139 0.00361847
126 140 126 140 0.00549478
44 55 44 54 0.00316219
132 136 132 136 0.17737225
132 144 132 144 0.00387937
137 144 137 144 0.00323933
137 149 137 149 0.00241312
85 120 85 120 0.52499922
128 139 128 139 0.02010771
128 144 128 144 0.06143427
128 140 128 140 0.00901632
12 138 12 138 0.00409862
34 66 34 66 0.19497578
34 67 34 67 0.31817884
129 140 129 140 0.00187496
129 138 129 138 0.02595814
129 139 129 139 0.01155733
129 143 129 143 0.05657933
144 157 144 157 0.15088188
26 138 26 138 0.00216003
125 132 125 132 0.00124084
90 113 90 113 0.03476644
100 107 100 107 0.33523491
139 148 139 148 0.00246235
146 155 146 155 0.26696499
138 148 138 148 0.00179336
130 142 130 142 0.48580200
6 74 6 74 0.03418309
6 154 6 154 0.16925958
54 59 54 59 0.04637046
45 54 45 53 0.00303981
45 54 44 54 0.00173474
9 15 9 15 0.12938434
9 140 9 140 0.00505382
20 81 20 81 0.05510196
20 129 20 129 0.02727280
83 122 83 122 0.37011060
91 116 91 115 0.00052926
91 116 90 116 0.00369481
33 68 33 68 0.62582806
21 80 21 80 0.16544955
21 128 21 128 0.04200227
86 119 86 119 0.29152016
36 64 36 64 0.63498176
82 123 82 123 0.35414784
141 153 141 153 0.00110568
3 157 3 157 0.31393300
3 128 3 128 0.01958947
3 74 3 74 0.00290582
3 16 3 16 0.00710557
3 132 3 132 0.00357915
28 73 28 73 0.52606143
87 118 87 118 0.36797795
8 16 8 16 0.14243963
8 72 8 72 0.00710163
8 152 8 152 0.11535154
81 124 81 124 0.32549059
124 133 124 133 0.00076297
76 130 76 130 0.03765107
131 145 131 145 0.00390319
131 137 131 137 0.17433399
23 141 23 141 0.00409979
23 126 23 126 0.01180167
23 32 23 32 0.00088650
23 78 23 78 0.31497370
147 154 147 154 0.30877297
35 66 35 66 0.13004981
35 65 35 65 0.47643715
4 15 4 15 0.00719610
4 156 4 156 0.25952485
4 131 4 131 0.00505473
4 73 4 73 0.00094772
72 146 72 146 0.00123304
38 62 38 62 0.50390028
98 109 97 109 0.00163980
127 140 127 140 0.01198680
127 138 127 138 0.00431429
140 154 140 154 0.00063384
25 30 25 30 0.01377059
25 139 25 139 0.00276028
7 73 7 73 0.01039869
7 153 7 153 0.11378791
41 60 41 60 0.16536136
41 57 41 57 0.04783927
41 58 41 58 0.10558669
145 156 145 156 0.21085754
145 150 145 150 0.02671280
78 140 78 140 0.00427404
29 75 29 75 0.00947191
29 72 29 72 0.33771966
74 144 74 144 0.01172660
74 140 74 140 0.00133123
19 82 19 82 0.02474909
11 20 11 20 0.06310147
11 139 11 139 0.00401031
31 70 31 70 0.49836338
2 78 2 78 0.00329617
2 7 2 7 0.00589846
2 141 2 141 0.00271972
2 158 2 158 0.49138492
2 75 2 75 0.00133130
2 129 2 129 0.00797960
2 133 2 133 0.00193655
73 145 73 145 0.00271945
75 143 75 143 0.01008693
75 139 75 139 0.00159085
53 60 53 60 0.03970002
46 53 45 53 0.00244463
46 53 46 52 0.00258059
5 155 5 155 0.19024102
5 129 5 129 0.01839560
5 75 5 75 0.02013683
5 141 5 141 0.00472220
5 14 5 14 0.00775984
77 129 77 129 0.00599482
77 141 77 141 0.00399271
92 115 92 115 0.13992867
92 115 91 115 0.00229847
92 114 92 114 0.09817400
13 137 13 137 0.00333464
13 19 13 19 0.03922891
99 108 99 108 0.33302877
