83 122 83 122 0.11265644
83 104 83 104 0.02809993
20 86 20 86 0.00082477
20 75 20 75 0.22425933
20 81 20 81 0.00899280
91 96 91 96 0.43259600
118 131 118 131 0.40733533
141 153 141 153 0.00076850
43 56 43 56 0.39359400
43 58 43 58 0.04211500
43 57 43 57 0.03755260
43 60 43 60 0.00381439
86 99 86 99 0.04637733
86 143 86 143 0.00156645
86 100 86 100 0.25797533
86 119 86 119 0.07191114
21 74 21 74 0.25309333
21 128 21 128 0.00131878
21 81 21 81 0.00307567
21 85 21 85 0.00142035
21 80 21 80 0.02436649
33 68 33 68 0.62172072
17 78 17 78 0.24649867
17 141 17 141 0.00363499
17 24 17 24 0.00117874
17 88 17 88 0.00182385
17 86 17 86 0.00211781
82 91 82 91 0.00075521
82 123 82 123 0.10580989
82 104 82 104 0.05607087
36 64 36 64 0.63572608
54 59 54 59 0.00459380
100 141 100 141 0.00347008
100 107 100 107 0.09496400
146 155 146 155 0.43497907
106 140 106 140 0.34123800
88 97 88 97 0.02188247
88 99 88 99 0.29386200
6 74 6 74 0.00776059
6 154 6 154 0.06066612
6 85 6 85 0.02710540
130 139 130 139 0.00055025
130 138 130 138 0.00648697
130 142 130 142 0.13399002
18 23 18 23 0.01091760
18 77 18 77 0.45050133
40 61 40 61 0.31549333
103 145 103 145 0.00602517
119 127 119 127 0.02979347
119 129 119 129 0.00798747
119 130 119 130 0.35493600
119 126 119 126 0.00943380
45 54 45 54 0.39822349
9 97 9 97 0.00406639
9 22 9 22 0.00537658
9 15 9 15 0.06442440
44 55 44 55 0.45255764
44 57 44 57 0.00936667
44 56 44 56 0.01235320
132 136 132 136 0.05569870
126 143 126 143 0.00057921
85 120 85 120 0.21588268
85 103 85 103 0.02466813
85 101 85 101 0.25131733
85 100 85 100 0.02523160
85 102 85 102 0.06672000
85 144 85 144 0.00244657
112 133 112 133 0.01191727
112 127 112 127 0.01287680
112 137 112 137 0.04856280
15 88 15 88 0.00160538
15 80 15 80 0.23624733
15 90 15 90 0.00154887
113 132 113 132 0.00512573
113 126 113 126 0.00944760
113 137 113 137 0.02916453
1 142 1 142 0.02197827
1 8 1 8 0.01994141
1 134 1 134 0.00065827
1 105 1 105 0.04285167
1 79 1 79 0.02347573
1 87 1 87 0.01783873
143 148 143 148 0.00446842
143 158 143 158 0.29524081
143 151 143 151 0.00329765
148 153 148 153 0.38504890
120 126 120 126 0.05709147
120 128 120 128 0.02061127
120 129 120 129 0.28074333
125 132 125 132 0.00403168
90 113 90 113 0.00267742
90 97 90 97 0.35171133
34 67 34 67 0.31142398
34 66 34 66 0.20397485
12 92 12 92 0.00125325
12 82 12 82 0.13101333
12 146 12 146 0.00470897
12 94 12 94 0.00135110
12 83 12 83 0.04386980
128 140 128 140 0.00193930
128 139 128 139 0.00151550
128 144 128 144 0.00274244
26 73 26 73 0.02765133
26 71 26 71 0.03663873
26 79 26 79 0.00121929
144 157 144 157 0.38105980
129 138 129 138 0.00243131
129 139 129 139 0.00335037
129 143 129 143 0.00223626
89 114 89 114 0.00501800
89 98 89 98 0.38421467
97 110 97 110 0.00228067
111 137 111 137 0.04749460
111 128 111 128 0.01120613
111 133 111 133 0.00991367
22 80 22 80 0.00558930
22 127 22 127 0.02151387
22 75 22 75 0.02738020
108 138 108 138 0.34139467
108 139 108 139 0.02259373
30 74 30 74 0.02609156
30 72 30 72 0.05230834
80 125 80 125 0.04302506
32 69 32 69 0.62225078
142 152 142 152 0.00247433
142 160 142 160 0.01360260
142 159 142 159 0.30133267
84 104 84 104 0.04120673
84 145 84 145 0.00435493
84 121 84 121 0.11276178
39 60 39 60 0.08149554
37 62 37 62 0.03385953
37 63 37 63 0.49863494
47 51 47 51 0.03231768
47 52 47 52 0.39358893
93 114 93 114 0.00779847
16 87 16 87 0.00276596
16 79 16 79 0.28784267
16 89 16 89 0.00212421
16 142 16 142 0.00338866
24 73 24 73 0.06038513
24 29 24 29 0.03886081
24 31 24 31 0.01198713
24 77 24 77 0.08744176
117 122 117 122 0.01856393
117 132 117 132 0.39236400
5 155 5 155 0.07178916
5 75 5 75 0.00751114
5 86 5 86 0.01020580
5 14 5 14 0.01452361
5 141 5 141 0.02230820
77 141 77 141 0.00124304
73 78 73 78 0.00127512
2 78 2 78 0.01438314
2 81 2 81 0.00867320
2 7 2 7 0.02072067
2 141 2 141 0.04757219
2 158 2 158 0.26820100
2 86 2 86 0.01476187
2 104 2 104 0.02618880
114 136 114 136 0.05802920
114 125 114 125 0.01232160
114 134 114 134 0.07847800
114 135 114 135 0.22711733
114 131 114 131 0.00360958
46 53 46 53 0.46851655
53 60 53 60 0.00163980
13 19 13 19 0.00593320
13 91 13 91 0.00126633
13 81 13 81 0.15647933
13 145 13 145 0.00419427
99 108 99 108 0.09705114
48 55 48 55 0.00091263
48 52 48 52 0.02001493
92 114 92 114 0.01169586
10 96 10 96 0.00350704
10 150 10 150 0.00596353
10 21 10 21 0.00833507
29 70 29 70 0.05286720
29 72 29 72 0.17371739
29 75 29 75 0.01501892
107 139 107 139 0.33776667
107 140 107 140 0.02022627
11 20 11 20 0.02543197
19 76 19 76 0.29792800
19 82 19 82 0.00854106
19 87 19 87 0.00109361
31 68 31 68 0.00337088
31 70 31 70 0.46671325
104 142 104 142 0.03556220
104 144 104 144 0.00926133
23 32 23 32 0.00340293
23 72 23 72 0.12290133
23 78 23 78 0.08145267
23 74 23 74 0.05411440
72 79 72 79 0.00070191
4 156 4 156 0.11289807
4 76 4 76 0.00948833
4 84 4 84 0.08194067
4 142 4 142 0.01037460
4 103 4 103 0.03932773
4 87 4 87 0.00812687
4 15 4 15 0.00604439
4 102 4 102 0.04909307
35 66 35 66 0.12590469
35 65 35 65 0.47989717
147 154 147 154 0.45176106
131 137 131 137 0.03510584
123 134 123 134 0.00165971
25 71 25 71 0.04249393
25 30 25 30 0.04063552
25 76 25 76 0.05158560
25 79 25 79 0.00108085
140 160 140 160 0.01408567
145 150 145 150 0.00344693
145 156 145 156 0.41157051
78 140 78 140 0.00174796
7 99 7 99 0.01119513
7 153 7 153 0.03396613
7 17 7 17 0.02214447
7 73 7 73 0.00420163
41 58 41 58 0.09931993
41 60 41 60 0.34890268
41 57 41 57 0.02378179
38 62 38 62 0.47362030
38 61 38 61 0.04466980
98 109 98 109 0.00475692
127 140 127 140 0.00065810
127 142 127 142 0.00061427
109 137 109 137 0.33179400
42 61 42 61 0.00386188
110 138 110 138 0.02223527
3 85 3 85 0.03548347
3 16 3 16 0.00443559
3 157 3 157 0.15904902
3 104 3 104 0.05283647
116 133 116 133 0.37960533
116 123 116 123 0.01464360
116 130 116 130 0.00169147
27 73 27 73 0.02801973
27 71 27 71 0.03178847
27 77 27 77 0.00583602
121 125 121 125 0.15345867
121 136 121 136 0.00063549
8 72 8 72 0.00311067
8 152 8 152 0.03797120
8 16 8 16 0.05371257
8 98 8 98 0.00869113
124 133 124 133 0.00253813
122 135 122 135 0.00077243
81 102 81 102 0.01565413
81 105 81 105 0.05193253
81 124 81 124 0.09303387
28 76 28 76 0.01343673
28 73 28 73 0.26746170
28 71 28 71 0.08981000
87 98 87 98 0.05474173
87 118 87 118 0.11177267
49 54 49 54 0.00208426
