93 102 94 103 0.12431084
9 155 10 156 0.11345582
130 137 131 138 0.09537632
138 147 139 148 0.02249051
138 143 139 144 0.15075921
92 103 93 104 0.14005574
6 158 7 159 0.06209747
7 158 7 159 0.18023472
7 156 9 157 0.00106026
127 139 128 140 0.01642912
10 154 11 155 0.07946398
43 50 45 51 0.00106847
43 50 43 51 0.00067064
43 50 41 48 0.00102937
43 52 40 49 0.00071582
5 158 7 159 0.00117692
85 110 86 111 0.16377500
42 51 42 52 0.00093526
42 51 44 52 0.00090752
95 102 97 103 0.00263505
95 102 94 103 0.00630421
40 54 41 55 0.12609322
40 54 38 52 0.00071590
129 138 130 139 0.09361965
11 153 12 154 0.11502417
34 59 34 60 0.00096890
91 104 92 105 0.26915487
44 50 45 51 0.26448174
94 101 95 102 0.10497297
15 148 16 149 0.01640660
96 101 95 102 0.00291334
137 148 138 149 0.03202821
88 107 89 108 0.10217035
38 56 36 54 0.00053033
136 145 137 146 0.03820973
87 108 88 109 0.10112293
140 145 141 146 0.01285281
39 55 37 53 0.00055726
89 106 90 107 0.13835510
41 52 39 50 0.00057495
41 53 42 54 0.11557928
147 154 148 155 0.02579224
143 154 144 155 0.08162306
16 147 17 148 0.01492370
