131 139 131 138 0.00084637
131 139 130 139 0.00055033
3 16 3 18 0.00055710
3 18 3 18 0.00956886
3 118 3 118 0.20504300
116 127 116 127 0.05411440
132 137 132 137 0.06622690
10 121 12 121 0.00218618
10 112 9 112 0.00238560
10 112 10 113 0.02249360
10 112 10 111 0.00115899
124 130 124 130 0.00949007
124 137 124 137 0.21256400
11 111 13 111 0.01417560
11 111 10 111 0.00058030
12 110 14 110 0.01191740
13 23 13 23 0.81784900
145 154 143 153 0.00113724
145 154 144 152 0.00078390
144 155 142 154 0.00068490
144 155 143 153 0.00052193
125 136 125 136 0.32649900
8 115 8 115 0.94032300
8 123 10 123 0.00055789
8 116 8 115 0.00268482
8 116 9 116 0.00055230
23 121 23 121 0.01221900
14 107 16 107 0.00217742
14 108 16 108 0.00484461
14 22 14 22 0.35568400
14 109 15 109 0.00065346
14 109 14 110 0.00084614
14 109 16 109 0.00462201
5 16 5 16 0.00192188
5 122 5 122 0.02970890
5 118 5 118 0.07050850
5 127 5 127 0.01817490
5 10 7 12 0.00050285
128 133 128 132 0.00212940
25 119 25 119 0.00300629
17 104 19 104 0.00548809
146 153 145 151 0.00076437
146 153 144 152 0.00078270
2 119 2 119 0.09030730
20 99 20 99 0.00684643
20 124 20 124 0.00109756
123 127 123 127 0.00968399
22 122 22 122 0.00216473
22 104 22 104 0.00174112
118 125 118 125 0.12090500
118 128 118 128 0.00375435
118 135 118 135 0.00800337
9 113 9 114 0.04115960
9 113 9 112 0.00646435
9 113 10 113 0.00699582
9 122 11 122 0.00060978
27 117 27 117 0.01059450
16 101 18 101 0.00085890
16 105 18 105 0.00759724
16 106 18 106 0.00187062
24 120 24 120 0.00351783
26 118 26 118 0.00251436
142 153 143 153 0.02937460
142 153 142 154 0.08996040
122 128 122 128 0.00782346
120 126 120 126 0.02555220
99 110 99 110 0.05325640
127 134 127 134 0.41200400
127 134 127 133 0.00116541
19 100 19 100 0.03946160
19 76 21 76 0.00485042
1 122 1 122 0.12233400
117 136 117 136 0.04657370
117 126 117 126 0.14200700
100 109 100 109 0.62610600
126 135 126 135 0.35609600
21 105 21 105 0.00231013
21 98 21 98 0.00854884
21 123 21 123 0.00246315
143 152 143 153 0.02142150
143 152 143 152 0.03667350
143 152 144 152 0.08357120
143 156 142 154 0.00059875
143 155 142 154 0.00073475
6 126 6 126 0.03236750
6 118 6 118 0.30030800
6 139 8 139 0.00183105
15 102 17 102 0.00092723
7 116 7 116 0.54986900
7 116 7 117 0.00053643
7 116 9 116 0.00094766
7 117 7 117 0.23130900
7 117 7 116 0.00070971
7 120 7 120 0.00260169
7 15 6 15 0.00060290
7 115 7 116 0.00333623
7 125 7 125 0.00142550
7 138 9 138 0.00073138
119 124 119 124 0.18806900
119 127 119 127 0.01114360
