106 134 106 134 0.31718400
6 18 6 19 0.00137463
6 18 9 18 0.00086132
6 18 8 19 0.00130520
27 52 27 52 0.88491600
30 49 30 49 0.61458500
94 155 94 155 0.70543200
98 151 98 151 0.60186600
91 158 91 158 0.59535700
91 159 91 159 0.05054140
7 17 10 17 0.00086409
7 17 8 19 0.00067032
7 17 8 17 0.43560900
7 17 9 18 0.00135919
9 15 10 17 0.00067942
9 15 11 16 0.00130413
9 15 9 16 0.00120039
92 157 92 157 0.67892900
92 158 92 158 0.01598290
28 51 28 51 0.60187900
109 131 109 131 0.18845500
34 45 34 45 0.82535500
93 156 93 156 0.70403900
8 16 8 17 0.00138145
8 16 9 16 0.10855600
8 16 10 17 0.00134220
35 44 35 44 0.49997300
100 147 100 147 0.87420300
100 145 100 145 0.06804450
2 21 2 21 0.15879300
2 25 2 25 0.12836800
56 66 56 66 0.18441500
31 48 31 48 0.49999100
108 132 108 132 0.57929400
57 65 57 65 0.26762300
99 146 99 146 0.00142970
99 149 99 149 0.01295120
99 148 99 148 0.04137510
99 150 99 150 0.87518600
26 53 26 53 0.45028500
68 73 68 73 0.24353900
32 47 32 47 0.56461600
97 152 97 152 0.60186800
95 154 95 154 0.68565700
37 41 37 41 0.13085200
101 144 101 144 0.50109400
101 148 101 148 0.01134760
101 146 101 146 0.22503400
29 50 29 50 0.60825000
36 43 36 43 0.60661700
58 64 58 64 0.19051000
1 26 1 26 0.11125400
67 74 67 74 0.24231300
107 133 107 133 0.31718900
