42 159 42 159 0.29281100
48 55 48 55 0.12058000
48 55 49 56 0.00090955
140 148 140 148 0.72840400
57 80 58 80 0.00973953
25 37 25 37 0.21505200
25 32 25 32 0.01421640
61 76 61 77 0.03656410
61 76 62 76 0.01772220
1 38 1 38 0.09668800
1 39 1 39 0.08983820
27 35 27 35 0.16694200
27 33 27 33 0.09896540
5 36 5 35 0.01045990
5 36 4 36 0.00119897
5 37 4 37 0.00200926
5 37 6 37 0.01905120
142 146 142 146 0.23986300
4 16 4 16 0.27041400
4 37 4 36 0.00550511
4 37 4 37 0.28885600
104 119 104 119 0.00816418
104 116 104 116 0.34541200
106 113 106 113 0.29517600
32 40 32 40 0.04628620
32 38 32 38 0.01602870
32 39 32 39 0.01302640
26 31 26 31 0.01510550
26 34 26 34 0.03123170
26 36 26 36 0.13409200
34 41 34 41 0.00798750
50 55 50 55 0.78605300
29 37 29 37 0.02184980
29 34 29 34 0.03000130
17 24 17 24 0.19600000
3 17 3 17 0.04571710
3 38 3 38 0.12555500
3 22 4 22 0.00166835
13 30 13 30 0.02965270
13 26 13 26 0.03879350
13 22 14 22 0.00253217
13 29 13 29 0.17168300
103 117 103 117 0.67829500
103 120 103 120 0.04685070
55 82 56 82 0.00234923
11 31 11 31 0.07046870
11 31 10 31 0.00559627
11 31 12 31 0.00097274
11 27 11 27 0.02354220
11 28 11 28 0.03284410
11 28 10 28 0.00091442
11 24 12 24 0.00078095
11 24 11 24 0.00317390
18 25 18 25 0.15120600
56 81 56 82 0.00333462
8 27 9 27 0.00202748
8 34 7 34 0.01323700
8 34 8 33 0.01212400
8 34 8 35 0.00123939
8 34 9 34 0.04043130
8 16 9 16 0.00520911
8 16 7 16 0.00106264
102 118 102 118 0.41680600
43 158 43 158 0.22207500
7 12 8 12 0.00200963
7 35 8 35 0.02144860
7 35 7 36 0.00119509
7 35 7 34 0.01203450
7 17 8 17 0.00087186
9 33 9 32 0.01150020
9 33 9 34 0.00111125
9 33 8 33 0.00697859
16 25 16 25 0.49532100
62 75 62 76 0.02177990
49 54 49 54 0.01434220
49 54 50 55 0.00333082
49 56 50 57 0.00225659
49 56 49 56 0.57874000
63 74 64 74 0.01775920
28 38 28 38 0.01229090
10 32 11 32 0.00432680
10 32 10 32 0.08649370
10 32 10 31 0.00393982
10 32 9 32 0.00715698
65 72 66 72 0.00618026
65 72 65 73 0.01198070
6 13 6 13 0.06904680
6 13 7 13 0.00176729
6 36 7 36 0.02840600
15 24 15 24 0.00371586
15 27 15 27 0.32015900
15 20 15 20 0.01242640
2 23 3 23 0.00146075
2 18 2 18 0.21606700
59 79 59 79 0.29111400
59 78 60 78 0.00488170
59 78 59 79 0.01389340
45 156 45 156 0.30272300
31 41 31 41 0.01106950
31 35 31 35 0.06058380
31 39 31 39 0.00727091
31 40 31 40 0.03922850
33 37 33 37 0.02456330
33 42 33 42 0.00396390
14 28 14 28 0.17190300
14 27 14 27 0.02982590
14 21 14 21 0.01105240
14 21 15 21 0.00059740
64 73 64 74 0.02250690
64 73 65 73 0.01801680
107 113 107 113 0.06078170
107 112 107 112 0.52559800
53 58 53 59 0.00111810
44 157 44 157 0.90290200
141 147 141 147 0.24109200
12 23 13 23 0.00274648
12 27 12 27 0.04798940
12 27 11 27 0.00051179
12 31 12 31 0.02734480
60 78 60 78 0.24307300
60 77 60 78 0.02000550
60 77 61 77 0.01662530
24 30 24 30 0.00178197
24 29 24 29 0.00158557
24 38 24 38 0.09055350
30 36 30 36 0.06355590
30 42 30 42 0.01113950
105 115 105 115 0.44850000
