97 124 97 124 0.39900123
62 75 62 75 0.03101501
94 128 94 128 0.26013533
94 129 94 129 0.00347767
143 147 143 147 0.22985906
67 71 67 71 0.17638377
64 74 64 74 0.15076649
64 75 64 75 0.06837987
64 69 64 69 0.00120643
54 90 54 90 0.02429622
54 142 54 142 0.03404510
56 140 56 140 0.06601630
56 88 56 88 0.18621395
53 143 53 143 0.01241899
53 62 53 62 0.00089944
98 123 98 123 0.31813120
49 147 49 147 0.02232345
49 56 49 56 0.02852997
49 53 49 53 0.02554487
49 84 49 84 0.01400670
138 150 138 150 0.01444417
138 152 138 152 0.03271095
84 89 83 89 0.00062557
100 121 100 121 0.41802162
100 120 100 120 0.01277185
52 63 52 63 0.00066414
60 65 60 65 0.00154806
95 127 95 127 0.01240146
95 126 95 126 0.39505082
142 148 142 148 0.09450553
46 150 46 150 0.15743480
141 149 141 149 0.06048444
47 149 47 149 0.02712391
91 127 91 127 0.00977927
103 115 103 115 0.00101243
103 119 103 119 0.10957931
103 117 103 117 0.15124951
65 73 65 73 0.29720280
65 88 58 81 0.00086829
90 128 90 128 0.02901877
90 129 90 129 0.02327136
96 125 96 125 0.31826717
59 80 59 80 0.11449964
93 129 94 129 0.00082894
93 129 93 129 0.11178133
93 128 93 128 0.09822473
93 128 94 128 0.00186059
48 54 48 54 0.02215850
48 148 48 148 0.02695734
107 114 107 114 0.36224446
50 83 50 83 0.00988366
50 55 50 55 0.02335338
61 77 61 78 0.00051617
61 76 61 75 0.00067261
127 138 127 138 0.00339092
55 60 55 60 0.00081042
55 89 55 89 0.07937600
55 141 55 141 0.02605746
104 116 104 116 0.02405837
66 72 66 72 0.19713604
102 116 102 116 0.00206754
99 122 99 122 0.25922751
57 82 57 82 0.34427977
57 139 57 139 0.03779895
106 115 106 115 0.55505457
63 70 63 70 0.00081979
63 76 63 76 0.13171979
105 116 105 116 0.36744183
108 113 108 113 0.31586567
108 114 108 114 0.00234731
