52 52 0.66825938
106 106 0.64409735
106 104 0.00304670
106 105 0.00171366
106 108 0.00249060
106 107 0.00901902
128 130 0.04490663
128 129 0.00757138
128 127 0.00261542
128 128 0.69001909
127 127 0.64169019
127 128 0.00112492
127 126 0.00362622
127 129 0.04353075
144 144 0.47064798
144 142 0.02915061
144 143 0.15039602
144 145 0.03714513
113 113 0.62663539
113 111 0.00632910
113 115 0.01971666
113 112 0.01177318
113 114 0.02570304
146 146 0.27391287
146 147 0.05333999
146 144 0.00543260
146 145 0.05597149
83 83 0.63475851
155 153 0.00101416
155 154 0.00699574
155 155 0.28617875
47 47 0.65263976
40 40 0.75049129
27 27 0.80238243
134 133 0.00461859
134 136 0.03174001
134 135 0.00626810
134 134 0.44878026
95 95 0.57965697
29 29 0.87547332
121 123 0.03790505
121 120 0.02179212
121 122 0.00087739
121 121 0.62546494
79 79 0.60863943
28 28 0.87371741
143 144 0.04816389
143 141 0.01326086
143 142 0.12547816
143 143 0.58319312
107 105 0.00561063
107 107 0.57767143
107 108 0.01244310
107 106 0.00299908
107 109 0.00237311
151 149 0.02833197
151 150 0.02018737
151 152 0.01891129
151 151 0.32559751
78 78 0.44536836
133 132 0.00453497
133 135 0.00118478
133 134 0.00083796
133 133 0.57235189
122 122 0.55738935
122 124 0.03807691
122 123 0.00078985
122 121 0.03273112
72 72 0.62615585
129 128 0.00186798
129 131 0.00258737
129 130 0.00789343
129 129 0.76302600
137 136 0.03583443
137 137 0.54639479
137 139 0.04205898
137 138 0.00159159
142 140 0.00077606
142 143 0.05779208
142 141 0.11194246
142 144 0.00061273
142 142 0.62094773
158 157 0.04870755
158 156 0.02654989
158 158 0.55983610
158 159 0.00053576
157 157 0.55974253
157 156 0.01496807
157 158 0.00102893
157 155 0.00251516
149 148 0.04108483
149 147 0.01316141
149 150 0.03312703
149 149 0.56707219
120 122 0.03778981
120 120 0.77348129
120 119 0.00139617
120 121 0.00071713
44 43 0.00170772
44 44 0.52238114
74 74 0.70443675
97 97 0.62096427
86 86 0.30964083
130 132 0.03908435
130 130 0.64092684
130 131 0.00180726
130 129 0.00685766
18 18 0.77036823
50 50 0.77342607
77 77 0.64742468
110 108 0.00622824
110 111 0.01877998
110 109 0.00432317
110 110 0.70920112
110 112 0.00490923
25 25 0.75512508
67 67 0.70112986
138 140 0.02821168
138 137 0.00195156
138 139 0.00189848
138 138 0.53501450
58 58 0.62786435
118 120 0.03614240
118 117 0.00902815
118 118 0.80999939
118 119 0.00274084
101 101 0.61178795
51 51 0.69273058
159 158 0.04992641
159 157 0.01630438
159 159 0.55308368
64 64 0.42440850
98 98 0.85806026
154 152 0.01774129
154 154 0.36118375
154 153 0.00523708
156 155 0.01702301
156 157 0.00194448
156 156 0.25347265
156 154 0.02928894
111 112 0.02009476
111 110 0.00520953
111 109 0.00440283
111 111 0.71105607
111 113 0.00983616
3 3 0.51712913
49 49 0.68458576
12 12 0.59600000
99 99 0.69177109
84 84 0.72705030
82 82 0.65665171
19 19 0.73057498
136 136 0.55129441
136 138 0.04299425
136 137 0.00183015
136 135 0.02951552
53 53 0.75818950
35 35 0.77470217
131 132 0.00387881
131 133 0.03264391
131 131 0.53346051
131 130 0.00240379
91 91 0.49113393
31 31 0.90769232
14 14 0.69895850
112 114 0.01460696
112 112 0.81657024
112 110 0.00053297
112 111 0.00266143
112 113 0.02212380
10 10 0.66247385
48 48 0.65537097
135 134 0.00982996
135 135 0.59293863
135 137 0.04385505
135 136 0.00939135
85 85 0.60001128
63 63 0.60377696
125 126 0.00627816
125 127 0.05194127
125 125 0.34633779
125 124 0.01278506
5 5 0.55719822
140 142 0.00282047
140 141 0.00872855
140 139 0.01622114
140 140 0.58417356
20 20 0.78114576
45 45 0.75536859
45 44 0.00114957
66 66 0.59897647
59 59 0.53326073
62 62 0.55562147
61 61 0.61916088
103 103 0.78527379
36 36 0.76772018
9 9 0.61374807
32 32 0.93171644
39 39 0.71400313
108 110 0.00299766
108 109 0.01542502
108 106 0.00589075
108 107 0.00387936
108 108 0.80092461
6 6 0.62308932
114 115 0.02124856
114 116 0.02679479
114 113 0.02169378
114 114 0.66526914
114 112 0.00493901
145 146 0.00256941
145 144 0.13143875
145 145 0.42100726
145 143 0.04608251
93 93 0.71983395
1 1 0.97647452
56 56 0.49253508
55 55 0.71166016
21 21 0.78863166
41 42 0.00072516
41 41 0.68171727
2 2 0.50025632
69 69 0.70367802
124 123 0.00170898
124 124 0.61060094
124 125 0.00166020
124 126 0.04555371
54 54 0.92905108
92 92 0.66361414
13 13 0.64280268
81 81 0.60678593
42 41 0.00134958
42 42 0.77764277
42 43 0.00113162
119 118 0.00142356
119 119 0.44731214
119 121 0.03755568
119 120 0.00095555
139 138 0.02369150
139 139 0.68341249
139 141 0.00988235
139 140 0.01377850
87 87 0.75797903
8 8 0.59208930
116 118 0.03109683
116 114 0.00394646
116 117 0.00300467
116 115 0.03270120
116 116 0.46279436
17 17 0.72230053
34 34 0.81312496
132 131 0.00506227
132 133 0.00464098
132 134 0.01252084
132 132 0.64397247
75 75 0.72770729
141 143 0.00257816
141 140 0.03015290
141 142 0.01993180
141 141 0.53196654
11 11 0.69411128
126 125 0.00824527
126 128 0.00579192
126 127 0.00676959
126 126 0.35052939
22 22 0.90936680
117 118 0.01115853
117 119 0.03473892
117 117 0.62573527
117 115 0.00103756
117 116 0.02412420
60 60 0.69387071
15 15 0.59813601
30 30 0.95551165
90 90 0.98746403
89 89 0.84077256
37 37 0.83689065
16 16 0.86572404
153 151 0.08298106
153 153 0.33237855
153 152 0.03361664
153 154 0.00050336
152 150 0.05412845
152 152 0.28145727
152 153 0.00071312
152 151 0.04182513
109 109 0.67688126
109 110 0.01557175
109 107 0.00614126
109 111 0.00405005
109 108 0.00440536
71 71 0.85128903
123 125 0.03900434
123 123 0.43731926
123 124 0.00079989
123 122 0.00110988
57 57 0.66787005
150 151 0.02263524
150 148 0.06449533
150 150 0.63465393
150 149 0.03716980
46 46 0.70144408
88 88 0.83740118
100 100 0.72489729
148 149 0.04944778
148 147 0.08987288
148 148 0.65470427
148 146 0.03529973
104 104 0.79614998
104 106 0.00069907
104 105 0.00078592
147 146 0.03064483
147 148 0.06037631
147 147 0.57114196
147 145 0.07428777
68 68 0.64084884
38 38 0.68714264
73 73 0.69242998
115 116 0.00825967
115 113 0.00427852
115 115 0.61265500
115 117 0.02751537
115 114 0.03237401
70 70 0.65583643
65 65 0.56836246
24 24 0.68399109
94 94 0.58529706
7 7 0.50263944
96 96 0.56948062
43 42 0.00214556
43 44 0.00055249
43 43 0.74929745
105 106 0.00498818
105 103 0.00051222
105 105 0.68344839
105 107 0.00173594
102 102 0.96913267
33 33 0.79401705
23 23 0.51163739
80 80 0.61020834
76 76 0.70404215
4 4 0.86726978
26 26 0.87182819
