44 49 44 49 0.12087467
8 153 8 153 0.07714900
56 78 56 78 0.19201493
32 58 32 58 0.01729720
37 53 37 53 0.08981733
108 122 108 122 0.04360333
108 125 108 125 0.07968443
57 77 57 77 0.19281728
100 132 100 132 0.09281533
15 49 20 51 0.00082787
15 49 19 52 0.01025954
29 62 29 62 0.00397047
27 34 29 39 0.00542387
27 34 33 39 0.00103611
27 64 27 64 0.00297801
30 61 30 61 0.00284145
58 76 58 76 0.44359536
63 73 63 73 0.02724906
63 70 63 70 0.09026265
16 48 20 51 0.00503174
16 48 19 52 0.00755903
9 152 9 152 0.05445500
20 39 20 39 0.00869483
20 44 23 48 0.00117481
20 44 22 49 0.00489934
20 44 25 46 0.00123979
20 44 24 47 0.01586487
20 41 25 46 0.00418025
28 63 28 63 0.00295209
43 50 43 50 0.05432000
55 79 55 79 0.35712799
21 38 21 38 0.00701230
21 41 25 46 0.00881675
101 131 101 131 0.11842483
40 53 40 53 0.02182540
40 50 40 50 0.05317233
23 68 23 68 0.00118439
23 42 25 46 0.03556820
25 36 29 39 0.00373336
25 66 25 66 0.00591287
107 126 107 126 0.08764678
107 123 107 123 0.03751000
14 50 19 52 0.00111689
19 42 24 47 0.00774679
19 40 19 40 0.02641510
19 43 23 48 0.01192732
19 43 24 47 0.05641197
61 73 61 73 0.27383266
18 43 23 48 0.00728030
18 46 22 49 0.00666341
18 46 21 50 0.00700999
18 46 20 51 0.01420036
18 46 23 48 0.00216776
22 43 24 47 0.03223267
22 43 25 46 0.00073646
26 35 30 38 0.00195726
26 35 32 40 0.00177569
109 121 109 121 0.25403933
60 74 60 74 0.20270326
42 51 42 51 0.05901196
103 129 103 129 0.12386840
41 52 41 52 0.07018345
41 49 41 49 0.07972967
33 57 33 57 0.01648220
104 128 104 128 0.13984404
113 118 113 118 0.05262533
113 120 113 120 0.14481883
113 119 113 119 0.01786586
17 47 22 49 0.00146689
17 47 19 52 0.01700935
17 47 21 50 0.01155575
17 47 20 51 0.00634426
38 52 38 52 0.13313567
36 54 36 54 0.05496200
36 41 36 41 0.00145920
64 72 64 72 0.02676057
64 69 64 69 0.11220596
102 130 102 130 0.14124740
111 122 111 122 0.06554874
54 80 54 80 0.07427433
10 151 10 151 0.05756067
110 123 110 123 0.06363349
35 55 35 55 0.08451200
59 75 59 75 0.20377171
