104 123 104 123 0.63443882
86 139 86 139 0.00883883
86 138 87 138 0.45076922
86 138 86 139 0.00193433
86 138 86 138 0.00735874
75 145 75 145 0.00222897
29 78 29 79 0.05418362
29 78 29 78 0.11935478
29 71 29 71 0.00634830
29 74 29 74 0.10680953
76 144 76 144 0.00318265
81 143 82 143 0.18790647
32 74 32 74 0.01999253
32 71 32 71 0.56030931
32 75 32 75 0.03376687
30 77 30 77 0.17487283
31 75 31 75 0.05596771
31 76 31 76 0.13133966
31 72 31 72 0.31960778
105 122 105 122 0.43571032
6 158 6 158 0.16021202
13 77 13 77 0.02478293
144 153 144 153 0.01428627
144 158 144 158 0.03374260
9 20 9 20 0.20877933
16 74 16 74 0.01252773
103 124 103 124 0.52284671
94 132 94 132 0.47401634
94 135 94 135 0.00197591
92 133 93 133 0.00248268
92 133 92 133 0.16495500
19 31 19 31 0.01312768
39 62 39 62 0.52030597
48 53 48 53 0.01968839
48 52 48 52 0.48147625
95 131 95 131 0.52569373
84 140 84 141 0.00080502
93 133 93 133 0.39237033
34 67 34 67 0.63501009
24 78 24 78 0.03064315
24 83 24 84 0.04759925
79 146 79 146 0.19626679
47 54 47 54 0.00391707
47 53 47 53 0.50490969
47 52 47 52 0.01688762
18 32 18 32 0.00254011
5 159 5 159 0.11975723
5 156 5 156 0.01991627
14 21 14 21 0.01956787
14 76 14 76 0.01964207
111 118 109 118 0.00133705
3 24 3 24 0.01730227
146 151 146 151 0.09763412
91 135 91 135 0.08258026
91 134 91 134 0.40376736
38 63 38 63 0.58736808
147 155 147 155 0.48173667
99 128 99 128 0.63614204
8 21 8 21 0.15399467
8 156 8 156 0.07489175
88 136 89 136 0.70527435
88 136 88 137 0.00202855
100 127 100 127 0.63824680
28 79 28 80 0.05817558
28 77 28 77 0.02900253
37 64 37 64 0.88980747
35 66 35 66 0.52030597
90 134 91 134 0.00808781
90 135 91 135 0.01508980
90 135 90 135 0.42692895
25 77 25 77 0.00847914
25 79 25 80 0.11748221
25 82 25 83 0.04502473
33 68 33 68 0.51764497
85 139 86 139 0.50023594
85 139 85 139 0.01111943
46 54 46 54 0.74933296
46 53 46 53 0.01743839
11 17 11 17 0.06321167
45 55 45 55 0.72040769
2 25 2 25 0.01941527
21 29 21 29 0.02240843
21 26 21 26 0.01445500
36 65 36 65 0.63566459
26 78 26 79 0.08770521
26 78 26 78 0.17626757
26 76 26 76 0.00863587
26 81 26 82 0.02890321
26 74 26 74 0.00266395
109 118 109 118 0.24808228
109 120 107 120 0.00200990
108 121 106 121 0.00079566
108 119 108 119 0.20349123
102 125 102 125 0.63827289
145 152 145 152 0.01993931
98 129 98 129 0.57986302
83 141 84 141 0.46367474
83 141 83 142 0.00183234
15 75 15 75 0.02153513
87 138 87 138 0.01004393
87 137 88 137 0.77407191
87 137 87 138 0.00210382
106 121 106 121 0.35089109
149 153 149 153 0.06227320
110 119 108 119 0.00189427
143 159 143 159 0.01317020
20 88 20 88 0.00051722
20 27 20 27 0.01076007
20 30 20 30 0.02131840
96 131 96 131 0.06911721
40 61 40 61 0.63501009
41 59 41 59 0.20806201
41 60 41 60 0.32494997
112 117 110 117 0.00108595
69 76 69 76 0.00277214
148 154 148 154 0.48693800
27 77 27 77 0.13138196
101 126 101 126 0.58999400
82 142 83 142 0.27635078
82 142 82 143 0.00168647
42 58 42 58 0.54109429
