44 62 41 58 0.00916617
44 62 43 62 0.00067030
44 62 42 57 0.01696980
44 62 40 59 0.87433100
24 82 22 82 0.00204039
24 82 23 82 0.01284950
24 80 24 79 0.00095322
24 80 23 80 0.29922400
24 80 22 81 0.00366718
24 81 23 80 0.12502100
24 81 24 79 0.08000220
24 81 22 81 0.01364930
24 81 22 82 0.00072536
24 84 22 84 0.00060603
24 84 23 84 0.00105184
15 90 16 88 0.00255949
15 98 15 96 0.01629140
15 98 13 98 0.01251540
15 98 14 97 0.71461100
109 116 109 116 0.00166147
109 116 107 116 0.00285998
109 116 108 115 0.92786600
104 118 104 118 0.00577487
104 118 104 117 0.00289952
104 119 104 118 0.00136683
104 119 104 119 0.01103760
22 82 22 81 0.00278669
22 82 22 82 0.00181233
22 82 23 80 0.00090679
22 84 20 85 0.00422174
22 84 21 83 0.11496400
22 84 22 84 0.00329348
22 84 22 82 0.03263630
22 81 22 81 0.00341876
25 79 24 79 0.05131990
25 79 23 80 0.00384936
25 79 25 79 0.00117990
25 83 24 83 0.00258031
29 76 28 76 0.00371376
29 77 27 77 0.39585200
29 77 28 76 0.23447100
29 77 29 75 0.04946950
29 77 26 78 0.00929137
107 116 107 116 0.01005740
107 115 108 115 0.00050136
107 115 107 116 0.00062417
107 115 107 115 0.01516350
40 66 34 66 0.00065003
40 66 37 63 0.06270830
40 66 37 62 0.00148993
40 66 38 62 0.00438644
40 66 36 63 0.32338500
40 66 39 66 0.00149594
40 66 40 65 0.00145796
16 89 17 87 0.00277535
16 89 16 89 0.01598680
16 89 16 88 0.08896700
16 88 16 88 0.00680350
21 86 20 86 0.06034860
21 86 20 85 0.00317595
21 86 21 85 0.00625325
21 86 19 87 0.00209858
21 83 22 81 0.00150872
21 83 21 83 0.00400726
21 83 20 83 0.23611200
21 85 21 83 0.03454810
21 85 21 85 0.00618080
21 85 20 85 0.10237400
21 85 19 85 0.00463534
105 118 104 118 0.03912650
105 118 104 117 0.14687200
105 119 104 118 0.04310730
105 119 104 119 0.07880630
105 119 105 120 0.00054638
14 99 12 99 0.00693847
14 99 13 98 0.74399900
14 99 14 97 0.02606930
42 65 39 60 0.00064016
42 65 38 62 0.45686600
42 65 40 60 0.01454860
47 58 44 55 0.13204800
47 58 47 58 0.00569026
33 73 31 69 0.00706765
33 73 31 70 0.00514253
33 73 32 68 0.01800300
33 73 30 74 0.01071100
33 75 30 74 0.15249300
33 75 29 75 0.47049600
51 60 48 57 0.00389286
51 55 47 52 0.62598400
52 59 49 56 0.00352127
52 57 47 52 0.00304170
45 61 43 56 0.01691350
45 61 41 58 0.56509000
45 61 42 57 0.00913141
45 61 45 60 0.00199732
110 115 109 114 0.50926900
110 115 108 115 0.00231497
35 73 31 69 0.00259005
35 73 31 70 0.00083126
35 73 35 73 0.01348150
35 73 35 72 0.00142772
31 75 28 76 0.00665301
31 75 29 75 0.15071100
31 75 30 74 0.08553230
46 59 43 56 0.02000640
46 59 46 59 0.00659761
46 60 46 59 0.00092143
46 60 42 57 0.91054700
46 60 45 60 0.00149613
46 60 43 56 0.00594322
46 60 44 55 0.01126800
13 100 13 98 0.04878980
13 100 12 99 0.74843000
13 100 11 100 0.02169970
26 80 23 80 0.00274444
26 80 25 79 0.24905700
26 80 26 78 0.05799880
19 88 19 88 0.00648770
19 88 18 88 0.00333490
34 74 30 74 0.26514500
34 72 33 67 0.01276550
34 72 31 69 0.13108200
34 72 31 70 0.08059820
34 72 32 68 0.00489290
37 71 33 67 0.00331443
37 71 37 71 0.00343262
37 69 35 65 0.00454812
37 69 31 69 0.00065531
37 69 34 65 0.00086950
37 69 34 66 0.16353000
37 69 32 68 0.00097279
37 69 33 67 0.75481500
17 88 17 87 0.07864240
17 88 18 86 0.00278826
17 88 16 88 0.80100200
106 116 105 116 0.00153905
106 116 106 117 0.00088063
20 86 18 86 0.00447491
20 86 20 86 0.00790109
20 86 20 85 0.01812310
20 86 19 85 0.03654430
20 86 19 86 0.13281900
20 85 19 85 0.30445200
20 85 20 83 0.01085720
20 85 20 85 0.00108917
20 85 18 86 0.00127701
20 85 21 83 0.00082064
39 67 35 65 0.75916200
39 67 34 66 0.00097576
39 67 38 62 0.01672350
39 67 39 66 0.00193047
39 67 36 63 0.00191071
39 67 37 62 0.00101871
39 67 37 63 0.00452107
36 72 35 72 0.00174675
36 72 32 68 0.00161816
36 72 36 71 0.00143807
36 72 36 72 0.01388620
12 101 11 100 0.75262400
12 101 12 99 0.08097770
12 101 10 101 0.01150390
53 58 50 55 0.00945282
50 55 47 52 0.27705400
50 55 50 55 0.01045480
50 59 45 54 0.00099623
23 81 22 81 0.52898600
23 81 23 80 0.00146514
23 81 24 79 0.00052288
23 84 23 82 0.00269759
23 84 22 84 0.03665960
23 82 21 83 0.00437163
23 82 22 82 0.10384200
23 82 22 81 0.17029600
23 82 23 82 0.00153989
23 82 23 80 0.04456840
23 80 23 80 0.00192816
18 87 17 87 0.81540700
18 87 18 86 0.13128700
18 87 18 85 0.00828234
18 87 19 85 0.00280868
18 87 16 88 0.00509392
48 58 48 57 0.00138766
48 58 45 54 0.00781166
48 58 44 55 0.79650000
48 58 46 53 0.01430080
48 58 47 58 0.00079980
48 56 46 53 0.00122707
108 115 108 115 0.01273830
108 115 107 115 0.00051582
108 117 106 117 0.00426357
108 117 107 116 0.84613200
43 63 40 59 0.00678383
43 63 40 60 0.01359090
43 63 39 60 0.93169800
43 63 37 63 0.00060894
43 63 43 62 0.00195140
43 63 41 58 0.01023190
43 64 40 60 0.00143509
32 76 29 75 0.07800660
32 76 30 74 0.00623000
32 76 28 76 0.45618900
32 74 31 70 0.00059552
32 74 31 69 0.01793990
32 74 30 74 0.09347560
32 74 29 75 0.00788767
27 79 26 78 0.25382100
27 79 24 79 0.00422942
27 79 25 79 0.47561500
27 79 27 77 0.08105520
49 57 47 52 0.01215390
49 57 49 56 0.00061701
49 57 46 53 0.00452395
49 57 45 54 0.67297900
49 57 48 57 0.00116735
49 55 47 52 0.00140301
28 77 27 77 0.00266791
28 78 28 76 0.08046790
28 78 26 78 0.62087000
28 78 25 79 0.00597470
28 78 27 77 0.18101800
38 68 36 63 0.00101213
38 68 37 63 0.01673710
38 68 33 67 0.00070475
38 68 34 66 0.76819800
38 68 34 65 0.00818197
38 68 35 65 0.16516200
