98 116 98 116 0.29210490
13 71 13 71 0.07627900
32 50 32 50 0.11335800
32 51 32 51 0.15080609
88 132 88 132 0.03227420
88 129 88 129 0.00399313
88 130 88 130 0.29908272
88 131 88 131 0.01553363
100 114 100 114 0.37327650
105 109 105 109 0.06779053
10 74 10 74 0.05114000
10 71 10 71 0.00815897
97 117 97 117 0.23344367
1 83 1 83 0.00355100
1 81 1 81 0.01220063
37 44 37 44 0.00298935
37 46 37 46 0.00453267
37 45 37 45 0.22394500
86 134 86 134 0.03469780
7 76 7 76 0.33912429
34 48 34 48 0.23652433
19 65 19 65 0.11266174
9 74 9 74 0.18695207
85 131 85 131 0.00802553
85 135 85 135 0.02051217
85 132 85 132 0.14559667
4 79 4 79 0.19005100
90 128 90 128 0.27637319
99 115 99 115 0.48574259
92 124 92 124 0.03846520
92 126 92 126 0.30118971
81 136 81 136 0.25150764
84 134 84 134 0.00613174
84 136 84 136 0.01396770
84 133 84 133 0.19074182
80 137 80 137 0.17792152
80 138 80 138 0.00547451
12 72 12 72 0.06129433
12 70 12 70 0.12526200
78 140 78 140 0.00410513
95 121 95 121 0.04983121
95 118 95 118 0.00760443
95 122 95 122 0.06181561
95 124 95 124 0.01318334
95 120 95 120 0.06930552
14 69 14 69 0.19402000
38 44 38 44 0.21233467
38 45 38 45 0.00700453
82 138 82 138 0.00872576
82 135 82 135 0.19779900
82 137 82 137 0.00566184
8 75 8 75 0.27465495
20 64 20 64 0.07441800
20 63 20 63 0.15912600
18 65 18 65 0.12140442
18 66 18 66 0.04847780
30 53 30 53 0.22223300
26 57 26 57 0.22501276
36 45 36 45 0.00233028
36 46 36 46 0.23164933
103 111 103 111 0.19493011
103 112 103 112 0.11166521
79 138 79 138 0.08155998
27 56 27 56 0.27620070
102 112 102 112 0.30441203
102 113 102 113 0.03511567
104 109 104 109 0.02989108
83 136 83 136 0.00434127
83 134 83 134 0.22182399
21 62 21 62 0.20728771
15 70 15 70 0.01646292
15 68 15 68 0.18065755
15 69 15 69 0.02241550
35 47 35 47 0.20169067
16 69 16 69 0.00271908
16 68 16 68 0.02830517
16 67 16 67 0.20288467
31 52 31 52 0.39426988
6 77 6 77 0.33660407
39 44 39 44 0.02308760
5 78 5 78 0.20053833
87 133 87 133 0.05792741
25 58 25 58 0.39546285
89 129 89 129 0.33861706
89 131 89 131 0.01113030
89 130 89 130 0.00570440
33 49 33 49 0.18861000
33 50 33 50 0.07122800
17 66 17 66 0.19599684
3 79 3 79 0.00864860
3 80 3 80 0.10138100
24 60 24 60 0.07508567
24 59 24 59 0.19041101
2 80 2 80 0.01232383
2 82 2 82 0.00588437
23 61 23 61 0.16296133
93 125 93 125 0.22941904
93 123 93 123 0.03998646
91 127 91 127 0.36129822
91 125 91 125 0.05230213
11 73 11 73 0.10526233
11 72 11 72 0.11251767
96 122 96 122 0.01253262
96 117 96 117 0.00305724
96 121 96 121 0.00796168
96 118 96 118 0.28822151
29 54 29 54 0.21959647
22 62 22 62 0.07349833
22 60 22 60 0.03605467
