79 95 79 95 0.34466965
21 27 21 27 0.06892441
70 101 70 101 0.00825015
72 101 72 101 0.01173373
72 100 72 100 0.02957974
72 99 72 99 0.02520813
10 36 10 36 0.18988262
66 106 66 106 0.00511016
66 73 66 73 0.00155705
66 75 66 75 0.00416313
58 116 58 116 0.00783440
103 111 103 111 0.04074700
43 104 43 104 0.04359988
59 72 59 72 0.24681151
59 115 59 115 0.06452933
59 71 59 71 0.02092980
59 71 60 71 0.00062272
40 103 40 103 0.01035398
105 109 105 109 0.04504006
34 71 34 71 0.00188550
82 92 82 92 0.26211291
60 114 60 114 0.04686233
60 65 60 65 0.00182615
60 70 60 70 0.01266368
60 71 59 71 0.00053058
60 71 60 71 0.29838128
60 72 60 72 0.00577635
60 66 60 66 0.00145795
12 34 12 34 0.11462064
35 70 35 70 0.00095254
64 69 64 69 0.00597012
64 109 64 109 0.00168207
64 73 64 73 0.00062053
64 68 64 68 0.01885607
36 69 36 69 0.00085149
9 37 9 37 0.24048789
19 29 19 29 0.10023456
62 69 62 69 0.28078139
62 73 62 73 0.01540963
62 112 62 112 0.00643430
62 67 62 67 0.00704812
62 68 62 68 0.00585159
69 103 69 103 0.00684177
31 74 31 74 0.00343673
57 117 57 117 0.00296304
8 38 8 38 0.05446533
50 55 50 55 0.27911258
33 72 33 72 0.00274107
42 106 42 106 0.03232643
42 101 42 101 0.01422794
47 58 47 58 0.28375001
49 56 49 56 0.26274933
102 112 102 112 0.04708167
5 40 5 40 0.01935757
99 115 99 115 0.07986995
83 90 83 90 0.06276795
83 90 82 92 0.00091160
83 88 83 91 0.00223659
68 74 68 74 0.00087997
68 104 68 104 0.00486142
67 74 67 74 0.00395730
67 105 67 105 0.00510146
67 72 67 72 0.00242220
77 97 77 97 0.28011020
100 114 100 114 0.14054489
71 101 71 101 0.02061997
71 100 71 100 0.01291324
30 75 30 75 0.00289373
85 90 85 90 0.27492637
63 69 63 69 0.00672911
63 68 63 68 0.28973679
63 67 63 67 0.01019016
63 111 63 111 0.00330475
81 93 81 93 0.34461215
37 68 37 68 0.00282641
101 113 101 113 0.05399499
80 94 80 94 0.41023940
11 35 11 35 0.07589315
44 63 44 63 0.00180077
44 104 44 104 0.01957025
44 103 44 103 0.01439618
48 57 48 57 0.32808945
65 107 65 107 0.00476023
78 96 78 96 0.35298805
45 103 45 103 0.02561190
45 102 45 102 0.01814644
13 33 13 33 0.11359487
61 66 61 66 0.00221363
61 113 61 113 0.01024543
61 74 61 74 0.00317717
61 70 61 70 0.36805792
61 71 61 71 0.00624818
61 65 61 65 0.00331976
32 73 32 73 0.00381300
41 102 41 102 0.01088942
74 99 74 99 0.04919071
74 100 74 100 0.03302610
74 101 74 101 0.00777157
20 28 20 28 0.07265551
14 32 14 32 0.14303256
