29 29 0.55941100
72 72 0.65396600
52 52 0.90134700
125 125 0.92121500
6 6 0.72481200
152 152 0.69893400
75 75 0.80937200
160 160 0.99998800
30 30 0.75649400
60 60 0.91031300
22 22 0.84072300
129 129 0.46792400
74 74 0.82443300
100 100 0.06165140
85 85 0.70975000
131 131 0.97873900
137 137 0.59495700
61 61 0.91025200
63 63 0.91033200
31 31 0.56479700
116 116 0.72150000
11 11 0.56460000
136 136 0.03548620
91 91 0.96725200
144 144 0.68811900
21 21 0.44328400
109 109 0.47134400
51 51 0.58659000
127 127 0.45659800
77 77 0.75871400
83 83 0.73890200
73 73 0.73805200
89 89 0.63789500
87 87 0.67729200
9 9 0.68196800
151 151 0.97340700
92 92 0.81408600
5 5 0.66459500
99 99 0.63960500
20 20 0.23630000
12 12 0.52858600
19 19 0.52812100
112 112 0.53662400
13 13 0.51669100
17 17 0.67173400
4 4 0.74234900
155 155 0.92074000
94 94 0.77692300
32 32 0.29084800
142 142 0.83794700
114 114 0.99765200
108 108 0.98505000
141 141 0.98803100
133 133 0.37615500
134 134 0.96970600
18 18 0.60242500
1 1 0.99376000
154 154 0.95394000
115 115 0.35116200
42 42 0.91173100
149 149 0.61811200
98 98 0.09783230
124 124 0.34830400
76 76 0.91334900
43 43 0.95357400
150 150 0.53938000
132 132 0.97868100
93 93 0.82716100
54 54 0.92297700
40 40 0.79709100
106 106 0.37680200
64 64 0.91034000
7 7 0.71314400
41 41 0.90841400
14 14 0.58882900
157 157 0.81549000
56 56 0.87156800
118 118 0.99849900
15 15 0.68973200
35 35 0.54253600
123 123 0.71844000
120 120 0.99843400
117 117 0.76520200
113 113 0.99843000
119 119 0.99846500
122 122 0.76420900
128 128 0.56835000
16 16 0.66739000
62 62 0.91032000
84 84 0.77721300
95 95 0.81030900
59 59 0.91034500
49 49 0.49738600
34 34 0.32792800
145 145 0.45395300
48 48 0.77703300
159 159 0.92920400
50 50 0.54780400
3 3 0.69098200
126 126 0.60739500
27 27 0.84375600
23 23 0.55914500
70 70 0.72034600
53 53 0.92297900
68 68 0.76703400
110 110 0.57174700
103 103 0.97275600
69 69 0.78864200
24 24 0.88970600
146 146 0.75454500
71 71 0.70566500
66 66 0.93315900
39 39 0.64002600
25 25 0.87705700
105 105 0.95291200
55 55 0.92296400
36 36 0.46398200
33 33 0.48785000
26 26 0.94884300
79 79 0.79062000
44 44 0.79869300
107 107 0.70847700
28 28 0.76175200
135 135 0.96977600
148 148 0.56764400
57 57 0.89137200
111 111 0.45997000
67 67 0.88307100
101 101 0.99628500
82 82 0.62777500
46 46 0.95159200
45 45 0.81716200
37 37 0.91585300
65 65 0.91343300
8 8 0.70205800
156 156 0.75317400
88 88 0.52579200
139 139 0.67822600
96 96 0.65901200
143 143 0.72793400
47 47 0.49113200
80 80 0.79483400
90 90 0.67510100
140 140 0.96410000
86 86 0.65159000
97 97 0.58601400
10 10 0.62367000
130 130 0.67929700
104 104 0.98886200
147 147 0.68583600
153 153 0.55969300
102 102 0.99626800
78 78 0.76404200
158 158 0.91713300
38 38 0.47222600
2 2 0.79503900
138 138 0.45074600
81 81 0.61100300
58 58 0.91028600
121 121 0.99836700
