15 16 0.00274823
15 15 0.96870500
35 35 0.97519200
123 123 0.98320800
117 117 0.98376000
117 118 0.00060189
120 120 0.79465500
119 119 0.18633800
113 113 0.98415000
84 84 0.37992500
16 17 0.00135965
16 16 0.96984100
128 128 0.99461700
62 62 0.98148400
62 63 0.00205601
62 61 0.00082529
122 122 0.98300800
95 95 0.96012000
95 94 0.01702200
95 96 0.00500840
59 60 0.00302608
59 59 0.98150300
49 50 0.04126300
49 49 0.91930900
145 147 0.00843636
145 146 0.00839844
145 144 0.02393980
145 145 0.93957100
34 34 0.97522400
159 159 0.57814500
48 48 0.91985500
48 49 0.00477400
50 50 0.92125400
50 51 0.00424198
3 3 0.56513200
126 126 0.98315300
27 27 0.96875000
23 23 0.96845700
70 70 0.24630400
53 53 0.98025900
53 54 0.00258428
68 68 0.66679700
103 104 0.00083938
103 102 0.00119420
103 103 0.98182700
110 110 0.98447500
69 69 0.37993900
24 24 0.96874500
146 146 0.92950700
146 148 0.00878320
146 145 0.03256450
146 147 0.00923501
66 66 0.98432200
71 71 0.38504300
39 40 0.00980251
39 39 0.96566700
105 105 0.98250100
105 104 0.00144019
25 25 0.96879500
55 55 0.98448300
33 33 0.97551800
36 36 0.97468900
36 37 0.00081751
44 44 0.94160800
44 45 0.02664150
26 26 0.96876900
79 79 0.99972300
107 107 0.98408000
57 57 0.98464700
28 28 0.96863300
148 147 0.04264010
148 150 0.00863884
148 149 0.01746710
148 148 0.91256300
135 137 0.00714404
135 135 0.97441500
135 136 0.00057244
135 134 0.00721731
67 67 0.98483600
111 111 0.98446500
82 82 0.38503000
101 101 0.98248100
101 100 0.00161828
46 46 0.93777300
46 47 0.03077650
45 46 0.02873200
45 45 0.93987400
37 37 0.97291800
37 38 0.00254868
65 65 0.98381100
65 66 0.00062947
88 88 0.98464500
8 8 0.89721200
156 156 0.91980100
156 157 0.00139403
156 155 0.00185700
139 140 0.00394920
139 138 0.01045000
139 139 0.96622200
139 141 0.00735873
96 97 0.00267663
96 95 0.01076590
96 96 0.96869500
143 142 0.01487990
143 143 0.95250500
143 145 0.00780044
143 144 0.00638091
80 80 0.99972800
47 48 0.04673520
47 47 0.92175400
90 91 0.00118798
90 89 0.00153820
90 90 0.98089500
86 86 0.98496100
140 139 0.01147280
140 141 0.00403372
140 142 0.00737498
140 140 0.96512300
97 98 0.00060242
97 97 0.97402600
97 96 0.00779555
104 105 0.00052070
104 104 0.98176500
104 103 0.00181298
130 131 0.00062235
130 130 0.18884200
10 10 0.96924900
147 147 0.92733600
147 148 0.01029670
147 149 0.00895897
147 146 0.04144980
153 152 0.07863950
153 154 0.05300430
153 153 0.85693200
102 102 0.98297800
102 101 0.00117853
38 39 0.00618478
38 38 0.96931400
78 78 0.99963100
158 158 0.52166400
138 139 0.00256805
138 140 0.00737953
138 137 0.00923772
138 138 0.96882400
2 2 0.99289100
81 81 0.65150300
58 59 0.00171096
58 58 0.98320600
121 121 0.98526400
52 53 0.00466152
52 52 0.96680700
72 72 0.65144700
29 29 0.96854200
125 125 0.98337900
6 6 0.98139700
152 151 0.07464580
152 152 0.85463900
152 154 0.00099464
152 153 0.05604060
30 30 0.96861000
75 75 0.99951100
60 61 0.00275995
60 60 0.98106900
160 160 0.99989300
22 21 0.00062328
22 22 0.53004400
129 129 0.80219500
74 74 0.99955600
85 85 0.66684500
100 99 0.00211633
100 100 0.98202000
137 136 0.00826683
137 139 0.00727804
137 138 0.00190453
137 137 0.97066200
131 133 0.00164697
131 131 0.98394500
131 132 0.00120525
131 134 0.00066705
63 64 0.00151121
63 63 0.98263500
61 60 0.00062323
61 62 0.00247353
61 61 0.98106800
31 31 0.94287500
136 136 0.97240800
136 135 0.00726053
136 138 0.00721210
136 137 0.00130258
11 11 0.96808900
116 116 0.98357800
144 146 0.00813846
144 145 0.00754192
144 144 0.94984700
144 143 0.02266930
91 92 0.00373282
91 90 0.00283431
91 91 0.96490400
21 20 0.00094094
21 21 0.81929600
109 109 0.98417000
51 52 0.01803280
51 51 0.93797200
127 127 0.98773600
77 77 0.99954700
73 73 0.99953200
83 83 0.24628200
87 87 0.98493200
89 90 0.00064838
89 89 0.98278500
5 5 0.79922600
92 91 0.01612390
92 93 0.00633173
92 92 0.96057400
9 9 0.72249400
151 150 0.06613900
151 152 0.05157110
151 151 0.85780300
151 153 0.00216571
99 98 0.00237270
99 99 0.98204000
20 20 0.93962400
12 12 0.96803900
13 13 0.96772500
112 112 0.98414200
19 20 0.00116462
19 19 0.98302000
17 18 0.00115331
17 17 0.85748000
4 4 0.21758100
32 32 0.97552500
94 94 0.95913400
94 93 0.01713440
94 95 0.00725182
155 154 0.01115510
155 155 0.95613000
155 156 0.00517855
142 142 0.96165500
142 143 0.00528229
142 144 0.00749446
142 141 0.01364380
114 114 0.98378500
108 108 0.98401100
141 141 0.96259700
141 142 0.00528754
141 143 0.00735970
141 140 0.01272440
133 133 0.97774400
133 132 0.00098328
133 135 0.00523982
133 134 0.00061200
134 133 0.00372488
134 134 0.97461800
134 136 0.00698293
18 18 0.90916200
18 19 0.00097844
154 154 0.87081100
154 155 0.02939490
154 153 0.07085140
1 1 0.99988500
115 114 0.00055833
115 115 0.98351300
124 124 0.98322900
98 97 0.00513637
98 98 0.97894600
42 42 0.93865300
42 43 0.02916000
149 150 0.02544730
149 151 0.00836828
149 149 0.89740800
149 148 0.05007750
43 44 0.02671570
43 43 0.93921900
76 76 0.99945900
132 135 0.00051182
132 134 0.00369841
132 131 0.00052196
132 132 0.98202700
132 133 0.00056716
93 93 0.95963000
93 94 0.00689217
93 92 0.01768780
150 149 0.05745830
150 150 0.88067700
150 152 0.00565365
150 151 0.03432560
54 54 0.98237400
40 40 0.94165200
40 41 0.00124218
106 106 0.98354100
106 105 0.00092404
64 65 0.00111328
64 64 0.98318800
41 41 0.93986200
41 42 0.02786330
7 7 0.87764500
14 14 0.96775800
56 56 0.98474200
157 157 0.87034300
157 158 0.00079718
118 118 0.98360400
