61 61 0.99330900
1 1 0.99996300
6 6 0.57445100
154 154 0.79845100
48 48 0.90255200
100 100 0.22597000
19 19 0.99365000
82 82 0.92185000
8 8 0.78605300
131 131 0.72641100
155 155 0.80558000
90 90 0.99758700
142 142 0.50377400
159 159 0.67681900
74 74 0.61975800
73 73 0.52887100
38 38 0.97291800
67 67 0.35365100
65 65 0.99523400
53 53 0.60936600
141 141 0.38853300
85 85 0.06204070
42 42 0.76657500
123 123 0.77273000
69 69 0.70652100
45 45 0.66041900
114 114 0.39539100
60 60 0.99297400
140 140 0.02988890
106 106 0.99390100
122 122 0.74136000
93 93 0.80372800
120 120 0.86880700
68 68 0.35076700
14 14 0.95773200
92 92 0.99185200
51 51 0.87426900
128 128 0.99827200
109 109 0.02988710
35 35 0.96794200
127 127 0.88536200
62 62 0.99341500
47 47 0.62403200
11 11 0.57975300
31 31 0.95179600
40 40 0.97228200
138 138 0.20682900
22 22 0.99387300
25 25 0.67105800
9 9 0.78596400
135 135 0.38910500
16 16 0.89362200
78 78 0.88050600
148 148 0.41022000
87 87 0.99731300
147 147 0.39687100
4 4 0.02657090
77 77 0.69937600
66 66 0.72005600
98 98 0.97620400
139 139 0.50333400
32 32 0.99212500
88 88 0.99722600
91 91 0.99412200
3 3 0.98979600
103 103 0.38715200
99 99 0.97620300
36 36 0.97268100
24 24 0.99364100
41 41 0.97231100
21 21 0.99382400
112 112 0.17118000
64 64 0.99409100
33 33 0.99210900
79 79 0.69420200
149 149 0.23292800
10 10 0.72582200
81 81 0.61190000
107 107 0.50271400
145 145 0.39267000
121 121 0.99619900
146 146 0.39409500
104 104 0.38572800
118 118 0.17108500
153 153 0.68332000
94 94 0.05334230
59 59 0.99304300
130 130 0.68541400
83 83 0.90948200
17 17 0.61872900
156 156 0.65568500
75 75 0.61621700
96 96 0.97727000
37 37 0.94265100
56 56 0.34858900
23 23 0.99369500
30 30 0.93338400
113 113 0.44181700
126 126 0.90880700
15 15 0.98111900
160 160 0.99998800
63 63 0.99350200
26 26 0.72197200
46 46 0.72417300
13 13 0.90561300
89 89 0.99730500
129 129 0.99831200
27 27 0.65270400
157 157 0.30254800
50 50 0.96594300
158 158 0.03557910
34 34 0.99200200
5 5 0.30574300
125 125 0.97081800
86 86 0.81241900
105 105 0.39685200
115 115 0.39378600
102 102 0.38992800
55 55 0.34568200
70 70 0.68380700
152 152 0.75699700
2 2 0.67149100
144 144 0.40378800
97 97 0.97621500
117 117 0.37740000
20 20 0.99365200
58 58 0.99302000
28 28 0.83726100
116 116 0.37889500
143 143 0.99978400
7 7 0.98008900
44 44 0.68839500
57 57 0.71629300
18 18 0.65607000
72 72 0.60553500
71 71 0.96124300
39 39 0.97232700
52 52 0.95196400
132 132 0.19915200
108 108 0.38853100
43 43 0.70712200
54 54 0.70144600
150 150 0.86591700
84 84 0.76133300
119 119 0.89513900
151 151 0.81822200
136 136 0.38917600
12 12 0.63669600
110 110 0.50333100
80 80 0.76605400
76 76 0.62993300
133 133 0.38126500
101 101 0.40327300
111 111 0.99998600
29 29 0.87027100
137 137 0.43798700
134 134 0.37889400
124 124 0.86135600
49 49 0.84929700
95 95 0.81008900
