5 148 5 147 0.01721070
8 145 7 145 0.00140360
8 145 8 144 0.01072280
59 84 59 84 0.24291400
59 84 59 82 0.00061168
59 84 58 83 0.00075917
59 82 59 82 0.10025300
1 152 1 151 0.01816120
61 81 61 80 0.00315723
61 81 60 81 0.00407082
142 151 142 151 0.19357700
68 78 68 78 0.33999500
68 75 68 75 0.15236700
68 74 68 74 0.05567710
79 87 79 87 0.00685965
126 140 126 140 0.06005690
55 85 55 85 0.00644915
94 101 94 101 0.17067300
67 72 66 72 0.00065658
67 79 67 79 0.80735300
67 81 67 79 0.00063366
146 151 146 151 0.10171300
80 86 80 86 0.00979545
129 136 129 136 0.96992600
10 141 10 141 0.01144740
10 145 10 144 0.00242805
93 102 93 102 0.17065500
128 137 128 137 0.61461400
123 143 123 142 0.00627276
28 33 28 33 0.78682200
69 77 69 77 0.59224700
125 141 125 141 0.01261110
4 137 3 137 0.00050730
4 137 4 137 0.14220300
52 61 52 61 0.00223115
6 147 6 146 0.01647910
6 147 5 147 0.00101646
51 62 51 62 0.00149004
75 91 75 91 0.00081535
124 130 124 130 0.00075482
124 141 124 141 0.02456310
2 138 2 138 0.67004500
2 151 2 150 0.01791510
56 86 56 86 0.93396500
56 86 56 84 0.00068760
9 142 9 142 0.03136920
9 144 8 144 0.00108852
58 85 57 84 0.00075747
58 85 58 83 0.00057127
58 85 58 85 0.25587500
139 151 139 151 0.06723280
130 135 130 135 0.93709200
65 77 65 77 0.02388070
63 79 63 78 0.00646847
63 79 62 79 0.00877099
64 78 63 78 0.00802426
62 80 62 79 0.00363819
62 80 61 80 0.00862732
3 138 2 138 0.00138289
3 138 3 138 0.18634000
3 137 3 137 0.22299400
60 83 59 82 0.00070683
60 83 60 81 0.00091748
60 83 60 83 0.60577000
60 81 60 81 0.26855100
66 80 66 80 0.75363700
66 82 66 80 0.00063889
