104 104 0.98622400
66 66 0.98478900
66 67 0.00125216
57 57 0.98637200
101 101 0.98610100
130 130 0.98355200
90 90 0.98568400
99 99 0.86386200
37 37 0.98637100
43 43 0.98635400
3 3 0.99639100
3 2 0.00160054
82 83 0.00115083
82 82 0.98508600
87 88 0.00119920
87 87 0.98507700
117 117 0.07593600
7 6 0.00051845
7 7 0.82500200
113 113 0.98515800
148 148 0.98339900
52 52 0.98634800
33 33 0.98353600
14 14 0.53884700
18 18 0.99909100
125 125 0.01782350
84 84 0.98470700
84 85 0.00161917
34 34 0.98348900
4 4 0.99679600
4 3 0.00133270
56 56 0.98627400
39 39 0.98633200
140 140 0.98515700
21 21 0.99904400
67 67 0.98460300
67 68 0.00114577
116 116 0.34164800
27 27 0.81885500
35 35 0.98340400
64 65 0.00137127
64 64 0.98492900
41 41 0.98637200
139 139 0.34165800
8 8 0.99774100
8 7 0.00052148
131 131 0.01782800
151 151 0.98210000
151 152 0.00064484
151 150 0.00763827
31 31 0.98360700
118 118 0.00981971
127 127 0.98345700
22 22 0.94436700
123 122 0.00103258
123 123 0.15405000
45 45 0.98616400
50 50 0.98629000
135 135 0.40641000
126 126 0.98348000
147 147 0.98330800
23 23 0.99936800
85 86 0.00148114
85 85 0.98447500
120 120 0.60285400
152 152 0.98982000
152 151 0.00879046
152 153 0.00083060
110 110 0.98524600
121 121 0.73432600
144 144 0.98501500
68 68 0.98463300
68 69 0.00098893
70 70 0.98511100
30 30 0.99020600
48 48 0.98630000
73 73 0.98627100
141 141 0.98514800
119 119 0.24272000
96 96 0.98956300
109 109 0.98523900
53 53 0.98629700
10 10 0.99813400
16 16 0.99834400
77 78 0.00059734
77 77 0.98554800
153 153 0.99257300
153 152 0.00595114
153 154 0.00093991
24 24 0.99938600
61 62 0.00075591
61 61 0.98560300
154 154 0.99573600
154 153 0.00307908
136 136 0.17357400
102 102 0.98608400
40 40 0.98626000
86 86 0.98466400
86 87 0.00118068
88 88 0.98507600
88 89 0.00120690
51 51 0.98636300
146 146 0.98305000
134 133 0.00122919
134 134 0.93501000
42 42 0.98637900
83 84 0.00145812
83 83 0.98471600
15 16 0.00079797
15 15 0.99760500
92 92 0.86241900
97 97 0.98951400
6 6 0.99768900
6 5 0.00059767
81 81 0.98504400
81 82 0.00120063
25 25 0.89818700
78 78 0.98543500
78 79 0.00084251
29 28 0.00096457
29 29 0.99540600
91 91 0.98625900
47 47 0.98611500
20 20 0.99888200
55 55 0.98632800
19 19 0.95860900
1 1 0.99653800
17 17 0.99908500
60 60 0.98588500
63 64 0.00114745
63 63 0.98517000
32 32 0.98347400
12 12 0.78479600
115 115 0.98506400
71 71 0.98558300
133 133 0.20447300
28 28 0.99901600
58 58 0.98634800
36 36 0.77862400
143 143 0.98486600
94 94 0.98954000
108 108 0.98515200
111 111 0.98523400
89 90 0.00070312
89 89 0.98505600
137 137 0.00982187
44 44 0.98618000
100 100 0.86235900
93 93 0.86390600
114 114 0.98501700
2 1 0.00179966
2 2 0.99616000
11 11 0.99823100
38 38 0.98636500
106 106 0.98520900
5 4 0.00098376
5 5 0.87540300
150 150 0.98162500
103 103 0.98622500
59 59 0.98615200
62 62 0.98528400
62 63 0.00091245
72 72 0.98619800
124 124 0.98376600
26 26 0.99951000
95 95 0.98953100
128 128 0.98328800
69 69 0.98480400
69 70 0.00076569
65 65 0.98461900
65 66 0.00142306
79 80 0.00107781
79 79 0.98521000
138 138 0.07594250
76 76 0.98583800
129 129 0.98333000
54 54 0.98634500
132 132 0.98296600
75 75 0.98626200
74 74 0.98629800
122 122 0.99826600
112 112 0.98522300
149 149 0.98323000
98 98 0.98940100
49 49 0.98630800
145 145 0.85190400
142 142 0.98494800
9 9 0.99818700
46 46 0.98603200
80 80 0.98497600
80 81 0.00124143
13 13 0.99777300
107 107 0.98517700
105 105 0.91169200
