7 157 7 157 0.02300613
136 142 136 142 0.00219242
59 69 59 69 0.40956620
111 143 111 143 0.29167527
83 95 83 95 0.10158860
57 71 57 71 0.32458392
122 132 122 132 0.10219594
129 151 129 151 0.01067062
62 66 62 66 0.27446414
15 124 15 124 0.00272478
15 149 15 149 0.09898854
15 106 15 106 0.03005335
12 151 12 151 0.04364233
12 157 12 157 0.01196669
80 98 80 98 0.03470933
80 96 80 96 0.02531890
145 152 145 152 0.04183409
123 132 123 132 0.02457781
123 130 123 130 0.03736688
39 46 39 46 0.00518497
8 156 8 156 0.02144123
16 123 16 123 0.00220709
16 105 16 105 0.04209745
16 148 16 148 0.02619438
79 99 79 99 0.01916423
82 96 82 96 0.03725100
82 94 82 94 0.01807553
124 130 124 130 0.08769455
117 137 117 137 0.20083091
112 142 112 142 0.20394498
126 131 126 131 0.07803113
126 154 126 154 0.01747822
109 145 109 145 0.15286204
52 76 52 76 0.06617483
134 144 134 144 0.00075205
147 156 147 156 0.01223126
120 134 120 134 0.46170307
30 40 30 40 0.02198033
30 42 30 42 0.10659700
32 40 32 40 0.10679800
58 70 58 70 0.17566165
114 140 114 140 0.21111720
27 46 27 46 0.03186490
27 95 27 95 0.00738952
133 145 133 145 0.00106875
119 135 119 135 0.31086133
85 93 85 93 0.05207300
17 121 17 121 0.00067465
17 104 18 104 0.00096443
17 104 16 104 0.00075226
17 104 17 104 0.29455933
135 143 135 143 0.00130299
125 155 125 155 0.13545555
128 152 128 152 0.03064016
21 30 21 30 0.01933364
21 48 21 48 0.08099539
28 44 28 44 0.13300533
28 41 28 41 0.00498743
75 96 75 96 0.02320262
75 100 75 100 0.06822621
61 67 61 67 0.17320720
29 43 29 43 0.08401267
76 99 76 99 0.04844782
76 95 76 95 0.01300641
41 46 41 46 0.00601033
6 13 6 13 0.13036788
113 141 113 141 0.25478520
127 153 127 153 0.01124468
60 68 60 68 0.23566065
110 144 110 144 0.27830555
137 141 137 141 0.00438781
118 136 118 136 0.21513444
24 42 24 42 0.00381173
24 98 24 98 0.02862283
24 51 24 51 0.03086470
24 45 24 45 0.08243864
13 156 13 156 0.00937091
13 108 13 108 0.01420317
81 95 81 95 0.01443047
23 28 23 28 0.05287354
23 99 23 99 0.03032977
23 46 23 46 0.12667752
23 52 23 52 0.02143133
23 43 23 43 0.00238610
22 100 22 100 0.05143000
22 47 22 47 0.12676350
22 44 22 44 0.00961617
22 53 22 53 0.06712000
22 29 22 29 0.03137765
115 139 115 139 0.15208399
45 50 45 50 0.02719233
84 94 84 94 0.04997473
25 48 25 48 0.02040507
31 39 31 39 0.02275446
31 41 31 41 0.07761600
