7 36 7 36 0.13414400
98 104 94 100 0.62651600
98 104 95 100 0.00646772
98 102 95 100 0.00477593
98 102 94 100 0.00251796
21 28 21 28 0.52978000
14 29 14 29 0.16657600
4 15 4 14 0.01095400
4 153 5 150 0.03270270
4 153 4 150 0.84193700
4 153 4 151 0.00343468
78 119 77 116 0.00780830
91 103 88 101 0.00546562
91 109 88 106 0.35480300
3 154 3 151 0.31559200
3 154 4 151 0.01751000
3 16 3 15 0.01035780
102 109 100 106 0.00313401
13 30 13 30 0.91141000
94 107 91 103 0.01084710
94 107 91 104 0.08658810
8 35 8 35 0.11494000
15 28 15 28 0.42931600
90 104 87 102 0.00726677
87 95 84 91 0.01071110
87 114 83 111 0.00294050
87 114 84 110 0.00139932
87 112 84 110 0.00328113
87 112 85 109 0.00052098
96 105 92 103 0.00060414
96 105 92 101 0.02849970
96 106 92 103 0.25083000
89 112 85 109 0.01595370
93 108 89 105 0.01092960
79 118 78 115 0.00699907
85 115 82 112 0.29208100
103 108 101 105 0.00616614
81 116 80 113 0.00355264
97 103 94 100 0.21403500
97 103 95 100 0.00060074
5 14 5 13 0.01088900
5 152 5 150 0.00383663
5 152 6 149 0.03389560
80 117 79 114 0.00971092
11 32 11 32 0.12086300
88 111 85 109 0.00431233
88 113 84 110 0.01347480
88 113 85 109 0.00785127
20 29 20 29 0.12104500
86 114 83 111 0.20042500
86 96 83 92 0.00545163
86 91 83 88 0.06179000
95 107 91 103 0.02369160
95 107 91 104 0.10024400
95 107 92 103 0.02415980
92 108 89 105 0.36595000
92 102 89 100 0.00806861
83 116 80 113 0.13877500
2 17 2 16 0.00424922
1 18 1 17 0.00787090
