20 156 20 153 0.11966500
88 113 84 110 0.39139300
88 113 85 109 0.25513900
88 114 84 110 0.00067891
88 114 85 109 0.22008900
82 117 79 114 0.14214700
5 14 5 13 0.93923600
5 14 4 14 0.01972020
97 105 95 100 0.00090671
97 105 94 100 0.09800270
81 118 78 115 0.15032100
85 115 82 112 0.20805000
89 112 85 109 0.38672200
1 18 1 17 0.92770000
2 17 2 16 0.74564800
2 17 1 17 0.01486600
22 154 21 152 0.00856519
22 154 22 151 0.09156090
83 116 80 113 0.11648800
92 110 88 106 0.49440500
92 110 89 105 0.17070400
95 107 91 104 0.00094355
95 107 91 103 0.23627300
95 107 92 103 0.08013980
95 108 92 103 0.03824900
95 108 91 104 0.03270170
95 108 91 103 0.00609449
94 108 91 104 0.04118890
94 108 91 103 0.06640620
94 109 91 104 0.02016590
3 16 2 16 0.01818130
3 16 3 15 0.93583600
91 111 87 107 0.42657700
91 111 88 106 0.17439900
4 15 3 15 0.02394810
4 15 4 14 0.95487600
21 155 20 153 0.00839191
21 155 21 152 0.76421900
98 104 94 100 0.76624000
98 104 95 100 0.06024690
84 116 81 113 0.20991500
84 116 80 113 0.00298683
7 12 6 12 0.01681880
7 12 7 11 0.24901300
7 11 7 11 0.10149700
96 106 92 101 0.01584470
96 106 92 103 0.00152195
87 115 84 110 0.20177800
87 114 84 110 0.26670000
87 114 83 111 0.33631100
90 112 87 107 0.20230100
