17 17 0.99712000
93 93 0.08316550
93 94 0.81877300
30 30 0.99780800
10 10 0.37448800
109 110 0.39002800
85 86 0.89056700
85 85 0.08820140
127 127 0.95261800
2 2 0.87153400
3 3 0.90751100
103 104 0.01008500
124 124 0.29463700
55 55 0.64570700
116 116 0.01326860
116 117 0.00054287
47 46 0.00064037
47 47 0.99623400
99 99 0.01079900
99 100 0.91574000
92 93 0.89100700
92 92 0.00487704
146 146 0.99943600
19 19 0.85166000
29 29 0.99785000
87 87 0.08637680
87 88 0.75462100
95 96 0.90454900
95 95 0.00208410
62 63 0.18561800
62 62 0.65024300
79 79 0.04737960
79 80 0.02493800
130 130 0.49439900
115 115 0.94840000
115 114 0.00083859
61 61 0.49378000
61 62 0.08198870
102 103 0.29461200
6 6 0.65934500
57 57 0.31403100
50 49 0.00071551
50 50 0.99752200
77 77 0.11372800
77 78 0.02521200
65 66 0.02489080
65 65 0.69735900
100 101 0.12641300
100 100 0.01472490
34 35 0.00067598
34 34 0.99686500
90 90 0.08872760
90 91 0.08523280
52 52 0.82008100
68 69 0.24390000
68 68 0.04087520
70 71 0.18222700
70 70 0.73059100
40 40 0.99758400
123 123 0.01008490
126 127 0.00050740
126 126 0.13534800
129 129 0.45250100
91 91 0.04714840
91 92 0.03108880
117 117 0.38983800
82 82 0.05446510
82 83 0.75315000
18 18 0.63339700
25 25 0.99776900
119 119 0.98676800
84 85 0.89122800
84 84 0.08791810
122 122 0.00822102
15 16 0.00103134
15 15 0.76289400
114 115 0.02999330
114 114 0.77902800
114 113 0.00122718
54 54 0.56124700
88 88 0.04538600
88 89 0.02546060
7 7 0.79483400
142 142 0.99934700
120 120 0.98683200
36 36 0.99769400
63 63 0.63679000
63 64 0.16908700
73 73 0.36260500
73 74 0.12409600
83 84 0.89132100
83 83 0.08783590
53 53 0.62978900
145 145 0.99951900
138 138 0.92972100
49 49 0.83500800
111 111 0.00439659
111 112 0.58100800
58 58 0.58892300
58 59 0.00144525
32 32 0.99735300
86 86 0.08821870
86 87 0.89081100
81 82 0.89186400
81 81 0.08886880
60 61 0.01902900
60 60 0.75611700
147 147 0.99965400
98 98 0.05435660
98 99 0.91000600
118 118 0.01017420
1 1 0.99963900
112 112 0.39631900
112 113 0.38932700
20 20 0.70547700
38 38 0.99780300
143 143 0.72857800
75 75 0.31847600
75 76 0.14253300
67 68 0.05314280
67 67 0.42000500
66 67 0.23281200
66 66 0.70368100
131 131 0.10171900
135 135 0.48984700
105 106 0.39143700
33 33 0.99701600
33 34 0.00056288
133 133 0.55440300
51 51 0.99797900
110 111 0.00918396
132 132 0.99589200
22 22 0.54701100
121 121 0.39146400
74 75 0.12283000
74 74 0.26423500
12 13 0.00056153
12 12 0.45775700
48 48 0.99657400
26 26 0.99762500
137 137 0.99616800
13 14 0.00083175
13 13 0.64808700
28 28 0.99783500
69 70 0.18345500
69 69 0.40699500
113 114 0.19810300
113 113 0.58735400
113 112 0.00120059
37 37 0.99780100
76 76 0.47498100
76 77 0.50382000
31 31 0.99736700
11 11 0.09584470
5 5 0.99846600
125 125 0.01104570
125 126 0.00206250
134 134 0.40784800
97 98 0.42698200
97 97 0.05412500
16 16 0.84332900
16 17 0.00086967
14 14 0.40795000
14 15 0.00118223
108 109 0.01026900
45 45 0.08601110
43 43 0.99763200
44 44 0.99756100
140 140 0.09409830
89 90 0.02499860
89 89 0.08873410
41 41 0.99765500
24 24 0.99787000
148 148 0.99981700
27 27 0.99765500
4 4 0.93469500
136 136 0.49418900
71 71 0.74781700
71 72 0.13486300
139 139 0.56592500
94 94 0.08337860
94 95 0.08125720
128 128 0.96932100
59 59 0.97463800
59 60 0.00386787
8 8 0.99802700
101 101 0.00443207
101 102 0.01055820
144 144 0.72622000
46 46 0.54602500
72 72 0.35953200
72 73 0.12735900
141 141 0.65271500
106 107 0.98689800
96 97 0.45616700
96 96 0.04325990
42 42 0.99756300
39 39 0.99777700
21 21 0.93684300
78 79 0.08504120
78 78 0.00720319
64 65 0.02755950
64 64 0.67072400
107 108 0.98684800
23 23 0.08619320
9 9 0.61000800
80 80 0.08878210
80 81 0.02542530
56 56 0.10339100
104 105 0.00822155
35 35 0.99704300
