49 113 49 113 0.00224910
44 105 44 105 0.48864000
65 95 65 95 0.08238740
65 93 65 93 0.60852400
57 103 57 103 0.77310500
5 149 5 149 0.50446300
24 120 24 120 0.93042600
38 110 38 110 0.10046600
41 107 41 107 0.02274120
41 108 41 108 0.49568100
41 109 41 109 0.02063090
70 88 70 88 0.46518100
70 86 70 86 0.02681490
27 117 27 117 0.65821600
76 84 76 84 0.14196400
76 86 76 86 0.04258440
26 118 26 118 0.59707900
31 114 31 114 0.11838800
56 104 56 104 0.44093200
56 95 56 95 0.00085141
56 102 56 102 0.00431114
51 110 51 110 0.00813166
51 98 51 98 0.00479868
11 151 11 151 0.00484536
11 136 11 136 0.01779740
11 135 11 135 0.50646900
22 122 22 122 0.97989600
9 145 9 144 0.00139710
9 140 9 140 0.26797500
9 136 9 136 0.08458930
21 123 21 123 0.70265400
7 147 7 147 0.50411000
77 85 77 85 0.05052040
64 96 64 96 0.06744760
64 94 64 94 0.58617000
130 139 130 139 0.00175596
12 134 12 134 0.79839600
12 150 12 150 0.00282469
48 114 48 114 0.00556427
17 128 17 128 0.05134220
17 127 17 127 0.60901300
131 138 131 138 0.00419206
30 115 30 115 0.17621000
30 116 30 116 0.13726400
30 37 30 37 0.01679330
39 110 39 110 0.45264900
39 48 39 48 0.00783522
39 109 39 109 0.04075660
15 142 15 142 0.00065526
15 127 15 127 0.01783880
15 129 15 129 0.12545200
15 131 15 131 0.32943100
74 86 74 86 0.29064300
74 84 74 84 0.14260500
74 88 74 88 0.04783830
18 126 18 126 0.66495000
71 80 71 80 0.00993491
71 85 71 85 0.02273580
59 93 59 93 0.00068468
50 99 50 99 0.00932394
50 112 50 112 0.00302480
13 133 13 133 0.42687700
13 143 13 143 0.00115467
13 149 13 149 0.00087246
66 94 66 94 0.04160350
66 92 66 92 0.63210100
4 150 4 150 0.49625000
62 98 62 98 0.01390140
62 96 62 96 0.63847100
8 146 8 145 0.00142261
40 47 40 47 0.00369104
40 108 40 108 0.03713940
40 109 40 109 0.44675100
40 110 40 110 0.02429250
32 114 32 114 0.32830100
37 111 37 111 0.07485760
43 106 43 106 0.49048800
60 98 60 98 0.67576900
69 90 69 90 0.03536760
69 89 69 89 0.74815800
55 105 55 105 0.19037300
55 101 55 101 0.05347990
67 91 67 91 0.55413900
67 93 67 93 0.03513620
29 38 29 38 0.01783510
29 117 29 117 0.03802810
68 90 68 90 0.60318600
68 92 68 92 0.03761560
68 83 68 83 0.00191827
36 111 36 111 0.16112100
36 41 36 41 0.07698530
34 43 34 43 0.00362701
34 115 34 115 0.03767760
34 112 34 112 0.33077500
53 96 53 96 0.00089606
53 108 53 108 0.01516570
35 111 35 111 0.33023500
35 42 35 42 0.01059360
35 114 35 114 0.04318700
61 97 61 97 0.58282400
73 89 73 89 0.01640320
73 87 73 87 0.34372200
73 85 73 85 0.08232220
23 121 23 121 0.93042700
6 148 6 148 0.74934700
28 39 28 39 0.00653636
28 34 28 34 0.01889010
25 119 25 119 0.59707900
10 139 10 139 0.33830600
10 135 10 135 0.31255100
52 97 52 97 0.00166073
14 148 14 148 0.00070275
47 102 47 102 0.02961540
58 102 58 102 0.43617200
42 107 42 107 0.56660100
42 108 42 108 0.02285240
20 124 20 124 0.92816200
1 147 1 146 0.00123749
75 83 75 83 0.47827600
75 87 75 87 0.04452990
75 85 75 85 0.13208600
