99 134 99 134 0.18443100
58 69 60 71 0.00513784
20 70 19 70 0.00093798
20 70 20 69 0.00420070
20 70 20 71 0.04202960
101 132 101 132 0.91548200
1 14 1 14 0.17335600
1 147 1 146 0.00055510
61 71 60 71 0.01503070
94 141 93 141 0.00345464
23 67 23 69 0.02496950
28 63 29 63 0.00080850
28 63 28 64 0.14807900
28 63 28 65 0.01928270
92 143 91 143 0.00318441
103 130 103 130 0.13304400
103 117 103 117 0.07612000
103 111 103 111 0.03643100
98 114 98 114 0.00187546
29 57 29 56 0.04892340
29 57 29 60 0.00136389
29 57 30 59 0.00050206
29 62 29 64 0.01848810
29 62 29 63 0.18481100
29 62 30 62 0.00258399
34 52 35 53 0.00297308
34 52 33 52 0.00269074
34 52 37 55 0.00159634
19 71 19 70 0.00077940
19 71 19 72 0.02541530
36 50 37 52 0.14432400
36 50 38 51 0.00298930
36 50 35 50 0.00090277
36 50 39 53 0.00137209
36 50 36 52 0.62916800
36 50 36 49 0.16636200
35 51 37 52 0.00265369
35 51 38 54 0.00220054
35 51 36 54 0.00242468
35 51 36 52 0.00215588
35 51 35 50 0.05811140
35 51 35 53 0.31700400
93 142 92 142 0.02734910
100 105 100 105 0.00237257
100 133 100 133 0.84928500
104 110 104 110 0.04405700
104 116 104 116 0.04645980
104 108 104 108 0.07550300
104 129 104 129 0.33525100
104 112 104 112 0.22969600
106 112 105 112 0.00123737
4 150 6 150 0.00200811
4 11 3 11 0.00101468
4 11 4 10 0.02252280
62 70 61 70 0.01365390
8 19 8 18 0.00096646
32 53 33 55 0.00278800
32 53 32 53 0.00083408
32 54 33 55 0.00296455
32 54 33 57 0.00429673
32 54 31 54 0.00234229
32 54 32 56 0.28809800
32 54 32 53 0.06437650
40 47 43 50 0.00225139
40 47 42 49 0.00610196
40 47 41 48 0.00106867
40 47 41 49 0.00736188
40 47 40 49 0.21211400
40 46 42 47 0.00160242
40 46 42 48 0.01696260
40 46 38 45 0.00074333
40 46 41 48 0.12496700
107 111 107 111 0.04547800
107 111 106 111 0.00053671
107 114 107 114 0.11844000
30 55 30 57 0.03857930
30 55 30 55 0.00113863
30 56 30 59 0.00169830
30 56 30 55 0.12065600
30 56 30 57 0.00670754
30 56 31 58 0.00112587
30 58 30 59 0.02496230
30 58 30 57 0.00550857
30 58 31 58 0.00081297
30 58 31 61 0.00234399
30 61 31 61 0.00108720
30 61 30 62 0.16221900
39 48 42 51 0.00092951
39 48 40 49 0.00092797
39 48 39 50 0.51623600
39 46 38 45 0.04706700
39 46 41 48 0.00450699
39 47 41 49 0.00620581
39 47 41 48 0.00164671
39 47 40 49 0.14092600
71 80 72 80 0.01637030
33 53 33 55 0.76004000
33 53 33 52 0.17729700
33 53 34 56 0.00307361
33 53 32 53 0.00099614
59 68 61 70 0.00544983
59 73 58 72 0.00053513
21 69 20 69 0.00080556
21 69 21 68 0.00073707
97 115 97 115 0.00143836
97 103 97 103 0.00099139
2 146 1 146 0.00182853
2 151 2 151 0.07438650
95 140 94 140 0.00194780
31 60 31 61 0.41290700
31 60 31 62 0.04785630
31 60 32 60 0.00066928
31 54 31 54 0.00688246
31 57 31 58 0.20110600
31 57 30 57 0.00100506
31 57 32 60 0.00126681
26 61 26 61 0.02627190
22 68 22 70 0.09130780
9 18 8 18 0.00150156
9 18 9 17 0.00102136
5 10 4 10 0.00503388
5 10 5 9 0.02396870
24 66 24 68 0.03012020
38 49 37 48 0.02337750
38 49 38 51 0.36240400
38 49 41 52 0.00087170
38 49 39 50 0.00205253
38 47 40 49 0.00321535
38 47 37 46 0.00412233
38 48 39 50 0.23745400
38 48 40 49 0.00175876
38 48 41 51 0.00103909
38 48 37 48 0.00058276
41 46 44 49 0.00075779
41 46 41 48 0.19782600
41 46 42 48 0.01896430
41 46 42 47 0.00127917
105 109 105 109 0.10362100
70 81 71 81 0.02221670
27 68 27 68 0.05924030
27 60 27 60 0.03943130
3 151 2 151 0.00067850
3 151 5 151 0.00083071
3 12 3 11 0.02503950
