15 93 15 93 0.00441843
15 90 15 90 0.12046084
15 69 15 69 0.00897792
15 20 15 20 0.00202423
15 91 15 91 0.03142596
10 95 10 95 0.29546282
10 96 10 96 0.00923171
10 98 10 98 0.00619650
39 62 39 62 0.24317112
39 59 39 59 0.02987252
39 53 39 53 0.02386735
2 102 2 102 0.01482416
83 98 82 99 0.00145482
83 98 83 98 0.15712987
83 98 91 98 0.00478521
6 75 6 75 0.01153993
6 102 6 102 0.02617656
14 94 14 94 0.00183424
14 91 14 91 0.17016035
14 70 14 70 0.03212180
14 92 14 92 0.02312313
79 102 82 99 0.00057668
79 102 80 101 0.00092137
79 102 79 102 0.06278640
79 86 79 86 0.00926563
21 82 21 82 0.02337320
21 80 21 80 0.01583854
21 83 21 83 0.03884659
21 46 21 46 0.00709213
21 86 21 86 0.12826699
21 66 21 66 0.00090365
21 81 21 81 0.02399431
27 77 27 77 0.01536764
27 75 27 75 0.30949118
35 66 35 66 0.28283468
35 64 35 64 0.00604195
90 99 82 99 0.00128066
5 102 5 102 0.05995889
67 87 67 87 0.00054091
67 87 80 101 0.00063045
40 58 40 58 0.03730183
40 56 40 56 0.00137185
40 46 40 46 0.00096330
40 61 40 61 0.17460508
40 52 40 52 0.03048616
40 57 40 57 0.00198832
12 94 12 94 0.01023078
12 72 12 72 0.01877955
12 72 12 73 0.00102034
12 73 12 72 0.00056199
12 93 12 93 0.24992462
29 72 29 72 0.00982750
29 72 29 73 0.00306121
29 73 29 73 0.21967471
29 73 29 72 0.00316887
29 71 29 71 0.01419806
29 39 29 39 0.01559270
52 59 52 59 0.00174470
102 107 102 107 0.00385877
102 108 102 108 0.00318618
102 110 102 110 0.00195851
102 111 102 111 0.00253998
102 109 102 109 0.00354649
45 55 45 55 0.01841913
45 52 45 52 0.01282624
45 61 43 61 0.00094880
45 61 45 61 0.00199558
45 57 45 57 0.01259627
45 58 45 58 0.01653596
45 51 45 51 0.00357899
45 56 45 56 0.01511555
88 93 88 93 0.00081535
87 94 87 94 0.00080922
8 105 8 105 0.00646793
26 76 26 76 0.28212414
26 41 26 41 0.00058138
26 41 27 42 0.00067107
26 74 26 74 0.00133297
26 79 26 79 0.00148406
47 56 47 56 0.01293338
47 51 47 51 0.01741444
47 58 47 58 0.04740341
47 64 47 64 0.00127810
47 57 47 57 0.02162990
47 52 47 52 0.04599326
47 55 47 55 0.00244549
24 76 24 76 0.00134188
24 78 24 78 0.18904972
24 85 24 85 0.00540721
24 79 24 79 0.02209021
24 43 24 43 0.00653456
24 84 24 84 0.00948747
24 45 24 47 0.00124590
24 45 24 45 0.01669563
24 87 24 87 0.00079345
11 94 11 94 0.29560065
46 59 46 59 0.04013590
46 65 46 65 0.00149517
46 53 46 53 0.03961256
46 50 46 50 0.00686989
46 54 46 54 0.02459075
46 60 44 60 0.00164602
46 60 46 60 0.00292899
76 105 77 104 0.00138020
76 105 76 105 0.15650834
76 105 79 102 0.00054172
76 105 75 106 0.00094932
50 61 51 63 0.00242741
50 61 50 61 0.00144621
50 57 50 57 0.01124739
50 57 49 56 0.00061937
50 55 50 55 0.07281771
50 56 50 56 0.00965783
50 64 50 64 0.00095860
22 65 22 65 0.00074558
22 78 22 78 0.01460542
22 30 22 30 0.03002449
22 45 22 45 0.00176087
43 61 43 61 0.00489555
43 57 43 57 0.00682704
43 52 43 52 0.00117200
43 55 43 55 0.03395933
43 56 43 56 0.00843598
43 51 43 51 0.00173250
43 58 43 58 0.05608331
48 56 48 56 0.02016144
48 58 48 58 0.00499703
48 52 48 52 0.01074109
48 57 48 57 0.05095623
48 55 48 55 0.01081088
81 87 81 87 0.00214420
81 88 81 88 0.00085908
81 100 82 99 0.00072298
81 100 80 101 0.00112996
81 100 81 100 0.05780350
44 62 44 62 0.00077397
44 60 44 60 0.01579825
44 60 46 60 0.00069111
44 53 44 53 0.01185895
44 50 44 50 0.00341713
44 54 44 54 0.04037285
44 59 44 59 0.02138460
44 49 44 49 0.00542057
42 59 42 59 0.07465194
42 53 42 53 0.00137001
42 50 42 50 0.14749566
42 63 42 63 0.00153094
42 62 42 62 0.00231333
42 68 42 68 0.01733131
42 54 42 54 0.00383823
42 60 42 60 0.05343514
3 102 3 102 0.06348833
38 60 38 60 0.01977513
38 63 38 63 0.16127290
38 43 38 43 0.00090254
51 60 52 62 0.00096509
51 60 51 60 0.00930402
51 63 50 61 0.00053352
51 63 51 63 0.00127047
49 58 51 60 0.00091977
49 58 49 58 0.00144583
49 56 49 56 0.05814946
49 56 50 57 0.00079492
49 55 49 55 0.02213791
49 57 49 57 0.00769554
18 89 18 89 0.16805825
18 82 18 82 0.00061681
18 23 18 23 0.00076567
18 86 18 86 0.00499559
19 88 19 88 0.21090915
60 66 60 66 0.00095858
68 86 68 86 0.00067127
30 72 30 72 0.17084041
30 72 30 71 0.00503993
30 37 30 37 0.00063340
30 70 30 70 0.03154160
30 70 30 71 0.00054232
30 38 30 38 0.01148486
30 71 30 70 0.00055674
30 71 30 72 0.00494393
30 71 30 71 0.02323656
61 65 61 65 0.00368459
36 65 36 65 0.27125746
36 63 36 63 0.00426148
55 63 55 63 0.09978464
31 69 31 69 0.06525702
34 67 34 67 0.34007929
34 69 34 69 0.01311392
32 67 32 67 0.00666307
32 69 32 69 0.06023446
23 88 23 88 0.00077816
23 45 23 45 0.00055640
23 78 23 78 0.02615900
23 29 23 29 0.02507366
56 62 56 62 0.00228013
17 86 17 86 0.00435524
17 83 17 83 0.00061203
17 90 17 90 0.13040714
17 91 17 91 0.00402799
80 101 80 101 0.06751440
80 101 81 100 0.00060279
80 101 79 102 0.00109814
80 85 80 85 0.02245397
41 64 41 64 0.00458460
41 58 41 58 0.00470363
41 57 41 57 0.04310516
41 56 41 56 0.00578706
41 51 41 51 0.14989795
41 69 41 69 0.02085655
41 61 41 61 0.03342827
41 55 41 55 0.00333419
82 99 90 99 0.00132534
82 99 82 99 0.15629846
82 99 83 98 0.00131091
82 99 81 100 0.00095571
82 87 82 87 0.00303618
33 70 33 70 0.02614977
33 69 33 69 0.05929714
33 38 33 38 0.00059171
33 66 33 66 0.00239381
33 71 33 71 0.00690913
77 104 77 104 0.00117342
77 104 76 105 0.00141901
91 98 83 98 0.00468281
75 106 75 106 0.04778443
75 106 76 105 0.00092858
7 74 7 74 0.00087827
7 106 7 106 0.00932572
7 98 7 98 0.25378923
7 101 7 101 0.01494620
7 99 7 99 0.00845710
99 105 99 105 0.00467550
16 91 16 91 0.04924487
16 89 16 89 0.06261798
16 90 16 90 0.01411394
16 92 16 92 0.00381711
97 105 97 105 0.00071944
20 47 20 47 0.00757929
20 32 20 32 0.01062806
20 87 20 87 0.21886233
20 84 20 84 0.02718541
20 85 20 85 0.02021142
1 102 1 102 0.00294827
1 105 1 105 0.10530473
13 72 13 71 0.00133722
13 92 13 92 0.20696503
13 71 13 71 0.06960495
13 71 13 72 0.00235918
13 93 13 93 0.01923216
25 75 25 75 0.00134128
25 81 25 81 0.00254229
25 77 25 77 0.29338964
25 80 25 80 0.00370786
25 82 25 82 0.00287200
25 42 25 42 0.00061968
25 42 26 43 0.00066457
25 83 25 83 0.00255343
28 40 28 40 0.01704791
28 40 28 41 0.00105610
28 74 28 74 0.30996010
53 58 53 58 0.00465349
9 96 9 96 0.21560438
9 97 9 97 0.02135377
9 99 9 99 0.00790497
37 65 37 65 0.00838905
37 63 37 63 0.07288400
4 103 4 103 0.12930056
