42 50 42 51 0.31245471
44 49 44 49 0.00810143
44 49 44 50 0.04349798
44 50 44 50 0.00169440
51 60 53 63 0.00068372
51 63 52 64 0.00261147
49 56 50 57 0.00058593
22 35 22 35 0.00186577
22 30 22 30 0.13221002
66 88 67 87 0.00065750
81 100 78 91 0.00151825
81 100 79 90 0.18773589
81 100 76 93 0.00075177
65 89 66 88 0.00071310
11 39 11 39 0.00313035
47 52 47 53 0.00191045
76 105 75 95 0.00236691
76 105 74 94 0.00088997
76 105 74 95 0.31784600
76 105 73 96 0.00253138
76 105 71 98 0.00070265
46 54 46 55 0.00055835
50 55 51 56 0.00268747
50 57 50 57 0.00335244
50 61 52 64 0.00107129
50 64 51 65 0.00104495
8 105 8 104 0.01932877
45 56 45 57 0.00051539
52 62 53 63 0.00170193
90 99 80 89 0.00266441
90 98 81 88 0.00098786
35 66 36 66 0.00052638
35 66 35 67 0.25626622
35 52 35 53 0.00140872
67 87 68 86 0.00131123
12 38 12 38 0.00371510
40 52 40 53 0.13888139
29 39 29 39 0.00991851
29 38 29 38 0.00074297
29 37 29 37 0.00405307
83 98 80 89 0.00249047
83 98 81 88 0.31089221
39 62 39 63 0.05798923
39 53 39 54 0.12280858
14 36 14 36 0.00330380
79 102 76 93 0.00150342
79 102 77 92 0.18790067
79 102 74 95 0.00072834
21 36 21 36 0.00146579
15 20 15 20 0.02828608
92 97 83 87 0.00156775
20 34 20 34 0.00430150
20 32 20 32 0.07471586
33 70 33 70 0.00166586
33 69 33 70 0.04715087
33 38 33 38 0.00400547
33 71 33 70 0.00082717
82 99 79 90 0.00231538
82 99 80 89 0.31994448
82 99 77 92 0.00073713
77 104 74 95 0.00225697
77 104 72 97 0.00072353
91 97 83 87 0.00087446
91 98 81 88 0.01002677
7 106 7 105 0.02723388
75 106 73 95 0.00066338
75 106 73 96 0.16626567
75 106 74 96 0.00097876
75 106 72 97 0.00248823
80 101 78 91 0.18797625
80 101 77 92 0.00262816
41 51 41 52 0.31580377
23 33 23 33 0.00385223
23 29 23 29 0.13497941
32 69 32 70 0.05621182
32 39 32 39 0.00199796
34 67 34 68 0.31644756
56 62 57 63 0.03477681
31 69 31 70 0.02987724
55 63 56 64 0.25443301
36 65 37 65 0.00052762
36 65 36 66 0.25356443
30 38 30 38 0.00999675
30 36 30 36 0.00193328
30 37 30 37 0.00394413
