3 4 0.00770794
3 1 0.12916903
3 3 0.67926166
3 2 0.00705012
3 5 0.00099964
82 85 0.00511292
82 72 0.04732191
82 73 0.13850828
82 84 0.01359615
82 70 0.00769992
82 75 0.00723813
82 71 0.16373679
82 74 0.23734207
24 13 0.00961087
24 28 0.00163375
24 16 0.00058183
24 21 0.00662822
24 19 0.00095454
24 20 0.31564794
24 14 0.00959588
24 22 0.00089798
24 27 0.00397434
24 29 0.00131054
24 30 0.00052910
24 24 0.00560604
24 18 0.00538578
24 15 0.00106792
59 63 0.00074161
59 47 0.00054238
59 51 0.00679359
59 48 0.00885772
59 62 0.00130073
59 52 0.01178345
59 50 0.14102643
59 49 0.20543292
56 49 0.01396465
56 45 0.00493838
56 47 0.14865589
56 48 0.01086034
56 59 0.03916442
56 46 0.04700328
133 122 0.03389101
133 120 0.00088800
133 121 0.49883996
133 125 0.00496733
133 124 0.06237065
133 126 0.00449857
133 123 0.00215953
10 4 0.00128183
10 15 0.00057438
10 10 0.07150846
10 9 0.04674045
10 3 0.00059702
10 8 0.08412646
10 6 0.02742923
10 16 0.00081437
10 14 0.00099791
10 7 0.09133935
10 11 0.02253572
10 12 0.00068909
10 5 0.01343902
10 13 0.00686114
76 79 0.00059705
76 67 0.34751200
76 65 0.04276502
76 66 0.11069998
76 68 0.01311151
76 64 0.00073804
76 78 0.00538272
76 70 0.00065086
104 92 0.47209566
104 91 0.00262569
104 104 0.04583997
104 103 0.00231541
104 96 0.00101485
104 98 0.00243256
104 93 0.00060456
104 101 0.01023997
104 102 0.01716289
138 128 0.00339833
138 129 0.03817522
138 125 0.00234101
138 126 0.36429849
138 130 0.00135871
138 127 0.09167761
15 15 0.04702790
15 18 0.04528263
15 8 0.01654570
15 9 0.04316383
15 22 0.00159339
15 10 0.03022141
15 19 0.00235839
15 20 0.00621141
15 14 0.00926006
15 17 0.00173247
15 16 0.00124894
15 21 0.00384519
15 13 0.09828937
15 12 0.04561031
15 11 0.24857533
15 7 0.00151757
152 140 0.87409944
74 62 0.00059256
74 65 0.17573419
74 67 0.00153395
74 66 0.02407057
74 77 0.00057619
74 64 0.11316949
74 76 0.13373915
74 63 0.07335304
145 135 0.01503783
145 136 0.00055733
145 133 0.36449767
145 134 0.00621879
102 90 0.46265050
102 89 0.00227378
102 95 0.00497063
102 94 0.00218265
102 101 0.00983303
102 102 0.02191796
102 91 0.00066111
102 99 0.00617011
102 100 0.01844606
102 96 0.01405730
58 63 0.00117188
58 51 0.01232875
58 47 0.03685869
58 61 0.09004684
58 48 0.16323180
58 62 0.05697403
58 50 0.00889589
58 60 0.00120163
58 49 0.27055904
154 142 0.99940535
119 112 0.02432375
119 109 0.00621937
119 111 0.00753483
119 110 0.03761241
119 106 0.04677972
119 107 0.44284244
119 113 0.00324209
119 108 0.00993148
13 11 0.10238430
13 7 0.04305581
13 12 0.02287959
13 13 0.11907040
13 17 0.00254213
13 16 0.00413059
13 20 0.00096286
13 14 0.00671650
13 19 0.00364649
13 10 0.08878013
13 8 0.03782697
13 9 0.07648794
13 6 0.00856620
13 18 0.00274257
13 15 0.00123519
110 99 0.00214410
110 104 0.31736875
110 109 0.01850445
110 98 0.45448768
110 105 0.01325989
110 103 0.00057969
110 97 0.01947398
110 107 0.00706989
110 108 0.03555546
110 110 0.00375183
110 106 0.00350053
80 69 0.13888766
80 71 0.18277524
80 82 0.15558866
80 70 0.07639572
80 73 0.00271695
80 83 0.00488383
80 68 0.00309847
80 72 0.03549891
5 7 0.00108195
5 2 0.06929903
5 5 0.32030963
5 4 0.00766712
5 3 0.07228863
5 1 0.01325965
5 6 0.01154130
147 137 0.00261749
147 135 0.79666303
116 106 0.00058472
116 111 0.00368602
116 110 0.00648476
116 108 0.00117520
116 113 0.00244418
116 107 0.02900120
116 103 0.04500347
116 105 0.00618627
116 109 0.01580056
116 104 0.44391693
134 123 0.02911838
134 127 0.00083810
134 126 0.11297720
134 124 0.00679320
134 121 0.00125428
134 125 0.06270186
134 122 0.47650986
38 42 0.04017571
38 31 0.01051884
38 43 0.00064076
38 27 0.03590645
38 30 0.03135356
38 29 0.03136435
38 40 0.00330464
38 28 0.01411146
38 33 0.27219266
38 41 0.00906610
38 32 0.00256327
26 25 0.00061630
26 21 0.00960493
26 16 0.00135602
26 26 0.00514778
26 20 0.04740131
26 22 0.01794195
26 24 0.01357732
26 29 0.00051972
26 30 0.00082704
26 23 0.00383188
26 15 0.00182134
139 128 0.06328910
139 131 0.00931983
139 129 0.00660488
139 132 0.00071175
139 130 0.00935377
139 126 0.00345955
139 127 0.53360765
84 75 0.20264513
84 76 0.08600927
84 77 0.00110464
84 74 0.11688896
84 86 0.15166205
84 73 0.07647514
84 84 0.00055194
84 87 0.00511215
84 72 0.00543588
63 66 0.00821792
63 52 0.12779469
63 65 0.03834907
63 55 0.00726799
63 56 0.00892002
63 53 0.23327687
63 54 0.35242462
63 51 0.00275950
131 123 0.04561162
131 119 0.49819843
131 124 0.00533270
131 125 0.00483373
131 120 0.03349023
131 122 0.00203477
86 88 0.14568875
86 89 0.00722211
86 79 0.00270963
86 87 0.00102226
86 75 0.15205429
86 76 0.15796766
86 77 0.07380644
86 74 0.01508011
86 86 0.00079802
86 78 0.10218719
46 48 0.00977358
46 39 0.01360281
46 35 0.15618791
46 40 0.00274356
46 50 0.00433051
46 49 0.01633537
46 38 0.01234766
46 37 0.05277417
46 41 0.00824458
46 36 0.00058085
81 70 0.14795277
81 69 0.00712874
81 71 0.07640471
81 77 0.00067589
81 74 0.00306966
81 83 0.11133253
81 72 0.21676430
81 73 0.05931244
81 84 0.00474882
47 50 0.00796852
47 49 0.00228901
47 38 0.07881397
47 37 0.01885862
47 36 0.15599287
47 39 0.00614438
47 42 0.00424697
47 51 0.02369805
47 40 0.00352769
75 65 0.05653227
75 67 0.02571513
75 68 0.00094018
75 66 0.46344555
75 77 0.00629784
75 64 0.09081037
75 63 0.00093837
75 78 0.00126332
77 66 0.11110776
77 68 0.31617518
77 80 0.00772439
77 67 0.09991706
77 79 0.13668595
77 71 0.00065726
77 69 0.01772319
149 137 0.73076246
149 139 0.00407623
94 84 0.05942491
94 83 0.01353675
94 87 0.02545785
94 94 0.04089408
94 85 0.01218742
94 86 0.22325996
94 82 0.14354716
94 96 0.00305971
2 1 0.00883809
2 3 0.00126313
2 2 0.71465386
11 10 0.08025836
11 6 0.01163348
11 8 0.09347620
11 9 0.10306187
11 4 0.00250706
11 15 0.00178138
11 5 0.01201118
11 12 0.01933844
11 11 0.21048508
11 7 0.02861763
11 13 0.00080843
11 16 0.00095204
11 17 0.00265343
11 14 0.01334539
55 45 0.01647166
55 58 0.02902636
55 44 0.00682975
55 46 0.14471676
55 59 0.02402903
55 48 0.01543788
55 47 0.02398331
113 108 0.00629463
113 107 0.32147198
113 106 0.00567298
113 111 0.00475462
113 101 0.44862231
113 110 0.00323535
113 102 0.00238949
113 109 0.00105117
113 104 0.00925503
113 100 0.03225139
113 105 0.00270169
113 112 0.00159349
16 13 0.08816160
16 11 0.02873301
16 12 0.25910747
16 20 0.00308298
16 14 0.03910818
16 19 0.06120773
16 17 0.00145750
16 16 0.01953334
16 21 0.00649493
16 8 0.00211068
16 9 0.02249498
16 10 0.04954077
16 22 0.00258499
16 15 0.00697485
16 18 0.00360456
78 81 0.00668408
78 69 0.32381838
78 70 0.01780373
78 67 0.15288685
78 66 0.00326120
78 80 0.11708818
78 68 0.04431646
78 72 0.00053410
128 121 0.02620215
128 115 0.00056658
128 122 0.02330683
128 120 0.00502435
128 117 0.05332579
128 116 0.51915578
128 119 0.00452017
105 93 0.47051492
105 97 0.00076339
105 102 0.01461417
105 101 0.00111133
105 94 0.00063491
105 92 0.00427805
105 104 0.02528531
105 99 0.00611659
105 103 0.00750236
105 105 0.04398382
105 100 0.00495830
135 122 0.00155636
135 126 0.07348971
135 124 0.04093577
135 123 0.47102480
135 127 0.04376333
31 22 0.00169600
31 24 0.03200047
31 27 0.01259868
31 31 0.00162307
31 23 0.00059176
31 35 0.00064374
31 25 0.04720051
31 33 0.00499288
31 36 0.00295919
31 21 0.02667248
31 28 0.00056402
31 34 0.01303006
31 26 0.27391254
31 20 0.10657883
31 19 0.00130736
42 45 0.06537124
42 32 0.00151051
42 36 0.05183036
42 33 0.05768378
42 34 0.07577917
42 44 0.03923097
42 37 0.13882006
42 46 0.02535856
42 31 0.00356132
42 35 0.03692632
109 101 0.00063982
109 102 0.00068441
109 106 0.00701550
109 107 0.03371630
109 97 0.45591794
109 108 0.01711240
109 98 0.00157587
109 103 0.00341919
109 96 0.01820471
109 105 0.00653366
109 104 0.00165490
109 109 0.00527904
83 74 0.22471535
83 71 0.00849188
83 76 0.00459893
83 75 0.20546655
83 86 0.00520774
83 73 0.05582469
83 72 0.09660303
83 85 0.01493469
124 113 0.00596384
124 111 0.00685675
124 116 0.00164121
124 117 0.01097917
124 115 0.04466121
124 118 0.26606535
124 114 0.00204231
124 112 0.50794140
41 44 0.05467969
41 34 0.03535305
41 32 0.01136331
41 45 0.02339545
41 33 0.02572830
41 36 0.00345635
41 43 0.00403472
41 35 0.03911886
41 30 0.00763359
34 25 0.00183432
34 36 0.00582985
34 26 0.00110402
34 28 0.01963003
34 38 0.00854073
34 37 0.02782617
34 40 0.00208436
34 24 0.00892892
34 29 0.26343003
34 30 0.01007988
34 27 0.03638460
34 39 0.00087769
34 31 0.00122851
34 23 0.10667737
50 41 0.36609002
50 52 0.00163429
50 40 0.02800993
50 39 0.15607038
50 53 0.08872953
50 43 0.02383058
50 42 0.04456500
50 54 0.05530671
1 1 0.71654936
1 2 0.00065484
112 110 0.01245265
112 101 0.00188998
112 111 0.01184068
112 106 0.32250979
112 107 0.01005746
112 108 0.00120033
112 100 0.44477109
112 103 0.00298100
112 105 0.00268081
112 104 0.00229190
112 99 0.02280927
112 109 0.00449529
136 124 0.23922678
136 126 0.00085627
136 127 0.05543643
136 123 0.00085602
136 128 0.01115058
136 125 0.00601931
103 91 0.47287010
103 96 0.00100325
103 103 0.04789073
103 100 0.00805696
103 95 0.00893734
103 97 0.01610153
103 90 0.00249267
103 102 0.00193055
103 101 0.00730087
40 35 0.00775584
40 31 0.00968572
40 43 0.01868918
40 42 0.00293840
40 30 0.01641353
40 29 0.00243252
40 34 0.07231568
40 44 0.01855802
40 33 0.03234033
40 32 0.01515030
142 130 0.49536778
142 133 0.00387657
142 131 0.01191885
142 135 0.00052499
142 129 0.00317471
142 132 0.03382347
35 31 0.00880185
35 39 0.00099816
35 29 0.02973109
35 27 0.04270597
35 30 0.27117012
35 24 0.12212712
35 38 0.00290380
35 26 0.00291883
35 28 0.04253525
35 25 0.00276654
151 139 0.70685349
130 122 0.08097558
130 118 0.47293764
130 121 0.01027365
130 119 0.01141049
130 124 0.00596307
130 123 0.04802167
137 128 0.01664135
137 125 0.40297682
137 129 0.04045288
137 126 0.09293296
137 124 0.00338622
137 127 0.00839827
32 32 0.00071122
32 25 0.04359354
32 28 0.00712493
32 26 0.04724575
32 21 0.10423800
32 22 0.02867969
32 27 0.06022388
32 24 0.00731003
32 35 0.00086260
32 23 0.00225239
67 69 0.13386078
67 59 0.01605868
67 70 0.02334383
67 56 0.00818233
67 55 0.00351490
67 60 0.00332247
67 58 0.29018787
67 57 0.23077672
97 88 0.00489542
97 89 0.19964909
97 97 0.00651945
97 84 0.00078599
97 90 0.00423690
97 87 0.01290128
97 85 0.27489843
97 99 0.01243014
97 91 0.00053419
97 86 0.01112991
97 98 0.00069025
97 96 0.00147115
73 66 0.00158760
73 65 0.01143225
73 62 0.01622068
73 63 0.11515451
73 61 0.00176084
73 76 0.02864404
73 75 0.13366223
73 64 0.39463509
20 17 0.07677681
20 16 0.14860976
20 20 0.00477790
20 14 0.00398145
20 19 0.01449742
20 11 0.00740397
20 12 0.00909895
20 25 0.02225142
20 13 0.00188707
20 18 0.01112849
20 23 0.06640042
20 15 0.00344655
20 22 0.00054012
20 24 0.00116172
108 103 0.00195497
108 96 0.45751826
108 105 0.00872987
108 104 0.00538363
108 106 0.03321930
108 102 0.00397032
108 108 0.00973834
108 107 0.01633436
108 97 0.00125337
108 95 0.01804361
44 48 0.02096353
44 39 0.10882052
44 47 0.03588977
44 35 0.01043285
44 46 0.00115116
44 34 0.00169634
44 37 0.00267480
44 38 0.00271666
44 36 0.00376514
44 33 0.00203239
49 41 0.03951380
49 52 0.08793253
49 38 0.15597254
49 40 0.30419797
49 42 0.00130776
49 53 0.05474977
49 39 0.00188727
49 51 0.00303069
27 22 0.00412157
27 30 0.00611783
27 27 0.00501463
27 29 0.00100256
27 24 0.00851609
27 31 0.00108832
27 18 0.00140442
27 15 0.00156588
27 23 0.06083811
27 32 0.00114579
27 25 0.01139164
27 26 0.00127926
27 16 0.03855763
27 17 0.02602731
27 21 0.05056631
27 19 0.00059151
27 20 0.00445350
9 10 0.02186559
9 8 0.05325053
9 9 0.10255678
9 3 0.00177868
9 6 0.09161516
9 4 0.00602764
9 15 0.00052905
9 11 0.00056012
9 7 0.08887558
9 5 0.01506017
9 12 0.00634110
9 13 0.00167558
144 134 0.01038713
144 132 0.63031690
144 135 0.00258109
144 133 0.00809446
22 15 0.00230418
22 18 0.29880727
22 27 0.03332031
22 24 0.00196594
22 22 0.00223066
22 19 0.02686197
22 14 0.00808916
22 20 0.00260339
22 26 0.00995419
22 28 0.00345317
22 21 0.00233405
22 17 0.00304032
22 16 0.00269700
22 13 0.00725137
22 25 0.09437449
22 12 0.00070721
70 72 0.00256828
70 58 0.00050780
70 60 0.22241747
70 62 0.01235875
70 73 0.00153150
70 59 0.01266579
70 63 0.00591958
70 61 0.37440026
96 85 0.01436068
96 87 0.00284405
96 84 0.38798325
96 88 0.23754582
96 89 0.00122568
96 95 0.00106941
96 96 0.03591766
96 86 0.03364886
96 98 0.02037923
96 99 0.00069452
71 60 0.07862298
71 62 0.31001655
71 73 0.00108939
71 59 0.00053088
71 63 0.01418483
71 61 0.21447277
71 74 0.00858536
71 64 0.00365921
64 56 0.00939837
64 54 0.23301109
64 53 0.11739091
64 66 0.00838330
64 57 0.00698545
64 55 0.39676558
64 52 0.00544564
115 112 0.00299880
115 103 0.43718719
115 104 0.00558327
115 109 0.32236312
115 102 0.03507382
115 110 0.00707241
115 111 0.00051662
115 106 0.02124496
115 107 0.00108528
115 108 0.02298480
18 11 0.01715292
18 12 0.02877331
18 13 0.01831711
18 16 0.01032213
18 17 0.01440244
18 21 0.00326676
18 14 0.02545572
18 19 0.00050147
18 10 0.00542240
18 9 0.00180735
18 18 0.00999075
18 23 0.00086420
18 15 0.02484903
91 82 0.00648068
91 86 0.00080510
91 81 0.04958948
91 92 0.00085248
91 91 0.00674414
91 94 0.00430144
91 87 0.00099348
91 83 0.21667646
91 85 0.00141854
91 80 0.08690928
91 79 0.03281804
91 93 0.02383449
91 84 0.02442687
36 41 0.00059495
36 32 0.00164070
36 25 0.11566796
36 28 0.02815902
36 38 0.02009909
36 40 0.01065363
36 29 0.04330115
36 27 0.02466149
36 30 0.03656673
36 39 0.05016181
36 31 0.27240154
66 59 0.00347888
66 70 0.00278826
66 56 0.23162220
66 54 0.00294316
66 69 0.02593189
66 58 0.01381231
66 57 0.37342495
66 68 0.00138208
66 55 0.13382330
68 61 0.00311238
68 71 0.02388963
68 70 0.12448909
68 56 0.00323885
68 59 0.09206249
68 60 0.01711285
68 57 0.01103298
68 58 0.22879053
65 54 0.10028154
65 53 0.00372008
65 56 0.39841885
65 55 0.23269972
65 67 0.00137046
65 58 0.00514923
65 57 0.01154154
14 16 0.00200071
14 17 0.00524601
14 20 0.00439552
14 14 0.05818432
14 19 0.00452659
14 11 0.09639490
14 7 0.01533681
14 12 0.09935728
14 13 0.01491438
14 18 0.00262101
14 15 0.00212339
14 10 0.22051213
14 8 0.04878249
14 9 0.04106117
107 105 0.02824841
107 103 0.00072138
107 96 0.00113626
107 104 0.01208408
107 94 0.01645034
107 101 0.02126765
107 102 0.00109323
107 106 0.01201896
107 107 0.01972173
107 95 0.45765734
140 127 0.00343836
140 130 0.00145789
140 129 0.07125490
140 132 0.00311177
140 128 0.56052900
140 131 0.00207189
90 78 0.02594279
90 82 0.09886946
90 86 0.00131051
90 92 0.11567085
90 77 0.00060924
90 81 0.06919510
90 80 0.09100407
90 83 0.02553160
90 84 0.00198709
90 90 0.00440036
90 79 0.05496166
90 93 0.00706191
90 89 0.00055021
60 63 0.06005509
60 53 0.01136495
60 48 0.00079055
60 51 0.37445220
60 64 0.00121786
60 52 0.00686251
60 50 0.21832902
60 49 0.09497804
60 62 0.00974204
127 119 0.00073359
127 116 0.08457512
127 117 0.00059390
127 120 0.00256016
127 118 0.00269913
127 115 0.51708818
127 121 0.06838200
127 114 0.00221663
30 35 0.00402932
30 23 0.00179499
30 30 0.00360371
30 27 0.00651532
30 24 0.03616865
30 19 0.00555338
30 37 0.00129820
30 20 0.00583478
30 28 0.00100716
30 26 0.01974655
30 34 0.05942650
30 21 0.00229656
30 33 0.04023687
30 36 0.01395908
30 25 0.25172756
30 32 0.00153234
98 90 0.13040055
98 97 0.00129687
98 88 0.00856338
98 85 0.00147058
98 87 0.00380959
98 91 0.00077172
98 99 0.00197845
98 100 0.00313082
98 86 0.34966247
98 98 0.06221479
6 7 0.00286498
6 2 0.01572451
6 5 0.00666800
6 4 0.09704094
6 1 0.00483599
6 3 0.07212508
6 8 0.00072148
6 6 0.45298587
8 5 0.05978856
8 12 0.00059414
8 2 0.00175505
8 11 0.00218397
8 7 0.04562370
8 10 0.00080900
8 6 0.06473129
8 8 0.18553368
8 9 0.01336958
8 1 0.00174579
8 3 0.00651012
8 4 0.02782391
121 110 0.00351616
121 111 0.00939383
121 108 0.03314752
121 113 0.01146126
121 112 0.00505420
121 109 0.46453027
121 114 0.01176733
121 115 0.00344000
54 46 0.03194949
54 47 0.01772694
54 43 0.00324117
54 58 0.00294850
54 57 0.00316948
54 45 0.21945520
54 44 0.02209148
99 99 0.07764200
99 91 0.00500537
99 92 0.00069783
99 98 0.00357614
99 86 0.00166766
99 100 0.00329030
99 89 0.00387743
99 88 0.00236022
99 87 0.29499989
99 101 0.00074819
125 118 0.00099420
125 115 0.00178514
125 114 0.01937933
125 112 0.00533916
125 113 0.49007771
125 119 0.00612357
125 116 0.02309376
148 136 0.74041794
92 81 0.07243524
92 92 0.03281137
92 82 0.14196639
92 86 0.00198443
92 88 0.00106891
92 95 0.00277207
92 84 0.20206367
92 94 0.00441738
92 83 0.05741316
92 85 0.00171326
92 80 0.06774678
61 63 0.04131624
61 54 0.01113875
61 51 0.22520625
61 64 0.03012249
61 53 0.00671992
61 52 0.37652733
61 50 0.12459678
61 49 0.00300290
48 39 0.06529053
48 51 0.03981550
48 40 0.03084972
48 50 0.00170586
48 52 0.05404605
48 38 0.02099302
48 37 0.15597236
48 41 0.01595829
39 28 0.03420082
39 34 0.29657416
39 33 0.01764881
39 41 0.00236604
39 32 0.00409266
39 42 0.01831152
39 31 0.01156302
39 43 0.02930575
39 30 0.04172829
39 29 0.01588456
111 106 0.01288726
111 110 0.01614586
111 111 0.00085790
111 108 0.00733943
111 107 0.00207101
111 105 0.31895574
111 100 0.00234967
111 98 0.02081040
111 109 0.03129726
111 104 0.00172281
111 99 0.45375991
57 62 0.00183394
57 49 0.00910121
57 50 0.01367318
57 60 0.03683352
57 59 0.00053842
57 46 0.03850878
57 47 0.09478453
57 48 0.28154304
57 61 0.05779275
72 65 0.00163809
72 62 0.11787422
72 60 0.00054586
72 63 0.33347354
72 64 0.01657779
72 75 0.02807231
72 61 0.00931982
72 74 0.00119044
37 30 0.05161935
37 29 0.03107031
37 27 0.01288206
37 40 0.05443029
37 39 0.01738040
37 31 0.02578495
37 41 0.02350033
37 32 0.17537095
37 28 0.02676310
37 26 0.00080231
89 82 0.00127472
89 78 0.04727529
89 81 0.12495164
89 76 0.00052115
89 77 0.02844020
89 92 0.00771739
89 91 0.06920316
89 80 0.00293929
89 89 0.00393087
89 79 0.12767891
89 90 0.00092421
52 56 0.02265673
52 46 0.00050077
52 43 0.30272893
52 42 0.06252229
52 41 0.15531449
52 45 0.00248730
52 44 0.00121252
52 55 0.09012266
28 26 0.00951944
28 28 0.00425479
28 21 0.00610034
28 17 0.00385584
28 25 0.00194734
28 32 0.00196233
28 23 0.00851287
28 31 0.00135647
28 18 0.00232249
28 24 0.29772695
28 22 0.00462181
123 112 0.00393890
123 115 0.00537871
123 114 0.01269643
123 110 0.00839676
123 111 0.50512085
123 117 0.00424642
123 116 0.00266503
123 113 0.00148089
150 138 0.85382223
150 140 0.00140218
141 131 0.02134557
141 133 0.00127909
141 128 0.00333731
141 129 0.57776716
141 132 0.00089050
141 130 0.01028009
141 134 0.00054660
69 71 0.12761986
69 61 0.01818905
69 59 0.22676174
69 62 0.00485551
69 60 0.27848581
69 58 0.12072737
69 57 0.00542319
69 72 0.02361925
51 42 0.41973573
51 43 0.04395684
51 54 0.08998061
51 40 0.00062970
51 44 0.00318233
51 55 0.05535480
51 41 0.00088664
132 124 0.11693267
132 119 0.00060433
132 126 0.00256161
132 123 0.02262732
132 120 0.48945325
132 121 0.01676316
132 125 0.00621383
4 3 0.00812619
4 1 0.05026594
4 6 0.00150843
4 4 0.54448044
4 2 0.08135455
4 5 0.01375018
87 78 0.04291279
87 77 0.19702588
87 75 0.01948108
87 76 0.14369452
87 80 0.00910863
87 87 0.00182882
87 89 0.14350442
87 88 0.00171080
87 79 0.02889064
33 28 0.22871990
33 26 0.01651207
33 37 0.00197078
33 36 0.00606550
33 25 0.00495222
33 39 0.00063298
33 23 0.01738781
33 22 0.10946563
33 27 0.02949822
33 29 0.00303330
33 30 0.00286339
33 24 0.00238313
101 91 0.00060802
101 99 0.01468682
101 100 0.04352207
101 96 0.00249762
101 98 0.00080298
101 90 0.00252837
101 88 0.00053633
101 89 0.35941791
101 95 0.05955100
101 93 0.22113491
101 94 0.02372177
101 101 0.03443745
101 102 0.00058730
25 24 0.00378432
25 29 0.00396558
25 22 0.00223380
25 23 0.00549777
25 15 0.03087750
25 18 0.00082778
25 31 0.00117862
25 25 0.00538042
25 13 0.00119952
25 20 0.00228814
25 14 0.03870989
25 19 0.01622707
25 17 0.00133602
25 16 0.00104855
25 21 0.14778999
25 28 0.00160975
12 18 0.00273068
12 15 0.00450813
12 10 0.10515905
12 6 0.02120368
12 9 0.09260222
12 8 0.06506453
12 16 0.00174373
12 17 0.00170519
12 19 0.00058265
12 14 0.00134258
12 12 0.19913290
12 5 0.00702921
12 7 0.03669675
12 11 0.05316113
12 13 0.01607598
143 130 0.00136065
143 134 0.00253595
143 133 0.02013223
143 131 0.48529270
143 132 0.01035543
117 105 0.44391380
117 112 0.00056517
117 104 0.04566554
117 109 0.00157086
117 111 0.00517300
117 110 0.02221770
117 106 0.00699606
117 107 0.00150704
117 108 0.02877254
85 85 0.00066287
85 87 0.14949600
85 88 0.00538207
85 73 0.00459987
85 78 0.01297610
85 74 0.16048202
85 77 0.05352395
85 76 0.12623993
85 75 0.12153530
153 141 0.93514847
79 68 0.11456221
79 67 0.00359724
79 82 0.00594029
79 70 0.20444442
79 71 0.01694209
79 81 0.15506885
79 69 0.01103370
19 18 0.02047205
19 15 0.04156230
19 10 0.00468456
19 22 0.00313331
19 24 0.00093283
19 9 0.00060803
19 16 0.19620326
19 17 0.02854268
19 14 0.01362413
19 19 0.01000056
19 11 0.00514288
19 12 0.00180478
19 13 0.01429057
21 18 0.10351919
21 23 0.00087874
21 15 0.00349360
21 10 0.00070324
21 24 0.08880507
21 27 0.00310574
21 21 0.00287510
21 17 0.28623001
21 16 0.00186960
21 26 0.03135104
21 14 0.00627364
21 20 0.01173412
21 19 0.00511838
21 11 0.00089223
21 12 0.00083718
21 13 0.00464092
21 25 0.00902206
17 13 0.07128669
17 12 0.00877273
17 11 0.02668464
17 19 0.00393988
17 14 0.11984242
17 20 0.07594999
17 21 0.00315812
17 17 0.01473982
17 16 0.01073422
17 9 0.00479626
17 8 0.00075621
17 24 0.00281118
17 22 0.01662599
17 10 0.02442444
17 15 0.02392216
17 23 0.00156359
17 18 0.00181472
29 33 0.09104254
29 25 0.10410170
29 32 0.02584363
29 19 0.00542658
29 20 0.00164009
29 34 0.00410004
29 26 0.00286351
29 21 0.00227506
29 29 0.00419333
29 27 0.00803142
29 24 0.05660667
29 22 0.00135776
29 35 0.01434920
29 23 0.03283145
29 31 0.00058663
29 18 0.00592785
120 113 0.02848135
120 108 0.44573830
120 107 0.04599333
120 110 0.00620158
120 111 0.03885503
120 109 0.00658339
120 114 0.00687914
120 112 0.00093432
122 115 0.01611142
122 109 0.02040524
122 114 0.00059458
122 112 0.00901990
122 113 0.00321441
122 110 0.48900734
122 111 0.00310565
122 116 0.02513565
100 94 0.00665633
100 101 0.00083036
100 87 0.00164481
100 88 0.18553201
100 89 0.00293585
100 93 0.00114286
100 90 0.00391428
100 98 0.00196139
100 100 0.07428525
100 99 0.03956574
100 92 0.00592970
118 112 0.02156580
118 105 0.04614082
118 109 0.02969594
118 110 0.00390571
118 111 0.03199899
118 106 0.44338145
118 107 0.00838703
118 108 0.00308641
129 122 0.00438847
129 120 0.00663991
129 121 0.03675274
129 118 0.01173180
129 117 0.51336988
129 123 0.03497200
23 27 0.01717836
23 29 0.00596551
23 22 0.00082797
23 15 0.00116477
23 23 0.00467732
23 18 0.00165950
23 25 0.00101933
23 13 0.00244804
23 12 0.00179528
23 19 0.28064484
23 20 0.01959831
23 14 0.00155563
23 28 0.02179324
23 26 0.06136226
23 17 0.00220366
23 21 0.00080378
43 38 0.03973762
43 37 0.02941083
43 34 0.05552727
43 36 0.00166193
43 33 0.01772135
43 32 0.00111016
43 45 0.05170829
43 47 0.02385449
43 35 0.03906272
43 46 0.03432100
53 43 0.00121705
53 42 0.00130605
53 47 0.00053147
53 56 0.03048843
53 46 0.02177276
53 44 0.18809852
53 57 0.00420330
53 45 0.02450924
114 103 0.00273056
114 105 0.01821896
114 112 0.00051984
114 109 0.00348311
114 106 0.00193973
114 111 0.00243991
114 101 0.03367637
114 110 0.00096862
114 102 0.44886926
114 108 0.32106937
114 107 0.01406772
126 119 0.00084720
126 117 0.00188876
126 116 0.00078699
126 113 0.00379889
126 120 0.00217134
126 115 0.04222370
126 114 0.49908902
45 38 0.01093401
45 37 0.08748175
45 49 0.00141892
45 34 0.04896184
45 36 0.04507113
45 47 0.00059202
45 35 0.01178105
45 39 0.01005857
45 48 0.02269426
45 40 0.03577134
106 93 0.00591836
106 95 0.00112688
106 106 0.03713830
106 94 0.45948975
106 104 0.02700393
106 103 0.01275698
106 105 0.01519121
106 100 0.00309731
7 6 0.01761419
7 8 0.01137434
7 1 0.00156930
7 9 0.00070152
7 3 0.01193164
7 10 0.00107240
7 4 0.08542008
7 5 0.05794092
7 2 0.00469241
7 7 0.26720391
146 135 0.00275637
146 136 0.02041253
146 134 0.73157233
93 85 0.05459718
93 83 0.08159357
93 84 0.05249468
93 95 0.02197868
93 93 0.00473927
93 96 0.00158460
93 86 0.02399304
93 82 0.04977140
93 81 0.09902065
95 85 0.05358019
95 83 0.29918530
95 87 0.13902969
95 84 0.01424443
95 88 0.02567217
95 97 0.00620955
95 95 0.02819510
95 86 0.04157933
95 98 0.00315732
62 50 0.00123685
62 52 0.22557836
62 55 0.01084134
62 53 0.37671334
62 51 0.09385952
62 64 0.00260753
62 54 0.00694683
88 90 0.01654132
88 88 0.00286443
88 89 0.00232614
88 79 0.00868703
88 80 0.10055619
88 77 0.13875830
88 91 0.00176353
88 81 0.00072703
88 76 0.02394106
88 78 0.10252461
