74 86 0.00107180
74 77 0.81983212
74 87 0.00814818
74 88 0.00680594
74 89 0.00161537
76 90 0.01057764
76 89 0.01992711
76 79 0.81950038
104 112 0.01780115
104 109 0.00339474
104 101 0.00068623
104 110 0.00682183
104 111 0.03462183
104 106 0.00391532
104 107 0.79632345
104 108 0.00349545
104 113 0.00355960
138 141 0.75800026
15 19 0.03263871
15 14 0.00257487
15 16 0.01612367
15 17 0.10880744
15 15 0.09952403
15 23 0.00061485
15 18 0.11547847
133 134 0.00720213
133 135 0.00281754
133 136 0.48996654
133 133 0.00116069
10 18 0.00054117
10 15 0.00331987
10 10 0.13344164
10 9 0.00315831
10 17 0.00484657
10 16 0.00134741
10 19 0.00074917
10 20 0.03462171
10 14 0.07322510
10 12 0.32928412
10 11 0.02820700
10 13 0.14484270
56 58 0.00230070
56 60 0.00196743
56 59 0.51306238
56 70 0.00136951
82 95 0.02945919
82 93 0.00111845
82 85 0.68688873
82 96 0.00218078
3 4 0.01211087
3 6 0.08450580
3 3 0.68513312
3 5 0.06898794
3 2 0.00095177
3 7 0.00117522
59 74 0.00142077
59 61 0.00266084
59 63 0.00833965
59 62 0.59459037
59 73 0.00758661
24 25 0.10167996
24 36 0.01562892
24 37 0.00926971
24 34 0.00146694
24 26 0.00275043
24 28 0.03085539
24 24 0.00125395
24 27 0.48081485
24 23 0.00870937
24 35 0.00455836
84 97 0.00281999
84 95 0.01895395
84 94 0.00050493
84 87 0.81459206
84 96 0.00265581
84 98 0.00498235
26 27 0.09790441
26 29 0.38537285
26 30 0.00752700
26 37 0.02822219
26 38 0.00116746
26 28 0.00200345
26 36 0.00094295
26 25 0.00531633
139 140 0.00175359
139 142 0.65837982
134 136 0.00276413
134 135 0.00466328
134 137 0.70206775
134 134 0.00090527
38 49 0.01052404
38 50 0.00744825
38 38 0.00182607
38 41 0.42041780
38 42 0.32530369
38 39 0.03020831
38 53 0.00307354
38 54 0.00679044
38 40 0.00429980
116 115 0.00078853
116 118 0.00403995
116 113 0.00279713
116 119 0.60439330
80 91 0.00088414
80 92 0.00468365
80 83 0.81134730
80 94 0.00090822
80 93 0.00483633
5 7 0.09978122
5 5 0.50284171
5 9 0.00148934
5 8 0.07276561
5 6 0.00893747
13 17 0.03224866
13 16 0.23185447
13 21 0.00191481
13 14 0.01636727
13 19 0.00099120
13 12 0.00280856
13 13 0.17765755
13 18 0.00074786
13 23 0.01575705
13 15 0.30592962
13 22 0.00172825
110 112 0.00419964
110 113 0.78179743
102 105 0.79906864
102 104 0.00083624
102 106 0.00163748
58 60 0.00245564
58 62 0.00579701
58 73 0.01642647
58 72 0.08758020
58 61 0.52686920
119 121 0.00713392
119 122 0.61170313
119 119 0.00057893
119 124 0.00063127
77 91 0.00115849
77 90 0.00583034
77 89 0.00052408
77 80 0.81941163
75 88 0.00751531
75 89 0.03262675
75 90 0.00125963
75 78 0.81975546
47 51 0.00809208
47 62 0.00374662
47 50 0.43867045
81 92 0.00146338
81 96 0.00145896
81 95 0.02678486
81 93 0.00127135
81 84 0.69644131
81 94 0.02375831
46 49 0.40049979
46 50 0.01472437
46 62 0.00087426
46 61 0.00112157
63 66 0.63328818
63 65 0.00540745
63 78 0.02090057
63 77 0.00088626
131 134 0.75526587
131 130 0.00175052
131 132 0.00614125
131 135 0.00072982
131 131 0.00198772
131 133 0.00388049
86 99 0.00205747
86 98 0.00512640
86 100 0.00077408
86 96 0.00058072
86 88 0.00124660
86 97 0.02580419
86 89 0.73963069
86 95 0.00068540
16 18 0.08208148
16 15 0.00169302
16 27 0.00081438
16 16 0.06852227
16 17 0.02296413
16 26 0.04170872
16 20 0.02598377
16 19 0.32392993
113 114 0.00064364
113 115 0.00302324
113 116 0.77309140
55 58 0.78534955
55 57 0.00214781
55 59 0.00159575
55 69 0.00891632
11 17 0.00160752
11 16 0.00318696
11 21 0.04487915
11 20 0.00117093
11 14 0.15112116
11 19 0.00129880
11 11 0.28225731
11 12 0.02452087
11 13 0.30851356
11 18 0.00324835
11 15 0.07614639
11 10 0.00359097
2 4 0.04740739
2 6 0.00242486
2 3 0.00465620
2 1 0.00078682
2 2 0.68953759
2 5 0.07473947
94 96 0.00060397
94 103 0.00477541
94 104 0.00257357
94 102 0.00190235
94 97 0.75662948
109 112 0.80066331
109 109 0.02054136
109 115 0.00290141
109 106 0.01075650
109 111 0.02015481
109 110 0.00092697
109 113 0.00700622
31 44 0.00176922
31 34 0.41621064
31 32 0.08563919
31 33 0.00839516
31 42 0.02454321
31 43 0.06021335
31 35 0.00997386
135 137 0.00125394
135 138 0.78590795
135 135 0.00115184
135 136 0.00687217
42 54 0.00073105
42 43 0.00107430
42 46 0.11033543
42 44 0.00114906
42 58 0.05410277
42 45 0.36251704
42 57 0.08816577
128 132 0.00360141
128 129 0.00342190
128 131 0.54553256
128 127 0.00117683
128 130 0.00274525
105 102 0.00166285
105 111 0.00842170
105 110 0.00225267
105 107 0.00648731
105 108 0.79646750
105 113 0.01566302
105 103 0.00069229
105 112 0.03108763
105 114 0.00078592
105 109 0.00400345
78 91 0.03811423
78 92 0.01322901
78 81 0.55188558
78 90 0.00631694
50 53 0.54479667
50 54 0.01098661
34 46 0.08622301
34 48 0.00057291
34 35 0.03605817
34 47 0.00193186
34 45 0.03489884
34 36 0.00366343
34 34 0.00072084
34 38 0.14540804
34 37 0.41787103
124 124 0.00759542
124 126 0.01188912
124 123 0.00997733
124 127 0.63767336
124 128 0.00425481
124 122 0.00062709
124 125 0.00391781
41 43 0.00100900
41 42 0.00365152
41 54 0.00065786
41 56 0.08551887
41 52 0.00158536
41 44 0.40586906
41 55 0.00266944
41 45 0.02182820
41 57 0.05183885
83 96 0.01500607
83 86 0.74452973
83 98 0.00051512
83 94 0.00411701
83 97 0.00336489
83 95 0.01517112
35 46 0.00112544
35 35 0.00090074
35 47 0.00131254
35 39 0.22217135
35 48 0.00083695
35 36 0.03572264
35 37 0.00355353
35 38 0.36196881
35 49 0.00069962
40 56 0.04623488
40 54 0.00416074
40 51 0.00690956
40 43 0.18291182
40 42 0.00152230
40 41 0.01813346
40 55 0.07693230
40 52 0.00089379
40 44 0.28740988
142 145 0.99350511
112 115 0.79783279
112 114 0.00488850
112 109 0.00142691
112 112 0.00194787
136 137 0.00917278
136 139 0.75799252
103 107 0.00215718
103 106 0.79614507
103 105 0.00117627
1 3 0.04375775
1 1 0.72114453
1 4 0.03977141
1 2 0.00223683
1 5 0.00119361
44 60 0.00282083
44 46 0.00087585
44 59 0.01865355
44 48 0.21309610
44 47 0.35923284
49 63 0.00144778
49 53 0.03948461
49 64 0.05141010
49 66 0.00058315
49 52 0.44446622
49 65 0.03239831
108 109 0.00239219
108 114 0.00242733
108 115 0.00059114
108 112 0.00497455
108 105 0.00940082
108 113 0.00114093
108 108 0.01761284
108 106 0.00058913
108 110 0.01728674
108 111 0.77991493
97 106 0.00237442
97 100 0.80574019
73 76 0.49242114
73 86 0.01413135
73 88 0.00106935
73 87 0.00336628
73 85 0.00128719
20 20 0.03047691
20 19 0.00861317
20 21 0.04925900
20 23 0.57812234
20 31 0.00216479
20 24 0.02978239
20 30 0.00499984
20 22 0.03213774
67 81 0.00282811
67 69 0.00332601
67 70 0.80180290
32 43 0.01580311
32 35 0.45609915
32 44 0.04044583
32 34 0.00682492
32 33 0.04394128
32 36 0.02971297
130 134 0.00188692
130 130 0.00205595
130 132 0.00113401
130 131 0.00183361
130 133 0.49432552
137 140 0.71021692
137 138 0.00111327
18 18 0.04647846
18 23 0.00083999
18 22 0.02300346
18 29 0.01307747
18 27 0.00082288
18 24 0.00110871
18 28 0.11791919
18 17 0.00773218
18 21 0.46517964
18 19 0.04549123
18 20 0.05761259
91 93 0.00191628
91 94 0.80563266
91 102 0.00112584
64 66 0.00121367
64 67 0.72927377
64 79 0.02049450
64 78 0.09562186
115 117 0.00249784
115 118 0.75527527
71 74 0.79909996
71 86 0.00261178
71 84 0.00647662
71 85 0.08067831
22 23 0.05303934
22 24 0.03117157
22 22 0.00979138
22 21 0.00810720
22 28 0.00056725
22 26 0.00217538
22 25 0.27169421
96 99 0.80609285
96 104 0.00073113
96 103 0.00115124
96 105 0.00099257
70 84 0.06489364
70 73 0.78175255
70 85 0.00258408
70 83 0.00068340
9 16 0.00163066
9 19 0.00629359
9 14 0.00284124
9 12 0.14351460
9 11 0.31974068
9 13 0.02960348
9 15 0.00133828
9 10 0.02466084
9 8 0.00206174
9 9 0.15990490
27 30 0.39783043
27 29 0.00128742
27 31 0.14235985
27 28 0.11004665
27 26 0.00114250
60 63 0.59028767
60 74 0.08274949
60 64 0.00733935
60 75 0.01530548
60 62 0.00476859
90 92 0.00172867
90 100 0.00060695
90 103 0.00124762
90 93 0.67155251
90 101 0.02473068
90 102 0.00094660
127 129 0.00582482
127 131 0.00186113
127 128 0.00064815
127 127 0.00965284
127 126 0.00613639
127 130 0.43020636
140 143 0.74003787
140 141 0.00069380
14 22 0.00215346
14 15 0.01432844
14 23 0.00386058
14 18 0.01146620
14 13 0.00309030
14 14 0.10506242
14 16 0.15234581
14 17 0.35270036
107 110 0.78344210
107 111 0.00527238
107 108 0.00292001
107 113 0.00342433
107 107 0.00891081
107 112 0.00115820
107 105 0.00054437
107 109 0.01203137
107 114 0.00489358
107 104 0.00743397
107 115 0.00154208
65 68 0.57284711
65 67 0.00394918
65 79 0.01657969
68 83 0.00524772
68 82 0.09285480
68 70 0.00185005
68 71 0.61673628
66 68 0.00377278
66 80 0.00556112
66 81 0.00111538
66 69 0.78417038
36 40 0.21806432
36 47 0.00060551
36 48 0.00064532
36 39 0.37040404
36 36 0.00111829
36 38 0.00400224
36 37 0.03482173
92 103 0.00127797
92 95 0.76362570
92 102 0.00084120
92 94 0.00158292
48 64 0.03144004
48 51 0.42799808
48 63 0.04945432
48 52 0.06520858
48 65 0.00092004
48 62 0.00055398
61 64 0.76360580
61 75 0.00241676
61 76 0.00176145
61 63 0.00515502
61 65 0.00489219
39 55 0.00492397
39 50 0.03031464
39 41 0.00305316
39 51 0.02036647
39 54 0.00816582
39 42 0.40062442
39 43 0.20326579
39 40 0.02358357
125 129 0.00183129
125 125 0.00242042
125 122 0.00051392
125 128 0.70155844
125 123 0.00082159
125 127 0.00272404
125 126 0.01541871
125 124 0.00063472
121 118 0.00951826
121 121 0.00146704
121 120 0.00868471
121 123 0.01303571
121 124 0.49691794
121 119 0.02087127
54 57 0.75013821
54 68 0.03284798
54 58 0.00263999
54 56 0.00190659
54 69 0.00743750
99 102 0.80119129
99 108 0.00082774
99 107 0.00050450
99 103 0.00111210
8 12 0.02134682
8 7 0.00105835
8 11 0.14465031
8 13 0.00370239
8 14 0.00098620
8 10 0.21662233
8 9 0.03755201
8 8 0.24173170
8 18 0.00321427
8 15 0.00187724
30 37 0.00139879
30 34 0.14057802
30 33 0.36771520
30 32 0.00529144
30 31 0.09476612
30 43 0.00203476
30 42 0.00422304
98 101 0.80380296
6 13 0.00054324
6 11 0.00074472
6 7 0.01769312
6 6 0.56909057
6 8 0.11213953
6 9 0.11064149
6 10 0.00535947
123 121 0.00150408
123 125 0.00684883
123 120 0.00436519
123 122 0.00533329
123 123 0.00520404
123 127 0.00202685
123 126 0.49086077
123 124 0.00184236
52 56 0.00952301
52 67 0.02763966
52 55 0.77887371
52 66 0.03803967
28 32 0.14102837
28 30 0.00055628
28 27 0.00050140
28 29 0.09368701
28 40 0.00629111
28 31 0.28440272
89 101 0.00053825
89 102 0.00756327
89 92 0.69984810
89 91 0.00106349
89 99 0.00102761
89 100 0.00397245
37 41 0.32383152
37 38 0.03353109
37 37 0.00315004
37 49 0.02784909
37 52 0.00085801
37 40 0.44875044
37 39 0.00543145
37 48 0.03051629
57 71 0.00127869
57 61 0.00404396
57 59 0.00223350
57 73 0.00272894
57 60 0.54097200
57 72 0.02359796
72 87 0.00188899
72 85 0.01573134
72 86 0.04477833
72 75 0.60462431
111 114 0.74405069
111 113 0.00314197
4 5 0.01501851
4 7 0.07512450
4 6 0.08710797
4 8 0.00097139
4 3 0.00109908
4 4 0.60882629
69 84 0.00419644
69 83 0.07352787
69 72 0.69184078
132 132 0.00059989
132 135 0.66891689
132 131 0.00093398
132 133 0.00902792
132 136 0.00074808
132 134 0.00296737
51 66 0.05435794
51 65 0.00883174
51 55 0.01477493
51 67 0.00097398
51 54 0.52294510
141 144 0.74279696
21 21 0.02205320
21 20 0.00246297
21 32 0.00254230
21 25 0.02919590
21 31 0.00061039
21 23 0.02671763
21 22 0.02536337
21 24 0.61394525
17 18 0.03797639
17 23 0.00094696
17 27 0.11540980
17 21 0.02492367
17 17 0.05353234
17 16 0.00341319
17 28 0.01160745
17 20 0.19712693
17 19 0.10267369
79 82 0.60902774
79 92 0.01150796
79 91 0.00138986
19 20 0.04417194
19 19 0.04236535
19 21 0.03767201
19 26 0.00098983
19 28 0.00180062
19 23 0.00799371
19 18 0.00785675
19 24 0.00051220
19 29 0.08057034
19 30 0.02241362
19 22 0.36334819
85 88 0.68704214
85 97 0.00147258
85 98 0.00242975
85 96 0.00063729
12 22 0.07043236
12 18 0.00143865
12 15 0.11999973
12 12 0.27145151
12 11 0.00301003
12 13 0.01728046
12 16 0.05465636
12 17 0.00422825
12 21 0.00214859
12 19 0.00117811
12 20 0.00163545
12 14 0.31298353
117 120 0.57568333
117 114 0.00052136
117 118 0.00153617
117 115 0.00138137
117 119 0.00286818
101 109 0.00077897
101 104 0.79960592
101 105 0.00168588
101 108 0.00184726
101 107 0.00078720
101 110 0.00129312
25 24 0.00823657
25 29 0.00844301
25 27 0.00094702
25 35 0.00465529
25 25 0.00064465
25 36 0.04164353
25 26 0.09650316
25 28 0.54054736
25 37 0.08863997
87 100 0.00257089
87 98 0.01163224
87 101 0.00142538
87 90 0.64517971
87 89 0.00095998
87 97 0.00326136
33 46 0.00249636
33 35 0.00359142
33 47 0.00050139
33 33 0.00053445
33 36 0.50394507
33 45 0.10265541
33 37 0.15169084
33 34 0.03710361
33 44 0.00415450
114 116 0.00284861
114 117 0.59487949
114 114 0.00079712
53 56 0.76743361
53 67 0.00244107
53 57 0.00358430
43 47 0.02340804
43 59 0.02388079
43 46 0.49330172
43 44 0.00052809
43 58 0.03889610
43 45 0.00148568
129 130 0.01016098
129 132 0.77406847
129 129 0.01453558
129 128 0.00077961
129 133 0.00460737
129 131 0.00983026
118 123 0.00081111
118 119 0.00075964
118 116 0.00261237
118 117 0.00173724
118 115 0.03396635
118 118 0.03645552
118 121 0.64941026
118 120 0.00305215
23 26 0.47159316
23 25 0.00364983
23 23 0.00519058
23 22 0.00059079
23 24 0.06415971
23 27 0.00311103
23 29 0.00108212
100 108 0.00079304
100 107 0.00062878
100 103 0.80006810
100 104 0.00170402
122 124 0.00882843
122 119 0.00330221
122 126 0.00134351
122 121 0.00121615
122 125 0.60668065
122 122 0.00126998
122 120 0.00412195
29 33 0.14043900
29 36 0.00161288
29 32 0.34802371
29 41 0.03119828
29 30 0.09771313
29 40 0.00713463
29 31 0.00163462
120 123 0.62766896
120 119 0.00126420
120 118 0.00062294
120 122 0.01172333
120 120 0.00076995
62 77 0.00741715
62 74 0.00092296
62 64 0.00526625
62 76 0.00119951
62 65 0.51263114
62 67 0.00081533
88 91 0.52610612
88 99 0.02595926
88 100 0.00089729
88 98 0.00299195
88 90 0.00073168
88 101 0.01498366
88 102 0.00065657
93 95 0.00116927
93 101 0.00055233
93 102 0.01010936
93 104 0.02328207
93 103 0.02965208
93 96 0.77075517
95 104 0.00662018
95 103 0.00841905
95 98 0.77670747
95 106 0.00128494
95 102 0.00276577
7 10 0.13980758
7 8 0.04405704
7 9 0.21801849
7 12 0.00084127
7 11 0.00509077
7 7 0.32737885
7 13 0.00077581
45 49 0.21442403
45 60 0.00376856
45 61 0.00331680
45 48 0.39965756
45 47 0.00068332
106 103 0.00244715
106 112 0.00545941
106 114 0.01147092
106 109 0.79861929
106 106 0.00278943
106 111 0.00140579
106 110 0.00522921
106 113 0.01262457
106 108 0.00871504
106 107 0.00230064
126 125 0.00498865
126 129 0.67624403
126 128 0.00556349
126 127 0.00671369
126 124 0.00053975
126 126 0.04265336
