66 69 0.68155702
66 67 0.11952296
66 68 0.04657112
66 66 0.00124266
36 39 0.49717660
36 40 0.10524212
36 38 0.00197610
36 37 0.01778634
36 36 0.00050711
68 70 0.00609049
68 71 0.48850890
68 69 0.06432995
68 72 0.00129350
68 68 0.00140537
65 67 0.00320278
65 68 0.39411193
65 66 0.01882705
107 111 0.00245628
107 110 0.68618152
107 102 0.00050306
107 105 0.00286033
107 103 0.03373599
107 109 0.01204457
107 104 0.11607997
14 14 0.07363010
14 16 0.18074875
14 17 0.33784931
14 13 0.00815269
14 12 0.00195047
14 11 0.00080856
14 15 0.01964433
14 18 0.01092781
14 10 0.00096659
90 88 0.00199443
90 89 0.06121632
90 93 0.45012085
90 92 0.05327512
60 64 0.00100779
60 61 0.09505012
60 63 0.46728864
60 62 0.02119098
60 60 0.00376466
127 131 0.00442586
127 128 0.00381207
127 129 0.00594156
127 126 0.02055772
127 130 0.64578725
127 127 0.02237089
140 143 0.92526830
9 12 0.19810325
9 5 0.00091277
9 7 0.00754760
9 11 0.28921947
9 13 0.01177908
9 10 0.03108948
9 6 0.00226120
9 9 0.12309372
9 8 0.00769154
27 25 0.00875884
27 26 0.00104404
27 28 0.06963182
27 19 0.00104745
27 24 0.02289967
27 30 0.31164313
27 29 0.00078459
27 31 0.12439054
27 23 0.00217775
22 19 0.00092784
22 26 0.00119003
22 21 0.00266336
22 25 0.26889443
22 23 0.02047710
22 24 0.05130557
22 22 0.00451380
70 72 0.00064341
70 73 0.52908449
70 70 0.00230310
70 71 0.05910374
70 74 0.00060089
96 99 0.59902808
96 92 0.00124331
96 98 0.07996885
96 93 0.00653176
64 64 0.00110577
64 65 0.06856244
64 67 0.61008224
64 66 0.05004387
115 112 0.00116678
115 118 0.75247964
115 117 0.00403448
71 71 0.00785916
71 74 0.81308229
71 72 0.06931936
18 18 0.03058823
18 22 0.01561341
18 17 0.00696092
18 16 0.01585371
18 21 0.42897889
18 19 0.03778698
18 20 0.09563587
18 14 0.00085104
91 93 0.00413729
91 90 0.00217673
91 94 0.59300353
111 107 0.00054207
111 113 0.00450493
111 108 0.00136551
111 114 0.76804217
57 60 0.50053830
57 58 0.13590667
57 57 0.00341037
57 61 0.00233454
57 59 0.00622227
72 71 0.00051522
72 75 0.43144050
72 73 0.05596668
72 72 0.01630690
89 87 0.00057145
89 88 0.09360150
89 91 0.03969868
89 92 0.60329953
37 34 0.00149605
37 38 0.01708737
37 37 0.00209927
37 41 0.17096939
37 36 0.00118653
37 39 0.00335798
37 40 0.40903634
123 125 0.01295327
123 121 0.02273001
123 120 0.01652257
123 122 0.02159422
123 123 0.00942285
123 127 0.00388215
123 126 0.65862952
123 124 0.00098628
52 52 0.00354584
52 55 0.77369802
52 56 0.00713154
52 53 0.12218221
52 54 0.00928169
28 29 0.05066684
28 27 0.00057864
28 24 0.00164316
28 31 0.21681877
28 25 0.09864081
28 32 0.12289008
28 26 0.00752258
8 7 0.00832406
8 11 0.19873855
8 12 0.00666416
8 5 0.00637293
8 9 0.03510685
8 8 0.17998460
8 6 0.01272623
8 10 0.22648280
8 4 0.00759008
30 33 0.34918093
30 32 0.00314038
30 26 0.00074555
30 34 0.12217483
30 28 0.00594559
30 29 0.00058440
30 27 0.11583954
30 31 0.05978236
6 7 0.01566873
6 5 0.00122175
6 2 0.00833640
6 8 0.11051396
6 3 0.00428818
6 9 0.13920667
6 6 0.43655205
6 10 0.00178428
6 4 0.05356743
98 100 0.13992689
98 95 0.00111536
98 101 0.66456305
125 128 0.68600237
125 122 0.00228858
125 125 0.02355299
125 129 0.00415529
125 124 0.00234965
125 123 0.00294175
125 127 0.00539245
121 120 0.01733267
121 118 0.03189730
121 125 0.00119805
121 124 0.67599843
121 119 0.01238639
121 123 0.01968405
54 58 0.00283376
54 57 0.69936400
54 55 0.11444069
54 56 0.01183111
54 54 0.00301863
99 96 0.00277179
99 101 0.13590249
99 102 0.66597682
92 91 0.00261411
92 94 0.00252682
92 95 0.55954036
61 62 0.00796244
61 64 0.52571504
61 63 0.01831036
48 51 0.35505413
48 52 0.02937798
48 50 0.00287273
48 49 0.07600370
39 41 0.00177408
39 36 0.00067197
39 38 0.00090796
39 40 0.02482629
39 39 0.00072172
39 43 0.10191063
39 42 0.53080360
101 97 0.00110421
101 105 0.00077970
101 103 0.13251375
101 98 0.00879028
101 104 0.66861863
25 23 0.00433229
25 24 0.00422656
25 27 0.00105059
25 29 0.00664136
25 22 0.00646284
25 21 0.00177522
25 17 0.00113845
25 26 0.05466915
25 28 0.56827197
87 87 0.00128296
87 85 0.00896187
87 89 0.09947253
87 90 0.39113545
87 86 0.06162771
33 32 0.00329700
33 36 0.54932504
33 34 0.01859133
33 37 0.12212806
33 30 0.12268793
33 31 0.00322276
33 35 0.00166976
85 87 0.00975164
85 83 0.00069637
85 85 0.00754987
85 88 0.42073488
85 84 0.00970754
12 12 0.28133040
12 11 0.00906746
12 7 0.00050370
12 13 0.06691006
12 16 0.01680866
12 14 0.26918219
12 10 0.00369427
12 8 0.00161878
12 9 0.00311552
12 15 0.16399685
117 115 0.00482048
117 114 0.00211973
117 120 0.71817561
117 119 0.00555438
79 82 0.43429077
79 78 0.00238467
79 79 0.00983069
79 80 0.00276905
19 22 0.35584579
19 18 0.00410663
19 15 0.00405917
19 23 0.00507784
19 17 0.00561774
19 16 0.00092443
19 21 0.07152252
19 19 0.02757554
19 20 0.03033210
21 25 0.00624212
21 19 0.00193339
21 20 0.00098056
21 21 0.00955932
21 17 0.03402306
21 24 0.51141507
21 22 0.01226442
21 23 0.05370563
21 18 0.00068759
17 20 0.27246002
17 19 0.14748526
17 16 0.01149340
17 17 0.03955932
17 21 0.01532709
17 13 0.00182211
17 15 0.00126258
17 18 0.03105371
141 144 0.95518313
69 71 0.00189579
69 69 0.00210094
69 70 0.08732916
69 73 0.00152186
69 72 0.68983259
51 54 0.58438873
51 51 0.00220736
51 53 0.00807675
51 55 0.00948311
51 52 0.12218861
132 131 0.00147364
132 136 0.00072988
132 133 0.01597481
132 135 0.82270453
132 134 0.00317631
4 4 0.57989651
4 8 0.00093171
4 1 0.00126183
4 3 0.00123577
4 6 0.07036984
4 7 0.05949890
4 5 0.00772773
4 2 0.04158982
126 123 0.00121272
126 124 0.00212791
126 126 0.02946361
126 130 0.00426460
126 125 0.05322494
126 129 0.80050447
126 128 0.00464272
7 7 0.19563715
7 11 0.00282245
7 5 0.03580317
7 9 0.21731695
7 3 0.00733873
7 8 0.03579521
7 6 0.00389329
7 10 0.18818296
7 4 0.01588220
45 46 0.00141501
45 48 0.42986135
45 47 0.00077527
45 49 0.11762038
106 104 0.00130756
106 109 0.74829414
106 103 0.11707084
106 107 0.00086579
106 108 0.04900617
106 102 0.02661064
106 101 0.00074256
106 110 0.00177928
62 61 0.00105061
62 64 0.00248954
62 63 0.06917810
62 65 0.21278861
62 67 0.00055810
88 91 0.25520709
88 86 0.01164081
88 88 0.00202130
88 90 0.02002742
88 87 0.11028834
93 91 0.00139693
93 92 0.10285572
93 96 0.58644060
93 95 0.16896633
95 94 0.00399905
95 93 0.00237106
95 97 0.14750826
95 98 0.56376940
95 92 0.02776817
29 32 0.34112900
29 33 0.12220854
29 25 0.00126408
29 26 0.11204340
29 28 0.00063077
29 30 0.05492434
29 27 0.01126975
29 31 0.00093476
120 118 0.00119925
120 122 0.01921348
120 123 0.78542075
120 117 0.00101816
120 124 0.00087506
120 119 0.00205519
100 102 0.13541392
100 97 0.00129943
100 96 0.00223261
100 103 0.66571115
100 104 0.00077171
122 125 0.78932304
122 121 0.03823824
122 122 0.00057810
122 120 0.00207334
122 124 0.01574434
122 126 0.00156582
122 119 0.01099418
129 132 0.75739807
129 129 0.01671896
129 131 0.01502330
129 128 0.01904892
129 133 0.00383305
129 130 0.00303742
118 116 0.00055156
118 114 0.00581694
118 121 0.64030920
118 115 0.11962349
118 120 0.00624263
23 26 0.47565824
23 19 0.00379946
23 25 0.02359185
23 23 0.00203474
23 24 0.03132947
23 27 0.00187577
114 110 0.00093126
114 111 0.00217137
114 117 0.76415579
114 116 0.00412263
53 57 0.00345088
53 55 0.00588172
53 56 0.74427654
53 53 0.00094924
53 54 0.12398953
43 47 0.01211996
43 46 0.61282768
43 44 0.06658113
43 45 0.00072774
13 17 0.02542604
13 16 0.24558898
13 14 0.02001778
13 12 0.00731818
13 11 0.00213190
13 13 0.15156485
13 15 0.27949744
13 10 0.00232115
13 9 0.00187495
110 113 0.78060851
110 107 0.00112775
110 112 0.00601293
102 106 0.00077350
102 99 0.00160176
102 104 0.12950310
102 98 0.00055910
102 105 0.67146941
119 116 0.00279848
119 123 0.00066999
119 122 0.78650389
119 121 0.01182282
58 58 0.00231353
58 60 0.01805963
58 62 0.00109804
58 59 0.00577892
58 61 0.52879577
116 118 0.00474488
116 112 0.00162597
116 113 0.01020252
116 119 0.75833170
80 81 0.00329492
80 78 0.00058236
80 79 0.00934928
80 83 0.81377706
80 80 0.03355693
5 6 0.00918293
5 8 0.09710351
5 9 0.00130532
5 1 0.00110657
5 3 0.00753263
5 4 0.00080300
5 5 0.40636716
5 7 0.09331629
134 135 0.00492491
134 136 0.00280452
134 134 0.00120219
134 137 0.83452588
38 39 0.03281404
38 42 0.21331382
38 40 0.00212261
38 38 0.00108062
38 37 0.00092131
38 41 0.47926944
84 82 0.00465174
84 86 0.00560150
84 85 0.00787689
84 83 0.03736226
84 87 0.62984082
84 84 0.04561449
139 140 0.00148036
139 142 0.82780279
26 29 0.28347440
26 30 0.00529871
26 27 0.05236567
26 24 0.01171754
26 23 0.12077802
26 25 0.00125102
26 28 0.00173682
82 82 0.02285301
82 81 0.01238357
82 85 0.67567522
82 83 0.00412192
82 84 0.00074898
3 5 0.05068606
3 2 0.00296643
3 7 0.00061812
3 4 0.00572735
3 6 0.09008872
3 3 0.53599026
3 1 0.10281378
59 60 0.00079431
59 62 0.47190735
59 61 0.03873657
59 63 0.00147439
24 23 0.00369382
24 22 0.00129378
24 27 0.49666838
24 24 0.00074774
24 28 0.02878688
24 26 0.00448415
24 21 0.00159724
24 20 0.00559419
24 25 0.01208290
133 136 0.78002839
133 133 0.00183636
133 135 0.00275429
133 132 0.00060576
133 134 0.00954389
10 8 0.00853388
10 9 0.00857907
10 10 0.11993587
10 14 0.01226615
10 13 0.20294637
10 11 0.06188996
10 7 0.00847246
10 12 0.29267984
56 59 0.51116490
56 56 0.00382590
56 58 0.01900625
56 57 0.14278936
56 60 0.00117507
104 105 0.00126305
104 100 0.01950667
104 106 0.12352774
104 102 0.00093797
104 101 0.12725736
104 108 0.00162885
104 107 0.67413691
76 79 0.82094525
76 77 0.00903094
76 75 0.00304502
76 76 0.01871693
138 141 0.82044734
15 13 0.00120474
15 12 0.00061837
15 14 0.00606318
15 19 0.03521093
15 17 0.15431432
15 16 0.01853126
15 15 0.07253408
15 18 0.17871937
74 75 0.03561173
74 76 0.00075212
74 77 0.82124540
74 74 0.08496999
74 73 0.00568464
94 93 0.00086181
94 97 0.57783239
94 96 0.00775908
94 91 0.00320527
94 92 0.01106058
11 13 0.27030016
11 12 0.06540878
11 7 0.00162829
11 11 0.28009529
11 14 0.18576359
11 9 0.00947375
11 8 0.00636638
11 10 0.00940735
11 15 0.01714649
2 4 0.03363661
2 6 0.00098586
2 1 0.00747160
2 3 0.00451753
2 2 0.65699028
2 5 0.08523083
55 59 0.00181352
55 56 0.13678672
55 58 0.76303074
55 57 0.01253461
55 55 0.00525514
16 18 0.12288263
16 15 0.00300403
16 17 0.01967311
16 16 0.04537152
16 20 0.02103734
16 14 0.00828322
16 19 0.39460649
113 115 0.00406836
113 116 0.77121745
113 110 0.00166857
113 111 0.00157836
63 64 0.00473926
63 65 0.00135781
63 66 0.38581649
131 135 0.00103170
131 132 0.01004214
131 133 0.00293531
131 131 0.00087995
131 134 0.72807578
131 130 0.00441209
86 89 0.52510523
86 88 0.00686764
86 84 0.00673000
86 83 0.00060869
86 85 0.07509577
86 86 0.02086204
46 50 0.00922558
46 49 0.38139526
75 78 0.82116270
75 76 0.02802832
75 75 0.07035762
75 74 0.00697220
75 77 0.00061210
47 51 0.00560571
47 50 0.36265286
81 81 0.04089160
81 82 0.02149877
81 84 0.52462423
81 83 0.00235694
81 80 0.00885014
77 76 0.00081043
77 77 0.00528507
77 78 0.00089122
77 80 0.82087315
83 81 0.00409542
83 86 0.54494945
83 82 0.03799761
83 84 0.01406821
83 83 0.06070065
83 85 0.01492922
124 122 0.00252482
124 128 0.00422232
124 125 0.00322918
124 121 0.00282251
124 124 0.02537308
124 126 0.00710175
124 127 0.79744512
124 123 0.05535820
41 44 0.50697063
41 38 0.00392088
41 41 0.00406384
41 45 0.01143210
41 42 0.14658332
41 43 0.00051572
41 40 0.00106883
50 52 0.00218757
50 53 0.65203936
50 51 0.00066906
50 54 0.00702905
34 35 0.01668785
34 31 0.12957276
34 36 0.00170142
34 33 0.00259893
34 37 0.39630041
34 38 0.07784399
78 81 0.37261498
78 77 0.00864218
78 78 0.03408938
78 79 0.01076674
78 80 0.00076994
128 132 0.00415590
128 129 0.00143397
128 128 0.00549422
128 131 0.69698452
128 127 0.00517698
128 130 0.00566827
105 103 0.00089061
105 100 0.00073897
105 109 0.00190607
105 106 0.00120601
105 102 0.12599625
105 101 0.02556200
105 108 0.71119752
105 107 0.08606333
109 105 0.03379942
109 112 0.79285538
109 106 0.10349334
109 111 0.00833681
109 107 0.00226066
31 30 0.00121725
31 29 0.00144662
31 27 0.00063562
31 35 0.00548255
31 23 0.00068719
31 33 0.00500175
31 32 0.05355822
31 28 0.11115367
31 34 0.47502278
135 136 0.00714114
135 138 0.83028177
135 135 0.00122379
135 137 0.00131592
42 45 0.40250567
42 44 0.00056494
42 46 0.10148969
42 43 0.00247987
42 39 0.00202171
130 134 0.00226508
130 130 0.00433097
130 132 0.00172727
130 129 0.00063267
130 131 0.00065005
130 133 0.64156151
137 140 0.71808950
137 138 0.00124965
32 29 0.00270037
32 31 0.00056272
32 35 0.42879050
32 33 0.02344982
32 36 0.01764762
32 34 0.00355222
97 99 0.08512490
97 100 0.66282869
97 94 0.00746783
73 73 0.01928089
73 72 0.00200676
73 76 0.33025120
73 74 0.02852463
20 19 0.00422958
20 20 0.01610202
20 17 0.00068894
20 16 0.02097955
20 21 0.02868282
20 24 0.01834092
20 22 0.06349304
20 23 0.58018447
67 68 0.06750023
67 67 0.00069246
67 70 0.58218152
67 69 0.00189988
44 48 0.12204884
44 47 0.38082755
49 53 0.02474784
49 51 0.00388937
49 50 0.07874597
49 52 0.54454283
108 105 0.11496382
108 112 0.00138103
108 104 0.03380138
108 111 0.77216222
108 110 0.00998617
108 106 0.00397504
1 2 0.00231036
1 5 0.00115403
1 4 0.06453422
1 3 0.03009438
1 1 0.74423916
40 42 0.00098185
40 43 0.19364787
40 39 0.00117414
40 40 0.00663828
40 44 0.16804449
40 37 0.01701272
40 38 0.00059031
40 41 0.13748645
142 145 0.99961587
112 115 0.79821398
112 114 0.00430551
112 109 0.00680397
112 108 0.00301050
136 137 0.00974516
136 139 0.72757443
103 99 0.00052587
103 100 0.00127724
103 105 0.12549505
103 107 0.00135054
103 106 0.67230720
35 37 0.00178174
35 38 0.48321802
35 36 0.01650856
35 39 0.12136429
