58 58 0.78001040
58 59 0.01448216
58 72 0.02652164
58 57 0.00080677
58 71 0.00128569
58 73 0.00327483
119 123 0.00061127
119 122 0.00439445
119 120 0.05030883
119 119 0.60859408
102 109 0.00236218
102 114 0.00235729
102 108 0.00339415
102 113 0.01492154
102 107 0.00176527
102 112 0.02643842
102 103 0.13601626
102 106 0.00065260
102 110 0.00216654
102 111 0.00638513
102 102 0.67061075
110 114 0.01653687
110 109 0.00145029
110 113 0.02650713
110 115 0.01617166
110 116 0.00689344
110 112 0.00495184
110 111 0.01229664
110 110 0.69606649
13 12 0.04017263
13 22 0.03840838
13 10 0.01681813
13 11 0.01924089
13 27 0.00163028
13 13 0.70251838
13 18 0.00202164
13 21 0.00136364
13 17 0.01731269
13 16 0.01923429
13 15 0.00545990
13 19 0.00145586
13 14 0.00575895
13 23 0.03528773
5 4 0.00415405
5 12 0.00074067
5 2 0.00862902
5 5 0.70195849
5 10 0.00357706
5 7 0.06516258
5 11 0.00102187
5 6 0.00102469
5 9 0.00852250
5 13 0.00060793
5 3 0.00588008
5 8 0.02756612
80 80 0.81658161
80 94 0.01186076
80 91 0.00236354
80 92 0.01020477
80 93 0.01183144
80 95 0.00160534
116 119 0.02155274
116 116 0.76751405
116 117 0.01802808
116 118 0.00275703
116 115 0.00055434
134 135 0.00351805
134 134 0.76656240
38 37 0.00178801
38 38 0.47395658
38 52 0.06108542
38 39 0.08688222
38 53 0.01536619
38 50 0.00061981
38 36 0.01727970
139 139 0.80395784
26 23 0.00185051
26 26 0.56776374
26 27 0.00201785
26 25 0.00113340
26 24 0.02330650
26 40 0.00827779
26 41 0.03423677
84 84 0.54089241
84 97 0.00180300
84 95 0.01192146
84 99 0.00084236
84 85 0.00075869
84 96 0.00354637
84 94 0.00077960
84 98 0.01258759
24 23 0.00701558
24 20 0.00089491
24 37 0.00123855
24 39 0.00125505
24 21 0.00750177
24 25 0.01780047
24 24 0.60938470
24 22 0.00826027
59 73 0.00455677
59 74 0.00060090
59 60 0.00498523
59 58 0.00052877
59 59 0.45901034
59 72 0.00721066
82 82 0.56034557
82 94 0.00667101
82 96 0.01134638
82 97 0.00138674
82 93 0.00241667
82 95 0.06286577
82 92 0.00072056
3 2 0.00242720
3 5 0.08231634
3 7 0.01323473
3 6 0.01251493
3 1 0.00061303
3 3 0.67458854
3 8 0.00260051
3 4 0.00224334
10 7 0.02976221
10 11 0.00339171
10 12 0.01520136
10 13 0.05024089
10 21 0.00154916
10 16 0.00406788
10 17 0.00114395
10 14 0.03242454
10 20 0.01661189
10 19 0.01807177
10 10 0.68568342
10 22 0.00062941
10 9 0.02079228
10 8 0.02860629
10 18 0.00337312
10 15 0.00624706
56 57 0.00588950
56 68 0.00141455
56 55 0.00056937
56 56 0.77591880
56 69 0.00828465
133 132 0.00074992
133 133 0.64331709
133 134 0.00552857
15 24 0.00097905
15 27 0.00123858
15 29 0.00280034
15 30 0.00077567
15 15 0.66685726
15 18 0.00360841
15 13 0.01980354
15 11 0.00065292
15 12 0.01727826
15 14 0.03935156
15 17 0.00370232
15 16 0.01231307
15 26 0.00076796
76 89 0.12989987
76 90 0.01254625
76 87 0.00050482
76 76 0.49027639
138 138 0.84521368
104 109 0.00405151
104 114 0.00414791
104 104 0.67805852
104 115 0.00129416
104 112 0.00154525
104 105 0.13144525
104 113 0.00270830
104 108 0.00585624
104 107 0.00689547
104 110 0.00650904
104 111 0.00314381
74 87 0.01177283
74 85 0.00056405
74 88 0.00514163
74 84 0.00137639
74 74 0.81518684
145 145 0.99372546
94 105 0.00209270
94 103 0.00763234
94 104 0.00708405
94 106 0.04541492
94 94 0.60149065
94 93 0.00075093
94 95 0.00236639
94 107 0.00106460
2 2 0.63284006
2 5 0.01010963
2 7 0.00062755
2 4 0.07664810
2 6 0.01265552
2 1 0.00070837
2 3 0.00289121
11 8 0.02279686
11 9 0.02302770
11 22 0.00298063
11 10 0.01981552
11 15 0.02519944
11 23 0.00133179
11 18 0.00073421
11 13 0.01301700
11 12 0.00211787
11 11 0.71070954
11 19 0.00216913
11 20 0.02909002
11 14 0.04756582
11 16 0.00338360
11 17 0.00196125
11 21 0.01755042
55 68 0.03310126
55 55 0.79005747
55 56 0.00646434
55 69 0.00780011
113 116 0.00276865
113 117 0.00122063
113 113 0.79867161
113 112 0.00075616
113 115 0.00765056
113 118 0.01375391
113 114 0.00453690
16 25 0.00093650
16 13 0.01597174
16 12 0.00069293
16 14 0.01262619
16 19 0.00282681
16 16 0.60738124
16 17 0.03230149
16 21 0.00059076
16 28 0.01637073
16 26 0.00102765
16 27 0.00823965
16 30 0.00098476
16 29 0.00208913
16 15 0.03734781
16 18 0.00146929
131 131 0.51687634
131 132 0.03835712
86 86 0.59505400
86 98 0.02610300
86 100 0.00573655
86 97 0.00110540
86 101 0.00291696
86 87 0.00553142
63 62 0.00072811
63 63 0.48437050
63 77 0.00422413
63 74 0.00161638
63 64 0.02097382
63 76 0.00068297
46 47 0.01094138
46 46 0.70643459
46 59 0.00089357
46 45 0.00073370
46 58 0.00144963
47 62 0.00393482
47 59 0.00119954
47 47 0.53546765
47 48 0.04741588
47 61 0.00509425
81 96 0.00215074
81 81 0.51788688
81 92 0.00263545
81 91 0.00059435
81 94 0.03908934
81 93 0.00278448
81 95 0.03829808
75 75 0.55641908
75 89 0.01228376
75 88 0.01287177
77 90 0.12379224
77 88 0.00058421
77 89 0.00138719
77 91 0.01603644
77 77 0.81665976
77 92 0.00081973
83 98 0.00101233
83 96 0.01275167
83 95 0.01894134
83 97 0.00374918
83 83 0.81736856
83 94 0.00355243
41 39 0.01442479
41 42 0.10729940
41 40 0.00155376
41 56 0.05429355
41 38 0.00093172
41 55 0.08757704
41 41 0.56041542
124 127 0.00830698
124 123 0.00165314
124 124 0.42035634
124 125 0.02534221
34 46 0.00077522
34 47 0.00086216
34 35 0.00387611
34 48 0.00159387
34 33 0.00340847
34 32 0.03093881
34 49 0.00144913
34 34 0.76373302
50 63 0.00531814
50 64 0.08252574
50 51 0.00066138
50 66 0.00091836
50 65 0.05085105
50 62 0.00064333
50 50 0.60205700
78 90 0.00262553
78 89 0.00090976
78 91 0.11384126
78 92 0.02057799
78 78 0.81663292
105 111 0.00740759
105 110 0.00719250
105 106 0.12843599
105 108 0.01348392
105 113 0.00228146
105 105 0.68258952
105 112 0.00414016
105 115 0.00104948
105 114 0.00194834
105 109 0.00606994
128 129 0.08541166
128 128 0.59599397
128 131 0.00478312
42 42 0.69258890
42 43 0.09474732
42 54 0.00061677
42 40 0.01117562
42 56 0.08774343
42 57 0.05408678
42 41 0.00116052
135 136 0.00220028
135 135 0.76270246
135 134 0.00053612
31 46 0.08400975
31 29 0.00886607
31 31 0.68255541
31 45 0.03452124
31 32 0.00416957
109 112 0.02138288
109 115 0.00730548
109 109 0.77178258
109 114 0.02268856
109 110 0.01384825
109 111 0.00300657
109 108 0.00112338
109 113 0.01390298
137 137 0.80857924
130 131 0.05153620
130 133 0.00103102
130 129 0.00053814
130 130 0.32313001
32 45 0.00288922
32 32 0.71994682
32 33 0.01059378
32 47 0.00136647
32 46 0.00128671
32 30 0.02197364
67 78 0.00161642
67 81 0.00110095
67 80 0.00527052
67 68 0.00176694
67 67 0.68737777
20 21 0.02889736
20 16 0.00105538
20 17 0.01095787
20 19 0.00835615
20 20 0.45487452
20 22 0.00164952
20 29 0.00097258
20 18 0.00969715
20 23 0.00062758
73 86 0.09673773
73 87 0.00474054
73 83 0.00175456
73 85 0.00059392
73 73 0.53061614
73 84 0.00082420
97 108 0.01601218
97 97 0.53260164
97 107 0.02445097
97 106 0.01097825
97 110 0.00229795
97 109 0.03321374
97 105 0.00050138
97 98 0.14629800
108 112 0.00980787
108 114 0.00991547
108 109 0.05172246
108 111 0.01995383
108 110 0.00173429
108 107 0.00085261
108 113 0.01535484
108 108 0.73279730
49 62 0.00086872
49 65 0.00172292
49 50 0.00072224
49 49 0.67414902
49 64 0.05238699
49 63 0.08191510
44 42 0.00174677
44 43 0.00054667
44 56 0.00128695
44 59 0.05360421
44 44 0.51391755
44 45 0.00990394
44 57 0.00089524
44 58 0.08730845
1 4 0.00787760
1 6 0.00138903
1 1 0.67821170
1 3 0.11730175
1 5 0.01154308
1 2 0.00704171
136 136 0.61386535
103 108 0.00260026
103 113 0.01020364
103 107 0.00359848
103 106 0.00220257
103 111 0.00147466
103 110 0.00340436
103 114 0.00992644
103 109 0.00651651
103 104 0.13406870
103 103 0.67106906
103 112 0.00381611
112 112 0.82034969
112 118 0.00231420
112 115 0.00495580
112 114 0.00750260
112 111 0.00128896
112 117 0.00870368
112 116 0.00917418
112 113 0.00782870
142 142 0.77900207
40 39 0.00209804
40 54 0.08742319
40 40 0.42831361
40 38 0.01602942
40 55 0.05445185
40 37 0.00158237
40 41 0.10655649
35 48 0.00100976
35 35 0.56162782
35 47 0.00094747
35 33 0.01242891
35 36 0.00635809
35 50 0.00067263
35 49 0.00095438
35 34 0.00199141
36 48 0.00114933
36 51 0.00076675
36 35 0.00172962
36 36 0.59864521
36 50 0.00115080
36 49 0.00104689
36 34 0.01785306
36 37 0.02857164
66 80 0.00056618
66 66 0.51547450
66 79 0.11870100
66 67 0.05187353
68 79 0.00154051
68 68 0.57782181
68 69 0.04628097
68 81 0.00423240
68 82 0.00221720
65 79 0.01707818
65 65 0.36347817
65 66 0.00128137
65 78 0.07918295
14 24 0.00097923
14 23 0.00691187
14 15 0.00945120
14 18 0.00341755
14 13 0.03837181
14 11 0.01693994
14 12 0.02013263
14 14 0.61695128
14 20 0.00096643
14 17 0.00619391
14 16 0.00239120
14 26 0.01242306
14 28 0.00077703
107 116 0.00167901
107 111 0.00910231
107 110 0.01975676
107 113 0.00843207
107 108 0.08995402
107 107 0.69369576
107 112 0.01090804
107 114 0.00284263
107 109 0.00075045
140 140 0.68633044
127 130 0.00777157
127 127 0.67612915
127 128 0.00482955
90 103 0.00347062
90 104 0.00072053
90 91 0.02069180
90 102 0.07450016
90 101 0.00344111
90 90 0.50803979
60 60 0.48771254
60 73 0.00808740
60 74 0.00649346
60 61 0.01892194
60 75 0.00092226
27 25 0.02946178
27 41 0.00232047
27 28 0.00196010
27 27 0.52329253
27 24 0.00052987
27 23 0.00361700
27 42 0.00381156
144 144 0.77913528
9 12 0.04864935
9 11 0.02382529
9 7 0.03761221
9 13 0.03819085
9 17 0.00402169
9 16 0.00240987
9 19 0.01079252
9 20 0.00075357
9 14 0.00697323
9 10 0.00301606
9 6 0.02237183
9 8 0.00931492
9 9 0.68761736
9 18 0.01155334
9 15 0.00682398
70 83 0.10071925
70 84 0.00915996
70 70 0.58604843
70 82 0.00068642
70 71 0.00919098
96 96 0.55614723
96 105 0.01355250
96 104 0.00110577
96 109 0.00164777
96 106 0.00741626
96 107 0.02448921
96 97 0.00768091
96 95 0.00054268
96 108 0.04145128
22 23 0.02252447
22 35 0.00082599
22 18 0.00279506
22 24 0.00075466
22 22 0.36526751
22 20 0.01084795
22 37 0.00674944
22 19 0.01161572
22 21 0.00785245
22 36 0.00571893
71 82 0.00267160
71 71 0.58658188
71 83 0.00061752
71 85 0.00883554
71 72 0.00228313
71 84 0.13546947
115 114 0.00071154
115 115 0.84000680
115 118 0.04113176
115 116 0.00536169
115 117 0.00258666
115 119 0.00158285
64 65 0.00544709
64 64 0.55751399
64 63 0.00070238
64 78 0.00237277
18 18 0.51520445
18 15 0.01461075
18 27 0.00210976
18 28 0.00156876
18 21 0.00137607
18 17 0.00953009
18 16 0.00827227
18 19 0.00478862
18 20 0.00160311
91 91 0.40115028
91 92 0.08969867
91 104 0.00106681
91 103 0.07122106
91 102 0.03778802
91 101 0.00194577
111 112 0.01002124
111 114 0.02785453
111 115 0.00198919
111 116 0.01808568
111 117 0.00256489
111 110 0.00167643
111 111 0.78023802
111 113 0.00487548
72 85 0.12891635
72 72 0.81055561
72 83 0.00234523
72 84 0.00073578
72 82 0.00160886
72 86 0.00881535
57 70 0.00126615
57 56 0.00081327
57 72 0.00067395
57 57 0.75343664
57 68 0.00084356
57 58 0.00685061
37 51 0.06135806
37 35 0.00546259
37 36 0.00055147
37 49 0.00059204
37 52 0.00581736
37 38 0.01736648
37 37 0.67924220
89 90 0.10137272
89 89 0.59725678
89 88 0.00057648
89 101 0.05975332
89 102 0.00193996
89 100 0.00124552
89 103 0.00301226
28 28 0.74980679
28 26 0.03003988
28 42 0.02570029
28 43 0.06223602
28 29 0.00092136
28 24 0.00342388
52 64 0.00061920
52 53 0.01177556
52 67 0.00168836
52 65 0.00891461
52 52 0.53854658
52 66 0.05348734
123 126 0.01372301
123 124 0.00835126
123 123 0.66450922
123 122 0.00163846
6 5 0.00549664
6 12 0.00167052
6 11 0.00253302
6 7 0.00094686
6 13 0.00089796
6 4 0.01249097
6 10 0.00605615
6 6 0.69536525
6 8 0.05343669
6 3 0.01423390
6 9 0.01755160
98 109 0.01412230
98 99 0.07943522
98 98 0.53963953
98 108 0.02500476
98 107 0.01093097
98 106 0.00087743
98 111 0.00132180
98 110 0.01864845
30 43 0.00053148
30 31 0.00420597
30 30 0.51409641
30 44 0.00474450
30 28 0.00943005
30 45 0.11272211
8 10 0.05630644
8 9 0.00460628
8 8 0.63307334
8 6 0.02434431
8 18 0.00677843
8 15 0.00443267
8 7 0.01119671
8 11 0.02791620
8 12 0.03186596
8 5 0.02082182
8 13 0.01415258
8 17 0.00466410
8 16 0.00291878
8 14 0.00294800
99 109 0.02903356
99 99 0.60704366
99 112 0.00068093
99 100 0.08433586
99 108 0.00822073
99 107 0.00483035
99 106 0.00097940
99 110 0.01779010
99 111 0.01018923
54 68 0.00115300
54 66 0.00245776
54 67 0.00364844
54 55 0.00616982
54 54 0.57710152
121 122 0.00665062
121 121 0.49863978
121 124 0.00906158
125 124 0.00116677
125 126 0.09612430
125 128 0.01222326
125 125 0.62872608
39 54 0.05462830
39 53 0.02449332
39 39 0.52181146
39 40 0.10585725
39 37 0.01677759
39 38 0.00193861
39 36 0.00058550
48 48 0.56543206
48 62 0.00183549
48 49 0.05786031
92 103 0.04154764
92 105 0.00081283
92 92 0.62507833
92 104 0.03285292
92 101 0.00076456
92 102 0.01403003
92 93 0.05351176
61 72 0.00163858
61 62 0.04110096
61 74 0.12475905
61 61 0.50669152
61 75 0.02307815
33 46 0.00150479
33 47 0.00523994
33 31 0.01819799
33 48 0.00557556
33 33 0.71449624
33 45 0.00061499
33 32 0.00130509
33 34 0.00962247
87 99 0.03408953
87 98 0.00117597
87 88 0.00991885
87 102 0.00066018
87 87 0.62928285
87 101 0.01937865
25 25 0.20957219
25 21 0.00302300
25 26 0.00822118
25 24 0.00535665
25 40 0.00821593
25 22 0.00322815
25 23 0.01919180
101 112 0.01943545
101 109 0.00319980
101 106 0.00053799
101 110 0.00624586
101 101 0.67047066
101 111 0.03060471
101 102 0.13569234
101 108 0.00156187
101 113 0.00519347
101 107 0.00198880
143 143 0.80915276
117 120 0.00178320
117 118 0.04002532
117 117 0.58572515
117 119 0.00187929
12 18 0.00145424
12 23 0.00720383
12 15 0.03511966
12 10 0.02104564
12 22 0.03510498
12 9 0.01694379
12 16 0.01853108
12 17 0.00520972
12 21 0.02660098
12 20 0.00166911
12 14 0.01027496
12 19 0.00064694
12 11 0.03756221
12 12 0.71053295
12 13 0.00493888
85 95 0.00163417
85 97 0.02941535
85 85 0.79598520
85 99 0.00250551
85 96 0.00114825
85 98 0.00439282
85 86 0.01630246
19 18 0.00915308
19 15 0.00071218
19 22 0.00073533
19 29 0.00053907
19 34 0.00067403
19 28 0.00169264
19 21 0.00259149
19 17 0.00944589
19 16 0.01146997
19 19 0.66534548
19 20 0.00683945
19 33 0.00445410
79 92 0.10572865
79 91 0.00645429
79 90 0.00163607
79 93 0.00234715
79 79 0.81659528
17 29 0.00165490
17 27 0.00442102
17 31 0.00076057
17 18 0.00652434
17 15 0.01277012
17 32 0.00316019
17 13 0.00059365
17 16 0.01317255
17 17 0.57173120
17 21 0.00078237
17 28 0.00245181
17 26 0.00335401
17 14 0.01368476
21 36 0.00770494
21 17 0.00245236
21 21 0.43010962
21 19 0.01032697
21 20 0.00714481
21 22 0.02136413
21 18 0.01206424
21 35 0.00142894
21 23 0.00120999
141 141 0.72399118
51 52 0.00443054
51 65 0.00246979
51 66 0.00100634
51 64 0.00400884
51 51 0.55008109
51 63 0.00072044
132 132 0.80544517
132 133 0.03294578
132 131 0.00064422
69 70 0.00058201
69 82 0.08000859
69 69 0.67887414
69 83 0.00679671
4 7 0.02448187
4 11 0.00116251
4 2 0.00115819
4 5 0.00165097
4 10 0.00124608
4 3 0.00399889
4 1 0.00757519
4 9 0.00610659
4 8 0.02967919
4 6 0.09217219
4 4 0.63968109
126 126 0.68957543
126 127 0.03491274
126 129 0.01076417
106 112 0.00918487
106 115 0.00206865
106 114 0.00139651
106 109 0.01441985
106 111 0.01025326
106 110 0.00889345
106 106 0.68524174
106 116 0.00077856
106 107 0.12821911
106 113 0.00568527
45 58 0.00089162
45 57 0.00144849
45 45 0.54378389
45 59 0.00081091
45 46 0.00613141
7 6 0.00576434
7 8 0.00187465
7 9 0.06202388
7 10 0.01673735
7 15 0.00144870
7 4 0.00806086
7 13 0.00171878
7 5 0.02264940
7 12 0.01306024
7 11 0.02733330
7 7 0.62049883
7 14 0.00363600
7 17 0.00549084
7 16 0.00085803
95 105 0.01646996
95 103 0.00054468
95 96 0.16713943
95 104 0.00960181
95 94 0.00066098
95 106 0.00234354
95 95 0.52292775
95 107 0.04375030
95 108 0.00151061
93 93 0.32071620
93 106 0.00100546
93 94 0.00407468
93 102 0.00583370
93 92 0.00054839
93 104 0.00940847
93 105 0.02079942
93 103 0.01759115
62 63 0.02582424
62 73 0.00161955
62 62 0.49325156
88 89 0.00706214
88 88 0.54626385
88 101 0.00068133
88 102 0.01193130
88 99 0.00145011
88 100 0.00625411
120 120 0.53233598
120 121 0.00977463
120 123 0.00579787
29 43 0.00167776
29 27 0.00590287
29 29 0.50498850
29 44 0.00239860
122 123 0.02494211
122 121 0.00101953
122 125 0.00079224
122 122 0.65505512
100 111 0.01873175
100 101 0.13900339
100 110 0.02927255
100 108 0.00573115
100 107 0.00144269
100 100 0.67079290
100 105 0.00062349
100 112 0.00666202
100 109 0.00639217
23 24 0.01894896
23 22 0.00596192
23 23 0.64846124
23 36 0.00114264
23 25 0.00062663
23 37 0.03074742
23 19 0.00319921
23 38 0.00128296
23 20 0.00928875
23 21 0.01255163
129 130 0.08123815
129 129 0.71226997
129 132 0.00277439
129 128 0.00073964
118 119 0.07995768
118 117 0.00068691
118 118 0.75357029
118 121 0.00258002
118 120 0.00057714
43 43 0.37895365
43 44 0.03312467
43 55 0.00061865
43 57 0.00113835
43 41 0.00266454
43 58 0.00069971
53 67 0.02585685
53 66 0.03799642
53 54 0.00498566
53 53 0.68950506
114 116 0.00151802
114 117 0.01164523
114 119 0.00233432
114 113 0.00050605
114 114 0.75129978
114 118 0.00689733
114 115 0.00458951
