11 153 11 156 0.00106289
11 156 11 156 0.19399833
11 157 11 156 0.00177661
86 94 86 94 0.01495702
86 93 86 93 0.16976000
86 91 86 91 0.11006209
132 137 133 138 0.00168992
132 137 132 137 0.00271664
132 137 132 138 0.00339960
132 140 132 140 0.00763363
132 145 132 146 0.00090587
75 104 75 104 0.19049512
17 151 17 152 0.17833000
87 93 87 93 0.06688026
87 91 86 91 0.00084876
8 146 8 146 0.00091048
8 158 8 159 0.01966743
8 156 8 159 0.00109824
8 159 8 159 0.29527067
137 146 137 147 0.11200445
139 146 140 147 0.09894977
72 107 72 107 0.25533814
81 96 81 96 0.06836461
81 98 81 98 0.04599847
78 100 78 100 0.12251040
69 110 69 110 0.24228741
2 9 2 9 0.00154912
79 99 79 99 0.17651299
1 10 1 10 0.00105979
134 149 134 150 0.27347122
6 155 6 154 0.00706829
83 93 84 93 0.00081222
83 95 83 95 0.24742161
83 95 83 94 0.00096186
83 95 82 95 0.00274864
83 96 83 96 0.00540298
5 156 5 155 0.01437571
140 146 140 147 0.02434989
85 91 86 91 0.00065803
85 94 85 94 0.07802522
135 147 136 148 0.00511165
4 152 4 152 0.00088363
10 158 10 157 0.00142613
10 157 10 157 0.06497500
80 97 80 97 0.11983767
76 103 76 103 0.22167560
14 154 14 155 0.17015972
131 141 131 141 0.01084120
131 146 131 147 0.00526293
131 138 132 139 0.00673000
131 138 132 140 0.00098629
136 147 136 148 0.06130236
136 146 137 147 0.00890005
82 96 81 96 0.00126182
82 96 82 96 0.13967646
82 98 82 98 0.01973650
82 94 83 94 0.00066534
84 94 83 94 0.00333741
84 94 84 93 0.00097385
84 94 84 94 0.11714501
84 96 84 96 0.00514442
7 154 7 153 0.00848868
3 158 3 157 0.00751012
12 157 12 157 0.00465820
12 156 12 157 0.02240181
12 156 12 155 0.00066141
12 152 12 155 0.00050784
73 106 73 106 0.19548999
70 109 70 109 0.36839763
68 111 68 111 0.23790943
16 152 16 153 0.15337133
16 153 16 153 0.00164064
15 153 15 154 0.33122802
15 154 15 154 0.01124151
77 102 77 102 0.17386700
