36 37 0.27664391
36 35 0.12355627
36 38 0.00689746
36 39 0.00051278
36 36 0.49409027
104 104 0.83921849
127 127 0.83867153
79 79 0.96646157
93 93 0.89258869
121 121 0.98861271
132 132 0.97031281
10 11 0.03329373
10 12 0.00841607
10 10 0.84704027
10 9 0.00783199
102 102 0.88754025
26 27 0.07593883
26 26 0.56683888
26 25 0.16502955
26 28 0.07247494
26 29 0.00055278
44 43 0.12446387
44 46 0.00647435
44 44 0.43286284
44 45 0.29489337
73 73 0.81305279
1 1 0.99566434
95 95 0.87656955
142 142 0.53054872
59 59 0.73389957
30 29 0.13788687
30 32 0.04629188
30 31 0.07190519
30 30 0.60999586
141 141 0.55834241
150 150 0.86855378
8 10 0.00783607
8 7 0.00722580
8 9 0.03670045
8 8 0.85752258
4 6 0.00227226
4 5 0.01963799
4 3 0.00103358
4 4 0.55483442
67 66 0.00090576
67 67 0.95754602
108 108 0.87232166
138 138 0.85992300
140 140 0.94537285
105 105 0.70977474
100 100 0.88112468
55 54 0.00194900
55 55 0.87210246
148 148 0.57772774
101 101 0.88977965
37 37 0.42975750
37 38 0.35699063
37 39 0.00170726
37 36 0.13942524
134 134 0.96058700
107 107 0.86257912
72 72 0.50383443
136 136 0.60381000
136 135 0.00064274
23 25 0.14126862
23 21 0.00119432
23 23 0.53849831
23 22 0.20514507
23 24 0.10520018
112 112 0.94339441
71 71 0.84248247
87 87 0.87333751
87 86 0.00129657
12 11 0.00938650
12 12 0.78552542
12 14 0.00800107
12 13 0.04070421
83 83 0.84683064
13 12 0.01453026
13 15 0.00840342
13 14 0.05570632
13 13 0.87277025
64 63 0.00091274
64 64 0.99212045
64 65 0.00109946
90 90 0.99306940
35 35 0.56480849
35 38 0.00076472
35 34 0.11836188
35 37 0.02580389
35 36 0.21760210
21 21 0.54340621
21 22 0.10337164
21 20 0.20238994
21 23 0.13227551
21 19 0.00120332
57 57 0.87508304
61 61 0.54455878
61 62 0.00098699
18 18 0.55513721
18 20 0.02444458
18 21 0.00090938
18 16 0.00111239
18 17 0.21189639
18 19 0.11226126
156 156 0.45661062
116 116 0.85798165
124 124 0.55817004
92 92 0.87546654
77 77 0.59095066
96 96 0.99298788
2 3 0.00082803
2 2 0.92631815
98 98 0.86146247
6 5 0.00779317
6 8 0.00605854
6 6 0.93722512
6 7 0.03830177
54 53 0.00348160
54 54 0.86396097
54 55 0.00129189
27 27 0.59487198
27 30 0.00051219
27 26 0.15666735
27 28 0.07328112
27 29 0.13661252
131 131 0.97646390
74 74 0.54694062
125 125 0.71794388
14 15 0.07016874
14 16 0.01110411
14 14 0.78035259
14 13 0.02782987
91 91 0.99308424
86 85 0.00095781
86 86 0.87280793
152 153 0.00069697
152 152 0.79537870
29 30 0.08125589
29 31 0.01511038
29 29 0.63088676
29 28 0.14151109
17 16 0.19859006
17 17 0.61625148
17 15 0.00110156
17 19 0.02076521
17 18 0.11240109
17 20 0.00063173
56 56 0.87469011
130 130 0.97358915
111 111 0.99260355
32 33 0.13180828
32 32 0.61316375
32 34 0.04057666
32 31 0.12630754
146 146 0.72478303
155 155 0.62184173
9 11 0.00831493
9 8 0.00710597
9 10 0.03386431
9 9 0.91449728
85 86 0.00122866
85 84 0.00051135
85 85 0.88200206
151 151 0.98058667
33 34 0.12515247
33 35 0.05491863
33 33 0.62882984
33 32 0.12252847
113 113 0.94348097
49 51 0.00220803
49 50 0.10647342
49 49 0.65700373
49 48 0.06344500
147 147 0.85388569
110 110 0.91810185
97 97 0.88064056
128 128 0.83995086
99 99 0.89175231
118 118 0.75238468
135 135 0.94779442
34 35 0.15394792
34 34 0.61376065
34 37 0.00056976
34 36 0.02798563
34 33 0.12116369
15 14 0.03992904
15 15 0.62889853
15 17 0.01240235
15 16 0.08905439
117 117 0.61234894
45 44 0.09639660
45 45 0.49547239
45 47 0.00427767
45 46 0.35227571
145 145 0.51811315
133 133 0.95218314
46 48 0.00429246
46 46 0.54093380
46 45 0.08368644
46 47 0.24820996
82 82 0.81493311
94 94 0.87520894
50 50 0.71210799
50 51 0.08278565
50 49 0.05047760
75 75 0.49113269
3 4 0.00311724
3 3 0.83745419
60 60 0.54386544
60 61 0.00086082
81 81 0.97278010
42 44 0.00202130
42 41 0.14002285
42 43 0.34858534
42 42 0.37291587
114 114 0.99284994
39 38 0.16682791
39 41 0.00087899
39 39 0.34894325
39 40 0.32497199
69 68 0.00076755
69 69 0.99490964
119 119 0.89898264
7 8 0.03776210
7 6 0.00774839
7 9 0.00726875
7 7 0.86587196
22 21 0.20713294
22 23 0.10370682
22 20 0.00126269
22 22 0.54194865
22 24 0.13765847
103 103 0.84046937
149 149 0.85368372
51 50 0.03867340
51 52 0.02411979
51 51 0.86787034
19 19 0.54948003
19 17 0.00127217
19 21 0.06408814
19 18 0.20449010
19 20 0.10697535
70 69 0.00054026
70 70 0.78970144
115 115 0.99286041
123 123 0.75164494
126 126 0.71015267
78 78 0.99123927
65 66 0.00134398
65 65 0.83987696
65 64 0.00106167
40 41 0.37590913
40 39 0.16787623
40 40 0.34074332
40 42 0.00071357
160 160 0.95982317
120 120 0.90290614
11 13 0.00871758
11 10 0.00757014
11 12 0.03407116
11 11 0.90794341
16 18 0.01527818
16 16 0.64280365
16 17 0.12612878
16 15 0.10866442
16 19 0.00062446
53 54 0.00237816
53 53 0.84955185
53 52 0.01521752
158 158 0.52736395
47 46 0.07150334
47 47 0.55050608
47 48 0.23625846
47 49 0.00442041
89 89 0.87535252
24 22 0.00103812
24 23 0.19220199
24 25 0.10372658
24 26 0.06130551
24 24 0.55091871
43 43 0.40144854
43 42 0.13463410
43 44 0.31040617
43 45 0.00349578
62 62 0.81000149
62 63 0.00089187
106 106 0.84795223
5 4 0.00424132
5 7 0.00428669
5 6 0.03653155
5 5 0.57932903
153 153 0.90132805
153 154 0.00097065
41 41 0.34493017
41 40 0.16323199
41 43 0.00116963
41 42 0.36374720
25 24 0.17844100
25 27 0.07413465
25 26 0.09644868
25 25 0.56567273
25 23 0.00097065
28 28 0.61433385
28 29 0.07640197
28 27 0.14278610
28 30 0.13089192
144 144 0.39334105
143 143 0.41810422
157 157 0.51321397
68 68 0.99452501
68 67 0.00061862
154 155 0.00066507
154 154 0.68342654
63 63 0.50169691
63 64 0.00101036
76 76 0.56586523
137 137 0.69706075
129 129 0.97803810
109 109 0.88373346
139 139 0.93725360
84 85 0.00080276
84 84 0.93686190
159 159 0.52922481
88 88 0.87461479
88 87 0.00073055
48 49 0.16411993
48 48 0.56441340
48 50 0.00410276
48 47 0.06658735
122 122 0.98074125
31 30 0.13649714
31 31 0.55267654
31 33 0.08530079
31 32 0.08290620
38 39 0.34696882
38 40 0.00086064
38 37 0.14345113
38 38 0.31382222
66 65 0.00118273
66 67 0.00089447
66 66 0.78706534
58 58 0.75114538
20 19 0.20469883
20 22 0.09819335
20 20 0.53245422
20 18 0.00121929
20 21 0.11117040
52 51 0.02704090
52 52 0.94058291
52 53 0.01042338
80 80 0.99140514
