55 102 55 102 0.67065000
33 121 33 121 0.00865092
143 155 143 155 0.13839500
49 108 49 108 0.09455220
49 108 49 109 0.17060700
49 102 49 102 0.00242613
49 109 49 109 0.06783020
49 109 49 110 0.04582790
50 107 50 108 0.35380100
50 107 50 107 0.10534800
50 108 50 109 0.00857498
50 108 50 108 0.06943150
124 145 123 145 0.00090421
110 157 111 157 0.03773000
110 155 111 155 0.02104660
110 144 110 145 0.00130811
110 144 111 144 0.01320110
110 128 111 128 0.02449450
53 104 53 104 0.58999300
48 103 48 103 0.00757774
46 137 46 139 0.00739326
46 112 46 113 0.04017910
46 105 46 105 0.04597110
16 23 17 24 0.00087411
58 100 58 100 0.63734500
58 100 58 99 0.00050172
113 125 114 125 0.01421760
113 137 114 139 0.00640481
113 141 113 140 0.00180096
113 141 113 142 0.00172568
113 123 114 123 0.04906280
113 154 114 154 0.00692473
113 153 114 153 0.01792730
39 45 39 45 0.04943220
39 112 39 113 0.00979090
129 133 129 133 0.05673650
42 110 42 110 0.36206800
42 141 42 143 0.01155740
128 134 128 134 0.03750770
128 143 128 143 0.04238120
75 80 75 80 0.15607800
127 144 127 144 0.03243390
43 109 43 109 0.13366800
43 141 43 143 0.00165683
57 101 57 101 0.14492800
114 122 115 122 0.14802200
114 137 115 138 0.22940000
114 137 116 137 0.00841118
114 125 114 125 0.02004020
114 131 114 131 0.00734500
114 124 114 124 0.11692700
114 136 115 138 0.01562400
114 152 114 152 0.02078460
131 140 131 140 0.06636760
130 142 130 141 0.00223191
130 140 130 141 0.00069125
44 139 44 141 0.00629739
44 140 44 142 0.00119999
44 140 44 141 0.02892760
40 112 40 112 0.48132000
144 154 144 154 0.15381100
112 138 113 140 0.00159331
112 139 114 139 0.00099933
112 139 113 140 0.01922950
112 121 113 121 0.00061302
112 140 113 142 0.00051084
112 140 113 140 0.01015240
26 128 26 128 0.02692790
38 114 38 114 0.06552190
38 113 38 114 0.01251980
38 46 38 46 0.04459620
29 125 29 125 0.03104010
47 104 47 104 0.02045350
116 136 118 136 0.00063553
116 136 117 137 0.21773700
116 123 115 122 0.00155033
116 135 118 135 0.00734480
116 135 117 137 0.01305030
51 106 51 107 0.41287200
119 132 121 132 0.00806510
119 132 120 133 0.28266700
119 126 119 126 0.00600035
74 81 74 81 0.14476500
74 80 74 80 0.23513500
32 122 32 122 0.06985600
54 103 54 103 0.66344100
111 154 112 154 0.04258920
111 156 112 156 0.06885520
111 143 112 143 0.04709660
111 143 111 144 0.00179752
111 127 112 127 0.07512510
111 122 111 122 0.00240784
52 105 52 106 0.36656200
146 153 145 153 0.00272234
107 117 108 118 0.00082102
45 139 45 140 0.02298430
45 139 45 141 0.00061575
45 106 45 106 0.04431380
45 138 45 140 0.00625374
45 113 45 114 0.02421940
41 142 41 144 0.00467451
120 127 122 127 0.00082973
120 131 122 131 0.00942594
120 131 121 132 0.25508400
121 126 122 127 0.09404340
121 131 122 131 0.00079679
121 130 122 131 0.15383800
121 127 122 127 0.00149424
117 125 118 125 0.00102006
117 122 115 122 0.00068944
117 122 117 122 0.42941200
117 122 116 121 0.00206132
117 134 119 134 0.01128430
117 134 118 135 0.27167800
117 134 118 136 0.00355974
115 151 115 151 0.06002250
115 151 116 151 0.00629778
115 121 116 121 0.05242070
115 138 116 138 0.00218354
115 138 115 138 0.07509060
115 139 115 138 0.00053031
145 154 144 154 0.00135066
56 101 56 101 0.54254500
27 127 27 127 0.02792750
118 133 119 134 0.28157800
118 133 120 133 0.00828533
59 99 59 99 0.37707600
