38 49 38 49 0.06530800
29 126 29 126 0.00143704
29 132 29 132 0.00294955
47 114 47 114 0.06889320
72 86 72 86 0.60028200
76 82 76 82 0.87290100
51 107 51 106 0.04205500
51 105 51 106 0.00131938
147 151 147 151 0.93285100
116 132 116 132 0.05242720
116 135 116 135 0.23836500
116 126 116 126 0.02552770
74 82 74 82 0.04146810
74 81 74 81 0.00434746
119 126 119 126 0.02632010
119 132 119 132 0.29214200
54 104 54 103 0.00056026
54 103 54 103 0.63841500
32 122 32 122 0.14853100
111 128 110 128 0.00081873
52 106 51 106 0.00061983
52 106 52 105 0.03645100
52 104 52 105 0.00094994
71 87 71 87 0.60028100
106 118 106 118 0.00175670
107 117 107 117 0.00130797
18 22 17 22 0.00827608
8 155 8 155 0.00083461
8 30 8 30 0.29107300
45 116 45 116 0.03626080
45 112 45 113 0.00089950
41 46 41 46 0.37265700
41 128 41 128 0.00244245
41 133 41 133 0.00224223
41 155 41 155 0.00706436
66 93 66 93 0.59868100
7 31 7 31 0.73962900
63 96 63 96 0.59064600
15 25 15 24 0.03405480
121 130 121 130 0.16564600
121 131 121 131 0.05530200
121 135 121 135 0.00388880
12 27 12 27 0.10097900
139 159 139 159 0.26902100
115 133 115 133 0.20033600
115 122 114 122 0.00369123
117 125 117 125 0.03038330
117 134 117 134 0.18364400
117 131 117 131 0.03852380
122 130 121 130 0.00071879
9 29 9 29 0.39665800
145 154 145 154 0.11795700
56 101 56 101 0.31843600
65 94 65 94 0.59868200
118 133 118 133 0.23913100
27 134 27 134 0.00147198
70 88 70 88 0.61546900
70 89 70 89 0.11702200
64 95 64 95 0.69986200
14 25 13 25 0.00772415
14 25 14 24 0.06045670
10 28 10 28 0.39474100
34 39 34 39 0.07335700
59 99 59 99 0.68709600
17 23 16 23 0.00959896
17 23 17 22 0.03428590
55 102 55 102 0.63792700
33 40 33 40 0.05392380
33 121 33 121 0.01898590
49 108 49 108 0.19064900
49 108 49 109 0.00060902
49 110 49 109 0.00339147
49 111 49 112 0.00189847
49 109 49 108 0.03119240
49 109 49 109 0.42165700
143 155 143 155 0.37466900
143 150 143 150 0.00270396
140 158 140 158 0.35563100
50 108 50 107 0.03555570
50 108 50 108 0.14486800
50 109 50 108 0.00274827
50 107 50 107 0.34552600
50 107 50 108 0.00110132
73 83 73 83 0.03813240
73 85 73 85 0.67437700
124 138 124 138 0.06497580
109 139 108 139 0.00177813
109 139 109 139 0.17041900
110 138 109 138 0.00270774
110 138 110 138 0.33664700
28 133 28 133 0.00234488
53 104 53 104 0.58474600
132 139 132 139 0.01101350
1 155 1 155 0.00944476
48 112 48 113 0.00083455
16 24 16 23 0.12994200
16 24 15 24 0.00966025
46 115 46 115 0.23390600
46 111 46 110 0.00397996
46 111 46 112 0.00299516
58 100 58 100 0.58094200
129 133 129 133 0.05196030
13 26 13 25 0.05224450
13 26 13 26 0.44798900
31 42 31 42 0.02656140
39 48 39 48 0.18384700
39 135 39 135 0.00738992
39 45 39 45 0.03093350
39 130 39 130 0.00231023
113 125 113 125 0.01079820
113 136 114 136 0.00183207
113 136 113 136 0.44864200
113 154 113 154 0.00159791
42 132 42 132 0.00134125
42 127 42 127 0.01467120
42 154 42 154 0.00602006
128 143 128 143 0.00091122
128 134 128 134 0.03454070
77 84 77 84 0.00329932
77 85 77 85 0.00210373
11 27 11 27 0.23726600
75 81 75 81 0.01240470
75 82 75 82 0.03395990
75 80 75 80 0.00854839
61 97 61 97 0.92314900
57 101 57 101 0.43272000
43 126 43 126 0.00351117
43 153 43 153 0.00707690
43 131 43 131 0.00106278
114 134 114 134 0.07393380
114 152 114 152 0.00094639
114 124 114 124 0.02852600
114 123 113 123 0.00051950
131 140 131 140 0.00571362
131 144 131 144 0.00081795
3 154 3 154 0.00325410
78 84 78 84 0.00679637
78 83 78 83 0.00293708
130 145 130 145 0.00073652
40 47 40 47 0.19154500
40 156 40 156 0.01437040
40 134 40 134 0.00409697
40 44 40 44 0.03882750
40 45 40 45 0.03042920
40 129 40 129 0.00323887
123 139 123 139 0.01061170
123 133 123 133 0.01422240
142 156 142 156 0.71346600
30 125 30 125 0.00147770
30 131 30 131 0.00284942
144 154 144 154 0.32900900
67 92 67 92 0.59866600
112 154 111 154 0.00073751
112 136 113 136 0.00086735
112 127 111 127 0.00655202
108 140 108 140 0.01727970
