124 135 126 135 0.00081572
126 132 123 128 0.00053370
126 132 127 133 0.00139675
75 90 75 90 0.11891233
36 53 36 53 0.03809933
36 49 36 49 0.12417067
122 130 119 127 0.00557135
87 97 86 92 0.03688302
87 97 87 91 0.00059155
87 96 86 92 0.01510852
87 91 87 91 0.03498033
125 133 126 134 0.00072201
125 134 126 134 0.00056803
125 134 126 135 0.00216876
14 137 11 134 0.00212511
103 121 101 118 0.00123072
54 65 54 65 0.06279467
8 143 5 140 0.00217917
78 82 78 82 0.26511267
78 94 75 91 0.02049440
78 94 75 90 0.00101491
78 94 76 91 0.04934410
108 114 107 111 0.00102744
108 114 104 111 0.00338267
108 114 101 111 0.00342234
108 116 102 113 0.00136866
108 116 105 113 0.18761812
147 154 144 151 0.00098062
74 91 74 91 0.22597500
123 129 120 126 0.01085131
6 154 6 151 0.06560854
109 127 106 124 0.02327373
109 115 106 112 0.27177630
109 115 103 112 0.00373225
57 62 57 62 0.14138147
24 32 21 32 0.00088717
15 136 12 133 0.00146339
17 38 17 38 0.02316887
88 95 87 91 0.04470789
88 96 86 92 0.00067705
88 96 87 91 0.04845567
40 45 40 45 0.05604557
137 149 134 146 0.30300733
9 142 6 139 0.00227009
38 51 38 51 0.01558083
38 47 38 47 0.07592562
136 150 133 147 0.09058500
111 125 108 122 0.01198523
70 98 70 95 0.28475600
110 126 107 123 0.00290651
77 83 77 83 0.03188870
21 34 18 34 0.00124416
21 131 18 128 0.00069510
139 147 136 144 0.21285300
23 33 20 33 0.00112867
102 122 99 119 0.00593892
25 31 22 31 0.00114591
104 120 101 118 0.00061750
56 63 56 63 0.06917808
106 131 103 128 0.10195267
106 116 103 112 0.00051212
106 116 104 114 0.00080659
106 116 105 113 0.00317698
106 116 102 113 0.04961931
80 101 81 98 0.00529686
80 101 80 99 0.22830311
80 92 79 87 0.00981498
80 92 78 89 0.01379896
10 141 7 138 0.00228220
107 115 106 112 0.00449274
107 115 104 111 0.00129443
107 115 105 113 0.00082599
107 115 100 112 0.01214047
107 115 103 112 0.05009079
107 130 104 127 0.10191700
79 102 80 99 0.00268942
79 93 76 90 0.02211461
79 93 78 88 0.00925316
79 93 77 90 0.05203606
68 97 68 97 0.00292006
68 100 68 97 0.26299600
18 37 18 37 0.02272320
138 148 135 145 0.12158400
85 99 84 94 0.02869803
85 99 85 93 0.00070823
148 153 145 150 0.01326933
1 148 1 145 0.00192227
113 123 110 120 0.00187483
2 147 2 144 0.00520293
89 95 87 91 0.00061228
26 30 23 30 0.00156577
105 119 103 116 0.00074867
105 132 102 129 0.02673373
51 67 51 67 0.02441230
120 127 117 124 0.24441167
42 47 42 47 0.01993520
52 66 52 66 0.06590767
55 64 55 64 0.06879163
86 98 84 94 0.00054559
86 98 85 93 0.00890308
86 92 86 92 0.02345784
82 89 80 86 0.01150924
72 80 72 80 0.00740833
72 93 72 92 0.00149069
72 93 72 93 0.31299133
20 35 17 35 0.00050768
20 35 20 35 0.03544967
69 99 69 96 0.10558767
37 52 37 52 0.01046833
71 97 71 94 0.05490167
71 94 71 94 0.09143933
71 81 71 81 0.00105135
41 48 41 48 0.08207533
12 139 9 136 0.00224073
