76 108 76 108 0.11133291
11 20 11 20 0.00432884
11 106 11 106 0.00294980
11 68 11 68 0.09963863
11 77 11 77 0.00087629
31 53 30 51 0.00188857
80 103 80 103 0.48799941
80 103 79 104 0.00232764
80 103 81 102 0.00116649
10 21 10 21 0.00139200
10 69 10 69 0.20842374
90 94 90 94 0.09126401
90 97 88 95 0.00092850
84 98 85 98 0.00959319
84 98 85 95 0.00085402
84 96 84 96 0.00480911
85 97 86 97 0.00162179
85 95 85 95 0.00462067
85 95 85 98 0.00075093
18 72 18 72 0.00345671
121 145 121 145 0.31542082
79 104 78 105 0.00271835
79 104 79 104 0.46067669
128 137 128 137 0.34866668
128 137 128 136 0.00073562
128 136 128 136 0.01735024
67 73 67 73 0.01527981
22 61 22 61 0.06989710
22 61 22 59 0.01403409
127 138 127 137 0.00166985
127 138 127 139 0.00057377
120 146 120 146 0.31609648
118 148 118 148 0.25786093
114 152 114 152 0.31542323
113 153 113 153 0.37727537
89 98 88 95 0.01781722
2 11 2 11 0.00360472
2 157 2 157 0.01777737
72 78 72 78 0.00100305
82 100 82 101 0.00388759
82 101 81 102 0.00092949
82 101 82 101 0.44513992
82 101 83 100 0.00523591
86 97 86 97 0.25828419
86 94 87 96 0.00061378
86 94 86 94 0.00118808
20 63 20 61 0.00062469
20 63 20 63 0.06575983
7 65 7 65 0.00182005
7 16 7 16 0.01105986
7 13 7 13 0.00430721
7 74 7 74 0.08986788
7 157 7 157 0.01676917
37 49 35 47 0.00681082
12 105 12 105 0.00061379
12 67 12 67 0.08729667
12 76 12 76 0.00104805
41 45 39 43 0.00280766
41 45 39 44 0.01932049
112 154 112 154 0.31446329
119 147 119 147 0.38864801
66 74 66 74 0.01045197
87 96 87 96 0.35060855
125 141 125 141 0.20740039
64 76 64 76 0.00310156
83 100 82 101 0.00224427
83 100 83 100 0.32373914
14 74 14 74 0.00155219
14 19 14 19 0.01790115
14 65 14 65 0.08029567
14 21 14 21 0.02232398
73 111 73 111 0.00395836
73 77 73 77 0.00339339
73 110 73 110 0.00379500
75 109 75 108 0.00076149
75 108 75 108 0.07573389
126 140 126 140 0.13532275
126 139 126 139 0.15798481
122 144 122 144 0.25714111
32 52 31 51 0.00258618
32 52 32 50 0.07008810
123 143 123 143 0.44347309
74 110 74 110 0.02099837
13 66 13 66 0.09388033
13 22 13 22 0.01628417
13 20 13 20 0.01087259
13 75 13 75 0.00176543
6 158 6 158 0.03183929
6 66 6 66 0.00135692
6 14 6 14 0.00154061
6 72 6 72 0.01703762
6 75 6 75 0.06466320
6 17 6 17 0.00412118
81 102 80 103 0.00300851
81 102 81 102 0.38266453
81 102 82 101 0.00210408
24 59 24 57 0.13061212
65 75 65 75 0.00600168
3 10 3 10 0.00547386
3 20 3 20 0.00189051
78 106 78 105 0.02978713
78 105 78 105 0.36156674
8 18 8 18 0.00089338
8 70 8 70 0.03672307
8 156 8 156 0.00460305
8 12 8 12 0.00661142
8 73 8 73 0.07152998
8 15 8 15 0.00996186
8 64 8 64 0.00183728
5 67 5 67 0.00162584
5 76 5 76 0.05405772
108 158 108 158 0.09642133
116 150 116 150 0.38830996
38 48 36 46 0.01393269
15 20 15 20 0.03830080
88 99 87 96 0.03122393
88 99 86 97 0.00059653
88 95 88 95 0.35116173
88 95 87 96 0.00061261
17 73 17 73 0.00319356
115 151 115 151 0.31605616
63 77 63 77 0.00197921
129 137 129 137 0.01952980
129 136 129 136 0.14441129
129 135 129 135 0.06452933
39 47 37 45 0.04975869
23 60 23 58 0.03607311
111 155 111 155 0.29090992
111 156 110 156 0.00107083
111 156 111 156 0.00800642
111 156 109 156 0.00077224
4 76 4 76 0.00980986
4 77 4 77 0.05503635
4 68 4 68 0.00156939
70 76 70 76 0.00295024
110 157 106 153 0.00060345
110 157 110 157 0.02855288
110 156 110 156 0.18671813
21 62 21 62 0.18835846
