3 3 0.87206200
3 2 0.00164492
3 1 0.02051270
149 144 0.99922700
58 53 0.99975800
45 40 0.41329800
68 64 0.00242558
68 63 0.45460000
12 10 0.98828800
12 12 0.00064344
111 106 0.99112300
67 62 0.50616200
67 63 0.00724742
100 95 0.99108100
99 94 0.99107800
56 51 0.01698720
142 137 0.99112800
35 30 0.97997300
132 127 0.99099300
114 109 0.99081400
110 105 0.99111700
31 29 0.01831410
31 28 0.00981937
31 27 0.01942410
31 25 0.00096447
31 26 0.70258100
39 34 0.99109900
26 23 0.15211300
26 24 0.15894600
26 22 0.28356500
26 21 0.30119200
34 30 0.00136223
34 31 0.00156340
34 29 0.96658600
79 74 0.48953900
127 122 0.99101800
96 91 0.46145200
6 3 0.00256144
6 5 0.01554440
6 6 0.01014280
6 4 0.43327000
86 81 0.99912900
148 143 0.99088000
87 82 0.19291900
92 87 0.99967500
15 15 0.00067813
15 14 0.00230400
15 12 0.00936904
15 13 0.95552300
50 45 0.29316700
104 99 0.98956100
75 71 0.00175437
75 70 0.09330430
117 112 0.99111200
8 5 0.00073009
8 6 0.11269700
8 8 0.00510821
8 7 0.00097609
62 57 0.14938400
62 58 0.48281600
147 142 0.99089200
55 50 0.69011900
88 83 0.38451500
69 65 0.00168370
69 64 0.99225600
140 135 0.99112900
115 110 0.99086400
25 21 0.24309800
25 22 0.19750000
25 25 0.00063515
25 20 0.28607100
25 23 0.15901400
32 29 0.00304690
32 28 0.01351050
32 30 0.00748009
32 27 0.87302700
77 72 0.99824100
42 37 0.87758700
1 1 0.77096200
59 54 0.38051600
102 97 0.99064100
135 130 0.99109000
5 5 0.22074300
5 4 0.02012960
5 2 0.00117274
5 3 0.08755770
30 28 0.02867740
30 24 0.00152144
30 27 0.05892000
30 26 0.07289710
30 25 0.57632000
108 102 0.00053995
108 103 0.99057400
97 92 0.77627900
76 71 0.09097730
76 72 0.00141866
113 108 0.99087800
122 117 0.99105500
126 121 0.99082100
121 116 0.99111300
63 58 0.08782780
63 59 0.01278280
107 101 0.00092176
107 102 0.98994900
93 88 0.35251600
90 85 0.39966300
2 2 0.07111520
83 78 0.36502000
112 107 0.99109400
94 89 0.41330100
28 23 0.44175300
28 24 0.17839100
28 25 0.14349600
28 26 0.11306600
145 140 0.99110200
118 113 0.99107600
10 8 0.98545700
10 10 0.00089791
19 14 0.00918880
19 17 0.27774000
19 16 0.17071900
19 15 0.17037400
19 19 0.00187725
19 18 0.00181634
123 118 0.99088600
7 7 0.01459900
7 4 0.00323275
7 6 0.00720656
7 5 0.72728300
41 36 0.99111600
48 43 0.40118500
36 31 0.98802000
13 10 0.00145777
13 11 0.98680800
13 13 0.00062117
80 75 0.17185700
151 146 0.99990100
53 48 0.52215300
78 73 0.63217000
21 17 0.35061700
21 19 0.17281500
21 18 0.29402900
21 20 0.00146973
21 21 0.00181913
21 16 0.08421910
21 15 0.00081769
134 129 0.99109000
66 61 0.15694300
66 62 0.07253800
74 69 0.16815200
95 90 0.83418800
9 7 0.78790800
9 9 0.00188688
129 124 0.99106500
51 46 0.41862800
89 84 0.29316400
44 39 0.57708700
143 138 0.99112800
24 19 0.21395900
24 18 0.00078826
24 20 0.24255500
24 22 0.15250300
24 21 0.28875400
24 24 0.00074438
47 42 0.99959400
22 17 0.13177400
22 21 0.00148216
22 22 0.00142992
22 20 0.15509900
22 18 0.35302500
22 19 0.29749100
22 16 0.00060582
54 49 0.62681800
101 96 0.99089700
106 101 0.98986100
106 100 0.00090315
82 77 0.35723900
138 133 0.99111100
20 18 0.19126400
20 20 0.00190892
20 19 0.00167195
20 16 0.29508500
20 15 0.04518690
20 17 0.22485700
136 131 0.99105800
116 111 0.99107400
33 30 0.00224104
33 31 0.00125517
33 29 0.00310538
33 28 0.93888800
98 93 0.99104200
103 98 0.99058900
139 134 0.99113200
119 114 0.99101700
14 14 0.00062918
14 11 0.00252523
14 13 0.00107441
14 12 0.97637800
85 80 0.31748400
27 25 0.14975500
27 22 0.34774000
27 24 0.14581800
27 23 0.23502600
57 52 0.35723800
64 59 0.07905100
64 60 0.01505930
72 67 0.46103300
71 66 0.99298400
71 67 0.00086671
91 86 0.40119000
29 25 0.11885800
29 26 0.10072600
29 27 0.03930220
29 23 0.00053890
29 24 0.50416400
120 115 0.99111000
17 17 0.00106778
17 12 0.00137962
17 13 0.00606324
17 14 0.03560880
17 16 0.00366034
17 15 0.65469300
144 139 0.99110900
84 79 0.65111600
70 66 0.00164044
70 65 0.99295900
133 128 0.99106200
65 60 0.07836970
65 61 0.01133010
38 33 0.99095300
18 15 0.11373900
18 16 0.43394200
18 18 0.00148118
18 14 0.03184470
18 13 0.00253105
18 17 0.00256708
46 41 0.35250100
146 141 0.99107200
73 68 0.57878800
125 120 0.99077500
60 56 0.00355047
60 55 0.16832100
4 2 0.03774730
4 3 0.00497652
4 4 0.50943700
105 100 0.98943300
105 99 0.00117404
109 104 0.99104400
128 123 0.99097100
131 126 0.99111100
141 136 0.99113000
49 44 0.39966200
130 125 0.99111500
61 57 0.07362820
61 56 0.41605500
16 16 0.00071663
16 15 0.00340701
16 12 0.00215740
16 13 0.02389960
16 14 0.90980000
37 32 0.99044500
40 35 0.99111900
11 9 0.98863900
11 11 0.00068035
43 38 0.61477400
124 119 0.99090600
81 76 0.38076200
150 145 0.99928400
150 144 0.00051426
52 47 0.63651300
137 132 0.99099300
23 21 0.15231200
23 22 0.00082206
23 18 0.14718100
23 20 0.30246200
23 19 0.29947000
23 23 0.00110302
23 17 0.00064082
