26 37 26 37 0.03575820
31 36 28 34 0.00058451
88 94 88 94 0.01639828
28 34 28 34 0.23620762
28 38 25 35 0.04339080
2 14 2 14 0.21786725
2 14 3 14 0.00106666
5 14 4 13 0.04851631
91 95 91 95 0.03522144
89 97 89 97 0.04848643
49 57 46 54 0.03505978
49 57 46 55 0.00281448
24 29 21 26 0.00241189
24 33 24 33 0.00275598
24 38 24 36 0.00060062
25 38 22 35 0.00383984
25 38 25 35 0.00071999
25 38 25 38 0.01560290
23 39 23 37 0.00063973
23 39 21 36 0.00290329
23 35 22 35 0.00485187
50 56 47 53 0.12064635
21 38 21 38 0.09414339
21 31 20 28 0.00094366
27 38 24 35 0.01387423
20 37 20 37 0.06571025
30 37 27 35 0.00054556
30 37 27 34 0.11063876
14 40 12 37 0.00053254
1 15 1 15 0.21234184
1 15 2 15 0.00072971
90 96 90 96 0.05336786
