9 16 9 16 0.00784573
9 46 9 46 0.04737600
9 105 9 105 0.00530432
63 83 63 83 0.47213214
68 78 68 78 0.64087995
105 136 105 136 0.10112133
105 142 105 142 0.00514994
105 141 105 141 0.29670733
4 140 4 140 0.00316781
4 8 4 8 0.01604940
4 9 4 9 0.01277887
4 14 4 14 0.01638980
4 143 4 143 0.00844200
4 10 4 10 0.00992073
4 138 4 138 0.00429102
4 44 4 44 0.00755767
4 41 4 41 0.00558303
4 11 4 11 0.02109287
13 104 13 104 0.00308989
13 46 13 46 0.00594659
13 43 13 43 0.01746613
13 42 13 42 0.06995733
13 45 13 45 0.17781200
42 102 42 102 0.00598992
103 138 103 138 0.07461133
103 143 103 143 0.23732067
121 125 121 125 0.07075647
112 132 112 132 0.10656562
112 133 112 133 0.30658004
112 135 112 135 0.05145953
109 133 109 133 0.00680747
109 136 109 136 0.14671163
109 137 109 137 0.08562355
109 132 109 132 0.02446713
66 80 66 80 0.52541790
118 127 118 127 0.52541978
99 141 99 141 0.01781507
99 142 99 142 0.26750557
22 36 22 36 0.79353686
43 102 43 102 0.00565097
98 142 98 142 0.00173376
110 136 110 136 0.11273371
110 137 110 137 0.03124607
58 86 58 86 0.08186333
58 87 58 87 0.11440780
24 34 24 34 0.59263296
21 37 21 37 0.52541938
11 106 11 106 0.00104584
11 103 11 103 0.01061473
11 47 11 47 0.08472145
120 126 120 126 0.02180307
116 129 116 129 0.72387019
104 137 104 137 0.08912333
104 142 104 142 0.26743400
104 143 104 143 0.00577509
7 107 7 107 0.00142610
7 12 7 12 0.02020773
7 141 7 141 0.00168279
7 48 7 48 0.01352007
67 79 67 79 0.59263252
60 87 60 87 0.04196607
60 84 60 84 0.01602357
2 9 2 9 0.01008120
2 143 2 143 0.01079820
2 14 2 14 0.01435221
2 17 2 17 0.00699600
2 101 2 101 0.01437920
2 140 2 140 0.01795220
2 8 2 8 0.09610200
2 11 2 11 0.03100913
2 44 2 44 0.01501420
2 41 2 41 0.00379539
69 77 69 77 0.52541871
65 81 65 81 0.64086131
113 133 113 133 0.01015308
113 132 113 132 0.43839733
115 130 115 130 0.76293308
6 13 6 13 0.01711773
6 12 6 12 0.01080640
6 137 6 137 0.00117401
6 142 6 142 0.00355722
3 144 3 144 0.01880773
3 40 3 40 0.00134433
3 15 3 15 0.01691200
3 42 3 42 0.00680013
3 43 3 43 0.01068587
3 7 3 7 0.15855067
3 16 3 16 0.00880280
3 45 3 45 0.01131787
3 139 3 139 0.01091727
106 140 106 140 0.24455733
106 135 106 135 0.09644267
10 45 10 45 0.05268073
10 15 10 15 0.01122887
10 104 10 104 0.00927880
47 101 47 101 0.07213733
47 140 47 140 0.00258085
47 100 47 100 0.05192613
44 103 44 103 0.01098500
50 96 50 96 0.41133116
50 95 50 95 0.01147800
119 126 119 126 0.62036679
17 40 17 40 0.01939038
17 42 17 42 0.09344750
17 43 17 43 0.05287027
107 134 107 134 0.13423267
107 139 107 139 0.27874533
26 32 26 32 0.52148304
26 31 26 31 0.00406996
14 103 14 103 0.00451465
15 102 15 102 0.00760640
102 144 102 144 0.22802133
102 139 102 139 0.06473607
114 131 114 131 0.52541776
27 31 27 31 0.56373364
25 33 25 33 0.64087995
46 102 46 102 0.03719880
46 100 46 100 0.11643067
46 141 46 141 0.00316698
54 91 54 91 0.01062248
54 90 54 90 0.04846172
54 92 54 92 0.41438267
59 87 59 87 0.33051717
5 40 5 40 0.00255725
5 139 5 139 0.00277261
5 43 5 43 0.00962147
45 102 45 102 0.02606020
45 100 45 100 0.00865784
45 142 45 142 0.00470069
18 40 18 40 0.56248202
18 42 18 42 0.01842647
55 89 55 89 0.07841897
55 90 55 90 0.03560869
55 91 55 91 0.53910974
23 35 23 35 0.64087995
48 98 48 98 0.45381400
40 48 40 48 0.00056116
57 88 57 88 0.04083687
57 89 57 89 0.28912178
57 90 57 90 0.14701497
1 12 1 12 0.03262207
1 141 1 141 0.03383453
1 18 1 18 0.00220177
1 102 1 102 0.01214287
1 9 1 9 0.09845600
51 95 51 95 0.44174828
41 103 41 103 0.00292728
41 47 41 47 0.00512001
20 38 20 38 0.59057496
20 40 20 40 0.00289596
111 133 111 133 0.04418237
111 136 111 136 0.07812067
111 137 111 137 0.00265236
52 94 52 94 0.47304800
71 75 71 75 0.59262430
61 88 61 88 0.00988753
64 82 64 82 0.58665050
19 39 19 39 0.51977571
19 41 19 41 0.00605666
117 128 117 128 0.64087995
53 91 53 91 0.01496593
53 93 53 93 0.75941913
53 92 53 92 0.00769660
108 136 108 136 0.00331915
108 133 108 133 0.08100600
108 137 108 137 0.18851867
70 76 70 76 0.52541831
8 47 8 47 0.03185220
8 106 8 106 0.00216075
12 105 12 105 0.00229541
12 45 12 45 0.01058218
12 43 12 43 0.05621893
12 47 12 47 0.00416467
12 46 12 46 0.16068750
56 88 56 88 0.11116218
62 84 62 84 0.54365703
62 87 62 87 0.00506636
49 97 49 97 0.40337943
