83 83 0.59328033
83 80 0.04509447
83 81 0.00996970
83 84 0.05982657
83 79 0.00068365
83 82 0.03499155
81 78 0.00228571
81 81 0.49712436
81 80 0.01426592
81 82 0.03983991
81 79 0.00357965
78 78 0.56352985
78 77 0.00162244
78 75 0.00098224
78 79 0.02857043
78 76 0.00064618
31 31 0.75933202
120 117 0.08507869
120 120 0.69203254
150 151 0.00143487
150 150 0.76034645
136 133 0.00139258
136 136 0.57777126
21 21 0.65887024
154 154 0.99542833
47 46 0.00400891
47 47 0.70919714
133 130 0.05857832
133 131 0.00088592
133 133 0.69036012
85 86 0.12939000
85 85 0.73065493
85 82 0.01773025
85 83 0.00489318
85 81 0.00239486
85 84 0.03099370
28 29 0.00068434
28 27 0.00061972
28 28 0.59316787
122 119 0.00632675
122 122 0.90761960
104 103 0.00678997
104 105 0.00225081
104 101 0.00165784
104 104 0.63142616
35 34 0.00131447
35 35 0.98212821
72 71 0.00141407
72 72 0.26563649
72 70 0.00151897
72 73 0.02861092
99 97 0.00060282
99 100 0.00672972
99 98 0.01651537
99 96 0.08546575
99 99 0.64485821
9 12 0.00093420
9 11 0.04898419
9 10 0.00323880
9 9 0.78095212
9 8 0.00103366
69 70 0.01484686
69 69 0.50031270
69 67 0.09159173
59 60 0.00427147
59 58 0.02049765
59 57 0.00935543
59 59 0.63058457
63 61 0.00187336
63 63 0.67953900
6 7 0.01371505
6 8 0.00245854
6 6 0.94764547
153 153 0.60710826
153 154 0.00066936
126 123 0.08074024
126 126 0.83489799
79 78 0.00134155
79 80 0.02821681
79 76 0.02852106
79 77 0.00104959
79 79 0.45088382
4 4 0.74928434
4 5 0.00098364
24 24 0.76785189
7 7 0.87648733
7 9 0.01001873
7 8 0.01130081
7 6 0.00105814
80 77 0.01527965
80 79 0.00317280
80 81 0.03368128
80 80 0.39747430
80 78 0.00458638
57 55 0.00067811
57 58 0.00312022
57 57 0.91104632
57 56 0.00171886
39 39 0.70443833
73 74 0.02892111
73 71 0.05821358
73 72 0.00215492
73 70 0.00130852
73 73 0.46202133
111 108 0.07961850
111 111 0.85109988
111 112 0.00102372
111 109 0.00486845
111 110 0.05045058
45 45 0.91040079
45 44 0.00368516
112 110 0.00056003
112 113 0.00072688
112 109 0.00860257
112 111 0.04454939
112 112 0.61207991
15 15 0.65081950
15 17 0.05267390
15 14 0.00144545
16 15 0.00109337
16 16 0.68037418
16 18 0.01713026
110 107 0.07974987
110 108 0.00479124
110 111 0.00147475
110 109 0.05135234
110 110 0.85935629
33 33 0.96460980
64 62 0.04839673
64 64 0.65588033
148 149 0.00066649
148 148 0.73348110
56 57 0.00295994
56 56 0.80601475
56 55 0.00076797
56 54 0.00068402
19 19 0.65316226
26 26 0.61409531
44 44 0.80933395
44 43 0.00264380
123 120 0.02291537
123 123 0.90358458
49 49 0.62760988
49 48 0.00545320
90 91 0.10856916
90 90 0.80042277
90 87 0.00879233
90 88 0.01009295
90 89 0.04402923
90 92 0.00050697
90 86 0.00054049
41 41 0.71660136
8 11 0.00102082
8 9 0.01132974
8 10 0.03842962
8 7 0.00078690
8 8 0.86065256
115 115 0.67602046
115 114 0.00155824
115 112 0.00159481
116 115 0.00060536
116 116 0.55106911
116 113 0.02419853
144 144 0.52778349
42 41 0.00128525
42 42 0.91775900
142 142 0.76919383
121 118 0.00163388
121 121 0.90753913
50 49 0.00662720
50 48 0.00101609
50 50 0.75773020
108 107 0.05165294
108 109 0.00151482
108 106 0.00439334
108 108 0.85860820
108 105 0.08014889
130 127 0.00176120
130 130 0.76398530
82 80 0.00313035
82 81 0.02561787
82 83 0.04830785
82 82 0.55153199
82 79 0.03347921
32 32 0.98919507
139 139 0.68645824
27 28 0.00060320
27 27 0.55032887
98 96 0.00163867
98 99 0.02857438
98 98 0.79484304
98 95 0.00224164
98 97 0.05939200
105 102 0.00073540
105 104 0.04142126
105 106 0.00183040
105 105 0.52504194
13 15 0.04254429
13 13 0.85988075
13 12 0.00144879
129 126 0.08505924
129 129 0.90842107
55 55 0.52193325
55 54 0.00068577
55 53 0.00068524
55 56 0.00164666
114 111 0.00070216
114 114 0.56891366
114 113 0.00682803
118 118 0.47691896
118 115 0.00165672
76 74 0.02095013
76 77 0.02848606
76 76 0.70453536
76 73 0.03666042
131 128 0.02478979
131 131 0.88999984
37 36 0.00094787
37 37 0.96048845
53 52 0.00198252
53 53 0.58088385
66 64 0.10843810
66 66 0.72776963
89 89 0.69606633
89 88 0.03810918
89 86 0.00815780
89 85 0.00104041
89 90 0.10868795
89 87 0.01055706
138 138 0.68722678
93 92 0.04701190
93 93 0.66702568
93 94 0.10886539
93 95 0.00116498
93 91 0.00695478
93 90 0.02658762
141 141 0.67936952
87 85 0.00508131
87 86 0.04017355
87 88 0.11863646
87 87 0.70486599
87 83 0.00270477
87 84 0.01133118
84 82 0.00600642
84 85 0.05989640
84 84 0.44185363
84 83 0.04292758
84 80 0.00290853
84 81 0.03918602
107 107 0.62557724
107 104 0.08086019
107 106 0.04993380
107 105 0.00374512
107 108 0.00147464
128 125 0.08498737
128 128 0.90822069
60 59 0.00364139
60 58 0.01756714
60 60 0.61030867
68 69 0.00828672
68 68 0.52468592
68 66 0.10609716
92 94 0.00090763
92 89 0.01231289
92 92 0.66195186
92 93 0.10725689
92 90 0.00756677
92 91 0.04521323
62 60 0.00176987
62 62 0.57316471
96 96 0.70383046
96 95 0.06458044
96 94 0.00461934
96 97 0.10560492
96 93 0.01325605
25 25 0.62752982
119 116 0.00165666
119 119 0.55284302
145 145 0.56558155
135 133 0.00255634
135 134 0.00077239
135 135 0.63130939
135 132 0.01468217
86 85 0.03925679
86 86 0.68904114
86 82 0.00252980
86 87 0.13623811
86 83 0.01335299
86 84 0.00509476
146 146 0.72037918
52 50 0.00391921
52 51 0.00182644
52 52 0.56851131
88 85 0.01018165
88 86 0.00555799
88 89 0.10562333
88 88 0.79428660
88 87 0.03615803
88 84 0.00292990
2 3 0.00344136
2 2 0.60383102
149 149 0.46010197
149 150 0.00077174
1 1 0.98162096
97 96 0.07114859
97 98 0.04232423
97 95 0.00321806
97 94 0.00808262
97 97 0.64933401
14 13 0.00145723
14 16 0.04249766
14 14 0.81364449
147 147 0.69087187
11 11 0.79011778
11 10 0.00167902
11 12 0.00073696
11 13 0.03742706
91 90 0.04549012
91 91 0.77433173
91 92 0.10760781
91 89 0.00757114
91 88 0.01702818
91 93 0.00069169
38 38 0.75515205
38 37 0.00068866
71 72 0.00145468
71 71 0.51798766
71 69 0.00185911
74 73 0.00129411
74 75 0.02919202
74 72 0.04537493
74 74 0.81107489
74 71 0.01300492
43 42 0.00157290
43 43 0.89068117
137 137 0.58290875
94 92 0.00667907
94 93 0.04968888
94 94 0.71415425
94 95 0.10951631
94 91 0.01236655
94 96 0.00092997
54 54 0.49233230
54 53 0.00399031
132 130 0.00054185
132 129 0.03330594
132 132 0.58202022
109 107 0.00460232
109 108 0.05144514
109 110 0.00152811
109 106 0.07998249
109 109 0.85920464
106 107 0.00154965
106 105 0.04803873
106 103 0.00911429
106 106 0.40958184
75 72 0.02480399
75 73 0.03266547
75 76 0.02889606
75 75 0.61521970
117 117 0.52937028
117 114 0.00104361
152 152 0.83722908
152 153 0.00128987
20 20 0.63984245
5 5 0.51868251
5 6 0.00089717
10 12 0.10707580
10 13 0.00095628
10 9 0.00157478
10 10 0.81440094
10 11 0.00270494
134 133 0.00059681
134 134 0.68383094
134 131 0.01795135
134 132 0.00685277
29 29 0.75695240
29 28 0.00069924
29 30 0.00089166
48 47 0.00421654
48 48 0.66141490
77 78 0.02882818
77 74 0.01964263
77 77 0.56101652
151 152 0.00148618
151 151 0.82226497
61 60 0.00134545
61 59 0.08198912
61 61 0.82797192
67 65 0.10731469
67 67 0.77298858
67 68 0.00172621
58 58 0.87888867
58 59 0.00323931
58 57 0.02130049
58 56 0.00296472
127 127 0.81527688
127 124 0.02318364
30 30 0.70689764
30 29 0.00090577
40 40 0.75447540
34 34 0.98190076
34 33 0.00082303
70 68 0.04226739
70 70 0.46796675
70 71 0.00929955
46 46 0.98111781
46 45 0.00394093
140 140 0.83296370
18 20 0.00081187
18 18 0.88006662
95 96 0.10942605
95 93 0.00528837
95 97 0.00067576
95 92 0.05123025
95 94 0.05820866
95 95 0.70687411
22 22 0.61931859
12 14 0.01881647
12 12 0.85740345
12 11 0.00161926
125 125 0.90106855
125 122 0.04870400
36 35 0.00128530
36 36 0.98316342
102 103 0.00065254
102 101 0.00076563
102 99 0.00104716
102 102 0.52542887
3 4 0.00377541
3 3 0.80779647
101 102 0.00193478
101 98 0.00166771
101 100 0.00093872
101 101 0.47179904
100 101 0.00346349
100 100 0.54221490
100 99 0.00311960
100 97 0.00171278
65 65 0.66272618
65 63 0.10955307
143 143 0.88248980
51 51 0.48224883
51 49 0.00154443
51 50 0.00721855
103 102 0.00123713
103 104 0.00083564
103 100 0.02474386
103 103 0.54345068
17 16 0.00074144
17 17 0.84803983
17 18 0.00082402
17 19 0.00262567
23 23 0.50191245
124 121 0.08228979
124 124 0.90362903
113 111 0.00474813
113 112 0.04018549
113 113 0.43229329
113 110 0.07977841
