109 118 109 118 0.08410860
65 97 65 97 0.37596600
33 39 33 39 0.09990550
2 103 2 103 0.23864900
9 61 9 61 0.85650900
14 54 14 54 0.97753000
12 55 12 55 0.00274870
12 58 12 58 0.66634500
4 101 4 101 0.23265700
17 51 17 51 0.59864200
71 90 71 90 0.27820000
124 136 124 136 0.69845600
78 86 78 86 0.25985000
70 91 70 91 0.27820500
69 93 69 93 0.54724300
69 92 69 92 0.06836900
31 41 31 41 0.01785490
31 35 31 35 0.03252960
31 38 31 38 0.28358000
20 48 20 48 0.63956800
20 47 20 47 0.06188430
110 118 110 118 0.04715090
110 117 110 117 0.10479400
7 64 7 64 0.02943410
8 62 8 62 0.63963900
24 44 24 44 0.82238600
11 59 11 59 0.66818200
10 60 10 60 0.66818300
13 57 13 57 0.97349900
120 140 120 140 0.70819700
63 99 63 99 0.70951900
68 94 68 94 0.32009000
123 137 123 137 0.87867600
19 49 19 49 0.68247100
19 48 19 48 0.01796460
5 62 5 62 0.02530780
5 100 5 100 0.31198800
121 139 121 139 0.70819600
18 50 18 50 0.69602500
18 49 18 49 0.01131840
80 84 80 84 0.31860700
119 141 119 141 0.60347300
79 85 79 85 0.35583900
23 45 23 45 0.82332800
76 87 76 87 0.07829900
66 96 66 96 0.92643500
29 39 29 39 0.18899500
29 37 29 37 0.03720990
16 52 16 52 0.59866700
107 114 107 114 0.23822700
64 98 64 98 0.35134200
30 40 30 40 0.11617900
30 36 30 36 0.16266800
34 38 34 38 0.02595770
34 41 34 41 0.00638589
122 138 122 138 0.70819600
1 104 1 104 0.23502800
35 40 35 40 0.03425140
27 40 27 40 0.50171100
27 36 27 36 0.02248150
32 37 32 37 0.35271900
67 95 67 95 0.37910200
28 39 28 39 0.11673000
28 35 28 35 0.01041910
15 53 15 53 0.69845200
77 87 77 87 0.30306700
72 89 72 89 0.37279800
