56 160 56 160 0.02694988
33 48 32 48 0.00053090
115 122 115 122 0.00095388
22 56 22 56 0.30869885
22 58 22 58 0.02432200
22 55 22 55 0.00771029
22 59 22 59 0.02253834
22 26 22 26 0.00426945
22 64 22 64 0.00607539
94 126 94 126 0.62273888
69 156 69 156 0.05524351
69 158 69 158 0.03000154
38 45 38 45 0.04975233
38 43 38 43 0.04241541
95 125 95 125 0.51120176
71 156 71 156 0.64520117
21 27 21 27 0.00230385
21 61 21 61 0.06598923
39 43 39 43 0.05680192
77 85 77 85 0.03621875
77 150 77 150 0.36898949
18 63 18 63 0.04635573
18 62 18 62 0.02388207
76 86 76 86 0.01905996
76 151 76 151 0.35049300
53 61 53 61 0.00386279
53 63 53 63 0.00152393
53 62 53 62 0.00327092
16 22 16 22 0.08340496
1 59 1 59 0.01355730
1 157 1 157 0.00206813
1 26 1 26 0.00154715
1 14 1 14 0.48988852
64 160 64 160 0.18239086
68 160 68 160 0.01223914
68 158 68 158 0.03527049
58 158 58 158 0.00768687
130 151 130 151 0.03515682
90 129 90 129 0.20705111
31 49 31 49 0.64438470
2 13 2 13 0.50162345
2 58 2 58 0.00600879
2 25 2 25 0.00075915
52 62 52 62 0.00103694
52 63 52 63 0.00113365
24 55 24 55 0.00685753
24 54 24 54 0.50599417
24 159 24 159 0.00199712
24 62 24 62 0.00389532
20 28 20 28 0.00065142
20 62 20 62 0.05606204
20 61 20 61 0.04112845
30 50 30 50 0.50264150
17 21 17 21 0.06487795
116 121 116 121 0.00491798
92 133 92 133 0.02228186
85 131 85 131 0.03044359
133 148 133 148 0.01861444
133 147 133 147 0.43459059
70 158 70 158 0.04156519
70 160 70 160 0.00430075
80 86 80 86 0.11098452
80 85 80 85 0.03605219
80 87 80 87 0.03766923
134 146 134 146 0.72775238
134 147 134 147 0.00370936
59 160 59 160 0.02360934
32 48 32 48 0.39158400
106 114 106 114 0.57581424
106 113 106 113 0.03999153
34 47 34 47 0.45367022
34 46 34 46 0.07877670
27 53 27 53 0.58206268
135 145 135 145 0.82647418
37 41 37 41 0.03003601
37 43 37 43 0.12142753
37 45 37 45 0.24899875
105 115 105 115 0.51845936
131 148 131 148 0.02943234
131 150 131 150 0.08295324
65 159 65 159 0.27690973
54 60 54 60 0.01154216
73 154 73 154 0.72446188
73 89 73 89 0.00187852
23 55 23 55 0.50996665
23 54 23 54 0.00968144
23 63 23 63 0.00837373
3 57 3 57 0.00273859
3 12 3 12 0.62934395
103 117 103 117 0.62470028
136 144 136 144 0.82573475
75 152 75 152 0.48978433
74 88 74 88 0.00966353
74 153 74 153 0.40671363
129 152 129 152 0.02199547
61 158 61 158 0.00722172
13 22 13 22 0.00393571
66 158 66 158 0.36451769
66 160 66 160 0.02582766
91 134 91 134 0.00294392
14 21 14 21 0.02372725
79 148 79 148 0.23352816
67 158 67 158 0.02402381
67 160 67 160 0.00939347
128 153 128 153 0.00920587
86 131 86 131 0.02194686
86 130 86 130 0.02703093
98 105 98 105 0.00055395
98 122 98 122 0.51770118
57 159 57 159 0.03888070
5 10 5 10 0.51945376
104 116 104 116 0.51235042
19 61 19 61 0.02118952
19 63 19 63 0.05121400
19 62 19 62 0.04204033
99 121 99 121 0.51221306
99 104 99 104 0.00283904
87 130 87 130 0.02562120
35 46 35 46 0.36264012
28 52 28 52 0.61668234
4 11 4 11 0.63600871
60 159 60 159 0.02552930
29 51 29 51 0.50693303
82 87 82 87 0.07573177
89 130 89 130 0.12234815
88 128 88 128 0.05536308
88 132 88 132 0.05384929
