58 58 0.20240899
58 73 0.00057970
58 56 0.00094935
58 57 0.00189089
77 77 0.76978170
77 76 0.01516458
77 79 0.01625563
77 74 0.00281402
77 80 0.01159794
77 75 0.00455270
77 78 0.02173244
9 6 0.00711254
9 9 0.83672456
9 5 0.00088093
73 74 0.02618574
73 71 0.00406151
73 75 0.01643074
73 73 0.62060974
73 70 0.00091433
73 76 0.00220613
73 72 0.01736232
127 122 0.00100980
127 136 0.00097927
127 131 0.00456064
127 118 0.01501444
127 120 0.00832181
127 133 0.00567288
127 127 0.31428606
127 126 0.00100733
127 130 0.00643051
127 129 0.00880646
127 134 0.00117065
127 121 0.00173942
127 132 0.00230931
127 124 0.00222481
127 123 0.00052501
127 128 0.00090523
127 119 0.01104420
127 125 0.02646695
56 71 0.00081365
56 54 0.00185517
56 56 0.55732078
56 57 0.00246153
56 55 0.00211104
151 151 0.48128931
151 148 0.00162101
151 149 0.00094537
151 159 0.00061510
151 156 0.00064893
151 155 0.00055966
151 157 0.00066565
114 123 0.00992405
114 111 0.01957838
114 113 0.00841197
114 103 0.00055131
114 119 0.00075416
114 121 0.01057702
114 108 0.03340486
114 116 0.00727930
114 115 0.01018153
114 120 0.01094113
114 118 0.00679454
114 105 0.00293470
114 112 0.01379606
114 117 0.03262411
114 109 0.00732297
114 114 0.73014865
109 112 0.02773147
109 105 0.00158171
109 109 0.34215845
109 114 0.00106261
109 107 0.02329034
109 115 0.00077303
109 118 0.00644846
109 108 0.02034076
109 106 0.02864320
109 110 0.04649250
109 116 0.00425804
109 104 0.00057318
109 111 0.01307658
109 103 0.00070010
109 113 0.00070229
101 104 0.01209986
101 111 0.00070663
101 102 0.01508401
101 103 0.01172039
101 99 0.01870463
101 108 0.00118628
101 106 0.00134337
101 110 0.00659696
101 100 0.00916420
101 98 0.01025985
101 96 0.00272471
101 112 0.00056469
101 105 0.00703343
101 101 0.21095384
101 97 0.00597845
101 107 0.00889588
107 100 0.00298416
107 98 0.00436537
107 107 0.43771356
107 101 0.00696300
107 109 0.06018037
107 114 0.00578554
107 105 0.00918397
107 113 0.02495321
107 103 0.00061160
107 102 0.00050669
107 104 0.00321974
107 111 0.00614007
107 110 0.05425369
107 116 0.00299848
107 106 0.02238305
107 108 0.01946141
107 99 0.01585346
27 26 0.00095350
27 15 0.00257836
27 30 0.00107935
27 24 0.00066329
27 27 0.49695242
27 16 0.00084789
27 42 0.00078549
27 23 0.00148893
144 148 0.01592751
144 136 0.00101373
144 144 0.63220820
144 143 0.00103158
144 151 0.00076064
144 145 0.00404479
144 149 0.00417330
144 150 0.00407980
144 154 0.00374663
144 152 0.00301964
144 142 0.00151372
144 139 0.00092880
144 146 0.00257620
144 155 0.00058875
144 153 0.00636466
144 147 0.04962522
124 118 0.00263404
124 120 0.00125706
124 133 0.00384663
124 115 0.02045205
124 131 0.00408990
124 126 0.01393799
124 127 0.00206016
124 117 0.00207541
124 122 0.00504743
124 123 0.00082517
124 124 0.26891883
124 132 0.00061047
124 125 0.00183183
124 119 0.00212208
124 128 0.00119728
124 121 0.00268160
124 129 0.00119986
124 130 0.00212310
124 116 0.00520401
137 128 0.00059878
137 137 0.34312018
137 132 0.00711320
137 138 0.00792777
137 141 0.00706553
137 134 0.00181645
137 129 0.00055589
137 142 0.02370448
137 130 0.00064735
137 139 0.00791357
137 135 0.02522530
137 133 0.00802808
137 131 0.00381810
137 140 0.02189925
137 136 0.00946277
95 104 0.00075903
95 95 0.22084596
95 106 0.00206023
95 99 0.00411377
95 93 0.00248353
95 100 0.00176142
95 98 0.00514911
95 94 0.02596820
95 101 0.00053061
95 97 0.01759118
95 96 0.02082477
95 92 0.00122480
74 75 0.02632704
74 71 0.00125765
74 74 0.88109450
74 72 0.02506139
74 76 0.01651852
74 77 0.00285589
74 73 0.02117071
75 76 0.02713609
75 72 0.00206042
75 73 0.02510706
75 77 0.00330612
75 78 0.00464262
75 74 0.02055017
75 75 0.87569458
99 103 0.01268582
99 95 0.00167579
99 102 0.00912896
99 104 0.00274432
99 110 0.00127578
99 106 0.00137381
99 108 0.00247614
99 99 0.40525861
99 98 0.03241280
99 100 0.00949632
99 107 0.00505982
99 97 0.00974098
99 101 0.01747383
99 105 0.00119775
99 96 0.00566411
108 103 0.00054209
108 104 0.00087255
108 111 0.04502950
108 102 0.00840975
108 106 0.02689355
108 110 0.04739845
108 99 0.00132682
108 108 0.22915297
108 100 0.00612510
108 115 0.00511654
108 101 0.00096672
108 109 0.03109845
108 114 0.02694172
108 107 0.01890986
108 117 0.00356916
108 112 0.00109398
108 105 0.00718996
81 78 0.00794920
81 81 0.24703354
81 80 0.00118392
81 82 0.00282499
81 83 0.00124536
81 79 0.00124893
48 47 0.00388146
48 64 0.00065221
48 48 0.65765507
150 158 0.00466483
150 159 0.00087564
150 150 0.83024169
150 156 0.00244428
150 147 0.00299508
150 157 0.00169045
150 148 0.00110799
150 149 0.00090744
39 39 0.59568438
39 55 0.00108974
26 30 0.00103203
26 25 0.00066282
26 27 0.00123981
26 26 0.46047004
26 15 0.00242433
26 23 0.00138766
26 22 0.00086641
26 14 0.00206256
26 16 0.00065150
120 124 0.00102824
120 111 0.00476560
120 123 0.00388687
120 128 0.01052545
120 119 0.01335678
120 113 0.00450519
120 125 0.00129638
120 129 0.01202510
120 121 0.01154479
120 116 0.00070128
120 118 0.03096220
120 120 0.18993848
120 115 0.00105209
120 127 0.00560263
120 126 0.00146194
120 112 0.00057886
120 114 0.01992082
120 122 0.00563037
120 117 0.00348230
135 129 0.00507135
135 142 0.00161723
135 130 0.00562462
135 139 0.00617421
135 134 0.00467053
135 138 0.01019576
135 141 0.00182298
135 137 0.01112272
135 132 0.00591091
135 128 0.00082273
135 136 0.00824771
135 140 0.01966539
135 131 0.00764649
135 133 0.03276493
135 135 0.63236262
135 127 0.00086314
135 126 0.00234841
34 34 0.85269777
93 95 0.01718049
93 94 0.01093377
93 90 0.00403891
93 89 0.00483838
93 93 0.21502558
93 92 0.00677455
93 91 0.00460458
93 96 0.00062532
93 97 0.00069680
20 14 0.00073474
20 10 0.00101869
20 21 0.01367930
20 19 0.00704954
20 12 0.00340714
20 8 0.00099413
20 15 0.00054176
20 13 0.00181145
20 9 0.00125001
20 35 0.00136732
20 20 0.62329756
28 13 0.00086768
28 28 0.51653506
28 14 0.00056850
28 44 0.00058677
28 12 0.00116423
28 43 0.00089965
64 63 0.00401907
64 65 0.02109094
64 76 0.00100932
64 64 0.24093129
64 66 0.00089510
35 35 0.89565719
35 34 0.00585348
37 37 0.33549866
132 133 0.00290440
132 131 0.00166985
132 126 0.00527877
132 127 0.00262253
132 135 0.00280606
132 140 0.00129413
132 136 0.00872542
132 123 0.00589082
132 132 0.60011541
132 124 0.00081042
132 137 0.00651669
132 125 0.00182495
132 128 0.00453343
132 134 0.01142626
132 139 0.00075853
132 130 0.01427616
132 129 0.00630569
132 138 0.00390649
102 100 0.01725875
102 98 0.00311239
102 105 0.01339193
102 96 0.00133697
102 97 0.00192589
102 107 0.00076564
102 101 0.01146394
102 109 0.00299229
102 114 0.00055130
102 102 0.20123348
102 104 0.00741508
102 111 0.00702416
102 103 0.01235529
102 108 0.00801761
102 99 0.00528292
102 110 0.00210069
102 106 0.00457821
71 71 0.67699117
71 74 0.00121069
71 70 0.01911245
71 69 0.02592501
71 73 0.00272320
71 72 0.01769531
153 154 0.00125535
153 150 0.00111411
153 156 0.00073556
153 147 0.00354941
153 153 0.46712513
153 148 0.00514134
153 149 0.00086671
79 77 0.02417007
79 76 0.00641087
79 80 0.00726548
79 83 0.00136868
79 82 0.01160945
79 79 0.26516536
79 78 0.00773385
79 81 0.00119842
103 106 0.01494901
103 110 0.00666893
103 99 0.00147358
103 108 0.00073673
103 103 0.25976158
103 104 0.00893082
103 111 0.00190454
103 102 0.00881378
103 109 0.00201300
103 101 0.01180466
103 97 0.00117142
103 107 0.00159320
103 112 0.00672703
103 105 0.01212073
103 100 0.00397759
103 98 0.00203480
103 115 0.00058910
139 132 0.00057574
139 137 0.00504372
139 141 0.00296452
139 138 0.00416706
139 139 0.34543063
139 142 0.01144643
139 134 0.00258544
139 135 0.00377930
139 133 0.00237759
139 136 0.00089557
139 144 0.00741642
139 140 0.00822911
40 40 0.35913548
40 56 0.00099848
78 78 0.68363382
78 81 0.00824714
78 75 0.00460364
78 80 0.00234594
78 79 0.00775460
78 76 0.02404646
78 77 0.01334045
23 12 0.00089499
23 23 0.40718277
23 22 0.00157499
23 14 0.00057132
23 17 0.00100214
23 16 0.00142914
23 29 0.00054580
23 30 0.00269766
23 24 0.01061235
23 27 0.00101514
23 26 0.00186852
23 15 0.00659604
23 13 0.00112695
60 59 0.00076373
60 72 0.00071616
60 60 0.29411573
138 141 0.03935647
138 138 0.33269862
138 134 0.00643971
138 142 0.00766631
138 139 0.01057422
138 132 0.00333706
138 137 0.00548426
138 140 0.00572015
138 136 0.02557366
138 143 0.02633123
138 135 0.00167177
138 133 0.00466116
138 131 0.00063346
110 112 0.00833886
110 101 0.00218508
110 109 0.02144805
110 114 0.00397000
110 107 0.02061006
110 117 0.00173101
110 115 0.00095811
110 99 0.00053402
110 108 0.00812829
110 106 0.00104783
110 116 0.01376522
110 110 0.56666589
110 104 0.02378487
110 111 0.03754507
110 102 0.00567064
110 103 0.00202788
110 119 0.00424623
110 113 0.01287404
69 71 0.01700053
69 72 0.00058444
69 68 0.01479903
69 70 0.01767694
69 69 0.50072706
131 126 0.00188634
131 135 0.00926179
131 127 0.00430016
131 133 0.02127683
131 131 0.53205983
131 136 0.00514420
131 122 0.00651445
131 125 0.00358904
131 128 0.00228214
131 123 0.00167558
131 137 0.00464815
131 124 0.00402139
131 132 0.00159297
131 138 0.00213971
131 134 0.00196951
131 129 0.01998242
131 139 0.00067526
131 130 0.00221554
18 18 0.48298984
18 13 0.00183686
18 12 0.00065639
18 8 0.00121151
18 19 0.01553926
18 17 0.01516955
18 14 0.00059360
133 129 0.00647738
133 139 0.00340722
133 130 0.00632772
133 134 0.00325624
133 138 0.01025192
133 141 0.00134819
133 124 0.00450641
133 137 0.01000727
133 132 0.00420966
133 128 0.00194582
133 125 0.00061975
133 136 0.00612891
133 140 0.00495015
133 131 0.03632543
133 133 0.62630975
133 135 0.01802669
133 127 0.00526990
133 126 0.00112937
70 69 0.01916835
70 73 0.00092051
70 70 0.37838631
70 68 0.02557448
70 72 0.01684560
70 71 0.01744122
98 94 0.00057262
98 100 0.02125347
98 98 0.19218581
98 105 0.00053976
98 96 0.00732055
98 97 0.01909298
98 107 0.00647806
98 101 0.01140861
98 102 0.01206908
98 95 0.00194395
98 103 0.00333414
98 99 0.04863771
98 106 0.00551834
100 106 0.00483038
100 110 0.00115305
100 99 0.00726308
100 108 0.00223470
100 103 0.01115393
100 111 0.00111698
100 104 0.00274347
100 95 0.00053755
100 102 0.01851426
100 101 0.01131624
100 109 0.00072003
100 107 0.00126091
100 97 0.01354112
100 96 0.00382851
100 105 0.00214258
100 98 0.02164066
100 100 0.13346854
112 115 0.05051051
112 118 0.01587729
112 117 0.00057124
112 101 0.00070772
112 109 0.01292343
112 114 0.00481543
112 105 0.00249882
112 112 0.71782694
112 113 0.01577387
112 103 0.00395866
112 119 0.00820133
112 104 0.00428635
112 111 0.01190260
112 116 0.00278951
112 110 0.00211921
112 106 0.02553971
112 108 0.00074764
112 121 0.00848670
30 27 0.00094895
30 24 0.00097886
30 30 0.44243385
30 29 0.00055436
30 15 0.00609951
30 45 0.00078426
30 26 0.00176566
30 22 0.00096038
30 23 0.00345640
30 46 0.00071925
30 14 0.00200609
30 17 0.00094461
30 16 0.00134841
38 38 0.33750302
143 148 0.00308199
143 144 0.00171191
143 143 0.46456821
143 151 0.00055749
143 145 0.00137759
143 149 0.00083753
143 150 0.00065846
143 154 0.00054876
143 152 0.00085673
143 141 0.00194698
143 142 0.00076384
143 146 0.01217090
143 147 0.00856604
143 153 0.00103039
105 109 0.00319043
105 101 0.00075294
105 114 0.00199032
105 97 0.00448209
105 107 0.00921721
105 96 0.00495161
105 112 0.00412147
105 105 0.23636048
105 100 0.00065026
105 98 0.00123730
105 106 0.00889274
105 110 0.00132482
105 99 0.00063207
105 108 0.01243837
105 103 0.01296456
105 104 0.00825078
105 111 0.01660532
105 102 0.00362045
24 30 0.00076234
24 25 0.00598927
24 24 0.40167304
24 27 0.00057868
24 26 0.00060272
24 15 0.00174385
24 13 0.00130811
24 12 0.00178273
24 23 0.00385389
24 14 0.00060479
24 16 0.00094882
61 61 0.15118440
61 60 0.00291360
61 59 0.00373449
61 73 0.00076566
1 1 0.80451963
83 81 0.00089158
83 84 0.03939134
83 82 0.00839265
83 83 0.25287521
83 80 0.02619806
83 79 0.00130939
125 125 0.52214471
125 128 0.00241304
125 119 0.00206538
125 123 0.00271033
125 124 0.00235370
125 132 0.00192286
125 116 0.02220653
125 121 0.00098361
125 134 0.00344031
125 129 0.00271769
125 130 0.00123803
125 126 0.00139169
125 127 0.00683539
125 120 0.00219599
125 118 0.00291470
125 131 0.00388028
125 117 0.00610985
125 122 0.00288301
16 27 0.00063216
16 24 0.00087383
16 30 0.00072899
16 13 0.00053505
16 15 0.00395361
16 6 0.00058474
16 26 0.00059867
16 23 0.00099738
16 12 0.00363584
16 17 0.01121221
16 16 0.40593156
16 14 0.00092439
129 122 0.00886384
129 136 0.00143240
129 131 0.01943168
129 133 0.00759804
129 120 0.01300173
129 127 0.00670592
129 135 0.00579083
129 126 0.00317549
129 130 0.00066090
129 129 0.40839901
129 134 0.00221937
129 121 0.00832313
129 138 0.00060990
129 132 0.00477159
129 137 0.00101906
129 124 0.00230317
129 123 0.00160851
129 128 0.00084806
129 125 0.00205616
142 149 0.00056626
142 145 0.04531097
142 143 0.00512800
142 151 0.00092598
142 148 0.00058744
142 144 0.00271981
142 140 0.00246417
142 137 0.00115601
142 146 0.00100614
142 153 0.00054476
142 147 0.00954368
142 142 0.48938165
142 150 0.00177603
142 141 0.00120792
84 85 0.00324783
84 83 0.01390139
84 84 0.21437734
8 5 0.01168639
8 8 0.84454208
116 116 0.36344007
116 110 0.01581057
116 121 0.00117212
116 119 0.00177737
116 113 0.01847007
116 125 0.01966578
116 124 0.00424060
116 111 0.00453507
116 123 0.00198466
116 122 0.00455765
116 114 0.01057370
116 117 0.01623045
116 107 0.00469766
116 112 0.00054920
116 115 0.00966617
116 118 0.00415758
116 120 0.00202943
141 135 0.00098610
141 143 0.00168917
141 136 0.00182101
141 140 0.00504540
141 144 0.00171692
141 146 0.00101113
141 142 0.00139520
141 139 0.00293079
141 141 0.47263890
90 93 0.00446100
90 94 0.00083155
90 89 0.00649661
90 90 0.15762920
90 88 0.00416401
90 92 0.03523986
90 87 0.00329478
90 91 0.01430435
94 95 0.02868659
94 93 0.01518376
94 98 0.00087505
94 90 0.00084561
94 94 0.21410863
94 97 0.00111884
94 91 0.00164491
94 96 0.01130229
94 92 0.00415344
118 113 0.00918796
118 125 0.00235297
118 119 0.01700141
118 123 0.00135266
118 111 0.00247884
118 124 0.00174617
118 116 0.02391869
118 121 0.00482777
118 126 0.00909582
118 127 0.00972246
118 115 0.00128497
118 120 0.01028368
118 118 0.67257799
118 117 0.02727580
118 122 0.00736357
118 109 0.00621475
118 114 0.00123069
118 112 0.02553944
115 115 0.44682954
115 118 0.01227324
115 120 0.00051008
115 112 0.02159658
115 117 0.02363674
115 122 0.00580212
115 109 0.00078674
115 114 0.01289980
115 123 0.00063702
115 104 0.00060082
115 124 0.01657849
115 111 0.00057632
115 113 0.01602025
115 119 0.00520976
115 121 0.00462387
115 116 0.01051759
115 106 0.00357833
68 66 0.00071549
68 67 0.00106484
68 68 0.31535636
68 69 0.01613125
68 70 0.01656013
25 14 0.00105411
25 15 0.00072256
25 13 0.00394207
25 26 0.00209358
25 24 0.00181171
25 25 0.50584786
136 136 0.51220974
136 140 0.00544257
136 143 0.00065957
136 127 0.00113072
136 135 0.00822091
136 131 0.00477316
136 133 0.00298218
136 141 0.03210180
136 138 0.01007377
136 130 0.00387135
136 139 0.01201665
136 129 0.00088759
136 134 0.02932702
136 132 0.00858734
136 137 0.00723167
50 65 0.00073129
50 50 0.32769253
117 126 0.01305956
117 120 0.00428111
117 118 0.01452775
117 115 0.02120307
117 117 0.64889618
117 114 0.01746154
117 122 0.00121167
117 112 0.00862973
117 125 0.00535460
117 113 0.00128848
117 119 0.00751254
117 123 0.00205517
117 111 0.02821796
117 124 0.00174055
117 116 0.01385759
117 121 0.00666492
117 108 0.00534014
140 143 0.00186625
140 136 0.00106688
140 144 0.00063818
140 140 0.40669681
140 135 0.00231570
140 145 0.00124908
140 139 0.00534802
140 142 0.00193435
140 134 0.00114933
140 141 0.00520016
140 138 0.00255133
140 132 0.00055579
62 62 0.17157516
62 74 0.00080533
155 152 0.00050609
155 156 0.00223764
155 154 0.00244929
155 155 0.50273938
155 147 0.00060073
155 148 0.00104691
155 151 0.00210591
155 149 0.01614590
119 118 0.01434376
119 120 0.01317575
119 115 0.00088846
119 127 0.00723338
119 126 0.00632520
119 112 0.00359579
119 114 0.00996195
119 122 0.00415802
119 117 0.02826760
119 111 0.00051723
119 124 0.00135193
119 123 0.00276898
119 119 0.29447958
119 128 0.01375836
119 113 0.02228031
119 125 0.00153375
119 121 0.00703653
119 110 0.00245389
119 116 0.00163285
33 32 0.00154424
33 33 0.25866510
80 77 0.01135149
80 81 0.00119431
80 78 0.00236502
80 83 0.02707097
80 82 0.00733095
80 80 0.24799333
80 79 0.00563069
5 5 0.66752633
5 4 0.00147685
5 8 0.00090135
5 2 0.00141733
42 42 0.70946625
42 41 0.00060087
41 41 0.38687554
154 149 0.00328052
154 148 0.00693331
154 151 0.00060073
154 153 0.00137318
154 155 0.00196123
154 154 0.49513278
154 150 0.00139333
154 156 0.00066328
89 89 0.30724844
89 90 0.01105038
89 93 0.00619374
89 91 0.02636761
89 92 0.00628093
89 87 0.00163367
89 88 0.00788895
51 66 0.00116671
51 49 0.00111113
51 51 0.59329432
15 30 0.00268457
15 29 0.00054074
15 27 0.00097653
15 24 0.00097902
15 26 0.00184977
15 15 0.43425902
15 13 0.00189193
15 23 0.00372024
15 14 0.01113753
15 17 0.00098884
15 16 0.00300209
145 148 0.04317719
145 144 0.00079551
145 140 0.00069003
145 143 0.00069530
145 151 0.00217889
145 145 0.48551457
145 149 0.00792063
145 150 0.00857651
145 154 0.01079034
145 152 0.00115065
145 146 0.00270959
145 137 0.00059289
145 153 0.00878065
145 155 0.00444388
145 147 0.00809952
2 2 0.73883753
3 6 0.00054768
3 3 0.59246179
96 106 0.00051076
96 99 0.00624793
96 108 0.00068233
96 95 0.02147574
96 102 0.00155069
96 101 0.00294370
96 97 0.04866691
96 96 0.20639141
96 92 0.00095512
96 105 0.00493639
96 100 0.00657110
96 98 0.01653845
96 94 0.00721443
55 54 0.00278282
55 56 0.00417458
55 55 0.60926840
55 53 0.00155437
87 86 0.00092601
87 88 0.01531733
87 91 0.00428460
87 87 0.18077190
87 89 0.05785637
87 90 0.00397094
86 86 0.16840293
86 87 0.00098549
86 90 0.00070440
86 89 0.00072833
72 71 0.02364369
72 74 0.01633555
72 75 0.00202487
72 72 0.78274374
72 73 0.01604160
72 69 0.00060859
72 70 0.02561789
65 77 0.00096745
65 65 0.30065033
65 64 0.02053844
65 63 0.00160050
65 67 0.01503953
65 66 0.01486390
104 105 0.00778365
104 112 0.00195505
104 107 0.01026623
104 109 0.00192474
104 101 0.00299665
104 108 0.00140074
104 99 0.00068371
104 110 0.01621483
104 106 0.02086842
104 102 0.00932704
104 95 0.00080247
104 111 0.00229269
104 104 0.18718344
104 113 0.00257674
104 103 0.00476104
11 8 0.00143848
11 12 0.00076376
11 11 0.53676090
11 10 0.00116602
11 9 0.00727430
157 157 0.56436202
157 158 0.00068914
157 156 0.00270916
157 149 0.00106562
157 151 0.00188298
82 79 0.01164420
82 83 0.01337424
82 82 0.19107367
82 80 0.01093885
82 81 0.00126813
121 121 0.28839367
121 130 0.00713557
121 129 0.00796081
121 116 0.00194320
121 123 0.00276603
121 124 0.00360537
121 125 0.00390399
121 113 0.00053980
121 128 0.00887466
121 119 0.00797897
121 112 0.01007863
121 117 0.00084210
121 122 0.00422759
121 114 0.00549017
121 115 0.00790930
121 118 0.00398716
121 120 0.00795029
121 126 0.00096647
121 127 0.00155316
21 15 0.00063516
21 13 0.01386135
21 9 0.00198162
21 20 0.00546909
21 14 0.00053625
21 10 0.00102941
21 21 0.40576764
21 22 0.00243693
149 157 0.00773914
149 146 0.00162443
149 155 0.00471862
149 147 0.00094293
149 150 0.00142373
149 154 0.00126771
149 156 0.00923801
149 158 0.00178853
149 149 0.83718317
149 148 0.00112045
149 151 0.00118728
6 5 0.00091037
6 3 0.00568770
6 6 0.42174583
36 35 0.00777537
36 36 0.29462784
126 122 0.00052014
126 117 0.01481655
126 131 0.00163336
126 133 0.00116365
126 118 0.01037831
126 120 0.00191166
126 135 0.00190949
126 127 0.00145645
126 126 0.26169466
126 129 0.00304984
126 130 0.00534559
126 121 0.00125313
126 124 0.00120543
126 132 0.00564255
126 123 0.00280106
126 128 0.00410919
126 119 0.00728399
126 125 0.01058189
63 65 0.00186416
63 64 0.00885559
63 63 0.18931168
63 75 0.00083772
29 45 0.00060387
29 15 0.00125565
29 13 0.00323602
29 29 0.61797629
29 30 0.00054180
29 14 0.00208736
29 44 0.00089913
29 22 0.00083885
29 23 0.00071842
91 88 0.02564676
91 91 0.30294169
91 87 0.00433013
91 92 0.00584313
91 93 0.00912915
91 89 0.00347785
91 90 0.00435672
91 94 0.00130166
47 46 0.01257444
47 48 0.00416727
47 47 0.94981222
148 157 0.00863802
148 146 0.00098554
148 147 0.00083052
148 153 0.00163973
148 155 0.00486023
148 154 0.00285250
148 150 0.00232820
148 156 0.00899620
148 152 0.00051295
148 149 0.00812544
148 148 0.83741610
148 151 0.00137075
7 7 0.44946577
7 4 0.01181097
4 1 0.00071370
4 4 0.77785087
4 5 0.00103114
4 7 0.00092303
17 18 0.01222122
17 15 0.00161575
17 13 0.00177367
17 30 0.00067715
17 17 0.47598402
17 16 0.00959638
17 12 0.00062690
17 23 0.00093138
10 11 0.00067798
10 10 0.85204529
10 14 0.00052713
10 8 0.00215363
10 9 0.00134288
10 6 0.00088471
31 31 0.37614342
31 47 0.00137091
134 134 0.63358406
134 139 0.01104273
134 142 0.00069575
134 130 0.00646443
134 129 0.00670400
134 141 0.00494161
134 138 0.00890149
134 132 0.03222852
134 137 0.00912906
134 125 0.00405150
134 128 0.00564413
134 140 0.00202839
134 136 0.01324871
134 133 0.00378842
134 131 0.00320941
134 126 0.00057974
134 127 0.00087021
134 135 0.00428303
43 44 0.03705028
43 43 0.66413674
43 42 0.00057663
106 106 0.44882148
106 110 0.01493439
106 99 0.00505339
106 108 0.04842116
106 103 0.00603356
106 113 0.00824499
106 111 0.00052787
106 104 0.00802034
106 102 0.00079007
106 109 0.05261565
106 101 0.00084673
106 107 0.02248084
106 97 0.00811836
106 112 0.01801477
106 105 0.00812214
106 98 0.01387245
106 100 0.00477564
106 115 0.00193319
19 9 0.00125939
19 18 0.00868892
19 13 0.00216789
19 34 0.00138519
19 15 0.00060657
19 20 0.01566226
19 14 0.00059224
19 8 0.00088723
19 12 0.00076218
19 19 0.59359841
32 32 0.31867868
32 48 0.00086159
32 31 0.00130488
88 89 0.01593111
88 90 0.00799190
88 92 0.01320920
88 87 0.00192176
88 91 0.02773497
88 88 0.17737133
122 114 0.00058669
122 122 0.25146530
122 117 0.00214524
122 127 0.00079352
122 126 0.00171940
122 131 0.00582949
122 120 0.00267421
122 118 0.00095522
122 115 0.00384811
122 116 0.00673801
122 129 0.00875140
122 130 0.00314061
122 121 0.00246019
122 119 0.00311856
122 128 0.00105526
122 125 0.00413267
122 113 0.01114368
122 124 0.00229734
122 123 0.00196187
76 76 0.87244000
76 73 0.00226420
76 77 0.02223758
76 78 0.01604447
76 75 0.01962638
76 74 0.02512845
76 79 0.00638258
111 100 0.00066347
111 115 0.00267283
111 118 0.00583854
111 120 0.00542684
111 107 0.00282932
111 117 0.01965200
111 109 0.00715233
111 114 0.04307680
111 105 0.02453484
111 112 0.01344134
111 113 0.00951393
111 103 0.00493781
111 119 0.00093696
111 102 0.00266442
111 104 0.00219146
111 111 0.62438934
111 116 0.00078071
111 110 0.01569092
111 108 0.00922650
146 138 0.00058784
146 156 0.00668471
146 152 0.00144033
146 154 0.00557578
146 150 0.00176161
146 147 0.00373372
146 153 0.00148898
146 155 0.01930179
146 146 0.83800296
146 151 0.00456063
146 144 0.00060959
146 148 0.00563908
146 149 0.03235546
146 145 0.00051364
147 151 0.00066890
147 148 0.00559848
147 149 0.00403207
147 145 0.00091353
147 139 0.00053907
147 150 0.00251155
147 154 0.00173679
147 152 0.00099714
147 156 0.01364383
147 146 0.00053422
147 155 0.00225508
147 153 0.00187760
147 147 0.84067085
147 157 0.00106428
123 121 0.00402865
123 129 0.00169840
123 130 0.00914820
123 116 0.00191297
123 123 0.28224152
123 124 0.00125350
123 132 0.00520653
123 125 0.01858790
123 128 0.00085139
123 119 0.00161842
123 117 0.00324821
123 114 0.01234382
123 122 0.00120463
123 118 0.00955369
123 120 0.00287799
123 115 0.00087864
123 131 0.00149822
123 126 0.00364937
123 127 0.00240965
158 158 0.58835938
158 159 0.00056249
158 157 0.00063149
130 125 0.00167998
130 128 0.00492954
130 123 0.00913024
130 124 0.00206972
130 137 0.00279689
130 132 0.02747775
130 138 0.00078362
130 121 0.00791549
130 134 0.00871275
130 129 0.00427221
130 130 0.44174406
130 126 0.00477567
130 135 0.00311386
130 127 0.01276741
130 133 0.00266782
130 131 0.00086506
130 136 0.00492688
130 122 0.00331586
52 50 0.00196172
52 52 0.33141868
22 12 0.00118137
22 23 0.00901194
22 22 0.26745319
22 21 0.00423764
22 10 0.00211352
22 14 0.00954065
152 155 0.00071454
152 147 0.00187894
152 152 0.63379264
152 156 0.00073383
152 149 0.00129621
152 148 0.00055794
45 44 0.03811304
45 46 0.03886467
45 45 0.88750546
53 53 0.32509435
53 51 0.00277617
53 54 0.00081718
59 57 0.00318483
59 59 0.35607340
59 60 0.00056358
59 74 0.00052102
59 71 0.00050144
85 85 0.18705349
85 89 0.00070801
85 86 0.00053374
13 12 0.00195232
13 19 0.00090099
13 21 0.00850659
13 10 0.00065245
13 14 0.00116578
13 20 0.00075423
13 25 0.00070247
13 29 0.00055387
13 9 0.00734946
13 18 0.00086840
13 13 0.53635856
13 15 0.00058650
57 58 0.00137217
57 57 0.24995927
57 55 0.00224973
57 56 0.00189488
57 72 0.00062475
92 95 0.00169577
92 93 0.00441595
92 90 0.00275039
92 89 0.00601873
92 94 0.00832445
92 88 0.01419733
92 91 0.00890969
92 96 0.00096235
92 92 0.16186540
54 52 0.00553314
54 53 0.00117127
54 54 0.16795110
54 55 0.00265718
97 102 0.00251213
97 95 0.00854436
97 103 0.00136610
97 108 0.00095610
97 99 0.06359912
97 106 0.00844799
97 94 0.00059279
97 98 0.03000802
97 93 0.00050702
97 100 0.01444978
97 105 0.00241657
97 96 0.03348285
97 97 0.22431552
97 109 0.00052991
97 101 0.01076185
128 122 0.00109057
128 120 0.01175903
128 133 0.00174682
128 131 0.00142365
128 126 0.02697730
128 127 0.01337560
128 135 0.00120196
128 134 0.00724114
128 121 0.00974342
128 130 0.01985023
128 129 0.00063939
128 123 0.00110081
128 132 0.00564476
128 137 0.00064510
128 125 0.00279182
128 128 0.28829458
128 119 0.01551692
14 26 0.00053910
14 15 0.00241641
14 13 0.00200391
14 30 0.00050576
14 29 0.00081068
14 25 0.00088094
14 14 0.39331587
14 5 0.00055695
14 10 0.00733756
14 12 0.00386777
14 22 0.00826712
49 49 0.31701653
113 112 0.01008791
113 105 0.00073657
113 114 0.01303051
113 122 0.00897784
113 109 0.00063768
113 107 0.03139858
113 117 0.00624479
113 118 0.00053373
113 120 0.00251954
113 115 0.00516563
113 108 0.00051448
113 106 0.00161795
113 110 0.00371803
113 116 0.04900750
113 111 0.00594217
113 104 0.00291706
113 102 0.00059144
113 119 0.01214916
113 113 0.73112887
44 43 0.03784459
44 44 0.89991585
44 45 0.03740068
66 78 0.00075358
66 66 0.85588506
66 67 0.00556794
66 64 0.00139018
66 65 0.01493427
159 159 0.63888438
46 46 0.83695012
46 45 0.03941561
46 47 0.01289590
12 20 0.00101127
12 9 0.00065016
12 8 0.00701653
12 12 0.51283882
12 14 0.00137153
12 10 0.00825323
12 11 0.00085809
156 153 0.00062552
156 155 0.00279509
156 157 0.00275377
156 156 0.53829226
156 152 0.00160900
156 150 0.00856949
156 154 0.00062150
156 149 0.00175798
156 151 0.00057162
156 148 0.00147674
67 65 0.02718190
67 68 0.00056136
67 67 0.25787533
67 66 0.00467949
