4 5 0.00065575
4 4 0.74804574
4 7 0.00451553
10 6 0.00076676
10 9 0.00556143
10 22 0.00051814
10 8 0.00259842
10 12 0.00218959
10 14 0.00180327
10 10 0.74298996
10 11 0.00112019
17 12 0.00071214
17 21 0.00055103
17 23 0.00067839
17 14 0.00090639
17 10 0.00105558
17 17 0.45484252
17 16 0.00075107
17 30 0.00056111
17 18 0.00083534
17 9 0.00087069
17 15 0.00084946
17 6 0.00083168
17 13 0.00260352
134 132 0.04194602
134 137 0.00076729
134 134 0.04160083
134 130 0.02988788
134 129 0.00726260
134 133 0.00097778
134 143 0.43414548
31 31 0.38999042
31 32 0.00113231
106 108 0.01083821
106 110 0.00197871
106 106 0.06671634
106 102 0.00193696
106 111 0.00388822
106 104 0.00784142
106 113 0.00064976
106 103 0.02048217
106 105 0.00716809
106 112 0.05156670
106 114 0.01489531
106 101 0.00148658
106 109 0.00085213
106 115 0.48364355
106 100 0.00107856
43 28 0.00144677
43 43 0.80718471
43 44 0.06085993
19 13 0.00650538
19 34 0.00069255
19 9 0.00991979
19 18 0.01609101
19 20 0.00725270
19 10 0.00061754
19 11 0.00080198
19 19 0.59865006
19 21 0.00124755
19 8 0.00335240
19 12 0.00186975
149 150 0.00378049
149 158 0.68809772
149 157 0.00055873
149 149 0.00145007
36 36 0.16189389
6 3 0.00312252
6 2 0.00233902
6 6 0.62804594
6 9 0.00757329
6 5 0.00083002
6 16 0.00062209
6 10 0.00094193
126 122 0.00104276
126 133 0.00174193
126 131 0.00158871
126 126 0.00324726
126 135 0.56535910
126 130 0.00052313
126 129 0.00124859
126 124 0.00166848
91 87 0.04700456
91 92 0.00077051
91 96 0.00469438
91 91 0.00732226
91 97 0.00409561
91 88 0.01071058
91 94 0.03773094
91 90 0.00376523
91 89 0.01871246
91 85 0.00061852
91 93 0.05100047
91 95 0.04848620
29 26 0.00155554
29 13 0.00102691
29 15 0.00078056
29 25 0.00079898
29 30 0.00178714
29 29 0.67557561
29 24 0.00053469
29 16 0.00070123
29 14 0.01437415
29 23 0.00086071
29 22 0.00636876
29 21 0.00054928
63 63 0.24375954
63 65 0.00232019
63 64 0.00592313
148 157 0.66594438
148 147 0.00088456
148 156 0.00219838
148 150 0.00142041
148 149 0.00657349
148 148 0.00734549
148 151 0.00056495
7 4 0.00344412
7 7 0.51523494
47 47 0.89795678
47 48 0.00411694
47 31 0.00077109
47 46 0.00725350
104 102 0.01857666
104 111 0.00355921
104 104 0.06020294
104 113 0.59395264
104 103 0.00375189
104 108 0.00096801
104 99 0.00471853
104 110 0.05236022
104 106 0.01475255
104 98 0.00061749
104 100 0.03081038
104 112 0.01733717
104 107 0.00324570
104 101 0.02306098
104 109 0.00095171
11 15 0.00147107
11 13 0.00116017
11 9 0.01103858
11 7 0.00062009
11 10 0.00348649
11 11 0.62858975
11 19 0.00056634
11 12 0.00111513
11 8 0.00107165
82 79 0.00658487
82 80 0.00218325
82 83 0.00232422
82 82 0.24052946
82 78 0.00078036
82 81 0.00067069
121 130 0.48448385
121 121 0.00802628
121 116 0.00233283
121 124 0.00181703
121 123 0.01313587
121 128 0.00352185
121 119 0.00141575
121 125 0.00066720
121 122 0.00285138
121 117 0.01690771
121 118 0.00385783
121 127 0.00219678
121 126 0.00369600
21 30 0.00092929
21 20 0.01642883
21 15 0.00131344
21 13 0.00590717
21 9 0.00241425
21 21 0.32193459
21 22 0.00528875
21 23 0.00111631
21 12 0.00072021
21 14 0.00138612
21 10 0.00499647
89 95 0.00052521
89 88 0.00304988
89 86 0.00079442
89 92 0.03665231
89 91 0.04506353
89 85 0.00563032
89 93 0.11955332
89 94 0.00237797
89 90 0.01751455
89 89 0.05618328
15 27 0.00053660
15 30 0.00111375
15 13 0.00300156
15 15 0.38677969
15 9 0.00097102
15 23 0.00142941
15 21 0.00069154
15 12 0.00232153
15 16 0.00061800
15 10 0.00064369
15 14 0.00061402
15 11 0.00061292
51 53 0.00265427
51 51 0.73597061
51 35 0.00146673
145 148 0.01166303
145 144 0.02529328
145 143 0.00382454
145 151 0.00249932
145 145 0.06886469
145 149 0.00064488
145 150 0.00166426
145 154 0.64396236
145 152 0.00074117
145 146 0.00560013
145 153 0.00820529
145 147 0.00837049
2 5 0.00138688
2 2 0.77056726
96 104 0.00655212
96 102 0.26637656
96 95 0.00208258
96 103 0.00363882
96 99 0.01100045
96 94 0.03953218
96 93 0.04764919
96 100 0.03257266
96 98 0.02977466
96 96 0.00138843
96 91 0.00322785
96 92 0.00292655
96 105 0.00132223
96 101 0.02892048
3 6 0.00691880
3 3 0.69677559
87 90 0.00579267
87 89 0.00384946
87 92 0.00103322
87 87 0.22342970
87 91 0.02339114
87 88 0.01136412
87 83 0.00334264
87 84 0.00365044
55 56 0.00737195
55 55 0.64673530
55 57 0.00450367
55 39 0.00103851
86 87 0.00962998
86 88 0.00064819
86 86 0.21989873
86 90 0.00220555
86 89 0.00062135
86 85 0.00982599
86 84 0.01041135
86 83 0.04383375
65 67 0.01175779
65 66 0.00428129
65 62 0.00052406
65 64 0.00652232
65 65 0.18708582
65 63 0.00405535
72 72 0.65855116
72 69 0.00154014
72 73 0.01857313
72 75 0.00274753
72 71 0.00596489
72 74 0.03652577
128 136 0.00270670
128 131 0.00483609
128 133 0.00849376
128 135 0.00846419
128 126 0.03484845
128 129 0.00055856
128 130 0.00078970
128 134 0.00074519
128 137 0.47516132
128 124 0.01459590
128 132 0.00409341
128 128 0.03040061
14 13 0.00086168
14 15 0.00306976
14 26 0.00087812
14 20 0.00080372
14 30 0.00077993
14 29 0.00082671
14 10 0.01690087
14 16 0.00075138
14 14 0.36727388
14 22 0.00419951
14 8 0.00397900
14 12 0.00658189
113 115 0.00193667
113 120 0.00712522
113 118 0.01477550
113 112 0.01394679
113 117 0.00091059
113 107 0.00306710
113 122 0.37414656
113 109 0.01590547
113 114 0.00966230
113 111 0.01682932
113 113 0.09953578
113 119 0.03524475
113 121 0.00390273
113 108 0.01402797
113 110 0.00576174
49 49 0.31051161
49 50 0.00053558
49 51 0.00114894
66 48 0.00094935
66 66 0.72087951
66 68 0.00062514
66 63 0.01274019
66 65 0.01743949
66 64 0.03843811
46 46 0.82724451
46 31 0.00070623
46 45 0.00637128
46 47 0.06791220
44 44 0.90783945
44 43 0.00061736
44 45 0.06176895
44 29 0.00145720
12 11 0.00108763
12 10 0.00804901
12 16 0.00120488
12 14 0.00179592
12 8 0.00707721
12 12 0.60409670
12 22 0.00054802
12 9 0.00223824
12 13 0.00205246
12 20 0.00124671
12 24 0.00059032
67 67 0.28275680
67 66 0.00640273
67 49 0.00112940
67 65 0.03085617
67 64 0.03904581
45 30 0.00135911
45 45 0.88686618
45 44 0.00117676
45 46 0.06844788
59 58 0.00051511
59 59 0.26893708
59 61 0.00158224
53 54 0.00122336
53 55 0.00162666
53 53 0.33812204
85 84 0.00160453
85 82 0.00144698
85 83 0.00431240
85 86 0.00872607
85 85 0.25266775
13 15 0.00071111
13 13 0.52509454
13 18 0.00052930
13 9 0.01687274
13 29 0.00074516
13 20 0.00066558
13 25 0.00096288
13 14 0.00164662
13 10 0.00321243
13 17 0.00050149
13 11 0.00138725
13 21 0.00354572
13 19 0.00076994
13 12 0.00104620
92 99 0.00428197
92 95 0.07678992
92 87 0.00671030
92 92 0.00567119
92 91 0.07358692
92 96 0.17970268
92 97 0.01357606
92 86 0.00050412
92 88 0.00735882
92 94 0.04473121
92 89 0.02432684
92 90 0.01456565
92 98 0.01396659
92 93 0.00063962
57 59 0.00600172
57 58 0.00268417
57 57 0.29378611
57 55 0.00054477
57 56 0.01387245
54 55 0.00560615
54 56 0.00337749
54 54 0.09607798
97 100 0.00315294
97 93 0.01670160
97 94 0.05091775
97 97 0.00146526
97 101 0.01121342
97 92 0.00253416
97 105 0.01430237
97 103 0.30331488
97 95 0.04764370
97 102 0.01668076
97 104 0.03096358
97 106 0.00480256
97 99 0.02522392
146 145 0.00826595
146 149 0.00871245
146 148 0.00893624
146 144 0.00099796
146 151 0.00104410
146 146 0.03746699
146 147 0.00359073
146 153 0.00068662
146 155 0.62563060
146 154 0.00374273
146 150 0.00061086
146 152 0.00135495
111 118 0.00371375
111 120 0.14157586
111 112 0.00139130
111 107 0.04201068
111 117 0.04265311
111 114 0.00052148
111 109 0.01684368
111 111 0.10796545
111 119 0.00340783
111 108 0.00388134
111 116 0.01247650
111 110 0.04073111
111 106 0.02127784
123 127 0.00248311
123 126 0.00718301
123 131 0.00052420
123 118 0.01040255
123 120 0.00055713
123 129 0.00051557
123 130 0.01386726
123 121 0.00409106
123 119 0.00070675
123 128 0.00539720
123 125 0.00818327
123 124 0.00086996
123 132 0.64663515
123 123 0.02385370
147 149 0.00548472
147 148 0.00532705
147 147 0.00824658
147 155 0.00130048
147 146 0.00394342
147 156 0.65457318
147 150 0.00146025
130 133 0.00266854
130 126 0.04598010
130 135 0.00363348
130 136 0.00056167
130 137 0.00352802
130 132 0.00055777
130 125 0.00930336
130 128 0.00475355
130 134 0.00223761
130 130 0.00297907
130 139 0.51658935
130 138 0.00391609
52 52 0.33452111
52 54 0.00545821
22 20 0.00094829
22 29 0.00055925
22 30 0.00063700
22 24 0.00057004
22 26 0.00063403
22 13 0.00069038
22 15 0.00104594
22 12 0.01055718
22 8 0.00067916
22 22 0.43407056
22 23 0.00488966
22 19 0.00052879
22 21 0.01305311
22 11 0.00080229
22 10 0.00601506
22 16 0.00104914
22 14 0.00660008
32 33 0.00147714
32 32 0.32918014
122 127 0.00426752
122 126 0.00151801
122 131 0.52922002
122 118 0.03221407
122 120 0.00537435
122 122 0.00976331
122 117 0.01079087
122 128 0.00073926
122 125 0.00422165
122 124 0.00603560
122 123 0.00186167
122 129 0.01111413
88 89 0.01327712
88 90 0.02560159
88 85 0.00407860
88 93 0.00101068
88 91 0.04363475
88 92 0.09347660
88 87 0.00137341
88 88 0.13923284
88 84 0.01388498
76 76 0.69000642
76 58 0.00059073
76 77 0.00865448
76 73 0.14863033
76 78 0.01675615
76 75 0.00120892
76 61 0.00078644
76 79 0.00435375
37 37 0.32411088
132 141 0.61716791
132 130 0.02556767
132 139 0.00244798
132 128 0.04838737
132 132 0.00272152
132 140 0.00496917
132 136 0.00071112
132 127 0.01175701
132 135 0.00105859
79 82 0.01242954
79 83 0.00108384
79 80 0.00256185
79 79 0.34319111
79 81 0.00095168
79 78 0.00164276
79 77 0.00071757
79 76 0.14916736
79 64 0.00102837
71 74 0.00157962
71 71 0.48973744
71 70 0.00074964
71 73 0.00559421
71 72 0.01965168
71 68 0.00156687
102 100 0.00521088
102 98 0.04857661
102 109 0.00559880
102 101 0.00064619
102 97 0.00107395
102 107 0.00348902
102 104 0.00266767
102 111 0.38155921
102 102 0.01177342
102 99 0.01419855
102 108 0.04374947
102 106 0.00115012
102 110 0.05218173
103 100 0.01431779
103 98 0.00395470
103 97 0.00108661
103 107 0.00075946
103 101 0.00877824
103 109 0.00612652
103 105 0.00515754
103 112 0.50226863
103 103 0.04313882
103 102 0.00205717
103 111 0.00927013
103 110 0.00439094
103 106 0.00243327
103 108 0.00097799
103 99 0.09981542
139 140 0.00083341
139 148 0.79078718
139 135 0.00169652
139 138 0.00920993
139 134 0.00056158
139 139 0.01228612
139 142 0.00349035
139 137 0.02898872
40 40 0.35390099
78 63 0.00085401
78 77 0.00089058
78 78 0.55968034
78 81 0.00217254
78 79 0.00114025
78 75 0.14866290
110 107 0.00366879
110 109 0.04000050
110 114 0.00075857
110 112 0.00065602
110 115 0.01197677
110 118 0.00415035
110 116 0.02557536
110 110 0.10169114
110 106 0.02998252
110 108 0.01356139
110 113 0.00051791
110 119 0.37775199
110 104 0.00101790
110 111 0.00050895
138 136 0.00688963
138 137 0.00138890
138 147 0.72144348
138 134 0.00103083
138 138 0.00718819
23 27 0.00097217
23 24 0.00394551
23 30 0.00203687
23 29 0.00078351
23 25 0.00068881
23 20 0.00085893
23 15 0.00278208
23 13 0.00859026
23 26 0.00088781
23 9 0.00059719
23 21 0.00173949
23 19 0.00064365
23 22 0.00950449
23 23 0.43095793
23 12 0.00682027
23 14 0.00112147
23 16 0.00114233
23 17 0.00083987
60 60 0.34926671
60 61 0.00563363
60 59 0.00054545
26 22 0.00257340
26 23 0.00158829
26 12 0.00063630
26 16 0.00066754
26 17 0.00050295
26 14 0.00567576
26 24 0.00059515
26 27 0.00081590
26 25 0.00241426
26 29 0.00084041
26 30 0.00181800
26 13 0.00100174
26 15 0.00159007
26 26 0.45757771
120 121 0.01275644
120 129 0.50618599
120 116 0.00104408
120 123 0.00219837
120 124 0.00081624
120 125 0.00273579
120 119 0.00058861
120 117 0.00579672
120 114 0.00072296
120 122 0.01322343
120 120 0.04007325
120 118 0.04400905
120 115 0.01021357
120 126 0.00293128
120 127 0.00324322
135 130 0.00321398
135 134 0.00237773
135 138 0.00095809
135 132 0.00206390
135 143 0.00075986
135 144 0.72005205
135 131 0.01734257
135 133 0.06767658
135 135 0.04241561
93 97 0.17112568
93 88 0.00092024
93 101 0.00092967
93 92 0.02459635
93 91 0.01500117
93 96 0.08155216
93 98 0.02061881
93 93 0.00329815
93 100 0.00360328
93 94 0.00083848
93 90 0.00694663
93 89 0.01606887
93 99 0.04332731
93 95 0.05607876
34 34 0.87366954
34 35 0.00580024
34 19 0.00139360
28 13 0.01580610
28 15 0.00053832
28 28 0.57247880
28 25 0.00085410
28 29 0.00077410
28 14 0.00114573
28 22 0.00054452
28 21 0.00278482
20 20 0.63643268
20 35 0.00067613
20 9 0.00917886
20 13 0.00442790
20 12 0.00358310
20 8 0.00059535
20 22 0.00121503
20 19 0.01443122
20 21 0.00561380
20 11 0.00063380
20 10 0.00758235
20 14 0.00291571
64 63 0.00431958
64 65 0.00274351
64 64 0.18310162
64 66 0.00639626
64 62 0.00074023
35 20 0.00137306
35 35 0.90696982
35 36 0.00788713
124 122 0.00823678
124 126 0.00156192
124 127 0.00696343
124 133 0.67715271
124 120 0.01135046
124 131 0.01185922
124 129 0.00734252
124 125 0.00092291
124 119 0.00082139
124 128 0.00177929
124 132 0.00113929
124 124 0.01159092
137 134 0.00177531
137 139 0.00095876
137 146 0.79787244
137 137 0.05281822
137 132 0.00311461
137 140 0.00242949
137 136 0.01435505
137 133 0.01660623
137 135 0.06512229
74 76 0.03673685
74 77 0.00412094
74 73 0.00442463
74 71 0.02282984
74 74 0.73111225
74 75 0.01773806
95 104 0.00051235
95 95 0.00236902
95 102 0.00220826
95 103 0.00349421
95 99 0.09374824
95 90 0.00346371
95 94 0.00815650
95 98 0.04309749
95 100 0.02732452
95 93 0.01544837
95 91 0.00368121
95 92 0.03344691
95 101 0.25974583
95 97 0.02858627
75 75 0.63810990
75 74 0.00184725
75 72 0.00375392
75 76 0.00088679
99 96 0.00481815
99 105 0.22251898
99 101 0.01790896
99 97 0.00849512
99 107 0.03060047
99 104 0.02088152
99 95 0.01298155
99 102 0.00165713
99 103 0.01220067
99 99 0.00164746
99 108 0.07072169
99 106 0.06170204
81 79 0.00172005
81 83 0.00056149
81 82 0.00091564
81 80 0.00063927
81 81 0.27630470
81 78 0.03456037
81 77 0.00057529
48 47 0.00219639
48 49 0.00100786
48 48 0.61085164
108 116 0.01354540
108 110 0.00248837
108 106 0.03372750
108 108 0.10260089
108 113 0.01171462
108 103 0.00065536
108 104 0.02318584
108 111 0.00051994
108 117 0.54603481
108 107 0.02412569
108 114 0.05067192
108 105 0.00266750
108 112 0.00080451
150 159 0.70288451
39 40 0.00085220
39 39 0.73732832
39 24 0.00140568
58 57 0.00281001
58 58 0.20124124
58 59 0.00081452
73 74 0.01869571
73 75 0.03652982
73 73 0.54659160
73 76 0.00294283
73 72 0.00110879
9 11 0.00279774
9 5 0.00638126
9 10 0.00101921
9 8 0.00197457
9 21 0.00075775
9 9 0.76446425
9 13 0.00277804
9 6 0.00237355
77 62 0.00082008
77 74 0.14861526
77 79 0.03032624
77 80 0.01495807
77 78 0.00994693
77 77 0.60389020
77 59 0.00053057
77 76 0.00189727
127 125 0.03922536
127 132 0.00888572
127 123 0.02216847
127 129 0.00108540
127 130 0.00502192
127 134 0.00825201
127 135 0.00275487
127 127 0.03421551
127 131 0.00401332
127 133 0.00092510
127 136 0.55046438
56 56 0.57327446
56 55 0.01285791
56 57 0.00302323
56 58 0.00141066
56 40 0.00086195
109 114 0.01251260
109 109 0.10260164
109 107 0.02338292
109 117 0.00486078
109 105 0.00433768
109 118 0.60188842
109 115 0.00110480
109 106 0.00223122
109 108 0.03584541
109 103 0.00095449
109 113 0.00060413
109 111 0.00112589
101 105 0.00364652
101 97 0.07076483
101 107 0.08152966
101 101 0.00247626
101 109 0.08549490
101 98 0.00132507
101 108 0.04328532
101 99 0.04328200
101 110 0.32086875
101 106 0.00737116
101 104 0.00066041
101 103 0.01502900
114 121 0.00913694
114 108 0.00129078
114 116 0.00210058
114 110 0.00576341
114 111 0.00539142
114 123 0.39438676
114 119 0.00423932
114 113 0.01121987
114 112 0.01341076
114 114 0.10239860
114 109 0.01206755
114 122 0.00269051
114 120 0.03203695
114 118 0.00091856
114 115 0.01087275
27 14 0.00142024
27 16 0.00150520
27 17 0.00078011
27 12 0.01027362
27 22 0.00063656
27 23 0.00260298
27 26 0.00182014
27 15 0.00252620
27 13 0.00146130
27 29 0.00055943
27 30 0.00225320
27 20 0.00094681
27 24 0.00114415
27 27 0.55631793
144 150 0.00387429
144 152 0.00240175
144 142 0.01058736
144 146 0.00318034
144 147 0.01411481
144 153 0.57272571
144 144 0.06471726
144 143 0.01115625
144 145 0.00800807
144 149 0.00083315
107 112 0.00483708
107 105 0.00294604
107 109 0.00912364
107 101 0.00190982
107 114 0.00075847
107 107 0.09230457
107 115 0.00172723
107 106 0.00611469
107 110 0.00068720
107 116 0.44310235
107 104 0.00526729
107 111 0.00158237
107 102 0.00083716
107 103 0.02111165
107 113 0.05108398
62 61 0.00370879
62 62 0.22038059
62 60 0.00060938
80 79 0.00271674
80 83 0.02190891
80 82 0.00901686
80 80 0.31921981
80 81 0.00107858
80 78 0.00201014
80 77 0.00631016
33 33 0.28241146
119 121 0.02353584
119 116 0.00180957
119 124 0.00215267
119 123 0.00055464
119 119 0.05414441
119 128 0.44229919
119 125 0.00439614
119 113 0.00200043
119 122 0.00213681
119 114 0.02278263
119 117 0.02557460
119 115 0.01616940
119 118 0.00184511
119 120 0.02934171
119 127 0.00131391
119 126 0.00237607
5 8 0.00930363
5 5 0.68671559
5 1 0.00116350
5 4 0.00083326
5 9 0.00070135
5 2 0.00074116
5 6 0.00076474
42 42 0.53120197
41 41 0.40185388
90 95 0.00434587
90 87 0.01319815
90 92 0.03901056
90 91 0.00300250
90 96 0.00114247
90 86 0.00087179
90 88 0.00263664
90 94 0.10370627
90 90 0.00864147
90 89 0.05063359
90 93 0.04407131
115 121 0.01508789
115 110 0.00747847
115 116 0.02379500
115 123 0.00217722
115 111 0.03072643
115 124 0.43287254
115 113 0.01480518
115 119 0.00050882
115 112 0.01710424
115 117 0.00843389
115 114 0.01962299
115 122 0.00772158
115 109 0.00050876
115 118 0.00054041
115 120 0.00050239
115 115 0.09423621
118 112 0.00285421
118 117 0.00332597
118 114 0.00480919
118 118 0.01831600
118 120 0.00366803
118 115 0.00366072
118 126 0.00154591
118 127 0.40054753
118 116 0.01925596
118 123 0.00359982
118 124 0.00087846
118 113 0.02664715
118 119 0.00529772
94 92 0.00728860
94 96 0.03036510
94 91 0.05479588
94 97 0.07332359
94 101 0.00138289
94 94 0.00158711
94 90 0.04508221
94 89 0.00562050
94 98 0.11147689
94 100 0.13290207
94 93 0.01830928
94 99 0.03062565
94 102 0.00205520
68 68 0.37757818
68 65 0.05514593
68 64 0.00148236
68 50 0.00118913
68 69 0.02008453
68 70 0.03621835
68 66 0.01027870
25 24 0.00636643
25 29 0.00086581
25 30 0.00069435
25 25 0.54789577
25 15 0.00079672
25 13 0.01181031
25 26 0.00095188
25 21 0.00219106
25 22 0.00155760
25 23 0.00069011
25 12 0.00065502
25 14 0.00349822
25 10 0.00323440
50 52 0.00203438
50 50 0.34114577
136 138 0.00123313
136 134 0.06849585
136 139 0.00116809
136 132 0.00117410
136 136 0.04325257
136 145 0.62697028
136 135 0.00390729
136 133 0.00111713
136 131 0.00139975
140 139 0.00052667
140 141 0.00097916
140 138 0.03275864
140 149 0.67341257
140 143 0.00493830
140 140 0.00206657
117 119 0.03065112
117 113 0.01661699
117 125 0.00410470
117 111 0.00298260
117 124 0.00350276
117 123 0.00941125
117 116 0.01142413
117 121 0.00068965
117 126 0.29432222
117 120 0.00281167
117 118 0.03753026
117 115 0.02815796
117 114 0.01865803
117 122 0.00613464
117 117 0.07195938
117 112 0.02606144
61 61 0.18998085
61 60 0.00056225
1 1 0.84163804
1 4 0.00070674
16 9 0.00078620
16 13 0.00195673
16 15 0.00073332
16 6 0.00084525
16 16 0.39831398
16 10 0.00385244
16 17 0.00241608
16 14 0.00159024
16 12 0.00398898
16 22 0.00065062
125 127 0.00144986
125 133 0.00130713
125 120 0.00166268
125 128 0.00732626
125 125 0.03255324
125 132 0.00956298
125 123 0.00222987
125 130 0.00737385
125 129 0.00185828
125 134 0.69739084
125 121 0.01361627
83 79 0.00569511
83 82 0.01501278
83 83 0.19591419
83 80 0.02933064
83 81 0.00154505
83 84 0.00122576
142 145 0.00584320
142 143 0.00053513
142 151 0.58833720
142 140 0.00134522
142 142 0.05386857
142 141 0.00051795
129 129 0.00441734
129 134 0.00586917
129 138 0.45644075
129 132 0.00395496
129 137 0.00335285
129 125 0.00514036
129 136 0.00611009
129 131 0.00068994
129 133 0.00350860
129 127 0.00123367
129 135 0.00103840
8 18 0.00090545
8 20 0.00074229
8 10 0.00161438
8 5 0.00499818
8 11 0.00107878
8 19 0.00066287
8 8 0.82179953
8 12 0.00524774
84 85 0.00306587
84 82 0.00442797
84 83 0.01019999
84 80 0.00750500
84 81 0.00183917
84 84 0.13469854
141 144 0.00540411
141 140 0.00072761
141 150 0.82757022
141 141 0.00180443
141 142 0.00091753
141 139 0.00880103
116 115 0.01438277
116 118 0.01565554
116 122 0.01274966
116 114 0.01601015
116 117 0.02672084
116 112 0.02086202
116 119 0.00088830
116 125 0.57630068
116 113 0.02583253
116 124 0.00411160
116 111 0.02128661
116 123 0.00382095
116 110 0.00215597
116 116 0.09351009
116 121 0.00697473
18 8 0.00356831
18 12 0.00382496
18 19 0.00876296
18 23 0.00054822
18 17 0.01242625
18 10 0.00132636
18 14 0.00106852
18 9 0.00059686
18 18 0.44724522
18 13 0.00075903
18 15 0.00057853
131 129 0.04995787
131 139 0.00515627
131 134 0.00123651
131 138 0.00218248
131 131 0.01215296
131 133 0.00052540
131 135 0.00165714
131 127 0.00944470
131 126 0.00125204
131 136 0.00089764
131 140 0.57637659
69 70 0.00092660
69 69 0.47595898
69 66 0.01755327
69 71 0.00177889
133 132 0.00090055
133 128 0.00058960
133 142 0.62492422
133 129 0.01350525
133 141 0.00103743
133 131 0.04409131
133 133 0.04050488
133 140 0.00112925
70 71 0.01949729
70 52 0.00124151
70 67 0.00235558
70 73 0.00130498
70 70 0.45879202
70 68 0.00137640
70 72 0.03744281
100 106 0.23319046
100 108 0.05628472
100 99 0.00138554
100 103 0.00274664
100 95 0.00238409
100 102 0.01632889
100 104 0.01149832
100 107 0.04202651
100 97 0.01202609
100 109 0.13690399
100 105 0.01827541
100 96 0.04261258
100 98 0.00973722
100 100 0.00549763
98 106 0.02069633
98 103 0.01657800
98 102 0.00974063
98 95 0.07531705
98 104 0.02970033
98 97 0.00314575
98 107 0.01623789
98 101 0.00212881
98 105 0.00505827
98 96 0.00327996
98 100 0.00797794
98 93 0.00281341
98 98 0.00206508
98 94 0.00300491
38 38 0.33364386
30 23 0.00261960
30 16 0.00067502
30 17 0.00064743
30 14 0.00060112
30 30 0.47070169
30 29 0.00053370
30 27 0.00103219
30 24 0.00071286
30 26 0.00100626
30 15 0.00260978
143 144 0.00095583
143 148 0.00054482
143 143 0.01361880
143 149 0.00165294
143 152 0.67810313
143 141 0.00112902
143 142 0.00087247
143 146 0.00867704
112 111 0.03256174
112 113 0.00472865
112 119 0.00544081
112 121 0.38837635
112 108 0.03580818
112 110 0.01574491
112 106 0.00188141
112 115 0.00057873
112 120 0.00437182
112 118 0.03885054
112 112 0.10448290
112 107 0.00991151
112 117 0.01345239
112 109 0.00255225
105 107 0.01154399
105 109 0.00221046
105 101 0.04692456
105 114 0.59979983
105 105 0.06170316
105 112 0.00107218
105 100 0.00375448
105 110 0.00278683
105 108 0.00248742
105 113 0.01505134
105 103 0.00863359
105 102 0.02390477
105 104 0.00454864
105 111 0.05179230
24 14 0.00319653
24 10 0.00055743
24 16 0.00089519
24 21 0.00139732
24 23 0.01062606
24 22 0.00138471
24 12 0.00617517
24 15 0.00077837
24 13 0.00719087
24 26 0.00050374
24 9 0.00231673
24 24 0.42361267
24 30 0.00071387
24 29 0.00064490
24 20 0.00073495
24 25 0.00228687
