48 55 48 55 0.05279505
4 153 4 153 0.23081582
80 89 80 89 0.00217086
21 29 21 29 0.00125255
3 156 3 156 0.00956765
3 154 3 154 0.22956061
69 99 69 99 0.00098401
69 85 69 85 0.00177518
28 71 28 71 0.18112213
28 72 28 72 0.03465069
30 39 30 39 0.00176358
6 94 6 94 0.00436937
83 91 83 91 0.00128280
41 60 41 60 0.02088659
41 59 41 59 0.33991256
47 56 47 56 0.16614565
29 70 29 70 0.21590998
32 67 32 67 0.00531502
32 68 32 68 0.43322218
71 83 71 83 0.01642030
71 88 71 88 0.00072743
5 152 5 152 0.34806747
81 88 81 88 0.00181466
14 26 14 26 0.21074493
14 86 14 86 0.17870237
91 97 91 97 0.20092554
31 38 31 38 0.00414276
31 69 31 69 0.20496062
24 76 24 76 0.05582948
2 155 2 155 0.28964341
2 157 2 157 0.01661381
45 57 45 57 0.15038377
37 46 37 46 0.00145738
37 63 37 63 0.33531301
90 98 90 98 0.13090290
16 84 16 84 0.11607900
16 24 16 24 0.21096509
89 99 89 99 0.25863498
13 27 13 27 0.23216562
13 87 13 87 0.20149587
85 89 85 89 0.00483941
38 45 38 45 0.00275559
38 62 38 62 0.26600803
12 88 12 88 0.20675813
12 28 12 28 0.16243227
84 90 84 90 0.00184715
22 28 22 28 0.00364280
46 56 46 56 0.10287369
26 74 26 74 0.07096044
26 73 26 73 0.06772100
20 30 20 30 0.00176169
39 61 39 61 0.29946389
39 44 39 44 0.02515161
68 86 68 86 0.00052094
70 84 70 84 0.00454377
33 67 33 67 0.44033248
15 85 15 85 0.14164652
15 25 15 25 0.18936803
