41 60 41 60 0.02551161
41 59 41 59 0.31319033
29 70 29 70 0.14659375
47 55 47 55 0.17726790
47 56 47 56 0.04331634
10 112 10 112 0.00324844
32 68 32 68 0.28139792
32 67 32 67 0.00587551
110 120 110 120 0.01479395
71 88 71 88 0.00447479
71 83 71 83 0.00092458
71 109 71 109 0.00481091
71 155 71 155 0.04012394
78 109 78 109 0.10412801
40 155 40 155 0.00219275
62 98 62 98 0.01021251
62 67 62 67 0.00353650
62 68 62 68 0.00280589
76 84 76 84 0.00052176
76 110 76 110 0.21445423
124 148 124 148 0.29995582
58 103 58 103 0.01527916
121 150 122 150 0.00059118
121 151 121 151 0.10029274
28 72 28 72 0.01731541
28 71 28 71 0.07219190
6 148 6 148 0.00137135
6 157 6 157 0.01127467
6 32 6 32 0.03711806
106 115 106 115 0.00056086
61 100 61 100 0.00351924
129 143 129 143 0.25538762
83 105 83 105 0.29377890
83 91 83 91 0.00175462
80 108 80 108 0.28515230
25 75 25 75 0.00086855
74 80 74 80 0.00197505
74 112 74 112 0.21258547
3 72 3 72 0.00371113
3 154 3 154 0.08964672
3 156 3 156 0.02158936
3 10 3 10 0.00485503
3 35 3 35 0.01420821
3 151 3 151 0.00528397
69 111 69 111 0.00236715
69 99 69 99 0.00115136
69 76 69 76 0.00232040
69 157 69 157 0.01427861
69 90 69 90 0.00113229
131 144 131 144 0.00160587
131 139 131 139 0.00617244
131 141 131 141 0.26613811
131 142 131 142 0.03128746
108 113 108 113 0.00209809
75 111 75 111 0.19173968
48 54 48 54 0.18869493
48 55 48 55 0.00907159
87 100 87 100 0.03888725
87 102 87 102 0.05139053
63 97 63 97 0.00123704
112 118 112 118 0.02840406
72 113 72 113 0.01125948
4 71 4 71 0.00428368
4 150 4 150 0.00636630
4 153 4 153 0.08888535
4 158 4 158 0.14941653
4 10 4 10 0.00681396
4 9 4 9 0.00919221
4 34 4 34 0.01986438
60 101 60 101 0.00743258
82 106 82 106 0.23605271
59 102 59 102 0.02722270
39 44 39 44 0.13080262
39 61 39 61 0.24734902
39 156 39 156 0.00162418
70 75 70 75 0.00488201
70 89 70 89 0.00130297
70 156 70 156 0.02345364
70 110 70 110 0.00182846
70 115 70 115 0.00686515
68 100 68 100 0.00111835
68 112 68 112 0.00270585
114 155 114 155 0.00675955
114 121 114 121 0.01492606
33 67 33 67 0.28840902
33 65 33 65 0.00840513
15 25 15 25 0.29422742
55 65 55 65 0.00075225
128 144 128 144 0.31332756
119 157 119 157 0.00508712
119 152 119 152 0.12499926
84 90 84 90 0.00621692
84 104 84 104 0.23075874
113 117 113 117 0.04710745
46 56 46 56 0.22476492
125 147 125 147 0.31701785
126 146 126 146 0.31650503
26 74 26 74 0.00328043
57 104 57 104 0.06784046
57 62 57 62 0.00125161
11 157 11 157 0.00625478
11 111 11 111 0.00159615
7 155 7 155 0.03092552
130 145 130 145 0.00174269
123 149 123 149 0.21192837
37 63 37 63 0.25778418
37 64 37 64 0.01906597
37 46 37 46 0.01358140
111 119 111 119 0.00997504
120 151 121 151 0.00052161
120 156 120 156 0.02908861
117 155 117 155 0.00877371
1 37 1 37 0.00108366
90 98 90 98 0.27628624
73 113 73 113 0.16586485
73 112 73 112 0.00497209
16 24 16 24 0.29917792
13 27 13 27 0.37866193
89 99 89 99 0.29418173
54 66 54 66 0.00063253
127 145 127 145 0.31470538
115 157 115 157 0.00672881
85 89 85 89 0.02623653
12 28 12 28 0.29768908
38 62 38 62 0.21204404
38 45 38 45 0.01244173
38 157 38 157 0.00247991
67 113 67 113 0.00266330
5 152 5 152 0.18002118
5 157 5 157 0.03892481
5 70 5 70 0.00476882
5 33 5 33 0.02410778
5 149 5 149 0.00353567
107 114 107 114 0.00118527
81 107 81 107 0.29367277
91 97 91 97 0.37354002
14 26 14 26 0.34476748
31 69 31 69 0.16588192
31 68 31 68 0.00581573
56 105 56 105 0.22809605
56 64 56 64 0.00158324
9 113 9 113 0.00542950
79 110 79 110 0.01057899
132 140 132 140 0.24425651
132 143 132 143 0.00135428
2 157 2 157 0.03297370
2 152 2 152 0.00335683
2 155 2 155 0.12264497
45 57 45 57 0.19332356
