3 156 3 156 0.06612583
3 15 3 15 0.00146345
3 154 3 154 0.06844422
3 93 3 93 0.00227635
65 94 65 94 0.01488180
69 90 69 90 0.02877737
97 153 97 153 0.00091860
4 92 4 92 0.00235867
4 14 4 14 0.00399113
63 97 63 97 0.03139517
99 156 99 156 0.00847637
71 88 71 88 0.05776160
40 155 40 155 0.00957563
62 98 62 98 0.09063333
30 39 30 39 0.02571645
6 157 6 157 0.01192798
58 103 58 103 0.06885367
83 91 83 91 0.01298637
37 46 37 46 0.05928897
37 50 37 50 0.02549273
90 156 90 156 0.00092055
90 98 90 98 0.07815771
13 27 13 27 0.36369522
89 99 89 99 0.15423072
89 157 89 157 0.00092999
98 157 98 157 0.00152199
16 24 16 24 0.29626107
16 156 16 156 0.00087011
85 89 85 89 0.02041251
12 28 12 28 0.30776322
38 157 38 157 0.00605805
38 49 38 49 0.01522105
38 45 38 45 0.04853364
5 13 5 13 0.03516667
31 38 31 38 0.04682553
14 26 14 26 0.34100876
91 97 91 97 0.16212551
91 155 91 155 0.00141814
56 105 56 105 0.26872800
79 84 79 84 0.06509510
79 89 79 89 0.02336883
2 157 2 157 0.07622048
2 94 2 94 0.00116219
2 155 2 155 0.06091620
59 102 59 102 0.05255933
39 44 39 44 0.20692644
39 156 39 156 0.00471556
39 48 39 48 0.00823274
70 89 70 89 0.02663980
15 25 15 25 0.29085146
15 157 15 157 0.00108773
84 90 84 90 0.01239488
57 104 57 104 0.14427233
