5 5 0.24773700
5 7 0.00138583
5 6 0.03710150
5 4 0.03188740
5 3 0.00083586
56 57 0.38428200
56 56 0.46644400
56 55 0.00095578
106 104 0.00224175
106 103 0.19254600
129 126 0.00853881
15 15 0.49777800
15 16 0.01003470
15 13 0.03353900
15 14 0.00529151
130 127 0.02008560
95 93 0.05125050
95 95 0.00891376
66 67 0.00911849
66 66 0.00543674
66 65 0.00165795
112 109 0.02008080
10 10 0.78196900
10 12 0.00057685
10 11 0.03736790
10 8 0.00085952
10 9 0.06405780
107 104 0.00716602
107 105 0.00125456
109 106 0.01018100
80 79 0.00904156
80 80 0.40422400
80 78 0.02135520
80 81 0.00090339
117 114 0.29062900
42 41 0.01942880
42 40 0.00120653
42 42 0.01795310
42 43 0.00301863
16 17 0.02672960
16 14 0.03789420
16 16 0.37218400
16 15 0.02840210
64 64 0.53298100
64 65 0.13521500
61 61 0.01749750
61 62 0.45977400
96 96 0.02097990
96 94 0.04262920
96 93 0.00099056
1 1 0.29706800
1 3 0.00086178
23 24 0.01163410
23 22 0.00291091
23 21 0.67301900
23 23 0.11107100
127 124 0.29708300
44 43 0.19344000
44 42 0.00086588
44 44 0.35743400
44 45 0.40594200
97 94 0.00333564
97 97 0.08990230
97 95 0.03707870
41 39 0.00123092
41 41 0.00391004
41 40 0.00848163
46 45 0.00066709
46 46 0.01828200
46 47 0.00529009
57 58 0.42633500
57 57 0.46818000
57 56 0.00093283
139 136 0.08247750
139 134 0.01384160
139 138 0.00132446
139 137 0.00157439
139 135 0.04382130
123 120 0.99072500
54 56 0.00066221
54 55 0.38708000
54 54 0.46414400
43 43 0.09807350
43 42 0.24548200
43 41 0.00376739
43 44 0.01233630
24 25 0.01120200
24 22 0.36365400
24 24 0.05521850
120 117 0.99685900
74 73 0.00109976
74 75 0.00123016
74 74 0.23014200
34 35 0.00313822
34 32 0.04854930
34 34 0.02113220
34 33 0.00797009
102 100 0.30693600
102 101 0.00348970
102 102 0.16640100
102 99 0.07031090
47 48 0.00536033
47 47 0.18492500
30 28 0.02610580
30 30 0.11505300
30 29 0.00434519
30 31 0.00327879
30 32 0.00158371
32 31 0.34335600
32 32 0.11227600
32 30 0.08368040
32 33 0.00543569
25 25 0.04372380
25 23 0.28117000
25 26 0.00623757
48 48 0.13674200
48 49 0.53283600
53 54 0.38682600
53 53 0.21714100
132 129 0.01120210
136 133 0.83009700
136 135 0.00202942
136 132 0.00810937
14 14 0.16312400
14 13 0.03843140
14 15 0.03661280
14 12 0.00584187
62 63 0.46252700
62 62 0.53545400
6 7 0.03922250
6 6 0.84869600
6 5 0.03498360
6 8 0.00131575
26 26 0.04466350
26 27 0.00101918
26 24 0.01045030
63 64 0.46335700
63 63 0.53455000
45 45 0.38590000
45 46 0.00567810
45 44 0.05959150
91 92 0.00160192
91 91 0.77008200
91 89 0.05763170
145 143 0.09814590
145 142 0.03765710
145 140 0.02759850
145 141 0.33230200
145 144 0.00594697
110 107 0.02007090
133 130 0.00975477
70 71 0.08317890
70 70 0.57643900
70 69 0.07180610
27 28 0.00094295
27 27 0.05953090
27 25 0.02241260
78 78 0.26440200
78 77 0.01219020
78 76 0.00293451
84 84 0.02172590
84 82 0.05901630
13 14 0.00313462
13 13 0.05483500
13 11 0.00181036
13 12 0.05019950
93 92 0.00171917
93 93 0.02112590
93 91 0.03438780
124 121 0.99101200
28 30 0.00133110
28 29 0.00128174
28 26 0.29736000
28 28 0.01420170
17 15 0.04104380
17 16 0.02988390
17 18 0.02367510
17 17 0.25879800
153 150 0.02074020
153 151 0.07012520
153 148 0.02665630
153 149 0.12592100
149 144 0.03360070
149 145 0.73981200
149 146 0.02829770
149 147 0.15541200
29 31 0.00148265
29 30 0.00229571
29 29 0.11789300
29 27 0.39857000
29 28 0.00166453
31 33 0.00169015
31 31 0.11344500
31 32 0.00440581
31 29 0.77898300
31 30 0.06950860
143 141 0.10095700
143 138 0.02389760
143 139 0.61677500
143 140 0.05814690
143 142 0.00084549
89 88 0.00053404
89 87 0.03055300
89 89 0.80129400
115 112 0.99105000
99 97 0.09146790
99 99 0.43843600
99 96 0.00726026
99 98 0.00476390
140 138 0.00424153
140 136 0.04717410
140 139 0.00145631
140 135 0.01650550
140 137 0.01364730
154 151 0.01679880
154 150 0.75206700
154 149 0.00763058
154 152 0.15795200
103 102 0.00781851
103 103 0.04165000
103 101 0.32330800
103 100 0.13820500
156 151 0.06016630
156 152 0.76822600
156 153 0.00462388
155 150 0.06126670
155 151 0.69584700
155 152 0.01311960
155 153 0.13013100
51 51 0.46562700
51 52 0.01221220
55 56 0.38547700
55 57 0.00064654
55 54 0.00065726
55 55 0.46511700
141 139 0.02404040
141 136 0.01813390
141 138 0.21269700
141 137 0.05585910
141 140 0.00461254
11 12 0.03671840
11 10 0.04629650
11 11 0.83972700
11 9 0.00106007
35 36 0.00151304
35 33 0.00054682
35 34 0.26432700
35 35 0.02736730
138 133 0.00119661
138 137 0.00063207
138 135 0.02379370
138 136 0.00074339
138 134 0.02654000
135 133 0.00351973
135 131 0.00147043
135 132 0.20879400
135 134 0.01984570
105 102 0.29502500
105 103 0.11259700
94 91 0.00060436
94 92 0.05757620
94 94 0.07334830
37 36 0.26299300
37 37 0.00136975
37 35 0.00749208
77 75 0.00085808
77 78 0.00061425
77 76 0.00120187
77 77 0.00679790
4 6 0.00141834
4 4 0.43943200
4 3 0.01995350
4 5 0.02442680
4 2 0.00091987
122 119 0.40315200
151 149 0.15717700
151 146 0.04547390
151 147 0.70847200
151 148 0.00170739
100 100 0.42240900
100 98 0.31597600
100 99 0.00566349
100 97 0.02421450
142 140 0.09880110
142 137 0.02137220
142 138 0.54151500
142 141 0.00084115
142 139 0.13517000
65 66 0.18262500
65 64 0.00115960
65 65 0.00546325
134 133 0.00062223
134 131 0.34921900
134 132 0.00095618
83 81 0.01576220
83 83 0.28852900
83 84 0.00080736
22 23 0.02133460
22 21 0.04193990
22 20 0.13763100
22 22 0.10491600
50 51 0.53090800
50 50 0.46430300
50 52 0.00168191
92 90 0.03423180
92 92 0.72410500
76 77 0.00749036
76 76 0.26297600
76 75 0.00131479
36 36 0.00215998
36 34 0.00061860
36 37 0.00078024
36 35 0.00679709
111 108 0.00853869
114 111 0.02005080
81 81 0.01636230
81 82 0.00059570
81 80 0.00084941
81 79 0.11179800
12 13 0.00139570
12 11 0.04529670
12 10 0.00113005
12 12 0.82979300
73 72 0.12806000
73 73 0.78460400
73 74 0.06283020
90 90 0.06932660
90 88 0.06788060
18 17 0.02909180
18 18 0.78643800
18 19 0.02060100
18 16 0.04709460
152 150 0.15569000
152 149 0.00452515
152 148 0.23715400
152 147 0.00898775
71 72 0.00400597
71 70 0.00250239
71 71 0.01387310
33 34 0.00654740
33 33 0.11147200
33 31 0.07025480
33 32 0.78098200
144 140 0.21843000
144 142 0.04465650
144 143 0.00064234
144 141 0.04532480
144 139 0.02470140
7 9 0.00060309
7 7 0.44369500
7 6 0.00241064
7 5 0.00167762
7 8 0.04074060
98 98 0.48618200
98 96 0.06704530
98 95 0.00450030
98 97 0.00151056
52 53 0.19707300
52 52 0.01186230
137 134 0.06148920
137 132 0.00060653
137 133 0.01474700
121 118 0.99686000
128 125 0.02008020
87 85 0.06641130
87 87 0.37321600
21 20 0.04390470
21 21 0.18372500
21 22 0.00073962
21 19 0.08439070
104 102 0.38327800
104 101 0.16438200
104 103 0.00055771
19 17 0.04929490
19 19 0.75825400
19 18 0.03051720
19 20 0.01985380
8 7 0.06070660
8 9 0.00895680
8 8 0.54740100
9 8 0.06269030
9 10 0.00381249
9 9 0.78143800
9 7 0.00060410
101 101 0.38814700
101 98 0.05211080
101 100 0.00389260
101 99 0.35066700
20 20 0.15171700
20 21 0.01406230
20 18 0.02498160
20 19 0.00430187
39 38 0.23005800
39 37 0.00122311
39 39 0.00112529
119 116 0.97384700
38 37 0.00775649
38 36 0.00420264
38 38 0.00105854
148 143 0.01953140
148 146 0.06190330
148 145 0.00291119
148 144 0.73812300
3 3 0.87044600
3 4 0.01325550
3 2 0.00657601
3 5 0.00133135
147 144 0.00394403
147 145 0.15002300
147 142 0.00305631
147 143 0.72865300
72 71 0.00250082
72 73 0.00247094
72 72 0.00806784
60 61 0.00589632
60 60 0.24832900
68 70 0.00053222
68 68 0.54227300
68 69 0.16919100
68 67 0.00942604
108 106 0.00158041
108 105 0.00994160
131 128 0.01176280
157 152 0.04733640
157 153 0.79448300
79 77 0.01962800
79 80 0.03908080
79 79 0.00808088
79 78 0.00772145
59 59 0.44964200
59 60 0.21369400
113 110 0.29708300
75 76 0.00421564
75 75 0.00775655
75 74 0.00105203
82 82 0.37379200
82 80 0.12044100
82 83 0.00246059
40 39 0.78516200
40 40 0.12871700
40 38 0.06242220
67 66 0.00227869
67 67 0.00750481
67 68 0.35093300
146 142 0.61148800
146 143 0.02835900
146 145 0.00098589
146 144 0.10489500
146 141 0.02755460
116 113 0.99093300
69 68 0.06312240
69 70 0.18805100
69 69 0.18078700
88 88 0.81045100
88 86 0.07908490
86 86 0.28441700
86 84 0.04870300
125 122 0.85554600
2 4 0.00080699
2 3 0.00169755
2 2 0.58743000
2 1 0.00988406
49 50 0.53246900
49 51 0.00101175
49 49 0.46460800
85 85 0.01202330
85 83 0.04452710
58 57 0.00050929
58 59 0.46839500
58 58 0.42699100
126 123 0.02847300
118 115 0.99680200
150 148 0.15507400
150 145 0.03563720
150 147 0.00215333
150 146 0.61235500
