85 79 0.99726000
85 80 0.00063009
92 86 0.81324100
120 113 0.00320425
120 114 0.97103300
128 122 0.53602400
128 121 0.01888680
129 122 0.00181376
129 123 0.70879700
53 48 0.00518221
53 49 0.04136960
53 47 0.44086100
88 81 0.00821427
88 82 0.99026500
148 143 0.00267093
148 142 0.97981200
124 118 0.98446100
9 6 0.00373080
9 8 0.05623770
9 9 0.28755500
9 5 0.12938900
9 4 0.00181055
9 7 0.11450600
98 93 0.00652119
98 92 0.83705300
20 20 0.00479855
20 19 0.01447890
20 17 0.00480591
20 15 0.02270050
20 16 0.33791900
20 18 0.01096000
135 128 0.01668720
135 129 0.68756400
78 72 0.99995600
80 74 0.99995800
58 52 0.69572100
58 54 0.00092788
63 58 0.00054111
63 57 0.84961000
7 7 0.35390000
7 4 0.00981929
7 3 0.06456600
7 6 0.03037650
7 2 0.00060565
7 5 0.02107030
16 15 0.01012740
16 16 0.01731030
16 11 0.02492410
16 12 0.28345000
16 14 0.16475600
16 13 0.01666880
96 91 0.00194201
96 90 0.79000700
131 124 0.06580490
131 125 0.48160800
46 41 0.28064300
46 42 0.01847950
46 43 0.08400430
46 40 0.06806680
69 64 0.00783890
69 63 0.98731000
69 62 0.00107692
117 111 0.60185700
117 110 0.11735400
146 140 0.79112900
146 141 0.00107806
51 44 0.00084273
51 45 0.20670800
51 46 0.15297200
51 47 0.00397022
99 93 0.96399800
138 131 0.00253453
138 132 0.98189800
133 126 0.00540155
133 127 0.61806800
97 91 0.76500600
97 92 0.00097941
37 32 0.75198400
37 34 0.00877514
37 33 0.00414582
37 31 0.02938900
13 13 0.21513600
13 8 0.03041430
13 9 0.47722300
13 10 0.02120080
13 11 0.11056800
13 12 0.02078610
142 136 0.97508900
56 51 0.01574690
56 50 0.79284200
56 52 0.01121240
56 53 0.00195735
49 46 0.00344313
49 45 0.11458600
49 43 0.01938610
49 44 0.60741300
145 140 0.00179769
145 139 0.95528000
95 89 0.73157800
118 111 0.07645930
118 112 0.61632400
31 28 0.01606140
31 26 0.03898300
31 27 0.01673810
31 29 0.09978670
31 25 0.00962200
44 39 0.74330600
44 41 0.13091000
44 38 0.07044580
44 40 0.00839795
10 8 0.10248100
10 5 0.00405524
10 9 0.04474900
10 6 0.03283270
10 10 0.27014100
10 7 0.01542920
54 50 0.13159400
54 51 0.00392660
54 49 0.00748811
54 48 0.59891100
149 144 0.00315268
149 143 0.94392000
110 104 0.60602000
64 59 0.00349421
64 58 0.68699300
141 135 0.55394000
77 71 0.99995100
134 128 0.85507200
134 127 0.00397493
121 115 0.49267300
121 114 0.00073105
38 32 0.02992430
38 35 0.08974790
38 34 0.00375982
38 33 0.78412000
104 98 0.97271900
104 96 0.00172521
17 12 0.02278500
17 15 0.01748350
17 16 0.03553630
17 17 0.01156520
17 14 0.03198500
17 13 0.42015000
154 148 0.73233100
79 73 0.99997000
76 70 0.99993900
41 36 0.71383100
41 35 0.02277020
41 37 0.00298598
41 38 0.13099100
103 97 0.94479300
103 98 0.00741056
103 95 0.00162144
147 141 0.65104100
147 142 0.00108211
11 7 0.31050100
11 11 0.26344300
11 8 0.02980250
11 9 0.10042900
11 10 0.04130190
11 6 0.00395610
155 149 0.99007200
123 117 0.98517800
116 110 0.59003100
116 109 0.00350920
5 3 0.00598813
5 4 0.00482623
5 5 0.81055100
5 1 0.00456872
5 2 0.00125247
109 103 0.98366500
42 38 0.00536697
42 37 0.32108500
42 36 0.04259390
42 39 0.13029700
127 120 0.03600070
127 121 0.55158400
90 83 0.00096085
90 84 0.99140800
18 15 0.01190650
18 16 0.23104400
18 18 0.00577064
18 14 0.51658000
18 13 0.02586580
18 17 0.02646350
61 55 0.96660100
157 151 0.98981600
157 152 0.00054064
52 47 0.02151970
52 46 0.27162300
52 48 0.08834920
40 34 0.00223645
40 36 0.00273599
40 37 0.00462299
40 35 0.05548510
107 101 0.67156900
14 11 0.01374750
14 12 0.11470800
14 13 0.02860430
14 14 0.12900300
14 10 0.20754600
14 9 0.02732110
91 85 0.88486300
91 84 0.00092576
137 130 0.00299075
137 131 0.98009900
43 38 0.72285700
43 40 0.12973800
43 37 0.05484820
43 39 0.00679116
156 150 0.99013800
21 19 0.21988000
21 21 0.00379834
21 20 0.01287050
21 17 0.29484100
21 16 0.05306360
21 18 0.00299538
4 4 0.86549300
4 3 0.00691125
4 2 0.00451294
89 82 0.00805407
89 83 0.99094300
89 81 0.00050554
101 95 0.16296400
101 96 0.00102788
101 93 0.00222706
136 129 0.00420773
136 130 0.60379500
72 66 0.99592800
72 65 0.00077326
72 67 0.00221243
55 51 0.00383266
55 50 0.00242302
55 52 0.00254557
55 49 0.25917100
28 22 0.00160916
28 26 0.00785212
28 24 0.05981610
28 23 0.51184200
67 61 0.98733900
67 62 0.01109180
67 60 0.00068103
94 88 0.94121200
65 60 0.00616341
65 59 0.97234600
114 107 0.22978400
114 108 0.60201200
83 77 0.99989300
30 28 0.10897000
30 26 0.12233500
30 24 0.00899140
30 27 0.01165760
30 25 0.52908800
24 22 0.02899940
24 18 0.00107814
24 20 0.13300700
24 21 0.00221689
24 19 0.04294110
150 145 0.00283255
150 144 0.99248700
71 64 0.00070625
71 65 0.99221100
71 66 0.00321385
2 2 0.95487000
2 1 0.00075801
27 22 0.15402300
27 23 0.11466200
27 25 0.17187700
27 21 0.00050968
29 25 0.10040300
29 23 0.00929997
29 27 0.04311960
29 24 0.07963040
29 26 0.00061854
50 44 0.13256600
50 45 0.56949600
50 46 0.10783000
106 100 0.68647300
74 68 0.99861400
3 3 0.91460700
3 2 0.00516604
3 1 0.00066115
143 137 0.16474900
86 79 0.00183621
86 80 0.99373100
57 52 0.00198304
57 53 0.00456062
57 51 0.82920900
151 145 0.81620200
151 146 0.00133294
108 102 0.83520200
15 15 0.02931950
15 12 0.01328210
15 11 0.27993300
15 14 0.06123400
15 13 0.14338500
15 10 0.02672100
100 94 0.95175200
100 95 0.01564520
130 124 0.58892100
130 123 0.00431587
1 1 0.99363800
8 4 0.09692350
8 3 0.00119060
8 6 0.07112750
8 8 0.30427100
8 5 0.00451016
8 7 0.04133530
126 120 0.79839100
126 119 0.00494577
84 78 0.99947900
66 61 0.00682947
66 59 0.00054521
66 60 0.99235400
158 153 0.00070079
158 152 0.98970900
105 99 0.55369000
105 97 0.00174530
32 29 0.01879520
32 27 0.23833400
32 30 0.05452260
32 28 0.13759700
32 26 0.00067590
82 76 0.99995900
70 65 0.00686442
70 64 0.99131600
70 63 0.00072997
115 108 0.03848150
115 109 0.65352400
34 28 0.02926050
34 30 0.09196790
34 31 0.05183780
34 29 0.68311500
34 32 0.04518760
125 119 0.54422000
125 118 0.00084904
62 56 0.97984700
35 29 0.02922300
35 32 0.07749200
35 31 0.06549800
35 30 0.74144500
35 33 0.01156570
59 55 0.00068277
59 53 0.70774400
47 44 0.04547390
47 41 0.02783690
47 42 0.45795600
47 43 0.03268240
36 32 0.01293110
36 31 0.74787400
36 30 0.02929690
36 33 0.13184300
36 34 0.00260107
111 105 0.68825600
111 104 0.00152391
39 35 0.00338347
39 36 0.05171800
39 33 0.03047400
39 34 0.29530000
102 97 0.00984285
102 96 0.95408200
102 94 0.00180264
45 41 0.01187170
45 39 0.08233750
45 40 0.38320700
45 42 0.04126230
159 153 0.99128600
159 154 0.00064077
113 107 0.61031400
113 106 0.00685422
139 133 0.59593200
68 62 0.98661000
68 61 0.00139396
68 63 0.01138290
144 138 0.94327700
12 12 0.25588500
12 11 0.02145840
12 7 0.01416190
12 10 0.09550200
12 8 0.44400400
12 9 0.02256090
48 44 0.00646844
48 43 0.10619400
48 45 0.04155650
48 42 0.08529400
87 80 0.00504816
87 81 0.99056700
33 28 0.67030300
33 30 0.02264090
33 31 0.05007210
33 27 0.00063470
33 29 0.13110000
93 87 0.98942000
119 113 0.46033100
119 112 0.01909620
60 54 0.66157100
132 126 0.83500500
132 125 0.15464300
152 146 0.60139800
140 134 0.61665000
26 23 0.00178667
26 21 0.03507710
26 24 0.23512300
26 22 0.16081300
22 17 0.08842990
22 21 0.00524357
22 20 0.17478200
22 19 0.02203150
22 18 0.37741600
122 116 0.98518500
153 147 0.72839500
6 6 0.54660600
6 2 0.03352920
6 5 0.00749187
6 4 0.02101940
6 3 0.00663921
23 21 0.22631000
23 20 0.00533327
23 19 0.18266800
23 17 0.00125591
23 18 0.08558690
160 154 0.99172100
81 75 0.99995600
19 17 0.03894570
19 19 0.00502955
19 14 0.02092660
19 18 0.02054410
19 16 0.01654700
19 15 0.21568400
75 69 0.99976000
25 22 0.00104823
25 21 0.17418600
25 20 0.46301900
25 23 0.01370860
73 68 0.00123267
73 66 0.00071831
73 67 0.99694500
112 106 0.63680200
112 105 0.01571810
