81 81 0.98383800
76 76 0.98416500
82 82 0.98409800
91 91 0.98819000
119 119 0.30458300
11 11 0.96768900
65 65 0.98419900
36 36 0.98417400
109 109 0.98592800
45 45 0.98418400
134 134 0.97744000
111 111 0.98593800
30 30 0.87167800
93 93 0.29664800
21 21 0.59040300
69 69 0.98331800
90 90 0.98813300
2 2 0.95201500
137 138 0.00076218
137 136 0.00379363
137 137 0.97257000
35 35 0.77054800
22 22 0.56983200
122 122 0.99836800
17 17 0.98887600
1 1 0.95506800
28 28 0.71129500
75 75 0.98428200
15 15 0.72013600
47 47 0.98409400
53 53 0.98422800
130 130 0.06967460
88 88 0.98806000
71 70 0.00089124
71 71 0.98325700
115 115 0.98538800
77 77 0.98394700
123 123 0.99894900
57 57 0.98431500
154 155 0.02378540
154 156 0.00067210
154 152 0.00064936
154 153 0.02817530
154 154 0.91406600
8 9 0.00299011
8 8 0.89995300
39 39 0.98420900
121 121 0.71155200
10 10 0.96752000
50 50 0.98420500
84 84 0.84761400
156 155 0.03218830
156 156 0.91054600
156 157 0.02589680
156 158 0.00065591
132 132 0.36645400
98 98 0.30010200
149 149 0.95739600
149 150 0.00128524
149 148 0.01021380
138 138 0.97321100
138 137 0.00360813
147 147 0.95939900
147 148 0.00174602
147 146 0.00686436
131 131 0.29765300
72 71 0.00051464
72 72 0.98368400
114 114 0.98537600
114 115 0.00055381
125 125 0.30299500
64 64 0.98427200
16 16 0.83776200
153 152 0.02535900
153 154 0.01084260
153 153 0.93908000
73 73 0.98422200
61 61 0.98429300
85 85 0.86629200
79 79 0.98406200
38 38 0.98429300
42 42 0.98430100
143 143 0.96700900
143 144 0.00113521
48 48 0.98425700
74 74 0.98428000
87 87 0.54135600
78 78 0.98393000
43 43 0.98425300
83 83 0.93698300
128 128 0.30002600
141 141 0.97007400
136 137 0.00113402
136 135 0.00218744
136 136 0.97278700
103 103 0.98743200
103 104 0.00066991
139 139 0.97227100
139 138 0.00377281
12 12 0.72816800
27 27 0.97909100
33 33 0.94444900
124 124 0.99941300
80 80 0.98384700
54 54 0.98416300
145 144 0.00349790
145 145 0.96273900
145 146 0.00176796
24 24 0.78063200
62 62 0.98419200
9 9 0.86462800
41 41 0.98429700
58 58 0.98430600
32 32 0.98952000
113 113 0.98557400
152 153 0.00374421
152 152 0.94863900
152 151 0.02517200
5 5 0.83680800
60 60 0.98430400
157 157 0.91422100
157 158 0.01604140
157 156 0.00595478
3 3 0.42926700
135 135 0.97494700
135 134 0.00052923
135 136 0.00069913
105 105 0.98655000
95 95 0.06968030
148 149 0.00142410
148 148 0.95843100
148 147 0.00820630
26 26 0.87364000
56 56 0.98430800
97 97 0.30002500
142 142 0.96923000
142 143 0.00071142
4 4 0.40962400
23 23 0.56929300
44 44 0.98415700
37 37 0.98424800
126 126 0.40611700
51 51 0.98422800
52 52 0.98424700
108 108 0.98591900
104 104 0.30492200
6 7 0.00051076
6 6 0.95508400
116 116 0.19552700
19 19 0.98886600
67 67 0.98428300
146 145 0.00523729
146 147 0.00198214
146 146 0.96080100
118 118 0.98630000
120 120 0.98675500
107 107 0.19505800
49 49 0.98428300
106 106 0.57307700
96 96 0.29977400
133 133 0.93469200
18 18 0.98886900
144 143 0.00195630
144 145 0.00149514
144 144 0.96494200
129 129 0.29977200
68 68 0.98416200
102 102 0.70998800
102 104 0.00161255
34 34 0.85303800
13 13 0.77357100
112 112 0.98576100
99 99 0.40611300
101 103 0.00080115
101 101 0.99751100
127 127 0.30010100
151 151 0.94982100
151 152 0.00257194
151 150 0.02170600
29 29 0.64370800
100 100 0.30292600
159 158 0.00750905
159 157 0.00125428
159 160 0.00187667
159 159 0.82011000
117 117 0.57307400
59 59 0.98427900
25 25 0.98202900
155 155 0.56159600
155 156 0.00182355
155 157 0.00053846
155 154 0.00471745
92 92 0.54163100
31 31 0.94462300
94 94 0.29766700
158 157 0.02846940
158 158 0.95003600
158 159 0.00283296
7 8 0.00321618
7 7 0.95050100
150 149 0.01691660
150 150 0.95437000
150 151 0.00143435
150 148 0.00182417
86 86 0.93773100
110 110 0.98585200
89 89 0.98807300
40 40 0.98424200
160 159 0.00370004
160 160 0.44650100
160 158 0.00150899
70 69 0.00085840
70 70 0.98334800
55 55 0.98429200
46 46 0.98408000
14 14 0.98072700
140 140 0.97000600
20 20 0.98885300
63 63 0.98424800
66 66 0.98428000
