57 61 0.00062634
57 57 0.32606800
57 58 0.00622932
57 59 0.04177490
154 154 0.14007200
8 8 0.07334940
39 40 0.00205863
39 39 0.21793100
39 41 0.15304600
75 76 0.00062830
75 75 0.53538900
75 78 0.07264530
75 77 0.00052945
15 16 0.00079489
15 15 0.99593700
47 47 0.32087900
47 49 0.25054900
53 53 0.33248100
53 56 0.00064978
53 54 0.53443300
53 57 0.00180345
53 55 0.02992940
88 87 0.00083897
88 88 0.97764500
88 89 0.00054072
130 130 0.09217670
71 73 0.02516660
71 71 0.39307400
71 75 0.00157347
71 74 0.09878570
71 72 0.10767400
115 116 0.00339508
115 114 0.05233980
115 115 0.66719500
77 77 0.82645700
77 78 0.00086115
77 80 0.06657370
77 79 0.00055017
123 123 0.97667900
123 122 0.00053414
69 69 0.37917200
69 72 0.01047270
69 71 0.19019200
69 70 0.05162340
69 73 0.00444754
90 90 0.99391000
90 91 0.00146659
2 2 0.99973600
137 137 0.99591700
137 136 0.00119441
35 35 0.47459800
35 37 0.00394817
35 36 0.00137891
22 22 0.89674400
122 121 0.00614397
122 122 0.96960200
17 18 0.00078200
17 17 0.99460500
1 1 0.86527900
28 28 0.41156700
76 77 0.00119038
76 76 0.54250800
76 79 0.05292360
81 83 0.00213178
81 80 0.00071397
81 85 0.00949524
81 81 0.83299000
81 84 0.12471200
81 82 0.00239929
82 84 0.00307752
82 81 0.00064438
82 85 0.10941500
82 82 0.75625900
82 83 0.00279932
82 86 0.01087420
91 92 0.00119922
91 91 0.99517900
119 118 0.01613760
119 119 0.21755800
119 120 0.01924290
11 11 0.99701900
36 36 0.49603000
36 37 0.01743190
36 38 0.06978420
65 67 0.20639100
65 65 0.31957200
65 69 0.02746960
111 111 0.86021200
111 112 0.03513290
111 110 0.02760030
134 134 0.99619800
134 133 0.00051453
109 108 0.00110418
109 110 0.15780900
109 109 0.77407200
45 45 0.32122000
45 47 0.05719070
93 93 0.37264700
21 21 0.98026900
30 30 0.89048300
48 50 0.04530880
48 48 0.33480700
74 77 0.16435200
74 75 0.00086662
74 74 0.37428100
74 76 0.00109636
87 87 0.93297600
87 88 0.00074111
87 86 0.00135399
78 80 0.00191224
78 81 0.14067400
78 78 0.82676000
83 82 0.00072833
83 87 0.01224370
83 84 0.00228386
83 85 0.00147457
83 86 0.05499850
83 83 0.84253100
43 43 0.34869000
43 45 0.07978640
43 44 0.00074865
128 128 0.31429600
141 141 0.99718400
136 136 0.99589800
136 135 0.00121148
103 104 0.07175720
103 102 0.00167512
103 103 0.89277700
12 12 0.99720300
139 139 0.99708700
27 27 0.66674800
33 33 0.60382500
124 123 0.01182480
124 124 0.98803400
61 65 0.00377188
61 64 0.00136137
61 63 0.00818250
61 61 0.35556100
85 87 0.00068303
85 85 0.86814500
85 84 0.00224984
85 86 0.00168491
85 89 0.00583350
85 88 0.00787552
79 83 0.00051877
79 81 0.00495446
79 79 0.82728700
79 82 0.13429600
38 40 0.05011980
38 39 0.00059397
38 38 0.55827800
42 42 0.32455100
42 44 0.01279480
42 43 0.00216306
143 143 0.99634100
132 132 0.41856700
98 98 0.31286400
149 149 0.20047200
138 137 0.00069649
138 138 0.99652900
147 147 0.99587800
147 146 0.00079679
72 73 0.00671019
72 72 0.51870600
72 75 0.10451900
72 76 0.00110792
72 74 0.00416897
131 131 0.36928000
64 66 0.24489000
64 68 0.00060397
64 67 0.00052573
64 64 0.37202800
125 124 0.00051128
125 125 0.31723700
114 113 0.04459610
114 114 0.89457000
114 115 0.03255880
16 17 0.00095122
16 16 0.99484800
153 153 0.78570100
73 73 0.42896500
73 77 0.00087870
73 75 0.00179177
73 76 0.16297400
73 74 0.00109655
121 120 0.00762470
121 121 0.59121100
10 10 0.99766000
50 50 0.33412000
50 51 0.04385130
50 52 0.23099600
84 87 0.04768510
84 85 0.00145045
84 84 0.85034500
84 86 0.00082317
84 83 0.00145407
84 88 0.00880011
156 155 0.00090084
156 156 0.99665500
19 19 0.98982900
67 71 0.00475147
67 70 0.00340524
67 69 0.07681350
67 67 0.29865100
146 145 0.00078695
146 146 0.99570400
118 119 0.00318509
118 117 0.00815359
118 118 0.46008100
120 120 0.92650400
120 119 0.00255304
120 121 0.00143717
107 106 0.00101744
107 108 0.00242397
107 107 0.67639300
49 51 0.00784032
49 49 0.33362200
49 50 0.00061611
106 107 0.00226844
106 106 0.36807300
106 105 0.00054364
96 96 0.32735600
52 54 0.09157700
52 52 0.33528800
52 53 0.46992600
108 109 0.18631000
108 108 0.71929700
51 53 0.15553300
51 52 0.40610500
51 51 0.33476300
104 103 0.00060131
104 105 0.03430420
104 104 0.12556800
6 5 0.00077154
6 6 0.99756700
116 115 0.00194512
116 116 0.67334700
116 117 0.01839360
148 148 0.99644100
26 26 0.71012800
56 58 0.00243214
56 57 0.24704900
56 56 0.32492200
97 97 0.31429500
142 142 0.99683800
4 4 0.99876100
44 46 0.21830000
44 44 0.31904900
23 23 0.88153200
37 39 0.02589570
37 38 0.00165514
37 37 0.78292000
126 126 0.42071600
80 84 0.00907873
80 79 0.00052642
80 81 0.00163554
80 80 0.82722400
80 82 0.00231608
80 83 0.08792260
54 56 0.00188968
54 55 0.01298560
54 54 0.33052100
54 57 0.00121286
54 58 0.00266727
24 24 0.90120000
145 145 0.99575800
145 144 0.00071361
62 66 0.02874630
62 64 0.58419300
62 62 0.32392300
9 9 0.99863500
41 41 0.36461600
41 43 0.57477200
41 42 0.00115968
58 62 0.00216094
58 60 0.01254970
58 59 0.01681770
58 58 0.32776100
32 32 0.88943400
32 34 0.00080976
113 112 0.03674410
113 114 0.02640650
113 113 0.90858700
152 152 0.07252170
5 4 0.00059075
5 5 0.99819300
157 157 0.99680800
157 156 0.00129736
157 155 0.00062381
60 60 0.35241000
60 64 0.02937120
60 63 0.00078942
60 62 0.04252630
60 61 0.00050270
3 3 0.99937500
105 105 0.39422200
105 106 0.05536020
135 135 0.99567100
135 134 0.00073975
95 95 0.09218550
55 59 0.00505633
55 58 0.00144983
55 56 0.04350270
55 57 0.00184402
55 55 0.32975900
46 46 0.31986900
46 48 0.02458580
14 14 0.99712000
20 20 0.93558600
140 140 0.20055800
63 63 0.35281900
63 65 0.53257600
63 67 0.02846220
66 68 0.02658150
66 69 0.00071373
66 66 0.18781300
155 155 0.99707900
25 25 0.99428100
31 31 0.89022600
92 92 0.99561000
7 7 0.86763200
94 94 0.36922700
158 158 0.14041000
150 150 0.99712900
86 86 0.92387200
86 89 0.00178211
86 90 0.00122356
86 87 0.00122290
86 85 0.00184023
110 109 0.02640050
110 111 0.09826140
110 110 0.79826000
89 89 0.98870200
89 90 0.00154771
40 42 0.41081200
40 41 0.01026840
40 40 0.42814200
160 160 0.99925400
70 74 0.00207915
70 72 0.12163800
70 71 0.08984840
70 70 0.34925300
70 73 0.07710530
112 111 0.02882180
112 113 0.03077650
112 112 0.91207800
99 99 0.42061200
101 102 0.00834432
101 101 0.96267700
127 127 0.31286800
151 151 0.99711700
151 149 0.00086370
29 29 0.49873900
159 159 0.78287700
100 101 0.00211258
100 100 0.31532600
117 118 0.01615160
117 117 0.44128700
117 116 0.00520884
59 60 0.00401181
59 61 0.18125100
59 59 0.34966700
133 133 0.95090600
18 18 0.90701800
18 19 0.00086217
129 129 0.32735400
144 143 0.00055718
144 144 0.99599700
68 72 0.00312708
68 69 0.01132520
68 68 0.33375000
68 71 0.02617040
68 70 0.34754900
102 103 0.01344760
102 102 0.58496200
102 101 0.00091178
34 34 0.88478000
34 36 0.00066073
13 13 0.99722900
