71 71 0.80214100
88 88 0.63523800
130 130 0.28409000
53 53 0.84226300
75 75 0.47238400
15 15 0.76956300
47 47 0.55532800
77 77 0.59698600
123 123 0.99995500
115 115 0.40451900
8 8 0.97996200
154 154 0.90495500
57 57 0.49423200
39 39 0.64531800
119 119 0.12061400
91 91 0.82406500
82 82 0.53662600
81 81 0.63918000
76 76 0.43733500
30 30 0.82037400
93 93 0.27761100
21 21 0.66659700
111 111 0.99996400
109 109 0.99995800
45 45 0.68340600
134 134 0.85465200
65 65 0.53715400
36 36 0.58279100
11 11 0.12167000
2 2 0.30517400
90 90 0.73048200
69 69 0.80479900
1 1 0.44543600
17 17 0.94346100
28 28 0.68133700
35 35 0.58616300
122 122 0.30153000
22 22 0.51984800
137 137 0.50904500
61 61 0.44019600
85 85 0.58899400
143 143 0.43070900
42 42 0.47998200
79 79 0.39684000
38 38 0.67526100
141 141 0.80859800
136 136 0.80354500
43 43 0.57712100
128 128 0.28977400
83 83 0.47010200
78 78 0.66429400
87 87 0.83026300
48 48 0.43338600
74 74 0.60092000
124 124 0.99995500
33 33 0.57977300
27 27 0.76741800
103 103 0.29042300
139 139 0.61657300
12 12 0.34577100
10 10 0.39702900
50 50 0.43317700
121 121 0.39492100
84 84 0.62678500
156 156 0.54237700
138 138 0.32683800
98 98 0.29023500
132 132 0.37457600
149 149 0.88499200
73 73 0.63886200
153 153 0.89296200
125 125 0.29592800
64 64 0.64270800
114 114 0.99994300
16 16 0.75031600
147 147 0.41864400
72 72 0.74084400
131 131 0.28668500
104 104 0.12061000
52 52 0.87396900
108 108 0.40452200
51 51 0.56203000
116 116 0.99996100
6 6 0.98179500
120 120 0.29042300
146 146 0.39211000
118 118 0.29042400
67 67 0.56911000
19 19 0.87167700
96 96 0.28818500
106 106 0.29734300
107 107 0.99998700
49 49 0.53453300
32 32 0.83216400
113 113 0.99989100
9 9 0.31545200
41 41 0.50143600
58 58 0.40882000
24 24 0.58114600
145 145 0.63502300
62 62 0.64180900
54 54 0.81282400
80 80 0.50406500
95 95 0.28409100
3 3 0.15423000
135 135 0.79583200
105 105 0.29042400
157 157 0.47966300
5 5 0.31994400
60 60 0.52355400
152 152 0.89088600
4 4 0.40231900
97 97 0.28977300
142 142 0.45018400
56 56 0.42394900
148 148 0.17638500
26 26 0.74420200
126 126 0.39484900
23 23 0.44275400
44 44 0.60330800
37 37 0.70199100
86 86 0.55813300
150 150 0.88706900
94 94 0.28397600
158 158 0.87805100
7 7 0.98084800
25 25 0.73969800
155 155 0.19910800
31 31 0.82477400
92 92 0.86028800
40 40 0.59467700
160 160 0.94243000
70 70 0.85613600
89 89 0.47244100
110 110 0.99992600
20 20 0.93722700
140 140 0.73975300
14 14 0.81416800
46 46 0.61157000
55 55 0.50230600
66 66 0.67427100
63 63 0.80334800
102 102 0.39492000
129 129 0.28818500
144 144 0.52675000
68 68 0.70983700
133 133 0.79996200
18 18 0.91505600
13 13 0.51600000
34 34 0.48007900
101 101 0.30153000
127 127 0.29023500
99 99 0.39484800
112 112 0.99993400
117 117 0.29734100
59 59 0.72126800
29 29 0.72842700
159 159 0.76330300
100 100 0.29592800
151 151 0.88706900
