146 146 0.79480442
99 97 0.01340490
99 99 0.53596814
158 158 0.84201871
25 25 0.72046200
132 131 0.00162395
132 132 0.78725774
132 133 0.01395788
142 142 0.33703928
124 124 0.76762487
77 76 0.00091065
77 77 0.69810305
53 52 0.00070200
53 53 0.74822709
53 54 0.00100170
75 74 0.00832366
75 75 0.59300660
75 73 0.00073608
128 128 0.93257645
128 129 0.00348279
81 79 0.00097973
81 83 0.00149907
81 82 0.00071204
81 81 0.69464040
81 80 0.00897420
31 31 0.79011149
152 152 0.77657605
80 78 0.00467702
80 79 0.00383989
80 80 0.54777064
29 29 0.49209887
134 135 0.05937811
134 134 0.68073031
102 103 0.00057284
102 102 0.64239027
102 100 0.00175449
153 153 0.68175622
90 92 0.00572971
90 91 0.00073069
90 90 0.86656187
36 36 0.67556552
71 71 0.50675271
148 148 0.26059915
9 9 0.69079718
9 10 0.00484905
9 8 0.02151947
118 118 0.45825456
52 52 0.70134272
52 51 0.00067360
69 69 0.80256042
39 39 0.60481498
103 103 0.68645699
103 102 0.00176317
103 101 0.00375204
93 93 0.54074151
93 92 0.00199488
93 95 0.00477789
126 127 0.00053161
126 126 0.70918034
26 26 0.77630346
95 95 0.80657610
95 94 0.00533348
95 93 0.00150414
7 7 0.70410303
7 6 0.01475712
7 8 0.00668828
22 22 0.63394247
127 127 0.93186661
127 128 0.00090387
72 72 0.50973457
37 37 0.56671733
15 14 0.00962008
15 15 0.61685330
15 16 0.01886180
143 143 0.84537165
144 144 0.75315936
85 85 0.64744631
85 87 0.00681494
85 84 0.00750688
117 117 0.33042944
2 2 0.26739288
2 1 0.00056540
94 96 0.00442389
94 93 0.00457564
94 94 0.62520912
97 97 0.57689276
97 96 0.01312703
97 95 0.00177264
62 62 0.52451522
150 150 0.76536880
6 7 0.00554083
6 5 0.00374305
6 6 0.60376419
65 65 0.73467425
129 129 0.94225644
129 130 0.01089516
129 128 0.00122790
135 135 0.35332593
135 136 0.02215817
108 108 0.78404282
108 107 0.00052016
44 44 0.61706779
23 23 0.93592560
84 83 0.00061699
84 86 0.00909452
84 84 0.72385500
87 88 0.00062213
87 89 0.00274474
87 86 0.00223702
87 87 0.70755526
1 1 0.45229582
111 111 0.42541759
32 32 0.68125534
149 149 0.48177442
79 77 0.00052434
79 78 0.00168817
79 79 0.54718172
43 43 0.68377093
66 66 0.97398821
137 138 0.00086742
137 137 0.39683642
113 113 0.91336910
86 85 0.00439690
86 86 0.69650718
24 23 0.00074170
24 24 0.78376802
58 58 0.63401937
48 48 0.55226851
73 72 0.00091564
73 73 0.54059348
18 18 0.70402952
18 17 0.00547166
18 19 0.00602168
45 45 0.58250504
64 64 0.77602159
141 141 0.19143210
28 28 0.49398617
30 30 0.53765199
130 129 0.00231508
130 130 0.71802554
130 131 0.03334197
91 91 0.74660932
91 93 0.00427419
154 154 0.75443339
83 85 0.00148994
83 82 0.01360769
83 83 0.77552986
92 91 0.00124816
92 92 0.75392606
92 94 0.00106386
19 18 0.00690488
19 20 0.00057553
19 19 0.55662960
139 139 0.45566336
51 51 0.69971596
33 33 0.71293955
55 55 0.75372556
47 47 0.74894797
47 46 0.00062929
61 61 0.53065920
112 112 0.26025699
114 114 0.49430201
42 42 0.60964555
50 50 0.64544647
74 74 0.57924371
74 73 0.00479607
67 67 0.94197410
14 13 0.01009405
14 15 0.01475641
14 14 0.62849260
70 70 0.75013508
160 160 0.87516219
40 40 0.69294254
159 159 0.73602218
109 109 0.85927538
100 100 0.47418126
125 125 0.88271280
104 104 0.66325438
104 102 0.00277412
104 103 0.00374992
13 14 0.01475571
13 12 0.01473873
13 13 0.62819562
27 27 0.53183257
88 87 0.00176781
88 90 0.00945418
88 89 0.00140293
88 88 0.81074633
98 98 0.72995392
98 96 0.00513563
98 97 0.00473717
147 147 0.71706860
5 4 0.00199545
5 6 0.00384989
5 5 0.69246655
105 105 0.57469611
105 103 0.00129815
105 104 0.00207124
20 19 0.00249329
20 20 0.49826023
11 10 0.00534543
11 12 0.01528815
11 11 0.83217942
136 137 0.00202542
136 136 0.20570710
106 106 0.73011711
106 104 0.00185857
106 105 0.00218676
120 120 0.93193030
138 138 0.44589886
138 139 0.00065300
54 54 0.73082104
54 53 0.00055146
54 55 0.00105780
41 41 0.62026373
140 140 0.89313536
63 63 0.65428618
110 110 0.78195094
21 20 0.00111451
21 21 0.49380759
121 121 0.68135068
151 151 0.77437187
101 101 0.56730833
145 145 0.71003659
12 12 0.64339147
12 13 0.00352936
12 11 0.02308243
16 15 0.00635451
16 17 0.01580702
16 16 0.61489418
34 34 0.75735330
96 96 0.64396194
96 95 0.01651562
96 94 0.00161369
35 35 0.63711904
89 88 0.00101388
89 91 0.00555510
89 89 0.81162788
89 90 0.00163338
38 38 0.58143633
115 115 0.41941637
156 156 0.86360691
122 122 0.71678066
82 84 0.00616387
82 81 0.00069910
82 83 0.00399429
82 82 0.67169547
57 57 0.64793208
107 107 0.77015695
107 106 0.00095656
76 76 0.70042860
76 74 0.01152957
76 75 0.00229352
131 132 0.02123927
131 130 0.00162913
131 131 0.12743462
17 17 0.57722604
17 16 0.00799201
17 18 0.01990743
59 60 0.00052033
59 59 0.61487943
119 119 0.93253201
49 49 0.58542715
133 132 0.00113421
133 134 0.01398566
133 133 0.64747794
157 157 0.79321370
4 4 0.71668246
4 5 0.00258637
4 3 0.00082197
10 10 0.65279895
10 9 0.02756307
10 11 0.00575101
8 8 0.66607434
8 7 0.02083229
8 9 0.00641522
3 2 0.00093682
3 4 0.00158677
3 3 0.67014490
68 68 0.94622787
60 60 0.58012185
60 59 0.00066847
123 123 0.29169991
78 76 0.00178673
78 77 0.00095192
78 78 0.56128892
56 56 0.70227326
116 116 0.42706073
155 155 0.85794522
46 46 0.83973715
46 45 0.00062449
