85 86 0.00941249
85 83 0.00232836
85 85 0.75059988
62 62 0.44986732
97 97 0.73616513
97 95 0.00089593
97 98 0.00698756
97 99 0.01926829
94 95 0.00699219
94 96 0.01387927
94 92 0.00197710
94 94 0.70849698
117 117 0.94135661
2 2 0.47218152
144 144 0.82645522
144 145 0.00050595
143 144 0.00275042
143 143 0.92506488
15 14 0.01533045
15 15 0.42036206
15 16 0.02377436
37 37 0.60707504
72 72 0.45663306
72 74 0.00051564
72 73 0.00194741
127 128 0.00198552
127 127 0.93845639
7 8 0.04963756
7 7 0.65621141
7 6 0.00962603
22 22 0.45932801
22 21 0.00281910
95 97 0.01009377
95 93 0.00918849
95 96 0.01896302
95 95 0.85395532
26 26 0.81754185
126 127 0.00082398
126 126 0.69509334
39 39 0.24228904
39 38 0.00072746
93 95 0.01341855
93 91 0.00799200
93 94 0.00593548
93 93 0.54542866
103 104 0.00552297
103 103 0.82557354
103 105 0.00182008
69 69 0.81828431
9 9 0.83323400
9 10 0.05555895
9 8 0.01864894
148 148 0.62700689
52 52 0.88366773
118 118 0.81009738
118 119 0.00056298
153 153 0.89749441
71 71 0.46392427
90 88 0.01703927
90 89 0.00071466
90 90 0.88538945
90 91 0.00062935
36 36 0.54091092
134 133 0.00058221
134 134 0.48552775
134 135 0.10363512
29 29 0.31281555
102 104 0.00605802
102 103 0.00479141
102 102 0.63027922
152 152 0.74504728
80 81 0.02686102
80 82 0.00178738
80 80 0.52638184
31 31 0.81167018
75 76 0.00875638
75 75 0.41913133
75 77 0.00057020
81 83 0.00141015
81 82 0.00161771
81 81 0.77134095
128 129 0.00888002
128 128 0.89023095
53 53 0.92607701
53 54 0.00076498
142 142 0.47835774
132 132 0.69459678
132 133 0.06212061
132 131 0.00135113
77 78 0.00202819
77 77 0.73693476
77 79 0.00112370
124 125 0.00067784
124 124 0.70082034
158 158 0.84575254
99 100 0.00081938
99 99 0.58765654
99 101 0.00062901
146 146 0.91714045
25 25 0.68771779
64 64 0.78727689
45 45 0.60532855
18 19 0.00435994
18 17 0.04543227
18 18 0.91532252
73 74 0.01374402
73 73 0.20575500
73 75 0.00280942
48 47 0.00062976
48 48 0.34603259
58 58 0.65031014
86 86 0.81383735
86 87 0.00475290
86 84 0.01438615
86 88 0.01719368
113 113 0.88416322
24 23 0.00094433
24 24 0.82403911
43 43 0.83120560
66 66 0.90244541
137 138 0.00353819
137 137 0.56446377
79 80 0.00979655
79 81 0.00306897
79 79 0.39301024
32 32 0.85217669
149 149 0.69284361
87 87 0.67697426
87 85 0.01155720
87 89 0.01719439
87 88 0.00343122
111 111 0.43870154
1 1 0.45876476
84 84 0.83785101
84 82 0.01070907
84 83 0.00073715
84 85 0.01450036
23 23 0.92894309
23 22 0.00205841
44 44 0.61881751
129 129 0.74451059
129 131 0.00092870
129 130 0.04190540
129 128 0.00073341
65 65 0.68596029
108 108 0.88596513
135 135 0.38929389
135 136 0.01282372
6 7 0.04442576
6 6 0.51283103
6 5 0.00325233
150 150 0.70923031
138 138 0.60680389
138 139 0.00113113
120 120 0.62193936
120 121 0.00561616
106 107 0.00098307
106 106 0.81935804
136 136 0.71860858
136 137 0.00731495
147 147 0.78844230
11 12 0.03670523
11 10 0.02018395
11 11 0.59842834
5 5 0.68770407
5 6 0.00656893
20 19 0.00460569
20 21 0.00093117
20 20 0.24639075
105 105 0.72753662
105 106 0.00234937
98 98 0.77738430
98 99 0.00052591
98 100 0.00071662
88 90 0.01719411
88 89 0.00210995
88 88 0.85706128
27 27 0.46947535
13 13 0.47508168
13 12 0.01749143
13 14 0.03419846
104 105 0.00342596
104 104 0.78389661
104 106 0.00299007
159 159 0.61331653
125 125 0.79208462
109 109 0.89169834
100 102 0.01617870
100 100 0.49267622
160 160 0.84002096
40 40 0.66873819
70 70 0.64473352
50 50 0.76330168
14 15 0.03144624
14 13 0.02424191
14 14 0.46789880
67 67 0.93610692
74 76 0.03096703
74 74 0.51841674
74 75 0.01923123
42 42 0.63281396
42 41 0.00052160
114 114 0.91104787
47 46 0.00059062
47 47 0.73488089
112 112 0.51348936
61 61 0.26082012
33 33 0.43780362
51 51 0.90746885
55 55 0.84591033
19 18 0.01272066
19 19 0.40742894
19 20 0.00260798
83 84 0.00117057
83 85 0.00120397
83 81 0.00259994
83 82 0.00692885
83 83 0.80800749
92 90 0.00970123
92 94 0.00428416
92 93 0.00266137
92 92 0.82700424
154 154 0.85746052
139 140 0.00065477
139 139 0.84467135
30 30 0.28529065
28 28 0.31757932
141 141 0.42717317
91 89 0.01065664
91 91 0.84704537
91 93 0.00140644
91 92 0.00165929
130 129 0.00164208
130 131 0.08001753
130 130 0.58706220
46 46 0.86629659
116 116 0.58354767
56 56 0.65873484
155 155 0.93477579
68 68 0.93553789
78 80 0.01409386
78 79 0.00440686
78 78 0.50223114
60 60 0.63328055
123 123 0.71575489
123 124 0.00088880
3 3 0.63840395
8 8 0.56427350
8 7 0.01469118
8 9 0.05555620
10 11 0.00499042
10 9 0.01796540
10 10 0.39964675
4 5 0.00061504
4 4 0.68865550
119 119 0.94927955
49 49 0.59186736
59 59 0.57752089
17 18 0.01136529
17 16 0.01722341
17 17 0.61910766
157 157 0.51896855
133 133 0.53632218
133 132 0.00181698
133 134 0.06318169
107 108 0.00052974
107 107 0.86960218
57 57 0.52076765
76 77 0.00195845
76 78 0.00378483
76 76 0.73104355
131 130 0.00126885
131 131 0.60155864
131 132 0.02109571
82 83 0.03137809
82 82 0.70860268
82 81 0.00104841
122 122 0.59800769
156 156 0.89089383
115 115 0.58123755
38 38 0.41634944
96 98 0.00913476
96 96 0.82857073
96 97 0.01687396
96 94 0.00864500
35 35 0.47848693
89 89 0.83511198
89 90 0.00080153
89 87 0.00488690
34 34 0.62268938
34 33 0.00063655
12 11 0.02615172
12 12 0.67699785
12 13 0.03531990
16 17 0.01349679
16 15 0.02687189
16 16 0.41127818
101 101 0.56129497
101 103 0.00930496
145 145 0.87045770
151 151 0.66725242
121 121 0.56382640
21 21 0.32320599
21 20 0.00441110
140 140 0.84394831
41 40 0.00087996
41 41 0.53765130
54 54 0.80209189
54 55 0.00068664
110 110 0.86295868
63 63 0.45688964
