42 50 41 50 0.00132181
42 50 42 49 0.00064620
71 77 71 77 0.17837200
71 78 71 78 0.01664320
70 79 70 79 0.02989240
70 77 69 77 0.00065918
70 77 70 77 0.45921400
70 78 70 78 0.02832080
59 95 59 95 0.02486280
59 96 59 96 0.10529600
59 85 59 85 0.53685900
69 80 69 80 0.04261980
69 78 69 78 0.17090900
69 77 69 77 0.08387350
69 79 69 79 0.06377610
30 38 30 38 0.52329900
12 155 12 155 0.05091410
91 97 91 97 0.08914030
91 96 91 96 0.02535950
91 98 91 98 0.07332900
91 95 91 95 0.02922040
25 142 25 142 0.22953600
25 142 25 143 0.00078158
25 89 25 89 0.01664390
4 12 4 12 0.00499586
4 158 4 158 0.02866330
58 86 58 86 0.15910800
58 97 58 97 0.12368000
58 96 58 96 0.00972799
22 146 22 146 0.68974900
117 128 117 128 0.43850100
19 149 19 149 0.69843100
26 141 26 141 0.20440600
26 88 26 88 0.01691560
67 80 67 80 0.19772100
67 80 66 80 0.00057349
67 77 67 77 0.07373280
67 79 67 79 0.06130380
68 79 67 79 0.00062698
7 154 7 154 0.00176884
47 53 47 53 0.04358000
41 51 41 50 0.00077222
43 51 43 51 0.08031270
43 49 42 49 0.00136710
119 126 119 126 0.75023000
8 153 8 153 0.00181836
8 158 8 158 0.18517300
20 148 20 148 0.69843700
6 155 6 155 0.00468771
62 82 62 82 0.62062400
86 99 86 99 0.01430340
89 94 89 94 0.02921980
89 99 89 99 0.06575140
13 155 13 155 0.63729300
56 88 56 88 0.09121590
56 99 56 99 0.22874300
56 90 56 90 0.03820100
93 99 93 99 0.00598058
54 93 54 93 0.00763076
54 89 54 89 0.03073160
64 80 64 80 0.10236100
85 100 85 100 0.00500020
1 12 1 12 0.00789350
18 150 18 150 0.92905700
55 88 55 88 0.03080490
55 92 55 92 0.02601330
55 100 55 100 0.31838400
55 91 55 91 0.01973140
29 39 29 39 0.45663300
60 84 60 84 0.16063500
3 10 3 10 0.01969380
3 8 3 8 0.19699200
23 144 23 145 0.00267406
23 91 23 91 0.00823958
14 154 14 154 0.69600800
90 98 90 98 0.09877880
90 96 90 96 0.01693600
90 97 90 97 0.03859760
63 81 63 81 0.27981300
17 151 17 151 0.69830200
21 147 21 147 0.69702800
31 36 31 36 0.05052590
31 37 31 37 0.54230500
24 143 24 144 0.00139508
24 90 24 90 0.01382270
92 97 92 97 0.21546500
92 96 92 96 0.30517300
46 54 46 54 0.05691140
66 81 66 81 0.33659400
66 78 66 78 0.12147100
15 153 15 153 0.65343000
118 127 118 127 0.38855500
10 158 10 158 0.40512500
44 50 44 50 0.78208400
44 48 43 48 0.00133162
16 152 16 152 0.69830200
88 98 88 98 0.04095960
88 97 88 97 0.02182850
88 93 88 93 0.01706180
88 95 88 95 0.02311860
11 158 11 158 0.01319140
11 156 11 156 0.08042460
11 157 11 157 0.57861800
94 98 94 98 0.00976513
57 98 57 98 0.20651600
