63 63 0.64148382
13 13 0.58896669
45 46 0.00059995
45 45 0.40184847
25 25 0.62341970
31 31 0.73469627
65 65 0.65841819
26 26 0.63791499
15 15 0.80271696
47 47 0.38040077
47 48 0.00123038
97 97 0.51526498
72 72 0.39349796
133 133 0.95897244
116 116 0.56228999
6 6 0.81860262
14 14 0.47507766
38 38 0.60891840
90 90 0.93294644
125 125 0.52987455
4 4 0.63417652
118 118 0.51034329
129 129 0.50425706
127 127 0.48480934
62 62 0.55415378
17 17 0.66937468
142 142 0.58870075
88 88 0.93560998
119 119 0.39975526
28 28 0.69068192
10 10 0.37140330
155 155 0.52144378
144 144 0.54390386
49 50 0.00052871
49 49 0.94094492
120 120 0.39277370
113 113 0.54090714
98 98 0.97914508
32 32 0.70151048
35 35 0.66607962
8 8 0.38512327
89 89 0.37883938
41 41 0.56914734
30 30 0.68277622
44 44 0.93694868
51 51 0.46927205
67 67 0.51530573
80 80 0.41376906
61 61 0.81241531
83 83 0.96405848
151 151 0.53321289
115 115 0.94188535
110 110 0.91123326
141 141 0.97034148
66 66 0.97905747
96 96 0.39323527
159 159 0.48173278
131 131 0.52257181
21 21 0.53607472
102 102 0.93277542
146 146 0.50530605
2 2 0.83960533
140 140 0.74279945
123 123 0.50593872
92 92 0.39327862
160 160 0.62199950
5 5 0.62519804
145 145 0.57509275
100 100 0.60741462
53 53 0.68544981
137 137 0.49991971
150 150 0.96982118
157 157 0.65426269
58 58 0.50626465
55 55 0.64789430
85 85 0.53942443
48 49 0.00110758
48 48 0.52968229
99 99 0.49098509
112 112 0.56871314
156 156 0.92545286
23 23 0.63495998
33 33 0.81037405
91 91 0.54568572
122 122 0.50521634
24 24 0.71892300
42 42 0.50119609
107 107 0.57582265
57 57 0.57592169
103 103 0.58565984
11 11 0.79881248
54 54 0.97891268
3 3 0.61746756
104 104 0.97921344
81 81 0.96421391
74 74 0.86298591
76 76 0.97924746
40 40 0.56602571
124 124 0.57578835
68 68 0.39316625
148 148 0.57238206
101 101 0.61216570
84 84 0.41729977
29 29 0.66978232
111 111 0.95909796
87 87 0.96499570
108 108 0.50620500
50 50 0.54735275
86 86 0.60801952
18 18 0.93184170
94 94 0.50561906
75 75 0.45153402
82 82 0.96414107
77 77 0.97924616
158 158 0.76917590
39 39 0.42258398
60 60 0.81027506
16 16 0.83087902
59 59 0.57592977
1 1 0.88271267
128 128 0.53241780
64 64 0.73105361
139 139 0.57389997
93 93 0.50588093
138 138 0.54971358
22 22 0.71107994
130 130 0.54366838
121 121 0.57238454
147 147 0.50492591
71 71 0.50612296
52 52 0.39531254
109 109 0.45369698
126 126 0.56172706
73 73 0.49968284
36 36 0.75839520
46 47 0.00115858
46 46 0.49671805
34 34 0.60272134
12 12 0.56738007
152 152 0.45394097
106 106 0.50621235
70 70 0.50601337
132 132 0.97102622
78 78 0.62812819
9 9 0.48683533
37 37 0.63317584
143 143 0.58273953
95 95 0.57526107
27 27 0.65097810
153 153 0.38536909
149 149 0.41915417
19 19 0.55655603
114 114 0.52556246
79 79 0.54186222
69 69 0.57554820
135 135 0.95841504
20 20 0.62733624
7 7 0.45137468
43 43 0.58200557
56 56 0.50618729
136 136 0.52715841
105 105 0.57590520
154 154 0.27400771
117 117 0.42432203
134 134 0.95864617
