92 129 92 129 0.02009920
21 138 20 138 0.00060390
142 150 142 150 0.02959720
107 117 107 117 0.02295630
107 115 107 115 0.03298840
43 75 43 75 0.56596900
43 69 43 69 0.03114350
41 77 41 77 0.18440900
40 78 40 78 0.26113800
89 133 89 133 0.01065980
89 135 89 135 0.00309401
89 130 89 130 0.29180200
100 123 100 123 0.70404100
32 83 32 83 0.22793300
10 151 10 151 0.12231700
10 145 10 145 0.11681300
10 146 10 146 0.17350900
90 132 90 132 0.02374570
90 134 90 134 0.00291781
90 129 90 129 0.15986400
34 81 34 81 0.22792900
108 115 108 115 0.66090200
6 137 6 137 0.00350588
6 12 6 12 0.01383750
49 69 49 69 0.19058900
86 133 86 133 0.53437200
96 127 96 127 0.90753900
88 131 88 131 0.52565200
3 12 3 12 0.04266780
12 149 12 149 0.01780960
12 144 12 144 0.32317300
93 128 93 128 0.02597260
93 130 93 130 0.27650600
101 122 101 122 0.60028300
31 84 31 84 0.29594100
5 13 5 13 0.00875357
94 129 94 129 0.41548000
141 151 141 151 0.03818740
47 71 47 71 0.28533400
144 148 144 148 0.05919720
45 73 45 73 0.31293400
50 68 50 68 0.22437200
97 126 97 126 0.90286300
33 82 33 82 0.32008900
87 132 87 132 0.52724100
85 134 85 134 0.75096500
35 80 35 80 0.22792800
9 147 9 147 0.22237100
9 146 9 146 0.09681110
106 117 106 117 0.68407700
110 116 110 116 0.01579260
13 143 13 143 0.31398800
102 121 102 121 0.70404200
105 118 105 118 0.59868200
7 149 7 149 0.14079000
7 136 7 136 0.00384521
44 74 44 74 0.22311500
22 137 21 137 0.00166714
95 128 95 128 0.62433900
109 114 109 114 0.57950100
109 117 109 117 0.00347807
99 124 99 124 0.68410300
91 129 91 129 0.09822890
143 149 143 149 0.03251010
15 141 15 141 0.32704800
14 142 14 142 0.42778200
11 150 11 150 0.05059360
11 144 11 144 0.09473120
8 147 8 147 0.06941590
8 135 8 135 0.00266117
8 152 8 152 0.05164840
8 148 8 148 0.20931700
