118 118 0.40897300
14 14 0.99224600
30 30 0.83260400
144 144 0.84480100
10 10 0.99651500
137 137 0.99799400
64 64 0.98559900
1 1 0.99989900
97 97 0.53796100
56 56 0.77511000
112 112 0.92702400
6 6 0.74044500
50 50 0.82820000
62 62 0.91423300
63 63 0.90452100
4 4 0.82698100
129 129 0.98237600
149 149 0.99998100
130 130 0.98254400
83 83 0.96873000
91 91 0.60030700
44 44 0.80629400
71 71 0.98553300
94 94 0.98893600
73 73 0.98560200
46 46 0.85554300
86 86 0.95640900
18 18 0.83329700
116 116 0.98771500
99 99 0.39588500
111 111 0.57278100
36 36 0.90590500
26 26 0.81045500
9 9 0.99635600
132 132 0.12881200
8 8 0.35613900
72 72 0.98557800
146 146 0.51857500
78 78 0.48870100
22 22 0.47644100
100 100 0.79673200
68 68 0.98561900
125 125 0.14544500
124 124 0.41811100
3 3 0.99935600
75 75 0.98559100
81 81 0.69504800
29 29 0.97186800
123 123 0.99923600
84 84 0.82061700
69 69 0.98561100
57 57 0.76112600
140 140 0.98804900
66 66 0.98559400
37 37 0.85652900
7 7 0.83601800
58 58 0.94349500
34 34 0.64500300
110 110 0.44201600
16 16 0.88537800
39 39 0.98812900
109 109 0.53351200
33 33 0.89188100
59 59 0.97445700
119 119 0.99758800
104 104 0.94377000
89 89 0.65867900
143 143 0.30896100
135 135 0.39746000
139 139 0.32664300
32 32 0.77889800
35 35 0.89924900
20 20 0.96687800
17 17 0.29640000
117 117 0.32631300
41 41 0.39125000
53 53 0.98903800
19 19 0.73322300
87 87 0.78727900
5 5 0.55844900
45 45 0.98938100
15 15 0.98822400
67 67 0.98560000
136 136 0.40873300
52 52 0.98903700
48 48 0.78481400
70 70 0.98558200
134 134 0.99951400
76 76 0.98561400
142 142 0.39795400
145 145 0.66445800
148 148 0.89373000
95 95 0.98887600
24 24 0.37476900
133 133 0.41389800
25 25 0.77930500
106 106 0.81422100
60 60 0.59835600
122 122 0.97065900
21 21 0.46539100
90 90 0.68728700
85 85 0.91963900
12 12 0.99620100
103 103 0.94367900
105 105 0.90688000
23 23 0.36532600
128 128 0.98253000
11 11 0.99621200
31 31 0.94965500
114 114 0.40927300
28 28 0.88331100
126 126 0.99504900
92 92 0.29734400
54 54 0.91045900
40 40 0.62965700
43 43 0.60139300
141 141 0.98828400
98 98 0.52664100
82 82 0.76936000
2 2 0.99937400
65 65 0.98557500
121 121 0.42569600
74 74 0.98556000
79 79 0.58555600
27 27 0.90380600
49 49 0.74865700
147 147 0.54042100
115 115 0.44606100
120 120 0.40839100
88 88 0.75849800
42 42 0.50194300
102 102 0.94259500
80 80 0.65637500
61 61 0.47228500
113 113 0.97696100
51 51 0.83218400
101 101 0.94244800
127 127 0.98258400
77 77 0.90453900
131 131 0.98253300
107 107 0.94739400
93 93 0.98897400
138 138 0.40931400
55 55 0.81377600
47 47 0.98901300
96 96 0.34736100
38 38 0.83958500
13 13 0.99524000
108 108 0.83756700
