65 70 67 71 0.00495520
65 72 66 72 0.32954500
117 138 117 138 0.05737390
117 139 117 139 0.08151700
38 81 38 81 0.60028100
113 139 113 139 0.00231700
29 90 29 90 0.60825300
15 106 15 106 0.06349260
15 105 15 105 0.43599100
105 110 105 110 0.00318899
52 61 52 62 0.00310131
32 87 32 87 0.60825100
31 88 31 88 0.49332900
104 111 104 111 0.00211220
18 103 18 103 0.39831600
123 132 123 132 0.01604480
123 130 123 130 0.14683500
12 108 12 108 0.60006300
126 130 126 130 0.12103400
51 62 51 63 0.00913728
6 112 6 112 0.02347440
6 115 6 115 0.20002400
26 94 26 94 0.04811790
26 96 26 96 0.55479800
26 95 26 95 0.04649120
26 93 26 93 0.06647080
26 92 26 92 0.04338640
25 97 25 97 0.35146300
40 80 40 80 0.04490790
66 71 67 71 0.37830000
39 80 39 80 0.46002500
28 91 28 91 0.47026000
120 134 120 134 0.66194700
30 89 30 89 0.49332900
3 139 3 139 0.10092200
42 52 42 52 0.22001800
42 74 42 74 0.02257300
124 132 124 132 0.02614410
124 130 124 130 0.19681100
134 140 134 140 0.13860500
22 96 22 96 0.03863270
22 95 22 95 0.00395257
22 100 22 100 0.20318800
22 99 22 99 0.28396000
57 78 58 78 0.21815600
43 73 43 73 0.01829860
43 51 43 51 0.22625500
27 91 27 91 0.04352290
59 76 59 77 0.00466258
59 76 62 76 0.00184075
59 76 60 76 0.32109600
23 94 23 94 0.01253390
23 95 23 95 0.01947400
23 96 23 96 0.11812200
23 99 23 99 0.26127100
60 75 63 75 0.00280382
60 75 60 76 0.00320947
60 75 62 76 0.00255659
36 83 36 83 0.60025100
44 50 44 50 0.31171900
44 72 44 72 0.01516210
37 82 37 82 0.60187100
103 112 103 112 0.00050694
1 118 1 118 0.07748630
1 141 1 141 0.13027400
1 119 1 119 0.05490500
33 86 33 86 0.49163400
64 72 66 72 0.00058281
63 72 66 72 0.00268679
63 72 65 73 0.00455400
63 73 65 73 0.00062931
63 73 64 74 0.00060676
121 133 121 133 0.41740900
49 55 49 55 0.08812310
62 73 64 74 0.00540429
62 73 65 73 0.00180642
135 139 135 139 0.03409090
119 138 119 138 0.04465200
58 77 59 77 0.57710200
58 77 58 78 0.00179257
19 102 19 102 0.46561900
19 103 19 103 0.05975440
4 115 4 115 0.01457150
4 138 4 138 0.08668870
20 102 20 102 0.07852090
20 101 20 101 0.61833400
125 131 125 131 0.17651400
10 110 10 110 0.55165700
2 140 2 140 0.38804900
2 117 2 117 0.12061700
2 118 2 118 0.05178280
2 119 2 119 0.02063750
118 138 118 138 0.09766820
24 98 24 98 0.31383400
24 97 24 97 0.05187930
114 138 114 138 0.00218837
114 139 114 139 0.00133820
9 111 9 111 0.59550900
48 56 48 56 0.07087960
41 75 41 75 0.02492970
41 79 41 79 0.14143700
11 109 11 109 0.48890600
61 74 64 74 0.00181937
61 74 63 75 0.00527821
5 137 5 137 0.17374200
5 116 5 116 0.76004000
7 112 7 112 0.45915400
7 115 7 115 0.15782500
122 132 122 132 0.73150200
21 100 21 100 0.31623100
21 101 21 101 0.25710000
115 136 115 136 0.01486320
