142 152 145 155 0.14397800
23 47 19 44 0.00524293
23 47 21 42 0.00071008
23 47 17 44 0.00678154
23 47 18 43 0.00095883
119 141 124 144 0.00380626
119 141 119 139 0.00070821
30 39 27 35 0.05998910
30 39 26 36 0.02794170
30 39 28 34 0.00088866
122 138 122 136 0.00084010
26 44 23 40 0.05537640
26 44 24 39 0.00089756
26 44 22 41 0.02597710
5 60 5 56 0.00119318
8 57 6 51 0.00050446
8 57 6 55 0.00630206
8 57 5 56 0.00502122
8 57 7 54 0.03558270
8 57 8 53 0.00117502
10 56 7 54 0.00273780
123 137 126 142 0.00065261
17 53 14 47 0.00626504
17 53 11 50 0.01483860
17 53 12 49 0.00093987
19 51 13 48 0.00972051
19 51 14 47 0.00094792
20 50 15 46 0.00096267
20 50 14 47 0.00773173
20 50 17 44 0.00605656
27 43 24 39 0.05442240
27 43 25 38 0.00089176
27 43 23 40 0.02821220
31 38 27 35 0.02791600
31 38 29 33 0.00087040
31 38 28 34 0.05502900
31 37 28 34 0.00184865
31 37 28 33 0.00277133
113 117 113 118 0.02177270
21 49 15 46 0.00850453
21 49 18 43 0.00487319
9 56 6 55 0.00374831
9 56 7 54 0.00863668
9 56 8 53 0.02141390
16 54 13 48 0.00618835
16 54 11 50 0.00086269
13 57 7 54 0.01196170
25 45 23 40 0.00060345
25 45 22 41 0.03884010
25 45 21 42 0.02688130
28 41 26 36 0.00062515
28 41 25 37 0.03881900
28 42 25 38 0.02116320
28 42 24 39 0.02825390
7 58 5 56 0.02037060
7 58 6 55 0.03331480
7 58 7 54 0.00196900
29 40 27 35 0.00089360
29 40 26 36 0.06037040
29 40 25 37 0.02836870
12 58 6 55 0.00515889
121 139 126 142 0.00305814
121 139 124 144 0.00068918
14 56 11 50 0.00496058
14 56 8 53 0.00977703
14 53 8 50 0.00141854
14 53 11 50 0.03186810
18 52 13 48 0.00095899
18 52 15 46 0.00338435
18 52 12 49 0.00872009
6 59 5 56 0.02824940
6 59 6 55 0.00076774
120 140 125 143 0.00147051
120 140 123 145 0.00051569
24 46 21 42 0.04795010
24 46 22 41 0.00087716
24 46 18 43 0.01040000
118 142 121 147 0.00052765
143 151 141 151 0.00056083
143 151 146 154 0.43552700
22 48 19 44 0.00373618
22 48 17 44 0.00051940
15 52 12 49 0.00643250
15 55 12 49 0.00315236
112 118 113 118 0.02368000
112 117 113 118 0.01356140
