72 105 66 100 0.00081665
76 101 70 96 0.00067846
140 152 142 152 0.00062119
71 106 65 101 0.00100771
18 43 21 49 0.00058636
18 43 23 47 0.00118606
126 142 121 139 0.00072784
126 142 123 137 0.00174622
6 55 7 58 0.00086611
24 55 21 49 0.00072449
24 39 27 43 0.00353929
24 39 28 42 0.00076079
22 41 26 44 0.00070004
22 41 25 45 0.00252196
118 140 118 142 0.00071308
15 46 20 50 0.00124877
112 146 112 146 0.00488780
13 48 16 54 0.00074001
13 48 18 52 0.00124899
25 37 28 41 0.00252446
25 37 29 40 0.00076387
25 54 22 48 0.00085779
25 38 28 42 0.00137628
28 34 31 38 0.00357855
7 54 7 58 0.00125718
7 54 8 57 0.00091710
7 54 9 56 0.00066312
12 49 17 53 0.00123504
12 49 15 55 0.00061038
121 137 121 139 0.00062557
121 147 118 142 0.00144841
14 47 17 53 0.00075025
14 47 19 51 0.00123101
31 47 28 41 0.00055284
27 35 31 38 0.00075168
27 35 30 39 0.00390112
113 118 113 117 0.00124752
113 118 113 118 0.27345000
113 118 112 118 0.00560954
113 118 110 115 0.49526100
113 145 113 145 0.00647679
36 43 31 38 0.00050528
77 100 71 95 0.00092431
21 42 25 45 0.00072959
21 42 24 46 0.00300519
146 154 143 151 0.36336900
125 143 122 138 0.00087861
124 144 121 139 0.00184402
124 144 119 141 0.00086890
141 151 143 151 0.00067065
145 155 142 152 0.11061700
23 40 26 44 0.00360093
23 40 27 43 0.00075976
23 56 20 50 0.00085655
119 139 119 141 0.00136509
11 50 14 53 0.00131208
11 50 14 56 0.00055041
11 50 16 54 0.00119260
122 136 122 138 0.00158069
26 36 30 39 0.00075238
26 36 29 40 0.00392593
5 56 7 58 0.00132239
5 56 6 59 0.00077039
123 145 120 140 0.00148148
17 44 20 50 0.00072861
17 44 22 48 0.00065568
8 53 8 57 0.00093627
8 53 9 56 0.00054257
82 95 76 89 0.00109173
114 144 114 144 0.00084551
