2 158 2 158 0.04897639
99 106 99 106 0.00135066
90 131 90 131 0.02390867
90 131 90 132 0.00253754
150 158 150 158 0.01109108
145 153 145 152 0.00083327
11 77 9 77 0.00069441
18 71 18 71 0.04643848
3 157 3 157 0.09359331
144 154 144 153 0.00125262
17 72 17 72 0.05256336
141 158 141 158 0.02166687
8 80 6 80 0.00056024
8 80 8 78 0.00229248
12 76 12 74 0.00320728
12 76 10 76 0.00085121
5 83 5 81 0.00219757
5 83 3 83 0.00065215
6 82 4 82 0.00083754
6 82 6 80 0.00651567
1 159 1 159 0.06111765
87 134 87 135 0.00240616
87 134 88 134 0.00070445
107 114 108 115 0.00064138
7 81 7 79 0.00819277
96 126 96 126 0.01650323
13 75 13 73 0.00829470
23 65 23 65 0.17005632
22 66 22 66 0.24057429
86 136 86 136 0.29426667
88 133 89 133 0.00064916
88 133 88 134 0.00111205
146 152 146 151 0.00245636
94 102 95 102 0.00207365
94 102 94 103 0.00057790
94 99 94 99 0.00222585
94 103 94 103 0.23552741
21 67 21 67 0.38053728
93 103 94 103 0.00148018
93 105 93 105 0.02574156
151 157 151 157 0.14832765
20 68 20 68 0.32773519
15 74 15 72 0.00164194
14 74 14 72 0.00133674
14 74 13 74 0.00144906
14 74 12 74 0.00070674
97 102 97 102 0.30416659
105 116 106 117 0.00061049
10 78 8 78 0.00056587
10 78 10 76 0.00549130
89 132 89 133 0.00139462
142 157 142 157 0.05204352
92 105 92 105 0.19288420
106 115 107 116 0.00064877
