67 67 0.21645200
67 69 0.05429860
135 134 0.08170760
135 136 0.00148229
135 135 0.88934800
123 121 0.00369460
123 124 0.02997660
123 123 0.85455100
123 125 0.00591662
123 122 0.00712651
123 120 0.00515344
123 126 0.00170092
29 29 0.47799000
28 28 0.18419100
120 116 0.00185493
120 120 0.47055300
120 122 0.05381620
120 117 0.00674654
120 118 0.00158898
120 121 0.01843350
120 123 0.00824508
120 119 0.00313521
63 59 0.00153304
63 63 0.21779500
63 65 0.74039100
133 132 0.04180840
133 134 0.00170206
133 130 0.00074574
133 131 0.00069360
133 133 0.88647600
97 97 0.13596400
97 102 0.00264554
97 100 0.70824400
97 99 0.00052760
97 92 0.00121683
97 93 0.00086726
97 101 0.08876420
73 76 0.24317200
73 73 0.07263410
73 74 0.01007800
73 75 0.43814600
10 7 0.53877900
10 8 0.00128636
10 11 0.00310214
10 10 0.21698500
10 9 0.00308424
81 76 0.00288210
81 83 0.07442010
81 78 0.00188395
81 81 0.16719500
81 82 0.04047900
81 84 0.38639300
81 77 0.00260096
81 85 0.25083900
81 80 0.00262715
81 79 0.00342613
114 117 0.02736290
114 118 0.00097763
114 113 0.00707408
114 114 0.12417200
114 110 0.01464930
87 84 0.00166083
87 89 0.00125831
87 85 0.00053104
87 90 0.53161500
87 88 0.01525490
87 87 0.17731000
87 91 0.20113200
6 6 0.16036800
6 3 0.40777400
6 7 0.00081735
6 5 0.00161094
2 1 0.03484560
2 2 0.19662000
75 75 0.18312000
75 74 0.00079061
75 77 0.15240700
75 78 0.00979635
75 76 0.01404930
69 72 0.00446276
69 71 0.39315100
69 69 0.20618300
8 5 0.02692700
8 9 0.00050700
8 7 0.00453985
8 8 0.16115900
65 65 0.21754500
65 67 0.74062000
103 107 0.21307300
103 106 0.60509500
103 98 0.00293129
103 102 0.00319755
103 103 0.12509900
103 99 0.01416800
115 119 0.00237240
115 114 0.00608912
115 115 0.12571600
115 111 0.01401470
115 118 0.02746880
84 80 0.00178603
84 84 0.17081300
84 85 0.03022380
84 86 0.00472125
84 81 0.00140720
84 88 0.06794920
84 82 0.00115703
84 87 0.02357860
84 83 0.00117456
25 25 0.99753800
89 90 0.00911323
89 86 0.00060627
89 92 0.07007710
89 89 0.14151400
89 93 0.11447100
38 38 0.85152800
38 37 0.00102327
38 39 0.00324178
50 52 0.02045170
50 48 0.02774190
50 50 0.42492700
50 51 0.00104361
64 66 0.74035700
64 64 0.21770400
91 92 0.00239500
91 93 0.00054224
91 95 0.06484660
91 91 0.14110600
91 96 0.00167605
91 94 0.52941800
119 116 0.00589684
119 122 0.02063930
119 120 0.01914030
119 118 0.00287088
119 121 0.12645700
119 117 0.00091667
119 115 0.00367840
119 123 0.00098671
119 119 0.41550400
100 102 0.00385684
100 97 0.00075531
100 100 0.12844400
100 104 0.10111400
100 99 0.00083450
100 103 0.70798200
100 96 0.00610253
100 105 0.00256866
100 95 0.00147874
59 59 0.14851300
59 61 0.02725780
59 55 0.00978667
86 87 0.01552620
86 88 0.00591381
86 86 0.14819200
86 90 0.08230540
86 82 0.00053380
86 83 0.00180832
86 89 0.40819000
77 77 0.17010200
77 79 0.30214800
77 80 0.40645900
77 73 0.00492761
77 78 0.03096280
77 76 0.00064948
77 72 0.00153583
77 81 0.01020440
106 109 0.57119000
106 108 0.00091354
106 106 0.12300400
106 105 0.00621966
106 110 0.23424500
106 102 0.01190590
85 83 0.00063050
85 87 0.00347043
85 82 0.00166725
85 86 0.00342908
85 81 0.00132022
85 88 0.25941300
85 85 0.05560260
85 89 0.00705218
85 84 0.00191197
32 32 0.03669670
83 79 0.00194795
83 80 0.00184360
83 85 0.06210930
83 84 0.00723504
83 87 0.07550900
83 82 0.00163129
83 86 0.38880600
83 81 0.00164941
83 83 0.16829800
129 126 0.00215036
129 128 0.00498662
129 129 0.16619200
129 127 0.00600150
88 91 0.54494700
88 88 0.01372550
88 86 0.00066703
88 90 0.00069333
88 92 0.13079300
88 85 0.00069075
88 89 0.01260300
137 136 0.21437300
137 137 0.67319200
137 135 0.00174632
52 50 0.04387700
52 49 0.00062318
52 51 0.00090403
52 54 0.07455440
52 52 0.82079200
52 53 0.00615547
68 68 0.21235100
68 70 0.03023670
68 71 0.00260906
37 38 0.00186238
37 37 0.09406130
37 36 0.00128822
37 39 0.00158033
101 101 0.12685400
101 98 0.00062119
101 106 0.00207991
101 103 0.00280816
101 105 0.13329000
101 96 0.00690358
101 97 0.00918257
101 100 0.00151111
101 104 0.17700400
42 40 0.01958480
42 41 0.00362946
42 42 0.76987100
16 16 0.52161900
16 14 0.01267310
16 13 0.27317200
16 15 0.06123700
47 49 0.00109573
47 45 0.00611657
47 47 0.13905200
82 83 0.04238200
82 78 0.00231181
82 81 0.00204009
82 86 0.26062800
82 82 0.16717300
82 84 0.06507310
82 77 0.00273608
82 85 0.38665200
82 80 0.00269871
82 79 0.00191929
43 41 0.04403560
43 42 0.00064372
43 43 0.28557800
74 74 0.18620900
74 77 0.20403200
74 75 0.01198010
74 76 0.05824120
74 73 0.00117193
51 53 0.01082270
51 52 0.02145620
51 51 0.15194200
51 50 0.00053347
51 49 0.00200574
111 107 0.01161220
111 111 0.12263500
111 113 0.00487441
111 110 0.00682098
111 114 0.06334330
111 115 0.02004440
23 23 0.47799300
128 128 0.19077000
128 126 0.00434752
128 125 0.00427472
128 127 0.00638639
27 27 0.99753000
113 117 0.00194372
113 116 0.26398200
113 109 0.01065060
113 113 0.12254300
113 112 0.00798673
126 126 0.95371600
126 125 0.00800542
126 123 0.00478516
126 127 0.00218475
126 124 0.00408027
18 18 0.93088400
18 17 0.02231170
18 15 0.00293119
17 15 0.00497185
17 16 0.00316550
17 14 0.02410760
17 17 0.07666060
58 60 0.05245540
58 58 0.15578700
58 54 0.00975793
99 99 0.13295900
99 103 0.09733730
99 94 0.00151232
99 96 0.00076790
99 102 0.70808600
99 104 0.00258282
99 101 0.00345014
99 95 0.00232721
99 98 0.00066593
21 21 0.03670920
31 31 0.56170000
66 66 0.21737700
66 68 0.02767470
121 117 0.00082710
121 121 0.73502900
121 118 0.00564482
121 124 0.00682532
121 122 0.03713470
121 120 0.00676105
121 119 0.00285187
121 123 0.04643010
127 124 0.00459901
127 127 0.60363900
127 128 0.00128508
127 125 0.00410859
127 126 0.01866130
49 47 0.00155496
49 49 0.45891900
49 51 0.00318585
7 7 0.16229600
7 8 0.00057125
7 6 0.00268208
7 4 0.32282000
109 105 0.01193140
109 112 0.67587800
109 113 0.09740570
109 108 0.00623924
109 109 0.12281200
109 111 0.00657151
5 2 0.33508200
5 6 0.00089570
5 5 0.16021900
5 4 0.02796160
92 97 0.00295766
92 96 0.09895720
92 94 0.00099363
92 92 0.18200900
92 93 0.00161698
92 95 0.64347200
54 52 0.05031200
54 56 0.10769000
54 54 0.79317800
54 55 0.00571346
54 51 0.00322157
54 57 0.00112210
54 50 0.02274730
93 88 0.00276258
93 96 0.15393300
93 97 0.09528600
93 95 0.00235193
93 98 0.00306957
93 93 0.18049400
22 22 0.56175400
124 126 0.00167406
124 123 0.00692574
124 125 0.00523647
124 121 0.00502358
124 127 0.00074014
124 124 0.87081400
124 122 0.00380541
130 130 0.40098100
130 129 0.00719176
130 128 0.00576088
130 127 0.00134032
70 73 0.00469613
70 72 0.03951090
70 70 0.13539200
98 100 0.00052231
98 102 0.09413610
98 97 0.00050346
98 103 0.00260373
98 94 0.00207757
98 98 0.13409200
98 93 0.00178490
98 101 0.66446400
61 61 0.21780400
61 64 0.00052305
61 63 0.74037400
61 57 0.00866459
122 119 0.00523526
122 123 0.03487810
122 125 0.00243104
122 121 0.00722813
122 124 0.03701410
122 122 0.83098300
122 120 0.00354971
20 20 0.47768500
19 19 0.02000960
19 18 0.00061153
134 135 0.00162815
134 134 0.74455100
134 133 0.06334340
39 39 0.31030300
39 38 0.03574230
39 37 0.00872034
39 40 0.00328799
44 44 0.21974300
44 42 0.03173880
36 35 0.04593580
36 36 0.88202700
36 38 0.00083232
36 37 0.00193798
56 58 0.49588200
56 52 0.02128940
56 53 0.00126500
56 57 0.00447741
56 56 0.22222600
56 54 0.01166540
80 78 0.00057737
80 83 0.38652700
80 76 0.00392538
80 82 0.15650100
80 81 0.03929710
80 75 0.01332800
80 77 0.00092841
80 84 0.16961100
80 79 0.00198482
80 80 0.16785000
46 46 0.12758000
46 44 0.03428750
46 48 0.00090083
76 78 0.14598900
76 72 0.00638250
76 76 0.18110200
76 71 0.00195631
76 79 0.38756200
76 80 0.00234442
76 75 0.00076045
76 77 0.01622650
72 74 0.54754400
72 75 0.13548500
72 72 0.16554100
72 76 0.00124963
72 73 0.00060241
104 99 0.00191475
104 103 0.00369027
104 104 0.12403800
104 100 0.01529670
104 108 0.22998500
104 107 0.57712900
13 10 0.04707440
13 13 0.23842500
13 12 0.00166697
125 126 0.00412413
125 125 0.86840300
125 123 0.00392479
125 122 0.00489665
125 124 0.00688767
48 48 0.37030800
48 46 0.00460575
48 50 0.00170495
107 110 0.60219100
107 103 0.01196030
107 111 0.22546400
107 106 0.00622941
107 107 0.12321900
107 109 0.00443093
71 74 0.02912330
71 71 0.14030300
71 73 0.03796700
1 1 0.24247900
3 4 0.00064236
3 1 0.00625518
3 3 0.16419200
3 2 0.03907240
108 104 0.01202770
108 112 0.15911100
108 110 0.00518319
108 111 0.60980300
108 107 0.00613058
108 108 0.12301100
53 54 0.00495965
53 55 0.07969510
53 51 0.04160840
53 49 0.00100885
53 53 0.81569600
30 30 0.99223500
14 15 0.00068665
14 12 0.00245201
14 13 0.00510828
14 14 0.22070900
14 11 0.60274200
60 60 0.21790800
60 62 0.74050300
60 63 0.00052092
60 56 0.00865015
9 9 0.19186100
9 10 0.00091517
9 8 0.00233990
9 6 0.01456430
24 24 0.18420500
136 136 0.78085000
136 135 0.10470700
136 137 0.00189981
15 15 0.31552800
15 12 0.04176670
15 14 0.00873491
15 13 0.00304524
15 16 0.00058729
102 105 0.61939000
102 104 0.00116642
102 97 0.00394350
102 102 0.12585200
102 101 0.00241729
102 107 0.00127948
102 98 0.01301400
102 106 0.19519100
96 101 0.00287339
96 98 0.00155169
96 92 0.00054723
96 96 0.14864700
96 99 0.69496800
96 100 0.08773900
96 91 0.00152246
112 111 0.00780237
112 116 0.00077273
112 108 0.01080890
112 114 0.00062176
112 112 0.12238600
112 115 0.48059100
41 40 0.00938451
41 41 0.63815000
41 39 0.01830090
57 57 0.21144900
57 55 0.00195596
57 58 0.00211555
57 53 0.01966530
57 59 0.02360260
40 39 0.03543610
40 40 0.82423900
40 38 0.01706530
40 41 0.00166448
62 62 0.21783200
62 64 0.74038600
62 65 0.00053702
62 58 0.00386585
131 131 0.61953200
131 130 0.00867557
131 129 0.00337666
131 128 0.00104637
34 34 0.01955590
138 137 0.32352200
138 136 0.00094757
117 117 0.12721600
117 121 0.00326191
117 118 0.00632275
117 120 0.10615800
117 116 0.00658652
117 113 0.00778601
117 119 0.01658720
117 114 0.00393796
90 95 0.00101479
90 93 0.02866750
90 90 0.11517500
90 94 0.01383310
90 91 0.00879931
45 45 0.85679500
45 47 0.00068038
45 43 0.06434680
45 44 0.00133081
11 8 0.67235600
11 12 0.00275133
11 9 0.00262230
11 10 0.00243466
11 11 0.24547700
105 101 0.01548710
105 108 0.59897100
105 109 0.23276000
105 107 0.00108329
105 105 0.12305900
105 100 0.00140582
105 104 0.00469965
94 98 0.09174610
94 89 0.00090652
94 97 0.66130000
94 99 0.00321781
94 94 0.17601500
94 96 0.00092862
55 54 0.00054100
55 56 0.01521510
55 55 0.55075200
55 51 0.02321070
55 57 0.34742100
55 53 0.04490560
55 58 0.00089181
55 52 0.00209938
116 119 0.15835800
116 113 0.00204744
116 112 0.01095910
116 115 0.00624892
116 117 0.00184271
116 118 0.01209850
116 116 0.12611600
116 120 0.01436630
95 95 0.16142200
95 98 0.67812100
95 96 0.00090411
95 99 0.08816430
95 90 0.00159117
95 97 0.00159119
95 100 0.00311059
4 3 0.00180891
4 1 0.01771630
4 2 0.00083660
4 5 0.00095527
4 4 0.16062100
132 129 0.00078400
132 132 0.13509400
132 130 0.00106218
132 131 0.02879250
132 133 0.00201535
78 77 0.00057278
78 74 0.00457551
78 75 0.00064868
78 80 0.24853100
78 79 0.03244790
78 73 0.00169020
78 78 0.16863900
78 82 0.04917950
78 81 0.41552300
110 106 0.01187120
110 109 0.00637163
110 113 0.73815900
110 112 0.00621777
110 114 0.03577720
110 110 0.12271400
26 26 0.99754100
12 11 0.00170464
12 9 0.27400200
12 12 0.23221100
118 119 0.01382710
118 115 0.00582763
118 114 0.00522955
118 121 0.06144070
118 118 0.13925800
118 117 0.00450794
118 122 0.00227065
118 120 0.28940900
118 116 0.00061458
35 34 0.00091763
35 36 0.00179862
35 35 0.89694900
35 37 0.00071433
33 33 0.47742000
79 78 0.00068968
79 83 0.06280190
79 76 0.00082959
79 81 0.23459500
79 82 0.41555900
79 75 0.00428897
79 74 0.01159370
79 79 0.13872500
79 80 0.03442810
