94 93 0.01567567
94 94 0.63633697
87 86 0.00183524
87 87 0.32793943
50 50 0.99161314
19 19 0.74648823
100 100 0.96306908
95 94 0.00454949
95 95 0.96036198
61 61 0.94238322
104 104 0.51964682
104 105 0.00060516
17 17 0.81404988
75 75 0.64876992
145 145 0.37271363
93 92 0.01557341
93 93 0.69901911
118 118 0.74200644
18 18 0.84216979
26 26 0.80335641
140 140 0.65135125
137 138 0.00444853
137 137 0.51072525
159 159 0.81867422
120 120 0.42231505
119 119 0.60420774
70 70 0.54242747
136 136 0.69207417
136 137 0.00185855
54 54 0.86801947
127 127 0.28136423
158 158 0.80836691
86 85 0.00137065
86 86 0.25360818
114 114 0.47378393
40 40 0.49543757
144 145 0.00103778
144 144 0.41397413
101 101 0.68191091
132 132 0.41654130
11 11 0.48949792
160 160 0.88043489
37 37 0.88414770
151 151 0.24549488
122 122 0.68700027
43 43 0.52038583
84 84 0.55869370
49 49 0.86803027
66 66 0.52056201
1 1 0.85898230
64 64 0.52867921
130 131 0.00067502
130 130 0.74840965
78 78 0.65975601
149 149 0.74031491
116 116 0.58955326
39 39 0.58461891
33 33 0.58912333
55 55 0.50531167
83 83 0.35631456
105 105 0.51875863
29 29 0.92472826
73 73 0.57313663
24 24 0.72555579
57 57 0.54993363
129 129 0.61544601
148 148 0.61314367
96 96 0.98696963
96 95 0.00277235
106 106 0.33073541
107 107 0.35404636
150 150 0.52592780
134 134 0.72301539
92 91 0.01783517
92 92 0.84698092
85 84 0.00106032
85 85 0.55964777
76 76 0.82474584
113 113 0.43555749
99 99 0.32468409
48 48 0.91126882
153 153 0.46617446
115 115 0.61598289
125 125 0.79900768
79 79 0.48686609
123 123 0.87011728
126 126 0.68688478
154 154 0.68631287
135 135 0.72939796
135 136 0.00051475
63 63 0.59796921
44 44 0.54731988
42 42 0.50691863
47 47 0.92552243
88 88 0.49416081
88 89 0.00122704
88 87 0.00557436
12 12 0.55673797
41 41 0.97918629
97 96 0.00061286
97 97 0.98914445
56 56 0.59033691
155 155 0.81609211
5 5 0.47240466
21 21 0.62522806
28 28 0.72370675
69 69 0.58741483
35 35 0.52056503
65 65 0.55311523
45 45 0.58828764
110 110 0.74786707
89 89 0.48062928
89 88 0.02379846
89 90 0.00226188
30 30 0.50857214
67 67 0.40723543
152 152 0.41643130
14 14 0.34353796
68 68 0.58911433
80 80 0.31072652
138 138 0.70398271
138 139 0.00773500
6 6 0.83108336
52 52 0.91129935
32 32 0.58737642
109 109 0.83191870
156 156 0.74402197
91 90 0.00111575
91 91 0.21225037
34 34 0.40720922
7 7 0.56023553
22 22 0.81309785
16 16 0.73163535
36 36 0.65629369
31 31 0.54173439
117 117 0.67065957
98 98 0.98943140
81 81 0.24660968
139 139 0.72547477
139 140 0.00854595
58 58 0.52371396
25 25 0.61166302
27 27 0.95821048
51 51 0.99168378
108 108 0.44606339
121 121 0.87555997
3 3 0.54525029
112 112 0.47008435
141 141 0.66851349
53 53 0.99141068
147 147 0.61335730
147 148 0.00054791
102 102 0.48423905
131 131 0.55708068
82 82 0.21582869
15 15 0.32285702
128 129 0.00057334
128 128 0.53986715
72 72 0.71281215
20 20 0.76901181
4 4 0.44412423
60 60 0.89468198
124 124 0.87208882
2 2 0.55464380
23 23 0.54592229
143 143 0.59313682
142 143 0.00063761
142 142 0.42535741
8 8 0.55810109
71 71 0.52974263
46 46 0.56847778
38 38 0.52242124
77 77 0.60127050
13 13 0.35889578
74 74 0.55480988
10 10 0.66250161
133 133 0.71585249
62 62 0.58406489
103 103 0.55587611
103 104 0.00115612
90 91 0.00093153
90 89 0.03758001
90 90 0.53104108
9 9 0.54003130
111 111 0.56536005
146 147 0.00062713
146 146 0.29709870
59 59 0.55386366
157 157 0.91384387
