73 73 0.32931424
105 107 0.12901733
105 105 0.57134705
105 106 0.02115167
115 116 0.07378309
115 115 0.50071453
66 68 0.03403236
66 66 0.40341921
66 67 0.00179452
88 90 0.01572588
88 88 0.48057793
51 51 0.78304459
75 75 0.48861906
18 19 0.00077212
18 18 0.52075007
135 135 0.49584510
117 118 0.06689098
117 117 0.78645227
15 15 0.31368772
13 13 0.88527103
8 8 0.63276774
60 62 0.03654979
60 60 0.72576446
61 61 0.26197477
61 63 0.04264210
150 150 0.78895291
150 151 0.00192682
98 100 0.10132026
98 98 0.19471019
27 28 0.00315761
27 29 0.00051212
27 27 0.89879437
74 74 0.43539709
67 68 0.00154366
67 67 0.39973937
67 69 0.03495300
24 25 0.00123426
24 24 0.66901497
125 125 0.40910436
10 10 0.75593826
108 107 0.00201146
108 109 0.11554546
108 110 0.01301746
108 108 0.59109100
47 47 0.88534967
42 43 0.00092390
42 42 0.47037542
120 120 0.47362011
120 121 0.03442266
54 54 0.46633860
54 56 0.00471514
30 31 0.10155884
30 29 0.00180451
30 30 0.51872066
133 133 0.65197160
137 137 0.62908531
124 125 0.00065005
124 124 0.61547172
114 115 0.08483518
114 114 0.54575581
114 116 0.00067238
92 92 0.42209479
92 94 0.08778568
92 93 0.00074686
119 119 0.83305314
119 120 0.04457237
48 48 0.33559483
83 83 0.54271236
83 85 0.13318124
12 12 0.30598518
87 89 0.06210355
87 87 0.34409072
128 128 0.65873950
90 90 0.43224098
90 92 0.01284382
143 143 0.63019903
32 32 0.67361377
32 31 0.00262934
32 33 0.09821469
65 66 0.00357353
65 67 0.03558556
65 65 0.44603019
23 23 0.35275194
23 24 0.00589103
5 5 0.76021553
96 96 0.37852028
96 98 0.03930148
16 16 0.35747338
16 17 0.00067144
95 95 0.24307382
95 97 0.03095121
38 39 0.00286416
38 38 0.32064363
127 127 0.49454802
131 131 0.64981093
129 129 0.71690857
101 101 0.49606591
101 103 0.02307400
158 158 0.68201813
142 142 0.48380468
37 37 0.37061148
37 38 0.00758548
110 112 0.00293647
110 111 0.02137569
110 110 0.03239062
118 118 0.76987911
118 119 0.06993039
72 72 0.78422670
72 74 0.00142130
49 49 0.70692888
111 111 0.53695091
111 112 0.12566210
111 113 0.00747765
111 110 0.00137820
69 69 0.34914299
69 71 0.00083679
153 153 0.66974974
136 136 0.55911803
39 39 0.69086343
39 40 0.00177641
11 11 0.35997230
112 113 0.14469901
112 111 0.00109506
112 112 0.52133031
112 114 0.00364269
94 94 0.51467503
94 96 0.00455192
156 156 0.59496865
130 130 0.74428631
1 1 0.94860656
44 45 0.00283241
44 44 0.85951910
138 138 0.76503791
151 151 0.87089260
151 152 0.00188461
121 121 0.43016873
121 122 0.00977322
146 146 0.38433676
152 152 0.64466335
152 151 0.00057093
145 145 0.39258394
109 111 0.01679437
109 108 0.00120849
109 110 0.09831243
109 109 0.48276493
84 86 0.04340858
84 85 0.00078326
84 84 0.44506703
21 21 0.43420560
126 126 0.42529467
31 30 0.00204702
31 31 0.06377499
31 32 0.06571884
80 80 0.49430156
80 82 0.01118856
80 81 0.00071878
70 72 0.00971647
70 70 0.47661845
134 134 0.52586399
155 155 0.46198302
147 147 0.61982553
59 61 0.11222545
59 59 0.48829443
3 3 0.87342203
50 50 0.52535077
104 105 0.01458740
104 104 0.57254668
104 106 0.12226282
34 34 0.37419583
34 33 0.00069475
34 35 0.23287099
91 91 0.35055867
91 93 0.17912673
160 160 0.92062227
20 21 0.01083493
20 20 0.78723018
17 17 0.57386601
81 81 0.26552087
81 83 0.05342418
6 6 0.82766142
46 48 0.00065155
46 46 0.92432337
93 93 0.68999764
93 95 0.00877925
86 88 0.00155651
86 86 0.43536795
86 87 0.00342157
78 80 0.00083695
78 78 0.89079653
141 141 0.69489668
2 3 0.00068385
2 2 0.95211325
77 77 0.87624884
159 159 0.73830562
40 41 0.00079525
40 40 0.91721262
82 82 0.40642738
82 84 0.00131564
116 116 0.77810767
116 117 0.05842447
122 123 0.01261918
122 122 0.10649240
139 139 0.76222058
4 4 0.85224812
55 56 0.00102451
55 57 0.02742329
55 55 0.61328126
7 7 0.76911432
26 26 0.69082573
26 27 0.00178031
113 113 0.71575074
113 115 0.00197444
113 112 0.00074686
113 114 0.09106722
71 71 0.47498046
71 73 0.00824213
28 28 0.86666466
28 29 0.01112786
58 58 0.40897621
58 60 0.11169891
76 76 0.88781990
57 57 0.31928133
57 58 0.00820191
57 59 0.00179511
132 132 0.76230380
41 41 0.37473859
41 42 0.00093603
64 66 0.00236442
64 64 0.49541545
103 103 0.24828804
103 105 0.08372409
103 104 0.00565549
97 97 0.35430371
97 99 0.15094848
157 157 0.75274288
29 29 0.68087685
29 28 0.00129682
29 31 0.00066785
29 30 0.05724427
79 81 0.00152993
79 79 0.52940097
33 32 0.00340510
33 34 0.10673329
33 33 0.45021928
140 140 0.50191640
148 148 0.64819040
85 86 0.00138417
85 87 0.04181426
85 85 0.43672754
14 14 0.71207751
52 52 0.84980600
52 54 0.00068535
154 154 0.63663003
45 46 0.00062209
45 45 0.92733068
45 47 0.00062634
149 149 0.63432204
43 43 0.92611144
43 44 0.00534560
89 89 0.57400133
89 91 0.08481809
89 90 0.00973856
35 35 0.31848278
35 36 0.09403083
107 108 0.02671839
107 109 0.02918477
107 106 0.00188286
107 107 0.56938320
102 103 0.00126935
102 102 0.67892988
102 104 0.15428661
22 22 0.52679975
62 63 0.00912200
62 64 0.11211402
62 62 0.34658110
36 36 0.35601434
36 37 0.01542899
56 57 0.00204432
56 56 0.57787930
56 58 0.00975913
68 70 0.08738471
68 68 0.49662571
68 69 0.00223495
106 107 0.03994652
106 108 0.11920452
106 105 0.00216986
106 106 0.63229558
9 9 0.77816466
63 63 0.35156100
63 65 0.04704485
144 144 0.53937626
100 102 0.04826082
100 100 0.63238930
25 26 0.00054719
25 25 0.78426100
53 55 0.00124618
53 53 0.35020942
123 124 0.00208851
123 123 0.51973722
99 101 0.06941346
99 99 0.60840664
19 19 0.87082060
