67 65 0.01971616
67 66 0.00085641
67 67 0.47759670
74 74 0.47060458
74 72 0.00063704
27 26 0.00187601
27 27 0.97394076
108 107 0.00687669
108 106 0.00058341
108 108 0.83257957
10 10 0.81595081
125 125 0.56958199
24 24 0.61093109
133 133 0.67562369
30 28 0.00072815
30 29 0.05660515
30 30 0.47962851
54 54 0.61449646
54 52 0.00058618
120 120 0.54148550
42 41 0.00067460
42 42 0.60895372
47 47 0.96259883
83 81 0.00663174
83 83 0.58040311
48 48 0.72850052
119 119 0.96403801
119 118 0.00118986
92 90 0.00225129
92 92 0.42391230
114 114 0.64971404
114 113 0.00999237
124 124 0.71977538
137 137 0.59611531
105 104 0.00905929
105 105 0.79241946
105 103 0.00129781
73 73 0.42821889
73 71 0.00380470
51 51 0.92116129
88 88 0.69927843
66 65 0.00162228
66 64 0.00130389
66 66 0.49376059
115 115 0.62316691
115 114 0.00379330
13 13 0.94692802
15 15 0.23314928
117 116 0.00226910
117 117 0.88542255
135 135 0.54200558
18 18 0.71485486
75 75 0.59827080
98 96 0.00131040
98 98 0.42752010
61 59 0.05947364
61 61 0.35127780
150 150 0.71521865
60 58 0.05869975
60 60 0.89019338
8 8 0.73649752
49 49 0.79956386
72 72 0.88108416
72 70 0.00458276
118 117 0.00189334
118 118 0.84760589
110 110 0.13370756
110 109 0.00484165
110 108 0.00072448
110 111 0.00060779
69 67 0.01767326
69 69 0.46098231
69 68 0.00112079
111 110 0.00071869
111 111 0.67176623
94 92 0.01158119
94 94 0.65465428
156 156 0.73735001
112 112 0.65620010
112 111 0.01598330
39 38 0.00239126
39 39 0.79980319
136 136 0.54128304
11 11 0.59059794
153 153 0.80992156
151 150 0.00060056
151 151 0.80932714
138 138 0.69450207
1 1 0.90048055
44 44 0.77272136
44 43 0.00263380
130 130 0.66968142
87 86 0.00139222
87 87 0.41064240
87 85 0.01166965
12 12 0.65735284
5 5 0.83779530
96 96 0.58704389
23 23 0.54014442
65 63 0.02309030
65 65 0.68523361
32 31 0.00262448
32 32 0.78118525
32 33 0.00250025
32 30 0.00052785
90 90 0.55126109
90 89 0.00378976
90 88 0.00392337
128 128 0.64615040
143 143 0.78406962
38 37 0.00629843
38 38 0.31168014
95 95 0.39706257
95 93 0.00203184
16 16 0.41222072
142 142 0.49663429
37 37 0.47206274
37 36 0.01203217
158 158 0.71411226
101 101 0.78678508
101 99 0.00102686
129 129 0.71761568
127 127 0.29213575
131 131 0.58480459
6 6 0.89702683
81 81 0.34671783
17 17 0.61104578
20 20 0.50245163
160 160 0.87760448
91 89 0.01167960
91 91 0.48313367
78 78 0.96834022
93 93 0.90142312
93 91 0.01283716
86 86 0.46925301
86 85 0.00055123
86 84 0.01187703
46 46 0.92986800
82 80 0.00227361
82 82 0.47429312
40 40 0.91986591
40 39 0.00155329
159 159 0.84236406
77 77 0.82067588
141 141 0.72392762
2 2 0.92299349
4 4 0.85187086
139 139 0.77509914
122 122 0.12111208
116 116 0.92044315
116 115 0.00187360
126 126 0.53739972
21 20 0.00503544
21 21 0.42580053
84 84 0.47752807
109 109 0.60310172
109 108 0.01836626
145 145 0.64994523
152 152 0.76418323
152 151 0.00108741
121 121 0.48317686
146 146 0.55033395
134 134 0.62502487
70 70 0.55873321
70 68 0.04255170
80 80 0.38956248
31 32 0.00208602
31 31 0.51009238
31 29 0.00141846
31 30 0.10695637
59 59 0.61529949
59 57 0.00108059
147 147 0.77244177
155 155 0.63114547
104 103 0.00319847
104 102 0.00194059
104 104 0.80079525
34 33 0.08948403
34 34 0.41656029
50 50 0.73371702
3 3 0.84110473
52 52 0.93992745
154 154 0.81885870
14 14 0.67800759
85 85 0.47201522
85 83 0.03369803
36 35 0.02935854
36 36 0.49577048
62 62 0.46899421
62 60 0.02109680
22 22 0.47783523
102 100 0.00120802
102 102 0.82874332
107 106 0.02843622
107 108 0.00088222
107 105 0.00102985
107 107 0.78484037
43 42 0.00062480
43 43 0.93998028
35 35 0.36411233
35 34 0.15357586
89 89 0.71849569
89 87 0.00980923
149 149 0.58280256
45 45 0.93843706
45 44 0.00073901
9 9 0.84656784
106 107 0.00067230
106 106 0.82547558
106 105 0.01339528
106 104 0.00117057
68 68 0.49605857
68 66 0.01787474
68 67 0.00076695
56 54 0.00283121
56 55 0.00055668
56 56 0.81408341
19 19 0.82165049
99 97 0.00125769
99 99 0.78607578
123 123 0.56251717
53 53 0.58970780
25 24 0.00075235
25 25 0.77842268
100 100 0.91818811
144 144 0.69751743
63 61 0.01548928
63 62 0.00374782
63 63 0.51225609
7 7 0.77877924
26 26 0.88272077
55 53 0.00099007
55 55 0.76507894
41 41 0.61680921
41 40 0.00078529
132 132 0.69085026
57 56 0.00103300
57 57 0.50302437
57 55 0.01500500
76 76 0.95671372
58 58 0.61383974
58 57 0.00402382
58 56 0.00572171
71 71 0.50474426
28 27 0.00315668
28 29 0.00123323
28 28 0.91614985
113 112 0.01349558
113 113 0.84299096
103 101 0.00123299
103 103 0.55589444
103 102 0.00139969
97 97 0.58163574
97 95 0.00454689
157 157 0.79798655
64 64 0.69956340
64 62 0.04674404
148 148 0.70695083
140 140 0.42396905
33 32 0.08801195
33 33 0.38331609
33 34 0.00063178
79 79 0.51546094
29 28 0.01178262
29 29 0.68560855
29 30 0.00203139
