70 68 0.08738471
70 70 0.47661845
134 134 0.52586399
80 78 0.00083695
80 80 0.49430156
31 30 0.10155884
31 32 0.00262934
31 29 0.00066785
31 31 0.06377499
145 145 0.39258394
121 120 0.03442266
121 121 0.43016873
146 146 0.38433676
152 151 0.00188461
152 152 0.64466335
21 20 0.01083493
21 21 0.43420560
126 126 0.42529467
84 84 0.44506703
84 82 0.00131564
109 107 0.02918477
109 108 0.11554546
109 109 0.48276493
3 3 0.87342203
3 2 0.00068385
34 33 0.10673329
34 34 0.37419583
104 102 0.15428661
104 103 0.00565549
104 104 0.57254668
50 50 0.52535077
59 59 0.48829443
59 57 0.00179511
147 147 0.61982553
155 155 0.46198302
93 91 0.17912673
93 93 0.68999764
93 92 0.00074686
86 84 0.04340858
86 86 0.43536795
86 85 0.00138417
46 45 0.00062209
46 46 0.92432337
78 78 0.89079653
20 20 0.78723018
160 160 0.92062227
91 89 0.08481809
91 91 0.35055867
6 6 0.82766142
81 80 0.00071878
81 79 0.00152993
81 81 0.26552087
17 17 0.57386601
17 16 0.00067144
122 121 0.00977322
122 122 0.10649240
116 116 0.77810767
116 114 0.00067238
116 115 0.07378309
4 4 0.85224812
139 139 0.76222058
141 141 0.69489668
2 2 0.95211325
82 80 0.01118856
82 82 0.40642738
40 40 0.91721262
40 39 0.00177641
159 159 0.73830562
77 77 0.87624884
57 57 0.31928133
57 55 0.02742329
57 56 0.00204432
76 76 0.88781990
58 58 0.40897621
58 56 0.00975913
58 57 0.00820191
71 69 0.00083679
71 71 0.47498046
113 112 0.14469901
113 111 0.00747765
113 113 0.71575074
28 27 0.00315761
28 29 0.00129682
28 28 0.86666466
41 40 0.00079525
41 41 0.37473859
132 132 0.76230380
55 53 0.00124618
55 55 0.61328126
7 7 0.76911432
26 26 0.69082573
26 25 0.00054719
79 79 0.52940097
29 30 0.00180451
29 29 0.68087685
29 28 0.01112786
29 27 0.00051212
148 148 0.64819040
140 140 0.50191640
33 32 0.09821469
33 34 0.00069475
33 33 0.45021928
64 62 0.11211402
64 64 0.49541545
157 157 0.75274288
103 103 0.24828804
103 102 0.00126935
103 101 0.02307400
97 95 0.03095121
97 97 0.35430371
107 107 0.56938320
107 108 0.00201146
107 105 0.12901733
107 106 0.03994652
43 42 0.00092390
43 43 0.92611144
89 89 0.57400133
89 87 0.06210355
35 34 0.23287099
35 35 0.31848278
149 149 0.63432204
45 44 0.00283241
45 45 0.92733068
36 36 0.35601434
36 35 0.09403083
62 60 0.03654979
62 62 0.34658110
22 22 0.52679975
102 100 0.04826082
102 102 0.67892988
52 52 0.84980600
154 154 0.63663003
14 14 0.71207751
85 84 0.00078326
85 83 0.13318124
85 85 0.43672754
100 100 0.63238930
100 98 0.10132026
144 144 0.53937626
63 62 0.00912200
63 61 0.04264210
63 63 0.35156100
53 53 0.35020942
19 18 0.00077212
19 19 0.87082060
99 99 0.60840664
99 97 0.15094848
123 122 0.01261918
123 123 0.51973722
25 25 0.78426100
25 24 0.00123426
56 55 0.00102451
56 56 0.57787930
56 54 0.00471514
68 67 0.00154366
68 66 0.03403236
68 68 0.49662571
9 9 0.77816466
106 107 0.00188286
106 104 0.12226282
106 105 0.02115167
106 106 0.63229558
115 113 0.00197444
115 114 0.08483518
115 115 0.50071453
51 51 0.78304459
66 65 0.00357353
66 64 0.00236442
66 66 0.40341921
88 86 0.00155651
88 88 0.48057793
73 71 0.00824213
73 73 0.32931424
105 104 0.01458740
105 105 0.57134705
105 103 0.08372409
105 106 0.00216986
60 60 0.72576446
60 58 0.11169891
8 8 0.63276774
98 98 0.19471019
98 96 0.03930148
150 150 0.78895291
61 59 0.11222545
61 61 0.26197477
117 116 0.05842447
117 117 0.78645227
18 18 0.52075007
135 135 0.49584510
75 75 0.48861906
13 13 0.88527103
15 15 0.31368772
125 124 0.00065005
125 125 0.40910436
24 23 0.00589103
24 24 0.66901497
108 107 0.02671839
108 106 0.11920452
108 109 0.00120849
108 108 0.59109100
10 10 0.75593826
74 74 0.43539709
74 72 0.00142130
27 26 0.00178031
27 27 0.89879437
67 66 0.00179452
67 67 0.39973937
67 65 0.03558556
114 113 0.09106722
114 114 0.54575581
114 112 0.00364269
124 124 0.61547172
124 123 0.00208851
137 137 0.62908531
83 83 0.54271236
83 81 0.05342418
48 48 0.33559483
48 46 0.00065155
119 118 0.06993039
119 119 0.83305314
92 92 0.42209479
92 90 0.01284382
42 41 0.00093603
42 42 0.47037542
120 119 0.04457237
120 120 0.47362011
47 45 0.00062634
47 47 0.88534967
133 133 0.65197160
30 31 0.00204702
30 29 0.05724427
30 30 0.51872066
54 52 0.00068535
54 54 0.46633860
65 65 0.44603019
65 63 0.04704485
32 33 0.00340510
32 31 0.06571884
32 32 0.67361377
143 143 0.63019903
90 88 0.01572588
90 90 0.43224098
90 89 0.00973856
128 128 0.65873950
5 5 0.76021553
96 94 0.00455192
96 96 0.37852028
23 23 0.35275194
87 87 0.34409072
87 86 0.00342157
87 85 0.04181426
12 12 0.30598518
101 99 0.06941346
101 101 0.49606591
129 129 0.71690857
131 131 0.64981093
127 127 0.49454802
142 142 0.48380468
37 36 0.01542899
37 37 0.37061148
158 158 0.68201813
95 93 0.00877925
95 95 0.24307382
16 16 0.35747338
38 38 0.32064363
38 37 0.00758548
111 111 0.53695091
111 112 0.00109506
111 109 0.01679437
111 110 0.02137569
69 68 0.00223495
69 67 0.03495300
69 69 0.34914299
49 49 0.70692888
72 70 0.00971647
72 72 0.78422670
118 118 0.76987911
118 117 0.06689098
110 111 0.00137820
110 108 0.01301746
110 109 0.09831243
110 110 0.03239062
130 130 0.74428631
138 138 0.76503791
151 152 0.00057093
151 151 0.87089260
151 150 0.00192682
1 1 0.94860656
44 43 0.00534560
44 44 0.85951910
112 111 0.12566210
112 112 0.52133031
112 113 0.00074686
112 110 0.00293647
136 136 0.55911803
11 11 0.35997230
39 38 0.00286416
39 39 0.69086343
153 153 0.66974974
94 92 0.08778568
94 94 0.51467503
156 156 0.59496865
