56 63 0.68583774
56 62 0.01689837
56 59 0.08047634
56 60 0.05221966
56 64 0.01884633
56 56 0.00342567
56 61 0.00778987
56 58 0.00269836
37 44 0.22230623
37 37 0.16828938
37 45 0.05369102
37 41 0.00202998
37 43 0.01062582
37 39 0.00140382
37 42 0.03251628
68 74 0.16600339
68 73 0.00059249
68 76 0.01778343
68 78 0.00172961
68 75 0.57038269
68 72 0.00084722
68 77 0.00280411
21 27 0.15951271
21 25 0.00824619
21 28 0.00248925
21 26 0.06954077
21 24 0.06299064
21 23 0.00069556
21 21 0.15079893
21 22 0.00405895
21 20 0.02076383
36 44 0.00119785
36 38 0.00177540
36 36 0.17092384
36 41 0.00094513
36 43 0.10797730
36 42 0.00361833
36 40 0.00265814
59 59 0.00172612
59 62 0.01517055
59 65 0.05083934
59 63 0.04816157
59 61 0.00149536
59 66 0.00553973
59 64 0.01202112
120 126 0.58796018
5 7 0.06542566
5 9 0.00058688
5 5 0.68014410
5 6 0.00289301
5 8 0.00611146
89 98 0.00351082
89 93 0.02774693
89 94 0.00128097
89 95 0.13776661
89 97 0.01436542
89 96 0.11758882
61 64 0.00078657
61 69 0.01823253
61 68 0.53912556
61 70 0.00250791
61 65 0.00437609
61 67 0.16299968
51 53 0.01341672
51 55 0.00852404
51 51 0.04716551
51 56 0.00644723
51 58 0.46394986
51 57 0.01398998
51 54 0.07834591
51 52 0.00479105
51 59 0.19788376
66 70 0.00214041
66 75 0.04727311
66 72 0.13424476
66 74 0.03736911
66 73 0.64036220
66 76 0.00830248
94 104 0.00164965
94 103 0.00129848
94 100 0.13138806
94 101 0.01895216
94 99 0.03550874
94 102 0.00688779
94 98 0.00220093
53 59 0.01835818
53 54 0.00455903
53 57 0.01619332
53 56 0.08836675
53 55 0.01067908
53 58 0.00819946
53 61 0.00739463
53 53 0.02950955
53 60 0.36496935
49 55 0.00264412
49 51 0.00399465
49 56 0.16095192
49 49 0.10552861
49 53 0.00545186
49 52 0.04372667
49 50 0.00172502
49 57 0.20200641
49 54 0.00350350
92 96 0.01569660
92 97 0.04324250
92 99 0.16203045
92 100 0.00743727
92 98 0.33988396
92 102 0.00170292
39 45 0.08975383
39 39 0.16339500
39 43 0.00080919
39 46 0.19546073
39 42 0.00092331
39 47 0.04842844
39 44 0.07306037
45 45 0.15824818
45 52 0.16370578
45 53 0.00139074
45 49 0.00146158
45 51 0.00650237
45 48 0.00268612
16 16 0.11027896
16 19 0.02197221
16 18 0.00228716
16 17 0.01497323
16 21 0.06143641
16 20 0.00891253
16 15 0.03019951
16 22 0.16504087
40 41 0.00061238
40 45 0.01428643
40 43 0.00135165
40 40 0.15982951
40 47 0.03524640
40 46 0.06082528
40 48 0.10387853
40 44 0.00136243
103 108 0.00243344
103 110 0.13258090
103 109 0.33550736
57 61 0.06186545
57 64 0.71849518
57 60 0.05709186
57 59 0.00235843
57 62 0.00571882
57 57 0.00232112
57 63 0.02403444
57 65 0.00396975
54 60 0.01302204
54 61 0.05680252
54 58 0.02374282
54 56 0.00751585
54 55 0.00321380
54 62 0.01857397
54 54 0.01958844
54 57 0.09266800
54 59 0.00726085
93 97 0.00511670
93 98 0.03047754
93 99 0.12965375
93 103 0.00246963
93 100 0.15153953
93 101 0.01332340
69 77 0.00068219
69 79 0.00121242
69 75 0.16125156
69 73 0.00070441
69 76 0.58217346
83 89 0.11943132
83 90 0.02578488
83 92 0.00113774
83 87 0.00267095
83 91 0.00145428
17 21 0.01695214
17 17 0.14342372
17 18 0.03180041
17 22 0.19391998
17 20 0.08073093
17 16 0.01331473
17 23 0.24081111
17 19 0.00115129
60 66 0.10808046
60 64 0.01293297
60 67 0.04278151
60 65 0.00231349
60 63 0.00225812
72 79 0.00504670
72 80 0.00085251
72 78 0.09095384
86 93 0.08769935
86 94 0.00679343
86 95 0.00434484
86 92 0.12674358
86 90 0.04193375
86 89 0.00155426
62 70 0.00529015
62 69 0.53103055
62 71 0.00158440
62 68 0.10618950
62 66 0.00322708
123 130 0.00057654
123 129 0.94819651
123 128 0.00084139
127 134 0.00054113
127 133 0.89593279
24 29 0.03240593
24 30 0.04280737
24 31 0.00955098
24 23 0.01070637
24 24 0.15210394
24 25 0.01304726
24 27 0.05537820
24 28 0.01887243
46 49 0.00341861
46 53 0.02829342
46 51 0.00487519
46 47 0.00051567
46 46 0.15715507
46 54 0.00380792
46 50 0.00153243
46 52 0.00412249
116 122 0.30576043
116 121 0.00146638
33 40 0.14978542
33 39 0.31195920
33 41 0.05759004
33 36 0.00331648
33 34 0.00554430
33 38 0.06656653
33 33 0.20694215
33 37 0.01680472
20 21 0.00270528
20 20 0.13646873
20 22 0.00112929
20 26 0.23431147
20 27 0.00114323
20 25 0.00685211
20 23 0.07660885
20 24 0.00987464
20 19 0.00270712
7 8 0.02168784
7 13 0.00332920
7 9 0.09072799
7 10 0.00302275
7 11 0.00128369
7 7 0.43927209
87 95 0.00448999
87 94 0.12477824
87 91 0.04105010
87 93 0.13329710
50 53 0.07313704
50 58 0.20329386
50 51 0.00404241
50 55 0.00745105
50 56 0.00272743
50 57 0.29293798
50 54 0.00868221
50 52 0.01392171
50 50 0.05662857
65 71 0.10352995
65 73 0.03753782
65 69 0.00297175
65 74 0.04687203
65 72 0.66169238
65 75 0.00790615
65 70 0.00065191
42 49 0.38679478
42 48 0.04308751
42 46 0.00107032
42 42 0.15874226
42 47 0.00467030
42 50 0.01199216
42 45 0.00260297
98 103 0.01401802
98 104 0.43830956
98 105 0.16541277
44 51 0.28304629
44 44 0.15847279
44 48 0.00129283
44 49 0.00080162
44 52 0.01041226
44 47 0.00264681
32 38 0.35536613
32 32 0.20716789
32 37 0.06145083
32 33 0.00485940
32 40 0.05113497
32 36 0.02568301
32 35 0.00502485
32 39 0.11951757
67 72 0.00056566
67 75 0.00699487
67 71 0.00074689
67 76 0.00449572
67 73 0.12473058
67 74 0.55814598
4 6 0.12550631
4 5 0.00095307
4 3 0.00140495
4 4 0.53579140
4 11 0.00137102
4 7 0.00213194
96 102 0.46612830
96 103 0.25142359
96 100 0.00062798
96 101 0.03256651
96 104 0.01040983
1 1 0.73011014
1 3 0.00258046
64 68 0.00255997
64 71 0.66082396
64 74 0.00678040
64 73 0.04525244
64 69 0.00065281
64 72 0.03747272
64 70 0.16839903
18 24 0.15200498
18 23 0.13800789
18 19 0.03727350
18 22 0.00432486
18 20 0.00376348
18 21 0.05997698
18 17 0.02112481
18 18 0.14527132
52 54 0.01297735
52 57 0.00907465
52 59 0.06782142
52 52 0.03972394
52 53 0.00518884
52 60 0.00194928
52 58 0.01739271
52 56 0.00923899
52 55 0.08456794
34 36 0.00073205
34 34 0.19715407
34 41 0.02680301
34 35 0.00197923
34 39 0.05455628
34 42 0.00170595
34 40 0.26308180
34 37 0.00163774
34 38 0.00921097
106 112 0.42459139
106 111 0.00459165
106 113 0.08106901
105 112 0.03446645
105 111 0.19047577
105 110 0.00167368
26 30 0.00363389
26 31 0.00400121
26 33 0.01464738
26 29 0.03639370
26 32 0.14712844
26 26 0.15708909
26 27 0.00902696
26 25 0.00699923
58 61 0.03018437
58 58 0.00217035
58 66 0.00149532
58 64 0.03880558
58 60 0.00181613
58 62 0.06365647
58 63 0.00639863
58 65 0.01227845
102 109 0.09374006
102 108 0.32501085
102 107 0.00163672
81 89 0.00873598
81 90 0.00179925
81 87 0.11882395
81 88 0.36288965
81 85 0.00294849
30 35 0.04548670
30 34 0.02485105
30 36 0.28413798
30 30 0.21919988
30 31 0.00689454
30 38 0.01697988
30 33 0.01514665
30 37 0.08920864
100 106 0.39643925
100 105 0.00881337
100 107 0.09384448
11 12 0.02525931
11 13 0.02942125
11 16 0.03626852
11 15 0.00789421
11 18 0.00086066
11 11 0.14875447
11 14 0.13899747
11 17 0.13886053
91 96 0.02086044
91 97 0.33407527
91 95 0.02099235
91 99 0.02090260
91 98 0.31793767
109 115 0.33323627
109 116 0.12046521
109 114 0.00760838
109 117 0.00052005
15 15 0.16298866
15 20 0.13922756
15 21 0.19385178
15 17 0.00832520
15 14 0.00216555
15 18 0.01933835
15 19 0.00729112
15 16 0.13343597
48 53 0.00178263
48 49 0.00055675
48 55 0.04073520
48 51 0.01286500
48 56 0.00212024
48 48 0.14553311
48 50 0.00096296
48 52 0.00204662
38 46 0.05552197
38 42 0.00129284
38 43 0.04917456
38 41 0.00065203
38 45 0.26724601
38 38 0.16541688
38 44 0.20585511
129 135 0.97718240
117 123 0.50954743
118 124 0.54429276
19 22 0.07376742
19 20 0.00786468
19 21 0.00271851
19 18 0.02093024
19 24 0.19171807
19 23 0.00968679
19 19 0.09563090
19 25 0.26991137
28 29 0.01209083
28 32 0.00325620
28 33 0.00169213
28 31 0.00264302
28 34 0.04921108
28 35 0.01303831
28 28 0.22990976
28 27 0.00201337
125 132 0.00116221
125 131 0.93144136
6 10 0.00068006
6 7 0.00360554
6 8 0.08082720
6 13 0.00054581
6 6 0.55437883
6 12 0.00059029
6 9 0.00811746
108 114 0.45474918
108 115 0.02817353
108 113 0.00514636
79 87 0.13027070
79 86 0.53293727
79 85 0.08904894
79 88 0.00182923
75 82 0.71040961
75 85 0.00167064
75 83 0.04930348
75 81 0.00906659
35 37 0.00242347
35 42 0.12694587
35 41 0.07398841
35 43 0.00142208
35 39 0.00476976
35 35 0.17401652
95 103 0.01572408
95 101 0.26431364
95 100 0.02924973
95 99 0.00083473
95 102 0.15829307
95 104 0.00085466
63 70 0.67615199
63 67 0.00352950
63 72 0.03487648
63 69 0.17195284
63 73 0.00207837
63 71 0.03289565
13 20 0.00093523
13 15 0.01190410
13 18 0.13192689
13 17 0.02319758
13 14 0.05941239
13 19 0.17933112
13 13 0.16337476
13 12 0.01054621
13 16 0.04287072
112 117 0.00233722
112 119 0.00120097
112 118 0.46532391
74 80 0.09043242
74 81 0.67642135
74 84 0.00398606
74 82 0.05967482
74 83 0.00059899
85 93 0.00781189
85 94 0.00471134
85 91 0.12411789
85 92 0.01048908
85 95 0.00389891
85 89 0.04233788
71 79 0.02867013
71 80 0.01717164
71 77 0.16281460
71 78 0.08694609
71 81 0.00809450
122 128 0.67804514
122 127 0.00084904
114 119 0.00384400
114 120 0.66204154
114 121 0.00147972
23 30 0.03533723
23 29 0.28136535
23 22 0.01327912
23 27 0.01418348
23 28 0.08653607
23 26 0.05275849
23 23 0.19104635
23 24 0.03537374
115 121 0.72697847
104 109 0.00351725
104 110 0.32437323
104 111 0.13466642
3 2 0.00097888
3 6 0.00108247
3 5 0.09774108
3 3 0.50829761
3 4 0.00053827
119 125 0.39101693
119 124 0.00055852
82 91 0.00088622
82 88 0.11858624
82 90 0.00151749
82 89 0.19994588
82 86 0.03977830
82 92 0.00104974
88 92 0.03790638
88 95 0.14237127
88 96 0.01389004
88 94 0.30397468
110 117 0.03076395
110 116 0.48477943
110 115 0.00623083
70 77 0.59093358
70 80 0.00454366
70 79 0.01898821
70 78 0.00426190
70 76 0.12577603
124 130 0.95098532
124 131 0.00104996
107 113 0.28365939
107 114 0.01335246
107 112 0.00132045
55 63 0.00175699
55 57 0.00358436
55 62 0.03082015
55 59 0.03300289
55 60 0.00719138
55 55 0.00958316
55 56 0.00106116
55 61 0.01593770
55 58 0.09702047
111 118 0.02740226
111 116 0.00056388
111 117 0.52421321
84 92 0.02337537
84 90 0.14300201
84 88 0.02541449
84 93 0.00303975
84 91 0.26220282
84 94 0.00401708
8 10 0.15358558
8 15 0.00119496
8 14 0.02933321
8 11 0.03472843
8 8 0.46304464
8 9 0.04970922
8 13 0.00169017
8 12 0.00416417
77 86 0.00054378
77 87 0.00861693
77 84 0.00724531
77 83 0.04736721
77 85 0.00181321
25 24 0.00819074
25 25 0.16210526
25 28 0.03484899
25 26 0.00634952
25 32 0.07465061
25 29 0.01282938
25 30 0.00183935
25 31 0.07243132
9 15 0.05679054
9 10 0.06022946
9 14 0.00934789
9 11 0.19716740
9 9 0.17905751
9 16 0.00149673
9 13 0.00800555
9 12 0.12062508
113 120 0.00082229
113 118 0.00202702
113 119 0.62653935
12 15 0.11198189
12 11 0.00101503
12 18 0.17224475
12 17 0.11699349
12 14 0.02843073
12 19 0.00098878
12 13 0.05921972
12 12 0.17634637
12 16 0.02119225
90 97 0.21728321
90 95 0.02073547
90 96 0.35234618
90 98 0.02727303
90 99 0.00246979
90 94 0.03120961
76 84 0.01940674
76 82 0.00478985
76 83 0.01621349
76 86 0.00807388
10 12 0.05655511
10 13 0.17582924
10 16 0.10106467
10 11 0.08643026
10 17 0.00088088
10 14 0.00727840
10 10 0.16779609
10 15 0.02001102
22 22 0.16104216
22 29 0.01891116
22 21 0.02774799
22 23 0.00496115
22 27 0.01760269
22 28 0.24269473
22 25 0.05873469
22 26 0.01100979
29 30 0.00173612
29 33 0.02720349
29 37 0.00092480
29 32 0.01952763
29 29 0.22763144
29 28 0.00169827
29 35 0.18359031
29 34 0.02060594
29 36 0.00589903
126 132 0.90477229
126 133 0.00088237
121 127 0.09850109
41 47 0.01432060
41 46 0.00657148
41 41 0.15924638
41 45 0.00121548
41 49 0.10847390
41 44 0.00211190
41 48 0.39196742
47 54 0.18517368
47 47 0.15223710
47 50 0.00830840
47 51 0.00153645
47 55 0.01696838
73 79 0.00472005
73 80 0.00670567
73 81 0.00451282
14 13 0.02000701
14 16 0.00430361
14 19 0.10720252
14 18 0.00892681
14 14 0.14833767
14 17 0.02296002
14 20 0.14241101
14 15 0.07719286
78 84 0.00908159
78 88 0.00669563
78 85 0.01520546
78 86 0.04308645
78 87 0.00114431
99 105 0.40233296
99 104 0.00631708
99 106 0.08744264
101 107 0.32766211
101 108 0.05730394
101 106 0.00135676
31 37 0.36194471
31 32 0.00505996
31 31 0.21377705
31 38 0.11332414
31 35 0.02394851
31 39 0.03034724
31 34 0.00790872
31 36 0.05505827
43 49 0.01411642
43 48 0.00129542
43 51 0.09989255
43 46 0.00269529
43 47 0.00122480
43 43 0.15852200
43 50 0.23941078
97 103 0.45047157
97 102 0.02305205
97 105 0.00339382
97 104 0.23486763
27 27 0.16070650
27 28 0.02120725
27 26 0.00450044
27 34 0.00221243
27 30 0.03362814
27 31 0.02345807
27 32 0.00917863
27 33 0.05609107
80 88 0.09276073
80 87 0.41003354
80 89 0.00070613
80 86 0.12414709
80 90 0.00102853
128 134 0.88042997
2 2 0.13013000
2 1 0.00113536
2 4 0.00397903
