119 113 0.64708302
119 114 0.00495360
119 112 0.00144331
23 21 0.02604552
23 17 0.20150244
23 18 0.07957918
23 22 0.00478785
23 20 0.16835281
23 23 0.07865483
23 19 0.01920679
115 108 0.04087745
115 109 0.25686663
115 110 0.00711260
104 96 0.00578801
104 97 0.19601066
104 100 0.00199649
104 99 0.01186766
104 102 0.00134569
104 98 0.41960439
3 2 0.01065002
3 4 0.00203057
3 3 0.53506037
3 1 0.01575994
122 116 0.45933860
130 124 0.95309864
114 109 0.01867547
114 107 0.00795842
114 108 0.25052975
112 106 0.36465487
112 105 0.06252658
112 107 0.00456271
74 68 0.01043364
74 71 0.07215265
74 66 0.06959941
74 73 0.01421928
74 74 0.00108320
74 72 0.11041275
74 67 0.20068855
74 65 0.09276733
74 70 0.09818026
85 83 0.06953690
85 82 0.11656136
85 84 0.00133754
85 78 0.01568594
85 81 0.00167973
85 77 0.00751789
71 63 0.06527647
71 65 0.01084458
71 62 0.02160080
71 70 0.01307466
71 67 0.00087734
71 64 0.47575128
71 71 0.00430841
71 68 0.00295643
71 69 0.06560495
63 56 0.58382591
63 55 0.00240887
63 61 0.00189738
63 60 0.04771144
63 64 0.00097176
63 59 0.06392094
63 63 0.08287713
63 62 0.00205709
13 9 0.00842669
13 12 0.06408127
13 13 0.09366663
13 6 0.00205299
13 8 0.00142417
13 14 0.00218168
13 7 0.00133231
13 11 0.08213984
13 10 0.19956545
75 72 0.02889437
75 67 0.06540204
75 71 0.00279253
75 66 0.09394033
75 68 0.33426639
75 69 0.01046703
75 73 0.08468605
75 74 0.01030588
79 70 0.03797867
79 77 0.04339706
79 75 0.01576184
79 72 0.08065145
79 78 0.00187171
79 76 0.14986448
79 71 0.05732834
35 28 0.00525194
35 35 0.09012476
35 30 0.08169809
35 31 0.12172237
35 29 0.17129352
35 32 0.05053432
35 33 0.01528986
95 87 0.00286630
95 92 0.00584552
95 90 0.01090598
95 89 0.02447632
95 88 0.10903971
95 93 0.07500201
95 91 0.00181747
108 102 0.21189717
108 103 0.01789236
108 101 0.12438265
108 104 0.00380641
132 126 0.90668870
125 119 0.55896657
125 120 0.00078249
28 21 0.00105939
28 22 0.21922524
28 28 0.15258217
28 25 0.11920243
28 26 0.00544335
28 23 0.06638105
28 24 0.03749756
131 125 0.93862319
6 5 0.00835378
6 6 0.36583504
6 4 0.27346726
6 3 0.00258447
6 1 0.00071823
19 20 0.00111397
19 15 0.00760874
19 18 0.03080110
19 14 0.05501758
19 17 0.02991911
19 19 0.04247299
19 12 0.00179368
19 13 0.13022409
19 16 0.04671475
118 113 0.00355253
118 112 0.51637139
118 111 0.01982831
38 35 0.01682880
38 34 0.02552617
38 36 0.00135844
38 33 0.11509214
38 32 0.31240060
38 31 0.05033130
38 30 0.00822847
38 38 0.11573100
129 123 0.83921937
117 110 0.01831540
117 111 0.37782180
117 112 0.01170993
15 10 0.01160803
15 15 0.07967359
15 14 0.06469972
15 11 0.01035787
15 8 0.00212126
15 9 0.04092108
15 16 0.00135342
15 13 0.03101112
15 12 0.18842412
48 43 0.00684063
48 41 0.19776056
48 45 0.06988113
48 40 0.06115251
48 42 0.10837612
48 44 0.03676632
48 48 0.11193374
109 105 0.00142015
109 104 0.04043534
109 103 0.38606118
109 102 0.12369522
81 80 0.00326262
81 77 0.01499752
81 72 0.02295350
81 79 0.13619340
81 78 0.15250042
81 74 0.47545895
81 73 0.01542326
30 30 0.13148813
30 26 0.00591391
30 27 0.09338131
30 25 0.00290627
30 28 0.02615483
30 24 0.05625897
30 23 0.01722949
11 10 0.03819412
11 7 0.00151109
11 11 0.06305787
11 4 0.00274239
11 8 0.03838435
11 9 0.31976125
11 12 0.00070890
100 92 0.00171135
100 96 0.01043093
100 95 0.01658263
100 97 0.05561847
100 94 0.00597851
100 98 0.00823283
100 93 0.10633400
91 84 0.15924197
91 88 0.00314670
91 85 0.00451959
91 83 0.00227453
91 89 0.02239991
91 87 0.00174288
58 52 0.00110414
58 59 0.00054021
58 50 0.00188500
58 57 0.00115239
58 54 0.01614063
58 58 0.13019255
58 55 0.03148840
58 51 0.50053980
102 97 0.02090265
102 95 0.00619293
102 96 0.36778992
102 98 0.00713741
102 99 0.00320213
102 94 0.00269055
102 100 0.00243803
27 23 0.03177869
27 24 0.15334151
27 25 0.00097509
27 27 0.10598598
27 20 0.00054341
27 22 0.01264946
27 21 0.14993074
128 123 0.00064237
128 122 0.76503301
80 78 0.07966167
80 73 0.00577565
80 74 0.00052221
80 76 0.01482025
80 71 0.03434600
80 77 0.15150498
80 79 0.00229836
80 72 0.09858500
2 3 0.00108963
2 1 0.00598444
2 2 0.13144641
97 95 0.06077492
97 92 0.01637350
97 90 0.11358812
97 89 0.00667293
97 93 0.00127786
97 91 0.25517711
97 94 0.00663446
43 40 0.07131538
43 36 0.02230349
43 39 0.05859988
43 43 0.08600436
43 41 0.00112073
43 38 0.07534100
43 37 0.00613960
78 71 0.16321571
78 74 0.01570917
78 69 0.00174403
78 76 0.06120627
78 70 0.00807135
78 72 0.00070059
78 75 0.09599659
14 9 0.00808493
14 12 0.06523928
14 13 0.03470903
14 8 0.01975216
14 14 0.04978368
14 7 0.00187735
14 11 0.16925235
14 10 0.00794522
99 91 0.01037686
99 94 0.01620875
99 93 0.00489475
99 90 0.00136442
99 95 0.00374745
99 97 0.00824118
99 96 0.09752509
99 92 0.12448218
101 97 0.02100846
101 95 0.02463938
101 96 0.02449712
101 94 0.00411633
101 99 0.00762371
101 93 0.00399459
101 98 0.01097003
31 24 0.00478983
31 26 0.00333139
31 28 0.01272058
31 27 0.06279256
31 25 0.03791025
31 29 0.02561267
31 31 0.11959227
73 64 0.08979833
73 69 0.07413178
73 73 0.00113325
73 71 0.05921508
73 66 0.47272141
73 70 0.05499979
73 65 0.06998677
73 67 0.01037203
73 72 0.01137204
47 44 0.00111580
47 39 0.03361515
47 43 0.02114169
47 41 0.01375219
47 40 0.02047860
47 47 0.05661087
47 42 0.01903944
41 33 0.03432982
41 37 0.09260058
41 38 0.03820028
41 36 0.00271764
41 34 0.01530951
41 39 0.01621910
41 35 0.00761907
41 41 0.08975621
121 115 0.78935537
121 114 0.00179647
121 116 0.00216054
22 21 0.02811975
22 17 0.12952850
22 18 0.00754916
22 22 0.09126126
22 20 0.02535143
22 16 0.14435811
22 19 0.16909176
22 23 0.00242028
76 74 0.12379530
76 73 0.00987396
76 69 0.30574055
76 68 0.06430200
76 75 0.00621882
76 67 0.06770267
76 72 0.03191308
76 70 0.01055550
10 10 0.06763967
10 7 0.00466336
10 8 0.29686766
10 3 0.00059215
10 9 0.08268855
10 6 0.00092964
29 24 0.03091263
29 23 0.25065348
29 25 0.03902671
29 27 0.00067835
29 26 0.09173841
29 29 0.14438773
29 22 0.00952662
126 120 0.82698166
77 70 0.47254459
77 75 0.04669552
77 68 0.01013920
77 73 0.01794924
77 74 0.00294107
77 69 0.00180491
25 25 0.03833361
25 24 0.01707317
25 23 0.02194451
25 19 0.22956065
25 21 0.01994575
25 20 0.00553021
25 22 0.16882753
9 9 0.15839963
9 5 0.00074241
9 6 0.01202342
9 8 0.03965877
9 7 0.28263465
113 106 0.04926158
113 108 0.01893956
113 107 0.12707199
12 12 0.10803802
12 13 0.00371999
12 5 0.00122753
12 9 0.12033337
12 8 0.00559304
12 11 0.06976487
12 10 0.09544046
90 87 0.02310714
90 86 0.00134347
90 82 0.00254174
90 88 0.00772798
90 83 0.15799696
90 84 0.01723626
8 7 0.03196126
8 5 0.00879600
8 6 0.25609935
8 8 0.28337067
111 105 0.08162947
111 106 0.02825675
111 104 0.12276452
84 81 0.01704837
84 83 0.00141510
84 82 0.04343076
84 76 0.06573325
84 80 0.00195907
84 77 0.00528223
84 75 0.00063449
107 105 0.00099772
107 102 0.01554578
107 103 0.00649409
107 100 0.13943483
107 101 0.37001918
55 54 0.00051265
55 47 0.00259671
55 52 0.04869580
55 48 0.16079733
55 51 0.06683306
55 55 0.04690352
70 63 0.49646824
70 62 0.06499101
70 70 0.01690888
70 67 0.06126647
70 64 0.01134057
70 66 0.09154111
70 71 0.00112591
70 68 0.05607798
70 61 0.00765392
70 69 0.01614420
124 118 0.42045454
124 119 0.00088910
110 103 0.14919684
110 105 0.04487920
110 106 0.00083244
110 104 0.29765549
82 78 0.00550967
82 81 0.00289099
82 73 0.00135211
82 74 0.12796344
82 80 0.11613470
82 79 0.16204473
82 75 0.49873193
88 86 0.09638467
88 80 0.15238575
88 87 0.00200419
88 81 0.22449528
88 84 0.00087984
88 85 0.16478306
86 79 0.46146469
86 85 0.00242811
86 83 0.16508528
86 82 0.00336951
86 84 0.11748371
86 78 0.14772649
62 58 0.07495843
62 61 0.00104158
62 55 0.07310877
62 60 0.00100615
62 59 0.05652419
62 54 0.00904669
62 62 0.05749937
62 63 0.00071721
123 117 0.63863681
72 64 0.06989569
72 68 0.00082408
72 66 0.01062624
72 71 0.01682096
72 69 0.06026886
72 63 0.06938433
72 65 0.47323560
72 70 0.07509059
72 72 0.00202832
17 10 0.00179035
17 15 0.03943923
17 17 0.08934469
17 14 0.04210510
17 11 0.09505410
17 18 0.00884156
17 16 0.01856938
17 12 0.06578175
17 13 0.03641788
60 57 0.03779261
60 52 0.00063345
60 53 0.31445308
60 60 0.08442091
60 56 0.03599113
93 87 0.00815674
93 90 0.00692774
93 89 0.00261274
93 86 0.09385374
93 85 0.00823184
93 91 0.00778915
69 62 0.24586524
69 70 0.00137704
69 63 0.01158888
69 65 0.03394693
69 67 0.08526625
69 69 0.02550967
69 61 0.06397060
69 66 0.03763136
69 68 0.01589339
83 81 0.06130295
83 74 0.00129111
83 82 0.00117503
83 76 0.01247171
83 80 0.12288640
83 79 0.00266339
83 75 0.09861900
57 54 0.00722861
57 57 0.13104459
57 50 0.32057623
57 53 0.01099732
57 49 0.05347191
57 58 0.00052326
57 56 0.00080313
57 51 0.00056605
54 52 0.00063625
54 50 0.02749674
54 54 0.08624646
54 46 0.00134248
54 47 0.03822196
54 51 0.05774212
135 129 0.97743483
103 97 0.41454063
103 96 0.19878903
103 95 0.00309134
103 98 0.01810242
103 99 0.00526910
103 101 0.00235803
103 100 0.00079080
16 9 0.00232695
16 16 0.08019351
16 13 0.06607685
16 12 0.02941548
16 15 0.07039098
16 10 0.06764149
16 14 0.02527197
16 17 0.00658501
16 11 0.01882551
40 40 0.04851561
40 35 0.00176498
40 34 0.26916309
40 36 0.04722822
40 38 0.01737471
40 37 0.02804949
40 33 0.07654209
40 32 0.02965883
92 90 0.04882985
92 89 0.16267160
92 86 0.00801869
92 88 0.00155750
92 85 0.01143295
92 84 0.02952838
39 31 0.01676631
39 32 0.05820677
39 37 0.01760197
39 33 0.29867428
39 36 0.01432400
39 34 0.08610218
39 35 0.02234718
39 39 0.04897223
45 42 0.03592087
45 40 0.01151809
45 41 0.05632246
45 45 0.07861816
45 39 0.17860459
45 38 0.13362694
45 37 0.01864660
94 88 0.15770189
94 91 0.15394858
94 87 0.12520790
94 92 0.04335296
94 90 0.00348047
94 86 0.00418884
49 49 0.06077360
49 44 0.00200072
49 42 0.26842872
49 46 0.07062489
49 43 0.03355342
49 45 0.03497958
49 41 0.05759102
53 53 0.02117159
53 49 0.01077675
53 51 0.00059676
53 47 0.00060595
53 46 0.04164105
53 50 0.00770288
53 52 0.00061846
61 53 0.00357240
61 61 0.07751798
61 58 0.05868484
61 54 0.15016527
61 57 0.03519190
51 48 0.07577416
51 44 0.17335323
51 51 0.09468387
51 45 0.00975438
51 43 0.03764840
51 46 0.00077652
51 47 0.07831895
66 60 0.00263323
66 64 0.00270406
66 66 0.01353875
66 58 0.00490390
66 65 0.00340836
66 63 0.00164559
66 62 0.00220672
66 59 0.12863717
89 86 0.08238607
89 87 0.02959386
89 81 0.01980719
89 82 0.21423035
5 4 0.02478786
5 3 0.21427597
5 5 0.33744025
36 34 0.01505117
36 36 0.13654310
36 29 0.00084816
36 32 0.11791926
36 33 0.01362069
36 31 0.09433352
36 30 0.27446929
59 53 0.00161341
59 60 0.00067021
59 51 0.12386593
59 56 0.04346605
59 55 0.00685897
59 59 0.12822604
59 52 0.18091516
120 114 0.76000260
21 19 0.03907180
21 16 0.03585948
21 20 0.03592119
21 15 0.15030914
21 22 0.00164556
21 18 0.15256292
21 17 0.02960885
21 14 0.00071047
21 21 0.10108973
56 53 0.00771409
56 49 0.18982470
56 48 0.00067222
56 56 0.02144655
56 52 0.01675383
37 35 0.00622576
37 34 0.02491083
37 31 0.31835302
37 30 0.03726577
37 37 0.16075272
37 33 0.10655857
37 29 0.00078572
37 32 0.10267426
68 62 0.00157007
68 65 0.03083162
68 67 0.00860384
68 64 0.06947537
68 60 0.00098642
68 69 0.00077579
68 61 0.33807660
68 68 0.01491369
68 66 0.03644633
105 97 0.00201108
105 98 0.12025846
105 100 0.02066190
105 101 0.01183386
105 103 0.00088719
105 99 0.24452241
133 127 0.89700140
26 25 0.00153032
26 26 0.02858832
26 23 0.16619094
26 24 0.02493721
26 21 0.04697880
26 22 0.02605929
26 20 0.20023098
106 102 0.00841876
106 99 0.11929000
106 100 0.30872856
106 101 0.00769217
106 104 0.00131336
52 49 0.00810111
52 51 0.00060815
52 48 0.07665829
52 44 0.00164626
52 46 0.00157575
52 45 0.23430188
52 52 0.08299028
34 34 0.13780596
34 28 0.11272369
34 27 0.00112151
34 32 0.01730832
34 29 0.04290428
34 31 0.06264272
34 30 0.12434649
64 64 0.06486533
64 60 0.08648748
64 61 0.01296511
64 56 0.01386219
64 57 0.61352810
64 62 0.00135559
64 65 0.00102209
64 63 0.00447981
18 19 0.00736591
18 12 0.12535110
18 13 0.07158637
18 16 0.00831569
18 15 0.03580103
18 18 0.09968832
18 11 0.00178908
18 17 0.04311937
18 14 0.01382340
67 64 0.03831628
67 60 0.16231288
67 61 0.00779638
67 66 0.00732934
67 68 0.00068683
67 65 0.01937765
67 63 0.02475521
67 67 0.01362000
67 59 0.00098655
4 4 0.48196810
4 3 0.01864276
4 2 0.01821967
1 1 0.54894587
1 2 0.00062110
96 92 0.00094487
96 89 0.04750707
96 90 0.17904334
96 93 0.14739085
96 88 0.00790120
96 94 0.07182415
96 91 0.00687226
134 128 0.80207819
44 40 0.05957757
44 41 0.07893630
44 39 0.14765908
44 38 0.13279388
44 44 0.15750747
44 37 0.04560414
98 90 0.01051772
98 89 0.00136329
98 96 0.09965527
98 95 0.01623239
98 92 0.13901352
98 91 0.24741787
98 94 0.00334171
98 93 0.00979350
32 27 0.00657753
32 28 0.00800862
32 25 0.02263824
32 26 0.15736224
32 30 0.00443831
32 29 0.05166613
32 32 0.05615314
65 64 0.00173002
65 58 0.02426843
65 61 0.00275478
65 62 0.02376053
65 57 0.00348880
65 63 0.00644629
65 65 0.02189965
42 38 0.06767618
42 37 0.08238501
42 40 0.00790523
42 42 0.06409077
42 39 0.06235896
42 35 0.00239246
42 36 0.00377384
42 34 0.00090255
50 44 0.00305384
50 42 0.00489699
50 47 0.07388208
50 46 0.08009481
50 50 0.01795873
50 43 0.19950882
87 80 0.17101106
87 86 0.00244652
87 79 0.17443671
87 84 0.01235641
87 83 0.00427202
87 85 0.12674404
7 6 0.00327937
7 5 0.26535727
7 4 0.00373296
7 7 0.21125462
116 111 0.00320343
116 109 0.09334208
116 110 0.51132419
33 28 0.00286524
33 27 0.06482838
33 26 0.00899278
33 29 0.06442464
33 33 0.08713268
33 31 0.02132551
33 30 0.08166664
20 16 0.01398258
20 13 0.00169950
20 19 0.04293929
20 21 0.00504201
20 17 0.15806268
20 14 0.10586723
20 18 0.04338077
20 15 0.08784855
20 20 0.09230982
46 38 0.03395313
46 41 0.01059739
46 43 0.01698872
46 39 0.09498785
46 42 0.03827412
46 40 0.07028126
46 46 0.09954168
24 24 0.03040314
24 23 0.04139977
24 19 0.12751378
24 22 0.01037147
24 20 0.01985505
24 21 0.16705360
24 18 0.14256268
127 121 0.44481190
