138 144 123 129 0.00725034
138 144 124 129 0.00055795
138 143 124 129 0.00443608
15 46 14 42 0.00349595
72 91 58 77 0.00141783
72 91 59 78 0.00404607
72 89 61 75 0.00078464
72 89 60 75 0.04675650
72 90 59 78 0.00240479
6 55 8 48 0.96978200
6 55 6 50 0.00198874
6 55 6 51 0.00437627
70 91 59 78 0.17227700
70 91 58 77 0.00567747
70 91 58 79 0.00239441
13 48 15 41 0.52716700
76 84 63 72 0.00323982
76 84 64 71 0.02260100
76 87 61 74 0.00256804
76 87 62 73 0.90386300
104 158 91 145 0.18995900
105 157 92 144 0.28865400
4 57 6 50 0.96484000
4 57 4 53 0.00112155
116 152 102 139 0.00108131
116 152 103 138 0.01593190
65 98 56 85 0.00388096
77 86 62 73 0.00361583
77 86 63 72 0.90519500
77 83 64 71 0.00142278
73 87 60 75 0.00255572
73 87 61 74 0.04757070
73 89 61 75 0.00105264
73 89 60 75 0.17247800
1 160 1 147 0.46778400
1 62 1 55 0.00134410
68 93 58 79 0.78869500
68 93 57 80 0.17823900
68 93 56 81 0.00245108
106 156 93 143 0.08206310
5 56 7 49 0.97021500
5 56 5 51 0.00176731
5 56 5 52 0.00696628
8 53 10 46 0.56201800
8 52 8 48 0.01029760
8 52 10 46 0.00090202
79 83 65 69 0.47146100
79 83 66 70 0.05181660
79 84 64 71 0.00216704
102 160 89 147 0.19831500
57 101 53 88 0.00275525
137 145 123 130 0.00064118
137 145 122 130 0.00741040
21 41 18 37 0.00267185
21 41 18 35 0.00677717
21 41 22 39 0.00408561
21 41 17 37 0.00112288
21 36 22 31 0.00188023
21 36 21 30 0.00151025
21 36 20 31 0.00214021
21 36 23 30 0.00330084
20 37 22 31 0.00321611
20 37 19 32 0.00098330
20 37 21 32 0.00182373
20 37 21 30 0.00465846
20 37 20 31 0.00055195
20 43 20 36 0.01004680
20 43 19 36 0.01728200
14 47 16 40 0.40144700
98 104 84 91 0.00094056
67 94 57 80 0.52980500
67 94 57 81 0.00057077
67 94 56 81 0.08754900
67 94 55 82 0.00100899
9 51 11 45 0.00130199
9 51 11 44 0.93317800
9 51 9 47 0.01034010
99 103 85 90 0.00155633
99 106 85 93 0.00050437
60 101 53 88 0.67314800
60 101 54 87 0.00174185
60 98 56 85 0.00093678
60 98 53 84 0.02908590
117 151 104 137 0.01391130
117 151 103 138 0.00087416
27 35 28 33 0.00136458
27 35 24 29 0.23891500
27 35 23 30 0.03657960
27 35 23 31 0.01333470
27 35 25 30 0.01673090
2 60 3 53 0.00053492
2 60 4 53 0.01624190
2 159 2 146 0.30013000
2 159 3 146 0.00599082
25 32 24 29 0.00139851
25 37 26 35 0.00466516
25 37 22 31 0.17519700
25 37 22 32 0.00321458
25 37 25 36 0.00275390
25 37 25 30 0.00070696
25 37 20 31 0.00557315
25 37 21 33 0.01082070
25 37 21 30 0.01085250
25 37 21 32 0.02164370
25 37 23 31 0.00145748
25 37 23 30 0.26841000
18 39 19 32 0.01991940
18 43 20 36 0.11068100
18 43 19 36 0.14166300
18 43 18 37 0.00303025
114 154 101 140 0.02656580
114 154 100 141 0.00073214
26 36 24 29 0.50286500
26 36 22 31 0.03157210
26 36 22 32 0.01265390
26 36 26 35 0.00558666
26 36 21 30 0.01666820
26 36 25 30 0.00218971
26 36 23 30 0.23099400
26 36 23 31 0.00351622
17 44 17 37 0.01804380
17 44 16 40 0.00340014
17 44 18 37 0.17666400
58 104 51 91 0.05222030
58 100 54 87 0.00178559
58 100 51 87 0.00814819
58 100 51 86 0.00293514
12 49 11 45 0.00346879
12 49 14 42 0.76583900
22 35 21 30 0.00088130
22 35 23 30 0.00141698
22 35 24 29 0.00240136
22 40 21 33 0.04238710
22 40 22 39 0.00189107
22 40 22 33 0.00133570
22 40 19 36 0.00224943
61 97 54 83 0.13482900
61 97 53 84 0.00059998
61 95 54 83 0.00064571
61 95 54 82 0.01161270
61 95 56 81 0.00052353
61 100 54 87 0.32962400
61 100 55 86 0.00105274
75 85 62 73 0.00340459
75 85 63 72 0.06405160
75 88 61 74 0.89418400
75 88 61 75 0.00464302
75 88 60 75 0.00359238
3 58 5 51 0.27466800
3 59 5 52 0.13096900
3 59 3 53 0.00077571
74 86 62 73 0.06108140
74 86 61 74 0.00167050
23 39 22 32 0.03447780
23 39 19 32 0.00854258
23 39 24 37 0.00467503
23 39 21 32 0.29245100
23 39 21 33 0.00251364
80 84 66 70 0.35877900
64 98 56 85 0.01721910
59 102 53 88 0.00064278
59 102 52 89 0.67620200
59 99 52 85 0.02215570
59 99 52 86 0.00901001
59 99 55 86 0.00065333
115 153 102 139 0.04525270
62 97 54 83 0.00109865
62 97 55 83 0.03079080
62 94 55 81 0.00438455
62 100 54 87 0.00851560
62 100 55 86 0.08237730
62 99 55 86 0.10327400
62 96 55 82 0.19493400
62 96 55 83 0.01084890
62 96 54 83 0.00093750
110 157 97 144 0.55007100
16 45 15 41 0.00389074
19 44 18 37 0.01748980
19 44 17 37 0.00416188
19 42 18 35 0.03139040
19 42 19 36 0.00315858
19 42 20 36 0.00084170
19 38 19 32 0.00415910
19 38 21 32 0.00949329
19 38 20 31 0.02728970
7 53 9 47 0.00081085
7 53 7 49 0.00879001
10 50 10 46 0.00993585
10 50 12 43 0.88970500
63 99 56 85 0.09519590
63 99 55 86 0.00737647
63 96 55 82 0.00270376
63 96 56 82 0.04873850
111 156 98 143 0.16151800
78 85 63 72 0.00363143
78 85 64 71 0.91427000
24 38 21 33 0.00279114
24 38 21 32 0.18649600
24 38 20 31 0.01827490
24 38 25 36 0.00468125
24 38 23 31 0.05117760
24 38 24 37 0.00563393
24 38 19 32 0.01107550
24 38 22 32 0.00667379
24 38 22 31 0.55062100
24 33 22 31 0.00062621
24 33 24 29 0.00072523
69 92 59 78 0.78873200
69 92 57 80 0.00179774
69 92 58 79 0.17880200
103 159 90 146 0.36365300
