111 141 111 141 0.54672300
111 134 111 134 0.00563805
111 135 111 135 0.00377989
111 132 111 132 0.00851409
111 133 111 133 0.01933170
19 77 19 77 0.21002700
117 129 117 129 0.58418400
48 59 48 59 0.10043100
92 99 92 99 0.00211953
92 157 92 157 0.31085800
109 143 109 143 0.78335100
30 61 33 61 0.00959590
30 37 30 38 0.00059542
30 36 29 35 0.03999410
30 36 31 37 0.00077461
30 39 30 38 0.00280519
30 39 30 39 0.49211400
115 132 115 132 0.02443650
115 131 115 131 0.43182600
115 137 115 137 0.27418600
57 66 56 66 0.00493735
57 66 57 65 0.00064550
68 92 68 92 0.00091248
68 94 68 94 0.00054325
68 86 68 86 0.00358308
51 61 50 61 0.04627390
51 61 52 61 0.00685884
36 55 39 55 0.00094665
36 55 37 54 0.00145998
36 55 36 55 0.00963773
69 93 69 93 0.00059824
52 63 51 62 0.00394597
52 60 51 60 0.01003440
93 156 93 156 0.41827600
41 50 39 47 0.00051422
41 50 41 51 0.01939710
41 50 41 49 0.06156260
41 50 42 50 0.03453330
114 138 114 138 0.41903800
39 52 39 52 0.00984616
39 52 39 51 0.00224210
39 52 41 52 0.00440687
91 158 91 158 0.39570100
65 88 65 88 0.00517084
65 95 65 95 0.00066248
65 91 65 91 0.01449830
20 47 19 47 0.00063763
20 76 20 76 0.34811200
99 106 99 106 0.01313230
18 78 18 78 0.20016600
40 51 41 51 0.01492270
40 51 39 51 0.01891560
29 40 29 40 0.76316800
29 63 32 63 0.02007910
29 36 29 35 0.00318652
29 37 29 37 0.06922230
29 37 28 36 0.02206610
29 65 30 65 0.00205621
112 132 112 132 0.03341020
112 133 112 133 0.01001690
112 140 112 140 0.52375500
112 131 112 131 0.00507982
112 134 112 134 0.00890698
38 53 40 53 0.01585600
38 53 39 52 0.00110633
116 130 116 130 0.79005500
116 136 116 136 0.08612310
28 38 27 37 0.02276440
28 64 31 64 0.01941270
28 41 28 41 0.75469500
28 66 29 66 0.00091934
43 48 43 49 0.04684400
43 48 43 47 0.15617800
43 48 42 48 0.01903860
120 126 120 126 0.68997000
74 87 74 87 0.02651390
74 90 74 90 0.00992536
74 82 74 82 0.12926100
74 81 74 81 0.00461042
21 46 20 46 0.00074622
21 75 21 75 0.15761000
26 37 26 38 0.00095174
121 125 121 125 0.91982000
8 85 8 85 0.12872600
58 65 57 65 0.00222325
58 65 58 64 0.00077065
50 62 49 62 0.10784800
50 62 51 62 0.03361620
50 62 50 61 0.00154858
50 62 50 63 0.00144910
59 64 58 64 0.00819594
104 148 104 148 0.40905000
104 147 104 147 0.02294780
72 79 72 79 0.19231700
35 56 36 55 0.00150392
35 56 35 56 0.02426890
35 56 37 56 0.01865090
102 150 102 150 0.18600800
94 155 94 155 0.67968100
66 90 66 90 0.01529250
66 94 66 94 0.00124390
66 87 66 87 0.00469474
98 152 98 152 0.30926200
98 107 98 107 0.00468556
53 62 52 61 0.01632080
75 81 75 81 0.07530220
75 86 75 86 0.03771180
75 89 75 89 0.01338170
118 128 118 128 0.69139300
22 74 22 74 0.38300500
113 139 113 139 0.52401700
67 86 67 86 0.00489018
67 89 67 89 0.01369740
67 93 67 93 0.00077795
97 153 97 153 0.68119400
14 21 14 21 0.04857650
110 142 110 142 0.56306600
110 135 110 135 0.00250899
110 134 110 134 0.01111590
110 133 110 133 0.00444190
119 127 119 127 0.69139300
103 148 103 148 0.24180300
33 57 36 57 0.00875071
73 84 73 84 0.05532270
73 83 73 83 0.03400760
73 91 73 91 0.01086770
73 78 73 78 0.05543840
73 88 73 88 0.04520130
1 159 1 159 0.08839720
37 55 37 54 0.00067834
37 55 36 55 0.00208604
37 55 39 55 0.00342596
71 86 71 86 0.03319350
71 89 71 89 0.02668100
71 80 71 80 0.08014620
42 49 41 49 0.04741100
42 49 43 49 0.03231640
42 49 42 48 0.19322600
42 49 42 50 0.06319920
106 147 106 147 0.53491600
27 33 29 35 0.00075768
27 68 27 68 0.08753320
34 57 36 57 0.01471610
34 57 35 56 0.00144323
34 56 37 56 0.00430789
24 71 24 71 0.19659600
24 42 23 41 0.00104005
25 41 24 40 0.00075198
25 70 25 70 0.86313200
107 146 107 146 0.45234900
23 73 23 73 0.23334600
31 37 31 37 0.69834500
31 60 32 59 0.00120935
31 60 34 60 0.01053130
31 36 31 37 0.00099524
32 59 32 59 0.00523652
32 59 35 59 0.00822281
32 59 33 58 0.00126229
7 86 7 86 0.08539680
108 145 108 145 0.87927300
