131 131 0.73902600
105 105 0.99744300
5 5 0.14111700
158 158 0.85684300
112 112 0.37047100
117 117 0.99984900
18 18 0.66968200
18 19 0.00092939
18 20 0.00182961
122 122 0.36044700
142 142 0.39455200
154 154 0.87813500
22 22 0.17743800
22 21 0.00094405
22 24 0.07004330
89 89 0.39477600
148 148 0.46610800
109 109 0.39808200
115 115 0.99975300
9 9 0.29132200
2 2 0.86391900
69 69 0.39652700
156 156 0.92368600
15 15 0.09685300
15 16 0.00062403
8 8 0.39647600
37 39 0.06085160
37 38 0.04961910
37 37 0.82243800
11 11 0.23145400
128 128 0.38901100
153 153 0.92991700
100 101 0.00302906
100 100 0.73138000
48 48 0.96774900
133 133 0.99941500
32 34 0.00171597
32 32 0.82279900
52 52 0.65911300
51 51 0.85433500
53 53 0.29277000
125 125 0.34054400
157 157 0.86314400
120 120 0.48718700
36 36 0.82262200
36 38 0.11528300
36 37 0.02359580
71 71 0.59737600
159 159 0.80339700
99 100 0.00688431
99 99 0.98223000
19 21 0.02261370
19 18 0.00272139
19 19 0.71121400
19 20 0.00131746
54 54 0.94813200
104 104 0.28063100
147 147 0.94951200
1 1 0.95787300
91 91 0.06743750
106 106 0.99751100
50 50 0.97033900
80 80 0.58911600
101 101 0.73105500
130 130 0.73446600
102 102 0.98096100
132 132 0.29553000
42 42 0.82258800
42 43 0.00142750
6 6 0.35078000
67 67 0.31633900
12 12 0.29454900
136 136 0.79222400
79 79 0.39434100
38 40 0.00652718
38 38 0.82231200
38 39 0.10406200
144 144 0.38710900
30 32 0.00676539
30 30 0.82267900
113 113 0.38145100
10 10 0.37341300
138 138 0.00849808
150 150 0.79521400
135 135 0.99929200
27 29 0.16459600
27 26 0.00110112
27 27 0.31631400
27 30 0.00234096
137 137 0.99978800
29 29 0.36736200
29 31 0.01280430
60 60 0.99176500
63 63 0.13883100
152 152 0.89893700
155 155 0.92368500
114 114 0.99971200
74 74 0.29132100
140 140 0.29038200
143 143 0.11967100
75 75 0.39647600
68 68 0.39666300
77 77 0.28624800
7 7 0.93495400
87 87 0.11966800
23 22 0.04364530
23 25 0.08540480
23 23 0.52898700
146 146 0.42154000
151 151 0.76460500
94 94 0.99970700
41 42 0.00173703
41 41 0.82261800
61 61 0.88478100
58 58 0.97957500
84 84 0.36720700
76 76 0.99376400
49 49 0.97022200
14 14 0.39633600
149 149 0.82633200
25 28 0.00317254
25 27 0.17024400
25 25 0.73563400
25 24 0.01839990
17 17 0.02639510
35 35 0.82277100
35 37 0.14132700
160 160 0.99812900
96 96 0.42699800
3 3 0.68039500
103 103 0.38902400
39 40 0.00365650
39 39 0.82228100
72 72 0.56860300
119 119 0.99985000
59 59 0.99150100
82 82 0.53015300
45 45 0.37702700
45 46 0.00190671
83 83 0.89607500
126 126 0.88871600
121 121 0.58769400
55 55 0.84404800
44 44 0.82839200
44 45 0.00627869
4 4 0.41807400
21 20 0.02430070
21 21 0.73297800
21 23 0.08465790
73 73 0.43872800
118 118 0.67696300
93 93 0.99968200
88 88 0.39455100
110 110 0.36045700
124 124 0.12266800
95 95 0.79218500
34 34 0.82280000
34 36 0.00982954
116 116 0.99983400
78 78 0.11797400
70 70 0.29454900
98 99 0.00157451
98 98 0.29398800
16 17 0.00083417
16 16 0.99180900
13 13 0.39650200
24 24 0.73445600
24 26 0.08501940
24 23 0.03149060
24 25 0.00069108
85 85 0.97994800
33 33 0.82281300
33 35 0.00171119
28 31 0.00231806
28 28 0.41577600
28 30 0.02302330
92 92 0.00849421
86 86 0.38710900
40 41 0.00168465
40 40 0.82238800
43 44 0.00164087
43 43 0.82324300
97 97 0.99925800
107 107 0.27995400
62 62 0.43473300
66 66 0.99925700
47 48 0.00127262
47 47 0.47874700
46 46 0.43961400
65 65 0.99914200
123 123 0.39807700
56 56 0.85822400
145 145 0.89843200
90 90 0.29038100
134 134 0.42693800
129 129 0.98093300
81 81 0.66962300
127 127 0.32863000
141 141 0.39477700
31 31 0.82271600
31 33 0.00174264
57 57 0.97893500
20 20 0.74435100
20 21 0.00055330
20 19 0.00717503
20 22 0.07945590
64 64 0.78042000
139 139 0.06745990
111 111 0.99974400
26 25 0.01024190
26 28 0.16512700
26 26 0.74565200
26 29 0.00607510
108 108 0.12266300
