9 147 9 147 0.09976240
9 133 9 133 0.00060944
9 108 9 108 0.44730100
9 107 9 107 0.03833520
48 58 48 58 0.55802700
48 62 48 62 0.01140000
35 79 35 79 0.09077230
35 76 35 76 0.03903130
35 78 35 78 0.12081100
133 142 133 142 0.11957300
133 141 133 141 0.40630000
133 144 133 144 0.00541736
111 125 111 125 0.00319642
111 137 111 137 0.00150815
111 138 111 138 0.02624120
111 127 111 127 0.01292350
121 127 121 127 0.01455050
121 145 121 145 0.00068162
47 59 47 59 0.66822700
51 58 51 58 0.01768900
51 55 51 55 0.54786200
137 144 137 144 0.00117988
137 150 137 150 0.00101099
110 139 110 139 0.02296420
110 130 110 130 0.00471093
141 147 141 147 0.01394840
12 103 12 103 0.57328800
12 105 12 105 0.03402550
139 149 139 149 0.00557660
120 127 120 127 0.01422260
120 125 120 125 0.10798100
120 146 120 146 0.00137174
20 95 20 95 0.66670300
131 143 131 143 0.50522500
131 148 131 148 0.00252735
131 146 131 146 0.00502901
32 80 32 80 0.06267070
32 81 32 81 0.64628400
32 79 32 79 0.02295930
4 151 4 151 0.21297500
4 138 4 138 0.00176565
4 116 4 116 0.00429347
4 152 4 152 0.13935000
4 146 4 146 0.00718845
1 114 1 114 0.03650380
1 150 1 150 0.01729640
1 115 1 115 0.00820278
1 117 1 117 0.00327464
1 118 1 118 0.00318924
1 141 1 141 0.00129206
23 92 23 92 0.60507300
17 98 17 98 0.65775600
123 151 123 151 0.03096580
123 148 123 148 0.00198846
123 127 123 127 0.00853038
21 94 21 94 0.70957200
25 89 25 89 0.61774300
140 148 140 148 0.01152180
129 146 129 146 0.03595900
129 147 129 147 0.00761015
129 137 129 137 0.00142894
129 138 129 138 0.00076026
129 145 129 145 0.47373100
126 151 126 151 0.00676291
126 148 126 148 0.13628600
126 133 126 133 0.00113112
126 147 126 147 0.05676770
8 108 8 108 0.02131950
8 148 8 148 0.18196200
8 134 8 134 0.00057718
8 109 8 109 0.45437500
135 139 135 139 0.54226800
135 152 135 152 0.00054759
13 102 13 102 0.69665200
13 104 13 104 0.01630040
42 64 42 64 0.02262100
42 69 42 69 0.14762700
42 70 42 70 0.54531300
42 65 42 65 0.03583340
22 93 22 93 0.70957200
125 150 125 150 0.00599790
125 149 125 149 0.07402780
40 72 40 72 0.70585000
40 67 40 67 0.00524726
3 116 3 116 0.00190366
3 151 3 151 0.01752180
3 139 3 139 0.00117120
3 152 3 152 0.18190900
3 147 3 147 0.00860310
52 57 52 57 0.03708890
107 142 107 142 0.02871540
107 115 107 115 0.00412996
5 150 5 150 0.10024400
5 115 5 115 0.00418718
5 112 5 112 0.25968000
41 66 41 66 0.01105660
41 71 41 71 0.59563100
30 84 30 84 0.01483680
30 83 30 83 0.65681000
132 147 132 147 0.00167057
132 145 132 145 0.00780695
132 143 132 143 0.09357460
6 114 6 114 0.01148010
6 150 6 150 0.25795300
6 149 6 149 0.00941388
6 111 6 111 0.34840700
6 136 6 136 0.00095684
38 74 38 74 0.66150500
130 144 130 144 0.46084400
130 149 130 149 0.00192313
130 135 130 135 0.00288081
15 99 15 99 0.03119690
15 100 15 100 0.58619400
50 56 50 56 0.60942000
50 59 50 59 0.01854710
50 60 50 60 0.00144679
128 147 128 147 0.06696890
128 146 128 146 0.36519900
128 138 128 138 0.00075903
128 148 128 148 0.01737570
36 76 36 76 0.66334700
36 78 36 78 0.01385160
36 75 36 75 0.00979777
45 61 45 61 0.59019100
45 67 45 67 0.04516420
19 96 19 96 0.60507300
124 150 124 150 0.05144420
31 82 31 82 0.60507300
108 114 108 114 0.02453830
108 132 108 132 0.00204162
108 141 108 141 0.02678770
117 147 117 147 0.00452584
117 130 117 130 0.01378300
117 122 117 122 0.28147400
46 60 46 60 0.55828400
46 66 46 66 0.02019050
138 150 138 150 0.00328863
138 149 138 149 0.00081892
112 127 112 127 0.16437600
112 148 112 148 0.01890540
112 134 112 134 0.00477789
112 124 112 124 0.00229395
112 125 112 125 0.00770216
112 137 112 137 0.02361940
116 150 116 150 0.01741800
116 129 116 129 0.04088410
116 131 116 131 0.01167890
116 123 116 123 0.33161300
116 121 116 121 0.12725400
116 132 116 132 0.01439970
29 84 29 84 0.62883300
29 86 29 86 0.08838110
105 144 105 144 0.02224390
105 117 105 117 0.00070458
43 66 43 66 0.11604200
43 68 43 68 0.31280900
43 67 43 67 0.13390300
115 133 115 133 0.01714940
115 124 115 124 0.30964400
115 151 115 151 0.02104330
115 122 115 122 0.05755540
115 130 115 130 0.02639010
109 140 109 140 0.02807670
109 113 109 113 0.01750540
109 114 109 114 0.02147110
109 131 109 131 0.00409917
24 91 24 91 0.45641500
24 90 24 90 0.31843000
2 113 2 113 0.02494800
2 114 2 114 0.05668690
2 140 2 140 0.00144219
2 115 2 115 0.00851434
2 118 2 118 0.00121456
2 149 2 149 0.00924403
2 117 2 117 0.00204389
18 97 18 97 0.70957300
28 87 28 87 0.12202600
28 85 28 85 0.52444200
10 146 10 146 0.04210900
10 105 10 105 0.35334600
10 107 10 107 0.32004900
142 151 142 151 0.00084703
142 146 142 146 0.02128530
142 147 142 147 0.00320724
14 101 14 101 0.70957200
11 104 11 104 0.56610100
11 106 11 106 0.13102600
39 73 39 73 0.60507300
114 125 114 125 0.45644600
114 124 114 124 0.03252730
114 146 114 146 0.02225610
114 134 114 134 0.04320690
114 152 114 152 0.04104920
26 88 26 88 0.57712900
26 87 26 87 0.02304500
122 128 122 128 0.00242357
122 149 122 149 0.00112482
122 126 122 126 0.01953230
136 151 136 151 0.00114715
136 145 136 145 0.00082508
143 150 143 150 0.00144342
49 60 49 60 0.01190780
49 57 49 57 0.54626300
49 61 49 61 0.00266958
106 143 106 143 0.03120810
106 116 106 116 0.00299741
113 133 113 133 0.00626064
113 134 113 134 0.00373787
113 124 113 124 0.00669755
113 125 113 125 0.00740743
113 147 113 147 0.01676060
113 127 113 127 0.01963310
113 122 113 122 0.00233627
7 135 7 135 0.00064036
7 149 7 149 0.20635200
7 110 7 110 0.34253500
37 75 37 75 0.59454000
37 74 37 74 0.00779534
104 145 104 145 0.01117370
127 150 127 150 0.01254850
127 136 127 136 0.00100210
127 149 127 149 0.01355280
127 132 127 132 0.00294705
134 141 134 141 0.06190750
134 140 134 140 0.56695600
119 129 119 129 0.01066160
119 126 119 126 0.14114900
119 128 119 128 0.03729690
118 146 118 146 0.00254228
118 148 118 148 0.01026290
118 127 118 127 0.08551430
27 88 27 88 0.11512200
27 87 27 87 0.50864200
44 62 44 62 0.67644200
44 63 44 63 0.05688540
34 77 34 77 0.13780100
