1 112 1 112 0.04011200
123 149 123 149 0.05434050
102 143 102 143 0.16347100
102 116 102 116 0.00163076
126 134 126 134 0.88889300
103 142 103 142 0.12317200
129 133 129 134 0.00143829
129 133 129 133 0.88290600
13 106 13 106 0.24879700
3 152 3 152 0.01362400
3 110 3 110 0.00774866
3 7 3 7 0.11837700
52 57 50 56 0.05083460
52 57 52 57 0.74922000
125 137 126 137 0.00110092
125 147 126 147 0.00066937
107 112 107 112 0.02727480
64 72 64 72 0.00848469
48 61 45 61 0.00071043
48 61 46 60 0.13755800
9 110 9 110 0.29738000
9 152 9 152 0.06894960
133 140 134 140 0.00091838
111 116 111 116 0.02209070
47 62 45 61 0.13808200
47 62 47 62 0.17217700
110 117 110 117 0.02821900
110 135 110 135 0.23166700
12 107 12 107 0.21514300
12 122 12 122 0.00606159
12 149 12 149 0.04210470
4 151 4 151 0.01680630
2 8 2 8 0.83688500
114 122 114 122 0.60214600
10 124 10 124 0.01664430
10 151 10 151 0.08794440
11 123 11 123 0.00723865
11 108 11 108 0.49934000
11 150 11 150 0.05671570
122 141 122 141 0.16123100
49 60 47 59 0.13976700
49 60 49 60 0.17401100
127 135 128 135 0.00193874
127 135 127 136 0.00099266
7 15 7 15 0.00785152
101 144 101 144 0.25229000
101 117 101 117 0.00204522
104 141 104 141 0.10625600
44 64 42 64 0.04152700
44 64 43 63 0.00235967
44 70 42 70 0.00083209
65 74 65 74 0.91398200
5 150 5 150 0.01084530
5 114 5 114 0.02729810
5 17 5 17 0.00878435
6 113 6 113 0.01810400
6 16 6 16 0.01105660
130 144 130 144 0.00064414
15 104 15 104 0.13463300
128 134 129 134 0.00292267
128 134 128 135 0.00137126
50 59 48 58 0.13749800
50 59 47 59 0.00064653
50 59 50 59 0.24869100
124 136 124 136 0.20168200
45 63 43 63 0.00814257
45 63 44 62 0.00091429
116 120 116 120 0.12498100
66 73 66 73 0.17560300
46 63 46 63 0.75620400
46 63 43 63 0.00063355
46 63 44 62 0.12821700
105 114 105 114 0.03853980
115 121 115 121 0.83711200
