14 14 0.54981775
56 56 0.58484805
157 157 0.73260229
118 119 0.00051279
118 118 0.75756260
118 121 0.00086947
106 106 0.59848047
106 109 0.00305213
106 105 0.00086879
64 63 0.01056763
64 64 0.70645859
41 40 0.00289577
41 42 0.00123480
41 41 0.81204953
41 43 0.02614403
7 7 0.44641879
54 54 0.84347092
40 41 0.00079799
40 39 0.02598036
40 40 0.69068339
40 42 0.01085328
115 118 0.00164390
115 115 0.66775727
115 116 0.00414623
98 98 0.59918175
98 97 0.01145852
98 101 0.00225296
98 96 0.00062068
124 127 0.00311008
124 124 0.71733923
42 41 0.07701297
42 44 0.01694655
42 43 0.00060086
42 42 0.82150171
149 150 0.06747580
149 149 0.63096671
43 42 0.08115678
43 45 0.02378389
43 43 0.83592648
76 76 0.82786378
132 133 0.00501939
132 132 0.74711517
132 135 0.00838584
132 134 0.04329187
93 91 0.00193288
93 94 0.00066729
93 92 0.04154230
93 96 0.00065274
93 93 0.59899109
150 150 0.76457487
134 136 0.01483451
134 134 0.60851500
134 135 0.00141744
18 17 0.00204669
18 18 0.83516876
154 154 0.58141265
154 155 0.00374730
1 1 0.63478456
114 117 0.00135310
114 114 0.90707662
114 115 0.03391440
108 111 0.00290241
108 109 0.00336475
108 108 0.86943014
141 144 0.00109488
141 141 0.45993443
141 142 0.00211227
141 143 0.03754193
133 133 0.64397445
133 134 0.00463021
133 135 0.02387009
4 4 0.42195196
32 32 0.44866945
94 92 0.00285213
94 94 0.56109776
94 93 0.02844887
94 95 0.00146107
94 97 0.00065011
155 156 0.01202564
155 155 0.55402802
142 143 0.02946709
142 142 0.43032929
142 145 0.00053918
142 144 0.02501019
12 12 0.47483073
13 13 0.79406303
19 19 0.86973815
19 18 0.00245245
112 113 0.04093757
112 112 0.74023441
17 17 0.74813725
17 16 0.00162928
73 73 0.59748844
83 83 0.41793476
87 89 0.00073395
87 87 0.66345903
87 86 0.00250630
87 90 0.00161163
89 88 0.01982748
89 89 0.68809260
92 95 0.00139291
92 93 0.00068749
92 92 0.61531684
92 90 0.00109090
92 91 0.04081717
5 5 0.39618350
151 152 0.00098206
151 151 0.74875693
9 9 0.46749061
20 20 0.65257186
99 98 0.00632922
99 102 0.00226305
99 99 0.78439763
109 112 0.00228457
109 109 0.75484483
109 110 0.00289539
109 113 0.00079458
51 52 0.00149400
51 54 0.00177699
51 50 0.01014145
51 51 0.71812526
51 53 0.00125600
127 127 0.68488912
127 130 0.00508099
127 129 0.00102674
77 77 0.86166777
11 11 0.54757551
136 137 0.00075114
136 138 0.00072606
136 139 0.00102600
136 136 0.34019592
116 116 0.70708413
116 119 0.00181686
116 117 0.00200964
144 146 0.01253584
144 144 0.68938644
144 145 0.05184646
144 143 0.00087039
91 92 0.00050175
91 90 0.02997552
91 89 0.00068946
91 91 0.71470623
21 21 0.59688373
63 63 0.64019525
63 62 0.01361814
61 61 0.45191282
61 64 0.00144613
31 31 0.82144600
85 87 0.00101126
85 85 0.60778416
85 84 0.00613049
100 100 0.77454882
100 103 0.00230898
100 99 0.00560085
137 139 0.00259438
137 140 0.00250671
137 137 0.54269413
137 138 0.00157888
131 134 0.02568870
131 132 0.01659475
131 133 0.01194407
131 131 0.73515078
60 59 0.01170108
60 63 0.00072872
60 60 0.54886473
160 160 0.92849331
30 30 0.62116743
75 75 0.73427550
129 129 0.75810539
129 130 0.00375813
129 131 0.00099954
129 132 0.00963778
22 22 0.41600801
74 74 0.62412484
152 153 0.01660327
152 152 0.50897969
52 53 0.00156547
52 51 0.00069054
52 52 0.71578196
52 54 0.00077089
72 72 0.52512671
29 29 0.69894078
125 125 0.81258500
125 128 0.00476926
6 6 0.56925563
102 105 0.00158566
102 101 0.00141047
102 102 0.81952864
153 153 0.54080272
153 154 0.00872381
38 38 0.57719373
38 39 0.00052714
38 37 0.01168318
158 158 0.55309588
158 159 0.00184864
78 78 0.75144083
138 141 0.00050073
138 140 0.00487115
138 138 0.57227578
2 2 0.62617237
81 81 0.66706438
121 121 0.78138331
121 124 0.00464022
121 122 0.00303814
58 58 0.79746594
97 97 0.51659675
97 100 0.00219240
97 96 0.04084420
97 95 0.00362628
104 107 0.00286355
104 103 0.00130926
104 104 0.76441087
10 10 0.56778103
130 131 0.01224550
130 132 0.00346344
130 133 0.01170096
130 130 0.65324533
147 148 0.00061470
147 147 0.77423905
80 80 0.81450758
47 50 0.00050890
47 47 0.65022764
47 46 0.06931706
47 49 0.01734917
90 90 0.71679409
90 89 0.02932906
86 86 0.57690504
86 85 0.00169589
86 88 0.00184176
140 140 0.72347362
140 143 0.00386310
140 142 0.00411568
140 141 0.00097363
88 88 0.82301288
88 91 0.00212773
88 87 0.03467785
156 156 0.68535529
8 8 0.88916261
139 141 0.00330135
139 139 0.53323174
139 142 0.00051891
139 140 0.00085475
96 97 0.00078105
96 99 0.00228463
96 95 0.04519269
96 96 0.71282212
143 144 0.04126974
143 145 0.01451632
143 143 0.59608277
45 47 0.01817479
45 45 0.71982380
45 44 0.08147055
37 38 0.00059688
37 37 0.40103029
37 36 0.00371625
65 65 0.60079010
65 64 0.00265895
107 108 0.00368691
107 107 0.75378298
107 110 0.00301205
57 57 0.71491252
135 137 0.00888012
135 135 0.55219063
148 150 0.00082198
148 149 0.00594127
148 148 0.58084274
28 28 0.49273245
67 67 0.48506103
111 111 0.73470618
111 112 0.00892395
111 114 0.00210856
111 110 0.00121262
111 115 0.00067926
46 46 0.78922226
46 48 0.01298579
46 45 0.08183868
101 104 0.00227304
101 100 0.00397357
101 101 0.75804253
82 82 0.45615130
33 33 0.66058800
36 36 0.59325120
36 35 0.00153109
26 26 0.87761056
44 46 0.00871462
44 44 0.71375152
44 43 0.08185460
79 79 0.54921227
39 39 0.61866504
39 38 0.01885247
39 41 0.00457179
105 104 0.00135681
105 108 0.00321619
105 105 0.76639504
25 25 0.80695028
55 55 0.63197398
146 145 0.00050260
146 146 0.85099942
146 147 0.02345733
66 66 0.60151545
66 65 0.00113175
71 71 0.54516160
103 103 0.77917040
103 102 0.00077928
110 111 0.00386565
110 114 0.00091490
110 113 0.00219334
110 110 0.70829817
110 109 0.00390338
69 69 0.69443239
24 24 0.79178165
23 23 0.68288758
70 70 0.66171608
68 68 0.69865174
53 53 0.81150620
53 54 0.00102291
50 53 0.00108771
50 49 0.06370646
50 52 0.00526902
50 51 0.00088603
50 50 0.68948363
126 126 0.71919738
126 129 0.00478249
3 3 0.44326389
27 27 0.62032361
145 146 0.05325549
145 144 0.00061643
145 145 0.54992288
145 147 0.00060175
34 34 0.58003850
159 160 0.00071583
159 159 0.73939671
48 48 0.68071489
48 51 0.00091297
48 50 0.01661042
48 47 0.06599193
59 58 0.00251910
59 59 0.80713030
49 49 0.66014026
49 48 0.07304145
49 51 0.01032137
49 50 0.00064452
119 120 0.00512074
119 122 0.00203503
119 119 0.85443343
113 113 0.80320803
113 114 0.04643216
113 116 0.00134904
16 16 0.52617509
62 61 0.00065263
62 62 0.50421926
128 131 0.00718828
128 129 0.00078796
128 128 0.84362704
128 130 0.00176599
84 83 0.00227738
84 84 0.49181991
84 86 0.00062967
122 122 0.70865805
122 125 0.00479462
95 98 0.00210757
95 96 0.00100874
95 94 0.02719657
95 95 0.79090571
15 15 0.53344268
35 35 0.75857388
35 34 0.00107177
123 126 0.00347364
123 123 0.68867063
120 121 0.00351132
120 120 0.86300343
120 123 0.00387030
117 118 0.00606356
117 120 0.00197590
117 117 0.58202075
