105 116 105 116 0.69813000
106 115 106 115 0.70096300
108 113 108 113 0.59528700
55 71 55 71 0.73101100
96 125 96 125 0.59441300
90 129 90 129 0.07222490
107 114 107 114 0.65751700
93 129 93 129 0.22916900
93 128 93 128 0.11497600
103 118 103 118 0.65520600
103 119 103 119 0.03581200
51 75 51 75 0.30856400
86 92 85 91 0.21352600
86 92 84 92 0.02020980
86 92 87 92 0.01501760
95 126 94 126 0.04113920
95 126 95 126 0.93558600
83 89 84 89 0.00538458
83 89 82 89 0.00161196
83 89 83 90 0.00148756
84 94 85 94 0.01620300
84 94 82 94 0.01907920
84 94 83 93 0.07182640
84 88 84 89 0.00195694
60 65 60 64 0.00050927
60 65 61 65 0.00287814
100 120 100 120 0.05832630
100 121 100 121 0.84505000
52 74 52 74 0.32444100
87 91 85 91 0.00740193
87 91 86 90 0.21401000
85 93 83 93 0.00973909
85 93 86 93 0.00347286
85 93 84 92 0.21019400
98 123 98 123 0.59377000
53 73 53 73 0.32444800
56 70 56 70 0.95155300
54 72 54 72 0.32444500
97 124 97 124 0.70115000
94 129 93 129 0.02446370
94 128 93 128 0.02335020
