23 23 0.82202570
135 135 0.52584032
135 137 0.03118261
135 136 0.00069302
66 67 0.04192877
66 65 0.02509778
66 66 0.56008208
101 102 0.00099305
101 101 0.75150431
91 92 0.11791457
91 91 0.64871281
91 90 0.01644297
28 29 0.00246352
28 27 0.00444707
28 25 0.00508661
28 28 0.68174312
10 10 0.69339502
16 16 0.83092882
37 38 0.00065393
37 36 0.00085353
37 35 0.00443678
37 34 0.00779331
37 37 0.70451202
134 135 0.00082891
134 136 0.03133029
134 134 0.64001859
134 131 0.00050548
42 42 0.37301571
102 103 0.00079287
102 102 0.72654440
69 67 0.00559423
69 65 0.00407577
69 68 0.16801552
69 70 0.04751215
69 69 0.60249541
69 66 0.00458793
90 90 0.68873030
90 91 0.15659151
90 89 0.01106188
29 29 0.71388049
29 30 0.00280506
29 28 0.00201041
77 78 0.01573350
77 77 0.86586331
112 113 0.00103369
112 112 0.89247796
84 84 0.54819402
84 85 0.06860100
72 67 0.00054450
72 73 0.08136777
72 68 0.00108317
72 72 0.58630829
72 71 0.05979110
72 69 0.00077676
72 70 0.00772787
55 54 0.00190991
55 55 0.49639317
55 53 0.02476537
55 51 0.00978858
55 56 0.00350200
119 119 0.66897963
119 118 0.00226764
119 120 0.01423492
119 121 0.02025722
20 20 0.77931639
20 17 0.00050800
51 47 0.01503020
51 51 0.47977592
97 98 0.04735254
97 96 0.00469771
97 97 0.65026630
153 155 0.00668653
153 153 0.48566754
153 154 0.01215250
153 152 0.02074113
31 32 0.00664233
31 31 0.69880415
31 29 0.00282527
31 30 0.00206181
35 33 0.00569989
35 35 0.83293718
35 34 0.00274502
35 32 0.02048088
12 12 0.69565208
73 73 0.75992913
73 72 0.00694841
73 71 0.00564582
73 69 0.00079463
73 74 0.07255617
30 30 0.65373435
30 29 0.00172148
30 31 0.00166118
108 108 0.78456820
126 127 0.04663493
126 128 0.02070994
126 125 0.00217062
126 126 0.83645048
24 24 0.70641740
52 51 0.00183858
52 48 0.00144334
52 52 0.47439307
86 86 0.61112508
86 87 0.11060495
151 151 0.78214824
151 153 0.00357511
151 154 0.00054901
151 152 0.01647203
151 150 0.01218697
120 120 0.68524810
120 119 0.00214788
120 122 0.02816983
120 121 0.00919489
118 118 0.58863199
118 119 0.01788425
118 120 0.01377914
118 117 0.00076576
123 124 0.00180937
123 125 0.04138554
123 122 0.00157982
123 123 0.73468315
76 76 0.88144700
76 77 0.01894177
70 71 0.05210127
70 66 0.00266819
70 69 0.08319698
70 70 0.57092519
70 67 0.00321098
70 68 0.00660288
4 4 0.77746869
14 14 0.73563662
114 114 0.97430551
114 115 0.00261857
154 154 0.85960130
154 153 0.01859584
154 155 0.00830876
3 3 0.82287147
3 2 0.00063098
38 36 0.00915345
38 38 0.74570607
38 37 0.00121174
38 35 0.01162379
109 109 0.58110798
78 78 0.79827497
78 79 0.02198743
45 45 0.58983581
45 46 0.00052003
133 133 0.67711421
133 135 0.01888791
133 134 0.00158973
133 130 0.00056795
60 56 0.00941780
60 60 0.50075112
60 59 0.03005902
60 57 0.00377431
60 61 0.05954485
60 58 0.00343216
74 74 0.70795245
74 73 0.00859283
74 75 0.05462628
74 72 0.00109348
145 145 0.80677793
145 146 0.00586121
34 31 0.02811264
34 32 0.00834734
34 33 0.00528731
34 34 0.80718301
34 35 0.00650678
53 51 0.01122159
53 49 0.00991057
53 53 0.51958137
53 52 0.00298196
146 147 0.00279002
146 146 0.62542929
146 148 0.00754324
46 46 0.90946463
46 45 0.00080385
46 44 0.00065178
41 38 0.00324138
41 39 0.02112799
41 41 0.53729379
7 7 0.73777230
32 30 0.00823355
32 33 0.00228916
32 29 0.04018680
32 31 0.01896176
32 32 0.79577169
147 148 0.01093291
147 146 0.00053257
147 147 0.74062243
147 149 0.00428280
67 67 0.58725715
67 65 0.00256531
67 68 0.02294304
67 63 0.00055991
67 62 0.00059554
67 66 0.14476638
27 28 0.00199484
27 25 0.00063241
27 26 0.00892690
27 27 0.73982325
27 24 0.00449905
80 80 0.55808037
80 81 0.03480492
21 21 0.92138900
138 140 0.00257508
138 138 0.68722612
138 139 0.01893089
138 137 0.00179984
64 64 0.50482507
64 60 0.00211685
64 62 0.00110137
64 63 0.13740761
64 61 0.00712112
64 65 0.08384973
44 44 0.60380988
44 45 0.00052086
92 93 0.16262591
92 92 0.52733934
92 91 0.02012431
75 74 0.00200251
75 76 0.03777123
75 75 0.75340184
113 114 0.00130733
113 113 0.93474334
65 63 0.00341356
65 66 0.06796958
65 64 0.06887277
65 65 0.49752058
65 61 0.00050541
142 143 0.00188768
142 142 0.17531350
142 144 0.01452010
100 100 0.66094817
100 101 0.01184981
94 95 0.05505890
94 93 0.01971571
94 94 0.61990129
43 41 0.01083444
43 43 0.46413323
132 134 0.03025758
132 133 0.03226196
132 132 0.57083189
132 129 0.00061964
68 66 0.00356895
68 69 0.03574681
68 64 0.00178981
68 67 0.17087660
68 65 0.00181265
68 68 0.52994690
137 139 0.03789066
137 138 0.01073683
137 137 0.51250212
36 36 0.64854603
36 35 0.00116652
36 34 0.00504824
36 33 0.01429668
144 145 0.00639762
144 143 0.00106372
144 144 0.77104658
144 146 0.01530761
148 150 0.00395737
148 147 0.00092534
148 149 0.01374316
148 148 0.84260246
155 154 0.01713929
155 155 0.92139654
141 143 0.00519500
141 142 0.00699419
141 140 0.00123306
141 141 0.79994500
116 117 0.00064847
116 118 0.00151125
116 115 0.00064796
116 116 0.95278831
95 94 0.01347968
95 96 0.08191034
95 95 0.52400141
152 154 0.00730620
152 152 0.60417015
152 151 0.01775690
152 153 0.00663599
110 110 0.56648481
61 58 0.00422715
61 57 0.00129174
61 61 0.47441097
61 59 0.00322232
61 60 0.01831873
61 62 0.07422515
61 56 0.00212154
62 61 0.03172732
62 62 0.59931160
62 63 0.07065122
139 141 0.04214175
139 139 0.71628142
139 138 0.00060273
139 140 0.01557549
129 131 0.00837100
129 130 0.07302924
129 129 0.73195636
85 86 0.06856125
85 85 0.61049778
106 106 0.65756315
8 6 0.00074010
8 8 0.82630903
18 18 0.63897573
115 116 0.01262878
115 115 0.92714235
124 126 0.04239497
124 123 0.00163246
124 124 0.69395849
124 125 0.00354552
103 103 0.88229449
111 112 0.00075686
111 111 0.59381382
136 133 0.00098666
136 138 0.04639904
136 137 0.02645312
136 136 0.20252235
83 84 0.06044884
83 83 0.62956650
58 53 0.00256357
58 59 0.03329054
58 58 0.58119614
58 54 0.01600479
58 55 0.00069093
58 57 0.01216849
58 56 0.03765876
79 79 0.62315819
79 80 0.03755749
48 48 0.74444445
48 47 0.00282643
48 46 0.07198066
56 55 0.00126873
56 52 0.02422043
56 54 0.00341788
56 57 0.00693006
56 56 0.69133103
81 82 0.06746539
81 81 0.61081745
13 11 0.00071265
13 13 0.78770177
49 47 0.07067680
49 48 0.00422096
49 45 0.00099416
49 49 0.53600783
88 88 0.63559301
88 90 0.00057218
88 87 0.00560169
88 89 0.12984435
125 126 0.03113003
125 127 0.02058275
125 125 0.76405896
125 124 0.00192363
50 50 0.38145154
50 48 0.00070464
50 46 0.00723359
59 58 0.00901961
59 54 0.00266386
59 55 0.01158316
59 57 0.03340798
59 59 0.60621668
59 60 0.05116514
17 17 0.89712724
33 32 0.00077383
33 34 0.00060474
33 33 0.67248382
57 53 0.00114975
57 57 0.53499884
57 55 0.00118764
57 58 0.00917931
57 56 0.00438567
22 22 0.91791883
5 5 0.64431249
99 98 0.00066670
99 100 0.00556102
99 99 0.44643284
122 121 0.00185093
122 124 0.04029305
122 123 0.00158695
122 122 0.66440632
63 64 0.06052511
63 63 0.49812408
63 62 0.04075228
128 129 0.06346439
128 128 0.65730896
128 127 0.00108309
128 130 0.01370468
128 131 0.00061098
9 9 0.69202515
143 145 0.00215482
143 143 0.51764932
143 144 0.00555801
143 142 0.00079132
127 126 0.00233143
127 128 0.00502714
127 129 0.04305414
127 127 0.81537362
140 142 0.04190004
140 141 0.01231657
140 139 0.00234847
140 140 0.87257980
104 104 0.58104203
149 151 0.00388897
149 148 0.00473055
149 149 0.78311370
149 150 0.01457323
107 107 0.58617819
93 94 0.07730741
93 92 0.01827027
93 93 0.72712067
131 131 0.67850155
131 132 0.02371967
131 133 0.03354351
47 47 0.86811327
47 46 0.00132367
47 45 0.07031445
39 36 0.00060708
39 39 0.51698687
39 37 0.00067923
71 71 0.71576223
71 69 0.00120484
71 66 0.00057000
71 70 0.06632869
71 67 0.00188039
71 68 0.00213158
71 72 0.09868562
25 22 0.00071304
25 26 0.00052547
25 23 0.00098112
25 25 0.72737356
96 95 0.00412119
96 97 0.09199130
96 96 0.55478546
6 6 0.54980565
15 15 0.92486698
19 19 0.73653228
40 38 0.00122821
40 40 0.62233312
2 2 0.84554189
150 152 0.00351971
150 150 0.40247760
150 149 0.00816251
150 153 0.00053765
150 151 0.01535416
26 24 0.00091777
26 26 0.74956179
26 27 0.00153558
26 23 0.00235390
26 25 0.00189573
54 54 0.32776930
11 11 0.79834624
117 116 0.00069994
117 117 0.89740019
117 118 0.00202768
117 119 0.00705294
105 105 0.47424174
1 1 0.88200628
89 89 0.75750401
89 90 0.13672258
89 88 0.00948243
98 98 0.56230705
98 97 0.00175610
98 99 0.06451335
82 82 0.61061864
82 83 0.05609735
87 87 0.67987630
87 89 0.00113931
87 88 0.11916436
130 132 0.01244397
130 131 0.00080119
130 130 0.66521689
121 121 0.90897157
121 123 0.03636585
121 120 0.00194504
121 122 0.00395356
