41 41 0.53477544
46 46 0.88854344
46 47 0.00066175
146 148 0.00755020
146 147 0.00269293
146 146 0.62296628
34 35 0.01113004
34 34 0.83698007
34 33 0.00566553
53 53 0.51683971
53 52 0.00309505
145 145 0.80325567
145 146 0.00558528
74 72 0.00340155
74 74 0.67710943
74 73 0.01322863
74 75 0.05044316
133 134 0.00093511
133 130 0.00056793
133 135 0.03446898
133 133 0.68635258
60 60 0.45204166
60 59 0.05518070
60 58 0.01177334
60 61 0.08291141
45 45 0.46344895
78 79 0.05119752
78 78 0.76521778
78 76 0.00382976
27 28 0.00477365
27 26 0.00387047
27 27 0.82901337
67 65 0.00386290
67 68 0.02860741
67 66 0.17318334
67 67 0.54224769
67 64 0.00676661
147 148 0.01073317
147 147 0.73724314
147 149 0.00426381
32 31 0.00770283
32 32 0.85002936
32 30 0.00252240
32 33 0.00824692
7 7 0.73177402
100 100 0.61849835
100 101 0.01743290
142 143 0.00179790
142 144 0.01445376
142 142 0.16539740
65 64 0.12386418
65 62 0.00336523
65 63 0.00411585
65 65 0.43296564
65 66 0.06907092
113 113 0.93799387
113 114 0.00130443
75 73 0.00432655
75 76 0.03868926
75 75 0.59288375
75 74 0.00501874
92 91 0.02677350
92 93 0.31067045
92 92 0.38381211
44 44 0.53741296
64 61 0.00548450
64 64 0.43989631
64 63 0.14879579
64 65 0.21011051
64 62 0.00433158
138 140 0.00273166
138 138 0.70515187
138 139 0.01792972
138 137 0.00183885
21 21 0.92021040
80 80 0.40533717
80 81 0.03393163
80 78 0.00374588
144 145 0.00606217
144 143 0.00122114
144 144 0.76001599
144 146 0.01532171
36 36 0.66506413
137 139 0.03803322
137 137 0.55140932
137 138 0.01063484
68 67 0.17160798
68 65 0.00618484
68 68 0.45187405
68 69 0.07640586
68 66 0.00369671
132 129 0.00061963
132 132 0.56717260
132 134 0.03025934
132 133 0.01897532
43 43 0.51431333
94 95 0.17047539
94 93 0.02575283
94 94 0.48833422
42 42 0.41309492
134 136 0.03135275
134 134 0.64543551
134 131 0.00050547
37 37 0.71546929
37 38 0.00144032
16 16 0.83403434
28 29 0.00538500
28 28 0.69957160
28 27 0.00903582
10 10 0.68586752
91 92 0.25871069
91 90 0.02197098
91 91 0.54757619
101 102 0.00160267
101 101 0.74159170
66 64 0.00364330
66 67 0.04403354
66 66 0.51498542
66 65 0.08788315
135 135 0.54620260
135 137 0.03120463
23 23 0.82295973
55 55 0.45122975
55 54 0.00223056
55 56 0.00220901
72 71 0.09231124
72 73 0.09104164
72 69 0.00055557
72 70 0.00404949
72 72 0.51869409
84 85 0.19778575
84 84 0.40665171
112 113 0.00103137
112 112 0.89533729
77 77 0.86514220
77 75 0.00387650
77 78 0.01784674
29 29 0.69865807
29 30 0.00634908
29 28 0.00995716
90 89 0.01504452
90 91 0.28755159
90 90 0.53504467
69 70 0.16932834
69 68 0.16371490
69 69 0.55498071
69 66 0.00569246
69 67 0.00350137
102 103 0.00114167
102 102 0.72302546
52 52 0.45760503
52 51 0.00196988
24 24 0.70296209
86 86 0.49115807
86 87 0.20689133
126 125 0.00156783
126 126 0.85240787
126 128 0.02071056
126 127 0.02747453
108 108 0.78191186
30 31 0.00197962
30 29 0.01049249
30 30 0.63655098
73 72 0.02013245
73 74 0.07596350
73 73 0.73916634
73 71 0.00565337
12 12 0.68995901
35 34 0.00308983
35 35 0.85600422
153 152 0.02067041
153 153 0.48344776
153 155 0.00637226
153 154 0.01173221
31 30 0.01020035
31 31 0.68137876
31 32 0.01119551
97 96 0.00892680
97 98 0.12676870
97 97 0.54582429
51 51 0.31492975
20 20 0.71595429
119 120 0.01407899
119 118 0.00226546
119 119 0.67276261
119 121 0.01881696
109 109 0.58687949
38 38 0.78380746
3 2 0.00145087
3 3 0.81532822
154 153 0.01853670
154 155 0.00802068
154 154 0.85282447
114 114 0.97129568
114 115 0.00261298
14 14 0.66015167
4 4 0.76751310
70 68 0.00437989
70 69 0.11891642
70 67 0.00185218
70 71 0.15289313
70 70 0.50338890
76 74 0.00391276
76 75 0.00078735
76 77 0.01815529
76 76 0.88203798
123 124 0.00083719
123 125 0.04150877
123 122 0.00134166
123 123 0.73180814
118 117 0.00119869
118 118 0.65431063
118 119 0.01918427
118 120 0.01377534
120 119 0.00230806
120 122 0.02823569
120 120 0.68204646
120 121 0.00828867
151 152 0.01629833
151 150 0.01206110
151 153 0.00357616
151 151 0.77703215
151 154 0.00053333
143 142 0.00077549
143 144 0.00529228
143 143 0.49496565
143 145 0.00215681
9 9 0.68317425
128 131 0.00061096
128 127 0.00086344
128 129 0.03741636
128 128 0.66775496
128 130 0.01370433
63 61 0.00497612
63 64 0.06206198
63 60 0.00150540
63 62 0.09872051
63 63 0.42573067
122 123 0.00094181
122 122 0.66084367
122 121 0.00164300
122 124 0.04041568
99 100 0.01276795
99 98 0.00156033
99 99 0.37211988
39 39 0.48919422
47 47 0.98616992
47 46 0.00058634
47 48 0.00051473
131 133 0.03354140
131 131 0.68402535
131 132 0.01395130
93 92 0.02676500
93 94 0.19696250
93 93 0.60689289
107 107 0.57217365
149 151 0.00389178
149 149 0.76912148
149 148 0.00470739
149 150 0.01424732
104 104 0.57662081
127 126 0.00199228
127 128 0.00291707
127 129 0.04305341
127 127 0.82799311
140 140 0.86852807
140 139 0.00159190
140 141 0.01170147
140 142 0.04195097
11 11 0.77092926
54 54 0.29616840
26 27 0.00456283
26 26 0.79702381
26 25 0.00184129
150 150 0.39200970
150 152 0.00352133
150 153 0.00053783
150 151 0.01517268
150 149 0.00808833
2 2 0.84591140
2 1 0.00062464
40 40 0.73309801
19 19 0.75330298
15 15 0.92631660
6 6 0.54215124
25 25 0.75882231
25 26 0.00079322
25 24 0.00054427
96 95 0.01053715
96 96 0.44648408
96 97 0.18847441
71 72 0.12887995
71 70 0.11105592
71 68 0.00147850
71 69 0.01076187
71 71 0.67580217
121 120 0.00195908
121 122 0.00351842
121 123 0.03646338
121 121 0.89813135
130 132 0.01244324
130 130 0.66374036
87 87 0.59252370
87 86 0.00101651
87 88 0.21943361
87 89 0.00115226
82 83 0.16587379
82 82 0.47853810
82 80 0.00087689
82 81 0.00054784
1 1 0.88240121
89 89 0.61997809
89 90 0.26392377
89 88 0.01352148
98 97 0.00327022
98 98 0.46790985
98 99 0.14308667
105 105 0.46786817
117 119 0.00757837
117 118 0.00202573
117 117 0.94107590
117 116 0.00069851
110 110 0.62047768
152 154 0.00710394
152 151 0.01765917
152 153 0.00646136
152 152 0.60263432
61 61 0.40200004
61 62 0.11939347
61 60 0.06450064
61 59 0.01358186
95 95 0.44514832
95 96 0.19023699
95 94 0.02278885
116 118 0.00150980
116 115 0.00064658
116 117 0.00101509
116 116 0.94985310
141 143 0.00515963
141 141 0.79482250
141 142 0.00661699
141 140 0.00086772
155 155 0.91225865
155 154 0.01765660
148 150 0.00393149
148 149 0.01343277
148 147 0.00090231
148 148 0.83295033
106 106 0.65375903
85 86 0.19749891
85 85 0.48032897
129 130 0.04298991
129 129 0.75773462
129 131 0.00837078
139 138 0.00050835
139 140 0.01476369
139 141 0.04238902
139 139 0.70782100
62 61 0.08482448
62 59 0.00057849
62 60 0.01272743
62 63 0.10130784
62 62 0.52373816
58 57 0.02565933
58 58 0.61484768
58 59 0.03229101
58 56 0.00320998
83 81 0.00055389
83 84 0.19769850
83 83 0.47533736
136 133 0.00098659
136 138 0.04656714
136 137 0.02356046
136 136 0.20415605
111 112 0.00075513
111 111 0.62563912
103 103 0.87942410
124 123 0.00135407
124 124 0.69133175
124 125 0.00053056
124 126 0.04241170
115 116 0.01260289
115 115 0.92417610
115 117 0.00076544
18 18 0.64014436
8 8 0.82424830
5 5 0.63013570
22 22 0.89756278
57 56 0.01626251
57 58 0.00641768
57 55 0.00127836
57 57 0.43043639
33 32 0.00606123
33 33 0.66030988
33 34 0.00068508
17 17 0.90002973
59 57 0.00500723
59 58 0.04283829
59 59 0.63186258
59 60 0.05299314
50 50 0.58427671
125 126 0.01833676
125 125 0.77256943
125 124 0.00154603
125 127 0.02058442
49 48 0.00396546
49 49 0.78391133
88 89 0.24134954
88 90 0.00057210
88 87 0.00803949
88 88 0.51344930
13 13 0.68310987
81 80 0.00054350
81 82 0.16879679
81 81 0.50521195
56 56 0.76149614
56 54 0.00073408
56 55 0.00263777
56 57 0.00408906
48 47 0.00108008
48 48 0.86924918
79 79 0.52640353
79 77 0.00377938
79 80 0.12296183
