42 49 42 49 0.34202833
96 106 95 106 0.00059856
96 106 96 106 0.02117118
96 104 96 104 0.02799388
115 128 114 128 0.00118186
115 128 115 127 0.19072218
76 91 76 91 0.10853647
92 106 92 106 0.01903280
56 66 56 66 0.02650112
56 62 56 63 0.00080868
27 34 27 34 0.14388889
27 105 27 105 0.00073622
101 106 101 106 0.02785673
39 52 39 52 0.21609779
98 104 98 104 0.05579552
40 51 40 51 0.15612173
113 129 113 129 0.07280095
113 129 113 127 0.00177904
113 131 113 129 0.00180901
116 127 115 127 0.00421284
14 63 14 64 0.00328717
112 131 112 130 0.15576942
28 104 28 104 0.00273388
117 126 117 125 0.16113544
38 53 38 53 0.08238280
29 103 29 103 0.00064517
114 130 114 128 0.00163595
114 130 113 129 0.00056362
114 128 114 126 0.00141174
114 128 114 128 0.04642382
85 103 85 103 0.02112131
85 103 91 110 0.00158465
67 76 67 76 0.20762769
91 97 98 104 0.00100612
90 98 91 98 0.00072894
48 69 47 69 0.00672107
89 100 89 100 0.11239000
97 102 97 102 0.01192373
97 103 97 103 0.03419275
97 105 97 105 0.01899682
31 101 31 101 0.00050700
57 61 57 62 0.00108208
57 62 57 62 0.01670389
57 65 57 65 0.03243236
30 102 30 102 0.00057042
86 102 86 102 0.02257988
69 74 69 74 0.06442259
15 64 14 64 0.05101333
41 50 41 50 0.34575388
83 105 89 112 0.00268230
83 105 83 105 0.01879953
83 105 90 111 0.00069741
50 67 48 67 0.00366546
72 131 72 129 0.00309365
88 100 89 100 0.00147957
73 130 73 130 0.03586168
73 130 73 128 0.01363078
74 129 74 129 0.00928141
74 129 74 127 0.00479764
74 93 74 93 0.01169858
118 125 117 125 0.00429560
118 125 118 124 0.08110029
3 152 3 152 0.17914464
71 132 71 131 0.01289877
71 132 71 130 0.00577043
24 37 24 37 0.31873486
23 38 23 38 0.17767439
23 55 23 55 0.10845500
79 88 79 88 0.12563807
21 57 21 57 0.02921440
82 87 83 88 0.00075127
43 48 43 48 0.31345155
46 71 45 71 0.00255936
102 106 102 106 0.00859693
26 35 26 35 0.18945103
35 134 35 134 0.00306365
25 36 25 36 0.14615053
68 75 68 75 0.06133091
22 56 22 56 0.11324133
87 101 93 108 0.00085540
87 101 87 101 0.02475811
4 150 4 148 0.00079013
4 151 4 151 0.20922317
94 104 94 104 0.01748957
93 105 93 105 0.02201537
5 151 4 151 0.03877867
36 55 36 55 0.00687387
20 59 19 59 0.02259153
20 58 20 58 0.03618367
49 68 48 67 0.00051370
75 92 75 92 0.01283670
75 128 75 126 0.00400650
75 128 75 128 0.00653768
