11 143 11 144 0.00381573
11 143 11 143 0.03470830
11 143 11 146 0.01589667
11 143 9 146 0.00104191
11 146 11 146 0.01202304
95 100 95 100 0.00736483
95 149 95 149 0.00815839
95 150 95 150 0.00133161
111 132 111 132 0.38144862
53 62 55 68 0.00082325
53 64 55 68 0.00743604
53 64 55 63 0.00062539
53 64 55 67 0.00119165
53 64 54 64 0.00223097
53 66 54 66 0.00076998
53 66 55 72 0.00428472
53 65 55 68 0.00797573
19 41 19 41 0.00073474
19 28 19 28 0.06131805
59 63 59 63 0.00881240
49 68 54 73 0.00320256
49 68 49 68 0.36910136
20 40 20 40 0.01174037
20 27 20 27 0.01541287
36 80 36 80 0.19947533
93 99 93 99 0.02837837
93 152 93 152 0.00053218
4 87 4 87 0.00076708
4 151 5 151 0.01241218
4 151 4 151 0.28939827
87 101 87 101 0.06239797
87 101 88 100 0.00085526
110 133 110 133 0.38948060
105 139 105 139 0.18650698
25 103 25 103 0.00624170
25 96 25 96 0.01914840
25 36 25 36 0.02979938
35 81 35 81 0.15478222
26 102 26 102 0.00618450
26 95 26 95 0.01605457
26 35 26 35 0.08193158
102 142 102 142 0.07342421
102 141 102 141 0.04332307
46 70 47 70 0.00256317
46 70 47 76 0.00305727
46 71 46 71 0.14726215
6 149 7 149 0.00596142
6 149 6 150 0.00132348
6 150 6 150 0.15227233
43 74 43 74 0.25099889
51 61 56 66 0.00201532
79 87 79 88 0.00173272
23 31 23 31 0.01950415
23 30 23 30 0.01472316
21 39 21 39 0.00281917
24 97 24 97 0.01793007
24 31 24 31 0.01247036
24 104 24 104 0.00240182
24 30 24 30 0.02306697
24 29 24 29 0.01493790
3 152 3 152 0.13439508
18 140 16 143 0.00772874
18 140 18 141 0.01310471
10 145 8 148 0.02802098
10 145 8 150 0.00873599
10 145 10 147 0.00078751
10 145 10 146 0.00312042
10 145 10 145 0.31845594
10 148 8 150 0.00061425
10 148 8 148 0.00175777
118 125 118 125 0.38813913
118 125 117 126 0.00095956
118 124 118 125 0.00079474
52 63 55 68 0.00083174
52 67 52 67 0.02151210
52 67 54 73 0.02391280
52 60 57 65 0.00234387
88 100 88 100 0.05452296
88 100 89 100 0.00150654
50 67 55 72 0.00085020
50 67 50 67 0.26991715
12 142 12 142 0.03684533
100 143 100 143 0.04126343
15 139 15 139 0.00410523
15 142 17 142 0.00085198
108 135 108 135 0.31546136
107 136 107 136 0.29747783
86 102 86 102 0.04193323
109 134 109 134 0.26087742
54 63 56 66 0.00639271
54 63 55 67 0.00058001
54 63 55 63 0.00343188
57 65 57 65 0.01379820
57 64 57 64 0.02739216
57 62 57 62 0.00471096
57 61 57 61 0.20907211
31 88 31 88 0.06575711
89 153 89 153 0.00733673
97 147 97 147 0.02470729
97 146 97 146 0.00124086
97 103 97 103 0.00541815
48 69 48 69 0.24679960
103 139 103 139 0.00599978
103 141 103 141 0.12372000
8 147 8 148 0.00292902
8 147 9 147 0.00127211
90 152 90 152 0.00861983
90 98 90 98 0.06074202
90 98 96 104 0.00083549
90 98 96 106 0.00091862
91 151 91 151 0.01171224
91 97 98 104 0.00745542
91 97 91 97 0.08352142
13 141 13 141 0.07264800
114 129 114 128 0.02017613
114 129 114 130 0.00135504
114 129 115 128 0.00131383
114 129 113 129 0.00157938
85 103 85 103 0.02711527
17 141 17 142 0.01012826
38 76 38 82 0.00099071
117 126 118 125 0.00216255
117 126 116 127 0.00059604
117 126 117 126 0.28888391
112 131 113 131 0.00051694
112 131 112 131 0.31304741
14 143 16 143 0.00314523
14 143 14 145 0.00110573
14 143 14 143 0.03549410
14 140 14 140 0.02468233
116 127 117 126 0.00126320
116 127 115 128 0.00113933
116 127 116 127 0.26523853
113 130 113 129 0.02288181
113 130 113 131 0.00108611
113 130 114 130 0.00188239
78 88 78 88 0.00072106
9 146 11 146 0.00129742
9 146 7 149 0.00255145
9 146 7 151 0.00077128
9 146 9 147 0.00130471
9 146 9 146 0.02115450
9 147 7 151 0.00127632
9 147 7 149 0.00111206
9 147 9 147 0.17053552
39 78 39 78 0.09123281
39 77 39 77 0.12857629
101 142 101 142 0.05849960
27 101 27 101 0.00672853
33 86 33 86 0.03452664
33 83 33 83 0.10548381
33 84 33 84 0.02180484
33 85 33 85 0.00847589
56 61 56 61 0.01974297
56 62 56 62 0.08624885
56 64 56 64 0.00759506
56 66 56 66 0.04769653
56 65 56 65 0.06274658
92 150 92 150 0.00688141
92 100 92 100 0.01403767
16 138 16 138 0.00735637
106 137 106 137 0.22721715
106 138 106 138 0.11916258
104 140 104 140 0.29970279
104 138 104 138 0.02472163
55 61 56 61 0.00086490
55 61 58 63 0.00082397
55 61 57 64 0.00114752
55 61 57 65 0.00104347
115 128 115 128 0.38851625
115 128 114 128 0.00064098
115 128 116 127 0.00264419
32 84 32 84 0.07363240
32 85 32 85 0.02233406
32 86 32 86 0.01250249
32 87 32 87 0.06431081
7 148 7 149 0.00958188
7 148 8 148 0.01175272
7 149 7 149 0.19243228
7 149 7 151 0.00082031
96 149 96 149 0.00160323
96 104 96 104 0.00260948
96 148 96 148 0.01787459
42 75 42 75 0.24854637
