32 32 0.64997500
101 101 0.98774500
79 81 0.00102332
79 79 0.99486400
94 94 0.98778100
125 126 0.00634607
125 124 0.00062395
125 125 0.94038500
150 152 0.00160253
150 150 0.98838200
3 3 0.99974500
105 105 0.98773900
21 21 0.99184500
21 20 0.00140146
21 22 0.00584138
98 98 0.98778700
19 19 0.99870400
91 91 0.98772000
160 160 0.99966800
128 128 0.98706700
12 12 0.99951400
33 33 0.74376500
46 48 0.00088022
46 46 0.78865800
60 60 0.82941000
60 61 0.04072950
60 59 0.00113045
7 7 0.99991900
111 111 0.96243200
159 159 0.99900700
85 85 0.98967800
96 96 0.98763000
59 60 0.06957310
59 59 0.82904700
59 58 0.00110127
131 131 0.98752900
157 157 0.99939600
124 124 0.93346600
124 125 0.03311080
64 64 0.67591200
64 65 0.02338910
64 66 0.00609205
22 23 0.00578056
22 22 0.99167800
22 21 0.00133022
83 83 0.99179300
31 31 0.66187600
148 149 0.00085537
148 148 0.98617100
148 150 0.00123301
41 41 0.64698500
135 135 0.98702200
126 126 0.77200600
126 127 0.00127397
76 78 0.00704183
76 77 0.00177734
76 76 0.98525400
50 50 0.99005200
50 51 0.00671255
50 52 0.00224163
61 60 0.00114815
61 63 0.00113592
61 61 0.82982000
61 62 0.14466000
110 110 0.97321300
8 8 0.99943300
136 136 0.98688000
151 153 0.00195749
151 151 0.98955100
99 99 0.98779700
36 36 0.99980400
109 109 0.77841200
109 110 0.00053343
51 53 0.00256179
51 52 0.02106760
51 51 0.97519000
14 14 0.99954000
16 16 0.99946600
155 155 0.99923700
52 52 0.83865100
52 53 0.02724980
52 54 0.00291031
26 26 0.99757000
26 27 0.00163770
47 47 0.99531800
47 49 0.00137466
47 48 0.00253179
118 117 0.00126381
118 119 0.00119212
118 118 0.98246700
58 58 0.82715500
58 59 0.02914160
58 57 0.00129673
75 77 0.00902712
75 76 0.00305015
75 75 0.98048000
104 104 0.98751000
115 115 0.98488100
112 112 0.93670400
145 146 0.00148391
145 145 0.98602300
114 114 0.98523700
80 80 0.99692700
80 82 0.00073020
117 118 0.00086866
117 117 0.98316300
10 10 0.99949000
5 5 0.99988800
25 26 0.00161761
25 25 0.99702200
113 113 0.98542600
134 134 0.98705900
56 56 0.82727100
56 57 0.08247100
56 55 0.00053531
56 58 0.00149412
132 132 0.98772600
122 123 0.00118604
122 122 0.93377600
147 148 0.00139904
147 147 0.98570700
147 149 0.00076044
53 54 0.12746300
53 55 0.00103051
53 53 0.84425000
92 92 0.98767500
74 74 0.81573900
74 75 0.00409603
74 76 0.01094570
140 139 0.00142992
140 141 0.00092325
140 140 0.98380000
67 69 0.00113019
67 67 0.85038000
67 68 0.05214870
158 158 0.99898200
156 156 0.99944000
141 141 0.98613300
141 142 0.00091899
119 120 0.00196465
119 119 0.98186900
65 66 0.01580700
65 67 0.02781460
65 65 0.37301400
127 127 0.98624400
29 29 0.99884100
18 18 0.99924000
84 84 0.99050900
123 123 0.93316200
123 124 0.02718440
89 89 0.98769700
78 80 0.00303588
78 78 0.99253800
27 27 0.99718900
27 28 0.00177638
40 40 0.08368070
107 107 0.98765700
62 62 0.82941500
62 61 0.00115807
62 64 0.00841862
62 63 0.13350400
42 42 0.74368000
103 103 0.98755300
30 30 0.99907200
138 137 0.00065993
138 139 0.00129018
138 138 0.98452100
154 154 0.99903100
49 49 0.99173800
49 51 0.00224003
49 50 0.00483943
97 97 0.98773800
48 49 0.00298038
48 48 0.99429400
48 50 0.00194288
86 86 0.98885700
116 116 0.98468300
37 37 0.99982400
77 77 0.98868300
77 79 0.00504345
4 4 0.99967700
70 72 0.00606228
70 70 0.89510600
70 71 0.00997297
39 39 0.99962100
6 6 0.99995600
63 65 0.01570280
63 64 0.12224700
63 63 0.83344800
68 69 0.02397480
68 70 0.00165187
68 68 0.85476900
129 129 0.98701200
87 87 0.98828700
38 38 0.99964900
137 137 0.98619700
143 143 0.98619400
143 144 0.00134944
120 121 0.00694447
120 120 0.97690100
35 35 0.08374850
11 11 0.99940800
153 153 0.99788200
153 155 0.00060331
108 108 0.98757000
81 83 0.00066719
81 81 0.99891600
20 21 0.00301753
20 20 0.99487600
23 24 0.00269570
23 22 0.00079902
23 23 0.99269500
13 13 0.99952900
71 71 0.93094700
71 73 0.00205863
71 72 0.00173960
28 28 0.99735700
130 130 0.98717400
121 121 0.97189100
121 122 0.01190770
15 15 0.99944200
144 145 0.00142164
144 144 0.98611800
133 133 0.98721000
106 106 0.98775400
1 1 0.99962400
24 25 0.00216246
24 24 0.99639100
17 17 0.99944300
149 149 0.98684300
149 151 0.00147100
72 72 0.73683900
72 73 0.00122496
72 74 0.00431795
57 58 0.07913430
57 59 0.00092355
57 56 0.00146197
57 57 0.82674000
73 75 0.01291400
73 73 0.50665800
73 74 0.00499457
43 43 0.64984300
34 34 0.64706600
95 95 0.98773200
54 55 0.13693000
54 56 0.00143294
54 54 0.83411000
44 44 0.66167500
93 93 0.98777600
88 88 0.98778400
100 100 0.98778600
55 56 0.13926300
55 55 0.83143500
55 57 0.00163798
152 154 0.00084514
152 152 0.99060700
9 9 0.79019000
139 138 0.00111177
139 139 0.98366600
139 140 0.00170600
45 45 0.99821300
45 47 0.00082076
146 146 0.98594500
146 147 0.00192188
102 102 0.98774700
142 143 0.00091967
142 142 0.98664900
82 84 0.00065841
82 82 0.99921600
2 2 0.99963100
69 69 0.88385500
69 71 0.03030720
69 70 0.01751800
66 66 0.72981500
66 68 0.00212774
66 67 0.00575703
90 90 0.98770900
