62 58 0.01075505
62 52 0.01621160
62 57 0.00079821
62 49 0.00170700
62 62 0.33598106
62 50 0.03110524
62 64 0.33453765
62 65 0.01932305
62 51 0.01019002
131 124 0.00424337
131 132 0.03717299
131 133 0.00919592
131 120 0.00384833
131 131 0.22352891
131 127 0.00071016
131 129 0.01628440
131 128 0.00201019
131 130 0.02866122
40 38 0.01017927
40 40 0.52823625
40 41 0.04434394
40 30 0.00095008
40 39 0.02111537
57 46 0.00062425
57 60 0.00875353
57 53 0.01539052
57 59 0.01682099
57 57 0.21770005
57 55 0.00094802
57 58 0.00434332
57 52 0.00090965
41 42 0.04130224
41 39 0.01083314
41 31 0.05300205
41 41 0.57721284
41 40 0.00494450
96 97 0.00836723
96 100 0.00945038
96 91 0.00932717
96 85 0.01194208
96 96 0.30237938
96 99 0.38360212
96 98 0.00106622
96 101 0.00319209
96 95 0.02752272
112 115 0.20039459
112 112 0.05685231
112 113 0.06721169
112 102 0.02332410
112 108 0.01640111
112 101 0.01873661
112 110 0.00414981
112 114 0.05975809
112 111 0.17966782
102 105 0.31119474
102 103 0.01598149
102 102 0.27361888
102 101 0.03037301
102 98 0.01672433
102 107 0.00135261
102 97 0.00311085
102 100 0.00084721
102 91 0.02374786
102 106 0.11622167
102 92 0.02558086
117 119 0.00938697
117 114 0.00395095
117 106 0.00318192
117 118 0.00572256
117 117 0.01834445
117 113 0.00832157
117 115 0.00573800
117 107 0.00948954
117 121 0.00193336
117 116 0.05743421
117 120 0.05324329
117 108 0.00304134
138 136 0.00173901
138 134 0.00325918
138 132 0.00206307
138 127 0.00215905
138 131 0.00268019
138 135 0.00120130
138 137 0.38057626
34 34 0.31209571
34 33 0.00438016
34 35 0.04674750
34 24 0.02920642
95 100 0.00317387
95 97 0.00129285
95 91 0.00112760
95 85 0.04402895
95 99 0.01577374
95 90 0.00933029
95 94 0.01712980
95 96 0.01246064
95 95 0.31923373
95 98 0.39348234
95 84 0.01194371
116 114 0.02722192
116 119 0.06902547
116 106 0.00481703
116 117 0.02128554
116 118 0.00680997
116 105 0.00054584
116 112 0.01116268
116 115 0.16792567
116 113 0.00209215
116 116 0.03992739
116 120 0.00841710
116 107 0.00214485
55 53 0.02356237
55 44 0.00065468
55 56 0.00794573
55 51 0.01515961
55 45 0.00129296
55 58 0.01422917
55 52 0.00136341
55 55 0.28283330
55 57 0.13570933
105 100 0.00096177
105 106 0.01699315
105 104 0.06447623
105 103 0.00134573
105 94 0.00394572
105 105 0.20500697
105 107 0.00053367
105 95 0.00273414
105 109 0.12856751
105 101 0.01343839
105 108 0.28116308
94 93 0.00980601
94 97 0.41037186
94 98 0.01778744
94 84 0.02866207
94 89 0.00183716
94 95 0.01038764
94 83 0.00776495
94 99 0.00360422
94 96 0.00137814
94 94 0.12486014
11 10 0.03410981
11 9 0.04008721
11 2 0.00099636
11 12 0.02244028
11 8 0.29754716
11 11 0.34032985
11 1 0.00368747
11 3 0.00054685
45 41 0.00236292
45 45 0.70795363
45 35 0.00089864
45 46 0.04562429
45 43 0.03109708
45 44 0.00108486
90 90 0.34105666
90 94 0.00202502
90 95 0.00170874
90 91 0.05059820
90 93 0.02504044
90 85 0.01454690
90 80 0.04241990
90 79 0.01071336
79 67 0.01475790
79 83 0.01042960
79 68 0.00053340
79 81 0.03343297
79 82 0.37617062
79 78 0.00073546
79 80 0.11016604
79 69 0.03963579
79 79 0.20393817
79 74 0.00540513
79 77 0.00082354
79 75 0.00547691
33 34 0.03138513
33 23 0.00090664
33 33 0.47677761
33 32 0.00123924
12 2 0.00788684
12 12 0.36839271
12 10 0.04009593
12 9 0.11772773
12 1 0.00263053
12 3 0.00109675
12 11 0.02943198
12 13 0.02156699
35 35 0.52905039
35 36 0.05182630
35 34 0.00056488
35 25 0.04802162
118 115 0.00609861
118 116 0.00862268
118 120 0.20534689
118 122 0.00140999
118 107 0.02138322
118 121 0.03129735
118 114 0.00504922
118 119 0.04424252
118 118 0.02554839
118 117 0.05741052
26 27 0.00167924
26 25 0.00082661
26 16 0.00975490
26 26 0.78484603
110 99 0.01538486
110 112 0.00328562
110 113 0.37376681
110 108 0.00895266
110 109 0.14099038
110 114 0.01973716
110 110 0.06864204
110 106 0.01323289
110 111 0.05260222
78 68 0.02448615
78 66 0.00052363
78 80 0.03977637
78 79 0.04941905
78 77 0.00227475
78 74 0.00786570
78 82 0.00816725
78 81 0.36604769
78 73 0.00099868
78 78 0.06951643
4 5 0.00539591
4 4 0.10003125
4 2 0.00422289
4 3 0.00694860
4 1 0.00802167
132 132 0.10828435
132 134 0.00171181
132 121 0.00103720
132 131 0.12697444
132 133 0.02503918
132 128 0.00106274
132 129 0.00713430
132 130 0.04999732
132 125 0.00463768
122 118 0.00069971
122 111 0.02072475
122 124 0.02810853
122 119 0.01749025
122 114 0.00487104
122 121 0.12317168
122 116 0.00225997
122 120 0.11060256
122 122 0.45246604
122 113 0.01411793
122 123 0.12578767
122 125 0.00117229
122 115 0.00176804
61 48 0.00094833
61 49 0.03167832
61 57 0.01324642
61 64 0.01928674
61 63 0.33572415
61 50 0.01538589
61 61 0.24036345
61 56 0.00077294
61 51 0.01092273
98 101 0.33024535
98 95 0.00136924
98 98 0.25053845
98 103 0.00293100
98 99 0.01765038
98 88 0.03674282
98 94 0.00240200
98 96 0.00093407
98 102 0.02457741
98 93 0.00235882
98 87 0.00121530
98 100 0.00054503
98 97 0.01763124
70 72 0.01038311
70 58 0.01280641
70 66 0.00898668
70 70 0.30841832
70 71 0.00565361
70 73 0.01302590
70 60 0.00238634
130 131 0.00560814
130 127 0.00212670
130 129 0.04165843
130 128 0.09778376
130 130 0.13300591
130 123 0.00141906
130 126 0.00240820
130 119 0.00197676
130 132 0.00164120
46 45 0.00050394
46 42 0.00279628
46 44 0.01617521
46 47 0.04093781
46 36 0.01855903
46 46 0.38701000
80 82 0.02631620
80 81 0.11067274
80 79 0.00075297
80 80 0.32711517
80 75 0.00813031
80 83 0.37111839
80 76 0.00190183
80 84 0.02843685
80 70 0.02698973
80 68 0.00196977
56 57 0.00480802
56 58 0.23091284
56 45 0.00111314
56 52 0.01564016
56 56 0.22933767
56 54 0.00422068
56 51 0.00086364
56 46 0.00050020
56 59 0.01488910
56 53 0.00089201
36 37 0.04451324
36 35 0.02276339
36 36 0.58549433
36 26 0.04870921
44 42 0.01531682
44 34 0.01975797
44 44 0.44860682
44 45 0.04630581
44 40 0.00092368
39 38 0.02134111
39 37 0.00428128
39 40 0.06571442
39 29 0.05640389
39 39 0.43413521
134 132 0.01763755
134 134 0.40396598
134 128 0.00161624
134 135 0.00350722
134 123 0.00704854
134 130 0.00937345
134 127 0.00620289
134 131 0.00485854
134 133 0.17949885
19 7 0.00113812
19 17 0.00958997
19 18 0.00185295
19 9 0.00068125
19 19 0.27672155
19 20 0.00967549
20 10 0.01115130
20 19 0.00116261
20 20 0.41076458
20 21 0.00750325
20 18 0.00061568
108 112 0.08349879
108 104 0.01291883
108 109 0.05884748
108 108 0.15568896
108 107 0.12674921
108 98 0.00135754
108 110 0.00927904
108 97 0.02533758
108 106 0.00272274
108 111 0.24469848
3 3 0.39554135
3 1 0.00993474
3 2 0.03285246
3 4 0.01242086
1 2 0.00157259
1 1 0.41797590
71 67 0.00905167
71 72 0.00431837
71 71 0.06961174
71 73 0.01100517
71 59 0.02117549
71 74 0.03472916
107 110 0.24600953
107 97 0.02836957
107 106 0.09496684
107 111 0.11657188
107 103 0.01373227
107 96 0.02518050
107 105 0.00673719
107 109 0.00379104
107 108 0.03217622
107 107 0.17043513
125 114 0.00308682
125 118 0.00071903
125 117 0.00456187
125 124 0.10757511
125 115 0.00085365
125 125 0.40898859
125 123 0.01678477
125 126 0.08926325
125 121 0.00429514
125 122 0.01010364
125 127 0.00382260
125 116 0.00156348
48 44 0.00061985
48 46 0.00254956
48 48 0.45595309
48 38 0.02865277
48 37 0.00342329
48 49 0.02896830
13 10 0.02053587
13 14 0.02236259
13 4 0.00104993
13 2 0.00555782
13 12 0.00884238
13 11 0.00829514
13 13 0.31348362
13 1 0.00319732
13 3 0.01528375
104 100 0.01484542
104 93 0.00922378
104 102 0.00237168
104 104 0.17057297
104 103 0.04521775
104 99 0.00140734
104 105 0.02460389
104 94 0.00598990
104 107 0.25830469
104 108 0.13498211
76 66 0.00269844
76 71 0.00220614
76 72 0.00299175
76 76 0.10977925
76 75 0.00240795
76 77 0.00422828
76 74 0.00102111
76 79 0.11077701
76 78 0.01144332
72 74 0.26791154
72 75 0.13679090
72 60 0.00202115
72 73 0.00545721
72 62 0.00898599
72 68 0.00921123
72 72 0.11400686
15 16 0.02051955
15 5 0.00378348
15 14 0.01125207
15 6 0.00080478
15 12 0.02134134
15 15 0.33121107
15 13 0.01049860
136 133 0.00414328
136 129 0.00569238
136 130 0.00159254
136 137 0.00761616
136 135 0.31348711
136 136 0.47018380
136 132 0.00682295
136 134 0.00463533
24 13 0.00367425
24 25 0.00283863
24 14 0.04509201
24 24 0.44285450
24 23 0.00234362
24 22 0.00443838
9 10 0.01091053
9 9 0.27714222
9 8 0.02469486
9 6 0.00692798
9 7 0.01727238
9 3 0.00298554
60 60 0.18971240
60 56 0.01334584
60 48 0.00691342
60 50 0.00357525
60 62 0.30870707
60 63 0.01911426
60 49 0.00501971
60 55 0.00085872
14 13 0.00632807
14 11 0.26018947
14 5 0.00076332
14 4 0.00205547
14 14 0.26199448
14 12 0.00179281
14 15 0.02116951
30 20 0.02011662
30 30 0.61334513
30 31 0.01791097
53 56 0.00211828
53 54 0.00131056
53 51 0.01889531
53 42 0.01299207
53 53 0.77690715
53 55 0.01779231
53 49 0.00067412
101 104 0.25252845
101 102 0.01623676
101 105 0.09080530
101 96 0.00472647
101 90 0.01527290
101 103 0.00082941
101 99 0.00129582
101 98 0.00087116
101 101 0.17368244
101 91 0.01998376
101 97 0.01390482
101 100 0.02592629
101 106 0.00228441
37 36 0.00100447
37 37 0.32028780
37 38 0.06889788
37 27 0.04458542
68 58 0.02168374
68 68 0.27534494
68 70 0.02882886
68 64 0.00894010
68 71 0.01355180
68 56 0.01156200
68 69 0.00100599
52 50 0.01983536
52 41 0.00773692
52 55 0.00063131
52 48 0.00059068
52 52 0.72302296
52 54 0.01808798
52 51 0.00059258
52 42 0.00246707
52 53 0.00304282
137 136 0.38083396
137 134 0.00203410
137 131 0.00116432
137 133 0.00559481
137 126 0.00224161
137 135 0.00318266
137 137 0.34256493
137 130 0.00730952
88 83 0.01454537
88 88 0.24993719
88 89 0.00279591
88 78 0.02779385
88 91 0.38136644
88 85 0.00052852
88 92 0.00954040
88 77 0.00372960
129 129 0.04069910
129 128 0.02050285
129 125 0.00419044
129 130 0.00605636
129 123 0.00072867
129 126 0.02414655
129 122 0.00235007
129 131 0.00169864
129 127 0.09742045
129 118 0.01602020
83 84 0.07851261
83 83 0.31118357
83 80 0.00055277
83 85 0.01031411
83 87 0.00494568
83 82 0.00132831
83 86 0.10147260
83 73 0.03009807
32 32 0.23877566
32 31 0.00140743
32 33 0.02002447
32 22 0.00934572
23 24 0.00103756
23 23 0.45376864
23 22 0.00194064
23 21 0.00562258
23 13 0.00340489
51 47 0.00350787
51 53 0.00312511
51 51 0.28200298
51 52 0.01356478
51 40 0.01871460
51 49 0.00115901
51 50 0.00070272
51 41 0.01408299
111 109 0.00639981
111 101 0.00058482
111 107 0.01657998
111 112 0.05102153
111 115 0.01060613
111 113 0.05388470
111 111 0.07461159
111 110 0.08427242
111 114 0.02787861
111 100 0.00610618
74 70 0.00129268
74 62 0.00055523
74 64 0.01278956
74 76 0.01220810
74 75 0.01166974
74 74 0.30734773
74 77 0.16594262
74 73 0.00091023
43 41 0.02427523
43 33 0.02259637
43 43 0.42076656
43 44 0.04788417
43 39 0.00081456
82 84 0.01082623
82 72 0.00306854
82 83 0.03082606
82 80 0.00084975
82 77 0.01216801
82 85 0.37121691
82 82 0.28878891
82 86 0.03690649
82 81 0.00156874
47 46 0.00055398
47 47 0.36246350
47 43 0.00113171
47 37 0.00424349
47 45 0.00307326
47 48 0.03869002
42 32 0.04919472
42 41 0.00221488
42 40 0.00977879
42 38 0.00061640
42 42 0.57925354
42 43 0.04038871
16 16 0.37525155
16 14 0.00834516
16 6 0.00210107
16 15 0.03393564
16 17 0.01922735
16 13 0.12190794
109 110 0.04230723
109 111 0.02486518
109 105 0.01779744
109 112 0.28292949
109 99 0.02696478
109 113 0.05907755
109 109 0.08737268
109 108 0.14620625
109 107 0.00907056
109 98 0.02105652
49 49 0.43427062
49 50 0.01475894
49 38 0.01139131
49 47 0.00094430
49 39 0.02913846
49 51 0.00056628
7 1 0.00152087
7 7 0.22017024
7 5 0.00129816
7 4 0.13774214
7 8 0.00220087
7 6 0.01699764
127 123 0.00455414
127 125 0.06617668
127 126 0.13060417
127 129 0.00796910
127 128 0.00427210
127 120 0.00190609
127 116 0.01439750
127 127 0.23726014
127 121 0.00242337
127 119 0.00057465
127 124 0.02068290
121 121 0.36196351
121 120 0.12325568
121 122 0.12325394
121 113 0.00248554
121 123 0.04013584
121 115 0.00195701
121 117 0.00111914
121 118 0.00626727
121 124 0.00369714
121 119 0.10977444
121 110 0.00055554
66 69 0.00913347
66 54 0.00321004
66 56 0.00054386
66 53 0.00304324
66 62 0.00893517
66 68 0.02233097
66 70 0.00052949
66 66 0.27800541
31 31 0.43129713
31 21 0.03698805
31 32 0.02012930
21 22 0.00659395
21 19 0.01710755
21 20 0.00329369
21 21 0.31294153
21 11 0.01106577
17 15 0.05691414
17 16 0.00431223
17 14 0.01195183
17 7 0.03881983
17 17 0.30819556
17 18 0.01420621
58 60 0.03531567
58 47 0.00112764
58 53 0.00098133
58 59 0.00065751
58 54 0.01357990
58 58 0.11315381
58 61 0.00660153
99 101 0.00106972
99 95 0.00493349
99 98 0.03951206
99 89 0.00057328
99 103 0.02975772
99 99 0.27807752
99 88 0.01774591
99 94 0.00201911
99 96 0.00123640
99 102 0.34668732
99 104 0.00283417
99 97 0.00110347
99 100 0.01649833
18 7 0.00234326
18 17 0.01539858
18 18 0.66153769
18 15 0.00153518
18 8 0.00108103
18 19 0.01258342
18 16 0.00199248
126 117 0.00051548
126 118 0.00120669
126 124 0.09848219
126 119 0.00142091
126 120 0.00392768
126 122 0.00474319
126 127 0.00472697
126 123 0.02014954
126 125 0.11841361
126 115 0.01633291
126 126 0.51351299
113 114 0.00974251
113 111 0.00800981
113 117 0.00097973
113 112 0.17643329
113 103 0.02329342
113 113 0.03992174
113 102 0.02455661
113 109 0.01439077
113 116 0.11232601
27 27 0.81553020
27 17 0.01898881
27 28 0.00230814
27 26 0.00078596
128 124 0.00423886
128 117 0.01620657
128 126 0.11434315
128 125 0.02313037
128 130 0.00206621
128 128 0.04725691
128 129 0.00590319
128 127 0.11027894
128 122 0.00098129
128 121 0.00196786
124 114 0.00118984
124 118 0.00072586
124 124 0.47373278
124 113 0.02037685
124 123 0.12191641
124 125 0.05495937
124 115 0.00625460
124 126 0.00161293
124 121 0.02213676
124 122 0.10946548
124 120 0.00424538
124 116 0.00207936
22 11 0.00365203
22 21 0.00910755
22 20 0.02909986
22 12 0.02066702
22 22 0.54545916
22 23 0.00575380
93 97 0.02099180
93 82 0.01082146
93 92 0.00344681
93 93 0.27347715
93 83 0.04004129
93 88 0.01281866
93 94 0.01291308
93 96 0.31382142
93 98 0.00225466
93 95 0.00187114
54 54 0.68090375
54 56 0.03084527
54 51 0.00175982
54 43 0.02050436
54 44 0.00098544
54 55 0.00182293
54 57 0.00924815
54 50 0.01480943
54 52 0.02681655
92 93 0.01137967
92 92 0.28884705
92 97 0.00236734
92 91 0.00234444
92 82 0.03445545
92 81 0.00121761
92 95 0.38848359
92 94 0.00110974
92 96 0.01653147
5 4 0.04103059
5 5 0.33711609
5 6 0.00309181
5 2 0.15141812
5 3 0.01208517
120 119 0.11904237
120 118 0.04707303
120 117 0.00818820
120 123 0.00445093
120 121 0.07354130
120 120 0.21648837
120 122 0.04785383
120 109 0.00054523
120 116 0.00171807
133 129 0.00945620
133 126 0.00613922
133 130 0.00654437
133 133 0.41714229
133 122 0.00719970
133 131 0.01142906
133 132 0.16209086
133 134 0.00267548
63 65 0.37216014
63 51 0.01619530
63 59 0.00686496
63 53 0.00909812
63 63 0.25369197
63 50 0.00119141
63 66 0.01092593
63 52 0.00506967
63 58 0.00071078
28 29 0.00401663
28 28 0.35531624
28 18 0.00085151
29 30 0.01502485
29 19 0.01723295
29 28 0.00176260
29 29 0.62115694
123 124 0.12669949
123 119 0.00106456
123 114 0.00923549
123 121 0.10904840
123 120 0.02106584
123 122 0.12449932
123 113 0.00164106
123 126 0.00093069
123 123 0.46864444
123 112 0.02045615
123 125 0.00409312
123 115 0.00473732
135 133 0.00251212
135 131 0.00833373
135 128 0.00707553
135 129 0.00169405
135 135 0.54921379
135 136 0.01178368
135 124 0.00649502
135 132 0.00648409
135 134 0.20167299
67 55 0.00095015
67 70 0.00997583
67 68 0.00081079
67 63 0.00893937
67 67 0.34038146
67 69 0.04540566
65 53 0.02076087
65 65 0.38664916
65 54 0.00226792
65 52 0.00236120
65 67 0.38252140
65 61 0.00893893
65 68 0.00478113
65 55 0.00344721
8 7 0.01045735
8 8 0.16874748
8 2 0.00211362
8 6 0.00878999
8 9 0.00220811
8 5 0.01293403
69 71 0.19872397
69 57 0.00067668
69 70 0.00294090
69 72 0.01253483
69 65 0.00902037
69 69 0.26039238
69 59 0.01986923
75 76 0.00852841
75 70 0.00057529
75 78 0.00658591
75 75 0.18969071
75 74 0.00227071
75 77 0.01096389
75 65 0.00853997
2 3 0.01188184
2 1 0.01875170
2 2 0.44321854
6 2 0.00050592
6 6 0.35118872
6 5 0.03690294
6 4 0.00890418
6 3 0.18699163
6 7 0.01840791
87 77 0.05389481
87 91 0.03340178
87 87 0.14305405
87 82 0.01454380
87 84 0.00088815
87 76 0.00076652
87 90 0.37937805
87 88 0.01427494
114 110 0.01267226
114 114 0.05033961
114 117 0.01144989
114 118 0.00050922
114 112 0.00563513
114 115 0.00809638
114 103 0.02509209
114 113 0.18034737
114 104 0.00177371
81 80 0.00222708
81 69 0.00112478
81 79 0.00066785
81 77 0.00106116
81 85 0.04189835
81 82 0.09746381
81 81 0.25633239
81 71 0.00464517
81 84 0.37112431
81 76 0.00080494
81 83 0.01246869
10 7 0.28695234
10 1 0.00078247
10 11 0.02203953
10 8 0.00391078
10 2 0.00053759
10 10 0.23255899
10 9 0.03446824
10 4 0.00056120
73 73 0.08223466
73 75 0.16516816
73 74 0.04182436
73 69 0.00055590
73 76 0.21102287
73 61 0.00076290
73 63 0.02526266
97 86 0.00146517
97 87 0.01754876
97 97 0.27458029
97 100 0.33154933
97 92 0.00065400
97 93 0.00057022
97 99 0.00063584
97 96 0.00796401
97 102 0.00297521
97 101 0.01245577
97 98 0.00600346
64 51 0.00103545
64 54 0.00841682
64 59 0.00054741
64 53 0.00151672
64 66 0.32312575
64 64 0.27740348
64 67 0.00251176
64 52 0.01117473
38 38 0.64353361
38 37 0.00065436
38 28 0.01861609
38 39 0.04926799
50 52 0.00379038
50 48 0.01261604
50 50 0.50289589
50 40 0.01391109
50 39 0.01649284
50 46 0.00921930
50 51 0.01240582
89 89 0.13443473
89 84 0.01454420
89 90 0.05555006
89 79 0.00639382
89 93 0.00677521
89 92 0.04476238
89 78 0.00123052
25 25 0.74617739
25 24 0.00122647
25 15 0.01036892
84 84 0.32044203
84 88 0.00389930
84 83 0.00082299
84 80 0.00051987
84 79 0.00065996
84 74 0.04134321
84 85 0.08063439
84 86 0.00066856
84 81 0.00064915
84 87 0.00924398
115 114 0.18225922
115 119 0.00123566
115 118 0.01197227
115 111 0.01637371
115 115 0.03688496
115 105 0.00141304
115 104 0.01095848
115 113 0.00884115
115 116 0.00175372
103 92 0.01237720
103 106 0.28454487
103 93 0.02761959
103 102 0.05838273
103 104 0.02923551
103 103 0.16505397
103 99 0.01568995
103 107 0.11859529
103 98 0.00221966
103 101 0.00063666
85 80 0.01452987
85 85 0.30666050
85 75 0.05583067
85 86 0.04812316
85 82 0.00088329
85 84 0.00080801
85 88 0.17824554
77 75 0.00091249
77 77 0.17935274
77 65 0.01955965
77 79 0.05015542
77 80 0.37194186
77 78 0.00523407
77 73 0.00091037
77 81 0.00144501
77 67 0.01896420
77 72 0.00085107
77 76 0.00088986
106 107 0.03774765
106 109 0.25753828
106 95 0.02516080
106 108 0.00146850
106 104 0.00170368
106 102 0.01738525
106 105 0.13750609
106 96 0.00320578
106 106 0.12485781
106 110 0.12323136
86 89 0.31355978
86 83 0.00093421
86 76 0.00083297
86 90 0.01430613
86 87 0.00537024
86 81 0.01452930
86 86 0.08568012
59 59 0.19260467
59 47 0.00521672
59 54 0.00097915
59 48 0.00636086
59 55 0.01331722
59 49 0.00067505
59 62 0.01717750
59 61 0.01888839
100 104 0.03257788
100 102 0.00132032
100 105 0.00298692
100 96 0.00648404
100 103 0.34519976
100 99 0.04759337
100 90 0.03339471
100 89 0.00105287
100 98 0.00104458
100 101 0.02354553
100 95 0.00344915
100 100 0.18990292
100 97 0.00137665
119 117 0.05626800
119 118 0.01479548
119 110 0.01077351
119 119 0.16407834
119 108 0.02166478
119 122 0.01111199
119 120 0.06679584
119 116 0.00665037
119 121 0.11633757
119 123 0.00061280
119 115 0.00347666
119 113 0.00050735
91 91 0.31346345
91 81 0.02927240
91 86 0.00067469
91 92 0.01450357
91 80 0.00324580
91 90 0.00051985
91 96 0.00181475
91 94 0.26012869
91 95 0.01387679
