68 68 0.61364823
112 112 0.97993311
112 113 0.00105812
4 4 0.55494287
4 5 0.03611296
4 2 0.00149585
4 3 0.09541490
4 6 0.04846476
4 7 0.00534471
4 1 0.02978505
4 8 0.00298459
154 154 0.90449764
38 35 0.04412123
38 36 0.05432867
38 38 0.66769409
38 37 0.00797833
38 34 0.00129497
95 95 0.85546468
95 94 0.00134667
45 43 0.00518840
45 42 0.00965570
45 45 0.84175579
74 74 0.98538734
42 39 0.03319521
42 40 0.00538737
42 42 0.71647597
42 38 0.00055550
42 41 0.00061499
16 18 0.21459575
16 16 0.37273752
16 13 0.01344045
16 17 0.04137042
16 15 0.00228763
16 12 0.01131191
16 14 0.07661965
16 20 0.01178177
16 19 0.01197551
143 143 0.73421572
143 144 0.02027611
143 142 0.07562414
75 75 0.97077300
62 62 0.77778024
36 34 0.12978957
36 32 0.00452856
36 33 0.02669587
36 36 0.67543010
36 35 0.00157230
25 24 0.00108116
25 22 0.11452520
25 27 0.09538482
25 25 0.33556676
25 28 0.00065963
25 21 0.04569310
25 26 0.00156744
25 29 0.00069327
25 23 0.02176317
158 158 0.99592937
32 32 0.58331487
32 28 0.03352955
32 31 0.00058386
32 30 0.00799582
32 29 0.07782802
32 26 0.00091044
145 144 0.05510838
145 145 0.88606569
145 146 0.02566884
5 3 0.00102833
5 2 0.01938664
5 5 0.62026845
5 4 0.06159933
5 8 0.00714267
5 7 0.05341089
5 6 0.03913354
5 9 0.00289058
152 152 0.94627062
152 150 0.00146781
152 153 0.00122115
100 99 0.00146274
100 101 0.00097028
100 100 0.97848365
89 89 0.65724613
89 90 0.00106220
129 129 0.65416152
124 124 0.64780769
137 138 0.01438697
137 137 0.83431450
137 136 0.01396299
80 80 0.97339237
26 27 0.00229862
26 22 0.04923010
26 24 0.12583339
26 25 0.00083485
26 28 0.05382942
26 23 0.10661782
26 26 0.33697333
113 113 0.97891996
113 114 0.00149322
132 133 0.00206985
132 132 0.97178368
132 131 0.00090244
15 9 0.00091787
15 11 0.03028783
15 18 0.01195362
15 16 0.03357454
15 19 0.01079524
15 10 0.00059192
15 13 0.20178562
15 17 0.12004698
15 12 0.04154163
15 15 0.40341930
15 14 0.00151729
79 79 0.84878516
20 21 0.01996066
20 19 0.00090182
20 20 0.03550813
20 17 0.01676168
20 23 0.00051471
20 24 0.00426680
20 22 0.24201486
20 16 0.03974585
20 18 0.02830678
97 96 0.00063204
97 97 0.80726554
43 43 0.71971782
43 40 0.01283350
43 42 0.00432837
66 66 0.75169097
52 52 0.87683295
86 87 0.00112674
86 86 0.81177810
120 120 0.63650485
130 130 0.73750442
153 153 0.88923060
153 154 0.00051610
13 10 0.11721198
13 17 0.00810285
13 13 0.11580309
13 14 0.13525368
13 15 0.07932758
13 12 0.00149823
13 9 0.00227790
13 11 0.04746808
13 16 0.00660777
103 103 0.85659359
31 27 0.00136443
31 32 0.00084853
31 33 0.00064424
31 25 0.00144904
31 28 0.12211840
31 31 0.18240179
31 29 0.00456405
31 30 0.00078024
140 140 0.69282986
140 141 0.04039290
140 138 0.00136424
140 139 0.07885147
91 91 0.98124523
91 92 0.00066201
91 90 0.00135468
156 156 0.84899197
90 91 0.00073449
90 89 0.00057959
90 90 0.98123903
9 12 0.00698716
9 5 0.00811231
9 13 0.00086709
9 10 0.07047627
9 8 0.00923821
9 7 0.04244069
9 6 0.08406102
9 11 0.05381769
9 9 0.45430590
7 8 0.04544065
7 9 0.05404857
7 11 0.00326930
7 6 0.05763446
7 7 0.58230250
7 5 0.00662405
7 4 0.02483766
7 10 0.01030255
69 69 0.89014062
106 106 0.86890403
92 92 0.66852706
92 91 0.00107580
84 84 0.81698648
84 85 0.00096466
2 3 0.00203595
2 2 0.17341062
2 4 0.00324754
2 1 0.04904320
50 50 0.47209060
40 40 0.77634010
40 39 0.00189008
40 37 0.00567712
40 38 0.00868623
82 83 0.00071575
82 81 0.00057876
82 82 0.88352516
24 28 0.00149708
24 20 0.00154683
24 21 0.11749188
24 23 0.00159732
24 26 0.00301560
24 22 0.12717355
24 24 0.33460335
24 27 0.00078932
24 25 0.00253481
37 35 0.10142644
37 36 0.00666191
37 34 0.05317753
37 33 0.02242020
37 37 0.72334218
76 76 0.73667505
87 87 0.63536429
87 88 0.00081606
3 4 0.03504383
3 5 0.03702342
3 2 0.06611050
3 3 0.57227421
3 6 0.00331547
3 1 0.00252961
134 135 0.00542624
134 133 0.00193165
134 134 0.96809545
146 147 0.01717433
146 145 0.03087115
146 146 0.70699972
121 121 0.81165644
8 5 0.07090537
8 12 0.00357980
8 10 0.04298559
8 4 0.00338308
8 8 0.54966329
8 11 0.01181378
8 9 0.04676438
8 6 0.02076175
8 7 0.06941351
148 146 0.00179371
148 145 0.00099739
148 147 0.00235779
148 149 0.00889159
148 148 0.64046012
22 24 0.13086406
22 22 0.33425324
22 18 0.03826362
22 25 0.00266623
22 21 0.00076780
22 20 0.14098399
22 19 0.09024199
22 23 0.00053496
29 27 0.02683542
29 25 0.01078512
29 28 0.00060758
29 29 0.44456054
29 26 0.12964104
29 30 0.01199919
29 31 0.00434026
101 100 0.00182898
101 101 0.97331562
101 102 0.00064592
60 60 0.94007221
28 28 0.34815433
28 26 0.00298639
28 29 0.01199034
28 30 0.01460630
28 24 0.00597335
28 25 0.03659010
109 109 0.92381598
34 32 0.00381629
34 34 0.66570928
34 31 0.00551488
65 65 0.76495266
18 21 0.01002948
18 19 0.03470574
18 20 0.23712334
18 17 0.00288667
18 12 0.00112626
18 15 0.00970100
18 14 0.00494564
18 22 0.01049592
18 18 0.36124851
18 16 0.08409854
125 125 0.64791469
39 35 0.00610111
39 36 0.00272023
39 38 0.00212058
39 37 0.00676287
39 39 0.41436768
54 54 0.81019142
139 139 0.81829928
139 137 0.00152904
139 140 0.04150770
139 138 0.04109434
59 59 0.76595545
142 143 0.04051015
142 142 0.69709454
142 141 0.07761782
49 49 0.49478270
21 25 0.00410906
21 18 0.00143919
21 22 0.00406316
21 24 0.00269915
21 23 0.01708794
21 17 0.00052325
21 19 0.00216472
21 21 0.17416943
81 80 0.00061024
81 81 0.98166097
67 67 0.93081353
102 102 0.82256889
102 101 0.00091195
88 88 0.62075712
88 89 0.00090418
51 51 0.78310245
46 45 0.00051375
46 43 0.01150651
46 46 0.78196516
47 45 0.00060464
47 44 0.00723035
47 47 0.58318336
133 133 0.96957251
133 132 0.00156217
133 134 0.00389469
63 63 0.67514720
118 118 0.83779482
151 150 0.00195498
151 149 0.00066088
151 152 0.00562040
151 151 0.64868278
119 119 0.84387696
131 131 0.97459931
35 35 0.42867342
35 36 0.00052920
35 33 0.00333703
35 32 0.03206755
96 96 0.72813730
96 95 0.00100601
150 151 0.00631971
150 148 0.00080154
150 150 0.77623413
150 149 0.00194536
93 92 0.00308119
93 93 0.83856620
41 37 0.00387394
41 40 0.00822252
41 39 0.01154702
41 38 0.04416106
41 41 0.70233789
94 94 0.84727793
94 93 0.00302376
85 86 0.00116677
85 85 0.64461057
128 128 0.79668251
126 126 0.69062908
127 127 0.68688245
123 123 0.85873408
33 27 0.00074925
33 33 0.56348078
33 31 0.06877614
33 30 0.11330932
33 29 0.00052609
107 107 0.98189272
17 21 0.01069970
17 20 0.01127794
17 19 0.21066385
17 13 0.00079378
17 17 0.36703951
17 15 0.00623624
17 14 0.00163258
17 16 0.00215021
17 18 0.03163052
138 138 0.81312614
138 139 0.02779002
138 137 0.00340883
138 136 0.00323382
30 28 0.00189856
30 30 0.44515059
30 29 0.00080969
30 26 0.00160576
30 31 0.00168186
30 32 0.00268052
30 27 0.01843320
12 13 0.13488775
12 14 0.06778431
12 12 0.42276538
12 15 0.00992009
12 10 0.08970288
12 8 0.02289839
12 16 0.00648189
12 9 0.13563689
12 11 0.02573551
12 7 0.00100306
108 108 0.90913405
122 122 0.64440242
83 84 0.00065997
83 83 0.94677364
141 140 0.10491925
141 141 0.69433582
141 142 0.04042342
61 61 0.86390226
56 56 0.62717326
11 9 0.04052064
11 11 0.43386001
11 7 0.00163730
11 8 0.14246915
11 10 0.01888965
11 13 0.01850193
11 15 0.00511300
11 12 0.01920316
11 14 0.01352675
1 5 0.00108903
1 3 0.00934551
1 2 0.01680854
1 4 0.00108154
1 1 0.65750791
27 23 0.05263523
27 29 0.03247261
27 26 0.00063607
27 28 0.01166002
27 25 0.09455997
27 27 0.40447110
27 24 0.12125146
58 58 0.72969991
72 72 0.77255821
115 114 0.00074808
115 116 0.00131476
115 115 0.71781372
57 57 0.67060362
19 21 0.23988756
19 19 0.36107265
19 20 0.03349433
19 14 0.00071249
19 17 0.07709553
19 23 0.00071087
19 22 0.00931602
19 18 0.00102881
19 16 0.03599328
78 78 0.96991733
160 160 0.91190538
98 97 0.00073251
98 98 0.86659492
53 53 0.80471787
55 55 0.76656441
149 146 0.00077287
149 148 0.00197710
149 149 0.70230877
149 150 0.00744132
149 147 0.00084050
105 105 0.89788615
73 73 0.77295221
116 116 0.98443253
116 115 0.00072093
144 143 0.07896022
144 145 0.03244026
144 144 0.53670765
77 77 0.94567239
70 70 0.86954395
159 159 0.96840328
48 48 0.44756009
48 45 0.00062893
135 136 0.00257151
135 135 0.88947394
135 134 0.00189698
71 71 0.65643207
10 11 0.09135712
10 9 0.00825722
10 6 0.01074715
10 7 0.12091724
10 8 0.00978656
10 10 0.40435582
10 13 0.01461722
10 14 0.00426569
10 12 0.05788198
44 44 0.57811406
157 157 0.98235342
111 111 0.98101584
147 148 0.01232777
147 147 0.67790491
147 145 0.00124556
147 144 0.00086467
147 146 0.00538433
6 8 0.05455617
6 7 0.02378879
6 6 0.55498171
6 9 0.00808055
6 3 0.00067408
6 5 0.00755696
6 4 0.00086678
6 10 0.00237683
155 155 0.59706296
23 25 0.13184798
23 27 0.00285253
23 24 0.00332049
23 23 0.07830230
23 20 0.00345077
23 19 0.00215824
23 21 0.00785916
117 117 0.83581966
104 104 0.86112071
14 10 0.00215152
14 14 0.23972083
14 12 0.08543750
14 15 0.08900303
14 13 0.00163483
14 17 0.00677309
14 11 0.04400403
14 16 0.09467574
14 18 0.01170899
64 64 0.79349038
136 137 0.00153883
136 135 0.00341931
136 136 0.91680222
110 110 0.98113483
99 100 0.00063937
99 98 0.00082942
99 99 0.97922639
114 114 0.97864963
114 115 0.00101229
114 113 0.00089579
