66 66 0.70053442
52 52 0.55341266
120 120 0.51239555
86 86 0.73357354
130 130 0.47647505
153 153 0.70853118
132 132 0.60193701
113 114 0.00188439
113 113 0.83660004
26 25 0.00081250
26 22 0.00096574
26 27 0.00232205
26 24 0.00079145
26 23 0.15342002
26 26 0.57911350
26 21 0.00448664
26 28 0.01413210
79 79 0.72137838
15 11 0.00270281
15 16 0.07495056
15 10 0.00950006
15 17 0.00328741
15 13 0.00145197
15 14 0.02040108
15 12 0.14068098
15 15 0.23033503
20 21 0.11033957
20 19 0.01979961
20 20 0.08015954
20 17 0.00348416
20 15 0.00627341
20 22 0.01390298
20 18 0.00054800
97 97 0.78494985
43 43 0.87164945
129 129 0.27931785
137 137 0.97038115
137 136 0.00305173
137 138 0.00087753
124 124 0.59613398
80 80 0.78070929
5 8 0.00210897
5 6 0.03893963
5 7 0.01682606
5 5 0.80953340
5 3 0.00126260
5 4 0.00358602
145 144 0.01214930
145 145 0.83686145
145 146 0.00155071
89 89 0.98517650
89 90 0.00057770
152 152 0.94099383
100 101 0.00059458
100 100 0.63932954
25 25 0.22850508
25 24 0.00985555
25 22 0.15316696
25 27 0.02219036
25 26 0.01077923
25 23 0.00062767
25 21 0.00123981
158 158 0.99055528
32 32 0.41670501
32 30 0.00717001
32 29 0.00146371
32 31 0.00116860
75 75 0.65423527
62 62 0.50891928
36 35 0.00104661
36 36 0.80419258
36 34 0.14335566
42 42 0.78040102
74 74 0.60471458
45 45 0.69313261
16 16 0.48971867
16 18 0.00582782
16 11 0.00520560
16 14 0.00126052
16 15 0.00959078
16 12 0.00685862
16 13 0.05585421
16 17 0.11738355
143 142 0.02196381
143 144 0.00168143
143 143 0.46911454
68 68 0.73817417
112 112 0.52393330
112 113 0.00115732
4 7 0.00193772
4 6 0.01656118
4 5 0.03714920
4 2 0.00062423
4 3 0.00274559
4 4 0.77507010
95 95 0.62966000
154 154 0.83325995
38 37 0.00453937
38 36 0.05031201
38 35 0.00077131
38 38 0.78543320
34 31 0.00123954
34 34 0.79247286
34 32 0.00443927
125 125 0.55771697
39 38 0.00158544
39 37 0.00592603
39 39 0.82693078
18 15 0.14354253
18 14 0.00056160
18 17 0.03094699
18 13 0.00282195
18 20 0.00805320
18 19 0.11795864
18 18 0.41048062
18 16 0.00162988
65 65 0.68202077
54 54 0.77087010
139 139 0.62017015
139 138 0.01074212
139 140 0.00237134
59 59 0.54322386
29 24 0.00165158
29 31 0.00126873
29 30 0.00512647
29 26 0.15505062
29 29 0.55423718
29 28 0.01168450
101 100 0.00051759
101 101 0.63366910
109 109 0.57590303
28 30 0.00705635
28 23 0.00266347
28 29 0.00497339
28 26 0.00063866
28 28 0.35967635
28 25 0.00443777
28 27 0.00530944
60 60 0.92281417
8 10 0.01167848
8 5 0.03489103
8 6 0.01172343
8 7 0.01316654
8 11 0.00120420
8 9 0.04390635
8 8 0.73477784
121 121 0.42302239
148 148 0.37975856
148 149 0.00119456
148 147 0.00063222
22 22 0.32838585
22 24 0.01024175
22 19 0.14970476
22 21 0.01624485
22 23 0.06007555
87 87 0.53247773
3 6 0.00154444
3 1 0.00228325
3 4 0.03544954
3 5 0.01579667
3 3 0.74874411
3 2 0.00235768
146 146 0.91928229
146 145 0.00686949
146 147 0.00144836
134 134 0.60257891
40 40 0.65860668
40 39 0.00136452
40 38 0.00119480
82 82 0.87611178
76 76 0.61171968
37 36 0.00433105
37 35 0.09605516
37 34 0.00136593
37 37 0.81965832
24 24 0.53132875
24 25 0.00077245
24 21 0.15311773
24 19 0.00454299
24 26 0.00084627
24 23 0.01197065
106 106 0.60247449
92 92 0.98528285
92 91 0.00100336
69 69 0.57271287
84 84 0.82396717
2 4 0.01355975
2 5 0.00057945
2 2 0.20507443
2 3 0.02017929
2 1 0.00272951
50 50 0.31911305
90 90 0.98494659
90 89 0.00128369
90 91 0.00057468
9 12 0.00108502
9 10 0.05443118
9 8 0.01124653
9 7 0.00881868
9 6 0.06893043
9 9 0.71652606
9 11 0.00856542
7 8 0.04246338
7 9 0.01598858
7 7 0.79004827
7 6 0.01236750
7 5 0.01258740
7 10 0.00214722
7 4 0.00293722
103 103 0.78911946
13 8 0.00927766
13 11 0.00208868
13 9 0.00076491
13 13 0.54359311
13 15 0.00282488
13 12 0.04393535
13 14 0.03027780
13 10 0.14048902
31 28 0.00345138
31 31 0.62667932
31 30 0.00449882
31 26 0.00138703
91 91 0.98505042
91 90 0.00110684
140 140 0.57576961
140 141 0.00185861
140 139 0.02425042
156 156 0.68940383
61 61 0.93658046
56 56 0.55598224
11 6 0.00469588
11 7 0.00060257
11 11 0.47087375
11 9 0.00323765
11 8 0.13609339
11 10 0.02299878
11 14 0.00054405
11 12 0.01588147
11 13 0.00117523
27 23 0.00074833
27 26 0.00873801
27 29 0.00913278
27 28 0.00569507
27 22 0.00350033
27 27 0.25501457
27 24 0.15458930
1 1 0.73151961
1 2 0.01142811
30 31 0.00100989
30 29 0.00903126
30 26 0.00052213
30 30 0.76241432
30 27 0.00180408
138 137 0.00126992
138 139 0.00217244
138 138 0.95397888
17 12 0.00728955
17 15 0.00211304
17 14 0.01228678
17 17 0.53866097
17 13 0.00285588
17 19 0.00588193
17 18 0.09254723
17 16 0.03443071
122 122 0.74991386
12 12 0.50354726
12 14 0.00308270
12 13 0.04219090
12 10 0.00351934
12 8 0.00052161
12 7 0.00691308
12 9 0.14158698
12 11 0.02416388
108 108 0.98879004
141 142 0.00161258
141 140 0.02330182
141 141 0.62468296
83 83 0.60084395
123 123 0.87256829
33 30 0.07254942
33 31 0.07760789
33 33 0.35583940
107 107 0.64981024
85 85 0.65858395
41 41 0.55540627
41 40 0.00080079
41 39 0.00078989
94 94 0.67394679
127 127 0.44196586
126 126 0.58095951
128 128 0.72964916
96 96 0.52444800
150 151 0.00062445
150 150 0.60287716
93 93 0.63972348
118 118 0.54507510
63 63 0.57482749
133 133 0.64953035
46 46 0.64416904
47 47 0.71577099
119 119 0.75402242
131 131 0.49273441
151 151 0.60820693
35 33 0.00317821
35 35 0.67907487
102 102 0.46604886
67 67 0.61379549
81 81 0.66706912
51 51 0.45936692
88 88 0.58156361
142 141 0.02265489
142 142 0.57815651
142 143 0.00153152
49 49 0.51359138
21 22 0.00692448
21 18 0.00172400
21 19 0.00055517
21 20 0.00159740
21 21 0.14826453
21 23 0.00072649
136 136 0.98619025
136 135 0.00077459
110 110 0.43845571
99 99 0.84625845
114 114 0.62190856
114 115 0.00180176
23 19 0.00302890
23 20 0.00431261
23 23 0.33049501
23 24 0.04731746
23 22 0.01365432
23 25 0.02387466
117 117 0.65951597
155 155 0.34715560
14 10 0.00237287
14 15 0.02064073
14 12 0.00243657
14 14 0.33799676
14 13 0.03239072
14 11 0.09540818
14 9 0.00967813
14 16 0.00334159
104 104 0.60947930
64 64 0.64410951
111 111 0.50718052
157 157 0.94863955
147 147 0.40012918
147 148 0.00108413
147 146 0.00123836
6 8 0.01714211
6 6 0.77892815
6 7 0.03253318
6 9 0.00213133
6 5 0.00852809
6 4 0.00558934
10 8 0.00390049
10 7 0.10147093
10 6 0.00057594
10 11 0.03129693
10 9 0.01632040
10 12 0.00652710
10 5 0.00239145
10 13 0.00062733
10 10 0.63684001
44 44 0.56204045
48 48 0.51552544
135 135 0.65122926
71 71 0.60609684
105 105 0.64863256
116 116 0.67404375
73 73 0.65226896
77 77 0.67158458
144 145 0.00167170
144 144 0.60792368
144 143 0.01734717
159 159 0.94815035
70 70 0.51028620
160 160 0.93165060
98 98 0.79360464
53 53 0.70155751
149 148 0.00063346
149 150 0.00105748
149 149 0.72972386
55 55 0.78235977
72 72 0.65357289
58 58 0.55026452
19 18 0.01512451
19 16 0.00813153
19 19 0.22491800
19 20 0.11150043
19 21 0.01335210
19 14 0.00055324
19 15 0.00569008
19 17 0.00062923
115 115 0.56079037
115 116 0.00131237
57 57 0.51462861
78 78 0.67390126
