123 123 0.80823997
33 35 0.00656186
33 36 0.00728855
33 37 0.00598658
33 33 0.34474641
107 107 0.79215931
41 42 0.00090640
41 41 0.83512709
94 95 0.00051929
94 94 0.83922053
85 84 0.00088372
85 85 0.77503001
128 128 0.77390857
126 126 0.59445660
127 127 0.46136160
61 61 0.96037379
56 56 0.49375673
11 10 0.00085713
11 14 0.21389562
11 12 0.07566231
11 15 0.00777186
11 13 0.00241434
11 9 0.01963558
11 11 0.35635780
1 1 0.55324143
1 3 0.00250156
1 2 0.04944038
1 4 0.02972985
27 27 0.25362335
27 25 0.00389003
27 28 0.00521846
27 26 0.00083051
27 30 0.00635131
138 137 0.00592165
138 139 0.00106915
138 138 0.93539087
138 140 0.00519228
17 18 0.14841207
17 16 0.01461466
17 17 0.30503584
17 15 0.01497983
17 14 0.00056412
17 21 0.00050570
17 20 0.02385511
17 19 0.06836549
30 32 0.01524597
30 33 0.19977547
30 27 0.00053130
30 28 0.00305867
30 29 0.00105933
30 30 0.39148483
30 31 0.00093650
12 9 0.00071205
12 11 0.00077822
12 16 0.00426274
12 10 0.01781156
12 12 0.30299100
12 15 0.31969930
12 14 0.01688517
12 13 0.01467601
108 108 0.95037298
122 122 0.62507402
83 83 0.72125540
83 82 0.00068276
141 140 0.01165011
141 141 0.70490674
141 142 0.00061697
81 81 0.80944851
67 67 0.83824910
102 102 0.54049380
88 88 0.69177543
88 87 0.00098999
51 51 0.51051279
142 143 0.00069196
142 141 0.01253156
142 142 0.67122384
49 49 0.55487867
21 24 0.42199130
21 22 0.12758541
21 25 0.04560953
21 21 0.02030104
21 23 0.00441990
96 96 0.68865963
150 150 0.57178103
150 149 0.00808458
150 152 0.00079315
150 151 0.00101953
93 93 0.80764601
93 92 0.00059680
93 94 0.00139165
47 47 0.91335097
46 46 0.76807244
63 63 0.56685863
133 133 0.78380013
118 118 0.75626150
151 151 0.72810912
151 152 0.00082776
151 153 0.00068808
151 150 0.00679650
131 131 0.65804294
119 119 0.84456509
35 37 0.20734610
35 39 0.00615960
35 38 0.04538571
35 36 0.00261259
35 35 0.45610191
157 157 0.99832839
111 111 0.66064491
111 110 0.00078071
147 146 0.01176701
147 148 0.00123671
147 147 0.47619601
147 149 0.00056250
6 4 0.02289496
6 10 0.01038164
6 5 0.00102436
6 6 0.61723273
6 7 0.07087917
6 9 0.16333011
6 8 0.02684299
10 8 0.01907024
10 9 0.00089512
10 11 0.06746583
10 13 0.32120591
10 14 0.00199659
10 12 0.06630946
10 10 0.38269802
44 47 0.00723160
44 44 0.58406296
136 138 0.00445377
136 137 0.00080354
136 136 0.95657464
110 110 0.59267716
99 99 0.90966507
114 113 0.00313804
114 114 0.76050731
155 155 0.45898767
23 25 0.00498543
23 24 0.12844653
23 22 0.00292600
23 27 0.05145661
23 26 0.41462558
23 23 0.15538788
23 21 0.00450223
117 117 0.86282233
104 104 0.70702301
14 13 0.00316543
14 17 0.02749720
14 15 0.03494088
14 12 0.01388361
14 14 0.21176706
14 11 0.00100856
14 18 0.00311644
14 16 0.03893342
64 64 0.74715054
160 160 0.98290969
98 98 0.83800531
53 53 0.69391131
55 55 0.74313666
149 151 0.00143315
149 148 0.00980461
149 149 0.71639866
149 150 0.00288937
58 58 0.57660960
72 72 0.70223145
57 57 0.52321860
115 115 0.86181471
115 114 0.00294150
19 22 0.35731319
19 18 0.00424624
19 21 0.00060214
19 20 0.00418486
19 19 0.12576439
19 17 0.00485838
19 23 0.00106384
78 78 0.80682494
135 135 0.76117211
48 48 0.53207327
71 71 0.59913806
73 73 0.70070535
105 105 0.75109891
116 116 0.87248871
116 115 0.00294668
144 144 0.60239262
144 145 0.00162817
144 143 0.01296070
144 147 0.00056580
77 77 0.79436578
70 70 0.66163549
159 159 0.97965144
129 129 0.28512136
137 136 0.00083172
137 137 0.94050190
137 139 0.00512627
137 138 0.00063714
124 124 0.56707306
80 80 0.88958479
145 146 0.00205968
145 145 0.94080722
145 144 0.01292049
145 147 0.00172888
145 148 0.00104882
5 8 0.11066478
5 7 0.01155909
5 6 0.01549787
5 9 0.00789637
5 3 0.00367108
5 5 0.70099266
5 4 0.00065228
100 100 0.78319334
152 152 0.91604263
152 151 0.00562007
89 89 0.81928709
89 88 0.00111470
89 90 0.00137022
66 66 0.73184584
52 52 0.64551867
86 86 0.91607203
86 85 0.00131823
120 120 0.48919032
130 130 0.48515655
153 153 0.70418812
153 152 0.00122089
26 27 0.02894008
26 24 0.00933308
26 25 0.00200711
26 28 0.00076294
26 30 0.00076071
26 26 0.41382481
26 29 0.33950379
132 132 0.74979009
132 131 0.00053347
113 113 0.83623083
113 112 0.00215275
15 13 0.01017575
15 17 0.00292768
15 14 0.00411604
15 15 0.16441407
15 12 0.00116283
15 16 0.04192843
15 18 0.31671885
79 79 0.77690952
20 19 0.00182641
20 20 0.05567310
20 21 0.07139165
20 23 0.00926234
20 22 0.00182979
20 18 0.00205972
97 97 0.78986765
43 45 0.00473600
43 43 0.78036607
43 46 0.01050321
45 45 0.75146580
45 48 0.00062898
45 47 0.00060469
45 46 0.00051379
74 74 0.75997912
42 43 0.00410768
42 42 0.79734976
42 45 0.00881554
16 15 0.01299731
16 14 0.01476498
16 17 0.15060314
16 20 0.03965093
16 19 0.05292965
16 16 0.28417897
16 18 0.04985749
143 143 0.59659190
143 142 0.01262298
143 144 0.00096429
68 68 0.71702115
112 111 0.00086746
112 112 0.67337370
4 5 0.06327277
4 2 0.00334596
4 3 0.00065517
4 4 0.61807007
4 8 0.00269306
4 6 0.00144964
4 7 0.02817688
38 41 0.04476035
38 38 0.61883209
38 40 0.01046276
38 39 0.00439578
38 42 0.00056036
154 154 0.82338814
154 153 0.00051604
95 95 0.84233063
25 25 0.23744045
25 24 0.00140165
25 23 0.00525869
25 26 0.06523198
25 28 0.01073969
158 158 0.99808620
32 34 0.00892608
32 32 0.40417535
32 30 0.00213514
32 31 0.00069373
32 35 0.00059476
75 75 0.79447459
62 62 0.58093317
36 38 0.11230519
36 36 0.50347982
36 35 0.00052425
36 39 0.00302233
36 37 0.01166020
121 121 0.51981294
8 6 0.02152604
8 7 0.00107659
8 11 0.30455063
8 9 0.02006374
8 8 0.48212834
8 10 0.00651854
8 12 0.02268065
148 148 0.41360753
148 149 0.00193315
148 147 0.01101857
22 23 0.00468962
22 26 0.04863508
22 20 0.00470248
22 21 0.00297536
22 25 0.41754257
22 22 0.16971744
22 24 0.00518180
87 86 0.00100885
87 87 0.64998500
3 5 0.00156002
3 3 0.51632705
3 4 0.09464029
3 1 0.00960900
3 6 0.00102763
146 145 0.01381392
146 146 0.85435040
146 148 0.00233162
146 147 0.00301362
146 149 0.00085155
134 134 0.75046114
34 38 0.00130778
34 36 0.29382326
34 37 0.05506898
34 34 0.48989541
65 65 0.70343396
18 19 0.14146458
18 20 0.00381127
18 21 0.00391467
18 17 0.01132432
18 22 0.00578935
18 18 0.28108714
18 16 0.01329650
39 41 0.01289174
39 40 0.00405746
39 39 0.63926933
39 42 0.03362384
125 125 0.55898204
139 138 0.01136402
139 140 0.00084822
139 139 0.76817611
54 54 0.75494616
59 59 0.59593681
29 32 0.01957717
29 27 0.00331767
29 28 0.00116829
29 29 0.38832075
29 30 0.00612293
29 31 0.00150828
101 101 0.77257386
60 60 0.93410027
109 109 0.68919022
28 28 0.15183096
28 31 0.12659751
28 30 0.00184560
28 26 0.00165441
28 29 0.00933777
28 32 0.03307332
90 89 0.00130514
90 91 0.00188752
90 90 0.97912021
9 9 0.42702917
9 11 0.03291424
9 7 0.02115549
9 8 0.00104231
9 10 0.03285915
9 13 0.00190892
9 12 0.32120544
7 11 0.00098065
7 9 0.04643248
7 7 0.54834392
7 6 0.00112889
7 8 0.08421444
7 10 0.24016883
7 5 0.02143762
7 12 0.00050144
13 11 0.02044315
13 16 0.13219299
13 10 0.00073318
13 13 0.30432776
13 17 0.00076900
13 15 0.07922513
13 12 0.00132124
13 14 0.02876075
103 103 0.84292883
31 33 0.15675294
31 32 0.00148286
31 34 0.00701177
31 31 0.32621733
31 30 0.00098415
31 29 0.00281376
140 139 0.01187398
140 140 0.67285948
140 141 0.00063167
91 91 0.97941395
91 92 0.00153316
91 90 0.00096039
156 156 0.69429020
40 40 0.71276091
40 42 0.00609035
40 43 0.01328319
40 41 0.00949031
82 82 0.88114189
24 28 0.00577290
24 26 0.00484156
24 23 0.00315404
24 24 0.34968010
24 22 0.00954869
24 27 0.41786823
24 25 0.09630856
76 76 0.64067588
37 41 0.00390823
37 38 0.01405983
37 40 0.00599474
37 39 0.01466498
37 37 0.58452054
69 69 0.70957612
92 91 0.00086841
92 92 0.82512156
92 93 0.00190275
106 106 0.70228940
2 4 0.00152163
2 3 0.06520506
2 2 0.16037222
2 5 0.01931553
84 84 0.82613266
84 83 0.00065512
50 50 0.50469013
