94 136 93 135 0.18599600
94 136 92 136 0.01720940
94 136 94 134 0.00075597
94 99 93 98 0.00341460
37 75 35 74 0.55966200
37 75 37 72 0.00072894
37 75 36 73 0.07104810
15 141 15 141 0.10278700
15 141 15 140 0.01888250
15 146 15 145 0.00692190
15 146 15 147 0.00287561
15 146 14 148 0.00099401
15 152 16 153 0.00514122
10 150 10 152 0.00068465
10 148 11 148 0.00074343
10 148 9 148 0.00139173
10 147 9 147 0.00512906
10 147 9 148 0.00804617
10 147 11 147 0.00346444
10 147 8 149 0.00263713
10 147 10 149 0.00825352
10 147 10 146 0.00072838
95 139 94 139 0.34534000
95 135 93 135 0.01673260
95 135 94 134 0.21940700
95 100 95 100 0.00333039
4 146 4 146 0.00410056
107 127 107 127 0.99146300
109 125 109 125 0.99150600
5 10 5 10 0.80203100
5 152 5 153 0.00596975
5 152 4 152 0.00096541
5 152 3 154 0.00306781
106 128 106 128 0.98989100
105 129 105 129 0.99124500
83 147 82 147 0.00121137
16 143 17 143 0.07673390
16 143 17 142 0.00053489
16 143 13 143 0.00324808
16 143 16 144 0.00538978
16 143 15 145 0.00222790
16 23 14 20 0.00088613
16 90 16 89 0.02266800
16 145 16 144 0.00838326
16 145 15 145 0.00254617
16 89 15 88 0.00391580
16 151 17 152 0.00088784
16 151 16 153 0.00463731
22 87 21 86 0.02335810
22 85 21 84 0.00369114
22 85 22 83 0.00072719
1 148 1 148 0.04713370
96 134 94 134 0.01501750
96 139 95 138 0.00390287
23 86 24 84 0.00518600
23 86 20 85 0.00662109
23 84 22 83 0.00115540
42 70 40 69 0.91248700
12 146 13 146 0.00539560
12 146 12 148 0.00787569
12 146 12 144 0.00059321
12 146 10 146 0.00800762
12 146 11 147 0.00556661
12 146 11 145 0.00899482
12 146 11 148 0.00217538
24 85 25 83 0.00521474
24 85 21 84 0.00540661
24 85 24 84 0.58489300
18 139 19 138 0.00050217
18 139 18 139 0.00619023
18 139 18 138 0.00245458
18 141 15 141 0.00310467
18 141 17 143 0.00188887
18 141 17 142 0.00061334
18 141 18 142 0.00172255
90 142 88 142 0.00060525
90 142 89 142 0.02534100
90 140 89 139 0.17503700
90 140 89 138 0.00081804
90 140 89 142 0.00346668
90 140 90 138 0.00073564
90 99 89 98 0.00721553
44 69 43 67 0.00629527
44 69 42 67 0.23396300
97 137 96 137 0.61020100
97 138 96 137 0.03165520
46 67 44 65 0.86815600
46 67 44 66 0.12082000
41 71 40 69 0.04344780
41 71 39 70 0.91841000
36 76 35 74 0.06984950
36 76 34 75 0.57128300
36 76 36 73 0.00069025
111 122 111 122 0.01942610
111 123 111 123 0.59298000
43 69 42 67 0.04474680
43 69 41 67 0.18674000
114 122 114 122 0.26745100
114 119 114 118 0.00392913
114 119 114 120 0.00143458
114 119 115 119 0.01218760
53 62 51 60 0.12756800
53 60 50 58 0.00130751
53 60 51 58 0.20247400
53 60 51 57 0.00553503
53 59 51 56 0.00052543
53 59 51 57 0.16258900
48 65 46 63 0.98667700
87 142 86 143 0.00972332
87 142 86 142 0.58846800
21 86 20 85 0.01201410
21 86 21 84 0.00080993
21 86 21 86 0.00119394
104 130 104 130 0.91390200
14 142 12 144 0.00105728
14 142 13 143 0.00401551
14 144 13 143 0.00996156
14 144 13 146 0.00312726
14 144 12 144 0.00911202
14 144 16 144 0.00127663
14 20 14 20 0.65882800
26 81 26 80 0.00089616
26 84 25 83 0.00248075
26 83 27 81 0.00515581
26 83 26 82 0.68922900
26 83 23 82 0.00224130
19 87 20 85 0.00337579
19 148 19 150 0.00071389
102 134 101 133 0.01340180
102 133 101 133 0.37791600
102 133 102 132 0.11049800
34 78 33 76 0.02961310
34 78 33 77 0.14049800
34 78 34 76 0.00088311
34 78 31 77 0.01084270
33 79 29 78 0.00129260
33 79 33 77 0.00249147
33 79 33 76 0.00071235
47 66 45 64 0.97601600
30 81 28 80 0.02084630
30 81 31 79 0.00171127
30 83 26 82 0.00097360
7 148 7 150 0.00893401
7 148 8 149 0.00079410
98 137 97 136 0.00745077
52 61 49 59 0.00354904
52 61 50 58 0.01014370
32 81 31 79 0.00106095
32 81 28 80 0.00126365
25 84 22 83 0.00306997
25 84 26 82 0.00371609
25 84 25 83 0.68979800
39 73 37 72 0.65419500
39 73 39 70 0.00068375
20 87 21 86 0.08176480
20 87 20 85 0.00081346
20 87 20 87 0.00108094
27 82 27 81 0.58346200
27 82 28 80 0.00513908
27 80 27 79 0.00120277
27 83 27 81 0.00058086
27 83 26 82 0.00532565
38 74 36 73 0.91972800
38 74 37 72 0.07122380
3 151 4 152 0.00093430
3 15 3 16 0.04095690
3 12 3 12 0.81990800
8 13 8 14 0.01350730
91 98 90 97 0.01122620
91 139 89 139 0.00728771
91 139 90 139 0.06444130
91 139 90 138 0.14028000
45 69 43 67 0.07820310
9 148 8 149 0.01012640
9 148 7 150 0.00268654
9 148 9 148 0.01514530
110 124 110 124 0.70942000
108 126 108 126 0.99148100
93 137 92 136 0.13112200
93 137 93 135 0.00100940
93 137 91 137 0.01682730
28 80 29 78 0.00262411
28 82 28 80 0.00078335
28 82 27 81 0.00299346
28 81 28 80 0.86522700
17 22 15 19 0.00306390
17 144 16 144 0.00886096
17 144 17 143 0.00872240
17 142 18 142 0.07694110
17 142 17 142 0.02700360
17 142 17 143 0.00451204
17 142 16 144 0.00486222
17 140 15 140 0.00056702
17 140 18 139 0.00168498
17 140 17 139 0.02016340
147 152 148 154 0.00308211
13 145 13 146 0.00108039
13 145 13 143 0.00078161
13 145 11 145 0.00584402
13 145 12 144 0.00994597
13 143 13 142 0.00375729
13 143 13 143 0.45720400
13 143 12 144 0.00445013
13 21 13 21 0.14247400
40 72 40 69 0.00065888
40 72 39 70 0.07056310
89 141 88 143 0.00209633
89 141 88 142 0.00314688
116 122 116 122 0.05849700
86 143 85 144 0.00761680
103 131 103 131 0.42858300
103 132 103 131 0.03250080
103 132 102 132 0.20519400
113 120 113 119 0.00174575
113 120 114 120 0.01157950
31 81 28 80 0.00403708
31 82 27 81 0.00098058
31 80 31 79 0.38120100
11 148 9 148 0.00305371
11 148 12 148 0.00093431
11 148 11 148 0.01226710
35 77 33 76 0.45629000
35 77 34 76 0.03552990
35 77 34 75 0.04514190
35 77 35 74 0.00073714
2 152 3 154 0.00146814
2 13 2 13 0.27829000
2 16 2 17 0.00598331
