2 152 2 157 0.00112319
2 152 2 154 0.02109160
35 77 35 78 0.03697420
35 77 35 79 0.00304233
35 77 37 76 0.01116080
35 77 34 79 0.00288235
35 77 36 77 0.92234700
31 80 32 80 0.50361900
31 80 29 82 0.00125536
31 80 30 81 0.00726575
89 100 91 103 0.00306689
89 93 91 95 0.00329680
40 72 42 71 0.01238760
40 72 39 74 0.00396246
40 72 41 72 0.91361300
88 102 90 104 0.00334830
88 102 89 105 0.00206461
88 94 90 96 0.00150119
116 122 119 125 0.02181080
146 151 148 153 0.04628480
146 151 150 155 0.00660787
103 132 104 135 0.00481418
103 131 105 134 0.21852900
103 131 106 134 0.38866200
147 152 150 155 0.00058759
13 145 13 148 0.81972900
13 143 12 145 0.00208831
13 143 13 144 0.00194262
93 102 95 104 0.00151910
93 102 94 105 0.00066061
93 102 93 105 0.00069498
93 138 93 140 0.00060858
93 137 95 138 0.00060998
93 137 93 140 0.90940100
108 126 111 129 0.99142400
28 81 29 82 0.00242318
28 81 30 81 0.91665300
28 81 28 83 0.04052520
28 82 30 81 0.00647736
28 82 29 82 0.00130518
28 82 27 84 0.00070013
28 82 28 83 0.00543768
17 142 17 144 0.00194023
17 88 16 90 0.00051355
17 140 17 141 0.00091524
17 136 17 140 0.00114100
8 13 8 13 0.10700900
91 139 93 140 0.00070445
91 98 93 100 0.01957210
91 98 92 101 0.00056602
91 100 91 103 0.00107611
91 100 93 103 0.00050814
45 69 45 67 0.00077187
110 124 113 127 0.70264600
9 148 9 151 0.82410200
145 152 147 154 0.01395120
39 73 38 75 0.00397904
39 73 39 73 0.00102065
39 73 39 74 0.05273270
39 73 41 72 0.01259990
20 90 20 90 0.80813700
20 87 21 87 0.00960108
20 87 21 89 0.00122108
20 87 20 88 0.00530959
27 82 29 82 0.55878500
27 82 28 83 0.00297372
27 82 27 84 0.02760620
27 83 26 85 0.00133706
27 83 29 82 0.00147824
27 83 27 84 0.00422151
27 83 28 83 0.00137121
38 74 37 76 0.00555216
38 74 39 74 0.65634200
38 74 38 75 0.05206930
3 151 3 156 0.00138880
3 151 3 153 0.05424610
33 79 32 80 0.00719898
33 79 35 79 0.00076292
33 79 35 78 0.01192890
33 79 34 80 0.00069842
33 79 34 79 0.92174900
102 133 104 135 0.00061334
102 133 104 136 0.07103620
102 134 105 138 0.00080304
102 134 104 137 0.03302800
34 78 34 79 0.02841690
34 78 34 80 0.01283480
34 78 36 77 0.01251520
34 78 35 78 0.61909200
34 78 32 80 0.00186515
47 66 46 66 0.67600700
47 66 47 65 0.19017500
30 81 28 83 0.00096767
30 81 32 80 0.00723542
30 81 29 82 0.00666172
7 148 7 153 0.00077394
7 148 7 150 0.03768580
25 84 26 85 0.00211290
25 84 25 86 0.03306930
25 84 27 84 0.92281100
52 61 51 61 0.66401300
52 61 52 60 0.30822800
32 81 34 80 0.00144097
53 60 53 59 0.16906600
53 60 52 59 0.01077240
53 60 52 60 0.33909100
53 62 51 61 0.00057390
53 59 52 59 0.02341630
53 59 53 58 0.01279470
53 59 53 59 0.01779260
87 103 89 105 0.00275155
87 101 89 103 0.02290180
21 86 20 88 0.00125535
21 86 21 87 0.00504221
21 86 22 86 0.00172935
48 65 48 64 0.22291000
48 65 47 65 0.67587000
104 130 107 133 0.79553800
104 130 106 133 0.19396400
14 140 14 143 0.60920200
14 142 14 143 0.00201274
14 142 13 144 0.00234236
14 144 14 147 0.35978800
19 87 21 87 0.00323366
19 90 19 92 0.00374812
19 90 20 90 0.03227010
26 83 26 85 0.03296210
26 83 28 83 0.66264000
26 83 27 84 0.00298134
26 84 26 85 0.00238614
26 84 25 86 0.00064090
26 84 27 84 0.00097057
41 71 42 71 0.90374700
41 71 41 72 0.03320810
46 67 46 66 0.30410500
46 67 45 67 0.67359000
44 69 45 67 0.00096622
44 69 44 70 0.00816982
44 69 43 69 0.38887200
92 98 92 101 0.00167618
92 98 94 100 0.00304887
92 139 92 141 0.00123935
92 97 94 100 0.00171058
97 132 97 135 0.63647900
97 137 99 139 0.00058464
36 76 35 78 0.00354811
36 76 38 75 0.01184460
36 76 36 77 0.05026320
36 76 37 76 0.61992500
111 122 114 125 0.02330960
111 123 114 126 0.58314700
114 122 117 125 0.09971840
114 119 117 122 0.60339400
54 61 52 60 0.00056761
43 69 42 71 0.00488327
43 69 43 68 0.07764440
43 69 43 69 0.10682700
24 85 26 85 0.93234200
24 85 25 86 0.00283189
24 85 24 87 0.02804410
12 146 12 148 0.00632763
90 140 92 141 0.00051576
90 101 90 104 0.00298699
90 99 92 101 0.01542360
18 135 18 139 0.00050733
100 137 102 139 0.00111638
42 70 42 71 0.05274440
42 70 43 69 0.07328030
42 70 43 68 0.00121284
42 70 41 72 0.00550404
16 137 16 141 0.00117013
16 143 16 145 0.00204528
16 90 16 90 0.01162310
16 138 17 141 0.00082730
16 138 16 141 0.94215400
16 89 15 91 0.00054030
16 151 16 155 0.00057659
96 134 96 137 0.81604200
22 85 22 86 0.00499208
22 87 24 87 0.55065100
22 87 21 89 0.00291984
23 86 25 86 0.66345700
23 86 24 87 0.00266459
5 152 5 154 0.00668583
106 128 109 131 0.98809500
105 129 107 132 0.07509670
105 129 108 132 0.91354800
37 75 38 75 0.92001200
37 75 36 77 0.00338760
37 75 39 74 0.01246530
37 75 37 76 0.05121430
15 152 15 156 0.00205175
15 139 15 142 0.96176500
15 139 14 143 0.00088682
15 141 14 143 0.00245866
15 141 15 142 0.00187365
94 101 95 104 0.00054588
94 101 96 103 0.00771142
94 101 94 103 0.03479770
94 99 96 101 0.00330948
94 136 94 139 0.76392800
94 136 96 137 0.00089308
95 139 97 141 0.00067301
95 100 95 102 0.04735210
95 100 98 103 0.00100545
95 135 97 136 0.00106219
95 135 95 138 0.86093900
10 150 10 153 0.00114499
10 148 10 150 0.01483120
10 147 10 150 0.80913500
109 125 112 128 0.99143000
107 127 110 130 0.97984900
