87 87 0.70464722
87 86 0.00219273
139 140 0.01807749
139 139 0.49807740
139 138 0.00222269
107 107 0.54574814
155 156 0.00837372
155 155 0.54439104
155 154 0.00353949
141 140 0.02485848
141 142 0.01763938
141 141 0.66434090
150 149 0.02877181
150 151 0.03230577
150 150 0.89447601
143 144 0.00643175
143 143 0.59863882
143 142 0.00889165
152 152 0.45484528
152 153 0.00534174
115 115 0.64602634
93 93 0.41418160
109 109 0.58532212
13 13 0.75312928
56 58 0.00383198
56 54 0.00700297
56 56 0.50597590
56 57 0.08568812
56 55 0.06276285
88 87 0.00141176
88 88 0.62361191
72 71 0.03244033
72 72 0.37196779
72 73 0.02695516
72 74 0.00148854
153 152 0.00536355
153 154 0.00499633
153 153 0.57990242
36 36 0.83942988
2 2 0.67917651
156 155 0.00838236
156 156 0.58265227
156 157 0.00792872
151 151 0.29032143
151 150 0.03232637
28 28 0.98601369
122 122 0.66659744
3 3 0.67803396
95 95 0.64317444
11 11 0.58140234
58 58 0.34040613
58 59 0.01159016
58 57 0.07661925
58 56 0.02318707
58 60 0.00071675
42 42 0.78184886
64 63 0.03828306
64 65 0.05167980
64 64 0.19154656
147 146 0.01067326
147 147 0.53338407
147 148 0.02425149
119 119 0.48400124
34 34 0.61791241
102 102 0.95127840
18 18 0.82953980
19 19 0.91479156
106 106 0.67345105
62 60 0.00123154
62 63 0.04497117
62 61 0.04156239
62 62 0.34883675
46 46 0.43032780
49 49 0.90036115
49 50 0.00303347
98 98 0.73218323
12 12 0.76198888
81 83 0.00183541
81 81 0.42915016
81 80 0.02853117
81 82 0.01632532
110 110 0.82343972
30 30 0.68050555
30 31 0.00063430
136 136 0.41321529
60 58 0.00301905
60 60 0.33919114
60 59 0.07750316
60 61 0.05404716
32 32 0.56881646
8 8 0.64474553
116 116 0.65453929
85 85 0.84946975
85 86 0.00205246
85 84 0.00914118
22 22 0.71977326
135 135 0.50600680
78 77 0.00572498
78 78 0.30131095
78 80 0.03463160
78 79 0.01854934
67 65 0.00103158
67 66 0.04271417
67 68 0.04314032
67 69 0.01965379
67 67 0.40856963
33 33 0.70666331
24 24 0.51190463
29 29 0.85082542
134 134 0.89392683
84 84 0.89760873
84 83 0.02930348
84 85 0.00576865
80 82 0.01039241
80 80 0.51240954
80 81 0.03934314
80 78 0.00069866
80 79 0.00979247
108 108 0.63173669
35 35 0.35092321
14 14 0.62540338
27 27 0.82923880
101 101 0.72852753
132 132 0.98401171
9 9 0.68113061
113 113 0.78336588
120 120 0.56606939
15 15 0.75441598
63 64 0.03385352
63 62 0.04573170
63 63 0.23111389
63 61 0.00143967
118 118 0.42153641
128 128 0.40064811
6 6 0.49746773
92 92 0.69158042
38 38 0.80846670
158 157 0.00222635
158 158 0.77083807
158 159 0.00412453
57 58 0.08645665
57 59 0.00443143
57 55 0.01900986
57 57 0.43325649
57 56 0.07310161
40 40 0.86035022
159 160 0.00196691
159 158 0.00413993
159 159 0.74476349
130 130 0.50323398
54 52 0.00085228
54 56 0.00125438
54 55 0.06766728
54 53 0.04929864
54 54 0.66165156
59 58 0.01659042
59 61 0.00530477
59 59 0.54963315
59 60 0.09461331
59 57 0.01766650
21 21 0.56470945
79 80 0.03770824
79 81 0.00053837
79 78 0.00817115
79 79 0.25293959
79 77 0.00051246
70 69 0.06122465
70 70 0.76211133
70 72 0.04002883
70 68 0.00057750
70 71 0.06580872
91 91 0.70918631
77 77 0.22599249
77 76 0.00582164
77 79 0.00383929
77 78 0.00902728
142 143 0.00889134
142 142 0.50180120
142 141 0.01764123
148 147 0.02424396
148 148 0.86652701
148 149 0.03789629
1 1 0.77766688
4 4 0.57621702
117 117 0.64638103
51 50 0.00307739
51 51 0.88640721
51 52 0.01963610
121 121 0.66431917
45 45 0.89829185
48 49 0.00065360
48 48 0.72015989
90 90 0.77782111
90 89 0.00088768
114 114 0.70902861
10 10 0.44655169
160 159 0.00197411
160 160 0.92715925
52 53 0.04338570
52 51 0.01372088
52 52 0.82777941
131 131 0.97798129
137 137 0.48261927
99 99 0.71998367
75 77 0.00158952
75 75 0.28970159
75 76 0.03421672
75 74 0.01593840
16 16 0.67324188
76 75 0.01258449
76 77 0.02782846
76 78 0.00069821
76 76 0.24296128
74 73 0.01729346
74 75 0.02528548
74 76 0.00083113
74 74 0.40705890
68 66 0.00078362
68 68 0.36039483
68 67 0.04680801
68 70 0.01153281
68 69 0.05189573
129 129 0.30070165
73 75 0.01143836
73 73 0.49802808
73 72 0.02638726
73 74 0.02676631
154 154 0.39692678
154 155 0.00353813
154 153 0.00499893
82 83 0.00305156
82 81 0.00373401
82 82 0.36749704
146 147 0.01063314
146 146 0.30537739
146 145 0.00460319
69 71 0.03901169
69 68 0.04674347
69 70 0.07063958
69 67 0.00080923
69 69 0.74471412
41 41 0.74914304
44 44 0.61354361
71 70 0.03818047
71 73 0.00674798
71 72 0.08500556
71 71 0.77250058
138 139 0.00222168
138 138 0.46584521
89 89 0.49806600
89 88 0.00157044
125 125 0.84069663
126 126 0.80017784
133 133 0.88897817
103 103 0.55778243
100 100 0.67248239
104 104 0.77601239
140 141 0.02485065
140 139 0.01807850
140 140 0.49742015
5 5 0.58181544
17 17 0.79143199
25 25 0.56207484
149 150 0.02875072
149 148 0.03792593
149 149 0.86729224
47 47 0.73464658
7 7 0.56953666
145 145 0.48775764
145 146 0.00461334
145 144 0.00290117
65 67 0.00851073
65 66 0.03489277
65 65 0.24685416
65 64 0.03638829
39 39 0.83517363
144 144 0.66187418
144 145 0.00290460
144 143 0.00643197
37 37 0.85569424
83 83 0.63765129
83 82 0.00952506
83 84 0.01281173
20 20 0.70266353
50 49 0.00218114
50 51 0.00416474
50 50 0.87636767
97 97 0.72205787
112 112 0.74021737
94 94 0.48272854
55 54 0.05415852
55 53 0.00307087
55 57 0.00322601
55 55 0.73207991
55 56 0.06951241
111 111 0.76537307
123 123 0.77591724
124 124 0.88609925
96 96 0.57040798
61 60 0.05709715
61 63 0.00167708
61 59 0.02683631
61 61 0.54231479
61 62 0.04957327
157 158 0.00222117
157 157 0.88821456
157 156 0.00794592
127 127 0.52654952
86 85 0.00387206
86 87 0.00104601
86 86 0.72716944
31 30 0.00066272
31 31 0.62827713
66 66 0.28943724
66 65 0.03590645
66 68 0.00156253
66 67 0.07628775
26 26 0.65330808
53 52 0.03341613
53 54 0.06267893
53 53 0.82117030
53 51 0.00051532
53 55 0.00055398
105 105 0.65146812
23 23 0.57645514
43 43 0.61278383
