41 41 0.97171700
138 138 0.99419800
138 139 0.00109819
3 4 0.00154904
3 3 0.88262500
136 136 0.64344800
137 138 0.00059505
137 137 0.53392600
149 149 0.48248400
20 20 0.96094400
82 81 0.10167800
82 80 0.01811470
82 82 0.83478800
33 33 0.97525600
35 35 0.04947370
97 97 0.85767100
46 46 0.47746500
22 22 0.97148100
151 151 0.48388000
34 34 0.53503000
8 8 0.94469300
100 99 0.00114185
100 100 0.98587900
100 98 0.00108840
72 72 0.04907620
52 52 0.39740200
51 51 0.47821400
9 9 0.94490500
121 121 0.40776100
102 102 0.59016100
88 86 0.00116986
88 88 0.85692600
88 87 0.00494275
122 122 0.29826600
38 38 0.39690500
140 140 0.34873400
119 119 0.99483000
49 49 0.36137100
101 100 0.00080114
101 101 0.27075100
101 99 0.00073128
50 50 0.99621600
81 79 0.01865470
81 81 0.84573500
81 80 0.06085080
135 135 0.45155000
10 10 0.94494600
42 42 0.78507900
153 153 0.93945800
134 134 0.35619300
5 5 0.94725700
5 7 0.00057742
114 114 0.76540000
103 103 0.48385300
73 71 0.00504087
73 73 0.52848500
13 14 0.00300091
13 13 0.94411300
13 15 0.00212877
7 7 0.94467000
84 83 0.01981970
84 82 0.00417904
84 84 0.82353700
53 53 0.99926100
87 85 0.00349477
87 86 0.08602900
87 87 0.85075600
145 145 0.99658400
113 113 0.64753000
132 132 0.39632500
19 21 0.00056872
19 19 0.95938400
19 20 0.00052115
48 48 0.46653300
21 21 0.41815500
112 112 0.41011000
94 94 0.32549200
14 15 0.00793983
14 14 0.94435300
14 16 0.00741727
108 108 0.99651000
39 39 0.68472700
4 5 0.00138136
4 4 0.82208600
91 91 0.32574400
126 126 0.99998200
16 17 0.00097599
16 16 0.24419100
28 28 0.33246400
99 97 0.00114138
99 99 0.16996000
117 117 0.99386800
133 133 0.39612300
63 63 0.97597900
45 45 0.96403100
26 26 0.32586100
68 68 0.96592100
86 84 0.02399770
86 85 0.08652130
86 86 0.83107400
131 131 0.01113150
83 81 0.01756220
83 82 0.11326000
83 83 0.82356700
106 106 0.53582500
144 144 0.70460900
27 27 0.32784100
56 56 0.39739600
58 58 0.99624500
1 1 0.98312200
139 139 0.99531600
143 143 0.38230100
107 107 0.99682300
47 47 0.36133400
110 110 0.72228200
29 29 0.99312700
95 95 0.97207800
40 40 0.61485800
75 74 0.00167257
75 75 0.90837200
75 73 0.00073645
152 152 0.51066500
69 67 0.00084754
69 69 0.47780000
12 12 0.94421700
12 14 0.00165514
127 127 0.99997700
111 111 0.42863800
36 36 0.41274400
36 37 0.00089831
105 105 0.48265500
57 57 0.47821700
59 59 0.36137900
118 118 0.74402200
32 32 0.96278200
109 109 0.99665400
31 31 0.94010100
154 154 0.99998900
66 66 0.61141100
148 148 0.53566700
115 115 0.56024400
6 6 0.04301040
129 129 0.99997800
17 19 0.01208030
17 17 0.80903900
80 78 0.01856600
80 80 0.88605700
80 79 0.04968110
93 93 0.43151700
62 62 0.42318700
24 24 0.43151100
92 92 0.32491600
18 18 0.12292700
18 19 0.00090046
18 20 0.00489689
77 75 0.00426372
77 77 0.84171600
77 76 0.00060360
55 55 0.99925400
89 89 0.32532500
89 88 0.00720597
65 65 0.64735500
150 150 0.48227100
142 142 0.34269600
25 25 0.32492000
30 30 0.86249700
79 79 0.89696900
79 77 0.01706900
79 78 0.02587710
96 96 0.54652900
67 67 0.31376000
104 104 0.48239700
125 125 0.01113190
120 120 0.28322600
70 70 0.96571600
70 68 0.01051990
116 116 0.93504200
11 11 0.94462400
76 75 0.00273700
76 74 0.00584909
76 76 0.89173200
54 54 0.99919600
130 130 0.99997900
141 141 0.42487200
78 77 0.00205302
78 78 0.92095200
78 76 0.01688160
128 128 0.99997800
124 124 0.39632500
71 71 0.63295200
71 69 0.01210890
43 43 0.78296600
37 37 0.72142700
23 23 0.32540100
2 2 0.97052300
74 72 0.01276770
74 74 0.95081500
74 73 0.00077318
61 61 0.36135400
85 84 0.06760310
85 83 0.00348033
85 85 0.83012800
90 90 0.32737900
44 44 0.42118600
123 123 0.39612200
15 17 0.02361980
15 16 0.00819921
15 15 0.05921790
98 98 0.91558500
98 99 0.00053588
60 60 0.46653700
146 146 0.99648000
64 64 0.27543500
147 147 0.99657700
