127 127 0.82624100
35 35 0.99958500
94 94 0.71364100
154 154 0.28981800
95 95 0.99986300
38 38 0.99966900
13 13 0.29991300
81 81 0.71368400
50 50 0.39623300
22 22 0.29447600
136 136 0.98044500
156 156 0.38965400
125 125 0.27870800
153 153 0.39468300
126 126 0.37219000
76 76 0.62712900
1 1 0.99985800
144 144 0.79449100
18 18 0.32031800
93 93 0.71350000
104 104 0.03580340
66 66 0.61138100
123 123 0.50994200
116 116 0.70404000
97 97 0.76020700
146 146 0.72519700
4 4 0.98662900
64 64 0.69838900
105 105 0.70403100
31 31 0.29317600
24 24 0.51643000
148 148 0.99230900
73 73 0.99993800
141 141 0.92310400
42 42 0.39651500
39 39 0.99989700
132 132 0.60695900
140 140 0.60950600
147 147 0.53101500
98 98 0.99990000
58 58 0.85059200
111 111 0.75035800
33 33 0.99981900
99 99 0.80627300
87 86 0.00073153
87 87 0.99904200
34 34 0.99970700
91 91 0.99941200
20 20 0.39579600
30 30 0.39651500
65 65 0.99981300
44 44 0.53519000
110 110 0.62469600
82 82 0.71371000
102 102 0.47242800
8 8 0.28981800
12 12 0.29730200
128 128 0.86354600
103 103 0.70405000
62 62 0.71044600
115 115 0.68908600
150 150 0.30064000
43 43 0.39651100
118 118 0.26074100
143 143 0.96439400
109 109 0.58166700
67 67 0.70403100
28 28 0.88595100
113 113 0.94028600
112 112 0.79861900
121 121 0.69036900
120 120 0.77522800
77 77 0.37910100
52 52 0.29693900
85 85 0.99971900
47 47 0.03338530
21 21 0.39623000
23 23 0.08267720
46 46 0.56573400
27 27 0.75777600
10 10 0.99974800
100 100 0.37911200
92 92 0.99940100
56 56 0.45775500
71 71 0.99979600
63 63 0.18790200
15 14 0.00180698
15 15 0.99694900
14 14 0.99712500
16 15 0.00121997
16 16 0.36865000
25 25 0.91203700
135 135 0.21392800
80 80 0.99997900
101 101 0.62714200
138 138 0.85636000
157 157 0.07303470
79 79 0.76133600
106 106 0.61142100
149 149 0.99244000
75 75 0.78484100
134 134 0.47480400
17 17 0.98243500
108 108 0.69844000
53 53 0.32042200
45 45 0.88595200
74 74 0.99989000
89 89 0.99912900
54 54 0.82955900
2 2 0.99983600
90 90 0.99941500
151 151 0.29733700
40 40 0.12277200
3 3 0.99996000
72 72 0.99988100
88 88 0.99879200
88 87 0.00077410
19 19 0.29693600
133 133 0.67227400
37 37 0.99974900
48 48 0.99990100
7 7 0.39283900
142 142 0.93913700
51 51 0.39579800
61 61 0.67026700
155 155 0.39284100
145 145 0.67661400
55 55 0.83961900
84 84 0.99974900
114 114 0.88167800
5 5 0.07302150
83 83 0.99970300
11 11 0.40121700
60 60 0.63499900
26 26 0.86524900
57 57 0.68856100
78 78 0.56656800
139 139 0.72942900
69 69 0.70404200
119 119 0.22231900
49 49 0.29447900
32 32 0.12274300
29 29 0.39651000
9 9 0.39468500
130 130 0.98404000
131 131 0.59752100
129 129 0.98405400
86 86 0.99908600
117 117 0.72560000
68 68 0.03580320
36 36 0.99970200
152 152 0.40121700
107 107 0.99994500
6 6 0.38964900
59 59 0.79620500
70 70 0.68747100
124 124 0.77526300
41 41 0.29318200
137 137 0.87373500
96 96 0.76128200
122 122 0.37588500
