125 125 0.54830400
76 76 0.34310500
126 126 0.23569600
153 153 0.40598100
95 95 0.80872400
38 38 0.02589340
154 154 0.29317100
35 35 0.99900700
127 127 0.98215200
94 94 0.99352700
156 156 0.39651700
136 135 0.00080044
136 136 0.99550600
22 22 0.29643800
50 50 0.12464700
81 81 0.89162200
13 13 0.98614800
146 147 0.00114055
146 148 0.00072595
146 146 0.99254300
97 97 0.56354200
116 116 0.42812300
123 123 0.47259900
141 141 0.99403700
148 150 0.00120536
148 148 0.98664600
148 149 0.00624471
73 73 0.97410500
24 24 0.45387500
31 31 0.55908100
64 64 0.70954900
105 105 0.96737400
4 4 0.95926100
18 18 0.31868900
144 144 0.93667800
1 1 0.99991400
66 66 0.89402900
104 104 0.70765500
93 93 0.99321900
111 111 0.53909100
58 58 0.75111200
98 97 0.00051221
98 98 0.99357500
65 65 0.69741000
30 30 0.66895700
20 20 0.39790100
91 91 0.99284600
34 34 0.99900200
87 87 0.99284900
99 99 0.37203000
33 33 0.99902000
132 132 0.51719700
39 39 0.55904300
42 42 0.99856200
147 148 0.00589587
147 147 0.98750400
147 149 0.00106530
140 140 0.85874000
120 120 0.99289400
121 121 0.97094800
112 112 0.62598300
28 28 0.99938600
113 113 0.66177800
67 67 0.61987000
109 109 0.76056600
118 118 0.48439400
143 143 0.93023500
85 85 0.99332800
52 52 0.29820100
77 77 0.44707900
103 103 0.91744800
62 62 0.53097600
12 12 0.95437700
8 8 0.29319700
128 128 0.96699500
102 102 0.29736300
82 82 0.68368000
110 110 0.73192500
44 44 0.99866300
44 42 0.00053093
43 43 0.99868800
115 115 0.42057400
150 150 0.98713100
150 149 0.00056277
150 151 0.00538155
135 135 0.12668500
25 25 0.99969900
16 16 0.59996200
14 14 0.84239600
15 15 0.77700200
63 63 0.12565600
134 134 0.47030600
149 150 0.00582652
149 151 0.00111790
149 149 0.98662000
149 148 0.00056662
75 75 0.34539200
106 106 0.43278800
79 79 0.99557000
157 157 0.29878100
138 138 0.99480600
101 101 0.31516200
80 80 0.66901900
23 23 0.05248180
21 21 0.12164500
47 47 0.02513030
92 92 0.99279000
71 71 0.43518700
56 56 0.91961700
100 100 0.44688600
10 10 0.99797000
27 27 0.99938100
46 46 0.48129700
3 3 0.99990500
19 19 0.29820100
133 133 0.41227700
88 88 0.99285600
72 72 0.97396300
53 53 0.31602900
45 45 0.99966200
108 108 0.81768800
17 17 0.99438900
40 40 0.66882300
151 151 0.98824500
151 150 0.00060358
2 2 0.99982000
90 90 0.99289500
54 54 0.98132300
89 89 0.99284300
74 74 0.97407300
83 83 0.99430200
5 5 0.33947700
114 114 0.84196400
60 60 0.58790300
26 26 0.99957900
11 11 0.06703040
7 7 0.39651700
48 48 0.99690600
37 37 0.99894600
84 83 0.00105605
84 84 0.99336400
55 55 0.61754000
145 145 0.96562500
145 147 0.00056490
155 155 0.39651700
61 61 0.56061700
51 51 0.39790100
142 142 0.90539400
107 107 0.66272600
36 36 0.99899500
152 152 0.07906720
68 68 0.82768800
117 117 0.53131400
96 95 0.00089280
96 96 0.86753400
122 122 0.12277000
137 136 0.00126341
137 137 0.99470900
70 70 0.67599800
41 41 0.99857300
124 124 0.42749000
6 6 0.39651500
59 59 0.63385300
119 119 0.61238500
32 32 0.02589300
69 69 0.65251800
49 49 0.29643600
139 139 0.82096100
78 78 0.37232900
57 57 0.75559600
86 86 0.99285600
131 131 0.20986400
129 129 0.96723100
130 130 0.96744200
9 9 0.40634200
29 29 0.99902400
