112 112 0.99964300
59 59 0.99505100
59 60 0.00460153
113 113 0.40458300
69 69 0.99926400
69 68 0.00055810
93 93 0.40265800
93 92 0.00584470
24 24 0.99975100
78 78 0.99948300
30 30 0.99923700
76 76 0.99987700
8 8 0.99998500
74 74 0.67553200
96 96 0.40378200
96 95 0.00177561
148 149 0.08825420
148 147 0.47003300
148 150 0.00092845
148 148 0.43175600
29 29 0.99941100
13 13 0.99989500
7 7 0.99998600
103 103 0.30848700
36 36 0.99995700
34 34 0.99986800
10 10 0.99997400
72 72 0.67553300
18 18 0.99971900
40 40 0.99912700
42 42 0.99762500
42 43 0.00141516
110 110 0.99964400
19 19 0.99957500
99 99 0.99977100
147 148 0.09281150
147 146 0.44574500
147 149 0.00056091
147 147 0.43548500
106 106 0.29859600
6 6 0.99998100
125 125 0.40556200
127 127 0.99976300
126 126 0.02322330
55 55 0.26893800
149 149 0.43659100
149 151 0.00088098
149 150 0.08497480
149 148 0.47303500
66 66 0.99860400
66 65 0.00119997
12 12 0.99994100
2 2 0.99975600
61 61 0.99580800
136 136 0.97866900
136 137 0.00633153
136 135 0.01297680
119 119 0.96412300
1 1 0.99992300
56 56 0.04839460
54 54 0.67551500
35 35 0.99995900
123 123 0.40619700
9 9 0.99997500
98 98 0.40608200
85 83 0.00112160
85 84 0.00898812
85 85 0.72925300
85 86 0.00316646
140 141 0.02782630
140 140 0.93416800
140 139 0.03611260
143 144 0.05627940
143 142 0.06410280
143 143 0.85722100
11 11 0.99997800
33 33 0.99924800
153 153 0.57479200
153 152 0.35001300
153 154 0.04796270
153 155 0.00107967
94 93 0.08741230
94 94 0.75670800
17 17 0.99972100
134 135 0.00245001
134 134 0.99529700
70 70 0.04838260
28 28 0.99949100
130 130 0.99984000
79 79 0.99900700
71 71 0.26897300
47 47 0.99690700
47 46 0.00157352
47 45 0.00056375
86 85 0.00610287
86 86 0.72940300
95 95 0.01971290
95 94 0.00349335
39 39 0.99969300
142 141 0.04195790
142 143 0.04340160
142 142 0.89216700
137 136 0.01460340
137 138 0.01739890
137 137 0.95638900
135 134 0.00207635
135 136 0.00437732
135 135 0.98228900
122 122 0.99989900
100 100 0.09617230
160 160 0.99185900
160 159 0.00799888
120 120 0.94162000
27 27 0.99943300
75 75 0.69140100
83 83 0.75395200
83 82 0.08338930
83 81 0.00557749
83 84 0.01090460
20 20 0.99961600
32 32 0.99876800
68 68 0.99881500
68 67 0.00092781
21 21 0.99980700
45 44 0.00098622
45 46 0.00162478
45 45 0.99543100
88 88 0.73042400
88 87 0.21934300
107 107 0.34209100
116 116 0.30182300
44 44 0.99586300
44 43 0.00053149
44 45 0.00244888
50 50 0.99967400
48 46 0.00050674
48 48 0.99753600
48 47 0.00160455
158 159 0.00078752
158 158 0.93609900
158 157 0.06214020
92 92 0.73981400
92 91 0.00555926
131 131 0.99972800
152 151 0.38395300
152 154 0.00102955
152 152 0.53708000
152 153 0.07350850
90 91 0.00052123
90 90 0.66618600
90 89 0.21918700
65 65 0.99575300
150 151 0.08141760
150 149 0.46429300
150 150 0.44901300
150 152 0.00091576
51 51 0.69134900
31 31 0.99869000
31 32 0.00070219
81 81 0.98085400
81 80 0.00147739
81 82 0.00086485
81 79 0.00053322
111 111 0.99964500
91 90 0.00519680
91 91 0.73961600
58 59 0.00382664
58 58 0.99604600
108 108 0.40436500
129 129 0.67409400
102 102 0.99952900
128 128 0.86154400
57 57 0.99948600
105 105 0.30138500
41 42 0.00083412
41 41 0.99835100
26 26 0.99948100
63 63 0.99647500
157 158 0.00142868
157 156 0.08701350
157 157 0.90581200
121 121 0.15492100
115 115 0.29895000
4 4 0.99973600
104 104 0.99941100
89 89 0.73057800
89 88 0.21927200
156 156 0.87334000
156 155 0.11535800
156 157 0.00584298
38 38 0.99992000
15 15 0.99988500
53 53 0.67552000
138 137 0.02566280
138 138 0.94108300
138 139 0.02266480
3 3 0.99976300
77 77 0.99949500
49 49 0.99780400
49 48 0.00149203
132 132 0.99962500
64 64 0.99642300
144 144 0.82225900
144 145 0.06904980
144 143 0.08614340
43 43 0.99739100
43 44 0.00153572
87 86 0.00538028
87 87 0.73028800
101 101 0.99953300
67 67 0.99849100
67 66 0.00123755
23 23 0.99994000
62 62 0.99614900
139 140 0.02724990
139 138 0.03556830
139 139 0.93529800
73 73 0.67553100
146 146 0.46166900
146 145 0.27641500
146 147 0.09166810
16 16 0.99971800
22 22 0.99994700
114 114 0.34238200
97 97 0.29868300
159 158 0.03711530
159 159 0.96179400
145 145 0.64087100
145 144 0.10817300
145 146 0.08074230
37 37 0.99993600
141 140 0.03731500
141 142 0.03049460
141 141 0.92709000
46 44 0.00051577
46 47 0.00073564
46 45 0.00130689
46 46 0.99599900
80 80 0.99531700
151 151 0.52397000
151 150 0.39319900
151 153 0.00106965
151 152 0.07740490
124 124 0.29883700
5 5 0.99995800
25 25 0.99972500
154 153 0.32188100
154 154 0.62862400
154 156 0.00111350
154 155 0.03547210
118 118 0.34473600
52 52 0.67551200
82 82 0.88911400
82 80 0.00307828
82 83 0.00576203
82 81 0.01253840
109 109 0.99964200
14 14 0.99990600
60 61 0.00069873
60 60 0.99454500
117 117 0.99992500
133 133 0.99908200
84 85 0.00257073
84 84 0.73102900
84 82 0.00066226
84 83 0.13360600
155 157 0.00103502
155 155 0.74426100
155 156 0.00993337
155 154 0.21850700
