100 145 100 145 0.34672400
107 138 107 138 0.68854000
117 127 117 126 0.01893580
117 127 116 127 0.10095300
117 126 117 126 0.16986600
38 44 38 44 0.54368500
59 82 59 81 0.00095458
59 82 59 82 0.52273300
59 83 59 83 0.13595900
59 81 59 81 0.16313300
49 94 49 94 0.08574800
62 79 62 79 0.28439000
62 78 62 78 0.58882700
53 89 53 89 0.60507300
33 49 33 49 0.00443561
33 45 33 45 0.02609210
48 94 48 94 0.76419300
34 48 34 48 0.00710971
34 45 34 45 0.02171880
34 44 34 44 0.01546920
51 91 51 91 0.60347700
56 86 56 86 0.62506800
56 85 56 85 0.07061480
56 84 56 84 0.04112590
109 136 109 136 0.58416800
52 90 52 90 0.60507200
98 149 98 149 0.20351600
98 150 98 150 0.06202180
149 154 149 154 0.04592910
11 18 11 18 0.07078970
11 32 11 32 0.25759400
118 126 118 125 0.01828460
118 126 117 126 0.10229100
118 127 117 126 0.00054288
106 139 106 139 0.68134700
45 98 45 98 0.28802500
58 83 58 82 0.00117893
4 149 3 149 0.00242433
4 10 3 10 0.00126714
4 10 3 9 0.00106186
4 158 3 158 0.00163322
63 77 63 77 0.46467500
63 78 63 78 0.11760000
2 147 3 147 0.00417479
2 158 3 158 0.00636379
2 150 3 150 0.00790615
2 150 2 150 0.37326800
35 44 35 44 0.06724610
101 144 101 144 0.95461400
18 25 18 25 0.27557700
27 33 27 33 0.06227010
115 131 115 130 0.01574780
115 131 114 131 0.13267600
115 129 115 129 0.16943100
115 129 115 128 0.00914701
1 151 1 151 0.18943600
1 151 2 151 0.00613087
1 148 2 148 0.00244756
1 159 2 159 0.00600320
46 96 46 96 0.50569100
50 92 50 92 0.65962300
55 87 55 87 0.60506100
19 27 19 27 0.04230550
19 24 19 24 0.21123300
108 137 108 137 0.68996700
10 33 10 33 0.21323200
10 19 10 19 0.02917810
9 34 9 34 0.21980900
9 20 9 20 0.02696860
119 125 118 125 0.16621600
119 126 118 125 0.00172087
116 127 116 127 0.16936400
116 130 115 129 0.00061822
116 130 115 130 0.16062800
61 79 61 79 0.37801000
44 98 44 98 0.07912730
12 31 12 31 0.22397300
110 135 110 135 0.58412900
65 76 65 76 0.60347600
28 32 28 32 0.12735500
7 35 8 35 0.02631270
7 35 7 35 0.56484900
37 44 37 44 0.03304420
37 45 37 45 0.15927100
54 88 54 88 0.70957200
32 50 32 50 0.00168450
114 132 113 132 0.07873420
114 132 114 131 0.02757950
114 132 114 132 0.68502400
111 134 111 134 0.68768600
113 133 113 133 0.84090900
113 133 113 132 0.01930170
113 131 113 131 0.03320320
66 75 66 75 0.60347300
16 27 16 27 0.12382700
3 11 3 10 0.00106070
3 11 2 10 0.00248747
67 74 67 74 0.70535200
104 141 104 141 0.36817900
