76 83 75 82 0.00118415
76 83 76 83 0.03885534
59 85 59 85 0.03395667
54 91 54 91 0.07998696
110 116 110 116 0.00425118
110 115 110 115 0.01160455
70 82 68 82 0.00143086
131 137 131 137 0.00732385
49 136 49 136 0.14495127
146 152 146 152 0.03000292
11 28 11 28 0.05896426
18 28 18 28 0.00838707
18 22 18 22 0.01494410
58 86 58 86 0.09448088
17 23 17 23 0.02291848
17 29 17 29 0.00321350
17 32 17 32 0.00268392
92 125 92 125 0.02396282
94 124 94 124 0.34663474
145 153 145 153 0.02156666
108 118 108 118 0.00314262
108 113 108 113 0.06316385
108 117 108 117 0.00336470
108 112 108 112 0.05755427
105 116 105 116 0.00301134
105 115 105 115 0.23555210
104 122 104 122 0.00124272
104 116 104 116 0.19724437
104 117 104 117 0.00323598
95 123 95 123 0.17401517
95 103 95 103 0.00229578
102 119 102 119 0.01803507
107 119 107 119 0.00367616
107 114 107 114 0.02734632
19 27 19 27 0.00997197
138 145 138 145 0.01846753
71 78 71 78 0.06407461
71 79 71 79 0.07547742
100 119 99 119 0.00067395
24 35 24 35 0.09049183
103 117 103 117 0.19920786
137 147 137 147 0.00811411
137 145 137 145 0.03184477
134 148 134 148 0.02260357
77 82 76 81 0.00099823
77 82 77 82 0.01499413
86 92 86 92 0.00458049
97 101 97 101 0.02209120
97 121 97 121 0.19255749
57 87 57 87 0.03408000
53 92 53 92 0.05305426
74 78 72 77 0.00168670
74 78 72 78 0.00060329
52 93 52 93 0.02805889
52 132 52 132 0.06327957
90 127 90 127 0.04247795
56 89 56 89 0.10215028
106 114 106 114 0.22838584
106 120 106 120 0.00217137
101 118 101 118 0.08746290
101 118 100 118 0.00051473
69 83 67 82 0.00135902
12 27 12 27 0.04611881
109 117 109 117 0.00286504
109 116 109 116 0.00609716
67 84 67 84 0.02364307
93 125 93 125 0.11395433
98 121 97 121 0.00068255
48 137 48 137 0.04935353
72 77 72 77 0.09918100
72 80 70 79 0.00330425
72 80 70 80 0.00109903
72 78 72 77 0.00050100
72 78 72 78 0.01737795
96 122 96 122 0.22670892
96 102 96 102 0.01194085
135 147 135 147 0.02386182
136 146 136 146 0.02434994
87 91 87 91 0.00910986
99 120 98 120 0.00065892
55 90 55 90 0.25655123
55 129 55 129 0.03042412
75 84 75 84 0.01431346
26 33 26 33 0.06891272
25 34 25 34 0.29812656
132 136 132 136 0.00917816
132 150 132 150 0.00998910
66 85 66 85 0.02382350
51 133 51 133 0.08397038
47 138 47 138 0.04729179
50 134 50 134 0.08414238
91 126 91 126 0.05500808
