11 109 11 109 0.27869165
48 56 48 55 0.00153268
41 51 41 51 0.03903715
41 75 41 75 0.07015461
9 111 16 117 0.00055275
9 111 6 115 0.00082107
9 111 10 117 0.00248589
9 111 7 115 0.00084076
9 111 9 111 0.34300001
9 111 9 118 0.00057080
9 111 11 116 0.00129949
8 112 5 116 0.00063660
8 112 10 117 0.00145917
8 112 9 118 0.00191664
122 132 122 132 0.11962980
122 136 122 136 0.11140742
7 115 7 115 0.04754475
7 112 7 112 0.08472603
5 116 5 116 0.31358431
61 74 61 76 0.06088164
61 74 62 74 0.01132384
61 74 63 74 0.08560202
61 74 63 76 0.00734161
21 94 21 94 0.00150109
21 95 21 95 0.00234909
21 93 21 93 0.00102861
21 96 21 95 0.00065135
21 100 21 100 0.30884390
21 100 21 99 0.00181178
21 101 21 100 0.00778227
21 99 21 99 0.00378352
115 121 115 121 0.00172550
115 136 115 136 0.00081072
58 77 60 79 0.00176022
58 77 60 77 0.05903433
58 77 58 78 0.00452492
58 77 58 79 0.06455615
58 77 59 77 0.00501987
58 77 59 78 0.04988429
119 139 119 139 0.06522973
119 138 119 138 0.02087698
119 134 119 134 0.03194755
4 115 4 115 0.00593694
19 99 19 99 0.00330647
19 102 19 102 0.07230724
19 103 19 103 0.01118486
19 103 19 102 0.00066516
19 95 19 95 0.00068343
19 100 19 99 0.00356857
20 101 20 100 0.00362769
20 100 20 100 0.02838296
20 95 20 95 0.00102776
20 102 20 102 0.02210980
20 94 20 94 0.00069162
20 99 20 98 0.00277633
114 122 114 122 0.00089665
114 138 114 138 0.00235873
24 97 24 97 0.08803481
24 98 23 98 0.00109193
24 98 24 97 0.01570604
2 130 2 130 0.00170313
2 136 1 136 0.00105712
2 113 2 113 0.00822370
2 120 2 120 0.02260287
2 135 2 135 0.01413129
118 138 118 138 0.02857906
118 139 118 139 0.02660051
10 110 10 110 0.48615780
10 110 8 114 0.00080649
10 110 11 116 0.00107221
16 102 16 102 0.07149503
37 82 37 85 0.01315063
80 89 81 89 0.00110964
106 119 105 118 0.00855327
1 136 1 136 0.00731436
1 118 1 118 0.04092887
1 114 1 114 0.00267084
1 137 1 136 0.00084349
121 133 121 133 0.05582905
121 138 121 138 0.01830471
33 85 33 86 0.00139701
33 85 33 83 0.00141517
33 85 33 88 0.00068071
33 86 33 86 0.37709766
33 86 33 88 0.00075862
64 72 64 72 0.05781872
64 72 64 73 0.00407720
63 72 64 72 0.00435316
63 72 64 73 0.06631711
63 72 63 74 0.03574041
63 72 65 74 0.01138993
63 73 64 73 0.00187233
63 73 63 74 0.00270541
62 73 62 74 0.00901713
62 73 63 74 0.08675100
62 73 64 73 0.04794692
62 73 64 75 0.00623641
49 55 49 54 0.00162003
43 51 43 51 0.14236745
43 73 43 73 0.01446416
54 81 56 81 0.00094048
57 78 57 80 0.04486630
57 78 58 79 0.06771754
57 78 58 78 0.01159111
57 78 59 78 0.03150803
57 78 59 80 0.00077450
23 99 23 98 0.01306404
23 92 23 92 0.01169469
23 94 23 94 0.02471692
23 95 23 95 0.03344574
23 96 23 95 0.00108552
59 76 59 78 0.04478062
59 76 59 77 0.00132023
59 76 61 76 0.06216833
59 76 61 78 0.00267862
59 76 60 76 0.00309919
59 76 60 77 0.05315957
56 79 58 79 0.05617102
56 79 57 80 0.06447454
56 79 56 81 0.03468988
27 91 26 91 0.00053747
36 83 36 83 0.17806311
36 83 36 86 0.00543282
60 75 62 77 0.00648102
60 75 61 76 0.08072433
60 75 60 77 0.06463048
60 75 60 76 0.00289691
94 107 93 106 0.00052609
94 107 94 105 0.01495057
94 107 94 106 0.00108580
44 50 44 50 0.22108620
44 72 44 72 0.00800145
120 139 120 139 0.00924114
120 133 120 133 0.02546471
120 138 120 138 0.06103265
120 134 120 134 0.09411172
39 53 39 53 0.00762820
39 80 39 80 0.22015715
39 80 39 83 0.00706996
39 55 39 56 0.00298027
13 106 13 106 0.02842475
30 89 30 90 0.00478461
42 52 42 52 0.10954841
42 74 42 74 0.05930270
3 129 3 129 0.00067601
22 99 22 98 0.00174697
22 99 22 99 0.19499677
22 92 22 92 0.00340526
22 94 22 94 0.00693176
22 96 22 95 0.00060793
22 95 22 95 0.01422725
22 93 22 93 0.00549647
22 100 22 99 0.00960895
124 135 124 135 0.01567854
124 130 124 130 0.05269780
18 101 18 100 0.00159248
18 103 18 103 0.06599187
51 62 51 64 0.00059598
51 62 52 63 0.14760896
126 132 126 132 0.06438558
126 135 123 135 0.00070388
12 108 12 108 0.33002607
123 130 123 130 0.04665930
123 135 123 135 0.07311541
66 71 67 71 0.00558143
66 71 66 71 0.07726472
40 80 40 82 0.00346896
40 53 40 54 0.00139409
40 54 40 55 0.00450514
40 54 40 54 0.02106609
40 55 40 55 0.01627886
40 45 40 45 0.00632866
40 52 40 52 0.01325367
26 96 26 95 0.02076957
26 96 25 96 0.00094458
26 93 26 93 0.02616165
26 93 26 92 0.00067203
26 95 26 95 0.07027731
26 95 26 94 0.00080516
26 94 26 94 0.02793809
26 92 26 91 0.00056717
26 92 26 92 0.02502744
25 97 24 97 0.00092910
25 97 25 96 0.01754851
6 115 6 115 0.06995449
6 112 6 112 0.01755272
6 131 1 131 0.00119329
34 84 34 86 0.00069513
34 84 34 82 0.00136448
108 117 106 117 0.00076825
108 117 107 116 0.00775635
32 87 32 87 0.29516078
52 61 52 63 0.00065359
52 61 53 62 0.15661197
84 90 84 89 0.00051544
31 88 31 88 0.21676426
31 88 31 89 0.00611266
17 101 17 101 0.23727299
50 63 51 64 0.04947465
117 139 117 139 0.03878710
117 134 117 134 0.00366359
65 70 66 71 0.07010173
65 70 65 71 0.01314665
65 70 67 71 0.00079693
65 72 65 71 0.00414673
65 72 65 74 0.00333437
65 69 67 71 0.01049208
65 69 65 71 0.00677857
93 108 93 106 0.01655778
113 139 113 139 0.00229785
38 81 38 84 0.00686214
38 81 38 81 0.17823213
112 140 112 140 0.00249503
15 105 15 105 0.37905105
15 106 15 106 0.05337093
29 90 29 91 0.00581421
29 90 29 90 0.39335871
