61 74 61 74 0.23856516
61 74 59 76 0.00290848
61 74 62 73 0.00718565
61 74 63 72 0.00148598
61 74 60 75 0.01253998
5 140 5 140 0.00563803
5 117 10 110 0.00068508
5 117 5 117 0.00532014
5 117 9 111 0.00064663
5 114 5 114 0.07108769
5 116 10 110 0.00124950
5 116 5 116 0.27308961
5 116 9 111 0.00059410
5 137 5 137 0.01263637
5 113 5 113 0.01369026
5 121 5 121 0.00142790
127 132 127 132 0.00975490
127 135 127 135 0.00191032
122 128 122 128 0.07157469
122 128 121 127 0.00240392
122 136 122 136 0.04347992
122 132 122 132 0.14360386
122 137 122 137 0.01984963
7 134 7 134 0.00067053
7 115 7 115 0.01437451
7 112 7 112 0.05081987
7 139 7 139 0.00466060
7 138 7 138 0.00195984
9 111 9 111 0.36173041
9 111 10 110 0.00054311
9 137 9 137 0.00071286
9 130 9 130 0.00070433
8 112 8 112 0.21367871
8 112 9 111 0.00051102
8 138 8 138 0.00280198
8 131 8 131 0.00352928
41 75 41 75 0.00937527
41 51 41 51 0.01476477
41 79 41 79 0.01126488
41 50 41 50 0.00151956
48 98 48 98 0.00922038
48 98 47 99 0.00202027
48 98 49 97 0.00525306
48 56 48 56 0.00094653
48 108 44 102 0.00052494
11 109 11 109 0.29111304
115 136 115 136 0.00203633
115 130 115 130 0.00050034
115 140 115 140 0.01340640
115 135 115 135 0.00265541
115 137 115 137 0.00975497
115 121 115 121 0.00715217
115 132 115 132 0.00331113
14 31 14 31 0.00204105
14 130 14 130 0.00795629
21 99 21 99 0.00884337
21 100 21 101 0.00196974
21 100 21 100 0.19282386
21 96 21 96 0.00488737
21 93 21 93 0.00054902
21 95 21 95 0.00087053
21 101 21 100 0.00078176
21 101 21 101 0.05967867
21 94 21 94 0.00062258
19 102 19 102 0.14083041
19 100 19 100 0.05123756
19 103 19 103 0.02181101
19 101 19 101 0.00673247
4 122 4 122 0.00166491
4 134 4 134 0.00161951
4 115 4 115 0.05410976
4 138 4 138 0.01654549
135 139 135 139 0.00496264
53 102 52 96 0.00401222
53 102 49 97 0.00079372
53 95 54 94 0.00179890
53 95 53 95 0.00263805
53 95 52 96 0.00104207
53 95 55 93 0.00057958
119 139 119 139 0.01817703
119 131 119 131 0.01339576
119 138 119 138 0.02022740
119 134 119 134 0.03235130
58 77 59 76 0.00443211
58 77 56 79 0.00312402
58 77 58 77 0.32876049
58 77 60 75 0.00150539
58 77 57 78 0.00778154
58 97 56 92 0.00750376
58 97 55 93 0.00288398
16 103 16 103 0.01948652
16 102 16 102 0.01936978
118 138 118 138 0.03362391
118 131 118 131 0.00558647
118 139 118 139 0.03830513
2 113 2 113 0.00207095
2 118 2 118 0.07098553
2 135 2 135 0.00098155
2 120 2 120 0.00092259
2 119 2 119 0.00325657
2 136 2 136 0.10050685
2 117 2 117 0.02582780
2 140 2 140 0.06958120
2 116 2 116 0.02546173
2 7 2 7 0.00531750
10 130 10 130 0.00569653
10 136 10 136 0.00276755
10 125 10 125 0.00066661
10 110 10 110 0.40957813
114 131 114 131 0.00052855
114 138 114 138 0.00828325
114 139 114 139 0.00168330
114 134 114 134 0.00123740
114 122 114 122 0.00420355
24 97 24 98 0.00200395
24 97 24 97 0.03235167
24 98 24 97 0.00062260
24 98 24 98 0.14777066
20 100 20 100 0.01006802
20 101 20 101 0.13800406
20 102 20 102 0.04749840
20 99 20 99 0.03851296
125 134 125 134 0.01532370
125 131 125 131 0.10160984
130 134 130 134 0.00400107
130 138 130 138 0.00257269
1 118 1 118 0.04374015
1 114 1 114 0.00132660
1 6 1 6 0.00167341
1 121 1 121 0.00096315
1 117 1 117 0.01177710
1 141 1 141 0.06874276
1 136 1 137 0.00055881
1 136 1 136 0.00252457
1 8 1 8 0.00064912
1 137 1 137 0.12545126
1 120 1 120 0.00387967
1 119 1 119 0.02216334
106 119 106 119 0.07765848
129 135 129 135 0.00320930
37 82 37 82 0.32643723
95 106 95 106 0.00076143
49 55 49 55 0.00193647
49 97 48 98 0.00204048
49 97 49 97 0.00724217
62 73 63 73 0.00056691
62 73 63 72 0.00665030
62 73 60 75 0.00096944
62 73 61 74 0.01054369
62 73 62 73 0.30917980
47 99 49 97 0.00069765
47 99 47 99 0.00930695
47 99 48 98 0.00588060
47 99 46 100 0.00212239
64 73 63 72 0.00393868
64 73 62 73 0.00369064
64 72 64 72 0.06757697
64 72 63 72 0.00262754
64 72 62 73 0.00129538
63 73 63 73 0.00557075
63 73 63 72 0.00125896
63 73 62 73 0.00491773
63 73 61 74 0.01007010
63 72 64 72 0.00081680
63 72 63 72 0.19031746
63 72 65 72 0.00055565
63 72 62 73 0.00668840
63 72 61 74 0.00247531
33 85 33 85 0.02729889
33 86 33 86 0.32386213
121 134 121 134 0.00287268
121 127 121 127 0.00128603
121 127 122 128 0.00052592
121 126 121 126 0.03346241
121 138 121 138 0.01852629
121 133 121 133 0.08886359
121 129 121 129 0.01457297
46 100 47 99 0.00612078
46 100 45 101 0.00210952
46 100 48 98 0.00078251
46 100 46 100 0.00930370
46 50 46 50 0.00734837
27 91 27 91 0.01814915
56 79 58 77 0.00183790
56 79 57 78 0.00542298
56 79 56 79 0.23421025
56 79 55 79 0.00077289
56 92 56 92 0.00149663
56 92 55 93 0.00067978
56 99 55 93 0.00341668
56 99 54 94 0.00561705
56 99 53 95 0.00104536
59 76 59 76 0.27780157
59 76 61 74 0.00148981
59 76 60 75 0.00697946
59 76 58 77 0.00604324
59 76 57 78 0.00114147
23 94 23 94 0.01187073
23 95 23 95 0.01384089
23 96 23 96 0.01717832
23 99 23 99 0.11017471
23 92 23 92 0.00180210
54 81 54 81 0.00193141
54 101 52 96 0.01820242
54 101 51 97 0.00202445
54 101 53 95 0.00547641
54 94 53 95 0.00059825
54 94 54 94 0.00342378
54 94 55 93 0.00553000
57 98 54 94 0.00171888
57 98 55 93 0.00856258
57 78 57 78 0.25856818
57 78 58 77 0.00521623
57 78 56 79 0.00841155
57 78 59 76 0.00079412
43 51 43 51 0.21142001
43 48 43 48 0.00693027
43 73 43 73 0.00086139
43 103 42 104 0.00134119
43 103 43 103 0.00897162
43 103 44 102 0.00350918
43 103 45 101 0.00087635
44 50 44 50 0.26665437
44 102 43 103 0.00126973
44 102 46 100 0.00083010
44 102 45 101 0.00589991
44 102 44 102 0.00362210
44 49 44 49 0.01279883
94 107 94 107 0.00620816
60 75 58 77 0.00287954
60 75 60 75 0.24116219
60 75 61 74 0.00825796
60 75 62 73 0.00057733
60 75 59 76 0.01035967
36 83 36 83 0.31293298
36 108 39 106 0.00081205
30 89 30 89 0.23986556
13 106 13 106 0.00980462
13 32 13 32 0.00808696
13 107 13 107 0.22216100
39 53 39 53 0.00502126
39 80 39 80 0.34070755
39 107 39 106 0.00074430
39 55 39 55 0.00639933
39 106 39 106 0.00078479
28 91 28 91 0.22573374
120 138 120 138 0.01635779
120 126 120 126 0.00172340
120 126 122 128 0.00058750
120 133 120 133 0.02014367
120 139 120 139 0.01393604
120 129 120 129 0.01112064
120 134 120 134 0.12469763
120 127 120 127 0.01991596
124 128 124 128 0.00574977
124 130 124 130 0.03034612
124 132 124 132 0.05042969
124 135 124 135 0.01500989
22 99 22 99 0.12990039
22 99 22 100 0.00205689
22 92 22 92 0.00078273
22 93 22 93 0.00091854
22 96 22 96 0.00808487
22 100 22 99 0.00076655
22 100 22 100 0.07259465
22 95 22 95 0.00690807
22 94 22 94 0.00105176
134 141 134 141 0.00232803
134 140 134 140 0.00670567
128 133 128 133 0.00446750
128 134 128 134 0.00313535
3 115 3 115 0.02895360
3 139 3 139 0.02700419
3 123 3 123 0.00091163
3 133 3 133 0.00120492
42 52 42 52 0.20066273
42 74 42 74 0.00659047
42 104 43 103 0.00404024
42 104 42 104 0.00066374
18 101 18 101 0.05202825
18 103 18 103 0.09656484
18 27 18 27 0.13261657
104 121 104 121 0.00052493
131 136 131 136 0.00320717
131 140 131 140 0.00099954
131 137 131 137 0.00607573
6 115 6 115 0.05954256
6 112 6 112 0.00787228
6 139 6 139 0.00316403
25 97 25 97 0.16430636
26 92 26 92 0.03325591
26 94 26 94 0.02858243
26 95 26 95 0.03525195
26 95 26 96 0.00067087
26 93 26 93 0.04924563
26 96 26 95 0.00067241
26 96 26 96 0.12782816
66 71 66 71 0.08834416
66 71 65 70 0.00700000
40 52 40 52 0.01384510
40 55 40 55 0.02591374
40 45 40 45 0.00058833
40 54 40 54 0.06389922
40 53 40 53 0.04032408
40 80 40 80 0.00709755
123 130 123 130 0.01641997
123 128 123 128 0.00589553
123 128 122 128 0.00085774
123 135 123 135 0.02706933
123 132 123 132 0.01159467
12 107 12 107 0.00221787
12 134 12 134 0.00123701
12 108 12 108 0.35936933
51 105 47 99 0.00098808
51 97 52 96 0.00311354
51 62 51 62 0.11212376
126 130 126 130 0.08593034
126 132 126 132 0.00906554
126 135 126 135 0.00247864
52 96 52 96 0.00875756
52 96 53 95 0.00315409
52 96 51 97 0.00095656
52 61 52 61 0.15298011
52 103 50 97 0.00056006
32 87 32 87 0.34725448
55 100 53 95 0.00542506
55 100 54 94 0.00253643
55 100 52 96 0.00191326
55 93 54 94 0.00170223
55 93 56 92 0.00227068
55 93 55 93 0.00873797
55 79 55 79 0.01102871
108 117 108 117 0.07588892
105 118 106 119 0.00412288
105 120 105 120 0.02536320
34 84 34 84 0.09851498
107 116 108 117 0.00589341
45 51 45 51 0.00196254
45 101 47 99 0.00088995
45 101 44 102 0.00197251
45 101 45 101 0.00929922
45 101 46 100 0.00608211
31 88 31 88 0.27177478
84 90 85 89 0.00057894
84 90 84 90 0.00700803
93 108 93 108 0.00541258
65 69 65 69 0.01532422
65 72 65 72 0.04381487
65 72 63 72 0.01165401
65 70 65 70 0.11227886
65 70 66 71 0.00318063
116 139 116 139 0.02174133
116 138 116 138 0.00176575
116 131 116 131 0.00326072
116 134 116 134 0.00358286
117 134 117 134 0.00645249
117 138 117 138 0.01999292
117 131 117 131 0.00120404
117 139 117 139 0.00653699
50 106 46 100 0.00076795
50 63 50 63 0.01750409
17 103 17 103 0.11074767
17 101 17 101 0.08912124
17 28 17 28 0.14572215
132 139 132 139 0.00127017
29 90 29 90 0.38570250
15 129 15 129 0.01674333
15 104 15 104 0.01254863
15 105 15 105 0.31040191
15 106 15 106 0.01794007
112 140 112 140 0.00209830
38 81 38 81 0.34766540
113 123 113 123 0.00189574
113 139 113 139 0.00697783
113 133 113 133 0.00259334
113 134 113 134 0.00099587
