53 79 62 88 0.32478300
28 34 35 44 0.00968375
28 34 34 45 0.00050275
28 34 36 43 0.94670700
28 34 36 42 0.00684841
28 34 37 42 0.00296363
3 48 5 57 0.68395100
3 48 13 57 0.00202411
3 146 4 155 0.02072720
47 76 56 85 0.12341100
47 76 57 85 0.00147327
18 136 22 145 0.00225488
18 136 21 145 0.00160167
18 45 19 54 0.01674350
18 45 25 55 0.00103389
18 45 26 54 0.06206610
18 45 23 55 0.00050743
14 42 21 51 0.01534540
14 140 15 149 0.00161710
14 41 22 50 0.00660396
128 142 137 151 0.08071200
128 144 137 153 0.58603200
23 38 30 48 0.00130764
23 38 32 47 0.00175842
31 42 31 48 0.00075461
31 42 34 45 0.00075390
57 75 66 83 0.00075184
16 21 17 24 0.00715152
16 138 19 147 0.00119371
16 138 20 147 0.00150998
48 75 58 84 0.00105063
22 132 26 141 0.00474251
22 39 29 49 0.00468650
22 39 31 48 0.00912051
22 39 30 48 0.34418000
20 134 24 143 0.00484064
32 41 35 44 0.00076751
51 79 60 88 0.03015050
51 81 60 90 0.31201000
11 27 11 27 0.00112241
11 144 12 153 0.01423630
11 42 11 52 0.00289598
11 42 21 51 0.00605146
11 142 12 151 0.00179372
13 141 16 150 0.00090383
13 141 14 150 0.00148349
13 43 20 52 0.00397365
13 24 13 24 0.00070185
13 24 14 27 0.00345813
8 18 14 27 0.00061421
8 18 14 24 0.00072556
8 18 10 19 0.00824405
8 18 11 27 0.00312964
8 18 12 26 0.02753600
8 13 9 15 0.00157731
8 13 10 19 0.00472279
8 13 10 14 0.00227244
8 13 11 18 0.00130132
8 13 8 14 0.00093249
8 13 12 17 0.24936100
9 17 11 18 0.00891719
9 17 12 26 0.00081336
9 17 13 25 0.03691360
9 17 13 24 0.00234012
9 17 10 19 0.00171354
9 146 10 155 0.01089700
9 144 10 153 0.01887930
9 44 9 54 0.00291081
9 44 10 53 0.08401060
46 77 55 86 0.04373960
55 77 64 85 0.00077111
55 76 64 85 0.76907700
60 71 69 80 0.18992800
130 140 139 149 0.10216000
130 142 139 151 0.43594000
52 80 61 89 0.23819300
56 75 65 84 0.16749600
10 45 16 54 0.00241028
10 28 10 28 0.00099736
10 145 10 154 0.01057570
10 145 12 154 0.00123556
10 143 11 152 0.00229755
10 43 10 53 0.00289903
10 43 11 52 0.07700220
10 43 20 52 0.00454761
6 46 8 55 0.03406660
6 46 6 56 0.00149452
6 46 7 55 0.01616650
26 36 32 47 0.00050102
26 36 35 44 0.00151660
26 36 33 46 0.00496857
26 36 34 45 0.93140500
17 137 21 146 0.00226136
17 137 20 146 0.00093058
126 146 135 155 0.11794600
126 144 135 153 0.24120500
19 44 26 54 0.00155971
19 44 25 53 0.00976589
19 44 24 53 0.00513970
19 135 23 144 0.00497646
12 142 15 151 0.00127402
12 41 22 50 0.00601777
1 147 3 156 0.33838200
1 149 1 158 0.17581600
132 140 141 149 0.40872400
132 139 141 148 0.18143200
24 38 33 46 0.00247605
24 38 31 48 0.00839411
24 38 32 47 0.45651900
58 66 67 75 0.26951500
58 65 67 74 0.05663260
7 146 8 155 0.00977220
7 148 7 157 0.00368073
7 148 8 157 0.00997618
7 46 7 55 0.00272372
7 46 8 55 0.00952689
129 143 138 152 0.35111500
129 141 138 150 0.08241270
33 40 33 46 0.00075549
33 40 36 43 0.00076338
133 137 142 146 0.08096670
133 138 142 147 0.31105400
21 40 29 49 0.48326200
21 40 30 49 0.01155760
21 40 28 49 0.05365900
21 41 28 51 0.00686471
21 41 22 50 0.01553740
21 133 25 142 0.00235124
127 143 136 152 0.08909210
25 37 34 45 0.00282478
25 37 33 46 0.47829800
25 37 32 47 0.00975463
30 43 33 46 0.00051007
45 78 55 87 0.00090673
131 141 140 150 0.37023300
44 79 53 88 0.03215600
134 138 143 147 0.10153300
29 33 36 42 0.00053861
29 33 36 43 0.00746014
29 33 37 41 0.01208770
29 33 37 42 0.81501800
43 80 52 89 0.02478780
65 74 74 83 0.03085770
5 46 6 56 0.00334928
5 46 7 55 0.23733500
5 46 15 55 0.00158042
5 46 5 57 0.00060880
5 46 8 55 0.00226625
2 148 2 157 0.10508000
2 150 1 159 0.00109734
2 146 4 155 0.10244200
2 49 12 58 0.00166350
15 139 18 148 0.00278825
15 41 22 50 0.01659830
15 22 16 23 0.00605108
15 22 16 25 0.05222530
15 22 15 26 0.00060996
27 35 34 45 0.00950501
27 35 36 43 0.00258998
27 35 35 43 0.00054179
27 35 35 44 0.48660900
4 47 14 56 0.00209558
4 47 6 56 0.69574900
4 47 5 57 0.00330540
66 73 75 82 0.13753700
59 64 68 73 0.10658400
59 72 68 81 0.19213200
59 65 68 74 0.14597400
