1 156 1 156 0.08846037
8 157 8 157 0.01623551
8 155 8 155 0.03195509
8 153 8 153 0.04654825
113 130 113 130 0.08083204
61 73 61 73 0.35754454
62 72 62 72 0.27584812
87 157 87 157 0.00161811
56 78 56 78 0.27852412
64 70 64 70 0.21680926
119 157 119 157 0.00226469
119 124 119 124 0.14402910
119 125 119 125 0.01960724
115 128 115 128 0.04775292
4 42 4 42 0.00169384
51 85 51 85 0.06801758
51 79 51 79 0.06435063
44 87 44 87 0.11356973
134 141 134 143 0.04532916
134 142 134 143 0.01212334
2 155 2 155 0.09931547
2 157 2 159 0.00058122
2 159 2 159 0.32031780
132 144 132 144 0.30866950
6 155 6 155 0.03361634
6 157 6 157 0.02836480
6 159 6 159 0.00873329
55 79 55 79 0.20007630
121 155 121 155 0.00062352
120 124 120 124 0.06200855
120 156 120 156 0.00850070
47 84 47 84 0.17712209
133 142 133 144 0.02611723
127 149 127 149 0.11042433
54 76 54 76 0.01082219
117 126 117 126 0.16859489
112 131 112 131 0.02554508
42 91 42 91 0.04715309
42 85 42 85 0.00250974
42 94 42 94 0.07500451
65 69 65 69 0.32936633
135 141 135 142 0.00530839
46 90 46 90 0.02895662
46 85 46 85 0.08729393
128 148 128 148 0.10283967
48 82 48 82 0.10191598
48 88 48 88 0.03429093
130 146 130 146 0.20444633
130 137 130 137 0.00064517
129 147 129 147 0.12473467
129 138 129 138 0.00206345
124 151 124 151 0.00151835
118 125 118 125 0.37413778
131 136 131 136 0.00124805
131 145 131 145 0.10063664
58 75 58 75 0.03941640
58 76 58 76 0.23400153
136 141 136 141 0.04808401
108 136 108 136 0.00911272
9 154 9 154 0.05312078
7 158 7 158 0.01081097
7 154 7 154 0.04313284
50 87 50 87 0.00150520
50 80 50 80 0.27544067
50 86 50 86 0.19193007
91 154 91 154 0.00322158
88 156 88 156 0.00153363
45 88 45 88 0.01328685
45 86 45 86 0.10471219
93 152 93 152 0.03445991
49 81 49 81 0.12491986
109 135 109 135 0.01690821
43 90 43 90 0.04904310
43 93 43 93 0.07109135
41 86 41 86 0.00244728
5 158 5 158 0.10893827
60 74 60 74 0.33248369
60 75 60 75 0.01508026
3 43 3 43 0.00079659
3 154 3 154 0.07778189
3 158 3 158 0.02799560
52 84 52 84 0.06412982
52 78 52 78 0.02990137
10 153 10 153 0.26695244
