13 43 13 43 0.05038285
13 143 13 143 0.01165907
13 151 13 151 0.00566343
84 126 84 126 0.02555913
57 77 57 77 0.25141872
133 142 134 145 0.05089111
47 156 47 156 0.00344167
47 84 47 84 0.10129567
99 110 100 111 0.01065710
99 110 99 112 0.00218044
54 80 54 80 0.29284467
127 149 128 151 0.00082132
127 149 127 151 0.07301070
83 127 83 127 0.04474667
19 38 19 38 0.29599981
85 126 85 126 0.06396933
65 71 65 71 0.28985214
42 85 42 85 0.01271213
24 33 24 33 0.36175393
98 111 99 112 0.01066893
98 111 98 113 0.00160070
87 124 87 124 0.13328600
62 72 62 72 0.26864312
103 108 103 108 0.02197993
61 73 61 73 0.35643606
15 153 15 153 0.00359443
12 45 12 45 0.14934461
12 144 12 144 0.00943113
12 156 12 156 0.00245256
8 159 8 159 0.00473013
8 153 8 153 0.09875459
8 48 8 48 0.02184839
8 157 8 157 0.01715048
8 14 8 14 0.00126646
8 155 8 155 0.02195859
1 156 1 156 0.09845671
56 78 56 78 0.27388473
101 109 102 110 0.01020393
101 109 101 111 0.00060726
27 31 27 31 0.00886567
18 39 18 39 0.28019658
44 83 44 83 0.00533703
44 87 44 87 0.01034496
4 154 4 154 0.00568480
4 158 4 158 0.00925602
4 16 4 16 0.00068573
51 85 51 85 0.08270228
95 114 96 115 0.00995123
95 114 95 116 0.00150479
14 43 14 43 0.14987645
14 154 14 154 0.00087237
64 72 64 72 0.01441383
64 70 64 70 0.09043729
64 68 64 68 0.00933013
6 159 6 159 0.01368389
6 153 6 153 0.02000203
6 157 6 157 0.02722351
6 155 6 155 0.04630941
6 14 6 14 0.00109890
55 79 55 79 0.24210678
66 70 66 70 0.04449413
132 144 132 147 0.00651843
132 144 133 146 0.10328062
17 40 17 40 0.22588285
2 9 2 9 0.00120499
2 157 2 157 0.00448130
2 157 2 159 0.00059485
2 155 2 155 0.10659380
2 159 2 159 0.34274769
2 156 2 156 0.00305313
2 153 2 153 0.00148669
134 142 135 144 0.02584929
134 141 135 144 0.09751880
100 109 100 111 0.00098469
91 119 92 119 0.00053308
91 120 91 120 0.15011400
91 118 92 119 0.00242349
26 31 26 31 0.33778251
26 30 26 30 0.00868990
97 112 98 113 0.01065670
97 112 97 114 0.00198462
7 151 7 151 0.01297980
7 158 7 158 0.01649595
7 154 7 154 0.05728542
7 49 7 49 0.01927403
22 35 22 35 0.26640894
22 35 22 36 0.00059290
22 36 22 35 0.00109715
22 36 22 36 0.01909436
102 107 103 108 0.01025960
43 84 43 84 0.00290241
89 122 89 122 0.15568600
49 125 49 125 0.00708643
49 81 49 81 0.01468343
23 34 23 34 0.28323061
93 118 93 118 0.10022867
93 119 93 119 0.02113723
45 86 45 86 0.01424777
45 82 45 82 0.00432663
82 128 82 128 0.02971007
53 81 53 81 0.26028533
125 151 125 154 0.00108120
125 152 125 154 0.01006987
10 127 10 127 0.01015033
10 155 10 155 0.00377647
10 157 10 157 0.00745450
10 48 10 48 0.03554553
10 153 10 153 0.16307561
3 154 3 154 0.08102981
3 8 3 8 0.00457213
3 158 3 158 0.04718625
3 10 3 10 0.00106387
52 81 52 81 0.00508860
52 84 52 84 0.09181343
60 74 60 74 0.34420503
20 37 20 37 0.28746406
11 126 11 126 0.00529020
11 145 11 145 0.01446980
11 154 11 154 0.00337710
11 46 11 46 0.12743600
5 158 5 158 0.04041879
5 151 5 151 0.01644047
5 154 5 154 0.01452897
5 15 5 15 0.00086367
86 125 86 125 0.25930000
128 148 128 150 0.10081549
46 85 46 85 0.02799445
46 81 46 81 0.00140902
129 147 130 149 0.10580607
48 82 48 82 0.02701927
48 83 48 83 0.04124333
48 126 48 126 0.00355030
130 146 131 148 0.08488888
130 146 130 149 0.00617949
92 117 92 119 0.00079459
92 117 93 118 0.00627510
25 32 25 32 0.36220748
58 76 58 76 0.30365786
131 145 132 147 0.08889667
131 145 131 148 0.00446375
81 129 81 129 0.00615380
90 120 91 120 0.00061116
90 121 90 121 0.13748833
90 119 91 120 0.00139624
21 37 21 37 0.00599980
96 113 97 114 0.00927380
96 113 96 115 0.00135695
9 154 9 154 0.04114476
9 49 9 49 0.02724726
9 158 9 158 0.00718059
94 118 94 118 0.02198753
136 141 136 141 0.04968866
136 141 137 142 0.03541220
