131 147 131 145 0.21308113
58 70 58 70 0.00131556
58 76 58 76 0.10834173
118 157 118 157 0.02314008
124 155 124 152 0.00351029
136 141 136 141 0.05224410
59 71 59 71 0.00783402
59 69 59 69 0.00171236
128 150 128 148 0.30449576
135 142 135 141 0.03183876
135 142 134 142 0.00093886
129 149 129 147 0.27403686
130 148 130 146 0.31288793
25 32 25 32 0.30050726
125 154 125 152 0.02555295
125 154 125 151 0.00276423
10 156 10 155 0.00068749
10 156 10 153 0.00058672
60 74 60 74 0.13189903
60 70 60 70 0.00681961
60 68 60 68 0.00173553
3 120 3 120 0.01316876
3 158 3 158 0.05474953
3 121 3 121 0.01169814
5 119 5 119 0.01556995
5 158 5 158 0.06797019
5 118 5 118 0.03366634
26 31 26 31 0.28878780
7 158 7 158 0.01825238
89 94 89 94 0.04333048
23 34 23 34 0.23744117
53 64 53 64 0.09250515
4 120 4 120 0.01359943
4 158 4 158 0.02027442
4 119 4 119 0.02276373
18 39 18 39 0.24192484
119 156 119 156 0.02055506
119 157 119 157 0.04047052
64 74 64 74 0.02336624
64 72 64 72 0.01952764
64 70 64 70 0.05284413
14 42 14 42 0.05208063
14 43 14 43 0.07704724
123 158 123 156 0.00202355
6 157 6 157 0.03652761
6 117 6 117 0.03265424
2 159 2 157 0.00133469
2 159 2 159 0.39363468
2 152 2 150 0.00732977
17 40 17 40 0.18152346
132 146 132 144 0.35730452
66 72 66 72 0.05083663
134 143 134 141 0.23517531
134 143 134 142 0.06271625
61 73 61 73 0.14165637
61 69 61 69 0.01000281
62 76 62 76 0.00119055
62 75 62 75 0.00162854
62 72 62 72 0.08633785
62 68 62 68 0.01218356
1 156 1 156 0.00521853
12 117 12 117 0.02142163
12 156 12 156 0.01701892
8 157 8 157 0.02032549
54 63 54 63 0.22242606
127 151 127 149 0.18578260
127 152 127 149 0.00141330
19 38 19 38 0.33522259
24 33 24 33 0.29928535
117 158 117 158 0.01054173
67 71 67 71 0.08367697
13 42 13 42 0.01599437
121 157 121 155 0.00096401
121 156 121 156 0.02159243
121 156 121 155 0.00198660
133 144 132 144 0.00088279
133 144 133 142 0.13527026
57 77 57 77 0.09360051
120 157 120 156 0.00052915
120 157 120 157 0.01426206
120 156 120 156 0.05374888
120 156 120 155 0.00057697
