35 35 0.29036500
110 110 0.72488000
45 45 0.39204200
65 65 0.33917000
89 89 0.28950000
30 30 0.27269700
47 47 0.89831300
88 88 0.28724200
42 42 0.26993600
44 44 0.33052600
97 97 0.99992200
41 41 0.97828500
12 12 0.48659800
5 5 0.34508800
21 21 0.76665900
155 155 0.85928000
56 56 0.39500400
69 69 0.39077200
28 28 0.59592400
34 34 0.12041200
91 91 0.29863400
36 36 0.49395700
31 31 0.32237700
16 16 0.91771200
22 22 0.72917700
7 7 0.36507800
117 117 0.66737500
98 98 0.99992400
68 68 0.39324800
14 14 0.36662500
152 152 0.42521500
67 67 0.12040800
52 52 0.87646500
138 138 0.74350200
6 6 0.84989900
80 80 0.43442500
109 109 0.77018000
32 32 0.39064200
156 156 0.84350500
102 102 0.29862100
147 147 0.47788200
20 20 0.76252400
72 72 0.72272400
15 15 0.45561200
82 82 0.32218700
131 131 0.49271000
128 128 0.36417100
124 124 0.91044200
60 60 0.85153200
4 4 0.35138500
143 143 0.67628900
23 23 0.32838700
2 2 0.44635600
25 25 0.42731400
27 27 0.94715500
58 58 0.29507800
81 81 0.30147000
139 139 0.61525700
3 3 0.45378300
121 121 0.89266500
51 51 0.99715800
108 108 0.37149000
141 141 0.52955200
112 112 0.68219300
53 53 0.99663100
90 90 0.39455900
103 103 0.39455700
111 111 0.64288600
9 9 0.40822100
59 59 0.34030600
146 146 0.43930100
157 157 0.97667800
71 71 0.31748100
8 8 0.37280600
142 142 0.54684500
38 38 0.29318100
46 46 0.36274900
10 10 0.58982900
74 74 0.65704300
13 13 0.36102000
77 77 0.49121200
62 62 0.38559300
133 133 0.62840600
140 140 0.50397600
26 26 0.71481300
119 119 0.52034500
120 120 0.26893600
159 159 0.92749300
137 137 0.61204100
136 136 0.69547400
70 70 0.32317800
54 54 0.81161400
100 100 0.99980600
95 95 0.99991800
19 19 0.77691700
94 94 0.64042400
50 50 0.99715800
87 87 0.38396700
104 104 0.28950000
61 61 0.92307000
17 17 0.91913000
18 18 0.92129500
118 118 0.69735200
93 93 0.86585200
145 145 0.45297600
75 75 0.77913500
86 86 0.30404300
114 114 0.41702200
40 40 0.25265300
144 144 0.48159700
132 132 0.54307300
101 101 0.99980200
158 158 0.85461200
127 127 0.21558200
64 64 0.30251300
1 1 0.82712000
39 39 0.38642600
116 116 0.49911700
149 149 0.66985100
78 78 0.50515800
130 130 0.87433200
73 73 0.51410100
55 55 0.26748100
105 105 0.28724200
29 29 0.89746100
83 83 0.41247300
33 33 0.39324900
57 57 0.33440700
24 24 0.59786400
160 160 0.95044700
11 11 0.39254400
122 122 0.74842100
151 151 0.32097300
37 37 0.83584100
43 43 0.29021800
66 66 0.29036500
49 49 0.81214800
84 84 0.46781000
76 76 0.75660600
85 85 0.36758700
123 123 0.91344500
115 115 0.46518000
79 79 0.46538200
125 125 0.91443300
153 153 0.36387300
48 48 0.87694100
99 99 0.37414800
113 113 0.47787300
126 126 0.74555200
63 63 0.40644700
154 154 0.93112100
135 135 0.65968500
148 148 0.46996100
129 129 0.75676400
106 106 0.38396600
96 96 0.99991700
107 107 0.33122000
150 150 0.34471500
92 92 0.86761900
134 134 0.62654100
