139 138 0.01006746
139 139 0.57683013
139 140 0.35570383
92 92 0.64435294
92 95 0.00873422
92 90 0.00539461
92 89 0.01260939
92 91 0.03404161
2 2 0.59976818
107 107 0.66770904
107 104 0.00742957
107 105 0.00055431
107 110 0.00053561
131 132 0.37245176
131 131 0.32984190
131 130 0.01556155
70 72 0.00098917
70 70 0.74211015
70 69 0.00480966
123 124 0.01175096
123 123 0.48033938
32 33 0.01549264
32 32 0.70563421
132 131 0.01229338
132 133 0.29800814
132 132 0.34403973
66 66 0.66051315
66 65 0.00147760
149 149 0.48118149
55 55 0.73574649
55 54 0.00050097
133 132 0.01252377
133 133 0.39237587
133 134 0.29842129
25 25 0.62733418
25 26 0.00053691
23 24 0.00054433
23 23 0.55264556
72 74 0.00181283
72 75 0.00072078
72 71 0.00400140
72 72 0.32213486
78 80 0.00153716
78 78 0.27317916
78 81 0.00867864
78 75 0.00056688
78 79 0.00075448
78 77 0.43091213
78 76 0.00216294
143 144 0.26440202
143 142 0.00694087
143 143 0.37580411
140 139 0.00614720
140 140 0.24874131
140 141 0.28135539
124 125 0.01269077
124 124 0.47782879
126 126 0.83132712
126 127 0.06598071
43 43 0.73031605
43 44 0.00098839
49 49 0.49357342
38 39 0.00509591
38 38 0.65132608
97 97 0.51729044
97 94 0.01337517
97 100 0.00211477
29 30 0.00991894
29 29 0.73794553
113 113 0.61322455
113 114 0.00173336
113 116 0.00380347
90 88 0.00249252
90 87 0.01115183
90 93 0.00870341
90 90 0.67723153
90 89 0.05428860
90 91 0.00121492
46 47 0.00080265
46 46 0.72135297
134 134 0.46909253
134 133 0.00892756
134 135 0.27819700
114 115 0.01846219
114 117 0.00314356
114 114 0.62947961
54 54 0.82848330
144 145 0.17854900
144 144 0.50323484
144 143 0.00437864
88 88 0.33463781
88 87 0.14723736
88 85 0.01122685
88 86 0.00053670
88 90 0.00067154
88 89 0.00054195
88 91 0.00992060
14 14 0.28872651
150 150 0.96406711
37 38 0.00463683
37 37 0.67530651
103 100 0.01285382
103 106 0.00818830
103 103 0.84172490
82 82 0.15479336
82 84 0.00125167
82 79 0.00095281
82 85 0.00924149
82 81 0.50547650
82 80 0.00335528
86 84 0.00079802
86 86 0.15403329
86 85 0.34932208
86 89 0.00944155
86 83 0.00540949
137 138 0.36072047
137 137 0.28167729
137 136 0.01223710
115 115 0.90957053
115 114 0.00228505
115 116 0.00705114
115 118 0.00259958
24 24 0.56150130
24 25 0.00088281
53 53 0.61487431
61 60 0.00963297
61 61 0.75405568
109 106 0.00135017
109 109 0.76199910
81 83 0.00126030
81 78 0.00088550
81 80 0.44210449
81 81 0.16736407
81 84 0.00940222
81 79 0.00229836
129 129 0.55156234
129 130 0.27987466
129 128 0.00321188
16 16 0.73593462
1 1 0.49195020
31 31 0.70782495
31 32 0.00805984
153 153 0.99964467
136 136 0.38275911
136 137 0.36056266
136 135 0.01308647
39 40 0.00429860
39 39 0.47858317
85 83 0.00169242
85 88 0.00950665
85 85 0.16116358
85 82 0.00151502
85 84 0.44849958
128 128 0.55653767
128 127 0.00169299
128 129 0.08748314
91 94 0.00863548
91 90 0.04982802
91 92 0.00086714
91 88 0.01249105
91 91 0.65112226
91 89 0.00229450
75 76 0.00187719
75 78 0.00338093
75 75 0.57803116
75 74 0.10600040
75 73 0.00070988
75 77 0.00322572
71 73 0.00108196
71 70 0.00768740
71 71 0.49292929
95 95 0.72837757
95 92 0.01345486
95 98 0.00106462
28 28 0.70007180
28 29 0.00981668
101 104 0.00820983
101 101 0.66978202
101 98 0.01258134
99 96 0.01370291
99 99 0.50527943
34 35 0.00964432
34 34 0.62283158
30 31 0.00065548
30 30 0.80929503
5 5 0.41499821
67 67 0.71539319
67 66 0.00078261
110 113 0.00052369
110 107 0.00094554
110 110 0.74848363
62 61 0.00282238
62 62 0.75520309
130 129 0.01102447
130 130 0.34535673
130 131 0.28421900
94 94 0.62448278
94 93 0.00118741
94 92 0.00165981
94 97 0.00658701
94 91 0.01452662
13 13 0.34765031
77 75 0.00199142
77 78 0.00096935
77 80 0.00854280
77 77 0.31913291
77 79 0.00108865
77 74 0.00052801
77 76 0.50604546
105 106 0.00084520
105 102 0.01137855
105 105 0.47330908
105 103 0.00072958
105 108 0.00072512
96 96 0.91803617
96 93 0.01323826
45 45 0.48859405
45 46 0.00087061
127 126 0.00085115
127 128 0.06922187
127 127 0.52971394
27 28 0.00070026
27 27 0.82625998
22 23 0.00055915
22 22 0.86094319
122 123 0.01010048
122 122 0.64970059
98 98 0.52500208
98 95 0.01374648
98 101 0.00058561
11 11 0.86201166
121 122 0.00907167
121 121 0.62994976
121 120 0.00145741
84 83 0.52668377
84 81 0.00129254
84 87 0.00927692
84 86 0.00051745
84 82 0.00309960
84 84 0.28271122
59 59 0.67271323
59 60 0.00063350
59 58 0.00228419
40 40 0.94433475
40 41 0.00346581
106 106 0.48217562
106 103 0.01102691
106 104 0.00055410
19 19 0.91573252
141 140 0.00593123
141 142 0.27652409
141 141 0.48520300
87 86 0.34672330
87 84 0.01242760
87 90 0.00986401
87 87 0.22097764
57 57 0.73100890
57 56 0.00178816
48 48 0.93185941
125 125 0.58441468
125 126 0.03150035
35 35 0.56336783
35 36 0.00975463
18 18 0.92187274
146 147 0.00347369
146 146 0.58902000
69 68 0.00718943
69 69 0.73477769
41 42 0.00082087
41 41 0.74900085
112 115 0.00549085
112 112 0.79441612
112 114 0.00056864
47 47 0.72628301
47 48 0.00083216
9 9 0.92812089
147 147 0.39599959
76 76 0.43408073
76 74 0.00091940
76 79 0.00737414
76 77 0.00208500
76 78 0.00127319
76 75 0.22275298
20 20 0.93212076
26 26 0.65179593
26 27 0.00226236
51 51 0.65764684
138 137 0.01200889
138 138 0.35872164
138 139 0.35882595
21 21 0.80761754
73 73 0.53411766
73 72 0.03380155
73 75 0.00180369
73 76 0.00079007
12 12 0.62391795
36 36 0.94061394
36 37 0.01018912
118 118 0.84275997
118 119 0.03126197
118 117 0.00295958
89 90 0.00111655
89 86 0.01192722
89 87 0.00095083
89 92 0.00929501
89 88 0.07839927
89 91 0.00065210
89 89 0.58812254
42 42 0.64124746
42 43 0.00094327
145 144 0.00064453
145 146 0.01917226
145 145 0.49013222
17 17 0.83193701
56 55 0.00143976
56 56 0.66324039
15 15 0.19406751
135 135 0.44105829
135 134 0.00785130
135 136 0.28391073
44 44 0.86376678
44 45 0.00109829
3 3 0.51448830
74 75 0.00113228
74 73 0.03353175
74 77 0.00115615
74 74 0.65703946
74 76 0.00292606
100 100 0.51634430
100 97 0.01213937
100 103 0.00074519
152 152 0.98011620
119 120 0.01102963
119 119 0.84041584
119 118 0.00260120
60 61 0.00062011
60 60 0.85507697
60 59 0.00364115
6 6 0.45565624
65 64 0.00127078
65 65 0.67292308
142 141 0.00712700
142 143 0.28785455
142 142 0.40135208
93 92 0.01261169
93 93 0.72626459
93 90 0.01505299
93 96 0.00871050
93 91 0.00392480
104 104 0.84044557
104 105 0.00073771
104 107 0.00818713
104 101 0.01223007
52 52 0.71429460
116 115 0.00250246
116 119 0.00156337
116 117 0.00522903
116 116 0.78440651
63 63 0.68599106
63 62 0.00180804
33 34 0.00996031
33 33 0.88839737
111 114 0.00544605
111 108 0.00054571
111 111 0.82904229
80 83 0.00875359
80 79 0.37215570
80 77 0.00073122
80 82 0.00132521
80 80 0.23015430
80 78 0.00214552
80 81 0.00053852
8 8 0.95160614
120 120 0.76390407
120 121 0.01016107
120 119 0.00205952
4 4 0.27337075
7 7 0.81946411
102 99 0.01296528
102 105 0.00819630
102 102 0.84845441
151 151 0.95538484
83 82 0.40392500
83 86 0.00940303
83 85 0.00066472
83 81 0.00313278
83 80 0.00112252
83 83 0.18046528
64 63 0.00139851
64 64 0.82183054
58 57 0.00252730
58 58 0.59440712
148 148 0.46182100
10 10 0.90941005
79 76 0.00063134
79 80 0.00068418
79 78 0.32714609
79 81 0.00166972
79 77 0.00188499
79 82 0.00852330
79 79 0.16941331
108 111 0.00205601
108 108 0.91197664
108 105 0.00443780
68 67 0.00110277
68 68 0.71789623
50 50 0.56146916
117 118 0.01250321
117 116 0.00290467
117 117 0.72729276
