53 110 53 110 0.26069300
62 96 62 96 0.15782000
46 117 46 117 0.64467200
46 62 46 62 0.03554050
37 92 37 92 0.00900560
37 125 37 125 0.31293300
77 81 77 81 0.77741400
77 84 78 84 0.00457993
77 84 79 84 0.00110228
17 33 17 33 0.00095543
17 128 17 128 0.04353450
89 97 89 97 0.00280983
66 92 67 92 0.29130000
66 92 66 93 0.06880910
56 107 56 107 0.53598200
48 59 48 59 0.00458461
48 115 48 115 0.69286000
57 104 57 104 0.24023700
57 106 57 106 0.15167500
57 105 57 105 0.03384100
43 65 43 65 0.01169920
43 119 43 119 0.27824500
49 58 49 58 0.00675810
49 60 49 60 0.03228670
49 114 49 114 0.21688800
69 89 69 89 0.19993200
69 89 70 89 0.15897100
59 102 59 102 0.45827900
59 99 59 99 0.05413560
64 96 64 96 0.35172800
12 122 12 122 0.11037500
79 84 79 84 0.00914944
39 120 39 120 0.04760000
39 90 39 90 0.00165382
40 89 40 89 0.00137385
40 119 40 119 0.05704650
40 68 40 68 0.00222200
40 122 40 122 0.21066700
15 36 15 36 0.06442380
15 39 15 39 0.09000840
52 111 52 111 0.19942900
73 86 74 86 0.02692160
73 85 74 85 0.02796930
73 87 72 87 0.00094889
75 85 74 85 0.00137430
75 85 77 85 0.01846580
50 59 50 59 0.04531920
50 57 50 57 0.01426130
50 113 50 113 0.29394300
65 95 65 95 0.53779100
65 93 66 93 0.11377800
65 94 65 95 0.01769840
65 94 66 94 0.03080210
71 87 71 87 0.01825680
71 87 72 87 0.02467320
71 88 71 88 0.36488000
9 125 9 125 0.14630700
72 87 72 87 0.34558400
72 88 71 88 0.00089437
72 86 72 86 0.02341120
72 86 74 86 0.00103770
51 112 51 112 0.24301400
51 56 51 56 0.02649140
51 58 51 58 0.05172560
67 91 67 92 0.07106610
67 91 68 91 0.29162800
61 101 61 101 0.38198700
38 121 38 121 0.06990320
38 124 38 124 0.17327700
36 93 36 93 0.00126727
24 29 24 29 0.53326700
22 31 22 31 0.98862800
8 126 8 126 0.28971100
45 63 45 63 0.01334940
41 67 41 67 0.00735600
41 121 41 121 0.21569200
18 32 18 32 0.00104651
18 35 18 35 0.59430800
68 90 68 91 0.03547920
68 90 68 90 0.17095700
63 97 63 97 0.33873600
63 95 63 95 0.07997870
63 99 63 99 0.03176530
78 82 77 81 0.00058933
78 85 77 85 0.00060861
23 30 23 30 0.53327200
42 120 42 120 0.18815300
19 34 19 34 0.96743500
90 96 90 96 0.00626114
74 86 74 86 0.27809100
74 85 74 85 0.37157700
74 85 74 86 0.00056709
10 124 10 124 0.17445800
76 84 78 84 0.01068770
76 84 77 85 0.00199076
76 81 75 80 0.00097051
76 81 77 81 0.06476540
44 64 44 64 0.00917552
47 61 47 61 0.02133670
