42 44 0.03844396
42 41 0.00797504
42 43 0.06305283
42 45 0.11800376
42 42 0.63075859
42 40 0.04455731
104 104 0.59381380
104 103 0.00102488
104 105 0.00269493
104 106 0.00109326
116 116 0.69633979
65 65 0.43615707
49 47 0.00861432
49 48 0.00057549
49 50 0.03597100
49 49 0.35551544
122 121 0.00610997
122 122 0.68059363
78 85 0.00067330
78 80 0.00328064
78 81 0.00051557
78 83 0.00277643
78 73 0.00083092
78 72 0.00125341
78 82 0.00073456
78 77 0.00100146
78 78 0.50782075
78 79 0.00696139
78 84 0.00385272
135 135 0.95223837
135 136 0.00057461
33 36 0.00468332
33 34 0.00060574
33 33 0.18413980
66 66 0.27553599
107 107 0.63248961
107 106 0.00495036
51 54 0.00051013
51 53 0.00157396
51 51 0.44009891
51 52 0.00075222
137 137 0.99934766
120 120 0.83208182
120 119 0.00653184
120 121 0.00113599
37 38 0.00143409
37 37 0.52962951
37 40 0.00203114
37 36 0.00127640
59 59 0.43076921
13 13 0.38618561
131 131 0.70129412
131 130 0.00421289
21 21 0.32315907
11 11 0.59488668
11 9 0.00082947
119 119 0.76855118
119 120 0.00084247
119 118 0.00732105
95 95 0.56747596
95 94 0.00065824
95 98 0.00092768
95 93 0.00147249
95 92 0.00121624
95 97 0.00128822
95 103 0.00087672
39 39 0.22017745
39 41 0.00055870
39 42 0.00089070
39 40 0.02123253
88 89 0.01746362
88 83 0.00060878
88 91 0.01931362
88 88 0.60188889
88 87 0.00439254
88 84 0.00116488
88 95 0.00064012
88 94 0.01616109
88 90 0.01119079
88 82 0.00246961
88 86 0.00154732
88 93 0.01617835
88 92 0.00381235
48 49 0.00071304
48 50 0.00171234
48 48 0.48355716
48 46 0.00081327
130 131 0.00069024
130 129 0.00390678
130 130 0.77655450
105 107 0.00081594
105 105 0.52221815
105 106 0.00263471
15 15 0.51873311
108 107 0.00243921
108 108 0.66291583
31 32 0.00362646
31 34 0.00986866
31 29 0.00767917
31 31 0.26795374
102 107 0.00053627
102 102 0.44774243
102 99 0.00190042
50 51 0.00511025
50 50 0.43034171
77 79 0.00124293
77 84 0.00139485
77 78 0.01531679
77 77 0.47671827
77 82 0.00050672
77 71 0.00093817
77 83 0.00417692
77 72 0.00110137
77 81 0.00214027
77 76 0.00054140
55 55 0.25144594
24 27 0.01574433
24 25 0.00524630
24 26 0.00178318
24 24 0.70521182
62 62 0.42478833
35 36 0.00281611
35 35 0.49542349
35 34 0.00465244
57 57 0.22398355
121 120 0.00782183
121 122 0.00055496
121 121 0.51211183
61 61 0.39095630
25 25 0.84404279
25 26 0.00286585
25 27 0.00290908
25 28 0.03197730
25 24 0.00194360
47 47 0.54553521
47 45 0.01059711
47 48 0.11100898
47 50 0.01375703
85 79 0.00467040
85 84 0.00191237
85 92 0.00160557
85 86 0.00532398
85 90 0.01510334
85 91 0.00721706
85 83 0.00109502
85 89 0.00356575
85 87 0.00375012
85 88 0.00601673
85 85 0.54330152
85 80 0.00070887
118 118 0.77020410
118 117 0.00827041
118 119 0.00194217
17 16 0.00052340
17 17 0.66847154
127 126 0.00596042
127 127 0.91199788
127 128 0.00138025
67 70 0.00524376
67 67 0.29823183
41 42 0.04103029
41 40 0.01195759
41 41 0.62803867
41 44 0.10570848
41 43 0.04159104
20 20 0.38550333
4 5 0.04153577
4 4 0.62372969
4 3 0.04711846
27 26 0.00163581
27 25 0.00675014
27 27 0.74190696
27 28 0.00231217
27 30 0.00052673
27 29 0.00203736
89 91 0.01910226
89 83 0.00157575
89 89 0.58383386
89 88 0.01297858
89 87 0.00115094
89 85 0.00060247
89 84 0.00237690
89 95 0.00145756
89 94 0.01704895
89 86 0.00127462
89 93 0.00989014
89 92 0.01278641
89 90 0.02315272
73 80 0.00837159
73 76 0.00087938
73 71 0.00069576
73 73 0.38614326
73 70 0.00392209
73 72 0.00181262
73 74 0.00438568
73 78 0.00365837
73 84 0.00120023
73 79 0.00339203
6 6 0.56736701
6 7 0.02192431
6 5 0.02071622
82 81 0.00380453
82 83 0.00130958
82 89 0.00086752
82 88 0.01795686
82 87 0.00560965
82 84 0.00080755
82 82 0.56635371
82 86 0.00158257
100 100 0.44950583
100 102 0.00052971
100 103 0.00134480
100 101 0.00221622
30 30 0.13028200
30 29 0.00063813
94 91 0.00464437
94 101 0.00089035
94 102 0.00163198
94 98 0.00056946
94 93 0.00257151
94 92 0.00053617
94 100 0.00173969
94 97 0.01874114
94 95 0.00075140
94 96 0.00108991
94 94 0.62988063
29 28 0.00052727
29 27 0.00741495
29 32 0.03752794
29 30 0.00140660
29 29 0.60831779
40 41 0.04993952
40 43 0.05955626
40 38 0.00892903
40 42 0.02414319
40 40 0.67074654
87 94 0.00265209
87 84 0.00153466
87 92 0.01106057
87 86 0.00122541
87 93 0.00244397
87 90 0.01643377
87 91 0.00565059
87 81 0.00091329
87 89 0.01175980
87 87 0.53738913
87 88 0.01846012
87 85 0.00088657
68 74 0.00082353
68 70 0.00052667
68 73 0.00217586
68 71 0.00366254
68 68 0.40727149
68 80 0.00153731
114 113 0.00455295
114 114 0.68896073
46 45 0.00212226
46 48 0.01480040
46 44 0.01530206
46 47 0.11604948
46 46 0.60637037
126 127 0.00094284
126 126 0.76661499
126 125 0.00634482
129 128 0.00609247
129 129 0.67619429
129 130 0.00068645
9 9 0.97171809
9 8 0.00218950
113 112 0.00463423
113 113 0.69960399
81 86 0.00127348
81 82 0.00137934
81 81 0.45991985
81 87 0.00794874
81 88 0.00190047
81 85 0.00128664
81 80 0.00353478
117 118 0.00201363
117 117 0.65179007
117 116 0.00630192
16 16 0.66856896
10 10 0.73820271
58 58 0.25074167
90 87 0.00241826
90 88 0.00099636
90 89 0.00492148
90 91 0.01660634
90 90 0.32821352
90 92 0.01932598
90 86 0.00084228
90 93 0.00673649
90 94 0.00256108
90 95 0.00068521
23 26 0.00102972
23 23 0.42483959
96 91 0.00084218
96 99 0.00070269
96 102 0.00072403
96 104 0.00142975
96 93 0.00480323
96 97 0.00098922
96 96 0.51943867
96 94 0.00376110
7 6 0.02087760
7 7 0.58504175
7 8 0.01243721
26 27 0.00253498
26 28 0.00347565
26 26 0.81737212
26 25 0.00174626
26 24 0.00332501
26 29 0.02510603
123 123 0.61076219
123 122 0.00547369
132 132 0.84768577
132 131 0.00233192
32 32 0.25206660
32 33 0.00387838
32 35 0.00074922
14 14 0.48430438
83 87 0.00129689
83 88 0.01164285
83 89 0.00886569
83 83 0.27090673
83 90 0.00062441
83 82 0.00091793
83 84 0.00268012
83 77 0.00304772
53 51 0.03950281
53 53 0.55570898
53 54 0.01129931
92 95 0.00519668
92 94 0.01426917
92 96 0.00055287
92 100 0.00197499
92 90 0.00285815
92 93 0.00471087
92 92 0.57814380
92 101 0.00102843
92 89 0.00662359
92 91 0.00165227
92 88 0.00056036
86 90 0.00443366
86 92 0.01389068
86 93 0.00228201
86 86 0.53902646
86 94 0.00055821
86 84 0.00261162
86 85 0.00140698
86 80 0.00751493
86 87 0.02599456
86 88 0.00990963
86 89 0.00315172
86 91 0.02192899
86 81 0.00065072
133 132 0.00167105
133 133 0.85974196
63 63 0.47061567
18 18 0.81234326
56 54 0.00155725
56 56 0.28799997
54 54 0.22666080
54 55 0.00055082
54 52 0.00616449
110 109 0.00075430
110 110 0.71784707
75 79 0.00067984
75 77 0.00118038
75 86 0.00054396
75 82 0.00244195
75 72 0.00315764
75 70 0.00070572
75 73 0.00066375
75 76 0.00968029
75 81 0.00126278
75 75 0.64838700
75 69 0.00071268
75 80 0.01277499
75 87 0.00164637
80 84 0.00262864
80 79 0.00301719
80 78 0.00050784
80 86 0.00410408
80 73 0.00183484
80 81 0.01457722
80 80 0.55068468
80 85 0.00106500
80 87 0.00519130
76 78 0.00092224
76 77 0.01514355
76 71 0.00096360
76 73 0.00100544
76 83 0.00082756
76 70 0.00054443
76 81 0.00083397
76 76 0.56642915
76 80 0.00173325
76 75 0.00068706
64 64 0.24882517
45 46 0.10961144
45 47 0.03063119
45 44 0.00180451
45 48 0.13603165
45 43 0.01983939
45 45 0.64834072
101 101 0.42747056
101 106 0.00065500
101 100 0.00161976
71 76 0.00191269
71 71 0.40811588
71 73 0.00061902
71 83 0.00078611
71 72 0.00269014
71 70 0.00281591
71 68 0.00280711
71 78 0.00080169
71 77 0.00088178
71 74 0.00461202
3 5 0.00058872
3 4 0.05039437
3 2 0.05464770
3 3 0.70781509
93 96 0.00576240
93 94 0.01973821
93 95 0.00358402
93 102 0.00096710
93 93 0.63257734
93 100 0.00058930
93 90 0.00273491
93 91 0.00334430
93 89 0.00331450
93 88 0.00066405
1 2 0.06358613
1 1 0.63346387
38 38 0.35884908
38 40 0.00231259
38 41 0.01739831
97 101 0.00092018
97 91 0.00164083
97 95 0.00103257
97 96 0.00082016
97 94 0.00355575
97 100 0.00190635
97 97 0.50677006
97 102 0.00080816
97 99 0.00128409
97 98 0.00069627
97 92 0.00064633
128 127 0.00079387
128 129 0.00061957
128 128 0.77412825
136 136 0.98644573
112 112 0.51417488
36 34 0.00620719
36 35 0.00260350
36 36 0.56534541
36 37 0.00903050
79 78 0.00246682
79 84 0.00269576
79 79 0.52654597
79 86 0.00308086
79 81 0.00261422
79 72 0.00109393
79 73 0.00794301
79 89 0.00077521
79 83 0.00180183
79 87 0.00060936
79 85 0.00253932
79 80 0.02607581
19 19 0.43810069
2 2 0.74917198
2 3 0.05325924
2 1 0.06534348
12 12 0.51891213
43 45 0.04053050
43 43 0.57914938
43 44 0.08869600
43 41 0.02789390
43 46 0.12544905
43 42 0.00405316
91 92 0.00909937
91 93 0.02043397
91 86 0.00084559
91 102 0.00067651
91 90 0.00487000
91 100 0.00052600
91 94 0.03407907
91 96 0.00051483
91 95 0.00133504
91 87 0.00081466
91 88 0.01061424
91 91 0.41549656
91 89 0.00135423
134 133 0.00058116
134 134 0.91938375
22 22 0.26533144
70 68 0.00060308
70 67 0.00359564
70 75 0.00200228
70 76 0.00051451
70 71 0.00490721
70 70 0.49993009
70 72 0.00062446
70 73 0.00538279
70 82 0.00084803
106 105 0.00073447
106 106 0.66387596
28 26 0.00723408
28 28 0.89027768
28 27 0.00110005
28 31 0.00781371
28 29 0.00254887
124 123 0.00068373
124 124 0.64054007
60 60 0.20159014
98 100 0.00159652
98 99 0.00098049
98 102 0.00169552
98 98 0.46891331
98 106 0.00274529
98 101 0.00165477
98 105 0.00077261
74 71 0.00257849
74 72 0.00070203
74 73 0.00232953
74 81 0.01339169
74 80 0.00162086
74 85 0.00089977
74 75 0.00092341
74 68 0.00055843
74 79 0.00451866
74 77 0.00090089
74 74 0.37162906
74 86 0.00118274
109 109 0.56231747
99 99 0.53186120
99 102 0.01670263
99 93 0.00109167
99 98 0.00050663
99 100 0.00053422
99 107 0.00181963
99 106 0.00083378
99 101 0.00060426
34 34 0.76350611
34 35 0.01937243
34 37 0.03770566
125 126 0.00319047
125 124 0.00067095
125 125 0.64540972
84 91 0.00092699
84 83 0.00363929
84 89 0.00465090
84 87 0.00168163
84 88 0.00214720
84 84 0.11921365
84 82 0.00080001
84 90 0.00412534
44 42 0.02498520
44 44 0.56225640
44 47 0.13724945
44 46 0.03650348
44 45 0.09404602
44 43 0.00261927
69 81 0.00211726
69 70 0.00088233
69 72 0.00060357
69 69 0.20818235
103 104 0.00143688
103 103 0.49301902
103 105 0.00094249
115 115 0.74693432
8 7 0.01191442
8 8 0.60746145
8 9 0.00226443
72 71 0.00177700
72 72 0.31891948
72 70 0.00067220
72 73 0.00330364
72 83 0.00178896
72 69 0.00066825
72 78 0.00085295
72 77 0.00344785
72 84 0.00056229
72 79 0.00253820
52 52 0.50984311
52 54 0.00188150
52 53 0.00295540
52 50 0.00093505
111 111 0.43279943
5 5 0.53798929
5 4 0.04155877
5 3 0.00067843
5 6 0.01986798
