82 82 0.75966005
87 87 0.58642083
117 117 0.13347735
101 101 0.80989409
57 57 0.97022967
130 130 0.95731824
90 90 0.93231798
104 104 0.90717637
66 67 0.00199228
66 66 0.95060624
43 43 0.73815317
3 2 0.00260551
3 4 0.09197106
3 3 0.89011732
3 5 0.00141170
99 99 0.78765472
37 37 0.54872092
148 150 0.00088981
148 149 0.01383727
148 148 0.67940421
33 33 0.65591971
52 52 0.70855859
7 8 0.08927220
7 7 0.73537432
7 6 0.00806176
7 9 0.00149933
113 113 0.69497816
4 6 0.00135274
4 4 0.73752512
4 5 0.08460519
4 3 0.00811284
56 56 0.97497477
84 84 0.94207920
34 34 0.71722347
39 39 0.45438943
21 22 0.00364841
21 21 0.87341479
140 140 0.85670533
14 15 0.04680992
14 14 0.49263310
14 16 0.00105256
125 125 0.06581606
18 16 0.00091294
18 19 0.03177522
18 17 0.00238656
18 18 0.87701592
64 64 0.82524644
41 41 0.74990560
35 35 0.71760673
139 139 0.60724720
67 68 0.00211779
67 67 0.95058075
27 27 0.80139191
27 28 0.00190109
116 116 0.50011857
31 31 0.63414667
118 118 0.53769921
127 127 0.87796554
22 22 0.92412439
22 23 0.00163198
131 131 0.59224278
151 151 0.58834405
151 152 0.10834320
8 8 0.80850745
8 7 0.00071043
8 10 0.00169887
8 9 0.07719464
120 120 0.73979901
152 152 0.87878726
152 153 0.08101455
152 151 0.00057913
121 121 0.51381422
110 110 0.55311258
23 23 0.87390249
23 24 0.00122078
85 85 0.94130976
68 68 0.75196306
68 69 0.00216019
70 71 0.00205179
70 70 0.83028522
144 144 0.76889063
123 123 0.16333775
45 45 0.69624325
50 50 0.86506307
126 126 0.91848811
135 135 0.39453899
147 147 0.64135889
147 148 0.00490413
147 149 0.00104344
109 109 0.55074847
96 96 0.58755248
53 53 0.42171307
48 48 0.87387973
30 30 0.70212828
119 119 0.65311165
141 141 0.57318930
73 73 0.63093665
61 61 0.69681278
154 154 0.89868760
154 153 0.00119072
86 86 0.93989521
40 40 0.69190329
88 88 0.58874503
102 102 0.94282318
136 136 0.58064192
10 12 0.00272513
10 11 0.05703982
10 10 0.80275100
10 9 0.00826573
16 17 0.02446550
16 15 0.00262483
16 16 0.76316305
24 24 0.85468406
24 25 0.00117182
77 77 0.83633819
153 153 0.77719753
153 152 0.00095614
153 154 0.01199514
42 42 0.77287876
97 97 0.66878164
15 16 0.02668721
15 15 0.66760660
83 83 0.93814177
92 92 0.42799756
146 146 0.70513541
146 148 0.00085670
146 147 0.00361383
51 51 0.88464292
134 134 0.50763630
55 55 0.96132335
19 19 0.88035343
19 18 0.00210695
19 20 0.02706003
1 3 0.00103106
1 2 0.07164473
1 1 0.78249155
63 63 0.94880505
32 32 0.73183049
17 16 0.00999024
17 18 0.03608232
17 17 0.79751189
60 60 0.67337708
25 25 0.86155447
25 26 0.00075069
78 78 0.71340862
6 6 0.72687109
6 7 0.06681080
6 8 0.00103247
81 81 0.68750312
47 47 0.59245272
20 19 0.00121928
20 20 0.89993780
20 21 0.00735363
91 91 0.56257821
29 29 0.70268652
36 36 0.60128575
94 94 0.60757592
143 143 0.47845109
115 115 0.57550259
71 71 0.94865734
133 133 0.15334919
12 13 0.00316215
12 11 0.00702974
12 12 0.74451274
12 14 0.00063513
28 29 0.00256785
28 28 0.90873067
58 58 0.97438583
2 4 0.00108281
2 2 0.84563057
2 1 0.00207839
2 3 0.07501098
11 13 0.00084233
11 12 0.05859319
11 10 0.00753361
11 11 0.84104015
114 114 0.81553842
38 38 0.57627162
106 106 0.77491841
5 5 0.55176417
5 7 0.00091434
5 6 0.01278819
5 4 0.00260612
108 108 0.48948891
89 89 0.58875632
137 137 0.55603295
100 100 0.79045672
93 93 0.35761155
44 44 0.80370926
111 111 0.53800049
62 62 0.86238076
72 72 0.75028605
150 151 0.05856615
150 152 0.00054590
150 150 0.61159324
59 59 0.97432175
103 103 0.92143411
69 69 0.81701168
69 70 0.00210942
128 128 0.92087340
79 79 0.59201522
65 65 0.92469856
65 66 0.00116425
26 26 0.85194572
95 95 0.76747546
124 124 0.76412396
112 112 0.91048553
122 122 0.43541401
149 149 0.58314765
149 150 0.00390656
74 74 0.74771698
49 49 0.71242486
98 98 0.70305965
129 129 0.95939844
76 76 0.84970917
138 138 0.14777154
132 132 0.26365836
75 75 0.86705768
54 54 0.74332620
107 107 0.75888814
105 105 0.86805107
142 142 0.57578501
46 46 0.66242384
9 8 0.00860353
9 10 0.07364431
9 11 0.00245527
9 9 0.84524873
145 145 0.68840858
13 15 0.00111321
13 13 0.74209385
13 14 0.01886849
13 12 0.00605707
80 80 0.71978794
