95 112 95 112 0.08241280
100 107 100 107 0.10455300
147 151 146 151 0.00836459
64 75 64 73 0.00120971
64 75 63 74 0.02225540
64 76 63 74 0.86019000
64 76 62 75 0.07442820
5 119 5 119 0.28014400
140 158 140 158 0.19987800
62 78 60 77 0.07153110
62 78 61 76 0.63322600
46 58 46 59 0.00147403
46 58 46 58 0.55074300
98 109 98 109 0.10210700
41 63 41 63 0.00217458
44 60 44 60 0.07362340
99 108 99 108 0.10541900
129 133 129 133 0.22672500
68 74 66 72 0.00740027
68 74 67 72 0.00393464
68 74 67 73 0.00051267
68 73 66 72 0.03555820
68 73 66 71 0.39147300
68 73 68 72 0.00060747
68 73 67 71 0.27830000
68 73 67 72 0.02731950
68 72 68 72 0.00735651
68 72 66 71 0.01055330
68 72 66 70 0.01419480
68 72 67 71 0.03126850
82 101 81 101 0.01652080
146 152 145 152 0.00291114
146 152 146 151 0.00143042
146 151 146 151 0.89046100
4 120 4 120 0.27652500
139 159 139 159 0.27477800
87 93 87 93 0.36577300
141 156 141 156 0.15030200
141 155 141 155 0.04255440
45 50 45 50 0.03706440
143 155 142 155 0.00077234
143 154 143 153 0.00052795
143 154 142 154 0.00325939
48 56 48 55 0.09118730
93 114 93 114 0.03199320
109 122 109 122 0.07490880
96 111 96 111 0.07073660
61 78 60 76 0.05421780
61 78 60 77 0.02089430
61 78 61 76 0.17820100
86 94 86 94 0.33457400
86 93 86 93 0.03436450
66 74 64 72 0.03189720
66 74 64 73 0.07014590
66 74 66 73 0.00133959
66 74 66 72 0.00082431
66 74 65 72 0.72282600
66 74 65 73 0.02285270
66 73 64 71 0.00087864
66 73 64 72 0.00178199
66 73 65 71 0.01441630
66 73 65 72 0.02864960
66 73 66 71 0.00095394
66 73 66 73 0.01627990
79 105 77 105 0.45549900
142 155 141 155 0.00050781
142 155 142 154 0.00100373
142 155 142 155 0.20383200
142 154 142 154 0.55785400
142 156 141 156 0.00065282
63 77 62 75 0.84940300
63 77 61 76 0.05480160
50 56 50 55 0.03023190
128 134 128 134 0.17357900
6 118 6 118 0.27157200
92 115 92 115 0.04132800
94 113 94 113 0.05403050
40 64 40 64 0.00263861
111 120 111 120 0.07923630
85 96 85 96 0.21762900
85 94 85 94 0.03962040
135 140 135 140 0.07121500
67 72 67 72 0.00270788
67 72 66 71 0.02663380
67 72 66 70 0.02314520
67 72 65 71 0.00096899
67 72 65 70 0.00084153
67 75 65 73 0.00400019
67 75 66 73 0.00104539
134 141 134 141 0.04826300
65 75 64 73 0.57191900
65 75 65 73 0.00080420
65 75 63 74 0.07929370
39 65 39 65 0.00226458
144 154 144 153 0.00132936
80 104 78 104 0.20844500
81 102 80 102 0.00563825
81 103 79 103 0.67105500
110 121 110 121 0.07965340
60 79 60 77 0.21594800
145 152 144 152 0.00114162
145 152 145 152 0.18941200
145 153 144 153 0.00588588
145 153 145 152 0.00066407
