122 153 122 153 0.00914076
126 135 126 135 0.50006600
125 150 125 150 0.00466912
125 136 125 136 0.60705700
71 110 71 110 0.07273460
44 159 44 159 0.65299700
69 77 69 77 0.01168100
46 59 46 59 0.00072058
49 154 49 154 0.88169300
49 155 49 155 0.00502810
62 69 62 69 0.01375650
62 121 62 121 0.31881200
5 40 5 40 0.49516100
140 152 140 152 0.02233880
58 67 58 67 0.36798900
58 126 58 126 0.00930729
109 120 109 120 0.11175200
52 58 52 58 0.09718740
52 60 52 60 0.04360820
52 152 52 152 0.67378600
10 35 10 35 0.44686000
48 155 48 155 0.53583800
48 156 48 156 0.01360360
45 158 45 158 0.85023300
141 151 141 151 0.05660040
141 156 141 156 0.00075828
51 150 51 150 0.00964962
51 153 51 153 0.45503900
51 59 51 59 0.00568750
51 61 51 61 0.01187640
51 152 51 152 0.03651390
51 136 51 136 0.00061350
121 154 121 154 0.00872165
121 140 121 140 0.28610800
107 122 107 122 0.01224370
87 93 87 93 0.55217700
87 94 87 94 0.02238940
1 43 1 43 0.14261000
4 41 4 41 0.51529500
4 160 4 160 0.00557872
146 151 146 151 0.01340200
82 100 82 100 0.86294700
82 99 82 99 0.03939940
82 98 82 98 0.01667330
2 42 2 42 0.23247200
129 133 129 133 0.36018000
73 110 73 110 0.14550300
74 109 74 109 0.15314800
74 111 74 111 0.03171130
74 107 74 107 0.12165900
74 108 74 108 0.16308800
72 110 72 110 0.08255770
75 110 75 110 0.03189720
57 127 57 127 0.00290120
6 39 6 39 0.31014700
6 40 6 40 0.05646010
50 62 50 62 0.00429869
50 151 50 151 0.00855677
50 137 50 137 0.00083444
128 134 128 134 0.16179800
63 120 63 120 0.19718100
20 26 20 26 0.32591900
113 122 113 122 0.01456670
15 30 15 30 0.50831400
83 97 83 97 0.08723360
142 149 142 149 0.60881400
142 154 142 154 0.00860705
142 155 142 155 0.00142663
43 160 43 160 0.82896600
77 105 77 105 0.60016500
79 103 79 103 0.66467500
21 25 21 25 0.38697900
59 66 59 66 0.07426900
59 125 59 125 0.00665305
53 151 53 151 0.56393800
86 93 86 93 0.02965300
86 94 86 94 0.53497400
127 134 127 134 0.45556500
61 122 61 122 0.18610100
123 152 123 152 0.00748998
123 138 123 138 0.53980300
124 151 124 151 0.01118150
124 137 124 137 0.80079100
8 37 8 37 0.44683200
7 39 7 39 0.35865500
60 65 60 65 0.07043740
60 123 60 123 0.08162800
47 156 47 156 0.53932400
110 119 110 119 0.16196200
81 101 81 101 0.55295100
12 33 12 33 0.43043700
9 36 9 36 0.44684800
14 31 14 31 0.44192300
80 102 80 102 0.55437200
144 152 144 152 0.01036090
144 153 144 153 0.00829457
84 97 84 97 0.59899600
134 141 134 141 0.00193378
65 118 65 118 0.09572130
78 144 78 144 0.00066152
78 104 78 104 0.55391000
135 140 135 140 0.00446412
135 144 135 144 0.00075398
85 94 85 94 0.03170520
85 96 85 96 0.53397900
