136 155 136 155 0.03630090
136 158 136 158 0.85781200
68 85 68 85 0.69854800
68 86 68 86 0.01163960
70 83 70 83 0.93213200
63 91 61 91 0.00089974
63 91 63 91 0.57482100
61 93 61 91 0.00072764
61 93 61 93 0.96347400
61 93 59 93 0.00129453
71 82 71 82 0.87867500
66 87 66 87 0.46939600
9 127 9 127 0.40609400
69 84 69 84 0.87867400
62 92 60 92 0.00127836
62 92 62 90 0.00072310
62 92 62 92 0.96370700
16 119 16 120 0.00509497
72 81 72 81 0.70678600
15 120 15 121 0.00265322
15 121 15 121 0.66457100
137 154 137 154 0.22167100
137 157 137 157 0.68900900
59 95 59 93 0.00066719
60 94 60 92 0.00073484
60 94 60 94 0.97937700
60 94 58 94 0.00131439
75 79 75 79 0.03904100
74 79 74 79 0.48201900
54 100 55 100 0.00181140
140 151 140 151 0.86335800
139 152 139 152 0.97424500
14 122 14 123 0.00489712
138 155 138 155 0.23431800
56 99 56 99 0.27043800
56 102 56 102 0.06827840
10 126 10 126 0.31132400
64 90 62 90 0.00070518
64 90 64 88 0.00062108
142 149 142 149 0.95544200
13 123 13 124 0.00391552
13 123 14 123 0.00052545
65 89 65 89 0.39724300
57 97 55 97 0.00067044
57 101 57 101 0.06827640
67 86 67 86 0.69295200
