63 133 63 133 0.01107410
63 71 63 71 0.21316600
63 71 63 72 0.00595298
78 124 78 124 0.61880800
20 41 20 43 0.00218291
20 41 22 41 0.01082650
134 139 134 139 0.47761100
21 40 23 40 0.00500647
21 40 21 42 0.00199106
13 47 13 48 0.04066420
13 46 13 48 0.00642771
13 46 15 46 0.02076500
90 110 90 110 0.68263000
26 37 26 37 0.60345500
87 115 87 115 0.87263000
22 39 24 39 0.00230687
22 40 22 41 0.00067794
22 41 22 41 0.22851100
80 122 80 122 0.37583300
61 73 61 74 0.00279391
61 135 61 135 0.03050870
27 36 27 36 0.70819600
10 49 12 49 0.00671955
72 81 73 81 0.01455350
1 144 1 144 0.41799300
1 58 1 58 0.42922500
132 141 132 141 0.49670000
124 134 124 134 0.00986635
18 43 20 43 0.01667430
29 34 29 34 0.64921200
24 39 24 39 0.66914700
23 39 23 39 0.02691820
23 40 23 40 0.43496900
84 118 84 118 0.87284600
68 76 69 76 0.00923475
69 75 69 76 0.00162687
69 75 70 75 0.05863580
125 133 125 133 0.04214580
96 105 96 105 0.46991100
96 104 96 104 0.00705415
96 101 96 101 0.00687525
3 56 3 56 0.39483400
62 134 62 134 0.00738957
62 72 62 73 0.00825229
95 102 95 102 0.01051210
12 47 12 49 0.00561616
6 53 6 53 0.29127900
82 120 82 120 0.97252800
9 50 9 51 0.00374803
9 50 11 50 0.00844725
76 126 76 126 0.18824700
86 116 86 116 0.59705700
25 38 25 38 0.60327900
60 74 60 75 0.00807585
98 104 98 104 0.26276300
126 132 126 132 0.10265000
93 107 93 107 0.54968000
28 35 28 35 0.59976200
28 34 28 34 0.00615591
91 109 91 109 0.57756600
59 76 59 76 0.05152250
4 55 4 55 0.39477500
133 140 133 140 0.45504600
19 42 21 42 0.01633450
19 43 20 43 0.00071096
5 54 5 54 0.39628500
94 106 94 106 0.54970000
85 117 85 117 0.65624400
2 57 2 57 0.65766200
11 48 11 50 0.00247365
11 48 13 48 0.02232360
73 80 74 80 0.00584693
73 80 73 80 0.03242770
15 45 15 46 0.06229850
79 123 79 123 0.37886300
83 119 83 119 0.67830200
88 113 88 113 0.26884300
97 104 97 104 0.35622300
97 105 97 105 0.14620900
64 73 64 74 0.00086171
