51 51 0.99737000
64 64 0.99622100
11 11 0.99752200
2 2 0.67458000
47 47 0.99639500
143 143 0.86055900
94 94 0.58266100
117 117 0.59052100
14 14 0.99722300
45 44 0.00079157
45 45 0.99453600
147 147 0.99254300
19 19 0.99714500
137 138 0.00070950
137 137 0.97738100
37 37 0.99713300
109 109 0.68267600
106 106 0.78840500
119 119 0.55964000
116 116 0.65558400
59 59 0.90939500
91 91 0.68484700
28 28 0.99682900
93 93 0.08932170
57 57 0.87674700
146 146 0.99254000
70 70 0.93150200
67 67 0.99566500
35 35 0.99718100
43 44 0.00124469
43 43 0.99503700
126 126 0.82236700
107 107 0.78978500
128 128 0.96119700
44 45 0.00156106
44 44 0.99451500
44 43 0.00066089
115 115 0.65838100
86 86 0.66518200
123 123 0.80748900
9 9 0.99772100
82 82 0.99748900
6 6 0.71467800
12 12 0.99716000
105 105 0.41318100
95 95 0.98916500
42 43 0.00088247
42 42 0.99573100
55 55 0.61636700
92 92 0.99986500
3 3 0.99693000
50 50 0.99713500
125 125 0.88782900
58 58 0.91046200
41 41 0.99666900
114 114 0.55345400
135 135 0.97695300
135 136 0.00096198
23 23 0.99711900
18 18 0.99702000
132 132 0.50979500
77 77 0.89719900
8 8 0.99805800
142 142 0.98724500
72 72 0.90917900
10 10 0.99766300
61 61 0.93169700
27 27 0.99690300
75 75 0.99598200
87 87 0.66387700
26 26 0.99712300
90 90 0.58500500
21 21 0.99718900
138 138 0.90232500
134 134 0.61548000
139 139 0.61817500
78 78 0.67971200
63 63 0.99622900
36 36 0.99707300
145 145 0.98512000
49 49 0.99676800
127 127 0.96135200
97 97 0.50777200
88 88 0.55560700
40 40 0.99683100
79 79 0.78105500
83 83 0.59652700
15 15 0.99706000
73 73 0.76302200
89 89 0.99982100
17 17 0.99711000
33 33 0.99709800
39 39 0.99688100
85 85 0.61135800
104 104 0.41154900
141 141 0.60493200
110 110 0.58284100
5 5 0.03293900
100 100 0.98281900
99 99 0.43280100
81 81 0.99736500
136 136 0.97689400
136 137 0.00067184
112 112 0.99764600
101 101 0.98279300
133 133 0.61629100
129 129 0.96102600
108 108 0.08714060
4 4 0.61812000
71 71 0.89909000
118 118 0.28728500
131 131 0.94148600
65 65 0.99615600
98 98 0.60383800
32 32 0.99716400
60 60 0.89927800
111 111 0.99763900
31 31 0.99691700
130 130 0.96102300
25 25 0.99714600
16 16 0.99714500
46 46 0.99607700
46 45 0.00076995
54 54 0.03115660
113 113 0.99766200
76 76 0.99618500
62 62 0.96762200
38 38 0.99711300
96 96 0.66278500
34 34 0.99718300
66 66 0.99575700
69 69 0.99589600
68 68 0.99590900
84 84 0.32412400
121 121 0.96073700
24 24 0.99708900
29 29 0.99692000
30 30 0.99682500
124 124 0.60871500
1 1 0.15210800
140 140 0.63840800
48 48 0.99638500
74 74 0.99596600
53 53 0.71362700
144 144 0.29318600
52 52 0.99731500
7 7 0.99816300
80 80 0.76361100
103 103 0.44977300
22 22 0.99714500
122 122 0.79699900
13 13 0.99720900
120 120 0.96057700
56 56 0.99520900
102 102 0.98906900
20 20 0.99723800
