48 48 0.46225771
48 43 0.00072089
48 42 0.00130254
48 39 0.00199592
48 34 0.00053972
48 37 0.00623005
48 38 0.00146729
48 52 0.00108094
48 47 0.00147042
116 120 0.01034875
116 119 0.94880957
116 118 0.00759313
69 75 0.00748112
69 61 0.00542004
69 73 0.00070031
69 76 0.04620867
69 59 0.00056082
69 71 0.01814248
69 69 0.00076948
69 67 0.00052470
69 66 0.00064880
69 72 0.42339688
7 11 0.00079004
7 3 0.01356891
7 10 0.00058478
7 4 0.00193122
7 7 0.25936516
7 6 0.00281872
90 87 0.00061219
90 91 0.00206045
90 95 0.00663318
90 93 0.46208243
90 94 0.00402110
90 85 0.00546085
90 92 0.00150438
90 86 0.00852155
5 9 0.00071870
5 2 0.00128331
5 3 0.00074402
5 5 0.56748263
5 6 0.00056418
5 4 0.00162941
34 33 0.01345527
34 36 0.00179237
34 29 0.00060192
34 37 0.01708216
34 35 0.00117688
34 32 0.00492684
34 38 0.00302038
34 40 0.00137282
34 39 0.00420579
34 34 0.49721510
34 28 0.00400190
34 25 0.00608437
34 43 0.00094599
34 42 0.00054103
34 31 0.00366328
26 31 0.00099814
26 30 0.00259046
26 25 0.01260214
26 21 0.00418576
26 28 0.00980078
26 20 0.00243880
26 34 0.00062631
26 32 0.00822070
26 18 0.00186518
26 27 0.00444727
26 35 0.00187368
26 23 0.01280089
26 26 0.55950953
26 22 0.00514618
26 17 0.00081738
26 29 0.01792801
26 19 0.00150465
26 24 0.05204855
27 26 0.01365082
27 23 0.00252675
27 35 0.00074747
27 18 0.00106568
27 27 0.55678275
27 32 0.00185413
27 24 0.01083789
27 36 0.00192022
27 33 0.01030363
27 19 0.00559181
27 29 0.01374110
27 22 0.00306726
27 28 0.00389931
27 21 0.00273194
27 30 0.01833578
27 25 0.04212151
27 31 0.00169343
27 20 0.00170183
9 8 0.00910736
9 3 0.00065382
9 11 0.00052793
9 10 0.00214957
9 9 0.30104532
9 13 0.01167501
9 4 0.00255651
9 6 0.00089301
9 12 0.00076256
9 5 0.00691542
95 91 0.00070989
95 96 0.00285906
95 98 0.82676020
95 93 0.00096855
95 94 0.00133873
95 99 0.00540912
95 92 0.01869540
17 20 0.00253513
17 13 0.00722166
17 21 0.00550487
17 16 0.01290860
17 14 0.00121998
17 17 0.55164635
17 19 0.00396725
17 10 0.00224351
17 22 0.00383291
17 26 0.00223561
17 11 0.00527698
17 23 0.00220769
17 18 0.00723137
17 15 0.00222422
105 110 0.00126291
105 105 0.00050448
105 109 0.01812196
105 101 0.00192771
105 107 0.00956157
105 106 0.00122300
105 108 0.63162348
81 71 0.00089238
81 68 0.00078131
81 81 0.00416201
81 77 0.00397692
81 72 0.02404789
81 85 0.02513589
81 82 0.00551772
81 86 0.00138999
81 78 0.00119380
81 80 0.01781734
81 76 0.00053017
81 83 0.01773004
81 84 0.53398642
81 73 0.00724441
81 79 0.00344121
119 123 0.00311357
119 122 0.67032703
119 121 0.00530086
42 47 0.01994701
42 36 0.00774630
42 33 0.00692940
42 35 0.00060621
42 38 0.00135444
42 37 0.00135152
42 44 0.00119234
42 45 0.00937965
42 39 0.00183565
42 46 0.01069830
42 42 0.55130208
42 43 0.01516688
42 31 0.00169585
42 41 0.00200026
56 59 0.00450413
56 55 0.08533265
56 47 0.00149986
56 53 0.00146920
56 56 0.59854966
56 60 0.00056871
60 61 0.00470781
60 65 0.00359087
60 63 0.13140507
60 62 0.00094867
60 59 0.00181749
60 58 0.00063757
60 60 0.25028749
60 57 0.05047251
60 67 0.00374275
60 64 0.03337454
86 80 0.00232393
86 88 0.02478452
86 84 0.00150760
86 73 0.00066341
86 79 0.00237868
86 76 0.00258837
86 83 0.01217134
86 89 0.74112208
86 87 0.00164283
86 78 0.00111621
86 90 0.00090157
86 82 0.01542022
86 85 0.00188674
86 77 0.02479574
86 81 0.00125234
82 86 0.00378277
82 82 0.00069888
82 85 0.46528782
82 81 0.00426012
82 80 0.00092604
82 84 0.00863290
82 73 0.01301847
82 83 0.00122216
82 78 0.00149734
66 68 0.02065043
66 57 0.01830027
66 69 0.42878372
66 56 0.01810005
66 66 0.00628674
66 54 0.00079290
66 64 0.00780488
66 67 0.00093859
66 72 0.00114833
66 63 0.06324590
66 58 0.00084388
66 73 0.00378846
66 55 0.00199569
12 17 0.00305505
12 19 0.00053846
12 10 0.00078694
12 14 0.00097624
12 16 0.01369532
12 15 0.00364265
12 8 0.00572299
12 11 0.04118454
12 12 0.31647415
12 6 0.00104579
12 21 0.00104791
12 13 0.00356375
75 78 0.60066234
75 75 0.00186836
75 74 0.02199255
75 65 0.00192167
75 80 0.00471099
75 76 0.00058650
75 73 0.00902199
75 79 0.01595262
75 81 0.00515658
75 77 0.00282659
75 72 0.00492393
75 82 0.02078505
111 115 0.00914884
111 113 0.01232834
111 114 0.46134046
32 23 0.00256744
32 37 0.00237989
32 26 0.00119913
32 38 0.00174491
32 32 0.58912733
32 27 0.00129550
32 35 0.00334427
32 33 0.00621499
32 36 0.00456410
32 24 0.00343937
32 29 0.00422772
32 21 0.00391694
32 28 0.00112946
32 31 0.02719843
32 42 0.00050978
32 30 0.00594418
32 25 0.00147033
32 34 0.00195434
76 78 0.00959325
76 74 0.03428849
76 75 0.04175676
76 70 0.00073921
76 80 0.01778989
76 83 0.01403618
76 76 0.00481749
76 79 0.59737121
76 73 0.00195067
76 71 0.00107633
76 81 0.01072287
76 77 0.00087485
76 82 0.00549692
76 67 0.00101463
83 79 0.00127476
83 84 0.00069713
83 88 0.00106810
83 74 0.02093319
83 87 0.01180494
83 86 0.54571814
83 82 0.00289989
83 85 0.00732645
83 81 0.00213340
55 41 0.00064439
55 57 0.00157719
55 45 0.00147135
55 54 0.09242222
55 46 0.02563013
55 53 0.00054705
55 55 0.49684303
55 62 0.00085051
55 59 0.00123634
55 47 0.02739575
55 58 0.00269591
4 5 0.00073621
4 7 0.00180677
4 4 0.74828443
4 8 0.00473051
4 3 0.00258353
31 40 0.00119285
31 32 0.00089302
31 35 0.00080757
31 23 0.00082524
31 37 0.01840394
31 26 0.00052432
31 22 0.00582138
31 29 0.00490886
31 36 0.00250010
31 33 0.00143692
31 24 0.00129763
31 31 0.46693953
31 43 0.00101194
31 25 0.00167234
31 30 0.00204889
31 28 0.00339718
31 20 0.00191155
31 34 0.02098206
31 39 0.00239678
25 32 0.00057177
25 18 0.00086857
25 27 0.01116928
25 23 0.00772328
25 26 0.00551556
25 17 0.00096099
25 29 0.00260417
25 19 0.00341863
25 22 0.01329700
25 33 0.00081193
25 24 0.01568535
25 31 0.00678900
25 30 0.00064220
25 25 0.51073117
25 21 0.00598185
25 28 0.01734804
25 20 0.00604547
25 34 0.00172107
67 68 0.00121763
67 57 0.00685387
67 69 0.01847943
67 64 0.02132378
67 67 0.00643429
67 74 0.00643124
67 65 0.00111375
67 63 0.00201384
67 73 0.00062805
67 59 0.00051939
67 55 0.00057718
67 70 0.56807544
6 5 0.00306769
6 6 0.32526409
6 10 0.01360681
6 3 0.00550625
6 2 0.00232481
65 73 0.00301476
65 62 0.01411360
65 55 0.01444159
65 65 0.05710829
65 63 0.00347619
65 66 0.00108023
65 54 0.00191010
65 67 0.01669999
65 72 0.04918623
65 68 0.41214845
65 57 0.02362901
65 56 0.02099539
65 71 0.00569157
3 3 0.41931259
3 2 0.00105684
3 4 0.00111910
3 6 0.00090100
3 7 0.00402534
107 111 0.11379480
107 108 0.00126520
107 112 0.00591410
107 103 0.00066510
107 109 0.00954418
107 110 0.55708985
18 20 0.00213381
18 21 0.00160131
18 17 0.00558897
18 19 0.00666479
18 22 0.00339309
18 14 0.00101978
18 24 0.00125317
18 15 0.00054802
18 18 0.60735372
18 23 0.00366703
73 77 0.01036294
73 71 0.04868264
73 69 0.00055868
73 64 0.00432329
73 66 0.00063614
73 72 0.01174090
73 78 0.00111821
73 63 0.02790843
73 79 0.00796396
73 73 0.00157758
73 76 0.42067124
73 70 0.06244425
73 80 0.03761865
103 107 0.01070848
103 106 0.57593139
103 108 0.00118296
103 98 0.00082579
103 102 0.00060529
103 105 0.00176043
103 99 0.00239379
58 61 0.01563473
58 63 0.00676969
58 65 0.00057324
58 55 0.01248620
58 59 0.00132591
58 62 0.02059941
58 58 0.39760882
58 56 0.00114594
58 60 0.00142975
58 57 0.07795343
115 120 0.00052755
115 119 0.01197874
115 117 0.00523053
115 118 0.86460023
59 57 0.00198864
59 50 0.00062216
59 60 0.00624459
59 56 0.01631872
59 64 0.00732367
59 63 0.04712017
59 61 0.00422125
59 58 0.00233548
59 59 0.35483309
59 62 0.04080755
29 32 0.00783590
29 38 0.00054417
29 35 0.01197414
29 27 0.02022225
29 37 0.00200535
29 23 0.00137886
29 26 0.00524143
29 29 0.65009182
29 22 0.00127614
29 33 0.00089869
29 24 0.00146952
29 31 0.01437090
29 30 0.00358793
29 25 0.00152196
29 21 0.00444800
29 28 0.02149221
29 41 0.00053948
29 20 0.00478173
29 34 0.00156028
57 60 0.00598489
57 56 0.08703185
57 57 0.64911522
57 48 0.00063347
57 54 0.03089042
57 61 0.01454183
57 55 0.00081474
57 62 0.00224588
57 59 0.00063227
13 13 0.46361357
13 12 0.03955366
13 6 0.00075215
13 11 0.00118080
13 15 0.00096076
13 18 0.00402712
13 9 0.01083671
13 14 0.01128063
13 16 0.00202640
13 17 0.01303912
13 10 0.00070145
71 77 0.00977980
71 68 0.00306245
71 69 0.00151687
71 76 0.00085946
71 62 0.00837420
71 70 0.00061981
71 78 0.04283354
71 74 0.46024415
71 63 0.01103197
71 75 0.00297046
71 61 0.03105075
99 102 0.31809780
99 95 0.00100375
99 103 0.00224907
45 40 0.00187683
45 38 0.00098406
45 37 0.00118194
45 49 0.00147308
45 36 0.00286976
45 50 0.00365772
45 43 0.00235490
45 42 0.00066373
45 48 0.00066629
45 41 0.00134014
45 45 0.67752746
45 34 0.00827494
45 44 0.01520749
45 46 0.00937296
45 39 0.00225386
120 124 0.00174438
120 123 0.67747706
120 122 0.00467025
23 26 0.01565480
23 23 0.65177145
23 18 0.00520772
23 27 0.00178734
23 32 0.00167756
23 24 0.00158592
23 29 0.00537813
23 19 0.00826279
23 17 0.00445456
23 22 0.00320263
23 28 0.00057006
23 21 0.00901383
23 30 0.00072200
23 25 0.00258386
23 31 0.00091825
23 20 0.00178656
89 92 0.51154237
89 86 0.00141551
89 85 0.01499294
89 90 0.00083871
89 94 0.00269406
89 93 0.00102416
89 84 0.00302263
89 91 0.00436739
38 31 0.00061241
38 30 0.00129289
38 43 0.01790951
38 42 0.01326383
38 41 0.01064431
38 44 0.00060886
38 39 0.05266370
38 32 0.00565669
38 38 0.58662842
38 40 0.00066149
38 35 0.00198258
38 27 0.00250348
38 37 0.01214453
38 29 0.00339830
38 36 0.00387073
38 33 0.00061069
117 119 0.00714112
117 120 0.95313607
117 121 0.00703076
96 100 0.02889860
96 99 0.77852480
96 97 0.00315846
96 93 0.00315657
96 94 0.00337334
96 95 0.00146238
96 98 0.00067540
96 96 0.00196713
79 78 0.02626869
79 74 0.00059597
79 75 0.00175053
79 80 0.00198320
79 70 0.01023594
79 83 0.03687623
79 76 0.00301742
79 79 0.01376145
79 84 0.02501834
79 71 0.00152887
79 81 0.01724476
79 77 0.00380613
79 82 0.56442056
79 85 0.00305632
79 86 0.00061042
101 97 0.00290833
101 105 0.00346507
101 100 0.00114078
101 96 0.00104882
101 104 0.29815274
52 54 0.00358367
52 44 0.00169769
52 57 0.00151957
52 56 0.03400522
52 43 0.01202618
52 42 0.00205347
52 51 0.00094197
52 52 0.36037081
52 55 0.00223057
52 38 0.00281327
47 44 0.00054586
47 46 0.01008505
47 39 0.00050581
47 50 0.00096038
47 42 0.00098031
47 41 0.00142388
47 47 0.69690073
47 36 0.00754974
47 51 0.00105152
47 38 0.00793587
47 37 0.00050154
1 2 0.00074507
1 1 0.98769789
21 23 0.00218314
21 26 0.00053396
21 18 0.00730570
21 27 0.00272424
21 24 0.00160494
21 16 0.00072054
21 29 0.00084206
21 17 0.01176259
21 19 0.01387453
21 22 0.00638851
21 21 0.64155430
21 25 0.00147997
21 20 0.01314742
28 23 0.00171057
28 37 0.00201313
28 26 0.02944690
28 32 0.00117229
28 27 0.01684081
28 33 0.00197963
28 36 0.00149949
28 24 0.00215845
28 22 0.00268664
28 29 0.00383931
28 19 0.00293237
28 21 0.00154825
28 28 0.49700340
28 31 0.02041495
28 30 0.01330004
28 25 0.00831645
28 20 0.00619231
28 34 0.01223334
114 116 0.01076358
114 119 0.00070425
114 118 0.00813693
114 117 0.41153510
50 54 0.01954115
50 39 0.00101512
50 44 0.00089264
50 41 0.00817507
50 57 0.00106907
50 56 0.00185639
50 50 0.33576954
50 36 0.00086308
50 55 0.00273539
50 49 0.00154042
50 53 0.00091110
50 40 0.00296716
30 31 0.00195199
30 25 0.00100514
30 30 0.52980053
30 21 0.00727788
30 28 0.00608989
30 34 0.00311260
30 39 0.00115200
30 32 0.00216951
30 38 0.00170327
30 35 0.00136393
30 27 0.00278428
30 23 0.00110947
30 29 0.00920892
30 22 0.00098036
30 33 0.01805479
30 36 0.00456698
30 24 0.00307605
102 106 0.00446222
102 101 0.00081486
102 98 0.00299336
102 105 0.34805161
102 97 0.00084815
121 123 0.00400978
121 124 0.42814110
20 13 0.00210629
20 28 0.00101771
20 21 0.00236568
20 25 0.00145336
20 20 0.68907654
20 26 0.00483964
20 23 0.00330070
20 27 0.00091140
20 18 0.00845178
20 24 0.00235363
20 16 0.00207026
20 14 0.00241489
20 19 0.01843115
20 17 0.00755995
20 29 0.00197138
20 22 0.00442439
63 70 0.04783519
63 62 0.01714250
63 55 0.01383131
63 63 0.06949191
63 65 0.03261640
63 53 0.00067964
63 61 0.00250271
63 64 0.00371081
63 67 0.00102704
63 54 0.03540653
63 66 0.39227375
63 71 0.00439638
63 69 0.00201182
63 60 0.00801932
63 56 0.00191575
104 109 0.00101446
104 100 0.00210978
104 99 0.00065609
104 107 0.73992099
104 106 0.00497131
104 108 0.04897106
104 103 0.00073043
53 45 0.02326166
53 44 0.01693577
53 46 0.00067586
53 39 0.00236477
53 54 0.00166216
53 43 0.00134327
53 56 0.00159742
53 57 0.04281028
53 55 0.00336607
53 58 0.00066966
53 53 0.43188491
122 125 0.99916970
80 81 0.00239725
80 77 0.00294211
80 71 0.04967953
80 82 0.01726888
80 85 0.02136152
80 86 0.00062310
80 72 0.01083321
80 78 0.00249080
80 75 0.00059091
80 83 0.59480578
80 76 0.00395464
80 79 0.02334045
80 84 0.04360312
80 80 0.01092238
80 70 0.00076625
62 64 0.00400651
62 67 0.00225705
62 54 0.01111082
62 66 0.00126123
62 68 0.00128658
62 69 0.04308527
62 70 0.00424784
62 62 0.02074218
62 59 0.00254095
62 55 0.00076318
62 65 0.27735142
62 63 0.00144007
62 53 0.00155074
62 61 0.02593143
22 20 0.04188713
22 30 0.00065611
22 25 0.00083507
22 28 0.00240344
22 21 0.02046318
22 17 0.00405195
22 19 0.01810780
22 22 0.72474830
22 24 0.00412629
22 16 0.00248690
22 27 0.00101533
22 18 0.01393754
22 15 0.00067725
22 26 0.00141012
22 23 0.00385327
68 64 0.00111445
68 66 0.00189934
68 72 0.00064660
68 57 0.00163872
68 68 0.00525575
68 71 0.60239180
68 56 0.00058756
68 69 0.00120063
68 58 0.00304085
68 70 0.03299094
68 65 0.03353942
68 74 0.00966932
68 75 0.04797014
93 90 0.00172360
93 94 0.00530658
93 97 0.02422853
93 95 0.00210064
93 98 0.00074774
93 88 0.01119281
93 96 0.74753665
93 89 0.00126452
92 94 0.00152629
92 93 0.00801970
92 97 0.00090822
92 90 0.00135059
92 87 0.03510986
92 89 0.01879411
92 96 0.01388739
92 95 0.47970725
92 88 0.00408194
64 70 0.00556230
64 55 0.02309450
64 62 0.00414220
64 65 0.00696214
64 63 0.01988765
64 61 0.05756194
64 67 0.43346129
64 64 0.01545272
64 54 0.01113734
64 66 0.03758707
64 72 0.00429510
64 57 0.00177986
64 71 0.04878314
64 56 0.02261910
46 44 0.00299193
46 45 0.00326020
46 39 0.00066054
46 46 0.46459198
46 43 0.00112025
46 42 0.00075840
46 50 0.01008539
46 41 0.00124119
46 47 0.00491858
46 36 0.00062617
46 35 0.00822200
46 40 0.00185504
46 38 0.00061284
46 37 0.00299213
54 53 0.00806548
54 40 0.00098359
54 61 0.00068841
54 58 0.00114172
54 57 0.00251104
54 54 0.62336560
54 46 0.02666285
54 44 0.00118324
54 45 0.02374307
72 76 0.00690745
72 79 0.04053892
72 62 0.00461245
72 70 0.02848228
72 63 0.02088783
72 65 0.00067049
72 75 0.42799218
72 78 0.00817081
72 64 0.00225039
72 72 0.00096545
72 77 0.00111382
72 69 0.02560342
72 71 0.00831779
11 7 0.00079065
11 20 0.00080919
11 5 0.00162549
11 12 0.01035228
11 13 0.00378211
11 4 0.00260947
11 16 0.00396148
11 14 0.00494439
11 9 0.00186730
11 10 0.04142715
11 17 0.00134936
11 11 0.80277052
11 8 0.00052482
11 15 0.01594527
35 34 0.00203904
35 39 0.00272952
35 30 0.00124963
35 31 0.00073952
35 41 0.00153125
35 29 0.00260632
35 24 0.00367035
35 33 0.00475110
35 36 0.00111300
35 35 0.52049164
35 32 0.00418504
35 38 0.00568319
35 40 0.00834427
35 26 0.01430058
35 37 0.00096751
33 36 0.00354395
33 33 0.49043082
33 24 0.00548397
33 22 0.00241538
33 37 0.00536047
33 26 0.00052315
33 32 0.01874228
33 38 0.00261627
33 35 0.00070369
33 27 0.00184449
33 39 0.00156416
33 34 0.00286549
33 28 0.00096077
33 31 0.00630673
33 30 0.00342688
98 102 0.00157700
98 97 0.00057178
98 94 0.00072793
98 100 0.00096430
98 99 0.00071901
98 101 0.36813487
98 95 0.00094272
24 20 0.00679553
24 30 0.00293162
24 25 0.00597779
24 21 0.00167396
24 28 0.00208194
24 22 0.01439295
24 17 0.00097758
24 19 0.00391360
24 24 0.48208539
24 27 0.00352328
24 18 0.00491980
24 23 0.00280870
24 26 0.00153191
70 61 0.00170127
70 74 0.00087306
70 75 0.00092805
70 62 0.00062883
70 76 0.00630788
70 73 0.43822475
70 68 0.00273938
70 77 0.04450812
70 72 0.00099410
70 67 0.04389690
49 55 0.00069988
49 49 0.22776516
49 38 0.00116896
49 53 0.00070742
49 40 0.00767684
49 45 0.00097228
49 44 0.00234900
49 46 0.00121599
49 39 0.00163690
49 54 0.00239862
49 50 0.00066642
49 43 0.00128214
49 56 0.00050959
49 48 0.00271054
49 41 0.00055943
88 91 0.51501926
88 84 0.00221663
88 93 0.00135998
88 85 0.00174440
88 90 0.00560446
19 12 0.00051622
19 20 0.00370902
19 21 0.00566088
19 28 0.00054972
19 13 0.01127527
19 25 0.00471676
19 24 0.00211429
19 16 0.00631120
19 19 0.63414021
19 17 0.00602378
19 22 0.00345891
19 23 0.00211619
19 15 0.01118775
19 18 0.02431374
19 27 0.00118270
39 44 0.02009068
39 34 0.00100515
39 39 0.66161099
39 31 0.00131864
39 42 0.00650179
39 43 0.01408790
39 30 0.00836815
39 28 0.00455294
39 36 0.00289553
39 33 0.00636480
39 38 0.00721363
39 40 0.00386499
39 32 0.00061809
39 37 0.00495826
100 99 0.00077748
100 103 0.35654998
100 104 0.00325896
100 96 0.00282554
44 47 0.00203795
44 37 0.00072613
44 35 0.00107064
44 38 0.00169821
44 40 0.00106690
44 39 0.00419886
44 46 0.00094012
44 44 0.67357614
44 45 0.00708410
44 41 0.00132368
44 48 0.00408175
44 43 0.00288328
44 42 0.00067033
44 50 0.00058759
2 2 0.95153953
2 3 0.00057389
2 1 0.00111608
2 6 0.00071565
78 79 0.00137213
78 73 0.00060171
78 84 0.00674106
78 83 0.02146466
78 76 0.00592705
78 70 0.00072761
78 80 0.01316318
78 78 0.01908915
78 75 0.00268946
78 74 0.00096009
78 82 0.03022422
78 85 0.00250322
78 81 0.58524576
78 77 0.02819861
78 69 0.00484709
37 33 0.00091330
37 36 0.01347513
37 35 0.00501543
37 32 0.00113037
37 38 0.01736875
37 40 0.00289780
37 26 0.00774704
37 37 0.46879292
37 34 0.00350883
37 39 0.00143653
37 30 0.00066350
37 42 0.01720982
37 43 0.00107727
37 31 0.00498270
37 41 0.00854917
37 28 0.01463761
118 122 0.00401397
118 121 0.80204846
118 120 0.00660874
15 21 0.00306368
15 13 0.00449797
15 20 0.00817402
15 12 0.00138136
15 23 0.00085547
15 11 0.00715843
15 15 0.41655917
15 18 0.00273238
15 8 0.00244962
15 14 0.00690509
15 9 0.00789897
15 16 0.00557112
15 24 0.00365458
15 10 0.00075389
15 19 0.00747063
15 17 0.00818854
87 89 0.02092023
87 78 0.00287015
87 80 0.00212570
87 88 0.00160845
87 79 0.00129756
87 84 0.02600161
87 83 0.02897435
87 81 0.00056299
87 77 0.00057596
87 90 0.75984194
87 92 0.00079860
87 86 0.00070388
87 85 0.00115740
87 82 0.00266749
61 61 0.05245097
61 63 0.00231944
61 65 0.01435490
61 62 0.00074334
61 58 0.00188412
61 52 0.00093705
61 69 0.00241670
61 68 0.02362917
61 64 0.13859557
61 67 0.00056149
106 109 0.20706361
106 110 0.08746352
106 102 0.00106742
106 111 0.00412432
106 107 0.00133194
106 108 0.00771324
108 110 0.01616193
108 109 0.00105190
108 113 0.00560741
108 112 0.13356684
108 111 0.69284522
36 27 0.00922268
36 35 0.00084953
36 38 0.00133515
36 40 0.00249396
36 32 0.00061469
36 37 0.00355763
36 36 0.46569440
36 33 0.00349974
36 42 0.00136905
36 25 0.00423523
36 30 0.00229501
36 31 0.00089237
36 41 0.01482496
36 34 0.00514136
36 39 0.00553242
14 15 0.00342826
14 8 0.00437130
14 18 0.01218846
14 11 0.00204862
14 17 0.00215217
14 19 0.00093901
14 10 0.00889423
14 14 0.45254719
14 16 0.00221847
14 13 0.03349158
14 12 0.00207467
14 20 0.00240848
16 11 0.00102221
16 23 0.00060167
16 18 0.00406276
16 15 0.01111660
16 16 0.66644075
16 9 0.00053711
16 17 0.00952688
16 19 0.00350268
16 10 0.00062718
16 22 0.00159915
16 13 0.00054864
16 21 0.00726863
16 25 0.00370379
16 12 0.00858387
16 20 0.00812020
113 116 0.44647890
113 115 0.00303388
113 118 0.00219467
113 117 0.01757180
77 72 0.00083086
77 67 0.00221940
77 82 0.01891663
77 69 0.00180529
77 68 0.01466569
77 81 0.02074128
77 77 0.01624070
77 80 0.52383442
77 84 0.00575293
77 73 0.00065105
77 79 0.01363650
77 76 0.03870295
77 83 0.00962017
77 75 0.01111814
77 74 0.00177645
77 78 0.00124192
94 98 0.02624184
94 95 0.00367727
94 91 0.00111793
94 89 0.00199437
94 96 0.00135023
94 92 0.01177759
94 97 0.67192073
109 110 0.00110310
109 114 0.00483810
109 113 0.09582138
109 112 0.74557838
109 111 0.02016257
41 41 0.47594691
41 42 0.00361180
41 46 0.00363340
41 39 0.00086963
41 45 0.01851086
41 44 0.01104566
41 34 0.00056262
41 37 0.00088987
41 40 0.00376115
41 38 0.00261024
41 32 0.01342282
41 35 0.00913372
41 36 0.00073692
110 113 0.78387570
110 115 0.00070068
110 112 0.01620075
110 111 0.00071514
110 114 0.06224066
43 48 0.00537382
43 42 0.00208513
43 43 0.56832760
43 46 0.00245942
43 39 0.00123637
43 45 0.00060047
43 34 0.00269150
43 44 0.02223077
43 37 0.00676455
43 32 0.00922201
43 40 0.00118912
43 38 0.00507318
43 35 0.00110135
43 36 0.00149834
43 47 0.02534929
97 96 0.00079893
97 98 0.00102072
97 101 0.02740422
97 95 0.00282602
97 94 0.00137146
97 97 0.00132921
97 99 0.00127302
97 100 0.84811985
85 83 0.00135216
85 76 0.04936249
85 79 0.00213677
85 84 0.00161664
85 88 0.66706693
85 80 0.00174977
85 78 0.00062860
85 75 0.00510578
85 87 0.02573011
85 89 0.00576566
85 82 0.00266350
85 86 0.00054350
85 72 0.00128767
85 77 0.00299763
85 81 0.00333421
74 64 0.00190041
74 72 0.02257591
74 81 0.03298735
74 77 0.44499192
74 68 0.00062531
74 69 0.00059454
74 71 0.01774210
74 76 0.00112814
74 79 0.00188578
74 73 0.02346624
74 80 0.00381497
74 78 0.01361799
74 74 0.00113944
40 29 0.00355132
40 32 0.00051323
40 40 0.43663057
40 38 0.00134727
40 35 0.00074677
40 37 0.00133757
40 45 0.02578875
40 34 0.00162846
40 44 0.01550012
40 39 0.00284513
40 31 0.00194134
40 43 0.00284611
40 41 0.00413338
91 96 0.00347785
91 87 0.00559398
91 95 0.00317550
91 88 0.00217503
91 94 0.49560932
91 93 0.01137227
91 92 0.00179630
91 86 0.03984409
8 4 0.01857772
8 12 0.01350676
8 5 0.00096968
8 7 0.00164739
8 8 0.29359544
8 11 0.00275641
8 10 0.00081954
8 9 0.00109680
84 80 0.00153551
84 88 0.00926520
84 83 0.00226068
84 89 0.00066830
84 87 0.54564142
84 75 0.00100345
84 86 0.02074323
84 82 0.00149659
51 54 0.00362647
51 57 0.00562665
51 41 0.00247441
51 56 0.00326719
51 42 0.00931036
51 43 0.00064613
51 51 0.37958309
51 55 0.02964701
51 37 0.00070522
51 40 0.00062284
112 114 0.00222683
112 116 0.01640440
112 115 0.40248203
10 4 0.00187824
10 13 0.00084971
10 5 0.00050570
10 12 0.00296979
10 6 0.01189330
10 7 0.00093356
10 3 0.00103383
10 15 0.00232091
10 11 0.00389820
10 19 0.00064863
10 10 0.27518610
10 9 0.01888565
10 14 0.01562833
10 16 0.00125791
