54 53 0.00419457
54 55 0.05176742
54 56 0.00556583
54 57 0.00308188
54 45 0.00128467
54 46 0.00431739
54 54 0.72180540
46 40 0.00080497
46 47 0.02009053
46 41 0.00101732
46 42 0.00186301
46 43 0.00086979
46 46 0.25399607
46 44 0.00277353
46 45 0.00631448
64 64 0.08850081
64 67 0.07112493
64 66 0.00775163
64 68 0.00304102
64 63 0.03166631
64 65 0.00637726
92 91 0.00422021
92 90 0.00056759
92 92 0.40292408
92 93 0.00349862
92 94 0.01746415
72 74 0.00070405
72 75 0.01136945
72 76 0.04912457
72 73 0.01125445
72 68 0.00277577
72 77 0.00426176
72 71 0.04806326
72 72 0.33658340
68 71 0.01743317
68 69 0.03954152
68 68 0.31935944
68 72 0.04696333
68 64 0.00077883
68 67 0.01879849
68 70 0.00219639
68 73 0.00725554
93 93 0.37669107
93 94 0.03342760
93 92 0.00168709
93 91 0.00208137
93 95 0.04785887
24 29 0.00392384
24 22 0.00978617
24 24 0.30693426
24 27 0.00603328
24 23 0.00530967
24 20 0.01015260
24 25 0.00382786
24 30 0.00190754
24 21 0.03272371
24 28 0.00353047
98 97 0.00101475
98 96 0.00074311
98 98 0.91438774
33 29 0.00058787
33 36 0.01416328
33 33 0.36357316
33 35 0.00339663
33 27 0.00153898
33 32 0.02891949
33 38 0.00203664
33 37 0.00101625
33 34 0.03485894
33 39 0.00325599
33 30 0.09637244
33 42 0.00059052
33 31 0.01193172
33 28 0.00302145
49 51 0.00413464
49 47 0.00547242
49 49 0.06284249
49 46 0.00169388
49 45 0.00087058
49 44 0.00187026
49 48 0.00228221
49 50 0.00798615
49 43 0.00603171
19 15 0.01509922
19 18 0.05273901
19 23 0.02205331
19 17 0.00296822
19 19 0.69678931
19 22 0.00083329
19 24 0.00475571
19 16 0.01274977
19 25 0.00052751
19 20 0.00735746
88 86 0.00054920
88 90 0.01299082
88 88 0.56391869
88 87 0.05979966
88 89 0.01660186
70 69 0.01836311
70 71 0.06165611
70 66 0.00175122
70 72 0.00066063
70 74 0.05251777
70 75 0.00498963
70 73 0.00651355
70 70 0.72618381
11 10 0.03202421
11 14 0.00069397
11 16 0.00250237
11 15 0.03005693
11 11 0.83796428
11 12 0.00868649
11 7 0.00068225
35 35 0.39249726
35 40 0.00173929
35 38 0.00850157
35 32 0.08836563
35 37 0.00380333
35 29 0.00195964
35 36 0.00211137
35 33 0.00472151
35 30 0.00220008
35 31 0.00165109
35 41 0.00167880
35 34 0.00568141
35 39 0.00116166
121 122 0.00474954
121 121 0.82321616
121 120 0.00457297
20 26 0.00142165
20 23 0.00070930
20 18 0.01360606
20 15 0.00069053
20 24 0.00847353
20 16 0.00515355
20 17 0.01509467
20 19 0.03826067
20 22 0.00066234
20 21 0.00349276
20 25 0.00273527
20 20 0.74073433
114 116 0.00103093
114 114 0.48360204
114 113 0.02462576
114 115 0.01450400
28 31 0.01746131
28 30 0.00372734
28 25 0.08292521
28 21 0.00075490
28 28 0.32458511
28 20 0.00270505
28 34 0.00379740
28 32 0.00139322
28 27 0.00561543
28 37 0.00067491
28 23 0.00069365
28 26 0.04677503
28 29 0.01773615
28 22 0.00231546
28 33 0.00107170
28 24 0.00378448
21 20 0.02686369
21 25 0.01486167
21 21 0.62878639
21 19 0.02722411
21 17 0.01615499
21 22 0.00843346
21 24 0.00196501
21 16 0.00149954
21 18 0.02059764
21 27 0.00152759
21 26 0.00943415
30 39 0.00113706
30 25 0.00330533
30 30 0.60701690
30 31 0.03393678
30 28 0.04674886
30 29 0.00935783
30 24 0.00150823
30 33 0.01598631
30 36 0.00338118
30 27 0.10084432
30 35 0.00058096
30 38 0.00058297
30 32 0.00666705
102 102 0.36375963
50 51 0.00153171
50 47 0.00079695
50 49 0.00138793
50 54 0.00177601
50 45 0.00091198
50 44 0.01050150
50 48 0.00056044
50 50 0.21111254
50 43 0.00073882
22 20 0.03868617
22 25 0.00206395
22 21 0.02189245
22 28 0.00161676
22 17 0.00173341
22 19 0.02986331
22 22 0.71507121
22 24 0.00062610
22 18 0.01615832
22 27 0.00800994
22 23 0.00479651
22 26 0.01133783
62 65 0.00472060
62 63 0.01022210
62 61 0.02076051
62 62 0.08628240
62 60 0.00087849
62 67 0.00080985
62 64 0.00063197
62 66 0.00195112
80 82 0.00855083
80 77 0.02216084
80 81 0.01612191
80 83 0.04027492
80 76 0.00250745
80 79 0.00630520
80 84 0.00548802
80 80 0.55133536
80 78 0.00154768
104 106 0.00073140
104 104 0.29311118
104 105 0.00061483
63 65 0.00329586
63 63 0.56981413
63 62 0.02597090
63 68 0.00189478
63 64 0.00801818
63 67 0.01960811
63 66 0.02964365
122 121 0.00267416
122 123 0.00328145
122 122 0.73987532
53 54 0.04998487
53 44 0.00121956
53 45 0.00457254
53 57 0.00364878
53 56 0.00126209
53 55 0.00314147
53 53 0.29618406
85 82 0.00330572
85 85 0.43133374
85 86 0.02449095
85 87 0.00832914
85 88 0.00158137
85 83 0.00528823
85 84 0.03722410
124 124 0.50461797
41 46 0.00127844
41 39 0.00283433
41 45 0.00242882
41 44 0.00110568
41 41 0.39627907
41 42 0.00568470
41 36 0.00256045
41 37 0.00445912
41 38 0.00258112
41 40 0.01152157
41 35 0.00110289
109 109 0.36542181
109 110 0.04575050
109 112 0.00074584
109 111 0.01166313
109 107 0.00237037
109 108 0.01374487
77 80 0.04517781
77 79 0.00397894
77 73 0.00307291
77 83 0.00132987
77 76 0.01673727
77 78 0.01994485
77 75 0.00273598
77 74 0.00147387
77 82 0.00051086
77 77 0.45033805
77 81 0.02194691
94 96 0.01195775
94 95 0.00482051
94 94 0.38097691
94 93 0.00978249
94 92 0.00135817
97 97 0.85733338
97 99 0.00089128
97 96 0.00510609
97 98 0.00092582
97 95 0.00083728
43 41 0.00061900
43 43 0.52474392
43 42 0.00781898
43 39 0.00661313
43 44 0.02405419
43 37 0.00078585
43 38 0.00513915
43 40 0.00151351
43 47 0.00191835
110 112 0.01173082
110 113 0.00056042
110 111 0.05634266
110 108 0.00242409
110 109 0.01768070
110 110 0.53905954
112 113 0.05690828
112 112 0.72712763
112 111 0.04498491
112 110 0.00184244
112 114 0.00604357
51 50 0.00346400
51 44 0.00068103
51 45 0.00252326
51 54 0.00115325
51 55 0.00118470
51 51 0.25586486
84 81 0.00824540
84 86 0.00809197
84 85 0.07287312
84 82 0.00897786
84 87 0.00189059
84 84 0.45631474
84 83 0.03011964
10 6 0.01063669
10 13 0.00064572
10 10 0.24612415
10 9 0.01859833
10 14 0.03124125
10 15 0.00132859
10 11 0.00590583
74 76 0.00239623
74 79 0.00227738
74 73 0.00576404
74 70 0.00308977
74 80 0.00067453
74 74 0.43352856
74 75 0.01482948
74 78 0.04586596
74 77 0.00958095
74 71 0.00114200
8 9 0.00100343
8 8 0.30886632
8 7 0.00102318
8 5 0.00066199
8 12 0.02409460
8 4 0.01246657
91 90 0.00977725
91 92 0.01796962
91 93 0.04719921
91 91 0.48881248
40 44 0.00293467
40 34 0.00127909
40 45 0.00181667
40 39 0.00856354
40 43 0.00109945
40 41 0.01061744
40 36 0.00335908
40 35 0.00234573
40 38 0.00457610
40 40 0.37959175
40 37 0.00792731
39 39 0.78520433
39 44 0.00295607
39 34 0.00297466
39 41 0.00097489
39 43 0.00377844
39 42 0.00234217
39 33 0.00190388
39 36 0.02329085
39 37 0.02088489
39 35 0.00270040
39 40 0.00595179
39 38 0.03422453
44 38 0.00072965
44 40 0.00504946
44 47 0.00302968
44 48 0.00074358
44 41 0.00179582
44 43 0.01703347
44 42 0.00095918
44 46 0.00298935
44 39 0.00452124
44 45 0.02830210
44 44 0.75852536
100 100 0.91564638
16 21 0.00491958
16 20 0.00477218
16 12 0.00580271
16 15 0.05161110
16 16 0.71261960
16 17 0.01344614
14 13 0.06570805
14 10 0.01539378
14 14 0.40664747
14 18 0.02756639
14 15 0.00181622
14 11 0.00124886
36 36 0.33117751
36 33 0.07712789
36 35 0.00521404
36 40 0.00156456
36 38 0.00427305
36 32 0.00397665
36 37 0.00849970
36 34 0.01093126
36 39 0.00730715
36 42 0.00276152
36 30 0.00228133
36 31 0.00210978
36 41 0.00151793
113 114 0.05275177
113 111 0.00091527
113 115 0.00170814
113 112 0.03404456
113 113 0.76270037
118 120 0.00091106
118 119 0.02210007
118 118 0.83550347
118 117 0.00842907
78 81 0.06368860
78 77 0.01110714
78 82 0.01162209
78 74 0.00294498
78 75 0.00557303
78 78 0.79057918
78 80 0.00311668
78 76 0.00195527
78 84 0.00065291
78 79 0.01442781
2 3 0.00062068
2 2 0.95193413
2 1 0.00092213
2 6 0.00086962
37 41 0.00188686
37 42 0.00219667
37 43 0.00213692
37 31 0.00283230
37 39 0.00393325
37 34 0.06964093
37 37 0.31260541
37 35 0.01061222
37 40 0.00506481
37 38 0.03474382
37 32 0.00198181
37 33 0.00378176
37 36 0.01327045
106 105 0.00094807
106 107 0.00326627
106 106 0.56513312
106 108 0.00720731
108 106 0.00110663
108 108 0.60313745
108 107 0.00894145
108 111 0.00088764
108 110 0.01384765
108 109 0.00868798
108 105 0.00058038
87 89 0.01344919
87 87 0.47294032
87 88 0.02179464
87 86 0.05097134
61 62 0.00569949
61 65 0.00635590
61 63 0.01277424
61 61 0.20859305
61 64 0.02027360
61 60 0.00124977
15 15 0.38369150
15 11 0.01516022
15 19 0.02731894
15 16 0.00275146
15 14 0.02699762
15 12 0.00121779
82 81 0.01033026
82 85 0.01118581
82 82 0.64684982
82 86 0.00068494
82 78 0.00105559
82 83 0.05771065
82 84 0.01741916
82 79 0.02465087
82 80 0.00408954
66 69 0.02909535
66 71 0.00489624
66 68 0.00108542
66 66 0.31684700
66 64 0.00172172
66 67 0.02531818
66 65 0.01864536
66 63 0.00382054
66 70 0.03365683
86 89 0.00051926
86 87 0.01772298
86 84 0.00114834
86 88 0.00938311
86 85 0.02727252
86 86 0.46656655
12 15 0.00057041
12 8 0.01156948
12 11 0.05829514
12 9 0.00056891
12 16 0.02562823
12 13 0.00272832
12 12 0.27329294
81 82 0.04188099
81 85 0.00364511
81 77 0.00165290
81 81 0.68822301
81 80 0.00456293
81 84 0.02000524
81 79 0.00158427
81 83 0.01027307
81 78 0.02724627
105 105 0.36241526
105 107 0.00132152
105 106 0.00159915
56 53 0.00115226
56 55 0.05197202
56 59 0.00190643
56 56 0.70282866
56 57 0.04998145
56 54 0.01564189
60 65 0.00050584
60 63 0.02139376
60 61 0.00374582
60 62 0.00366768
60 60 0.22201800
60 64 0.00533565
119 118 0.00705050
119 119 0.91805774
119 120 0.01839055
119 121 0.00076540
42 36 0.00092862
42 47 0.00089838
42 37 0.00208175
42 40 0.00086493
42 38 0.01413702
42 46 0.00179378
42 39 0.00181569
42 41 0.00600209
42 43 0.00989474
42 42 0.53883067
83 80 0.01928464
83 83 0.62390134
83 79 0.00079564
83 84 0.07301886
83 85 0.01469412
83 82 0.01975413
83 86 0.00387913
83 81 0.00430393
76 72 0.00328946
76 82 0.00147643
76 77 0.02694657
76 81 0.00084342
76 80 0.03640978
76 76 0.40727747
76 73 0.00120028
76 79 0.03575463
76 78 0.00378927
76 75 0.02101248
76 74 0.00075346
55 53 0.00158743
55 58 0.00114965
55 55 0.65428494
55 47 0.00083039
55 57 0.00600390
55 56 0.05225609
55 54 0.05076322
111 111 0.66795293
111 112 0.08792538
111 113 0.00611438
111 109 0.00156492
111 110 0.02499681
75 72 0.00128367
75 77 0.00516968
75 81 0.00084028
75 71 0.00335841
75 79 0.04158861
75 76 0.02825654
75 80 0.00197477
75 74 0.01050101
75 75 0.39898041
75 78 0.01436241
32 26 0.00136919
32 37 0.00130006
32 27 0.00356206
32 35 0.01477249
32 38 0.00323712
32 32 0.39210814
32 36 0.00100273
32 33 0.03540824
32 29 0.09905741
32 42 0.00051496
32 25 0.00058627
32 30 0.02262032
32 31 0.02804251
32 34 0.00417959
7 11 0.00137563
7 3 0.00630334
7 7 0.24931448
7 6 0.00163136
7 4 0.00101430
34 34 0.36779810
34 39 0.00221927
34 31 0.09459716
34 43 0.00067080
34 30 0.00129165
34 28 0.00185570
34 29 0.00203291
34 33 0.02627053
34 36 0.00384508
34 40 0.00081319
34 38 0.00110260
34 32 0.00804057
34 35 0.00463876
34 37 0.01347342
5 4 0.00063667
5 6 0.00110584
5 5 0.56391613
5 7 0.00052872
5 3 0.00076929
5 9 0.00160464
90 89 0.02026512
90 91 0.01502656
90 92 0.06819628
90 90 0.77896752
116 115 0.00849621
116 117 0.02209872
116 118 0.00236337
116 116 0.40895027
48 47 0.01085501
48 49 0.00158135
48 45 0.00126000
48 44 0.00127988
48 46 0.00171909
48 50 0.00170756
48 43 0.00275242
48 42 0.00129728
48 48 0.57208882
69 74 0.00545685
69 65 0.00158768
69 73 0.04997018
69 70 0.03837290
69 68 0.02096068
69 71 0.00273861
69 69 0.33916620
69 72 0.00897151
95 96 0.00581668
95 95 0.40058380
95 94 0.00464203
95 93 0.00612515
95 97 0.00226124
9 8 0.00749948
9 9 0.31187850
9 10 0.00218861
9 13 0.02083182
9 5 0.00529071
17 15 0.00058785
17 18 0.01219640
17 14 0.00068389
17 16 0.01784342
17 22 0.00474881
17 17 0.57812088
17 21 0.01496325
17 13 0.01135063
17 20 0.00068732
26 20 0.00078142
26 28 0.00195394
26 21 0.00061494
26 25 0.00683044
26 30 0.00208707
26 31 0.00128707
26 24 0.04823994
26 29 0.00914042
26 22 0.00792863
26 26 0.39445710
26 23 0.01964405
26 35 0.00065512
26 18 0.00058024
26 27 0.00264393
26 32 0.00223047
27 24 0.04532696
27 36 0.00054228
27 33 0.00250641
27 22 0.00114092
27 29 0.00325419
27 19 0.00349058
27 26 0.00497811
27 23 0.00294024
27 27 0.39781092
27 32 0.00083989
27 20 0.00090671
27 28 0.00467241
27 21 0.00176118
27 30 0.00894462
27 25 0.05565795
27 31 0.00155714
125 125 0.99967124
99 97 0.00054052
99 99 0.85593025
120 122 0.00058267
120 119 0.00597870
120 121 0.01426510
120 120 0.92522984
45 40 0.00173429
45 47 0.00126387
45 42 0.00079067
45 43 0.00144218
45 41 0.00414352
45 48 0.00145022
45 44 0.01493776
45 45 0.72800128
45 39 0.00078562
45 46 0.03217174
13 13 0.38791014
13 12 0.03897043
13 18 0.00390135
13 14 0.01287932
13 9 0.01009089
13 10 0.00084482
13 17 0.02802025
57 58 0.00212782
57 55 0.01757714
57 59 0.00073064
57 61 0.00178393
57 54 0.02391449
57 57 0.74963401
57 56 0.03653264
57 60 0.00247491
71 71 0.76964305
71 72 0.04671153
71 75 0.05023844
71 74 0.00958477
71 70 0.04872168
71 76 0.00481620
52 56 0.00080499
52 46 0.00067531
52 54 0.00171089
52 53 0.00402479
52 52 0.19939794
101 101 0.34314915
79 75 0.00274039
79 78 0.00698257
79 79 0.65506686
79 76 0.01680457
79 83 0.00895579
79 80 0.01612198
79 81 0.00314056
79 77 0.00223848
79 82 0.05085954
1 1 0.98836580
1 2 0.00065435
47 47 0.76414273
47 44 0.00105782
47 45 0.00137153
47 46 0.00774455
47 43 0.00101019
47 42 0.00073683
47 48 0.00748652
23 20 0.03867905
23 25 0.00051408
23 28 0.00521246
23 21 0.04569236
23 19 0.01747448
23 29 0.00183962
23 22 0.01729515
23 24 0.00486095
23 27 0.00673761
23 18 0.00179590
23 26 0.00256859
23 23 0.70418287
96 97 0.00385793
96 94 0.00301830
96 98 0.00113625
96 95 0.00328250
96 96 0.85016464
117 118 0.02301400
117 117 0.39756991
117 116 0.01630903
117 119 0.00115965
38 41 0.00329488
38 43 0.00356934
38 42 0.00353393
38 39 0.03685704
38 44 0.00164130
38 34 0.00305058
38 37 0.03966658
38 38 0.78013598
38 40 0.00183299
38 32 0.00212570
38 35 0.03770942
38 36 0.01910655
38 33 0.00230907
89 90 0.01077706
89 91 0.01968781
89 89 0.75898511
89 87 0.00087527
89 88 0.05154601
67 70 0.01759559
67 65 0.00121355
67 72 0.00368765
67 67 0.44999635
67 64 0.00219719
67 66 0.01178258
67 71 0.00715093
67 69 0.00161031
67 68 0.02254488
6 5 0.00224604
6 6 0.33178064
6 3 0.00215570
6 2 0.00102612
6 10 0.02408751
4 7 0.00056708
4 6 0.00055539
4 5 0.00148568
4 4 0.85667013
4 8 0.01005531
4 3 0.00140744
25 27 0.00121401
25 23 0.00579601
25 26 0.00229938
25 19 0.00115187
25 17 0.00056913
25 29 0.00240723
25 22 0.04580035
25 24 0.00996568
25 31 0.00218722
25 30 0.00206937
25 25 0.31146020
25 21 0.01033052
25 28 0.00897513
25 20 0.00081810
25 34 0.00063923
31 34 0.01590109
31 31 0.36817572
31 25 0.00156980
31 30 0.01257122
31 28 0.10419158
31 29 0.04619600
31 33 0.00560644
31 36 0.00113704
31 24 0.00056696
31 32 0.03529746
31 35 0.00051431
31 37 0.00290165
31 26 0.00327192
115 114 0.00409908
115 116 0.02637676
115 115 0.33239192
115 117 0.00081664
58 63 0.00071681
58 61 0.00630915
58 58 0.26637462
58 59 0.00130597
58 62 0.00264510
58 55 0.00166226
58 57 0.02332119
58 56 0.00081060
58 60 0.00053865
73 76 0.01024380
73 79 0.00056583
73 73 0.37532102
73 74 0.00417174
73 75 0.00210921
73 78 0.00284595
73 72 0.01734935
73 69 0.00304522
73 77 0.04699992
103 103 0.38916976
29 28 0.00640954
29 21 0.00075282
29 30 0.03340069
29 25 0.00081286
29 31 0.00461806
29 34 0.00060785
29 26 0.09596207
29 23 0.00109797
29 35 0.00436122
29 27 0.04450139
29 32 0.01678953
29 38 0.00114379
29 24 0.00315965
29 33 0.00066411
29 29 0.59310989
29 22 0.00051054
59 59 0.19387625
59 62 0.01936059
59 58 0.00383279
59 61 0.00282350
59 63 0.00182505
59 56 0.00051957
59 60 0.00241504
59 57 0.00183999
123 123 0.75318599
123 122 0.00149232
123 124 0.00153219
65 70 0.00517219
65 65 0.54046881
65 63 0.00309433
65 66 0.00600031
65 64 0.02841348
65 67 0.00272200
65 69 0.04537868
65 68 0.06183084
18 21 0.00081798
18 23 0.00479619
18 15 0.00231258
18 18 0.64239118
18 14 0.00155182
18 16 0.00054364
18 22 0.02322134
18 17 0.01098407
18 19 0.00863660
3 2 0.00061673
3 3 0.70907841
3 4 0.00175706
3 7 0.00537104
107 108 0.01303591
107 106 0.00484182
107 107 0.78046565
107 109 0.00346133
107 110 0.00070392
