92 92 0.46281000
66 66 0.40352100
17 17 0.55899000
123 122 0.00229553
123 123 0.91286400
107 107 0.99878600
107 106 0.00055015
71 71 0.99947300
130 130 0.78348500
130 129 0.00059918
130 131 0.00361717
112 112 0.99711400
87 87 0.89285900
25 24 0.02365520
25 25 0.97572600
28 28 0.39469800
16 16 0.46258900
128 128 0.98393700
128 127 0.00681408
128 129 0.00157654
90 90 0.53882700
109 109 0.99924000
89 89 0.43784300
54 54 0.06931230
72 72 0.99949600
97 97 0.99943200
110 110 0.89537600
44 44 0.41297400
8 8 0.56007900
96 96 0.95009200
46 46 0.41187900
91 91 0.53867700
81 81 0.46007900
32 32 0.95345500
34 34 0.29628900
102 102 0.99912400
13 13 0.99478300
15 15 0.85463900
22 21 0.03728160
22 22 0.93042000
11 11 0.85471500
113 113 0.99475900
64 64 0.32229000
111 111 0.99880000
60 60 0.33376200
57 57 0.94316400
21 20 0.06763360
21 21 0.92965100
62 62 0.97101700
61 61 0.32985600
126 125 0.01417930
126 126 0.83389900
101 101 0.99925500
124 123 0.03652330
124 124 0.91313600
95 95 0.78575900
7 7 0.49439200
106 106 0.99835900
106 105 0.00084244
79 79 0.56090900
69 69 0.39480100
77 77 0.99854100
117 117 0.94614900
70 70 0.99942400
74 74 0.80602800
129 128 0.00395072
129 129 0.98702000
129 130 0.00151542
48 48 0.98225300
10 10 0.99416300
39 39 0.31399800
86 86 0.97863300
127 128 0.00065364
127 126 0.01034970
127 127 0.13942700
116 116 0.91973300
132 132 0.99241300
31 31 0.38929800
43 43 0.08564830
99 99 0.99914600
88 88 0.66650900
12 12 0.99483900
42 42 0.93766800
58 58 0.33409800
118 118 0.07198980
4 4 0.96776000
120 120 0.97172000
63 63 0.40795200
6 6 0.96800100
105 104 0.00080522
105 105 0.99840700
1 1 0.14126000
35 35 0.94965000
23 22 0.02634620
23 23 0.75977400
73 73 0.99941100
38 38 0.32461600
36 36 0.42442200
85 85 0.97864100
33 33 0.37247200
80 80 0.56106000
49 49 0.98225100
94 94 0.97911200
37 37 0.95680400
78 78 0.44657500
98 98 0.99915900
65 65 0.44472100
3 3 0.96426200
40 40 0.40786100
125 125 0.91478100
125 124 0.00918267
119 119 0.84495500
104 104 0.99833200
84 84 0.97865600
68 68 0.39485200
50 50 0.98242300
2 2 0.69218400
93 93 0.97829300
52 52 0.29284800
24 24 0.75990200
24 23 0.02281380
59 59 0.46191900
82 82 0.98087900
47 47 0.98243100
75 75 0.99946000
20 19 0.03652540
20 20 0.92897400
18 18 0.47795200
18 17 0.00108791
19 19 0.93135800
19 18 0.01643150
5 5 0.99742000
27 27 0.99739400
27 26 0.00211386
114 114 0.97179900
9 9 0.46282400
29 29 0.39484900
103 103 0.99898400
26 25 0.00411209
26 26 0.99536800
108 108 0.99916200
53 53 0.39568700
100 100 0.99904600
41 41 0.38303600
115 114 0.00152052
115 115 0.96209000
131 131 0.32719700
131 132 0.00556238
56 56 0.98215600
67 67 0.29040300
83 83 0.58227900
14 14 0.99472100
55 55 0.97145100
45 45 0.30572500
51 51 0.40023100
76 76 0.99859200
121 120 0.00185109
121 121 0.96384900
122 122 0.91518900
122 121 0.00961705
30 30 0.29040200
