119 120 0.01987487
119 119 0.15940320
119 123 0.01978810
104 108 0.11947833
104 105 0.00868825
104 104 0.63125431
67 72 0.00222837
67 71 0.01203493
67 67 0.91458838
67 69 0.00062293
67 70 0.00055599
67 68 0.00147555
103 103 0.54331128
103 104 0.01158897
103 107 0.00160187
131 131 0.74226995
131 135 0.00766203
42 41 0.00418449
42 43 0.03642604
42 40 0.00556358
42 39 0.00108631
42 42 0.71563523
109 109 0.57559028
109 110 0.00866436
109 113 0.00169023
127 131 0.00183985
127 127 0.45841437
78 82 0.00198072
78 78 0.43953289
78 81 0.00070880
78 77 0.00392254
78 83 0.00068859
88 87 0.00086034
88 92 0.00710633
88 88 0.74013472
88 89 0.00565752
8 7 0.03575717
8 9 0.05049886
8 6 0.01620473
8 5 0.00156827
8 10 0.00084203
8 8 0.67176404
71 75 0.00663463
71 70 0.05498556
71 71 0.51956157
71 72 0.01165353
71 76 0.00051040
71 74 0.00063586
96 100 0.09641833
96 97 0.00587829
96 96 0.56140461
46 46 0.76269557
46 45 0.00430010
46 44 0.00506564
46 47 0.02275680
62 63 0.00058191
62 61 0.00376517
62 67 0.00055720
62 66 0.01072297
62 64 0.00186624
62 62 0.34624808
80 85 0.00306842
80 83 0.00050998
80 84 0.00963643
80 80 0.66438215
80 79 0.00208575
33 34 0.00060886
33 36 0.00089399
33 32 0.00262088
33 33 0.49848599
14 11 0.02888701
14 13 0.02685607
14 14 0.46122331
14 15 0.04009470
14 12 0.00261892
39 36 0.00332329
39 39 0.95900849
39 37 0.00437804
39 35 0.00532708
57 57 0.75497924
57 61 0.00702770
57 56 0.00073186
57 60 0.00311965
57 59 0.00326935
6 6 0.48567512
6 4 0.00717754
6 7 0.02487655
6 5 0.09190951
6 8 0.00438729
157 157 0.58016192
134 134 0.53899617
134 137 0.00252900
128 132 0.01108447
128 128 0.56144809
74 79 0.00296421
74 75 0.01375447
74 73 0.01286431
74 78 0.00698123
74 77 0.00062782
74 74 0.54781995
125 129 0.00160238
125 125 0.49175955
147 147 0.66784243
5 3 0.00099866
5 5 0.48955193
5 6 0.00503644
5 4 0.01006285
5 7 0.00053397
122 123 0.00081769
122 122 0.39994068
122 126 0.00576170
17 16 0.00422982
17 18 0.06191928
17 13 0.00125096
17 20 0.01106180
17 14 0.10691661
17 19 0.01033813
17 17 0.53213234
17 15 0.00116656
68 67 0.00151105
68 69 0.00259511
68 72 0.01046867
68 70 0.00147011
68 68 0.91702914
68 73 0.00399013
44 44 0.56830894
44 42 0.00075402
44 41 0.00073767
44 43 0.00383878
44 45 0.01453366
15 16 0.03864578
15 13 0.00358946
15 14 0.02082004
15 15 0.66662130
15 12 0.10309743
15 17 0.00082546
51 52 0.00211675
51 54 0.00385013
51 49 0.00664840
51 50 0.00171429
51 51 0.49830544
69 68 0.00551502
69 70 0.00632194
69 73 0.00884050
69 71 0.00081355
69 74 0.00574390
69 69 0.77183040
43 40 0.00084656
43 43 0.75469872
43 41 0.00553822
43 42 0.00109949
43 44 0.00867488
107 108 0.00176965
107 111 0.00333235
107 107 0.50109591
1 1 0.58282315
1 2 0.00346785
81 85 0.01353543
81 86 0.00290434
81 80 0.00102757
81 81 0.64861048
75 74 0.00597934
75 76 0.01623517
75 78 0.00064658
75 75 0.38812372
75 79 0.00895753
75 80 0.00292702
144 147 0.00068855
144 144 0.66733916
113 114 0.09137515
113 117 0.11976167
113 113 0.75072193
150 150 0.59074716
158 158 0.66972537
121 122 0.00684282
121 125 0.11972400
121 121 0.37846542
2 3 0.00756578
2 4 0.00076273
2 2 0.52556170
2 1 0.06807839
99 103 0.10627667
99 100 0.00080882
99 99 0.76404915
148 148 0.70981101
129 129 0.55653814
129 133 0.07199133
130 130 0.63745050
130 134 0.00549820
130 133 0.00066566
61 60 0.00214104
61 66 0.00091903
61 65 0.01061783
61 63 0.00259952
61 61 0.60340517
106 106 0.40760397
106 110 0.01706860
106 107 0.00162684
110 111 0.08347738
110 114 0.00339947
110 110 0.40404911
155 155 0.23485284
97 97 0.50014351
97 98 0.01578994
97 101 0.09299833
31 30 0.00734192
31 29 0.00117397
31 32 0.00054612
31 31 0.86464921
31 28 0.00192423
31 34 0.03319073
49 49 0.67297373
49 50 0.01305666
49 48 0.00232136
136 139 0.00086564
136 136 0.65641918
19 16 0.00283695
19 18 0.00050200
19 19 0.45454424
19 20 0.00162531
19 21 0.00100754
19 22 0.00180792
9 7 0.00582093
9 9 0.46544657
9 6 0.00406540
9 10 0.02829926
9 8 0.05162491
23 26 0.05174204
23 23 0.70093167
23 21 0.00653588
23 22 0.01041444
23 24 0.00282238
23 19 0.00206583
23 20 0.06104790
45 44 0.00386100
45 42 0.00070725
45 43 0.00545332
45 45 0.75777401
45 46 0.03647903
159 159 0.61970626
60 62 0.00276199
60 60 0.55153353
60 64 0.01133247
60 59 0.00215375
85 85 0.80054415
85 84 0.00315895
85 89 0.04965978
85 87 0.00272500
85 86 0.00875216
105 106 0.00515909
105 109 0.00636097
105 105 0.36896844
3 2 0.05794626
3 1 0.00142561
3 5 0.00172028
3 3 0.47018632
3 4 0.00872063
36 36 0.58404364
59 58 0.00326941
59 59 0.51105661
59 61 0.00296800
76 77 0.01514376
76 76 0.52378500
76 80 0.01079737
76 79 0.00067567
76 75 0.06545898
76 81 0.00190083
72 75 0.00063141
72 73 0.00782641
72 72 0.50902283
72 71 0.05488141
72 76 0.00659823
139 139 0.65143178
55 57 0.00291568
55 56 0.00093505
55 55 0.53598758
55 58 0.00655493
55 59 0.00260068
126 130 0.00190460
126 126 0.51088280
83 87 0.01718860
83 86 0.00056193
83 85 0.00050864
83 83 0.82350059
83 84 0.00096964
65 67 0.00075077
65 69 0.00612160
65 65 0.54344714
153 156 0.00052026
153 153 0.63354627
7 9 0.00308212
7 6 0.08633946
7 7 0.47469566
7 4 0.00072033
7 5 0.00754652
7 8 0.01762072
156 156 0.44385624
34 34 0.77184146
34 31 0.00758810
34 32 0.00103934
34 35 0.00503862
34 33 0.00162769
34 37 0.00064032
34 30 0.00183459
154 157 0.00057980
154 154 0.58777075
89 90 0.00642914
89 89 0.73900488
89 93 0.00624347
138 138 0.70210252
93 94 0.01351316
93 93 0.43031207
93 97 0.10008833
82 82 0.75626595
82 86 0.01413533
82 87 0.00257276
132 132 0.63279280
132 135 0.00197234
132 136 0.00109513
116 120 0.11977100
116 116 0.70566478
116 117 0.00421094
20 20 0.44812360
20 19 0.00307864
20 22 0.01001873
20 17 0.06175719
20 23 0.02125677
20 21 0.00106295
142 142 0.53324878
24 22 0.03803973
24 21 0.03216492
24 23 0.01761270
24 24 0.64876004
24 26 0.01111845
24 25 0.00248092
24 27 0.03243397
92 92 0.52197434
92 96 0.06342133
92 93 0.01274868
73 74 0.01301245
73 76 0.00061514
73 72 0.05367044
73 77 0.00683927
73 73 0.50561038
140 140 0.74820922
90 94 0.01340090
90 90 0.72647391
90 89 0.00062604
90 91 0.01144052
133 133 0.58720265
133 136 0.00212992
149 149 0.68627828
120 120 0.35515266
120 121 0.01338601
120 124 0.00333257
11 9 0.01228551
11 12 0.04178453
11 7 0.00056577
11 11 0.47962220
11 8 0.08088405
11 10 0.00835082
28 27 0.00069631
28 31 0.01468738
28 28 0.39488940
64 68 0.00598807
64 63 0.00289186
64 64 0.51412280
64 66 0.00095289
151 151 0.53318471
48 49 0.00200070
48 48 0.31769297
48 47 0.00128151
66 66 0.59753939
66 68 0.00058801
66 70 0.00633737
54 58 0.00080111
54 55 0.00146650
54 54 0.71145774
54 56 0.00168337
54 57 0.00642693
54 52 0.00134118
12 10 0.00185949
12 11 0.02753652
12 13 0.01238797
12 12 0.34212302
12 9 0.08497640
37 37 0.35402659
102 102 0.55946551
102 106 0.00190505
102 103 0.00131629
16 16 0.46471148
16 13 0.00400445
16 18 0.00151930
16 14 0.00465188
16 15 0.01022917
16 17 0.00814861
77 81 0.01174367
77 78 0.00255293
77 82 0.00072775
77 80 0.00068971
77 76 0.05773078
77 77 0.54720229
18 16 0.00242129
18 18 0.67988639
18 19 0.00505045
18 20 0.00902668
18 15 0.08662976
18 21 0.02458443
18 17 0.00702813
91 95 0.05116333
91 92 0.01214730
91 91 0.72068163
143 143 0.79231043
143 146 0.00149792
41 41 0.75188919
41 38 0.00092819
41 40 0.00066451
41 39 0.00866807
41 37 0.00240954
41 42 0.00618650
56 57 0.00053862
56 56 0.43684580
56 60 0.00459920
56 58 0.00412549
56 59 0.00666483
141 141 0.82900298
111 115 0.11977333
111 112 0.05880830
111 111 0.76682897
123 127 0.01763073
123 123 0.47173668
84 85 0.00578536
84 83 0.00076540
84 84 0.81847532
84 88 0.03797000
84 87 0.00169425
84 86 0.00325165
25 24 0.00223788
25 21 0.00083156
25 23 0.03548145
25 22 0.01733247
25 28 0.03260270
25 27 0.00700443
25 25 0.78904129
25 26 0.00168385
13 13 0.42842406
13 11 0.00236864
13 10 0.01689647
13 12 0.02881120
13 14 0.01115502
29 32 0.00131814
29 31 0.00228750
29 28 0.00344971
29 30 0.00053088
29 29 0.48917070
35 35 0.64349442
35 31 0.00369303
52 50 0.00051262
52 55 0.00419413
52 52 0.75223287
118 119 0.02644398
118 118 0.51380409
118 122 0.00169018
115 116 0.02278748
115 115 0.61863037
115 119 0.11974867
112 113 0.06339717
112 112 0.75593386
112 116 0.11977200
100 100 0.37070787
100 104 0.01231857
100 101 0.00419544
58 58 0.64852304
58 62 0.00363233
58 60 0.00323947
58 57 0.00290375
38 35 0.00325257
38 38 0.60108393
38 36 0.00142571
160 160 0.99862602
108 109 0.00623699
108 108 0.22024478
108 112 0.01978757
22 22 0.59411234
22 23 0.00945136
22 21 0.00067858
22 20 0.00633419
22 19 0.06444301
22 18 0.00197241
22 25 0.00200022
87 91 0.08263367
87 88 0.00610100
87 87 0.79594258
87 86 0.00204818
47 46 0.00109137
47 48 0.01682963
47 45 0.00385396
47 47 0.69424199
10 8 0.02010486
10 10 0.55028718
10 11 0.04999629
10 7 0.00134583
10 6 0.00071699
10 9 0.04158270
40 36 0.00293779
40 40 0.82105720
40 38 0.00131552
40 41 0.00071319
124 124 0.66029024
124 128 0.11947767
135 138 0.00202260
135 135 0.56986856
145 145 0.61189978
152 152 0.75601418
117 121 0.00339940
117 117 0.39907639
117 118 0.01948656
86 86 0.77727811
86 87 0.00742406
86 90 0.05554686
86 88 0.00052022
86 85 0.00287397
79 83 0.00532590
79 84 0.00083578
79 78 0.00204627
79 79 0.70229277
79 82 0.00068988
95 96 0.00812725
95 99 0.09642400
95 95 0.48608208
63 65 0.00104035
63 63 0.57545955
63 67 0.00967533
101 105 0.00185868
101 101 0.40090229
101 102 0.01623966
4 2 0.00090025
4 5 0.01725154
4 3 0.02439541
4 4 0.42921010
4 6 0.01317306
70 75 0.00604853
70 70 0.85025933
70 73 0.00051471
70 74 0.00865733
70 69 0.00716473
70 71 0.01250479
98 102 0.04445233
98 99 0.01882150
98 98 0.47714509
50 51 0.00612912
50 53 0.00057938
50 49 0.00592121
50 50 0.70195646
32 29 0.00751928
32 35 0.02595689
32 34 0.00083651
32 31 0.00125490
32 28 0.00605038
32 32 0.67113209
94 98 0.09869333
94 95 0.00163248
94 94 0.46901624
21 18 0.00613758
21 20 0.00086952
21 19 0.00091120
21 22 0.00476173
21 21 0.37758720
21 23 0.00269690
27 27 0.66931477
27 28 0.00078106
27 26 0.00070270
27 25 0.00065687
27 30 0.05330824
27 23 0.00158370
26 27 0.00087507
26 28 0.00656026
26 26 0.72720401
26 25 0.03662919
26 29 0.00176895
26 24 0.00055120
26 22 0.00305970
26 23 0.00357976
53 53 0.77094227
53 51 0.00552626
53 52 0.00443374
53 56 0.00446563
137 137 0.71834159
30 33 0.00100746
30 29 0.00219014
30 30 0.48421992
114 118 0.11974400
114 114 0.76799354
114 115 0.02314044
146 146 0.56831306
