106 104 0.00088775
106 103 0.94529800
106 102 0.02368260
107 105 0.00078107
107 103 0.01585270
107 104 0.95268700
70 67 0.39553100
114 111 0.99426100
37 35 0.39454200
37 37 0.02643920
37 34 0.44451600
37 36 0.00979718
125 122 0.95705900
73 70 0.88659800
94 90 0.00213513
94 91 0.95015900
115 112 0.59559900
45 40 0.01769220
45 44 0.01142350
45 42 0.49905900
45 43 0.17224400
45 41 0.00180229
81 78 0.96434700
92 88 0.00059190
92 89 0.95851300
87 84 0.97018900
104 100 0.02751370
104 102 0.00064919
104 101 0.94179000
86 83 0.97019200
49 44 0.01213300
49 45 0.00054600
49 47 0.22960300
49 48 0.01563070
49 46 0.69452500
10 10 0.89901300
10 11 0.00054849
10 8 0.00549763
20 20 0.84402800
20 19 0.00359313
20 18 0.01978940
57 55 0.20538300
57 54 0.65277200
29 28 0.00146086
29 26 0.00106304
29 29 0.07955640
29 27 0.85121700
7 7 0.10997300
7 5 0.00058260
76 74 0.00242530
76 73 0.96497400
110 107 0.03168560
110 106 0.00101554
66 63 0.99986300
23 22 0.01263070
23 23 0.46343100
23 20 0.00096409
23 21 0.12200700
6 4 0.00076527
6 6 0.10624300
6 5 0.00061042
51 46 0.01917410
51 47 0.00284060
51 49 0.26422900
51 48 0.66142300
51 50 0.00506678
16 16 0.87252900
16 15 0.00103817
16 14 0.04587650
102 99 0.93953500
102 98 0.03038240
31 31 0.05846340
31 29 0.70317900
31 30 0.00413805
31 28 0.02315060
33 32 0.01146220
33 30 0.20852100
33 33 0.04530440
33 31 0.31559300
83 80 0.92582900
32 32 0.05037970
32 31 0.00511773
32 29 0.07741250
32 30 0.36687700
58 56 0.01158480
58 55 0.68126600
78 75 0.63699100
78 76 0.00083558
28 27 0.00074269
28 26 0.01653560
28 28 0.08027930
28 25 0.00072619
153 150 0.96692100
153 151 0.00361008
153 149 0.00264862
143 140 0.84544500
143 141 0.00077045
143 139 0.12479800
59 57 0.00079647
59 56 0.28406900
42 40 0.23201300
42 37 0.00766024
42 42 0.00166303
42 39 0.66929100
42 41 0.01013280
42 38 0.00423134
27 27 0.08138580
27 24 0.00054602
27 25 0.01587730
75 73 0.00312583
75 72 0.65760000
14 14 0.87784400
14 13 0.00302316
14 12 0.00137265
22 22 0.11991200
22 21 0.01581270
22 20 0.09396160
85 82 0.96999100
52 49 0.64987800
52 50 0.29207300
52 48 0.00241373
52 51 0.00071598
52 47 0.01224120
123 120 0.53819100
105 101 0.02543320
105 102 0.94327900
105 103 0.00075584
61 58 0.39529500
103 100 0.58777200
103 99 0.02946700
137 134 0.78144700
137 135 0.00748793
137 133 0.03595000
137 136 0.00218912
149 146 0.64444800
149 145 0.00476193
149 147 0.00086572
43 42 0.01073400
43 40 0.67852400
43 43 0.00108542
43 41 0.21882700
43 38 0.01014180
43 39 0.00410522
67 64 0.99988400
150 146 0.00176952
150 148 0.00083991
150 147 0.67556100
48 43 0.01603370
48 46 0.21548300
48 45 0.71267900
48 47 0.01839740
158 155 0.99936500
35 34 0.01014070
35 33 0.48264400
35 35 0.03224390
35 32 0.12006800
113 109 0.00072807
113 110 0.99396100
122 119 0.86885300
124 121 0.01905320
99 96 0.87422900
99 95 0.00429930
131 128 0.95712600
100 96 0.02302550
100 97 0.60205600
127 124 0.95574500
77 75 0.00126164
77 74 0.77997200
60 57 0.33166500
135 133 0.00096137
135 132 0.63554200
135 131 0.00418188
145 142 0.78425500
145 141 0.04859400
145 143 0.00265812
56 53 0.65083100
56 54 0.00626779
96 92 0.01480860
96 93 0.93826900
142 138 0.16288100
142 140 0.00191925
142 139 0.80592600
97 94 0.90701100
97 93 0.02067040
82 79 0.94400600
26 23 0.00073410
26 24 0.01895410
26 26 0.04598770
111 108 0.55137700
117 114 0.99538300
91 88 0.94162800
64 61 0.99986700
132 129 0.92677200
132 128 0.00067502
84 81 0.91991200
157 154 0.99719300
138 136 0.00343215
138 135 0.76391300
138 134 0.12726000
141 139 0.00310504
141 137 0.01730920
141 138 0.76620400
152 149 0.96623500
152 150 0.00156840
152 148 0.00250936
5 5 0.11141700
5 3 0.00065551
89 86 0.96620200
53 51 0.12799900
53 48 0.00613867
53 50 0.60504400
24 22 0.15025400
24 24 0.10975700
24 23 0.02768080
24 21 0.00085727
139 137 0.00389529
139 134 0.00052198
139 135 0.18295600
139 136 0.76210900
128 125 0.95774900
2 2 0.93018000
155 152 0.83642300
155 153 0.00218254
155 151 0.00235331
133 129 0.00174935
133 130 0.70205200
151 148 0.69305900
151 149 0.00102243
151 147 0.00258050
39 38 0.00638570
39 36 0.29596800
39 39 0.00662557
39 37 0.11153200
80 77 0.96398100
38 36 0.12967600
38 38 0.01867140
38 37 0.00941589
38 35 0.49167400
21 19 0.01023080
21 21 0.81877500
21 20 0.01856770
112 109 0.99401500
121 118 0.98278700
8 9 0.00107745
8 6 0.00074769
8 8 0.94143200
118 115 0.98375900
148 145 0.94061500
148 144 0.00400228
129 126 0.95768200
13 11 0.02168080
13 12 0.00369631
13 13 0.08632840
11 11 0.88367500
11 9 0.01169430
1 1 0.66375200
119 116 0.69655000
69 66 0.29285600
62 59 0.29284500
140 135 0.00084527
140 137 0.76336600
140 138 0.00430854
140 136 0.18114700
47 42 0.02169870
47 44 0.69839400
47 45 0.08358540
47 46 0.01710030
154 150 0.00237325
154 151 0.83783500
154 152 0.00378411
4 2 0.00054954
4 4 0.98990900
63 60 0.30850000
93 89 0.00070894
93 90 0.95713800
25 22 0.00066018
25 25 0.04206130
25 24 0.00155816
25 23 0.48726400
144 140 0.08674820
144 141 0.88504600
144 142 0.00399480
98 94 0.02100310
98 95 0.89195500
134 130 0.00270543
134 131 0.70225600
116 113 0.99543600
41 40 0.00998368
41 37 0.00367198
41 41 0.00226432
41 38 0.65217600
41 39 0.24433000
41 36 0.00142762
156 153 0.97822200
108 104 0.00257687
108 105 0.67974700
34 32 0.07029800
34 34 0.00544197
34 33 0.00236767
34 31 0.21917800
68 65 0.30850200
88 85 0.97000100
12 12 0.83469200
12 10 0.01266990
12 11 0.00079283
95 92 0.94414700
95 91 0.00890116
46 41 0.01835240
46 43 0.66296500
46 45 0.01648960
46 44 0.07898950
46 42 0.00068859
65 62 0.99985600
3 3 0.95049200
50 49 0.01425210
50 48 0.24462900
50 47 0.67858700
50 46 0.00144286
130 127 0.95717500
40 37 0.44730800
40 40 0.00290748
40 38 0.25219000
40 36 0.00097145
40 39 0.00796901
79 76 0.96360900
74 72 0.00133475
74 71 0.96991400
19 17 0.04594570
19 18 0.00125399
19 19 0.69032800
54 51 0.47696400
54 50 0.00058134
54 52 0.12549500
54 49 0.00079834
109 106 0.96880600
109 105 0.00186216
55 53 0.31682300
55 52 0.65392300
101 97 0.02757270
101 98 0.93858000
44 40 0.00182780
44 44 0.00072104
44 42 0.20753000
44 39 0.01149260
44 43 0.01088350
44 41 0.68633000
36 36 0.02859930
36 35 0.01011260
36 34 0.43838400
36 33 0.40780000
36 31 0.00050307
147 145 0.00118009
147 143 0.02737730
147 144 0.26023300
17 17 0.87252200
17 15 0.04589810
17 16 0.00103616
15 15 0.87246100
15 14 0.00073547
15 13 0.01929290
30 29 0.00310949
30 30 0.07949870
30 27 0.00430536
30 28 0.80758900
9 9 0.93520000
9 10 0.00090110
146 143 0.87917000
146 142 0.00197840
146 144 0.00191868
71 68 0.33246500
90 87 0.96067500
72 69 0.29567200
126 123 0.66875600
120 117 0.98279500
18 16 0.04589310
18 18 0.82538100
18 17 0.00099785
136 132 0.01738070
136 134 0.00227467
136 133 0.24071600
