108 111 0.54987200
34 36 0.43356600
34 34 0.01476760
34 35 0.01815900
34 37 0.40108400
68 71 0.34248000
98 101 0.92408900
98 102 0.04791850
134 139 0.00052582
134 137 0.78074800
134 136 0.00238915
134 138 0.12814900
41 46 0.01641160
41 43 0.30195400
41 41 0.00488778
41 42 0.01782380
41 45 0.00243513
41 44 0.61156000
116 119 0.69533700
47 47 0.00051360
47 51 0.00263980
47 52 0.01302840
47 48 0.02760920
47 50 0.60876700
47 49 0.30339300
154 157 0.99587800
63 66 0.99974600
4 4 0.98517900
4 6 0.00062309
93 96 0.92587100
93 97 0.03282330
25 28 0.00050375
25 25 0.07890480
25 27 0.01943750
144 148 0.00401009
144 146 0.00208337
144 147 0.26803400
8 8 0.94799400
8 10 0.00501571
118 121 0.98105100
148 151 0.70677800
148 150 0.00081645
148 152 0.00232277
129 132 0.93724300
129 133 0.00184083
13 14 0.00282295
13 15 0.01779760
13 13 0.08589340
11 13 0.01977170
11 10 0.00055094
11 11 0.84996200
69 72 0.30896600
1 1 0.49115900
119 122 0.86729500
62 65 0.99974800
140 144 0.08574300
140 142 0.00192478
140 143 0.84589000
112 115 0.59413900
121 124 0.01978550
155 158 0.99923700
133 136 0.24711400
133 135 0.00101914
133 137 0.03716810
151 154 0.77815600
151 155 0.00205913
151 153 0.00322749
39 39 0.01593820
39 41 0.31701500
39 43 0.00463935
39 40 0.01425790
39 44 0.01215760
39 42 0.60031400
80 83 0.95884400
21 24 0.00078725
21 21 0.84725400
21 23 0.11262300
21 22 0.01462950
38 38 0.05431260
38 43 0.01063330
38 41 0.58151200
38 39 0.01139680
38 42 0.00469112
38 40 0.30173700
139 141 0.00311136
139 142 0.80594300
139 143 0.12421800
128 131 0.96744300
128 132 0.00070912
2 2 0.89678100
5 5 0.17739800
5 6 0.00055910
152 154 0.00337584
152 155 0.77530200
89 93 0.00100817
89 92 0.95797800
53 55 0.39126700
53 56 0.58492700
24 26 0.01805270
24 25 0.00131784
24 24 0.18755200
120 123 0.53739300
18 20 0.01827460
18 19 0.00120935
18 18 0.85081000
136 137 0.00217711
136 139 0.76133000
136 138 0.00344610
136 140 0.18184700
126 129 0.96799600
71 74 0.98008400
146 150 0.00167570
146 149 0.65505700
90 93 0.95576300
90 94 0.00327103
72 75 0.59516900
72 74 0.00120683
15 15 0.89672500
15 16 0.00100867
15 17 0.04154210
30 35 0.00067543
30 30 0.14422700
30 31 0.00663852
30 33 0.20967100
30 32 0.59589100
9 9 0.94236900
9 11 0.01066520
9 8 0.00121589
55 57 0.25607000
55 58 0.62385800
101 104 0.92854100
101 105 0.04684490
44 46 0.07906970
44 44 0.00125282
44 47 0.64211000
44 45 0.01813300
44 49 0.01131020
36 38 0.13664100
36 41 0.00185354
36 36 0.07643410
36 39 0.27132700
36 40 0.00119806
36 37 0.01722020
147 150 0.68606700
147 151 0.00241141
147 149 0.00084555
17 17 0.89679600
17 18 0.00096223
17 19 0.04158800
40 42 0.31107000
40 45 0.01826410
40 44 0.00227920
40 40 0.00651312
40 41 0.01784930
40 43 0.60703800
79 82 0.95145400
74 77 0.74613900
74 76 0.00206244
19 20 0.00337496
19 21 0.00955801
19 19 0.71722100
54 57 0.58835800
54 56 0.00809504
109 113 0.00084609
109 112 0.99169000
50 51 0.00736299
50 52 0.36601900
50 54 0.00057537
50 53 0.58351300
130 134 0.00285013
130 133 0.71360100
88 91 0.93038700
88 92 0.00078139
46 47 0.02601780
46 51 0.02025360
46 48 0.29098000
46 50 0.00128172
46 49 0.62319500
46 46 0.00060583
95 99 0.00661254
95 98 0.85554600
12 12 0.84469600
12 13 0.00141534
12 14 0.00129361
65 68 0.31856600
3 3 0.92696900
3 5 0.00050742
153 155 0.00193988
153 156 0.96702900
143 147 0.02659140
143 145 0.00284057
143 146 0.88078900
59 62 0.30269600
27 29 0.80041900
27 30 0.00330729
27 27 0.15469800
27 28 0.00087677
42 47 0.01973780
42 45 0.47890500
42 44 0.29477200
42 42 0.00335187
42 46 0.00072713
42 43 0.01813110
75 78 0.61911700
75 77 0.00107326
6 8 0.00058173
6 6 0.17048200
51 52 0.00107716
51 53 0.16371800
51 54 0.45386900
16 18 0.04153770
16 17 0.00100308
16 16 0.89679800
102 105 0.93180600
102 106 0.04331100
102 104 0.00059478
31 34 0.19970200
31 33 0.27149200
31 31 0.10258600
31 36 0.00072718
31 32 0.00780455
83 86 0.97304400
33 35 0.46532400
33 33 0.09866950
33 34 0.00417320
33 36 0.36025700
32 34 0.07052630
32 33 0.01730900
32 35 0.11161600
32 37 0.00064424
32 32 0.10952800
58 61 0.40520400
78 81 0.97308000
28 28 0.14751700
28 30 0.75357700
28 29 0.00247906
28 31 0.01799520
57 59 0.00104385
57 60 0.34143100
7 7 0.18912900
29 32 0.12099500
29 29 0.14530500
29 30 0.00543875
29 31 0.68477100
76 78 0.00071658
76 79 0.97246600
110 114 0.00056483
110 113 0.99164400
66 69 0.30271000
23 26 0.00051735
23 23 0.51643400
23 25 0.44538400
23 24 0.01862450
86 89 0.96717400
49 52 0.58345300
49 50 0.02063120
49 51 0.33573500
49 54 0.00086633
10 9 0.00095288
10 10 0.87396500
10 12 0.01155500
20 20 0.87068500
20 21 0.01717550
20 23 0.00088364
20 22 0.08661450
104 108 0.00468972
104 106 0.00085917
104 107 0.94942700
45 46 0.02525600
45 48 0.63964100
45 47 0.08657680
45 45 0.00068890
81 84 0.96705300
92 95 0.93525700
92 96 0.02343960
87 91 0.00051583
87 90 0.95900800
125 128 0.96806600
37 39 0.12490000
37 41 0.00405298
37 38 0.01641190
37 37 0.07104900
37 40 0.38794200
37 42 0.00809680
73 76 0.97383300
73 75 0.00275641
94 97 0.87157800
94 98 0.03381350
115 118 0.98262300
70 73 0.87990400
106 110 0.00180988
106 109 0.96914300
107 110 0.03118440
107 111 0.00063035
114 117 0.99386500
26 28 0.02845620
26 29 0.00085699
26 26 0.09209490
26 27 0.00065519
117 120 0.98105900
111 114 0.99199200
64 67 0.99974700
91 95 0.01401790
91 94 0.94478600
132 136 0.01806230
132 135 0.64481900
84 87 0.97304300
138 141 0.76541900
138 140 0.00431620
138 142 0.16272500
141 143 0.00077465
141 145 0.04716370
141 144 0.88591800
60 63 0.31857800
145 149 0.00461885
145 147 0.00127863
145 148 0.94439300
135 137 0.00770481
135 139 0.18365400
135 140 0.00084645
135 138 0.76313300
56 58 0.01470480
56 59 0.29423900
142 144 0.00425236
142 145 0.78396800
142 146 0.00197340
82 85 0.97283900
96 100 0.03503540
96 99 0.82962700
97 101 0.04268770
97 100 0.41549100
127 130 0.96746700
127 131 0.00051322
77 80 0.97278300
100 103 0.92484300
100 104 0.05072500
35 38 0.44243700
35 36 0.01800620
35 35 0.08553890
35 37 0.40107100
113 116 0.99391600
122 125 0.95935900
124 127 0.96607800
99 103 0.05081280
99 102 0.92453100
131 134 0.71160400
131 135 0.00439311
150 154 0.00210669
150 152 0.00141285
150 153 0.97978900
48 53 0.00659463
48 51 0.59326100
48 49 0.02271140
48 52 0.00228929
48 50 0.31703600
61 64 0.99975500
103 105 0.00071679
103 107 0.02896390
103 106 0.93559000
137 140 0.76258400
137 141 0.01728710
137 139 0.00390847
149 151 0.00097939
149 153 0.00238275
149 152 0.97900800
67 70 0.40552000
43 46 0.56916700
43 43 0.00189453
43 48 0.01478280
43 45 0.22701300
43 44 0.01759520
14 16 0.04152130
14 15 0.00071526
14 14 0.90176300
22 24 0.13882100
22 25 0.00059847
22 23 0.01170440
22 22 0.12436300
85 88 0.97287800
52 55 0.58551000
52 54 0.15984600
123 126 0.67294300
105 107 0.00080392
105 108 0.68137300
105 109 0.00338025
