76 76 0.94319000
66 66 0.99987000
61 61 0.55480100
83 83 0.78508700
28 28 0.25011900
58 58 0.90261200
124 124 0.99992500
106 106 0.99953900
6 6 0.99994000
142 142 0.99972400
30 30 0.98800500
143 143 0.99985100
110 110 0.99992700
32 32 0.05510050
71 71 0.57810300
29 29 0.57250600
50 50 0.99777200
103 104 0.00052290
103 103 0.99931300
41 41 0.67382000
144 144 0.99994900
112 112 0.99956000
49 49 0.99846900
27 27 0.38673000
72 72 0.91797000
122 122 0.99955900
63 63 0.37905000
19 19 0.99998500
141 141 0.99971800
157 157 0.94303100
74 74 0.93663600
21 21 0.99998800
80 80 0.94517300
109 109 0.99997100
35 35 0.99964800
69 69 0.50784800
152 152 0.04773470
84 84 0.84451800
22 22 0.99998100
160 160 0.99998300
11 11 0.99903300
11 10 0.00072880
18 18 0.99998900
20 20 0.99998600
7 7 0.99965800
125 125 0.99992200
88 88 0.90044400
114 115 0.00125972
114 114 0.99864900
93 93 0.97160100
140 140 0.99983200
148 148 0.99984300
15 15 0.50441800
136 136 0.99992300
138 138 0.99991900
55 55 0.85824400
43 43 0.99560500
33 33 0.07391950
77 77 0.94449800
23 23 0.10086400
81 81 0.94553700
31 31 0.59906100
67 67 0.04612360
133 133 0.99987600
2 2 0.26917400
132 132 0.99996800
52 52 0.99810400
79 79 0.94512700
56 56 0.34187300
90 90 0.66857300
117 118 0.00093907
117 117 0.99836200
150 150 0.99961700
149 149 0.99970800
130 130 0.99998000
92 92 0.97152600
111 111 0.99960600
12 12 0.61920100
73 73 0.93668600
16 16 0.50442500
98 98 0.74247500
134 134 0.99982300
89 89 0.41546000
86 86 0.94901200
62 62 0.49925000
36 36 0.99979200
129 129 0.99997700
121 121 0.99960100
100 100 0.98865300
154 154 0.52517600
95 95 0.97153000
147 147 0.99993900
42 42 0.99563700
139 139 0.99991100
105 105 0.99936200
64 64 0.99988000
40 40 0.99568600
44 44 0.71189000
78 78 0.94521000
99 99 0.48542900
47 47 0.52877500
10 10 0.82348400
10 9 0.00068766
48 48 0.85774500
94 94 0.97162900
87 87 0.96149000
75 75 0.94306200
34 34 0.99967400
137 137 0.99988800
97 97 0.62410500
158 158 0.99986300
4 4 0.50333500
60 60 0.94931900
116 117 0.00150552
116 116 0.99756500
17 17 0.10176600
104 104 0.99928100
118 118 0.99897800
145 145 0.99994100
25 25 0.50221900
3 3 0.48765300
131 131 0.99998100
108 108 0.99996300
102 103 0.00050939
102 102 0.99932600
65 65 0.99986000
113 113 0.99946500
119 119 0.99959100
159 159 0.99993200
128 128 0.99994100
57 57 0.72079200
153 153 0.50333000
96 96 0.97160300
126 126 0.99994800
26 26 0.43318800
46 46 0.79673700
135 135 0.99993800
68 68 0.05923110
70 70 0.48219600
82 82 0.94559600
39 39 0.26685900
59 59 0.82609600
146 146 0.99990500
151 151 0.99970800
14 14 0.44188600
91 91 0.57624900
24 24 0.50221900
5 5 0.04775650
107 107 0.99988300
156 156 0.96245800
45 45 0.67756500
53 53 0.99782700
9 9 0.99904800
9 8 0.00054602
1 1 0.99998900
120 120 0.99955400
101 101 0.99926300
123 123 0.99976200
37 37 0.36422600
155 155 0.32610100
115 116 0.00197083
115 115 0.99760100
8 8 0.99938700
127 127 0.99995000
38 38 0.45609200
85 85 0.84739400
54 53 0.00059472
54 54 0.99791200
13 13 0.39542700
51 51 0.99771900
51 50 0.00065057
