123 123 0.67660200
80 80 0.39468100
101 101 0.37800100
3 3 0.99213000
41 41 0.69172800
111 111 0.52631900
112 112 0.75637800
73 73 0.80363700
14 14 0.39254100
32 32 0.07216780
45 45 0.81603700
61 61 0.20769100
87 87 0.97968700
77 77 0.38958800
99 99 0.54172200
83 83 0.32776400
52 52 0.99940300
22 22 0.97327700
49 49 0.39348000
102 102 0.38816400
81 81 0.29238400
29 29 0.33944500
37 37 0.33616900
85 85 0.67805200
7 7 0.99369100
1 1 0.99868300
135 135 0.37114600
63 63 0.51026100
2 2 0.99230800
141 141 0.56256300
30 30 0.41438600
124 124 0.94871400
100 100 0.63270700
71 71 0.39284500
55 55 0.39594500
89 89 0.78324300
31 31 0.47566600
26 26 0.84471300
56 56 0.39348100
62 62 0.44090700
69 69 0.43769800
148 148 0.87081400
16 16 0.48082000
142 142 0.60560600
39 39 0.52388300
116 116 0.67260300
28 28 0.59215200
95 95 0.39431100
115 115 0.55881900
19 19 0.44746200
132 132 0.68235000
47 47 0.38400500
90 90 0.74910300
42 42 0.63386800
33 33 0.36530600
93 93 0.28952200
109 109 0.33415400
121 121 0.92322200
58 58 0.38400400
103 103 0.46391600
59 59 0.30963900
43 43 0.83178100
34 34 0.36085300
53 53 0.99939900
25 25 0.76314100
139 139 0.48374400
127 127 0.43199100
110 110 0.49406200
70 70 0.10994600
36 36 0.40313600
9 9 0.60944200
23 23 0.99938000
27 27 0.56123600
60 60 0.50780300
4 4 0.99203400
113 113 0.53282100
11 11 0.47603200
92 92 0.39106600
44 44 0.85679800
126 126 0.40440000
128 128 0.50197700
75 75 0.69614400
143 143 0.52739700
96 96 0.28887500
145 145 0.44585400
38 38 0.45788600
94 94 0.39468200
74 74 0.70452200
20 20 0.43784300
136 136 0.37161500
98 98 0.54780000
13 13 0.36162200
106 106 0.35999200
6 6 0.99375200
17 17 0.65499000
48 48 0.28814700
120 120 0.89483100
65 65 0.91337300
54 54 0.99940200
78 78 0.28887400
68 68 0.51491400
67 67 0.88740600
84 84 0.99027700
107 107 0.35640000
24 24 0.99940200
5 5 0.94233300
122 122 0.92578300
15 15 0.67713300
91 91 0.37186000
133 133 0.35360300
137 137 0.91915800
46 46 0.32953100
129 129 0.47678200
130 130 0.54178700
125 125 0.37281500
119 119 0.71226300
57 57 0.28814700
18 18 0.53526800
147 147 0.71819200
51 51 0.99940500
118 118 0.64497600
140 140 0.54569600
88 88 0.97968700
146 146 0.64528600
86 86 0.92048000
8 8 0.76665700
131 131 0.54401600
50 50 0.39594600
117 117 0.63436400
144 144 0.47914900
104 104 0.49932500
66 66 0.91651400
40 40 0.63803000
105 105 0.39191100
114 114 0.58894200
10 10 0.53170000
97 97 0.38958900
21 21 0.45349200
79 79 0.39431200
72 72 0.53726500
138 138 0.44370100
35 35 0.47680300
64 64 0.84886300
108 108 0.37931500
12 12 0.36916800
82 82 0.40076200
134 134 0.33201500
76 76 0.92133700
