12 135 12 137 0.00259970
12 138 12 137 0.00081279
73 82 74 82 0.00735619
73 82 74 83 0.00750827
73 82 73 83 0.09125400
73 81 74 82 0.00355167
136 153 136 153 0.82911800
8 142 7 142 0.00370185
8 142 8 141 0.00738058
5 154 4 154 0.00463604
13 134 13 136 0.00111581
13 20 13 20 0.25424000
13 21 12 21 0.00051535
4 155 3 155 0.00459585
14 19 14 19 0.18433600
42 50 42 50 0.12768800
42 54 42 54 0.25778500
141 150 143 150 0.00305749
141 150 142 150 0.00305665
141 149 143 149 0.00062861
10 140 10 139 0.00221765
10 140 9 140 0.00441304
10 137 10 139 0.00272144
72 82 73 83 0.00317455
72 83 73 84 0.00750175
72 83 73 83 0.00226085
72 83 72 85 0.00064669
139 151 138 151 0.00446510
139 153 141 153 0.01272400
139 153 139 154 0.00178189
139 153 140 153 0.00116278
75 80 75 81 0.50372100
75 79 75 81 0.00062255
40 53 40 53 0.11355200
142 150 142 150 0.85558600
142 150 144 150 0.00631500
142 149 143 149 0.00090902
142 149 144 149 0.00078379
142 149 142 150 0.00072411
142 148 144 148 0.00106105
11 138 11 138 0.01064620
11 22 11 22 0.12209500
6 141 6 143 0.00068634
6 153 5 153 0.00403722
44 52 44 52 0.26211500
137 152 137 152 0.47536400
43 53 43 53 0.19935800
43 49 43 49 0.11689100
9 138 9 140 0.01373780
9 141 8 141 0.00533167
9 141 9 140 0.00938835
143 148 144 148 0.00089336
143 148 143 148 0.11635500
143 149 143 149 0.23419500
41 55 41 55 0.20767200
41 52 41 52 0.08059850
45 51 45 51 0.62405900
74 81 74 82 0.08827520
74 81 75 81 0.01292180
145 152 144 151 0.00177180
145 152 145 152 0.00394178
39 54 39 54 0.13789100
39 58 39 57 0.02715430
39 57 39 57 0.17247800
7 143 7 142 0.00269429
7 143 6 143 0.00244740
140 152 140 153 0.00155592
140 152 142 152 0.00485822
