134 134 0.99995600
100 102 0.14870500
100 101 0.00122997
100 100 0.26148400
104 106 0.00076070
104 105 0.00247795
104 104 0.73744100
80 80 0.89407100
124 124 0.66364600
12 12 0.98435000
62 61 0.00088815
62 63 0.00161435
62 62 0.99687700
111 111 0.29631600
88 88 0.79179000
102 103 0.00866421
102 105 0.00055399
102 102 0.57563400
102 104 0.02002880
132 132 0.99995300
67 67 0.68610600
142 142 0.99997100
93 95 0.08483770
93 93 0.44668800
155 155 0.29314500
107 107 0.99888600
89 89 0.88007300
89 91 0.00137241
84 84 0.83670700
27 27 0.74118100
30 30 0.88185100
13 13 0.92742400
25 25 0.98430000
72 72 0.50730600
47 47 0.99909200
43 43 0.99874800
2 2 0.99993100
32 32 0.99948900
71 71 0.62167800
14 14 0.98433200
52 52 0.99961000
120 120 0.99986500
42 42 0.99883400
42 43 0.00068165
53 53 0.99960900
28 28 0.97671300
23 23 0.98429000
79 79 0.72504700
3 3 0.99978500
106 106 0.99817400
152 152 0.99981500
156 156 0.99983300
137 137 0.99991100
86 86 0.86295300
49 49 0.99929400
141 141 0.99997000
96 96 0.41721100
96 98 0.20407200
112 112 0.99910000
139 139 0.99995400
123 123 0.29318000
40 40 0.99962600
24 24 0.98428900
7 7 0.91994800
125 125 0.74640100
68 68 0.16544900
109 109 0.83980300
97 99 0.26869600
97 97 0.41760800
95 97 0.08928730
95 95 0.41778600
90 92 0.00874610
90 91 0.00226988
90 90 0.88293600
159 159 0.99991600
110 110 0.81666700
54 54 0.99959400
31 31 0.99960600
70 70 0.68694300
60 60 0.99850800
140 140 0.99995800
81 81 0.93050000
129 129 0.64563600
117 117 0.99974900
4 4 0.99984300
9 9 0.98432100
143 143 0.99997200
128 128 0.37908100
37 37 0.99962200
135 135 0.99995700
121 121 0.99988500
119 119 0.99985100
87 87 0.87488600
65 65 0.80014600
41 41 0.99953600
46 46 0.99919400
131 131 0.08266950
147 147 0.08267980
118 118 0.99983400
16 16 0.98412800
35 35 0.99944900
150 150 0.37909700
51 51 0.99944800
21 21 0.80272600
77 77 0.88256200
5 5 0.99985600
158 158 0.99986500
61 61 0.99822700
61 60 0.00081085
160 160 0.99995100
48 48 0.99911300
91 93 0.04564770
91 91 0.59446700
91 92 0.01061990
29 29 0.99960100
126 126 0.99980900
18 18 0.72531800
10 10 0.98433000
151 151 0.64712300
85 85 0.92737600
116 116 0.99923100
11 11 0.98433700
145 145 0.99996600
19 19 0.81440600
57 57 0.99964300
149 149 0.64564100
127 127 0.64710100
39 39 0.99962600
101 102 0.00564456
101 103 0.16121700
101 101 0.45667500
45 45 0.99912200
8 8 0.94827400
130 130 0.08166260
114 114 0.99955600
59 59 0.99947300
69 69 0.62935100
69 71 0.00075299
22 22 0.65287700
94 94 0.42542100
94 96 0.20130800
105 105 0.99362800
55 55 0.99959600
50 50 0.99922700
144 144 0.99997200
122 122 0.99976600
108 108 0.92426400
20 20 0.29282100
148 148 0.08166940
153 153 0.74639700
58 58 0.99961800
83 83 0.61999300
34 34 0.99947700
44 44 0.99906700
133 133 0.99995200
64 64 0.99471700
115 115 0.99917200
92 93 0.00162882
92 92 0.53148100
92 94 0.14666600
26 26 0.89045900
6 6 0.92309100
98 98 0.41910400
98 100 0.05263110
36 36 0.99961600
146 146 0.99994300
82 82 0.90713100
136 136 0.99995800
1 1 0.92317600
66 66 0.96211100
33 33 0.99942800
75 75 0.73237400
38 38 0.99954300
15 15 0.98422400
154 154 0.66364100
103 103 0.38129900
103 104 0.00305846
103 105 0.00293184
99 101 0.43072700
99 99 0.42095100
76 76 0.99607500
73 73 0.62682000
138 138 0.99993900
17 17 0.98377000
63 62 0.00069133
63 63 0.99696300
63 64 0.00150016
74 74 0.53168800
113 113 0.90619200
78 78 0.78231900
56 56 0.99961700
157 157 0.99986900
