127 127 0.92485900
39 39 0.99742900
19 19 0.95787400
57 57 0.99621100
149 149 0.16370400
116 116 0.42251600
11 11 0.96692100
145 145 0.50500200
130 130 0.76309800
8 8 0.55558700
45 45 0.99731900
101 101 0.53780300
158 158 0.98469600
61 61 0.99376100
160 160 0.99995200
21 21 0.39891300
51 51 0.99739600
5 5 0.31060500
77 77 0.78493000
126 126 0.88661300
29 29 0.99300900
18 18 0.51043600
85 85 0.30167300
10 10 0.76491500
151 151 0.93839900
48 48 0.99719600
91 91 0.33283500
147 147 0.61514300
131 131 0.56968200
35 35 0.99723900
150 150 0.94520400
16 16 0.84772400
118 118 0.35000000
119 119 0.94666500
37 37 0.99742500
121 121 0.31799200
135 135 0.75859100
46 46 0.99735700
41 41 0.99743000
65 65 0.99386800
87 87 0.30730300
99 99 0.47002900
76 76 0.80313200
103 103 0.98118500
56 56 0.99650700
157 157 0.80897100
63 63 0.99372000
74 74 0.90557900
17 17 0.86831400
73 73 0.70233200
138 138 0.69501000
78 78 0.38294500
113 113 0.40134100
1 1 0.49931000
82 82 0.87217700
146 146 0.26289600
136 136 0.69668400
15 15 0.67436300
38 38 0.99743000
154 154 0.92980000
66 66 0.99355600
33 33 0.99721900
75 75 0.77073800
133 133 0.86983500
64 64 0.99379000
44 44 0.99737900
34 34 0.99726600
83 83 0.88606900
6 6 0.75107300
36 36 0.99740300
98 98 0.46256000
92 92 0.14595300
115 115 0.39232200
26 26 0.98288600
144 144 0.61455400
50 50 0.99723700
55 55 0.99693100
105 105 0.93687100
108 108 0.37510000
20 20 0.51067300
122 122 0.31373500
69 69 0.35922900
114 114 0.47477700
59 59 0.99438900
94 94 0.33228600
22 22 0.47435700
58 58 0.99541000
148 148 0.59995300
153 153 0.87617700
120 120 0.35368300
42 42 0.99743000
53 53 0.99739600
52 52 0.99741800
28 28 0.99308400
23 23 0.35974200
47 47 0.99730300
43 43 0.99742300
72 72 0.45506000
14 14 0.66475800
2 2 0.65910100
32 32 0.99728000
71 71 0.31586400
107 107 0.99666200
155 155 0.20671500
93 93 0.37710300
142 142 0.98023200
132 132 0.86330400
67 67 0.39090200
30 30 0.99307800
13 13 0.77358100
25 25 0.37860300
89 89 0.29743100
84 84 0.38994400
27 27 0.98704300
12 12 0.75612900
124 124 0.30142400
80 80 0.69514100
104 104 0.98118500
100 100 0.45162600
134 134 0.69001000
88 88 0.30620400
102 102 0.80505100
111 111 0.44215900
62 62 0.99363700
117 117 0.17273900
129 129 0.76151600
4 4 0.65444800
9 9 0.67163000
81 81 0.80426500
143 143 0.67692200
128 128 0.50864600
54 54 0.99737900
31 31 0.99740100
110 110 0.35901400
159 159 0.95953500
140 140 0.64625600
70 70 0.45181000
60 60 0.99386500
24 24 0.36108300
7 7 0.42706700
40 40 0.99742900
123 123 0.30854400
109 109 0.42609600
90 90 0.96352300
97 97 0.53145200
95 95 0.46306500
125 125 0.38992000
68 68 0.37143000
137 137 0.60472000
49 49 0.99727800
86 86 0.30699800
106 106 0.61755100
152 152 0.96145300
79 79 0.37227100
3 3 0.74179400
156 156 0.73553400
112 112 0.90298100
96 96 0.38840300
139 139 0.67671000
141 141 0.31022800
