115 115 0.94499849
76 76 0.22095580
68 68 0.22886642
82 82 0.31357458
4 4 0.88698673
4 5 0.01935672
50 50 0.28973400
1 1 0.86798401
77 77 0.25764521
32 32 0.61930848
9 10 0.01690079
9 9 0.62137823
91 91 0.97454667
17 17 0.89917751
3 3 0.76765042
3 4 0.00361763
113 113 0.93983347
94 94 0.29000037
144 144 0.32532160
110 110 0.81392109
25 25 0.91674365
63 63 0.22886642
108 108 0.32795174
84 84 0.76345473
2 2 0.79885264
2 3 0.00200720
118 118 0.31584427
46 46 0.22381679
54 54 0.22150706
137 137 0.71902411
70 70 0.31484482
128 128 0.79994152
121 121 0.34578886
124 124 0.47948582
19 19 0.48488479
98 98 0.80741042
120 120 0.24668227
35 35 0.27479174
47 47 0.32623088
23 23 0.91484466
64 64 0.99985600
145 145 0.23443909
125 125 0.81525370
92 92 0.35600032
39 39 0.30984930
147 147 0.32917716
45 45 0.76335286
86 86 0.22171517
10 11 0.00701009
10 10 0.76158245
44 44 0.31526042
81 81 0.91274994
73 73 0.90883347
85 85 0.31526534
102 102 0.19093820
40 40 0.31261835
69 69 0.31510214
67 67 0.99983867
58 58 0.99972968
34 34 0.88454453
93 93 0.35302288
88 88 0.31422959
21 21 0.89073001
71 71 0.22239356
79 79 0.28585502
146 146 0.23643345
38 38 0.97479999
42 42 0.01483589
41 41 0.31422196
62 62 0.31510307
72 72 0.79188173
90 90 0.30987630
53 53 0.22095665
119 119 0.34172696
117 117 0.61060532
127 127 0.24815855
7 8 0.03639634
7 9 0.00067241
7 7 0.18429111
122 122 0.94486240
126 126 0.77775019
80 80 0.99983267
132 132 0.31488978
133 133 0.22602074
24 24 0.93684767
97 97 0.81692090
139 139 0.97379381
14 16 0.00060124
14 15 0.00799893
14 14 0.82364066
66 66 0.99983334
143 143 0.33006287
78 78 0.22552547
52 52 0.25764697
22 22 0.91264020
96 96 0.66809307
134 134 0.23108153
27 27 0.79426761
87 87 0.01483553
138 138 0.98267232
48 48 0.96784982
136 136 0.39329870
148 148 0.24158719
15 16 0.02170577
15 15 0.75487380
123 123 0.94061655
43 43 0.22171478
36 36 0.36175460
99 99 0.68081248
11 13 0.00051916
11 12 0.00636365
11 11 0.78865073
5 5 0.79491464
5 6 0.02584843
74 74 0.35389281
95 95 0.74324990
65 65 0.99982200
104 104 0.71727796
30 30 0.68286157
57 57 0.87088792
60 60 0.22819637
31 31 0.54321985
8 9 0.03765316
8 8 0.87548414
8 10 0.00064651
26 26 0.81096484
112 112 0.61449516
141 141 0.77664111
116 116 0.44914454
129 129 0.53568024
33 33 0.58432403
130 130 0.29311609
49 49 0.90013158
56 56 0.90352142
13 15 0.00063528
13 14 0.00522622
13 13 0.18208857
131 131 0.21678105
75 75 0.22150620
20 20 0.37803433
111 111 0.40754858
109 109 0.37679762
59 59 0.99972968
83 83 0.22385649
61 61 0.31484655
135 135 0.33137441
142 142 0.97719117
149 149 0.37875325
101 101 0.78223934
18 18 0.36562871
51 51 0.22472656
6 7 0.03275043
6 6 0.79012780
37 37 0.35665456
103 103 0.72327141
28 28 0.78404170
29 29 0.50966736
114 114 0.90119525
16 16 0.89122176
16 17 0.00298636
100 100 0.60717320
89 89 0.31263954
105 105 0.43566830
106 106 0.32305521
107 107 0.23818946
55 55 0.29592059
140 140 0.97504832
12 13 0.00554693
12 12 0.80002977
12 14 0.00059800
