26 49 26 49 0.17495767
18 56 18 56 0.08622000
18 58 18 58 0.02422637
6 150 6 148 0.00201767
6 149 6 148 0.05300033
6 149 5 149 0.03467192
6 151 6 148 0.00050550
25 50 25 50 0.17217633
7 148 7 148 0.17256388
7 148 7 146 0.00283847
7 148 6 148 0.02024920
7 150 7 148 0.00067428
7 149 8 147 0.00328135
7 149 7 148 0.00955487
13 62 14 62 0.00168586
63 141 63 138 0.00879523
63 140 63 138 0.03474017
29 46 29 46 0.14238167
97 107 97 107 0.14703661
97 106 97 106 0.03326787
84 118 84 118 0.48196743
69 135 69 133 0.25231534
69 135 67 135 0.02915273
92 109 92 110 0.00065660
92 111 92 111 0.20913073
100 104 100 104 0.14015134
98 106 98 106 0.14587148
85 117 85 117 0.76141363
75 129 73 129 0.02626632
75 129 75 129 0.29874162
88 114 88 114 0.62226778
12 142 12 142 0.24184331
34 41 34 41 0.14840467
17 58 17 58 0.06936933
17 56 18 56 0.00098159
17 60 17 60 0.03266413
22 53 22 53 0.16460300
22 51 22 51 0.01003877
66 138 63 138 0.01201137
66 138 66 136 0.27077251
66 138 64 137 0.00298844
64 139 64 137 0.20184924
64 140 64 137 0.01403087
23 52 23 52 0.13979433
72 132 70 132 0.02614424
72 132 72 130 0.17279639
16 57 17 57 0.00077490
16 59 17 59 0.00214285
31 44 31 44 0.18381433
32 43 32 43 0.29264467
74 130 72 130 0.02822201
21 52 21 52 0.00897063
21 55 21 55 0.04978167
67 137 64 137 0.00375480
67 137 65 136 0.00426287
67 137 67 135 0.12075982
35 40 35 40 0.18222326
90 111 90 112 0.00106875
2 7 2 7 0.00506618
94 109 94 109 0.44314235
89 113 89 113 0.40895673
82 121 82 121 0.22563399
20 54 21 54 0.00052613
20 58 20 58 0.01731270
20 53 20 53 0.01971960
33 42 33 42 0.32116367
27 48 27 48 0.31891933
10 147 10 144 0.00083754
10 65 11 65 0.00171079
73 131 73 129 0.07115249
73 131 71 131 0.01876292
8 147 8 147 0.10890607
8 147 9 145 0.00400503
68 136 66 136 0.02489113
68 136 68 134 0.23262184
68 136 65 136 0.00093858
77 126 77 126 0.21779598
77 126 76 126 0.00059850
99 105 99 105 0.42364811
5 150 6 148 0.00118852
5 150 5 149 0.06483112
5 150 4 150 0.03752420
5 152 5 149 0.00201481
5 151 5 149 0.00534813
70 134 70 132 0.13146297
70 134 68 134 0.02927941
4 152 4 150 0.01018433
4 151 3 151 0.01598973
4 151 4 150 0.08487002
4 151 5 149 0.00156535
4 153 4 150 0.00204977
3 153 3 151 0.00227196
3 152 4 150 0.00171814
3 152 2 152 0.03199446
3 152 3 151 0.06871650
65 139 63 138 0.00159513
65 139 65 136 0.00705133
11 64 12 64 0.00361006
11 143 11 143 0.10680494
9 145 9 145 0.13524590
9 146 9 145 0.03785400
9 146 10 144 0.00403523
9 148 9 145 0.00326207
