53 53 0.45263667
68 68 0.66623476
131 131 0.63528471
131 132 0.00092924
131 130 0.00336419
74 74 0.59637105
123 123 0.34180800
123 122 0.02561141
123 124 0.00509366
59 58 0.00570679
59 59 0.58001240
32 32 0.92070175
32 31 0.00167989
105 105 0.58342795
105 104 0.00233597
99 99 0.73155460
99 98 0.00624424
9 10 0.00158592
9 7 0.00110622
9 8 0.02372797
9 9 0.77939361
98 98 0.79435665
47 47 0.97162788
21 22 0.00080912
21 20 0.19179362
21 21 0.34427977
117 116 0.00636466
117 118 0.00483415
117 117 0.58673862
148 148 0.42046465
88 88 0.84761375
128 127 0.00543857
128 128 0.47783815
128 129 0.00245584
92 91 0.00060951
92 92 0.69241600
70 70 0.45268605
44 44 0.47724305
81 81 0.52097868
146 146 0.67042029
67 67 0.61632794
50 50 0.93640560
23 23 0.56793689
23 24 0.00113997
23 22 0.19251909
39 39 0.67702655
116 117 0.00583271
116 115 0.07854737
116 116 0.33586171
125 124 0.08011886
125 125 0.40463798
125 126 0.00706430
109 110 0.00571320
109 109 0.39532960
109 108 0.09994029
145 145 0.33497901
145 144 0.00058529
86 86 0.43183620
75 75 0.33477400
87 87 0.72535912
110 111 0.00583070
110 110 0.39406141
110 109 0.07194009
90 90 0.12234990
71 71 0.55179075
4 3 0.00176642
4 4 0.76216866
144 144 0.35160380
72 72 0.47780706
93 93 0.57669697
69 69 0.39453924
115 116 0.00590100
115 115 0.42079016
115 114 0.10469023
82 82 0.54044805
154 154 0.77304927
28 28 0.59207111
28 27 0.09160502
149 149 0.51056146
127 128 0.00236596
127 126 0.01763349
127 127 0.39281441
73 73 0.51816619
42 42 0.75064494
15 13 0.00053247
15 14 0.03507289
15 15 0.36638916
15 16 0.00176800
45 45 0.52091627
114 113 0.10198989
114 114 0.85994218
114 115 0.00596420
84 84 0.63459307
157 157 0.43252950
55 55 0.38104510
33 33 0.51700691
37 37 0.52884365
78 78 0.70696798
135 135 0.63590139
85 85 0.45149239
48 48 0.93349076
57 57 0.65777452
57 56 0.00055639
83 83 0.55104261
147 147 0.57164806
7 7 0.56990059
7 6 0.00348652
7 8 0.00227007
126 126 0.33147476
126 127 0.00395593
126 125 0.09805535
12 13 0.00287916
12 11 0.03103740
12 12 0.79071943
46 46 0.97260004
159 159 0.33422175
60 60 0.44084782
60 59 0.00151623
34 33 0.00054899
34 34 0.51121247
58 58 0.62731845
112 111 0.09816010
112 113 0.00612255
112 112 0.77321647
108 108 0.82976027
108 109 0.00357102
108 107 0.06111848
40 40 0.49587447
22 21 0.16564339
22 22 0.37941049
22 23 0.00088955
29 29 0.69952877
29 28 0.04659028
132 132 0.61195747
132 131 0.00225947
95 95 0.35720946
27 27 0.46268368
27 26 0.00440055
52 52 0.43863384
61 60 0.00056601
61 61 0.55899024
107 106 0.04943244
107 108 0.00543867
107 107 0.79753124
10 10 0.76440593
10 11 0.00419781
10 9 0.03122740
10 8 0.00073491
134 134 0.88403418
17 16 0.00410488
17 18 0.00248004
17 17 0.51306141
38 38 0.76019253
139 139 0.69465127
8 9 0.00365601
8 8 0.48901517
8 7 0.01476170
77 77 0.74902317
122 121 0.10973564
122 122 0.38447637
122 123 0.00514924
5 4 0.00171892
5 5 0.72675419
97 97 0.68445988
152 152 0.66290299
26 26 0.55293069
26 25 0.11694243
155 155 0.75186019
106 105 0.00239529
106 107 0.00493345
106 106 0.76252211
19 18 0.07318240
19 19 0.52359955
19 20 0.00149597
79 79 0.43941400
102 103 0.00126062
102 102 0.65328439
102 101 0.01205873
133 133 0.52428859
66 66 0.24778184
62 61 0.00231424
62 62 0.57830505
13 12 0.02910613
13 13 0.58391325
13 14 0.00303552
31 31 0.89377181
31 30 0.00268116
51 51 0.53409032
6 6 0.73443361
6 5 0.00396420
6 7 0.00059513
137 137 0.63230529
129 129 0.84216901
129 128 0.00524979
129 130 0.00226480
25 26 0.00118196
25 24 0.11307497
25 25 0.60054981
41 41 0.49829377
104 103 0.06342962
104 104 0.29831965
142 141 0.00068804
142 142 0.45361208
156 156 0.17936968
143 143 0.38403784
140 139 0.00113284
140 140 0.66336460
103 104 0.00354083
103 102 0.00712482
103 103 0.56141688
91 91 0.34742973
91 90 0.00055708
94 94 0.29370916
14 13 0.02865292
14 14 0.71219803
76 76 0.79026868
96 96 0.64772415
18 17 0.02361424
18 19 0.00098432
18 18 0.58624892
1 1 0.98620083
3 3 0.66843410
3 2 0.00188361
30 29 0.00814802
30 30 0.66135602
80 80 0.46898912
124 123 0.00458710
124 124 0.56086533
124 125 0.00531021
36 35 0.00073083
36 36 0.62660971
120 121 0.00228895
120 119 0.10925320
120 120 0.82112061
138 138 0.67710168
49 49 0.92623789
16 15 0.00164038
16 16 0.58327952
130 130 0.76000789
130 131 0.00253359
130 129 0.00364060
136 136 0.64521695
100 99 0.00843334
100 100 0.69749815
121 120 0.10976964
121 122 0.00372526
121 121 0.64182080
2 1 0.00127786
2 2 0.63645678
158 158 0.58981700
54 54 0.75034728
141 140 0.00076476
141 141 0.71379410
118 119 0.00323345
118 118 0.58140211
118 117 0.02349998
101 102 0.00063053
101 101 0.63566754
101 100 0.01315797
64 64 0.66012787
64 63 0.00061513
89 89 0.46476966
11 12 0.00399431
11 10 0.03267127
11 11 0.76127639
11 9 0.00063486
56 56 0.44395875
65 65 0.70369083
151 151 0.56863110
150 150 0.33174930
43 43 0.45616937
113 114 0.00621246
113 112 0.09873219
113 113 0.76561213
35 35 0.55309651
119 118 0.04123355
119 119 0.62831637
119 120 0.00473022
111 110 0.00623608
111 112 0.00606939
111 111 0.86954106
24 25 0.00125803
24 23 0.16529815
24 24 0.48160257
153 153 0.63522968
20 19 0.17378727
20 18 0.00065130
20 21 0.00223628
20 20 0.66400860
63 62 0.00148233
63 63 0.87291008
