53 53 0.92262700
48 48 0.83281900
6 6 0.60941800
112 112 0.39769500
149 149 0.23574900
121 121 0.99706400
20 20 0.52051400
40 40 0.34907100
61 61 0.90976600
28 28 0.99761300
1 1 0.81590300
141 141 0.92267400
138 138 0.82964100
159 159 0.99983500
96 96 0.46329500
71 71 0.88067400
119 119 0.40276800
51 51 0.93670500
47 47 0.20880200
111 111 0.29305600
64 64 0.61023400
31 31 0.99761900
52 52 0.86518100
79 79 0.14162100
140 140 0.92171500
125 125 0.14074500
131 131 0.96495100
63 63 0.89715900
25 25 0.99748100
30 30 0.99762000
17 17 0.47209700
4 4 0.52971400
99 99 0.93213400
120 120 0.13018400
57 57 0.93537500
83 83 0.21424700
56 56 0.94528000
23 23 0.80787900
81 81 0.40048500
26 26 0.99751400
130 130 0.66086700
19 19 0.21616600
158 158 0.99963700
129 129 0.77636800
89 89 0.28243100
91 91 0.53771200
108 108 0.55303800
106 106 0.40388600
105 105 0.46247300
160 160 0.99996700
123 123 0.44193700
7 7 0.49971400
14 14 0.49588200
5 5 0.98071300
59 59 0.86986400
154 154 0.43321300
101 101 0.93600900
126 126 0.36636100
62 62 0.80966200
15 15 0.60365100
43 43 0.75409800
45 45 0.77091200
16 16 0.97217900
49 49 0.86481600
41 41 0.76277200
150 150 0.75189200
104 104 0.52886800
74 74 0.35668100
11 11 0.99004100
27 27 0.99758600
122 122 0.99706300
76 76 0.33121500
124 124 0.33093400
94 94 0.77102400
132 132 0.88687100
24 24 0.75416800
2 2 0.51023500
146 146 0.91091800
133 133 0.45532000
88 88 0.02036390
145 145 0.69605600
69 69 0.88049000
152 152 0.91358000
92 92 0.87558000
37 37 0.98107800
113 113 0.99889100
148 148 0.52901000
157 157 0.36463100
118 118 0.41217900
34 34 0.66194600
95 95 0.42007200
147 147 0.91091300
55 55 0.96532800
9 9 0.99334600
44 44 0.80783800
86 86 0.39769500
18 18 0.47084200
135 135 0.94732700
12 12 0.99003500
139 139 0.92089600
114 114 0.99883300
54 54 0.94411300
103 103 0.58009300
102 102 0.56077400
87 87 0.29305600
42 42 0.99716800
77 77 0.44136900
153 153 0.92949200
84 84 0.99889700
60 60 0.79104700
67 67 0.40353500
58 58 0.71858700
155 155 0.86014500
32 32 0.53288000
70 70 0.57490700
136 136 0.56734100
72 72 0.44256000
98 98 0.39834800
35 35 0.98131400
10 10 0.99164200
75 75 0.14167000
109 109 0.05969260
90 90 0.75724400
128 128 0.48011500
137 137 0.67444100
143 143 0.89792600
134 134 0.92711100
68 68 0.80270700
144 144 0.86676000
39 39 0.68132700
13 13 0.50418400
97 97 0.30836700
82 82 0.25064800
116 116 0.76079400
8 8 0.50749400
115 115 0.21425900
22 22 0.77094900
21 21 0.74233800
33 33 0.63931600
93 93 0.90105800
107 107 0.73822800
66 66 0.27919800
117 117 0.50604900
3 3 0.56358500
50 50 0.93683400
78 78 0.99662800
65 65 0.52028100
36 36 0.98120900
73 73 0.34595300
80 80 0.42393200
142 142 0.89570000
46 46 0.50789000
151 151 0.77513100
29 29 0.99761800
156 156 0.86036700
127 127 0.33309800
38 38 0.65419900
100 100 0.93383100
110 110 0.02036470
85 85 0.99887600
