117 117 0.59730100
78 78 0.28628200
50 50 0.97980900
3 3 0.29394400
65 65 0.38435900
36 36 0.87256400
33 33 0.92271400
107 107 0.45698100
93 93 0.82457500
66 66 0.33621100
115 115 0.39137800
21 21 0.29002700
22 22 0.33417000
82 82 0.21531400
116 116 0.60315900
8 8 0.26051400
100 100 0.98886700
85 85 0.29001700
110 110 0.29041100
156 156 0.48346900
127 127 0.65319300
38 38 0.30977700
142 142 0.57377400
46 46 0.29008000
29 29 0.57397400
151 151 0.48100500
73 73 0.73631800
80 80 0.39708400
10 10 0.37920500
35 35 0.85145000
98 98 0.44673500
136 136 0.38887700
72 72 0.70608200
58 58 0.38802700
155 155 0.46352300
32 32 0.66670600
70 70 0.81316100
68 68 0.40654100
134 134 0.44408800
144 144 0.43868200
13 13 0.29240400
97 97 0.40827100
39 39 0.35604500
143 143 0.46654400
137 137 0.43345600
75 75 0.38721200
109 109 0.27288600
90 90 0.92206000
128 128 0.53161300
139 139 0.42291400
12 12 0.28916700
114 114 0.39352300
54 54 0.99975800
44 44 0.39472300
18 18 0.45881000
86 86 0.39476300
135 135 0.41345400
95 95 0.50292000
147 147 0.88383600
55 55 0.29571800
9 9 0.31712400
157 157 0.62109700
118 118 0.38438100
34 34 0.89479600
67 67 0.35160100
153 153 0.45991300
84 84 0.39352300
60 60 0.26863200
42 42 0.39555600
87 87 0.29037700
77 77 0.38703800
103 103 0.36857300
102 102 0.44336000
124 124 0.30145100
24 24 0.29026800
94 94 0.72656900
132 132 0.96426600
27 27 0.76173000
11 11 0.38809100
122 122 0.98108100
76 76 0.28338400
41 41 0.39829800
104 104 0.47857100
150 150 0.58479400
74 74 0.31233500
16 16 0.47100100
49 49 0.44423500
37 37 0.73302500
148 148 0.81793700
113 113 0.29001700
152 152 0.35115300
92 92 0.58098900
146 146 0.84411200
133 133 0.48166500
88 88 0.29041000
145 145 0.56191200
69 69 0.42270800
2 2 0.45519500
59 59 0.37814500
5 5 0.29949700
14 14 0.29571800
7 7 0.34875200
123 123 0.40111300
45 45 0.33422300
15 15 0.63530500
43 43 0.29057300
126 126 0.36944000
101 101 0.98887200
62 62 0.63778700
154 154 0.33099100
81 81 0.38984100
26 26 0.39533000
83 83 0.39137700
23 23 0.39467000
56 56 0.29240100
160 160 0.99995400
129 129 0.56880500
91 91 0.42521900
89 89 0.35080500
108 108 0.80347900
105 105 0.45330800
106 106 0.44629600
19 19 0.86316800
158 158 0.45883400
130 130 0.61603100
111 111 0.29037800
64 64 0.46708700
51 51 0.62562200
47 47 0.25789900
4 4 0.27490900
99 99 0.98886900
120 120 0.32829600
57 57 0.28915300
30 30 0.96867700
17 17 0.73582500
140 140 0.70945500
125 125 0.39120600
131 131 0.85463600
25 25 0.39446600
63 63 0.35161200
31 31 0.76563800
79 79 0.33777100
52 52 0.99985100
61 61 0.46551800
28 28 0.51984900
20 20 0.37450000
40 40 0.98664000
121 121 0.28628200
53 53 0.46059900
48 48 0.71019000
6 6 0.37687400
112 112 0.39476200
149 149 0.58189300
119 119 0.38610600
159 159 0.37727800
138 138 0.36749600
96 96 0.49919100
71 71 0.87757700
1 1 0.37557400
141 141 0.68096000
