98 98 0.98246500
35 35 0.97913100
10 10 0.97808700
32 32 0.97926100
70 70 0.97927600
155 155 0.89576400
58 58 0.97904800
136 136 0.76452300
72 72 0.97926300
143 143 0.88552900
144 144 0.96673600
13 13 0.87519600
97 97 0.98241300
39 39 0.97907300
134 134 0.30275700
68 68 0.97925600
128 128 0.69997500
75 75 0.97924200
90 90 0.97924900
109 109 0.12590400
137 137 0.93837200
93 93 0.97924400
66 66 0.97925400
107 107 0.99906100
33 33 0.97924400
3 3 0.14256800
50 50 0.97895800
78 78 0.97925800
65 65 0.97926700
36 36 0.97915400
117 117 0.88426700
82 82 0.97926700
116 116 0.97760100
8 8 0.97958400
115 115 0.96148100
21 21 0.97923100
22 22 0.97923500
38 38 0.97911600
156 156 0.05873580
127 127 0.93356400
110 110 0.74207000
85 85 0.97920600
100 100 0.98249300
80 80 0.97921800
73 73 0.97926000
29 29 0.97899800
151 151 0.99797100
142 142 0.43588500
46 46 0.97873400
122 122 0.96271600
76 76 0.97917900
11 11 0.97768400
27 27 0.97891400
24 24 0.97914000
132 132 0.94989100
94 94 0.97916500
124 124 0.96280600
16 16 0.97916300
49 49 0.97901100
150 150 0.90351200
104 104 0.30777700
74 74 0.97925100
41 41 0.97817300
41 42 0.00092140
92 92 0.97925600
152 152 0.99785500
152 151 0.00087264
113 113 0.92697800
148 148 0.99906000
37 37 0.97910800
2 2 0.99964500
133 134 0.00052922
133 133 0.94905400
88 88 0.97915300
69 69 0.97927200
145 145 0.63373200
146 146 0.54319200
86 86 0.97926000
18 18 0.97919400
135 135 0.23516700
44 44 0.97864800
12 11 0.00064166
12 12 0.87703000
139 139 0.93837700
114 114 0.99935300
54 54 0.97920500
34 34 0.97923000
157 157 0.14292200
118 118 0.96328600
147 147 0.67553100
95 95 0.88756000
9 9 0.97953200
55 55 0.97900100
60 60 0.97926100
153 152 0.00069885
153 153 0.99815400
84 84 0.97926800
67 67 0.97918200
102 102 0.70542100
103 103 0.12954000
77 77 0.97925900
87 87 0.97921900
42 42 0.97814700
42 43 0.00056538
26 26 0.97867000
81 81 0.97924000
83 83 0.97927500
56 56 0.97902800
23 23 0.97922300
108 108 0.30780900
106 106 0.99900000
105 105 0.99905600
129 129 0.61055100
91 91 0.97926800
89 89 0.97923600
160 160 0.99966800
130 130 0.60146600
158 158 0.99864200
19 19 0.97916800
14 14 0.97917400
59 59 0.97925300
5 5 0.97942000
123 123 0.96287100
7 7 0.97956200
43 43 0.97863300
15 15 0.97919700
45 45 0.97895400
154 154 0.99898600
62 62 0.97924700
101 101 0.98273400
126 126 0.91957600
20 20 0.97920400
40 40 0.97876200
61 61 0.97921800
28 28 0.97911700
149 149 0.92071300
53 53 0.97917400
6 6 0.97941000
112 112 0.85513700
48 48 0.97897400
121 121 0.96252400
119 119 0.96256700
141 141 0.38351600
1 1 0.69843500
71 71 0.97927300
96 96 0.86420200
138 138 0.93837800
159 159 0.69826400
64 64 0.97924000
111 111 0.89207400
51 51 0.97908400
47 47 0.97874100
30 30 0.97903700
17 17 0.97919400
57 57 0.97904100
4 4 0.14030900
99 99 0.92592700
120 120 0.96266600
31 31 0.97922300
79 79 0.97919500
52 52 0.97901700
63 63 0.97926400
25 26 0.00051920
25 25 0.97865300
140 140 0.43677900
131 131 0.95002600
125 125 0.96284200
