82 81 0.00483851
82 80 0.00164429
82 82 0.84391064
82 79 0.00055524
97 97 0.12671427
97 96 0.02921914
97 98 0.03231047
97 95 0.04687697
97 94 0.04926704
59 60 0.00108437
59 59 0.87816828
95 93 0.03221346
95 98 0.00072036
95 92 0.03541961
95 95 0.42571349
95 94 0.02205343
95 97 0.00407730
95 96 0.01659213
76 76 0.86564001
35 35 0.75501245
53 53 0.74716649
101 99 0.03732601
101 102 0.03319768
101 98 0.00110026
101 100 0.04379802
101 101 0.48645011
84 83 0.01885454
84 82 0.00678951
84 84 0.75738848
39 38 0.00051162
39 39 0.90296612
66 67 0.02833946
66 66 0.74542607
71 71 0.75774496
71 72 0.00120936
47 47 0.79523898
27 26 0.00746995
27 25 0.00080652
27 27 0.69887314
27 28 0.03069621
37 37 0.81789159
32 33 0.00321318
32 32 0.74556861
121 121 0.62933251
121 122 0.00269233
121 120 0.06632117
138 138 0.64314583
138 137 0.00097894
154 154 0.87593098
154 153 0.00518948
80 78 0.00067683
80 80 0.85444542
42 42 0.63498507
11 11 0.52881438
11 12 0.00106309
41 41 0.66381816
124 124 0.07096444
124 123 0.01597011
128 128 0.69044784
69 69 0.72798496
69 70 0.01574864
69 68 0.00078320
92 90 0.00159640
92 93 0.00614866
92 89 0.00292334
92 91 0.00098382
92 94 0.00177774
92 92 0.65231595
72 73 0.00083726
72 72 0.84251088
43 43 0.76666982
141 140 0.00056088
141 141 0.61890732
148 149 0.00055200
148 147 0.02473216
148 148 0.71182340
7 7 0.95112235
23 22 0.00156889
23 23 0.64958833
23 24 0.00336404
122 121 0.06241182
122 123 0.00078814
122 122 0.62281307
152 151 0.01243564
152 152 0.84073113
78 78 0.89793096
91 92 0.00123143
91 90 0.00903429
91 91 0.65458717
91 89 0.00130446
6 6 0.88501296
90 88 0.00372090
90 87 0.00092646
90 91 0.00074044
90 89 0.00099931
90 90 0.65778168
54 54 0.57378865
108 109 0.01065381
108 107 0.03830011
108 103 0.00062063
108 106 0.01365090
108 105 0.00745790
108 108 0.37041789
117 118 0.00697892
117 117 0.63086402
117 116 0.02086433
51 51 0.68282460
85 85 0.85232250
85 83 0.00949868
85 84 0.01858399
150 150 0.89538457
150 149 0.01552639
113 114 0.00790704
113 113 0.67481788
113 110 0.00132449
113 112 0.02286360
113 115 0.00073965
113 111 0.00470914
114 113 0.02355789
114 114 0.33885873
114 111 0.00094641
114 115 0.00518127
114 112 0.00440347
114 116 0.00089473
89 89 0.66171657
89 87 0.00306347
89 88 0.01514184
89 86 0.00271326
123 123 0.36068094
123 122 0.03966836
16 16 0.52049685
83 84 0.00057463
83 81 0.00225360
83 83 0.76726547
83 82 0.00566953
87 85 0.01213998
87 87 0.74874450
87 86 0.00101750
64 64 0.60428622
64 65 0.01503000
116 117 0.00757366
116 116 0.29438115
116 115 0.08213126
116 114 0.00101651
24 25 0.01966531
24 22 0.00072858
24 23 0.00454172
24 24 0.87169235
88 86 0.02670739
88 88 0.64207591
88 87 0.02156564
22 21 0.00415936
22 23 0.01142978
22 20 0.00063112
22 22 0.75319062
26 24 0.00075805
26 26 0.67379210
26 27 0.03036493
26 25 0.00650968
134 134 0.56802565
10 10 0.67148475
14 14 0.59662110
14 13 0.00050843
19 19 0.58158729
19 18 0.00054390
19 20 0.00107538
57 57 0.66197485
67 67 0.62098948
67 68 0.02890416
73 73 0.77890682
2 2 0.77759275
140 140 0.57805303
137 137 0.86152125
137 138 0.00052194
107 104 0.01727987
107 105 0.01971183
107 106 0.06769731
107 108 0.00749223
107 107 0.65683412
38 38 0.67921280
156 155 0.00565106
156 156 0.94423638
74 74 0.83443685
34 34 0.66373820
118 118 0.73019273
118 119 0.00419953
118 117 0.07727399
125 125 0.05680152
125 124 0.00168630
120 119 0.07585802
120 120 0.56846442
120 121 0.00229856
33 33 0.66711774
111 112 0.00871163
111 111 0.80939662
111 110 0.02843979
111 108 0.00360284
111 109 0.00692790
111 113 0.00052922
9 9 0.68155993
63 64 0.02604902
63 63 0.72528598
75 75 0.80946106
62 62 0.65190193
62 63 0.04052415
86 84 0.00289673
86 85 0.01984341
86 86 0.75355283
36 36 0.92142259
58 58 0.62725126
30 31 0.00139760
30 30 0.55629911
50 50 0.90441428
126 125 0.00231421
126 126 0.40262835
144 144 0.69355328
144 143 0.00698652
147 148 0.00098384
147 147 0.76842190
147 146 0.00903564
21 22 0.00147001
21 20 0.00257447
21 21 0.62952137
119 118 0.07668196
119 120 0.00403398
119 119 0.30436206
46 46 0.91535096
79 79 0.88694381
77 77 0.99318829
65 65 0.65621930
65 66 0.00440464
1 1 0.96414200
29 28 0.00207940
29 30 0.01059001
29 29 0.81277541
31 31 0.76100847
31 32 0.00671641
110 108 0.00563723
110 110 0.39996089
110 111 0.00861907
110 107 0.00493595
110 109 0.03436297
98 96 0.05061174
98 97 0.01914721
98 99 0.02731292
98 95 0.00117174
98 98 0.18070037
81 80 0.00082976
81 81 0.85438520
81 79 0.00118075
52 52 0.67476002
135 135 0.65025997
13 12 0.00055669
13 13 0.87875848
12 12 0.76620827
12 13 0.00175534
105 103 0.02869494
105 105 0.73789942
105 102 0.02099319
105 104 0.07405444
105 106 0.01346145
40 40 0.81842124
115 114 0.01108081
115 113 0.00190793
115 115 0.43905386
115 116 0.00441261
115 112 0.00056488
145 146 0.00053463
145 145 0.83394615
145 144 0.02692680
133 133 0.58239723
93 92 0.02368720
93 94 0.01301103
93 95 0.00419692
93 93 0.63370804
93 90 0.00425313
93 91 0.03563852
60 60 0.83058805
60 61 0.00202071
4 4 0.63151447
8 8 0.96131621
5 5 0.54011901
18 19 0.00071045
18 18 0.70604553
96 95 0.02348510
96 94 0.02566835
96 96 0.26575009
96 97 0.02365538
96 93 0.03825976
132 132 0.73381977
102 101 0.05278221
102 103 0.03212800
102 99 0.02613080
102 100 0.03281746
102 102 0.25173398
142 141 0.00073459
142 142 0.82925322
136 136 0.58894283
139 139 0.53634138
44 44 0.72560705
49 49 0.86476702
3 3 0.71982419
151 151 0.90516616
151 150 0.03260712
146 145 0.03628270
146 146 0.79163588
146 147 0.00140669
104 99 0.00214297
104 104 0.59166947
104 102 0.01261158
104 105 0.02049714
104 103 0.05893345
104 101 0.00142575
17 17 0.56034380
130 130 0.78037309
100 100 0.65773887
100 98 0.02738634
100 99 0.01118316
100 97 0.00110370
100 101 0.03370067
155 155 0.88529281
155 154 0.00406477
103 103 0.18730507
103 101 0.03942930
103 102 0.06070092
103 104 0.02848437
103 100 0.01238247
103 98 0.00117598
55 55 0.58905823
15 15 0.61802979
149 148 0.00894051
149 149 0.71646397
99 96 0.00115396
99 97 0.02289197
99 99 0.09441296
99 98 0.02615627
99 100 0.03276404
99 101 0.00069113
94 91 0.02326172
94 93 0.02230364
94 97 0.00126410
94 96 0.00567865
94 92 0.01891894
94 95 0.01731550
94 94 0.73971620
61 61 0.82396132
61 62 0.00544296
112 114 0.00077650
112 113 0.00752419
112 109 0.00176792
112 110 0.00595891
112 111 0.02342749
112 112 0.74040069
20 19 0.00125660
20 21 0.00129753
20 20 0.86679596
25 23 0.00079128
25 24 0.00641566
25 25 0.74653890
25 26 0.02031454
129 129 0.53133213
143 142 0.00223123
143 143 0.59154972
70 71 0.00324587
70 70 0.73964460
131 131 0.55415933
153 153 0.86570051
153 152 0.00646492
127 127 0.51677534
28 29 0.02180372
28 28 0.68334422
28 27 0.00698770
106 105 0.07314267
106 104 0.02408043
106 106 0.68314789
106 103 0.03178507
106 107 0.00312514
68 68 0.71923293
68 69 0.02992559
56 56 0.46688260
45 45 0.91529908
48 48 0.73924418
109 106 0.00558803
109 108 0.03861510
109 110 0.01120949
109 109 0.53397786
109 107 0.00446944
