96 116 96 116 0.18775591
86 126 86 126 0.11990758
86 126 86 124 0.00285153
98 113 98 113 0.18685778
99 112 99 112 0.18728546
40 50 40 50 0.12502130
94 118 94 118 0.14255055
97 114 97 114 0.13911773
82 129 82 127 0.00495970
82 130 82 131 0.00053582
85 127 85 125 0.00369712
85 127 85 127 0.08357104
26 30 25 30 0.00109404
91 122 91 122 0.24910745
95 117 95 117 0.14948670
131 149 129 146 0.00741620
134 146 132 143 0.00758170
89 124 89 124 0.15269809
135 145 133 144 0.00104077
135 145 133 142 0.00717620
84 128 84 126 0.00466064
84 128 84 129 0.00065948
81 130 81 128 0.00624555
102 109 102 109 0.18514602
6 39 6 39 0.03260903
101 110 101 110 0.17555968
136 143 134 142 0.00173886
136 143 135 142 0.00737701
5 40 5 40 0.05273384
93 120 93 120 0.03703790
79 132 79 130 0.00178345
90 123 90 123 0.11760153
39 51 39 51 0.04953567
133 147 131 144 0.00499400
41 49 41 49 0.07067329
100 111 100 111 0.18728583
43 47 43 47 0.02406457
132 148 130 145 0.00212432
