40 78 40 78 0.00146915
94 125 94 125 0.02531283
94 122 94 122 0.11211754
49 60 49 63 0.02865038
87 128 87 129 0.00358096
87 128 87 128 0.12166321
97 120 97 120 0.09634020
97 122 97 122 0.04478656
11 22 11 23 0.00091063
86 129 87 129 0.00106708
104 115 104 115 0.39800224
38 74 38 74 0.29376790
96 120 96 120 0.02892637
96 121 96 121 0.11515095
99 119 99 119 0.01533122
98 119 98 119 0.03472759
95 124 95 124 0.05543309
91 125 91 125 0.07612026
91 127 91 127 0.06673249
37 73 37 73 0.03215726
89 126 89 126 0.05603938
135 141 136 141 0.00073103
135 141 136 142 0.00074824
135 141 135 142 0.00091568
135 141 135 141 0.05519980
135 142 135 142 0.15075741
135 142 135 143 0.00132290
146 152 146 153 0.00158740
146 152 147 152 0.00112445
42 76 42 76 0.00060700
42 70 42 70 0.18629481
31 36 31 36 0.01794210
134 143 134 143 0.25039006
134 143 134 144 0.00323740
134 143 135 143 0.00066095
134 142 135 142 0.00208222
134 142 135 143 0.00329358
134 142 134 143 0.00341382
46 63 46 66 0.02908762
46 63 48 64 0.00062815
46 66 46 66 0.15436700
106 112 106 112 0.00246370
106 113 106 113 0.52340226
30 37 30 37 0.02256624
47 71 47 71 0.00061775
47 62 47 65 0.03811239
47 62 49 63 0.00075370
88 128 88 128 0.05962133
103 116 103 116 0.39592956
9 25 9 25 0.05049902
90 127 90 127 0.04051167
90 125 90 125 0.02333648
90 128 90 128 0.10812199
44 68 44 68 0.31839367
44 74 44 74 0.00059836
44 65 44 68 0.03818853
44 65 46 66 0.00063343
39 71 39 72 0.00182992
39 73 39 73 0.11835514
39 72 39 72 0.02708824
50 59 50 62 0.02008286
144 156 144 155 0.01431713
93 125 93 125 0.02821840
93 123 93 123 0.11652153
136 141 136 141 0.04937428
101 118 101 118 0.31042309
102 117 102 117 0.35761675
52 57 54 60 0.00205314
52 57 52 57 0.26587724
43 75 43 75 0.00097113
43 69 43 69 0.17455749
48 61 48 64 0.03380277
48 61 50 62 0.00058988
132 144 133 145 0.00057999
100 119 100 119 0.31598428
3 157 3 156 0.00119929
145 155 145 154 0.01716443
145 153 145 154 0.00173822
145 153 146 153 0.00743246
51 58 53 61 0.00090614
51 58 51 58 0.32696476
51 58 51 61 0.01682457
36 74 36 74 0.04031059
36 74 36 75 0.00402616
36 75 36 75 0.09571134
10 23 10 24 0.00077268
105 114 105 114 0.31674561
133 144 134 144 0.00053924
133 144 133 145 0.00066332
133 143 134 143 0.00153327
133 143 134 144 0.00299340
41 71 41 71 0.29164423
45 67 45 67 0.17149300
45 64 45 67 0.02863801
