87 93 87 93 0.02204860
87 98 87 98 0.18494800
100 136 100 136 0.28968900
114 119 114 119 0.08079050
114 122 114 122 0.34094500
99 137 99 137 0.11106500
40 47 40 47 0.76691800
23 36 23 36 0.15139700
23 30 23 30 0.25954900
111 127 109 127 0.00268594
111 122 111 122 0.14927900
35 52 35 52 0.02756600
138 145 138 145 0.38340700
20 26 20 26 0.02502060
20 33 20 33 0.01300170
108 128 108 128 0.40792500
108 130 106 130 0.00476889
139 144 139 144 0.48640300
3 8 2 7 0.00051649
3 156 4 156 0.00247808
25 29 25 29 0.07331610
39 48 39 48 0.52704700
137 146 137 146 0.39561700
12 36 12 36 0.00997029
16 30 16 30 0.04357290
16 152 16 152 0.24505900
90 95 90 95 0.25293100
21 33 21 33 0.02608720
21 44 21 44 0.00414252
21 25 21 25 0.02582360
116 123 116 123 0.02508620
116 121 116 121 0.09121480
85 101 85 100 0.00073483
8 37 8 37 0.15968100
8 158 8 159 0.02935630
8 158 9 158 0.08550550
89 96 89 96 0.18334000
117 122 117 122 0.06704020
107 131 105 131 0.00411619
107 129 107 129 0.29569500
84 100 84 101 0.00277572
84 96 84 96 0.00706494
27 35 27 35 0.02665560
18 28 18 28 0.04032520
140 144 140 144 0.03992450
26 36 26 36 0.01929690
110 128 108 128 0.00529980
110 126 110 126 0.22565500
110 123 110 123 0.19086500
88 97 88 97 0.89495000
14 33 14 33 0.04019340
14 154 14 154 0.47832800
22 37 22 37 0.71198200
17 29 17 29 0.03120370
106 132 104 132 0.00489528
15 153 15 153 0.25638500
15 32 15 32 0.06635160
98 138 98 138 0.05963920
7 38 7 38 0.02501730
7 159 8 159 0.11930500
7 159 7 160 0.00874742
86 99 86 99 0.13424400
86 94 86 94 0.03947040
109 129 107 129 0.00574578
109 127 109 127 0.67097000
24 35 24 35 0.09335600
24 29 24 29 0.28961600
24 30 24 30 0.03923400
113 123 113 123 0.33156900
9 157 9 158 0.02391970
38 49 38 49 0.50569200
36 51 36 51 0.03035350
