140 141 0.00164095
140 143 0.01658096
140 140 0.85602069
24 24 0.91730304
137 140 0.00356338
137 137 0.63643037
149 152 0.00118065
149 149 0.65309511
86 86 0.37047411
86 89 0.00284469
86 85 0.00062040
86 87 0.00118841
154 154 0.73080556
144 144 0.75525019
144 147 0.00620477
67 67 0.74084666
104 104 0.92335561
104 105 0.00319446
92 92 0.63472289
92 91 0.00201702
92 95 0.00082682
92 93 0.01520502
60 59 0.00323731
60 60 0.77054572
82 82 0.45806120
115 116 0.00205532
115 115 0.85815755
99 99 0.58878049
63 63 0.86068014
119 119 0.65048486
126 126 0.68536180
142 142 0.88721952
142 145 0.00904151
77 77 0.47250052
160 160 0.71608262
69 69 0.92804795
76 76 0.59213001
151 154 0.00681241
151 150 0.00052074
151 151 0.69065197
7 7 0.68622046
7 8 0.07310433
7 6 0.01359223
41 44 0.00100253
41 42 0.00289094
41 40 0.00482685
41 41 0.86183973
22 22 0.77869102
22 23 0.00052812
4 5 0.07057038
4 3 0.00589618
4 4 0.75746892
73 73 0.58527084
157 157 0.79464705
66 66 0.77560796
32 31 0.00109464
32 33 0.00487899
32 32 0.72170127
1 2 0.05103105
1 1 0.66316611
43 43 0.97004812
43 42 0.00516968
43 44 0.00218882
14 15 0.07361725
14 13 0.00659137
14 14 0.69505006
129 129 0.74421026
45 44 0.00233611
45 45 0.95080315
147 150 0.00522183
147 147 0.45198635
3 4 0.06425503
3 3 0.75411658
3 2 0.00538053
38 38 0.76416779
38 36 0.00050802
38 39 0.00639814
38 37 0.00276831
38 41 0.00058702
118 118 0.38168480
118 119 0.00166783
65 65 0.69153485
155 155 0.65354219
121 121 0.64545066
23 23 0.76493205
83 83 0.48528848
61 60 0.00098105
61 61 0.67459339
58 57 0.01163440
58 58 0.95187270
120 120 0.54111521
27 27 0.35434473
27 28 0.00259796
35 33 0.00065803
35 35 0.81165548
35 34 0.00232195
35 36 0.00510855
26 26 0.47951196
26 27 0.00052500
109 110 0.01065328
109 109 0.41927807
153 153 0.70425404
42 41 0.00467867
42 45 0.00114818
42 43 0.00250903
42 42 0.95964569
148 148 0.49951203
148 151 0.00084243
13 13 0.75475625
13 12 0.00547208
13 14 0.00578374
12 13 0.01860999
12 11 0.00881586
12 12 0.62631373
100 100 0.51113189
102 102 0.94283773
2 3 0.06355385
2 2 0.68579305
2 1 0.00299250
70 70 0.76944935
88 87 0.00244977
88 88 0.57147465
88 89 0.01092082
88 91 0.00312974
139 140 0.00069497
139 142 0.01524576
139 139 0.68297981
44 44 0.97314520
44 43 0.00443148
106 107 0.00518691
106 106 0.58857677
49 50 0.00080441
49 49 0.64969040
49 48 0.00292800
51 50 0.01249181
51 52 0.00073647
51 51 0.71455485
5 6 0.07099637
5 5 0.87300944
5 4 0.01226814
138 138 0.76829586
138 141 0.01381701
91 94 0.00272442
91 90 0.00276883
91 91 0.58554480
91 92 0.01653789
98 98 0.62727600
112 112 0.37251154
112 113 0.00084229
71 71 0.73016979
143 146 0.00848313
143 143 0.56514991
52 52 0.93315455
52 51 0.01419720
52 53 0.00075764
122 122 0.46287455
6 5 0.01323285
6 7 0.07198066
6 6 0.84601301
50 49 0.01041346
50 51 0.00087151
50 50 0.72205394
105 106 0.00446423
105 105 0.90538320
103 104 0.00174140
103 103 0.93677003
107 108 0.00754839
107 107 0.58101107
31 31 0.70850877
31 32 0.00053394
78 78 0.77632756
135 135 0.66736150
57 56 0.01223020
57 57 0.55053209
96 97 0.00329579
96 96 0.65283311
96 99 0.00222128
54 54 0.66836273
54 53 0.01570775
75 75 0.57609059
124 124 0.62668674
124 125 0.00073317
81 81 0.70813725
15 15 0.63126945
15 14 0.00413260
15 16 0.00225081
80 80 0.74387778
152 152 0.57587878
152 155 0.00178186
79 79 0.75229580
9 9 0.54633338
9 10 0.00788942
9 8 0.01051630
19 20 0.00353935
19 19 0.62414042
90 91 0.01608044
90 90 0.62592665
90 93 0.00270664
90 89 0.00256866
133 133 0.71591402
33 33 0.92258282
33 32 0.00095364
33 34 0.00640049
114 114 0.69803473
114 115 0.00271562
136 136 0.55597377
130 130 0.72121232
40 41 0.00458905
40 40 0.64918374
40 39 0.00381265
40 43 0.00083074
28 29 0.00161661
28 28 0.16733781
37 38 0.00611481
37 35 0.00052918
37 36 0.00318347
37 37 0.56293979
37 40 0.00050988
47 47 0.63010769
47 46 0.00148668
55 54 0.01644823
55 55 0.31851486
101 101 0.63475820
21 21 0.54977634
21 22 0.00156501
146 149 0.01780274
146 146 0.50138302
84 84 0.37421662
108 109 0.00204916
108 108 0.62502146
85 86 0.00346068
85 85 0.36932790
39 39 0.65944609
39 40 0.00589312
39 38 0.00312691
39 42 0.00062719
46 45 0.00167312
46 46 0.51894787
53 52 0.01502965
53 53 0.61708772
53 54 0.00073026
141 141 0.87270308
141 144 0.01804677
117 118 0.00187361
117 117 0.63773935
36 37 0.00837647
36 36 0.78584287
36 34 0.00054673
36 35 0.00281167
56 55 0.01604538
56 56 0.41463993
34 34 0.71877272
34 33 0.00204131
34 35 0.00449436
87 90 0.00290515
87 87 0.61521163
87 88 0.00837378
87 86 0.00153114
11 10 0.00729521
11 11 0.59160322
11 12 0.00332033
17 18 0.01580847
17 17 0.55870912
8 8 0.42591872
8 7 0.01420231
8 9 0.08156706
16 16 0.51096110
16 15 0.00157859
16 17 0.03983472
132 132 0.77500043
29 30 0.00211416
29 29 0.55781439
89 90 0.01380560
89 89 0.64023415
89 88 0.00262294
48 47 0.00171069
48 48 0.75140410
111 112 0.00150531
111 111 0.63067437
94 95 0.01251410
94 93 0.00063477
94 94 0.64943561
95 94 0.00052073
95 95 0.49913688
95 98 0.00241967
95 96 0.00234578
59 59 0.75720568
59 58 0.00710118
125 125 0.79804588
20 21 0.00246864
20 20 0.74259518
97 97 0.83956077
97 98 0.00101958
127 127 0.74516290
134 134 0.65919671
158 158 0.67346345
30 30 0.42883869
30 31 0.00100665
131 131 0.71116219
128 128 0.65161029
156 156 0.66648231
25 25 0.96854215
113 114 0.00336303
113 113 0.65475727
68 68 0.73550609
150 153 0.00241598
150 150 0.73415498
110 110 0.62135348
110 111 0.00135157
18 18 0.60541827
18 19 0.00862366
10 9 0.01246980
10 11 0.15528274
10 10 0.66930404
64 64 0.67621584
72 72 0.52010987
123 123 0.62730808
74 74 0.54895575
116 117 0.00182090
116 116 0.64504742
145 148 0.00147107
145 145 0.64436216
62 62 0.85483358
159 159 0.58932221
93 94 0.01316311
93 93 0.46443083
93 92 0.00077814
