154 154 0.62194239
67 64 0.00107344
67 70 0.02621314
67 67 0.55382351
144 144 0.66378940
140 139 0.00218881
140 141 0.00191142
140 140 0.66113260
24 24 0.91322398
24 25 0.00141400
137 138 0.00053659
137 137 0.70226718
149 149 0.97401413
86 87 0.00477165
86 85 0.00553727
86 89 0.00680462
86 86 0.48240871
86 88 0.00384271
63 66 0.02688634
63 63 0.73815431
63 60 0.00107976
126 126 0.54459313
119 119 0.85892420
160 160 0.93507577
77 80 0.02038703
77 77 0.51537079
142 142 0.76297188
142 141 0.00058479
69 72 0.02234903
69 66 0.00105783
69 69 0.91404243
104 104 0.68332586
92 94 0.01320378
92 90 0.00111303
92 91 0.01444168
92 93 0.06932177
92 95 0.00909881
92 92 0.55392347
60 60 0.59466118
60 57 0.00094905
60 63 0.03027778
82 81 0.00390215
82 85 0.00112141
82 83 0.00621175
82 82 0.71279328
115 115 0.79133408
99 100 0.00215843
99 99 0.52143884
99 98 0.00070875
22 23 0.00050845
22 22 0.63628034
4 5 0.00086592
4 4 0.83194318
4 3 0.00083064
73 70 0.00109073
73 73 0.52158127
73 76 0.01080176
157 157 0.55815373
32 31 0.00064311
32 32 0.80242384
32 33 0.03228882
66 69 0.02624523
66 66 0.60050096
66 63 0.00107564
76 79 0.00104482
76 76 0.69442852
151 151 0.96350768
7 7 0.70591143
7 6 0.00347774
41 40 0.00464475
41 41 0.92849897
41 43 0.00120100
41 42 0.03725122
41 44 0.01062066
147 147 0.79301340
38 39 0.03246133
38 37 0.00157184
38 38 0.58899757
3 2 0.00080623
3 3 0.73797705
3 4 0.00094310
118 118 0.74174916
65 62 0.00107924
65 65 0.58010872
65 68 0.02642277
1 2 0.00123685
1 1 0.58605585
43 43 0.91892716
43 45 0.00130943
43 44 0.03764385
43 46 0.01327680
43 42 0.00273437
14 14 0.84244248
14 13 0.00213510
129 129 0.64541490
45 45 0.91812910
45 48 0.01799418
45 46 0.03094048
45 44 0.00164637
35 36 0.03501146
35 34 0.00112837
35 35 0.75978031
26 27 0.00307542
26 26 0.38788943
109 109 0.46951447
42 42 0.92912327
42 44 0.00106518
42 41 0.00349213
42 45 0.01145038
42 43 0.03661204
153 153 0.92867956
155 155 0.69036956
121 121 0.89688242
23 23 0.65411965
23 24 0.00099567
58 58 0.91485290
58 61 0.02917331
58 57 0.00407134
58 60 0.00099927
58 59 0.00389230
58 55 0.00116044
83 84 0.00381898
83 86 0.00626229
83 82 0.00591896
83 83 0.52384718
61 64 0.03040968
61 61 0.54181159
61 58 0.00091142
120 120 0.61824569
27 28 0.00292051
27 27 0.39393902
70 67 0.00105698
70 73 0.01188850
70 70 0.60106299
148 148 0.91818322
13 13 0.69700252
13 14 0.00135844
12 11 0.00154942
12 12 0.65658963
100 101 0.00205968
100 100 0.47290748
102 102 0.70974175
2 3 0.00097716
2 1 0.00057658
2 2 0.75312731
139 139 0.65596054
139 138 0.00171558
139 140 0.00199806
44 43 0.00238626
44 45 0.03538829
44 47 0.01792388
44 46 0.00187428
44 44 0.92859523
106 106 0.63936792
49 50 0.03169840
49 52 0.02921231
49 49 0.52326935
49 48 0.00168771
51 50 0.00493712
51 52 0.01745958
51 51 0.47662866
51 54 0.02217399
51 53 0.00072748
88 90 0.01069587
88 91 0.00270032
88 88 0.55482895
88 89 0.07334725
88 92 0.00068957
88 87 0.01352487
138 138 0.73268619
138 139 0.00151680
138 137 0.00069371
91 93 0.01103447
91 90 0.01878900
91 91 0.51319851
91 94 0.00965110
91 89 0.00053519
91 92 0.07073467
98 97 0.00302857
98 99 0.00503381
98 98 0.73614202
112 112 0.39329422
71 68 0.00105949
71 71 0.44205721
71 74 0.00792378
5 5 0.82956491
5 6 0.00085885
5 4 0.00321524
103 103 0.76893017
143 143 0.50604208
52 55 0.03052077
52 54 0.00160880
52 53 0.03894159
52 51 0.00555954
52 52 0.83912568
6 5 0.00366976
6 7 0.00060076
6 6 0.80509627
122 122 0.50943474
105 105 0.96141373
50 51 0.01221932
50 49 0.00427924
50 53 0.00717219
50 50 0.50225434
50 52 0.00179305
54 57 0.00720071
54 56 0.00128478
54 55 0.03198794
54 53 0.00618938
54 54 0.50872973
75 78 0.00633160
75 72 0.00075941
75 75 0.66002097
124 124 0.55691878
81 81 0.75623239
81 82 0.00196653
81 80 0.01344800
81 84 0.02042959
107 107 0.61171644
31 32 0.02700139
31 30 0.00063711
31 31 0.90390965
78 78 0.65671204
78 81 0.03006294
135 135 0.74491145
57 60 0.02912048
57 57 0.39845023
57 58 0.02230606
57 59 0.00099788
57 56 0.00384321
96 94 0.00121815
96 95 0.00945626
96 98 0.00144648
96 97 0.03912274
96 96 0.80481921
90 89 0.01742870
90 92 0.01093766
90 93 0.00833309
90 91 0.07413996
90 90 0.52536662
90 94 0.00053049
19 19 0.49152640
9 9 0.76183471
9 8 0.00234407
133 133 0.77565937
33 34 0.03377443
33 32 0.00099346
33 33 0.84022282
114 114 0.83636763
15 15 0.62336759
152 152 0.74583479
80 81 0.00575191
80 83 0.03003955
80 79 0.00738346
80 80 0.51781898
79 82 0.03004727
79 80 0.00321661
79 79 0.54345174
79 78 0.00104014
47 50 0.00458005
47 46 0.00111073
47 47 0.51512203
47 48 0.03186762
55 55 0.29236358
55 54 0.00270438
55 56 0.03649028
55 58 0.02679389
101 102 0.00051996
101 101 0.54988363
21 21 0.51175468
136 136 0.75008755
130 130 0.67500372
40 42 0.00164565
40 40 0.53337167
40 41 0.04036977
40 39 0.00461490
40 43 0.00614098
37 38 0.03438114
37 36 0.00119152
37 37 0.55972450
28 27 0.00058680
28 28 0.34593894
28 29 0.02410672
53 56 0.02044028
53 55 0.00197616
53 54 0.02235653
53 53 0.46796449
53 52 0.00592754
141 140 0.00210254
141 141 0.69101773
46 45 0.00111580
46 49 0.02522672
46 47 0.03232532
46 46 0.53127167
46 48 0.00080660
117 117 0.83714894
36 37 0.03371670
36 35 0.00116363
36 36 0.64242465
34 34 0.73157370
34 33 0.00114035
34 35 0.03485683
56 56 0.42678851
56 59 0.02620269
56 55 0.00568680
56 57 0.02380173
56 58 0.00166270
84 85 0.00753277
84 83 0.00883208
84 88 0.00072159
84 87 0.01376804
84 84 0.45955103
146 146 0.66232342
108 108 0.79448143
85 87 0.00100694
85 84 0.00507687
85 89 0.00321697
85 86 0.04043553
85 88 0.01666140
85 85 0.65105727
39 39 0.52176447
39 41 0.00130028
39 40 0.04081875
39 42 0.00290778
39 38 0.00194096
48 47 0.00116676
48 48 0.58153834
48 51 0.00199757
48 49 0.03265338
111 111 0.49975679
94 92 0.00153633
94 97 0.00354167
94 96 0.01094079
94 94 0.61244341
94 95 0.06786158
94 93 0.01377666
95 97 0.00500674
95 96 0.05281468
95 94 0.01347283
95 95 0.57143967
95 98 0.00079148
95 93 0.00148006
59 62 0.03009446
59 59 0.58120797
59 56 0.00096188
59 58 0.00082655
125 125 0.59086284
87 88 0.01174805
87 89 0.00694616
87 86 0.01552608
87 87 0.52610557
87 90 0.00486098
11 12 0.00171123
11 11 0.55623798
17 17 0.63958501
8 8 0.73604661
8 7 0.00115862
8 9 0.00094844
16 16 0.59284736
29 28 0.00103639
29 29 0.54174646
29 30 0.00485263
132 132 0.75472342
89 92 0.00837687
89 89 0.51210703
89 88 0.01707899
89 91 0.00431885
89 90 0.07308422
89 93 0.00056673
131 131 0.70608369
128 128 0.54941705
156 156 0.70656253
25 25 0.96558018
25 26 0.00341713
113 113 0.52653625
68 68 0.54891039
68 71 0.02624594
68 65 0.00106494
20 20 0.58752493
97 95 0.00055003
97 98 0.02026328
97 97 0.82941265
97 99 0.00050133
97 96 0.00637538
127 127 0.62902594
134 134 0.98004029
158 158 0.73130285
30 31 0.00437663
30 30 0.45463366
30 29 0.00085979
72 69 0.00107757
72 75 0.01991445
72 72 0.63417876
64 61 0.00108213
64 64 0.54707788
64 67 0.02683264
123 123 0.55549878
74 71 0.00090216
74 77 0.01499387
74 74 0.61209866
145 145 0.70905034
116 116 0.84306646
62 62 0.73306067
62 59 0.00106184
62 65 0.02696416
93 92 0.01367616
93 96 0.00791200
93 94 0.06971503
93 91 0.00138167
93 95 0.01319669
93 93 0.47044904
159 159 0.79215204
150 150 0.97410670
18 18 0.61594845
110 110 0.53754044
10 9 0.00117065
10 11 0.00059691
10 10 0.77787384
