65 73 65 73 0.21333029
61 78 61 78 0.01134497
61 68 61 68 0.00481104
61 77 61 77 0.13627435
61 80 61 80 0.04157490
64 74 64 74 0.23979614
55 82 56 82 0.00277637
55 82 59 83 0.00050251
55 87 55 87 0.22397163
55 64 55 64 0.00214102
6 149 6 149 0.16954983
72 84 72 84 0.00561087
58 78 58 78 0.00169700
58 78 59 79 0.00055595
58 80 58 80 0.03217375
53 84 57 85 0.00069747
63 75 63 75 0.32382260
124 135 124 135 0.21332349
74 80 74 80 0.00520490
7 148 7 148 0.29117512
75 86 75 86 0.00113689
75 79 75 79 0.02408218
78 83 78 83 0.00258650
62 67 62 67 0.00741313
62 79 62 79 0.03333087
59 83 59 83 0.07652470
59 79 62 79 0.00176799
59 79 59 79 0.15021500
57 79 59 79 0.00135989
57 85 57 85 0.09380651
57 81 57 81 0.01643996
73 83 73 83 0.00055220
73 81 73 81 0.00259731
125 134 125 134 0.13040605
126 133 126 133 0.09358186
56 86 56 86 0.18684630
56 81 57 81 0.00132798
56 63 56 63 0.00406678
36 43 38 43 0.02107209
36 43 37 44 0.03968808
60 82 60 82 0.28651740
60 78 61 78 0.00088733
60 78 63 78 0.00070701
76 85 76 85 0.00164023
5 150 5 150 0.12135379
