30 30 0.92784300
132 136 0.00091156
132 132 0.00351444
132 135 0.06915670
37 37 0.96011100
37 38 0.00083148
143 146 0.02577920
143 145 0.01568860
143 148 0.00074427
143 144 0.38260000
143 143 0.02621460
143 147 0.09643430
150 152 0.04965190
150 150 0.33668300
150 151 0.40150700
150 153 0.00127638
47 47 0.99849800
146 149 0.00337561
146 147 0.64390700
146 145 0.00159111
146 151 0.00135164
146 146 0.06694370
146 150 0.11555900
146 148 0.00388134
103 106 0.34204300
103 105 0.00470206
128 131 0.06855270
128 132 0.00069214
89 91 0.00071069
89 92 0.01988960
55 55 0.96129500
77 81 0.02120300
77 80 0.35279500
77 78 0.00305410
77 79 0.01252790
77 77 0.57060300
50 50 0.05421880
92 94 0.01947420
92 95 0.01005190
29 29 0.82770600
123 126 0.01535060
123 127 0.04928590
138 142 0.10516700
138 139 0.23547600
138 143 0.00145752
138 141 0.02240070
138 138 0.00050842
138 140 0.14290500
3 3 0.29031200
28 28 0.96434900
69 69 0.04332760
86 88 0.00054654
86 90 0.00376099
86 89 0.06946560
145 150 0.00132250
145 146 0.66399000
145 145 0.00472741
145 144 0.00254671
145 148 0.00753322
145 149 0.01486530
145 147 0.00356312
100 102 0.00156330
100 103 0.82556900
106 109 0.96744900
106 108 0.00093562
6 6 0.13947700
48 48 0.99850200
49 49 0.66846200
31 31 0.93178700
34 34 0.88525200
105 108 0.02118720
105 107 0.00280796
94 96 0.03103090
94 97 0.90742900
4 4 0.80646100
7 7 0.81770100
35 35 0.96087500
139 141 0.12052300
139 140 0.42833100
139 142 0.02296740
139 143 0.22778900
139 139 0.00336238
139 144 0.00221829
46 46 0.99848900
18 18 0.96304000
18 17 0.00137686
54 54 0.96129500
116 119 0.02569020
97 100 0.84433400
97 99 0.04587810
26 26 0.95714600
57 57 0.96128000
17 16 0.00100077
17 17 0.96298500
66 66 0.99857700
64 64 0.99858000
16 15 0.00063114
16 16 0.96346000
134 138 0.07199600
134 136 0.05267610
134 134 0.00299994
134 135 0.00711815
134 137 0.41204900
59 59 0.96129400
108 111 0.96702500
108 112 0.00061367
108 110 0.00054477
53 53 0.96130500
110 113 0.96701100
110 112 0.00077912
70 73 0.00113767
70 72 0.00160661
70 70 0.95803500
149 153 0.01087290
149 149 0.11403000
149 151 0.02843030
149 152 0.00192842
149 150 0.41555900
149 148 0.00078629
12 12 0.96443100
82 85 0.39122300
82 84 0.00972549
82 82 0.00054504
78 80 0.00840434
78 81 0.17378800
78 78 0.41298000
78 79 0.00275373
78 82 0.01833670
144 147 0.00953375
144 149 0.00140612
144 143 0.00131556
144 148 0.04719570
144 144 0.03327730
144 145 0.65523200
144 146 0.00945917
109 111 0.00097198
109 112 0.96672900
109 113 0.00080924
15 15 0.96401100
15 14 0.00059532
22 22 0.77062800
131 135 0.00070242
131 134 0.28834000
131 131 0.00145986
58 58 0.96125200
84 86 0.00260005
84 87 0.51507800
84 88 0.00504083
36 36 0.96040500
36 37 0.00064277
44 44 0.85099300
101 103 0.00146017
101 104 0.01172580
65 65 0.99857700
153 153 0.84359800
153 152 0.00152134
137 139 0.33627800
137 140 0.00308709
137 138 0.00981194
137 141 0.00860532
9 9 0.78146900
71 73 0.00162084
71 71 0.95671100
71 74 0.00223245
112 115 0.96801400
151 153 0.04626730
151 150 0.00066365
151 152 0.20776400
151 151 0.49500900
136 139 0.06587820
136 137 0.03855410
136 138 0.05023500
136 140 0.07572750
79 82 0.68748600
79 79 0.05263610
79 80 0.00266438
79 81 0.00983967
79 83 0.00138399
13 13 0.96405100
121 123 0.00234375
121 124 0.96489200
121 125 0.00445688
126 129 0.01010440
126 130 0.01945550
43 43 0.99816800
56 56 0.96129900
135 137 0.00903933
135 139 0.22301700
135 138 0.09596250
135 136 0.02322800
111 114 0.01592650
111 113 0.00056301
21 21 0.77228200
99 101 0.01101160
99 102 0.80723400
81 83 0.01116330
81 81 0.00291464
81 85 0.00162042
81 84 0.71545900
39 39 0.05407680
122 125 0.03037300
122 126 0.00069383
45 45 0.99841900
67 67 0.99858100
141 142 0.49249900
141 145 0.19893400
141 146 0.00094485
141 143 0.08078670
141 144 0.02189480
141 141 0.01755670
124 128 0.02989720
124 127 0.91333000
74 76 0.00257736
74 74 0.94809500
74 75 0.00364635
74 78 0.00059112
74 77 0.00623129
85 89 0.01812150
85 87 0.01628040
85 88 0.88799800
72 74 0.00172378
72 75 0.00281136
72 72 0.95616200
90 93 0.06855760
90 92 0.00069220
32 32 0.95276600
104 107 0.30112500
104 106 0.00400962
60 60 0.96129400
11 11 0.96479900
8 8 0.78740000
117 120 0.01266990
33 33 0.79538200
119 122 0.81888000
75 77 0.00937456
75 78 0.02818080
75 75 0.91652800
75 79 0.00288521
75 76 0.00402147
41 41 0.99797500
1 1 0.86009200
51 51 0.96122400
24 24 0.11614300
95 98 0.01392320
95 97 0.06638060
87 91 0.00148352
87 89 0.00069854
87 90 0.28842300
2 2 0.70074400
25 25 0.83040700
23 23 0.79904000
93 96 0.01395410
93 95 0.00547528
140 141 0.40618000
140 140 0.01409990
140 142 0.11298300
140 145 0.00149106
140 143 0.02266140
140 144 0.14266700
62 62 0.04367170
27 27 0.85889600
76 80 0.01073550
76 76 0.72498800
76 79 0.15994000
76 78 0.05574190
76 77 0.00883182
129 133 0.00071053
129 132 0.01989090
114 117 0.30500800
152 153 0.09506390
152 152 0.71080100
152 151 0.00097275
40 40 0.81550500
80 84 0.00176108
80 82 0.01074130
80 83 0.82251900
80 81 0.00128170
80 80 0.01116540
73 73 0.95508300
73 75 0.00174848
73 74 0.00086909
73 76 0.00333501
147 147 0.07038870
147 149 0.00803817
147 148 0.06134140
147 152 0.00099472
147 146 0.00112951
147 150 0.00186282
147 151 0.06720310
96 98 0.00792900
96 99 0.02800140
148 151 0.00328507
148 150 0.01145520
148 152 0.02602740
148 148 0.01666650
148 153 0.00088412
148 149 0.43964900
148 147 0.00078829
83 86 0.39977000
83 85 0.00698011
115 118 0.34637500
63 63 0.75010800
133 135 0.00832004
133 137 0.04859150
133 133 0.00345677
133 136 0.81334400
118 120 0.00189892
118 121 0.81051600
5 5 0.64391800
42 42 0.99814300
20 20 0.78204500
38 38 0.96022100
107 110 0.01600570
107 109 0.00050212
10 10 0.78543000
113 115 0.00052820
113 116 0.02353640
14 13 0.00053469
14 14 0.96391600
52 52 0.96129500
130 133 0.01265240
130 134 0.00069678
88 90 0.00069812
88 91 0.01265110
68 68 0.75008700
91 94 0.00859015
91 93 0.01928380
98 101 0.03742400
98 100 0.00231309
19 19 0.96371900
19 18 0.00081757
61 61 0.96123400
120 123 0.04510350
125 129 0.00537835
125 128 0.01453380
142 147 0.00051508
142 145 0.02532380
142 142 0.02215820
142 146 0.19425700
142 143 0.53073100
142 144 0.02579810
102 105 0.02011740
102 104 0.00660075
127 130 0.00858381
127 131 0.01928170
