81 83 0.06793720
81 80 0.01237500
81 81 0.52679900
81 84 0.01832080
81 82 0.15594600
81 79 0.00075709
39 39 0.96827000
135 136 0.04734290
135 135 0.03024830
111 111 0.99725900
21 20 0.00638476
21 21 0.54695600
99 100 0.06774810
99 99 0.73208700
67 67 0.33745800
67 68 0.16812600
124 124 0.98184700
124 125 0.00103288
141 141 0.00132585
141 142 0.50923300
141 143 0.07037070
122 122 0.98271800
45 45 0.03952200
85 85 0.63447500
85 86 0.02689400
85 87 0.02277560
85 84 0.01513020
85 88 0.10784100
74 75 0.16900400
74 77 0.00593459
74 76 0.00134994
74 74 0.79852900
32 32 0.95218900
90 91 0.04811170
90 89 0.00108510
90 92 0.00759374
90 93 0.00288681
90 90 0.80225900
104 105 0.01726030
104 106 0.00293558
104 104 0.90067200
104 103 0.00058078
60 60 0.06968480
60 61 0.00294460
72 75 0.00062343
72 72 0.61407600
72 73 0.00353784
117 117 0.98318700
33 33 0.89463600
119 119 0.98317400
11 10 0.00050776
11 11 0.60009200
8 8 0.72341800
8 9 0.04940060
41 41 0.97746900
75 75 0.79935600
75 78 0.00723192
75 77 0.00886540
75 76 0.01345370
75 74 0.00075031
95 97 0.00527716
95 96 0.06845860
95 95 0.66360500
87 87 0.65264200
87 86 0.00673590
87 89 0.05229450
87 90 0.08144120
87 88 0.00481143
25 25 0.98947100
2 2 0.98941500
1 1 0.48627600
51 51 0.90379500
51 53 0.00093753
51 50 0.00129005
51 52 0.07671190
24 24 0.03621060
27 27 0.97448600
23 22 0.00059199
23 23 0.56583400
62 63 0.11457000
62 62 0.82232900
140 142 0.12181800
140 140 0.00205845
140 141 0.66339900
93 93 0.82446100
93 94 0.00755235
93 95 0.00308137
152 153 0.51786300
152 152 0.37287400
152 151 0.00660176
40 40 0.97778600
80 79 0.00985603
80 82 0.06720350
80 78 0.00095979
80 80 0.52419900
80 81 0.16228700
80 83 0.12551300
76 76 0.75578300
76 77 0.16812700
76 75 0.00103717
76 79 0.01828610
76 78 0.03740890
129 129 0.06706780
114 114 0.10446400
96 97 0.07006090
96 96 0.89261900
96 98 0.00584575
73 74 0.00410225
73 76 0.00078518
73 73 0.53646100
147 150 0.00119380
147 148 0.89858000
147 149 0.05614150
147 147 0.00099403
5 5 0.41398000
5 6 0.00091487
42 42 0.42253300
83 84 0.09011460
83 82 0.01484380
83 83 0.56193800
83 85 0.01127020
83 86 0.17297800
148 149 0.06210810
148 148 0.00530013
148 150 0.02178740
148 151 0.00089499
63 64 0.13295400
63 63 0.82138000
115 115 0.98316500
118 118 0.98318400
133 133 0.92356100
133 134 0.05628260
38 38 0.89248700
20 20 0.98872900
20 19 0.00454142
10 10 0.46496200
10 9 0.00051393
10 11 0.00088982
14 14 0.59608700
113 113 0.48686100
107 107 0.10068000
130 130 0.78219200
68 69 0.13275700
68 68 0.80576000
88 89 0.00731227
88 87 0.00641773
88 91 0.04375760
88 88 0.71930600
88 90 0.04789160
52 51 0.00148058
52 54 0.00051354
52 53 0.07850910
52 52 0.90139100
125 126 0.00123287
125 125 0.98204200
142 144 0.00584774
142 143 0.43452500
142 142 0.00083249
91 91 0.83979600
91 92 0.05311560
91 93 0.00198268
91 94 0.00062222
91 90 0.00066363
98 98 0.89074000
98 99 0.00513194
19 19 0.99023700
19 18 0.00283067
120 120 0.98307000
61 61 0.52028700
61 62 0.16780900
102 103 0.00563340
102 104 0.00070071
102 102 0.72444600
127 130 0.00072516
127 127 0.98367200
150 149 0.00282917
150 153 0.00399401
150 150 0.22264000
150 152 0.01404100
150 151 0.24305400
146 149 0.00071971
146 147 0.87781300
146 148 0.03820130
47 47 0.80382200
47 48 0.00245152
103 102 0.00060408
103 105 0.00224528
103 104 0.00847259
103 103 0.85639700
128 128 0.87467800
89 92 0.00706455
89 88 0.00378186
89 90 0.01253640
89 91 0.01289680
89 89 0.76330600
30 30 0.33155500
132 133 0.00897344
132 132 0.97035600
37 37 0.91644400
143 144 0.43397600
143 143 0.00081744
143 145 0.01025940
138 140 0.01943350
138 138 0.03204150
138 139 0.17824400
3 3 0.12477000
55 55 0.87267300
55 56 0.10988400
92 94 0.00076013
92 93 0.05853390
92 92 0.87710100
29 29 0.70307300
50 49 0.00110166
50 51 0.06109240
50 52 0.00136137
50 50 0.92002000
77 80 0.06778280
77 76 0.00335195
77 79 0.05440740
77 78 0.24863800
77 77 0.60565500
123 124 0.00079031
123 123 0.98221300
69 70 0.06292350
69 69 0.56480500
86 88 0.06668370
86 87 0.00681376
86 86 0.45414900
86 89 0.12382500
86 85 0.01011280
145 147 0.01704500
145 146 0.08325340
28 28 0.12906900
6 6 0.45083000
6 7 0.00116355
106 106 0.97376900
106 107 0.00275299
100 101 0.06012950
100 100 0.72892700
100 99 0.00053872
48 50 0.00053587
48 48 0.76129300
48 49 0.01915550
31 31 0.95231600
49 50 0.04007460
49 51 0.00163322
49 49 0.93975100
34 34 0.87845800
94 95 0.00626488
94 94 0.80067100
94 96 0.00221478
105 107 0.00075809
105 106 0.00584329
105 105 0.96006000
7 7 0.56748200
7 8 0.00679002
4 4 0.19642900
4 5 0.00301457
35 35 0.51114000
54 54 0.88652100
54 55 0.09595360
46 46 0.79748400
18 18 0.41768000
18 17 0.00212187
139 141 0.05885540
139 140 0.08611770
139 139 0.01536080
26 26 0.97464600
57 58 0.16475600
57 57 0.50221400
17 17 0.99245600
17 16 0.00149055
116 116 0.98309600
97 99 0.00059325
97 98 0.07475530
97 97 0.89368700
134 135 0.29324200
134 134 0.50105500
59 60 0.00346020
59 59 0.47282600
66 66 0.59688800
66 67 0.16801400
64 64 0.80816900
64 65 0.06303350
16 15 0.00052700
16 16 0.99409500
149 151 0.01612070
149 150 0.63643300
149 152 0.00487940
149 148 0.00061005
149 149 0.02891250
82 81 0.01522140
82 85 0.02116260
82 80 0.00053878
82 83 0.12441900
82 82 0.53178200
82 84 0.07561900
12 12 0.03911620
78 77 0.00540514
78 78 0.53533000
78 79 0.21705300
78 81 0.10740000
78 80 0.01066150
108 108 0.48641100
53 54 0.08179470
53 53 0.90017200
53 52 0.00061196
110 110 0.99726300
70 70 0.40371800
70 71 0.11413600
15 15 0.04045450
22 22 0.37762900
131 132 0.00133651
131 131 0.97827700
58 58 0.13919200
58 59 0.00370607
144 144 0.00078347
144 146 0.18089900
144 145 0.51620400
109 109 0.99720300
101 102 0.05970880
101 101 0.83709900
153 153 0.46175100
153 152 0.00326337
65 66 0.16803300
65 65 0.80834300
84 83 0.01490730
84 87 0.14365500
84 86 0.02640440
84 85 0.05648060
84 84 0.59662900
36 36 0.96560000
44 44 0.99673900
71 74 0.00055561
71 71 0.21224500
71 72 0.00298822
112 112 0.99716600
151 153 0.01240340
151 152 0.59999600
151 150 0.00814863
151 151 0.28630000
137 138 0.57082600
137 139 0.00236810
137 137 0.00946781
9 10 0.02995960
9 9 0.88864700
79 81 0.01123540
79 80 0.17777500
79 77 0.00092820
79 78 0.00743316
79 79 0.52533800
79 82 0.00937216
136 137 0.59537300
136 136 0.03133660
121 121 0.98312000
13 13 0.45775300
126 126 0.98250300
126 129 0.00074857
43 43 0.99667100
56 56 0.82182400
56 57 0.00674766
