57 59 0.01071210
57 60 0.06424690
57 61 0.01749230
130 134 0.36241100
130 133 0.02423960
44 47 0.58001400
44 48 0.22018200
85 86 0.00159123
85 89 0.00064301
85 87 0.98187400
137 141 0.01546330
137 140 0.92389800
113 114 0.17901100
113 115 0.11084900
113 116 0.54143200
113 117 0.09135610
59 62 0.68189100
59 61 0.16513500
59 63 0.00407418
102 105 0.00147640
102 104 0.91579500
102 103 0.01866050
125 129 0.79015100
125 127 0.00810097
125 128 0.04898480
125 126 0.01138920
53 56 0.01390000
53 57 0.00720140
51 55 0.01360060
51 54 0.01240580
107 110 0.01879700
107 111 0.00509688
107 109 0.21765100
107 108 0.11441000
116 117 0.12812800
116 120 0.41246700
116 119 0.40299200
116 118 0.00305558
54 57 0.40209700
54 58 0.11040900
54 56 0.00058772
63 66 0.02280420
63 65 0.06394680
29 31 0.00486081
29 33 0.85389300
29 32 0.00340205
29 30 0.06256470
110 111 0.20019900
110 113 0.11486400
110 114 0.04554600
110 112 0.55923700
46 50 0.30750600
46 49 0.07011660
39 41 0.00227646
39 42 0.47552600
39 43 0.41722300
41 45 0.39188100
41 44 0.58355000
140 144 0.00071269
140 143 0.40600800
21 22 0.10007600
21 25 0.85772800
21 21 0.03337870
133 137 0.75398000
133 136 0.07631600
26 26 0.00095506
26 30 0.20906900
26 27 0.11796800
69 71 0.00691411
69 72 0.33873800
128 131 0.00741384
128 132 0.01783880
128 130 0.00103960
105 108 0.00661400
105 106 0.01890890
105 105 0.00075417
105 109 0.00222795
105 107 0.84169400
19 23 0.78118300
19 19 0.10110500
19 20 0.03250720
58 62 0.00759067
58 60 0.02582680
58 61 0.79848700
34 37 0.12879900
34 36 0.00323960
34 35 0.01315400
34 38 0.70779900
87 89 0.96747400
87 88 0.00143668
18 18 0.11018900
18 19 0.02327880
18 22 0.73207000
99 101 0.02338070
50 54 0.00587015
50 53 0.32155600
48 51 0.57752500
48 52 0.36241100
79 81 0.95446000
79 82 0.01772270
79 83 0.00072760
94 96 0.96732900
103 107 0.00060388
103 105 0.90329200
103 106 0.00197434
103 104 0.03047800
25 25 0.00188448
25 29 0.08921710
25 26 0.06939550
27 31 0.85313500
27 27 0.00071436
27 28 0.11781500
104 107 0.00254302
104 104 0.00060189
104 108 0.00082405
104 105 0.04220420
104 106 0.60489700
145 148 0.07019200
145 147 0.04248770
132 135 0.01424900
132 136 0.36955600
141 144 0.41236800
141 143 0.00153241
141 145 0.01541830
16 17 0.00216231
16 16 0.13126300
16 20 0.20867100
2 2 0.23885700
2 3 0.03116040
2 6 0.64211700
2 4 0.07213620
2 5 0.00771930
38 39 0.00089230
38 40 0.00235600
38 41 0.41935100
38 42 0.38341800
88 89 0.00093242
88 90 0.42328700
30 34 0.05955650
30 31 0.09939170
30 33 0.01440580
30 32 0.00491503
138 142 0.00477759
138 141 0.91704000
70 72 0.30075500
70 73 0.06625310
13 17 0.85260200
13 13 0.13323800
127 130 0.05356240
127 129 0.00374300
127 131 0.52833700
119 122 0.35994800
119 123 0.45258400
119 121 0.00057956
119 120 0.13058400
119 124 0.00198277
15 16 0.00054532
15 15 0.13294700
15 19 0.85215300
31 34 0.02572210
31 33 0.00346087
31 35 0.59942700
31 32 0.08964370
143 145 0.00658621
143 146 0.06682550
143 147 0.00223769
40 43 0.51580500
40 44 0.39622600
98 100 0.02461970
33 34 0.02574750
33 37 0.69278100
33 35 0.00251587
33 36 0.10400900
60 64 0.00361953
60 63 0.66747500
60 62 0.29179600
146 148 0.70675500
12 16 0.85255600
12 12 0.01265470
82 86 0.00068408
82 84 0.17505800
82 83 0.00142535
131 134 0.02553990
131 135 0.36252100
11 15 0.85240200
11 11 0.00621799
84 88 0.00065688
84 85 0.00159888
84 86 0.02635060
120 123 0.32414300
120 125 0.00235870
120 121 0.00976641
120 124 0.45053800
43 46 0.39273300
43 47 0.36726000
122 123 0.00337639
122 127 0.00461512
122 125 0.05040540
122 124 0.00090620
122 126 0.49468400
68 70 0.00596443
68 71 0.26483800
86 88 0.98162000
86 87 0.00149343
42 46 0.37846600
42 45 0.51565200
5 8 0.00159342
5 9 0.49272100
5 7 0.00066949
5 5 0.08844950
1 3 0.03381310
1 2 0.05402870
1 1 0.37792200
1 4 0.00602238
1 5 0.52770600
142 144 0.00393808
142 146 0.01543780
142 145 0.40667200
93 95 0.96716600
28 31 0.00072410
28 29 0.09192410
28 30 0.00090634
28 32 0.85358200
112 115 0.48429600
112 113 0.19863200
112 114 0.15530100
112 116 0.08313660
78 81 0.02734490
78 82 0.00075946
78 80 0.65480800
124 126 0.00179148
124 128 0.62445200
124 127 0.14166500
124 125 0.00215017
124 129 0.00237133
10 10 0.00683261
10 14 0.85244800
91 93 0.96718900
49 53 0.06957510
49 52 0.63461200
4 4 0.12713500
4 5 0.00101107
4 7 0.00237349
4 8 0.52769300
4 6 0.00503418
62 64 0.05427930
62 65 0.64741000
62 66 0.00144873
92 94 0.96723400
74 77 0.32876600
74 76 0.03543150
73 75 0.44874800
73 76 0.37031000
3 5 0.00522949
3 7 0.73969100
3 4 0.00755395
3 6 0.00913939
3 3 0.18463400
108 112 0.00695068
108 109 0.13291300
108 110 0.19779800
108 111 0.03051570
115 116 0.13063200
115 119 0.29861200
115 118 0.49875100
115 117 0.00915693
9 13 0.85234400
9 9 0.05428550
72 75 0.48189900
72 74 0.29215500
101 104 0.00088813
101 103 0.92891500
101 102 0.00055048
90 92 0.96724700
144 146 0.01862240
144 147 0.03037510
144 148 0.00182078
64 66 0.16101600
64 67 0.24360100
8 12 0.05797890
8 8 0.01087670
56 60 0.02775400
56 59 0.02805610
56 58 0.00102378
106 110 0.00369085
106 107 0.09260670
106 109 0.01055500
106 108 0.81526800
106 106 0.00073083
121 125 0.27250300
121 123 0.00051162
121 122 0.00318645
121 124 0.31204300
121 126 0.00383909
37 39 0.00305093
37 40 0.15723600
37 41 0.46421800
37 38 0.00412264
100 102 0.15268500
36 37 0.00986612
36 39 0.32363300
36 40 0.25294300
36 38 0.00413427
109 113 0.01132670
109 112 0.07430850
109 111 0.63534600
109 110 0.14083600
134 138 0.20428200
134 137 0.12178200
22 23 0.01560730
22 26 0.85779100
22 22 0.02235800
32 34 0.00258383
32 33 0.03090100
32 36 0.10770600
32 35 0.09031750
17 17 0.12053900
17 21 0.08915700
17 18 0.01284170
83 87 0.00067663
83 84 0.00151144
83 85 0.02517940
55 58 0.57385200
55 57 0.00160054
55 59 0.05503420
129 132 0.00396810
129 133 0.03204090
136 140 0.02152840
136 139 0.81776900
6 9 0.00083195
6 6 0.10238100
6 10 0.04612320
65 68 0.01246160
65 67 0.02345910
47 50 0.33205100
47 51 0.30022800
89 90 0.00092579
89 91 0.07667800
89 89 0.00068534
75 78 0.19007700
75 79 0.00058734
75 77 0.08933980
76 80 0.00094054
76 78 0.61346300
76 79 0.05378680
20 20 0.09197270
20 24 0.85779400
20 21 0.04161440
95 97 0.09036450
126 129 0.05025090
126 130 0.63114000
126 127 0.00123593
126 128 0.00238943
66 68 0.15924300
66 69 0.28601300
7 11 0.54651400
7 7 0.11511800
45 49 0.01791610
45 48 0.05517430
23 27 0.78123200
23 23 0.00436083
23 24 0.08541590
123 125 0.02508840
123 127 0.53634900
123 126 0.28392500
123 128 0.00406448
123 124 0.02612010
139 143 0.03338710
139 142 0.91960300
61 65 0.00319868
61 63 0.30976500
61 64 0.05964030
35 39 0.58783300
35 37 0.00361668
35 36 0.01149550
35 38 0.14525100
96 98 0.43595200
52 56 0.15888400
52 55 0.28627500
118 121 0.38910200
118 119 0.12816500
118 120 0.00085021
118 122 0.46077100
118 123 0.00121947
80 84 0.00069812
80 83 0.01646610
80 82 0.96619400
80 81 0.00122356
71 73 0.02144500
71 74 0.02880470
24 25 0.10469000
24 24 0.00289990
24 28 0.73208300
111 115 0.07783530
111 113 0.20161800
111 114 0.44101400
111 112 0.19964900
117 118 0.12774900
117 121 0.45889200
117 120 0.39128100
117 119 0.00144638
77 79 0.87131100
77 81 0.00096849
77 80 0.00632112
67 69 0.01381310
67 70 0.01231680
14 14 0.13304700
14 18 0.85220600
135 139 0.12029200
135 138 0.73538800
97 99 0.97968200
114 118 0.14454300
114 117 0.58634200
114 116 0.04344000
114 115 0.14829100
81 83 0.96447200
81 84 0.00050928
81 82 0.00142903
81 85 0.00069052
