110 110 0.70456187
110 109 0.00095174
110 111 0.00157167
118 118 0.74948439
118 117 0.00134190
118 119 0.00836610
49 49 0.80787355
40 41 0.01241881
40 40 0.49404593
35 36 0.00094501
35 35 0.91537945
75 75 0.87615155
75 76 0.00129624
75 74 0.00258752
126 126 0.66781404
140 141 0.00071054
140 139 0.00073032
140 146 0.00061488
140 140 0.89684294
14 14 0.68510753
14 15 0.00792585
9 9 0.73641616
9 10 0.00384780
144 144 0.72047147
38 38 0.62708607
38 39 0.01385506
142 142 0.75973508
142 148 0.00120145
20 21 0.01975691
20 20 0.75811973
36 36 0.70647778
36 37 0.03354303
149 149 0.53839583
56 56 0.99144109
10 11 0.00446657
10 10 0.87064745
137 137 0.65021260
12 12 0.75251557
12 13 0.01167698
135 135 0.67363150
135 141 0.00065288
136 142 0.00080166
136 137 0.00060338
136 136 0.66079582
33 34 0.01069586
33 33 0.71704348
132 132 0.84530199
113 113 0.75285831
113 114 0.00111657
113 112 0.00097300
95 96 0.01693341
95 95 0.87642962
11 11 0.74094782
11 12 0.00231527
106 106 0.97849221
78 78 0.70211646
23 23 0.80195656
23 24 0.01193558
39 39 0.57749582
25 26 0.01920561
25 25 0.66486679
98 98 0.71925689
98 99 0.01610143
129 129 0.62612602
129 130 0.00059561
148 148 0.31161602
146 146 0.77792312
112 111 0.00102397
112 112 0.78856392
112 113 0.00112972
37 38 0.03421204
37 37 0.70605116
127 127 0.66548068
133 133 0.75016093
92 92 0.83551171
92 93 0.00055516
68 68 0.80053494
101 102 0.00076628
101 101 0.66660750
115 115 0.84135170
115 116 0.00196986
115 114 0.00087936
6 7 0.00967580
6 6 0.94499883
6 5 0.00367429
32 32 0.82848402
32 33 0.01691060
81 82 0.00065482
81 81 0.63955051
7 8 0.00318068
7 6 0.00164275
7 7 0.79482252
45 45 0.82365111
70 73 0.00079103
70 70 0.98462419
48 48 0.87799969
1 2 0.00113451
1 1 0.99442350
29 29 0.71341660
29 27 0.00067386
29 30 0.03031767
103 103 0.24644018
117 117 0.72599438
117 118 0.00615927
117 116 0.00051241
138 138 0.59920713
138 139 0.00104523
138 144 0.00093748
79 79 0.57179091
8 8 0.70322404
8 7 0.00088204
8 9 0.00200478
4 5 0.00387718
4 3 0.00444193
4 4 0.65279062
57 57 0.99095737
41 42 0.00076688
41 41 0.66360768
13 13 0.67863322
13 14 0.01149632
64 64 0.98521550
3 4 0.00234522
3 2 0.00409643
3 3 0.86315939
111 110 0.00098476
111 112 0.00157256
111 111 0.77379596
55 55 0.78058062
108 108 0.56622747
82 82 0.74098929
85 85 0.79599250
83 83 0.74226295
90 90 0.77040349
90 91 0.00176096
71 71 0.89047070
71 74 0.00076716
16 17 0.00097326
16 16 0.89169808
87 87 0.78999714
69 69 0.87583854
2 3 0.00143410
2 1 0.00377341
2 2 0.89654557
59 59 0.99096249
105 105 0.95510760
130 130 0.54196850
100 101 0.00252611
100 100 0.66739180
107 107 0.35605989
102 103 0.00052341
102 102 0.53773288
141 141 0.78098894
141 147 0.00127340
94 95 0.01524631
94 94 0.78229683
84 85 0.00160141
84 84 0.97257091
139 139 0.74904032
139 140 0.00123398
139 145 0.00083984
72 72 0.82024723
72 75 0.00125605
74 74 0.76455338
74 75 0.00153960
74 73 0.00179159
124 124 0.61735943
124 125 0.00237699
67 67 0.87827988
54 54 0.76334844
63 63 0.76224246
143 143 0.56743423
15 15 0.75389650
15 16 0.00094291
73 74 0.00060362
73 72 0.00088527
73 73 0.87171746
116 117 0.00221817
116 115 0.00088669
116 116 0.76007577
131 131 0.80900570
51 51 0.99325016
34 34 0.81692418
34 35 0.02058516
18 18 0.74034109
18 19 0.02518107
46 46 0.64147519
19 19 0.72360832
19 20 0.02492327
91 91 0.78428505
91 92 0.00919330
121 122 0.00673924
121 120 0.00180333
121 121 0.18537607
50 50 0.77265515
26 24 0.00159957
26 26 0.79992306
26 27 0.00637667
62 62 0.78975065
30 28 0.00062847
30 31 0.03161769
30 30 0.69590520
96 97 0.01787467
96 96 0.76239720
44 44 0.57645219
80 80 0.58566521
125 126 0.00153363
125 125 0.77628497
77 77 0.44180113
17 18 0.02567303
17 17 0.61600977
104 104 0.85842090
53 53 0.79163368
5 5 0.51124881
5 4 0.00347036
5 6 0.01079764
76 76 0.44491803
76 75 0.00193592
99 100 0.01407201
99 99 0.77656931
65 65 0.77101468
52 52 0.76408568
128 128 0.32172336
150 150 0.80029484
88 88 0.64311535
147 147 0.94385250
24 25 0.01898104
24 24 0.82019464
47 47 0.80020536
86 86 0.73823016
58 58 0.98473644
120 119 0.00178586
120 120 0.73429577
120 121 0.00505031
60 60 0.78001765
93 94 0.00077680
93 93 0.71210118
27 25 0.00137610
27 27 0.75297559
27 28 0.01994985
134 134 0.72043714
61 61 0.76181248
89 89 0.62441810
109 110 0.00164164
109 109 0.69596755
119 118 0.00217816
119 119 0.53811950
119 120 0.00164214
97 98 0.01921758
97 97 0.73956380
28 28 0.79039981
28 29 0.03111271
28 26 0.00068058
21 22 0.01968835
21 21 0.74852786
31 31 0.81187746
31 32 0.03326625
31 29 0.00053849
43 43 0.55701879
123 123 0.78095189
123 122 0.00068218
145 145 0.81613526
22 23 0.01963983
22 22 0.89295482
114 114 0.72952125
114 113 0.00081437
114 115 0.00150238
66 66 0.80752237
42 42 0.44316104
42 43 0.00068399
122 121 0.00081406
122 123 0.00807031
122 122 0.76353880
