149 145 0.00098913
149 143 0.00523787
149 144 0.00059916
149 149 0.66171814
36 34 0.00139857
36 36 0.66248776
36 35 0.00811545
36 33 0.00155502
10 9 0.02963115
10 5 0.00974220
10 10 0.95823750
56 55 0.00080399
56 56 0.81147190
56 57 0.11108250
20 19 0.00971554
20 14 0.00801819
20 20 0.74337910
142 136 0.05109891
142 138 0.00100464
142 142 0.72378135
14 14 0.74839209
14 13 0.01771436
9 10 0.00077357
9 9 0.72813862
9 4 0.00947156
9 8 0.03010839
126 126 0.74341869
126 119 0.00132367
126 125 0.00054992
140 139 0.00086401
140 140 0.92752737
140 134 0.03844822
140 135 0.00057332
38 36 0.00464356
38 37 0.00983071
38 38 0.55854264
144 144 0.66053002
144 140 0.00133936
144 138 0.03748646
118 118 0.79975888
118 117 0.00142615
118 119 0.00101205
110 110 0.66123344
110 102 0.00673161
110 109 0.00072683
110 111 0.00064538
110 103 0.00093693
35 32 0.00181807
35 35 0.92119833
35 31 0.00066488
35 33 0.00059454
35 34 0.02097086
75 73 0.02185588
75 75 0.68878768
75 74 0.04497499
75 76 0.00500576
49 50 0.00750861
49 49 0.64619064
49 47 0.02097915
49 48 0.01071568
40 40 0.49423371
40 39 0.00131071
40 38 0.00708988
40 41 0.00142642
127 120 0.02130942
127 127 0.71491787
127 121 0.00095502
37 36 0.00831277
37 37 0.65329695
112 104 0.00723965
112 105 0.04701399
112 111 0.00059271
112 112 0.68551960
148 142 0.01101223
148 143 0.00061455
148 144 0.00407777
148 146 0.00076835
148 148 0.52118879
146 141 0.00140495
146 146 0.65109220
146 140 0.03896350
146 143 0.00064209
146 142 0.00224058
133 127 0.04559709
133 126 0.00505924
133 133 0.73548783
25 24 0.01720300
25 25 0.85559812
39 38 0.00897176
39 37 0.00322426
39 39 0.51722476
129 122 0.04370208
129 123 0.01065302
129 129 0.60052983
98 97 0.01059757
98 94 0.00080669
98 98 0.68574639
106 106 0.93178686
106 98 0.01591930
23 22 0.00555877
23 23 0.79247465
78 77 0.04141602
78 76 0.01942401
78 78 0.62390641
136 130 0.00195371
136 136 0.63177706
33 30 0.00050626
33 32 0.01972249
33 33 0.64440977
33 29 0.00284103
135 129 0.02224301
135 135 0.64689429
12 11 0.02313388
12 7 0.00992907
12 12 0.76135181
137 137 0.58645585
137 131 0.05193684
95 95 0.90878757
95 89 0.00050588
95 94 0.00217894
95 91 0.00999002
11 6 0.00979809
11 11 0.69270251
11 10 0.02658689
132 126 0.03552293
132 132 0.80218143
132 125 0.01892073
113 106 0.05308254
113 113 0.68460790
113 105 0.00116796
64 65 0.00153353
64 64 0.69334231
41 41 0.59256748
41 39 0.00734792
41 40 0.01576429
13 8 0.01017568
13 12 0.02237955
13 13 0.64179165
55 56 0.00704269
55 55 0.60414791
55 53 0.00487079
111 110 0.00062739
111 104 0.00453220
111 112 0.00055966
111 103 0.04433672
111 111 0.72512471
3 3 0.94823681
3 1 0.00076966
3 2 0.00643332
3 4 0.00676820
8 3 0.00880808
8 9 0.00138507
8 7 0.03182667
8 8 0.75847996
138 138 0.59632204
138 132 0.00284657
79 77 0.01473974
79 79 0.50307305
79 78 0.00114105
57 56 0.02422734
57 55 0.00073109
57 57 0.81114855
57 58 0.11681281
4 5 0.00703913
4 3 0.01147767
4 4 0.80439196
4 2 0.00105802
48 47 0.00141164
48 49 0.02164048
48 46 0.00342438
48 48 0.87839688
70 71 0.05556289
70 70 0.80159316
70 69 0.01424649
70 68 0.00706147
117 118 0.00069226
117 117 0.70644792
103 103 0.29745429
29 25 0.00216915
29 28 0.03652450
29 23 0.00534509
29 29 0.59921293
1 1 0.98605483
1 2 0.00337901
115 115 0.84262130
115 108 0.00763167
101 101 0.63939881
101 93 0.00054673
101 100 0.00122772
92 90 0.00077855
92 92 0.84856672
92 91 0.00325069
92 88 0.03821477
68 69 0.06337827
68 67 0.03212175
68 66 0.01596925
68 68 0.62990190
45 45 0.74970604
45 43 0.00313346
45 46 0.00103398
45 44 0.00914301
7 8 0.00353950
7 6 0.03366356
7 2 0.00802769
7 7 0.75545450
81 80 0.00429505
81 79 0.02038743
81 81 0.56561977
6 1 0.00517130
6 5 0.03199623
6 4 0.00053392
6 7 0.00589795
6 6 0.94794438
32 31 0.03269421
32 32 0.82154659
32 28 0.00440437
94 90 0.01225079
94 94 0.49860396
141 137 0.00084813
141 135 0.02455278
141 140 0.00061218
141 141 0.73631963
107 107 0.35622441
102 102 0.50230808
102 94 0.01250799
130 124 0.02071504
130 130 0.44449453
130 123 0.03362736
100 92 0.00150846
100 99 0.00839008
100 100 0.63915724
84 84 0.88511278
84 83 0.00186109
84 82 0.01453912
105 105 0.90820903
105 97 0.01592881
59 60 0.11683711
59 59 0.81117895
59 58 0.04035117
59 57 0.00977139
2 2 0.93950221
2 1 0.00307652
2 3 0.00469254
16 16 0.97056031
16 11 0.00688121
16 15 0.00960200
71 72 0.05476502
71 70 0.01256616
71 71 0.82686362
71 69 0.00928372
69 68 0.00698242
69 70 0.00074755
69 67 0.02229612
69 69 0.73476400
87 87 0.76446667
87 86 0.00167480
87 83 0.00924322
87 85 0.02022220
85 84 0.00371932
85 83 0.01630713
85 85 0.83887514
82 82 0.64977551
82 81 0.01289832
82 80 0.00383240
108 108 0.49542561
90 88 0.01040956
90 90 0.77145398
90 86 0.00156892
83 82 0.00222701
83 81 0.00102403
83 83 0.64766911
51 52 0.05242446
51 51 0.67716105
51 49 0.00076156
131 125 0.02542898
131 124 0.02895333
131 131 0.85144394
91 90 0.00077940
91 89 0.00136411
91 87 0.03108532
91 91 0.75271076
91 88 0.00139723
19 19 0.73606826
19 18 0.00878781
19 14 0.00347101
19 13 0.00496491
34 31 0.00199117
34 33 0.01142070
34 30 0.00120556
34 34 0.93118461
18 17 0.00873687
18 18 0.75924730
18 13 0.00079746
46 46 0.56900507
46 44 0.01122361
46 47 0.02539493
46 45 0.00915116
73 73 0.78328866
73 74 0.03779900
73 72 0.02968878
73 71 0.01510011
15 10 0.00809778
15 14 0.01361087
15 15 0.79173230
143 137 0.00279639
143 143 0.51184181
63 64 0.00132320
63 63 0.58357433
63 62 0.00493987
116 116 0.66319019
116 115 0.00069940
116 108 0.00142909
116 109 0.00072265
74 72 0.01375782
74 74 0.75619664
74 75 0.02947276
74 73 0.04130264
139 138 0.00081980
139 133 0.03215580
139 139 0.70021411
72 72 0.81173655
72 70 0.01194875
72 71 0.01473509
72 73 0.03328918
54 54 0.53771777
54 55 0.00133915
124 117 0.04042283
124 124 0.72123102
67 66 0.00159753
67 68 0.04847753
67 67 0.81463327
67 65 0.00109937
65 63 0.00059615
65 66 0.00163531
65 65 0.59313329
65 67 0.00057560
99 98 0.00904169
99 95 0.00288838
99 99 0.73627322
99 91 0.00054789
76 75 0.01190494
76 77 0.00292399
76 74 0.02012780
76 76 0.46685020
5 4 0.01936119
5 6 0.00712928
5 3 0.00071229
5 5 0.63866352
53 54 0.00136041
53 52 0.00058888
53 53 0.61513056
52 50 0.00079015
52 53 0.01066106
52 52 0.58910316
125 125 0.80084455
125 118 0.01214246
77 75 0.01956406
77 77 0.44023536
77 76 0.04449983
17 16 0.00918084
17 17 0.74414517
17 11 0.00192445
17 12 0.00556789
104 104 0.85442269
104 97 0.00099485
44 45 0.00510231
44 43 0.00066272
44 44 0.93777863
44 42 0.01732333
96 96 0.71799783
96 91 0.00124039
96 92 0.04155384
96 95 0.01075733
96 90 0.00053911
80 80 0.51817597
80 78 0.01697001
80 79 0.00104918
50 52 0.00128758
50 51 0.04970308
50 48 0.00421570
50 49 0.01133893
50 50 0.63229664
26 26 0.84901030
26 25 0.02530385
121 121 0.13171733
121 120 0.00238009
30 29 0.03293449
30 26 0.00395854
30 24 0.00276238
30 30 0.54043725
62 60 0.00064869
62 63 0.11685326
62 62 0.61222432
120 113 0.01404686
120 121 0.00067900
120 120 0.61879544
93 89 0.00329269
93 93 0.65395711
60 60 0.60339392
60 59 0.03458150
60 58 0.01556385
60 61 0.11683863
24 23 0.00700643
24 24 0.82328388
58 58 0.80498452
58 57 0.04693239
58 59 0.11686355
58 56 0.01172363
86 84 0.02662147
86 86 0.71618391
86 85 0.00365804
86 82 0.00188475
47 47 0.70905302
47 45 0.01917249
47 46 0.00293692
47 48 0.03736717
147 147 0.91003743
147 141 0.03236109
147 143 0.00413526
147 142 0.00082437
88 86 0.00104911
88 88 0.64832637
88 84 0.01229386
128 121 0.00206229
128 128 0.23258421
128 122 0.00054809
150 150 0.80423903
150 144 0.00067282
42 40 0.00933860
42 43 0.00161670
42 41 0.01038781
42 42 0.47689800
122 121 0.00248812
122 115 0.00351115
122 122 0.77835152
43 42 0.01105668
43 41 0.01139521
43 44 0.00354977
43 43 0.41801919
31 30 0.03266409
31 25 0.00075978
31 31 0.83060531
31 27 0.00582765
66 66 0.63030663
66 65 0.00091093
66 67 0.01060767
114 107 0.05394321
114 115 0.00063078
114 114 0.66713191
22 22 0.90289481
22 21 0.00823220
22 16 0.00142053
145 145 0.77600911
145 139 0.04749984
145 141 0.00101484
123 116 0.02154096
123 123 0.80879447
123 122 0.00197190
28 22 0.00863871
28 27 0.02448039
28 28 0.78048409
97 91 0.00055326
97 93 0.00211637
97 96 0.00750798
97 97 0.69946409
97 92 0.00173703
119 118 0.00367327
119 120 0.00085410
119 112 0.01591748
119 119 0.34811768
109 102 0.00185898
109 109 0.65410305
109 101 0.00054233
109 110 0.00063233
21 21 0.74624492
21 20 0.00473380
61 60 0.00079478
61 59 0.02362482
61 62 0.11682709
61 61 0.53568928
27 27 0.75931463
27 26 0.01911225
27 21 0.00531113
134 127 0.00269189
134 128 0.00637740
134 134 0.73783542
89 87 0.01564311
89 89 0.57055546
89 85 0.02243133
