61 59 0.01255540
61 62 0.01967376
61 63 0.00072933
61 61 0.29001683
61 64 0.00207645
27 21 0.00367164
27 28 0.01016493
27 22 0.00095740
27 25 0.00212186
27 26 0.01198653
27 27 0.59463038
134 127 0.00249753
134 134 0.62181380
134 128 0.00591710
89 87 0.01308103
89 91 0.00060880
89 85 0.01855082
89 89 0.32939956
28 23 0.00103869
28 29 0.01049257
28 28 0.62496811
28 26 0.00102707
28 27 0.00626080
97 99 0.00107061
97 102 0.00102834
97 96 0.00242326
97 97 0.55285269
97 91 0.00051889
97 93 0.00196789
97 92 0.00161299
97 98 0.00111765
119 118 0.00073339
119 119 0.47654312
119 120 0.00092154
119 112 0.01426506
109 109 0.39365569
109 102 0.00168419
21 22 0.02544198
21 20 0.00278530
21 21 0.55643962
43 43 0.22217270
43 45 0.00230114
43 44 0.00220990
31 31 0.72188824
31 27 0.00364912
31 32 0.03271982
31 30 0.01869273
31 28 0.00134955
66 67 0.00442786
66 69 0.00623045
66 68 0.00951158
66 66 0.40764362
114 114 0.55190010
114 107 0.04842506
145 145 0.67692349
145 141 0.00091149
145 139 0.04266256
22 22 0.79153318
22 16 0.00083919
22 23 0.02066779
22 21 0.00496260
123 123 0.69470759
123 116 0.01954831
42 42 0.28734205
42 41 0.00389767
42 44 0.01082721
42 43 0.00137167
42 40 0.00051791
122 123 0.00069433
122 121 0.00055250
122 115 0.00317848
122 122 0.64058833
128 122 0.00050127
128 128 0.54356259
128 121 0.00188613
128 134 0.00102545
150 144 0.00067182
150 150 0.66526778
88 88 0.39499737
88 84 0.01028538
88 90 0.00076424
88 86 0.00089368
147 143 0.00371656
147 142 0.00074090
147 147 0.89386578
147 141 0.02908447
24 23 0.00427374
24 25 0.01658220
24 24 0.66476234
58 60 0.05585417
58 56 0.00623031
58 57 0.02837556
58 58 0.73891181
58 59 0.08254375
58 62 0.00381916
58 61 0.01987004
86 84 0.01541329
86 86 0.44337982
86 82 0.00109016
86 85 0.00182838
47 46 0.00168085
47 48 0.01238758
47 45 0.01080611
47 47 0.41441441
47 49 0.04251697
120 121 0.00065355
120 113 0.01434098
120 126 0.00252037
120 120 0.64058568
93 89 0.00293515
93 93 0.50976519
60 60 0.36599488
60 63 0.00066948
60 61 0.02060964
60 58 0.00826956
60 62 0.00151845
60 59 0.01853767
50 48 0.00209227
50 51 0.01410460
50 52 0.00310434
50 50 0.36476046
50 49 0.00603387
26 24 0.00245502
26 25 0.00852980
26 26 0.65968667
26 27 0.00781851
121 120 0.00122635
121 122 0.00114590
121 121 0.46561303
121 114 0.00050987
121 113 0.00099466
30 26 0.00051606
30 31 0.02961999
30 27 0.00125401
30 32 0.00138237
30 30 0.34694223
30 28 0.00111059
30 29 0.00936632
62 63 0.03293234
62 62 0.37859310
44 46 0.00727931
44 44 0.55875516
44 45 0.00198159
44 47 0.00271226
96 91 0.00115226
96 96 0.57856866
96 97 0.00072539
96 90 0.00050054
96 95 0.00158145
96 92 0.03858288
80 78 0.00589048
80 80 0.32090123
125 118 0.00848345
125 125 0.70336895
77 78 0.00383355
77 76 0.01170305
77 75 0.00488740
77 79 0.00266792
77 77 0.28395293
17 11 0.00143390
17 17 0.42299439
17 12 0.00418215
17 19 0.00063767
17 18 0.02633530
17 16 0.00674040
104 97 0.00102505
104 104 0.83474008
65 68 0.00730346
65 66 0.00285898
65 65 0.35596481
65 69 0.00756817
65 67 0.00082004
99 98 0.00339899
99 95 0.00268264
99 99 0.60503125
99 91 0.00050884
76 77 0.00333160
76 73 0.00080827
76 75 0.00823807
76 76 0.24951405
76 74 0.00503830
76 78 0.00366870
5 4 0.01579859
5 6 0.00407277
5 5 0.77948913
5 3 0.00066494
53 55 0.01391129
53 56 0.00143580
53 53 0.37999321
52 53 0.00295493
52 52 0.28906118
52 54 0.00078275
74 72 0.00134968
74 74 0.57127864
74 76 0.00173561
74 73 0.00981187
74 75 0.04298695
72 75 0.00399283
72 73 0.02228303
72 74 0.00475001
72 72 0.63809447
72 71 0.00568943
72 70 0.00442794
139 138 0.00070369
139 134 0.00051054
139 145 0.00211994
139 139 0.54089153
139 140 0.00053395
139 133 0.02969386
54 57 0.00058519
54 56 0.00058772
54 54 0.29295412
67 68 0.07044988
67 66 0.00682515
67 65 0.00058539
67 67 0.62685984
67 69 0.04189080
124 124 0.61743291
124 117 0.03227588
73 73 0.63828384
73 75 0.00809586
73 71 0.00832911
73 74 0.02531568
73 72 0.01691741
15 14 0.00951177
15 16 0.00060822
15 10 0.00598966
15 15 0.61709181
143 139 0.00115898
143 143 0.44515998
143 137 0.04764962
63 66 0.00176867
63 62 0.00262674
63 63 0.28584835
63 64 0.00098907
63 65 0.00079027
116 117 0.00054017
116 109 0.00064857
116 116 0.47863702
116 108 0.00128259
51 53 0.00057023
51 51 0.48968967
51 52 0.01051498
131 137 0.00152201
131 125 0.01669252
131 124 0.01900604
131 131 0.71227751
91 88 0.00111453
91 91 0.59379671
91 87 0.02479652
91 89 0.00109492
19 20 0.02197173
19 14 0.00420189
19 13 0.00372975
19 19 0.54884719
19 21 0.00071486
19 18 0.00660160
34 34 0.76085930
34 32 0.00085366
34 30 0.00070550
34 35 0.02738273
34 31 0.00133003
34 33 0.00664753
18 17 0.00630273
18 20 0.00070762
18 18 0.56033909
18 19 0.02860872
18 13 0.00160393
18 14 0.00072414
46 47 0.00558208
46 45 0.00361090
46 48 0.00557648
46 44 0.00417236
46 46 0.33708823
85 83 0.00826853
85 85 0.69830652
85 84 0.00158420
82 82 0.47543019
82 81 0.00884840
82 80 0.00262390
82 84 0.00097444
108 108 0.47177121
108 114 0.00258725
108 107 0.00151042
90 88 0.01021129
90 92 0.00054562
90 90 0.62906741
90 86 0.00151415
83 85 0.00086611
83 82 0.00174048
83 81 0.00074303
83 83 0.47634118
16 16 0.87144845
16 15 0.00695115
16 17 0.00059211
16 11 0.00510548
71 69 0.00534035
71 74 0.00394311
71 72 0.02809959
71 71 0.62249647
71 70 0.00756485
71 75 0.00124411
71 73 0.00443898
69 70 0.00266093
69 71 0.00650352
69 72 0.00172255
69 67 0.01228474
69 69 0.56110820
69 68 0.00392361
87 83 0.00630394
87 86 0.00102366
87 89 0.00096110
87 85 0.01413495
87 87 0.63000357
105 97 0.01443132
105 111 0.00257698
105 103 0.00122910
105 105 0.92283596
59 60 0.08701599
59 63 0.00682846
59 61 0.07350508
59 57 0.00519284
59 58 0.02723766
59 59 0.74323402
59 62 0.01263918
2 2 0.88997906
2 3 0.00318590
2 1 0.00432586
94 96 0.00315972
94 94 0.35022569
94 90 0.01140459
94 92 0.00162514
141 147 0.00176438
141 141 0.57343428
141 140 0.00065438
141 135 0.02158133
141 137 0.00074614
102 94 0.01667152
102 102 0.44901402
107 107 0.27066199
107 106 0.00141532
107 113 0.00258127
130 123 0.02227425
130 136 0.00168164
130 124 0.01372132
130 130 0.47187280
100 92 0.00150684
100 99 0.00126744
100 100 0.43701457
84 83 0.00137626
84 82 0.01223604
84 84 0.86303539
115 108 0.00760740
115 115 0.82081574
101 93 0.00088882
101 101 0.49370505
68 66 0.00862960
68 68 0.41473958
68 67 0.01861585
68 69 0.01571445
68 71 0.00077943
68 70 0.00341571
92 90 0.00068766
92 92 0.75692546
92 88 0.03317085
45 45 0.48254794
45 47 0.04641455
45 43 0.00174368
45 46 0.00150046
45 48 0.01162420
45 44 0.00516045
7 8 0.00256121
7 2 0.00578834
7 6 0.02215050
7 7 0.59994329
81 80 0.00224578
81 79 0.01060906
81 82 0.00057112
81 81 0.34053002
6 6 0.91114596
6 7 0.00500144
6 1 0.00376159
6 5 0.02170041
32 33 0.00771745
32 31 0.01805886
32 32 0.66528782
32 28 0.00274188
32 34 0.00067828
48 49 0.00812292
48 47 0.00133807
48 50 0.07254775
48 52 0.00083820
48 46 0.00186690
48 51 0.02985983
48 48 0.60278307
70 73 0.01009141
70 68 0.00393773
70 74 0.00373867
70 72 0.02097840
70 71 0.05682443
70 70 0.65743466
70 69 0.01022599
117 117 0.61727573
117 123 0.00246355
117 116 0.00051029
117 118 0.00125993
103 103 0.24371911
1 1 0.98368423
1 2 0.00333282
29 28 0.00974395
29 29 0.44542316
29 23 0.00069023
29 27 0.00105283
29 26 0.00077303
29 24 0.00051990
29 30 0.00879677
8 3 0.00172706
8 9 0.00077757
8 7 0.00959270
8 8 0.52439548
138 132 0.04798735
138 137 0.00067330
138 138 0.47917583
138 144 0.00221570
79 81 0.00303579
79 79 0.31492649
79 77 0.00746064
79 78 0.00075651
57 61 0.00096591
57 58 0.07982115
57 57 0.74786331
57 59 0.04902613
57 60 0.03865614
57 56 0.01685529
4 4 0.76797202
4 5 0.00316810
4 3 0.00535543
64 68 0.00169989
64 67 0.00163299
64 64 0.49613387
64 65 0.00080631
13 14 0.00861001
13 13 0.43673333
13 8 0.00727180
13 12 0.01497673
41 40 0.00892381
41 43 0.00057204
41 39 0.00284604
41 41 0.37973772
41 42 0.01142188
55 56 0.00166894
55 55 0.36669238
55 53 0.00258766
55 58 0.00124370
55 57 0.00141183
111 104 0.00453066
111 112 0.00065942
111 111 0.60706443
111 103 0.04411020
3 2 0.00551813
3 4 0.00419805
3 3 0.84445607
33 35 0.00064679
33 32 0.01008273
33 33 0.48303664
33 31 0.00053325
33 29 0.00160862
33 34 0.01706492
136 130 0.00258201
136 136 0.58094645
136 142 0.00229794
135 141 0.00201709
135 129 0.03111309
135 135 0.50883163
12 8 0.00093637
12 12 0.57495202
12 7 0.00711062
12 11 0.01543790
12 13 0.01167900
137 131 0.04810410
137 137 0.48096381
137 143 0.00252487
95 95 0.84281476
95 91 0.00928071
11 12 0.00180203
11 11 0.51021589
11 6 0.00771663
11 10 0.01895399
113 106 0.04765661
113 105 0.00104857
113 113 0.56054861
132 125 0.01757647
132 138 0.00163725
132 132 0.73397174
132 126 0.03299913
106 106 0.92228735
106 112 0.00257616
106 98 0.01439570
106 105 0.00205147
23 23 0.62410494
23 22 0.00349838
23 24 0.01043762
78 77 0.03319638
78 76 0.01556057
78 78 0.42606780
78 80 0.00236830
25 25 0.54782446
25 26 0.02094089
25 24 0.00766806
39 39 0.32075517
39 37 0.00113872
39 38 0.00323054
129 123 0.00867770
129 129 0.54456673
129 135 0.00196505
129 122 0.03559868
98 97 0.00431154
98 94 0.00086190
98 99 0.00072432
98 98 0.55267251
127 121 0.00121195
127 133 0.00097982
127 127 0.62438210
127 120 0.02704250
37 38 0.02252191
37 37 0.37901022
37 36 0.00454530
112 112 0.57063947
112 118 0.00240861
112 104 0.00648905
112 105 0.04214148
148 142 0.01065342
148 143 0.00059453
148 144 0.00394490
148 148 0.40319266
148 146 0.00074331
146 142 0.00228015
146 143 0.00065341
146 141 0.00143032
146 140 0.03965046
146 146 0.48441597
133 126 0.00469758
133 127 0.04233759
133 139 0.00170478
133 133 0.61035785
118 119 0.00052871
118 118 0.76120566
110 110 0.41689646
110 103 0.00097390
110 102 0.00603534
75 73 0.01441272
75 75 0.54443634
75 74 0.03363031
75 76 0.01227701
35 35 0.80072420
35 32 0.00100526
35 36 0.00117279
35 34 0.01142443
40 41 0.00952156
40 38 0.00269777
40 39 0.00167683
40 40 0.30495143
49 50 0.01464109
49 49 0.41409149
49 47 0.01123599
49 48 0.00592221
49 51 0.00608155
49 52 0.00076097
9 4 0.00468288
9 8 0.01521651
9 10 0.00063761
9 9 0.51587323
14 15 0.00586823
14 14 0.56864505
14 13 0.01068885
140 139 0.00095458
140 146 0.00166628
140 140 0.82884592
140 134 0.03551586
140 135 0.00061942
126 126 0.67132035
126 119 0.00153198
126 132 0.00078882
38 38 0.32957771
38 36 0.00176166
38 37 0.00427299
38 39 0.00916699
144 138 0.03523098
144 140 0.00125877
144 144 0.41951590
20 22 0.00061351
20 20 0.57412438
20 21 0.01562972
20 19 0.00728766
20 14 0.00601428
142 148 0.00143390
142 138 0.00092248
142 142 0.54757890
142 136 0.04690599
149 149 0.57749962
149 144 0.00059173
149 143 0.00517293
149 145 0.00097687
36 34 0.00056006
36 36 0.43992116
36 37 0.02067656
36 35 0.00331526
36 33 0.00062270
10 10 0.82539984
10 5 0.00746292
10 9 0.02055141
56 58 0.04199354
56 57 0.04698861
56 59 0.05417779
56 56 0.73472950
