33 34 0.05051091
33 36 0.00057275
33 35 0.00223912
33 33 0.46503727
136 142 0.02822071
136 137 0.00202821
136 136 0.67376915
12 12 0.62116480
12 17 0.00218980
12 13 0.03850370
137 143 0.02339841
137 137 0.66255009
137 138 0.00210302
135 135 0.59684660
135 141 0.01376830
11 12 0.00843669
11 11 0.55510811
11 16 0.00133955
95 95 0.77300232
95 99 0.00286619
95 96 0.00101410
113 120 0.00544273
113 113 0.73843502
113 114 0.00074952
132 138 0.04161178
132 132 0.75426947
106 112 0.00829907
106 106 0.77187396
106 113 0.05320348
106 105 0.00151840
78 79 0.00093322
78 80 0.02071995
78 78 0.58972457
23 24 0.03754977
23 23 0.64215647
23 29 0.00285715
25 29 0.00174229
25 25 0.45788258
25 26 0.08532413
25 31 0.00061026
39 41 0.00272429
39 40 0.00244091
39 39 0.34830379
98 98 0.69662190
98 99 0.00100176
98 106 0.00542013
129 129 0.60514958
129 135 0.02841089
37 39 0.00093931
37 38 0.13602742
37 37 0.35641434
37 36 0.00054771
127 133 0.03052832
127 127 0.64990064
127 134 0.00162196
146 146 0.74368387
112 118 0.00775610
112 113 0.00087139
112 119 0.00561718
112 112 0.76971168
148 148 0.54918038
133 139 0.02139989
133 133 0.69504469
118 119 0.00208394
118 118 0.56787963
118 125 0.01095625
110 111 0.00133535
110 110 0.48823361
35 35 0.63016777
35 36 0.01129262
75 75 0.64092453
75 77 0.02814512
75 74 0.00284392
75 76 0.07352630
49 50 0.03251162
49 49 0.49249187
49 51 0.00356961
40 42 0.00373716
40 41 0.06013340
40 40 0.32852899
14 14 0.54751020
14 19 0.00151078
14 20 0.00348975
14 15 0.02322246
9 9 0.50701629
9 10 0.00784799
126 133 0.00392595
126 126 0.56116007
126 132 0.03001808
140 139 0.00138078
140 141 0.00188630
140 146 0.04860362
140 140 0.80608203
140 144 0.00133872
144 148 0.00185031
144 144 0.58269630
38 39 0.06119305
38 40 0.00207507
38 37 0.00054424
38 38 0.35340403
20 21 0.05801602
20 20 0.61433605
20 22 0.00058870
142 141 0.00068067
142 147 0.00058396
142 146 0.00108393
142 148 0.00964503
142 142 0.67545058
142 143 0.00057956
36 36 0.45283783
36 37 0.13251204
36 38 0.00181822
149 149 0.63810667
56 56 0.63041629
56 58 0.12822935
56 57 0.04928638
56 59 0.00071114
10 10 0.69654989
10 11 0.02042208
10 15 0.00809733
82 84 0.00905820
82 86 0.00055020
82 83 0.00385329
82 81 0.00067189
82 82 0.59399998
85 87 0.02487140
85 89 0.02909178
85 86 0.00263807
85 85 0.42345740
108 114 0.00831927
108 116 0.00064491
108 108 0.58588073
108 115 0.00382312
90 90 0.60448683
90 92 0.00242765
90 94 0.00817701
83 85 0.01046317
83 83 0.62946924
83 84 0.00131586
83 87 0.00447630
16 16 0.78673288
16 22 0.00141997
16 17 0.01068925
71 71 0.55199670
71 72 0.02546044
71 74 0.00675586
71 73 0.02032802
69 69 0.51970853
69 71 0.02259691
69 70 0.01559328
69 72 0.00050860
87 87 0.50889203
87 91 0.02416594
87 89 0.01980826
2 1 0.00870568
2 3 0.00746416
2 7 0.00802906
2 4 0.00105882
2 2 0.61865064
59 60 0.24823496
59 61 0.04819110
59 59 0.64802073
59 62 0.00384610
105 111 0.00830377
105 112 0.04712384
105 104 0.00093190
105 113 0.00117062
105 105 0.77857330
141 140 0.00099265
141 146 0.00106919
141 147 0.02198265
141 141 0.69156427
141 142 0.00083378
141 145 0.00050904
94 96 0.01024763
94 102 0.00338105
94 94 0.69209775
130 136 0.00856278
130 130 0.57688061
100 100 0.54380003
102 102 0.60553912
102 109 0.00083897
102 110 0.00303785
107 107 0.49103301
107 114 0.00830454
107 113 0.00830113
84 85 0.00089415
84 86 0.02705617
84 88 0.01717678
84 84 0.78791386
115 116 0.00090257
115 115 0.67386567
115 122 0.00349839
92 97 0.00137990
92 94 0.00062160
92 100 0.00167878
92 96 0.03301061
92 92 0.75554182
68 68 0.46786626
68 69 0.02419278
68 70 0.01238790
101 101 0.58240451
7 8 0.01053403
7 12 0.00417750
7 7 0.70400305
7 6 0.00064662
45 46 0.00742648
45 44 0.00050751
45 47 0.05216925
45 45 0.53697329
6 5 0.00146098
6 7 0.03002449
6 11 0.00979912
6 6 0.74874589
32 34 0.00221469
32 33 0.05180508
32 35 0.00121546
32 32 0.65817948
81 80 0.00055892
81 83 0.00068408
81 81 0.44233826
81 82 0.01291548
48 50 0.12705985
48 49 0.02071684
48 48 0.50786824
70 73 0.01587322
70 72 0.02894042
70 71 0.10440210
70 70 0.58751680
117 124 0.01903663
117 117 0.59349580
117 118 0.00142715
117 123 0.00786223
103 111 0.00757827
103 103 0.39816589
1 6 0.00517252
1 2 0.00580168
1 3 0.00091342
1 1 0.97852081
29 30 0.08814855
29 33 0.00176932
29 27 0.00102927
29 29 0.35893963
8 9 0.00886586
8 13 0.00426476
8 7 0.00056225
8 8 0.47677432
138 137 0.00075847
138 138 0.57786066
138 144 0.02311481
138 139 0.00240112
79 78 0.00069807
79 81 0.02088534
79 79 0.39545411
4 4 0.56221828
4 6 0.00053399
4 3 0.00545383
4 9 0.00947273
4 5 0.01910416
57 59 0.09206274
57 58 0.19732132
57 57 0.61910671
57 60 0.00137761
64 65 0.00145169
64 64 0.54664083
64 67 0.00188599
41 43 0.01452005
41 40 0.00214493
41 41 0.42197946
41 42 0.10186869
13 13 0.60291255
13 14 0.03068839
55 56 0.00098822
55 55 0.43757906
55 57 0.00273152
3 3 0.57867307
3 5 0.00070827
3 2 0.00801253
3 4 0.01101018
3 8 0.00881019
111 111 0.72564618
111 112 0.00152767
50 52 0.00362396
50 50 0.46702292
26 30 0.00314256
26 26 0.48629671
26 24 0.00240635
26 27 0.02860988
121 127 0.00202502
121 120 0.00211194
121 122 0.00207907
121 128 0.00152854
121 121 0.53940588
62 62 0.45278440
62 63 0.02180021
30 31 0.08937938
30 32 0.00423490
30 30 0.34943930
30 28 0.00061916
44 45 0.01222442
44 43 0.00113941
44 46 0.02691671
44 44 0.31049662
96 96 0.74357511
96 97 0.00125285
80 80 0.35355426
80 82 0.00292409
80 81 0.00279100
77 78 0.02642870
77 76 0.00580336
77 79 0.01759887
77 77 0.24981091
125 131 0.02158622
125 132 0.01511911
125 125 0.60481730
17 17 0.54232449
17 18 0.08649730
17 19 0.00060652
104 104 0.75010955
104 112 0.00725655
104 111 0.00504347
104 103 0.00076829
65 66 0.00366907
65 68 0.01926030
65 67 0.00070924
65 65 0.43763224
5 6 0.03191717
5 4 0.00177503
5 10 0.00974338
5 5 0.63550132
53 53 0.45055623
53 55 0.02177158
76 78 0.01541069
76 76 0.28687839
76 75 0.01315816
76 77 0.04023068
99 99 0.75363366
99 100 0.00070170
52 52 0.38451196
52 54 0.00179117
52 53 0.00199509
139 139 0.70820016
139 140 0.00235170
139 145 0.02212126
139 138 0.00082563
72 73 0.05154772
72 75 0.01262217
72 74 0.01425293
72 72 0.43343751
74 75 0.13433972
74 73 0.00091360
74 76 0.01800110
74 74 0.34339876
54 54 0.43301427
54 56 0.00154388
67 67 0.50712804
67 69 0.04099639
67 68 0.25287595
124 123 0.00058663
124 124 0.54220379
124 130 0.01439058
124 131 0.01911011
15 16 0.00620100
15 15 0.62159460
73 74 0.04557678
73 73 0.62771718
73 75 0.04238731
63 64 0.00179749
63 65 0.00198845
63 66 0.00080228
63 63 0.38351797
143 142 0.00075180
143 143 0.54597883
143 149 0.00099181
116 117 0.00095243
116 116 0.61587000
116 123 0.00383499
131 137 0.04639126
131 131 0.67765334
51 51 0.54181981
51 53 0.00143647
19 19 0.65154230
19 20 0.07672583
91 95 0.00442239
91 91 0.69360443
91 93 0.00085983
91 96 0.00054910
46 46 0.36215897
46 48 0.00989447
46 47 0.00561068
34 34 0.65716028
34 36 0.00137003
34 35 0.10837884
18 18 0.64382008
18 19 0.08361420
18 20 0.00064665
27 27 0.64591504
27 31 0.00310886
27 25 0.00207619
27 28 0.05232368
134 134 0.67080362
134 140 0.02010868
61 64 0.00094720
61 62 0.00155860
61 61 0.43276770
89 89 0.46092820
89 93 0.00060877
89 91 0.00257444
28 32 0.00241628
28 26 0.00073752
28 29 0.09848494
28 28 0.33568785
97 101 0.00087084
97 105 0.00543575
97 98 0.00151244
97 99 0.00345247
97 102 0.00330641
97 97 0.67616688
109 110 0.00109616
109 109 0.46462619
119 126 0.00162553
119 120 0.00191195
119 119 0.57744612
119 118 0.00110061
21 21 0.51008618
21 27 0.00228885
21 22 0.07280253
43 44 0.00206138
43 45 0.00383926
43 43 0.24078060
31 31 0.65531588
31 33 0.00170716
31 32 0.12080736
31 29 0.00051897
31 34 0.00137113
66 67 0.00387911
66 68 0.03678588
66 66 0.46186911
123 130 0.02451478
123 122 0.00104807
123 123 0.60887066
123 129 0.00815653
22 22 0.72908750
22 28 0.00700284
22 23 0.07759518
145 144 0.00055678
145 149 0.00098916
145 145 0.64725219
114 114 0.71201349
114 115 0.00075218
42 43 0.10076200
42 44 0.02771636
42 42 0.19743797
122 129 0.02459637
122 123 0.00134848
122 121 0.00181803
122 122 0.69703954
128 128 0.66037284
128 134 0.00813199
150 150 0.78355890
88 90 0.00739762
88 92 0.01463073
88 91 0.00051829
88 88 0.39957402
147 147 0.85971390
24 30 0.00175953
24 25 0.07862260
24 24 0.65032102
86 87 0.00086155
86 88 0.00110757
86 86 0.40946827
86 90 0.00099289
58 59 0.21811267
58 58 0.65256273
58 61 0.00082276
58 60 0.06264051
47 48 0.00170040
47 47 0.46546791
47 49 0.13550064
120 127 0.02623304
120 119 0.00065064
120 126 0.01038220
120 120 0.61549715
120 121 0.00244583
60 60 0.46158289
60 62 0.00089891
60 61 0.00285099
93 101 0.00051403
93 95 0.00091632
93 97 0.00102563
93 93 0.62990774
