121 121 0.46561303
121 128 0.00188613
121 127 0.00121195
121 120 0.00065355
121 122 0.00055250
50 49 0.01464109
50 50 0.36476046
50 48 0.07254775
26 28 0.00102707
26 29 0.00077303
26 26 0.65968667
26 25 0.02094089
26 27 0.01198653
26 30 0.00051606
30 31 0.01869273
30 30 0.34694223
30 29 0.00879677
30 34 0.00070550
62 61 0.01967376
62 63 0.00262674
62 62 0.37859310
62 59 0.01263918
62 58 0.00381916
62 60 0.00151845
96 97 0.00242326
96 94 0.00315972
96 96 0.57856866
44 46 0.00417236
44 44 0.55875516
44 42 0.01082721
44 45 0.00516045
44 43 0.00220990
80 78 0.00236830
80 80 0.32090123
80 82 0.00262390
80 81 0.00224578
125 131 0.01669252
125 132 0.01757647
125 125 0.70336895
77 79 0.00746064
77 77 0.28395293
77 76 0.00333160
77 78 0.03319638
17 17 0.42299439
17 18 0.00630273
17 16 0.00059211
104 104 0.83474008
104 112 0.00648905
104 111 0.00453066
99 98 0.00072432
99 97 0.00107061
99 99 0.60503125
99 100 0.00126744
76 77 0.01170305
76 75 0.01227701
76 74 0.00173561
76 76 0.24951405
76 78 0.01556057
5 10 0.00746292
5 5 0.77948913
5 6 0.02170041
5 4 0.00316810
53 53 0.37999321
53 51 0.00057023
53 55 0.00258766
53 52 0.00295493
65 63 0.00079027
65 67 0.00058539
65 64 0.00080631
65 65 0.35596481
52 52 0.28906118
52 51 0.01051498
52 48 0.00083820
52 49 0.00076097
52 50 0.00310434
74 75 0.03363031
74 73 0.02531568
74 71 0.00394311
74 70 0.00373867
74 76 0.00503830
74 74 0.57127864
74 72 0.00475001
72 73 0.01691741
72 72 0.63809447
72 74 0.00134968
72 71 0.02809959
72 70 0.02097840
72 69 0.00172255
139 145 0.04266256
139 143 0.00115898
139 133 0.00170478
139 140 0.00095458
139 139 0.54089153
124 130 0.01372132
124 131 0.01900604
124 124 0.61743291
67 69 0.01228474
67 67 0.62685984
67 64 0.00163299
67 65 0.00082004
67 66 0.00442786
67 68 0.01861585
54 52 0.00078275
54 54 0.29295412
143 137 0.00252487
143 143 0.44515998
143 146 0.00065341
143 148 0.00059453
143 149 0.00517293
143 147 0.00371656
63 60 0.00066948
63 61 0.00072933
63 63 0.28584835
63 59 0.00682846
63 62 0.03293234
73 71 0.00443898
73 70 0.01009141
73 76 0.00080827
73 74 0.00981187
73 72 0.02228303
73 75 0.01441272
73 73 0.63828384
15 14 0.00586823
15 16 0.00695115
15 15 0.61709181
116 123 0.01954831
116 116 0.47863702
116 117 0.00051029
51 49 0.00608155
51 50 0.01410460
51 51 0.48968967
51 48 0.02985983
131 137 0.04810410
131 131 0.71227751
46 44 0.00727931
46 48 0.00186690
46 46 0.33708823
46 45 0.00150046
46 47 0.00168085
34 36 0.00056006
34 34 0.76085930
34 33 0.01706492
34 35 0.01142443
34 32 0.00067828
18 17 0.02633530
18 19 0.00660160
18 18 0.56033909
91 89 0.00060880
91 95 0.00928071
91 91 0.59379671
91 97 0.00051889
91 96 0.00115226
91 99 0.00050884
19 17 0.00063767
19 20 0.00728766
19 19 0.54884719
19 18 0.02860872
61 61 0.29001683
61 59 0.07350508
61 57 0.00096591
61 58 0.01987004
61 60 0.02060964
134 128 0.00102545
134 134 0.62181380
134 140 0.03551586
134 139 0.00051054
27 26 0.00781851
27 31 0.00364912
27 27 0.59463038
27 30 0.00125401
27 28 0.00626080
27 29 0.00105283
89 89 0.32939956
89 87 0.00096110
89 91 0.00109492
89 93 0.00293515
119 118 0.00052871
119 119 0.47654312
119 126 0.00153198
109 116 0.00064857
109 109 0.39365569
28 27 0.01016493
28 31 0.00134955
28 30 0.00111059
28 32 0.00274188
28 28 0.62496811
28 29 0.00974395
97 96 0.00072539
97 97 0.55285269
97 105 0.01443132
97 104 0.00102505
97 98 0.00431154
21 22 0.00496260
21 20 0.01562972
21 27 0.00367164
21 19 0.00071486
21 21 0.55643962
31 34 0.00133003
31 32 0.01805886
31 30 0.02961999
31 31 0.72188824
31 33 0.00053325
43 45 0.00174368
43 43 0.22217270
43 42 0.00137167
43 41 0.00057204
145 139 0.00211994
145 149 0.00097687
145 145 0.67692349
22 23 0.00349838
22 21 0.02544198
22 20 0.00061351
22 27 0.00095740
22 22 0.79153318
114 114 0.55190010
114 108 0.00258725
114 121 0.00050987
123 117 0.00246355
123 122 0.00069433
123 130 0.02227425
123 129 0.00867770
123 123 0.69470759
66 68 0.00862960
66 63 0.00176867
66 66 0.40764362
66 65 0.00285898
66 67 0.00682515
42 42 0.28734205
42 41 0.01142188
122 122 0.64058833
122 121 0.00114590
122 128 0.00050127
122 129 0.03559868
128 134 0.00591710
128 128 0.54356259
150 150 0.66526778
88 92 0.03317085
88 90 0.01021129
88 88 0.39499737
88 91 0.00111453
147 147 0.89386578
147 141 0.00176438
24 29 0.00051990
24 23 0.01043762
24 26 0.00245502
24 25 0.00766806
24 24 0.66476234
47 49 0.01123599
47 47 0.41441441
47 45 0.04641455
47 48 0.00133807
47 44 0.00271226
47 46 0.00558208
58 56 0.04199354
58 60 0.00826956
58 55 0.00124370
58 59 0.02723766
58 57 0.07982115
58 58 0.73891181
86 90 0.00151415
86 86 0.44337982
86 88 0.00089368
86 87 0.00102366
120 121 0.00122635
120 119 0.00092154
120 120 0.64058568
120 127 0.02704250
93 97 0.00196789
93 93 0.50976519
93 101 0.00088882
60 57 0.03865614
60 58 0.05585417
60 59 0.08701599
60 60 0.36599488
135 129 0.00196505
135 135 0.50883163
135 141 0.02158133
135 140 0.00061942
137 141 0.00074614
137 131 0.00152201
137 138 0.00067330
137 137 0.48096381
137 143 0.04764962
12 13 0.01497673
12 12 0.57495202
12 11 0.00180203
12 17 0.00418215
33 33 0.48303664
33 32 0.00771745
33 36 0.00062270
33 34 0.00664753
136 130 0.00168164
136 142 0.04690599
136 136 0.58094645
132 126 0.00078882
132 132 0.73397174
132 138 0.04798735
113 113 0.56054861
113 121 0.00099466
113 120 0.01434098
113 107 0.00258127
11 16 0.00510548
11 11 0.51021589
11 17 0.00143390
11 12 0.01543790
95 95 0.84281476
95 99 0.00268264
95 96 0.00158145
106 113 0.04765661
106 107 0.00141532
106 106 0.92228735
23 23 0.62410494
23 29 0.00069023
23 28 0.00103869
23 22 0.02066779
23 24 0.00427374
78 78 0.42606780
78 80 0.00589048
78 76 0.00366870
78 77 0.00383355
78 79 0.00075651
39 40 0.00167683
39 39 0.32075517
39 38 0.00916699
39 41 0.00284604
25 27 0.00212186
25 24 0.01658220
25 25 0.54782446
25 26 0.00852980
129 129 0.54456673
129 135 0.03111309
98 106 0.01439570
98 97 0.00111765
98 99 0.00339899
98 98 0.55267251
148 142 0.00143390
148 148 0.40319266
146 148 0.00074331
146 146 0.48441597
146 140 0.00166628
112 106 0.00257616
112 119 0.01426506
112 112 0.57063947
112 111 0.00065942
127 127 0.62438210
127 133 0.04233759
127 134 0.00249753
37 38 0.00427299
37 36 0.02067656
37 37 0.37901022
37 39 0.00113872
133 127 0.00097982
133 139 0.02969386
133 133 0.61035785
110 110 0.41689646
118 125 0.00848345
118 118 0.76120566
118 117 0.00125993
118 112 0.00240861
118 119 0.00073339
40 42 0.00051791
40 41 0.00892381
40 40 0.30495143
49 48 0.00812292
49 49 0.41409149
49 47 0.04251697
49 50 0.00603387
75 73 0.00809586
75 77 0.00488740
75 75 0.54443634
75 74 0.04298695
75 72 0.00399283
75 71 0.00124411
75 76 0.00823807
35 34 0.02738273
35 36 0.00331526
35 35 0.80072420
35 33 0.00064679
140 140 0.82884592
140 146 0.03965046
140 141 0.00065438
140 139 0.00053395
140 144 0.00125877
126 132 0.03299913
126 133 0.00469758
126 126 0.67132035
126 120 0.00252037
9 8 0.00077757
9 9 0.51587323
9 10 0.02055141
14 20 0.00601428
14 15 0.00951177
14 13 0.00861001
14 14 0.56864505
14 18 0.00072414
14 19 0.00420189
38 39 0.00323054
38 40 0.00269777
38 37 0.02252191
38 38 0.32957771
144 138 0.00221570
144 150 0.00067182
144 149 0.00059173
144 148 0.00394490
144 144 0.41951590
142 147 0.00074090
142 148 0.01065342
142 146 0.00228015
142 136 0.00229794
142 142 0.54757890
20 20 0.57412438
20 19 0.02197173
20 18 0.00070762
20 21 0.00278530
149 149 0.57749962
36 38 0.00176166
36 37 0.00454530
36 36 0.43992116
36 35 0.00117279
10 10 0.82539984
10 9 0.00063761
10 11 0.01895399
10 15 0.00598966
56 53 0.00143580
56 55 0.00166894
56 54 0.00058772
56 56 0.73472950
56 58 0.00623031
56 57 0.01685529
108 108 0.47177121
108 115 0.00760740
108 116 0.00128259
85 87 0.01413495
85 85 0.69830652
85 83 0.00086611
85 86 0.00182838
85 89 0.01855082
82 84 0.01223604
82 82 0.47543019
82 86 0.00109016
82 83 0.00174048
82 81 0.00057112
83 87 0.00630394
83 84 0.00137626
83 85 0.00826853
83 83 0.47634118
90 96 0.00050054
90 94 0.01140459
90 88 0.00076424
90 90 0.62906741
90 92 0.00068766
71 69 0.00650352
71 72 0.00568943
71 71 0.62249647
71 70 0.05682443
71 73 0.00832911
71 68 0.00077943
16 16 0.87144845
16 15 0.00060822
16 22 0.00083919
16 17 0.00674040
87 87 0.63000357
87 91 0.02479652
87 89 0.01308103
69 70 0.01022599
69 71 0.00534035
69 65 0.00756817
69 67 0.04189080
69 69 0.56110820
69 68 0.01571445
69 66 0.00623045
105 105 0.92283596
105 113 0.00104857
105 112 0.04214148
105 106 0.00205147
2 1 0.00333282
2 3 0.00551813
2 2 0.88997906
2 7 0.00578834
59 60 0.01853767
59 56 0.05417779
59 58 0.08254375
59 57 0.04902613
59 59 0.74323402
59 61 0.01255540
102 102 0.44901402
102 109 0.00168419
102 97 0.00102834
102 110 0.00603534
107 107 0.27066199
107 114 0.04842506
107 108 0.00151042
130 136 0.00258201
130 130 0.47187280
100 100 0.43701457
94 98 0.00086190
94 94 0.35022569
94 102 0.01667152
141 147 0.02908447
141 141 0.57343428
141 146 0.00143032
141 145 0.00091149
141 135 0.00201709
84 85 0.00158420
84 82 0.00097444
84 86 0.01541329
84 88 0.01028538
84 84 0.86303539
101 101 0.49370505
92 92 0.75692546
92 90 0.00054562
92 97 0.00161299
92 94 0.00162514
92 96 0.03858288
92 100 0.00150684
68 68 0.41473958
68 66 0.00951158
68 70 0.00393773
68 64 0.00169989
68 65 0.00730346
68 67 0.07044988
68 69 0.00392361
115 122 0.00317848
115 115 0.82081574
81 79 0.00303579
81 82 0.00884840
81 81 0.34053002
81 83 0.00074303
6 6 0.91114596
6 11 0.00771663
6 7 0.02215050
6 5 0.00407277
32 31 0.03271982
32 33 0.01008273
32 30 0.00138237
32 32 0.66528782
32 35 0.00100526
32 34 0.00085366
7 7 0.59994329
7 6 0.00500144
7 8 0.00959270
7 12 0.00711062
45 43 0.00230114
45 45 0.48254794
45 47 0.01080611
45 44 0.00198159
45 46 0.00361090
70 68 0.00341571
70 69 0.00266093
70 71 0.00756485
70 70 0.65743466
70 72 0.00442794
48 50 0.00209227
48 45 0.01162420
48 49 0.00592221
48 47 0.01238758
48 48 0.60278307
48 46 0.00557648
1 1 0.98368423
1 6 0.00376159
1 2 0.00432586
29 28 0.01049257
29 29 0.44542316
29 33 0.00160862
29 30 0.00936632
103 110 0.00097390
103 105 0.00122910
103 111 0.04411020
103 103 0.24371911
117 117 0.61727573
117 124 0.03227588
117 116 0.00054017
79 79 0.31492649
79 77 0.00266792
79 81 0.01060906
138 138 0.47917583
138 142 0.00092248
138 132 0.00163725
138 139 0.00070369
138 144 0.03523098
8 7 0.00256121
8 8 0.52439548
8 12 0.00093637
8 9 0.01521651
8 13 0.00727180
57 57 0.74786331
57 58 0.02837556
57 59 0.00519284
57 54 0.00058519
57 55 0.00141183
57 56 0.04698861
4 4 0.76797202
4 5 0.01579859
4 9 0.00468288
4 3 0.00419805
41 40 0.00952156
41 42 0.00389767
41 41 0.37973772
13 19 0.00372975
13 18 0.00160393
13 14 0.01068885
13 13 0.43673333
13 12 0.01167900
64 63 0.00098907
64 61 0.00207645
64 64 0.49613387
111 111 0.60706443
111 105 0.00257698
3 3 0.84445607
3 5 0.00066494
3 4 0.00535543
3 2 0.00318590
3 8 0.00172706
55 55 0.36669238
55 53 0.01391129
