28 51 28 51 0.86387100
123 128 123 128 0.28950200
123 136 123 136 0.02102160
110 125 110 125 0.01006190
110 130 110 130 0.06072910
97 140 97 140 0.70957100
5 16 5 16 0.14452400
5 63 5 63 0.00268283
5 72 5 72 0.01657550
5 18 5 18 0.00102862
5 70 5 70 0.30257300
8 67 8 67 0.06917880
8 13 8 13 0.35854700
8 66 8 66 0.09085710
8 65 8 65 0.01888760
8 14 8 14 0.00909316
94 143 94 143 0.70957200
109 126 109 126 0.00581591
109 131 109 131 0.07391340
33 48 33 48 0.69362200
21 67 21 67 0.00932863
21 58 21 58 0.33014700
21 61 21 61 0.00951239
21 55 21 55 0.02037370
21 158 21 158 0.01381700
106 114 106 114 0.10045900
114 121 114 121 0.04107400
114 136 114 136 0.13662700
77 156 77 156 0.04625720
77 157 77 157 0.40103200
77 158 77 158 0.02105220
77 81 77 81 0.00947287
99 138 99 138 0.65942300
14 64 14 64 0.15716900
14 59 14 59 0.02151990
14 62 14 62 0.03082510
14 68 14 68 0.01827830
14 56 14 56 0.00087322
60 66 60 66 0.01049920
60 70 60 70 0.00336464
60 157 60 157 0.00125809
60 156 60 156 0.00057730
60 72 60 72 0.00697244
60 82 60 82 0.00151248
60 74 60 74 0.00299620
60 81 60 81 0.00194420
37 44 37 44 0.60346600
76 82 76 82 0.00606952
76 157 76 157 0.06235560
76 160 76 160 0.02357380
76 81 76 81 0.00179106
76 158 76 158 0.37245300
12 63 12 63 0.04507360
12 58 12 58 0.00060472
12 61 12 61 0.02492550
12 70 12 70 0.00311124
12 65 12 65 0.05180960
12 67 12 67 0.02934900
12 66 12 66 0.02132410
115 120 115 120 0.03914720
115 135 115 135 0.17469000
71 158 71 158 0.00255669
71 160 71 160 0.00226689
71 156 71 156 0.00063165
86 151 86 151 0.14760600
86 149 86 149 0.00626484
122 129 122 129 0.20762100
122 137 122 137 0.01477350
16 56 16 56 0.00182047
16 60 16 60 0.03163690
16 57 16 57 0.01472060
16 62 16 62 0.23757000
16 68 16 68 0.00394290
16 59 16 59 0.00759281
16 64 16 64 0.00780449
126 133 126 133 0.03275330
90 147 90 147 0.60507300
125 134 125 134 0.04717110
81 155 81 155 0.06321890
81 153 81 153 0.23209700
85 151 85 151 0.40960500
85 149 85 149 0.01890080
85 153 85 153 0.09521370
29 51 29 51 0.01441250
19 160 19 160 0.00757374
19 58 19 58 0.12245100
19 63 19 63 0.01002970
19 61 19 61 0.06107720
19 65 19 65 0.00194653
19 55 19 55 0.00715046
56 61 56 61 0.00429094
56 63 56 63 0.00596213
56 70 56 70 0.00070011
56 66 56 66 0.00178226
56 82 56 82 0.00198374
56 67 56 67 0.00139472
10 64 10 64 0.05702070
10 68 10 68 0.02506240
10 69 10 69 0.00810608
10 60 10 60 0.00084410
4 73 4 73 0.01438890
4 64 4 64 0.00331941
4 71 4 71 0.36196500
4 17 4 17 0.13431200
24 55 24 55 0.65226700
91 146 91 146 0.70957200
9 69 9 69 0.00689735
9 68 9 68 0.01121900
9 64 9 64 0.00947167
3 72 3 72 0.62249200
3 79 3 79 0.00056665
3 18 3 18 0.15425300
3 65 3 65 0.00360580
112 123 112 123 0.01758420
80 158 80 158 0.02586060
80 154 80 154 0.44617800
80 157 80 157 0.00510729
80 156 80 156 0.05895740
35 46 35 46 0.70543200
25 54 25 54 0.60468000
93 144 93 144 0.60507200
95 142 95 142 0.70957200
27 52 27 52 0.60506900
73 81 73 81 0.00050413
73 158 73 158 0.00338982
73 156 73 156 0.00258272
73 160 73 160 0.07785880
73 154 73 154 0.00062509
23 55 23 55 0.03148310
23 58 23 58 0.02517580
23 156 23 156 0.00623853
23 65 23 65 0.00986294
118 132 118 132 0.23104800
107 113 107 113 0.08578210
107 133 107 133 0.11483400
57 66 57 66 0.00201600
57 65 57 65 0.00412368
57 160 57 160 0.00242755
57 72 57 72 0.00291686
57 81 57 81 0.00156584
57 74 57 74 0.00226748
79 159 79 159 0.03388660
79 155 79 155 0.42931300
119 131 119 131 0.18266800
119 126 119 126 0.01254270
31 48 31 48 0.02247930
78 83 78 83 0.00182694
78 157 78 157 0.02053660
78 160 78 160 0.03692930
78 156 78 156 0.46346300
78 158 78 158 0.02221640
75 83 75 83 0.00211041
75 79 75 79 0.00759744
75 160 75 160 0.05903700
75 154 75 154 0.00221349
75 82 75 82 0.00133456
75 158 75 158 0.13444700
98 139 98 139 0.70681400
1 20 1 20 0.05018550
1 154 1 154 0.00091748
1 74 1 74 0.37282700
153 158 153 158 0.00079783
38 43 38 43 0.70264300
62 70 62 70 0.01495720
62 67 62 67 0.03744970
62 156 62 156 0.00080557
62 72 62 72 0.00506350
62 79 62 79 0.00394669
62 74 62 74 0.00186921
59 70 59 70 0.00565580
59 158 59 158 0.00214647
59 83 59 83 0.00096780
59 79 59 79 0.00213602
59 63 59 63 0.01446400
59 72 59 72 0.00426583
59 82 59 82 0.00147685
59 67 59 67 0.00538051
59 74 59 74 0.00116630
82 153 82 153 0.04697750
82 155 82 155 0.01661510
82 151 82 151 0.01198550
69 158 69 158 0.00082963
69 74 69 74 0.00297382
69 160 69 160 0.00396428
87 150 87 150 0.60688900
111 124 111 124 0.01662250
92 145 92 145 0.66670200
58 71 58 71 0.00447508
58 68 58 68 0.00248030
58 64 58 64 0.00929573
58 73 58 73 0.00325590
58 84 58 84 0.00056228
58 159 58 159 0.00231183
58 75 58 75 0.00093187
58 80 58 80 0.00171594
26 53 26 53 0.60497300
7 14 7 14 0.29258000
7 16 7 16 0.00154359
7 61 7 61 0.00095684
7 70 7 70 0.01520940
7 67 7 67 0.14690900
7 66 7 66 0.01709300
120 130 120 130 0.19316800
74 155 74 155 0.00283562
74 159 74 159 0.16134100
74 84 74 84 0.00055490
74 80 74 80 0.00198980
74 153 74 153 0.00051570
84 152 84 152 0.40852100
84 154 84 154 0.10657800
84 150 84 150 0.03478220
34 47 34 47 0.70957300
63 69 63 69 0.02301590
63 73 63 73 0.00200911
63 78 63 78 0.00350483
63 75 63 75 0.00830874
63 71 63 71 0.00529278
88 149 88 149 0.68632000
124 135 124 135 0.03219930
20 60 20 60 0.05461990
20 57 20 57 0.12781200
20 56 20 56 0.04663120
20 62 20 62 0.00934559
20 68 20 68 0.00706155
20 59 20 59 0.25341100
20 64 20 64 0.00159163
20 159 20 159 0.01366480
70 159 70 159 0.00368742
18 56 18 56 0.01308800
18 60 18 60 0.24451300
18 57 18 57 0.00964910
18 62 18 62 0.02952650
18 59 18 59 0.07869340
18 64 18 64 0.00802641
22 157 22 157 0.00752669
22 66 22 66 0.00852986
6 68 6 68 0.13593200
6 62 6 62 0.00284966
6 69 6 69 0.39559700
6 17 6 17 0.00346237
6 71 6 71 0.05743820
6 15 6 15 0.30144500
68 74 68 74 0.02320820
68 72 68 72 0.00732684
101 136 101 136 0.22285500
101 138 101 138 0.02629550
108 132 108 132 0.12000600
108 112 108 112 0.15045700
108 127 108 127 0.00609766
96 141 96 141 0.60507300
72 155 72 155 0.00052406
72 159 72 159 0.00288333
2 19 2 19 0.09151000
2 73 2 73 0.43667500
105 115 105 115 0.07231500
54 65 54 65 0.00050322
89 148 89 148 0.70957300
32 49 32 49 0.47696600
66 77 66 77 0.00322892
66 76 66 76 0.01075010
66 78 66 78 0.00056949
66 75 66 75 0.00144744
65 77 65 77 0.00730132
65 78 65 78 0.00216090
65 73 65 73 0.01370680
65 76 65 76 0.00109589
65 71 65 71 0.00653005
102 135 102 135 0.18270700
102 138 102 138 0.02768640
30 49 30 49 0.19337100
113 129 113 129 0.04102460
113 137 113 137 0.09377050
55 64 55 64 0.00247511
64 72 64 72 0.00312889
64 79 64 79 0.00105549
64 70 64 70 0.00717258
64 74 64 74 0.01069130
13 57 13 57 0.00065225
13 60 13 60 0.02380010
13 64 13 64 0.03402400
13 62 13 62 0.02748340
13 69 13 69 0.00446864
67 159 67 159 0.00115547
67 73 67 73 0.00369538
67 76 67 76 0.00420134
67 77 67 77 0.00072908
67 71 67 71 0.03545150
67 75 67 75 0.01695410
11 62 11 62 0.02833350
11 68 11 68 0.03148200
11 64 11 64 0.05444140
11 59 11 59 0.00068056
11 71 11 71 0.00142924
17 61 17 61 0.28859400
17 63 17 63 0.01497380
17 58 17 58 0.01016310
17 65 17 65 0.01588430
17 67 17 67 0.00325232
17 55 17 55 0.00125663
83 155 83 155 0.08690200
83 151 83 151 0.05682170
83 153 83 153 0.27165600
61 71 61 71 0.01208740
61 68 61 68 0.01709940
61 73 61 73 0.00420426
61 75 61 75 0.00225320
61 80 61 80 0.00314597
61 77 61 77 0.00255608
61 69 61 69 0.00574531
61 78 61 78 0.00063893
15 65 15 65 0.00751116
15 67 15 67 0.02841290
15 63 15 63 0.20555000
15 58 15 58 0.01815580
15 61 15 61 0.03794630
