128 118 0.17757900
128 120 0.01753560
128 121 0.09727800
128 119 0.05857920
128 122 0.00897581
128 125 0.03660970
84 78 0.00734623
84 77 0.00797351
84 79 0.00062033
84 80 0.77763600
84 81 0.06813750
139 127 0.12558700
139 130 0.00637511
139 128 0.20174300
139 131 0.00389754
139 129 0.00921662
50 49 0.05940050
50 48 0.75626600
50 50 0.00838549
96 89 0.00980160
96 90 0.00385129
96 94 0.04942220
96 92 0.00254309
96 93 0.22651900
7 4 0.00067244
7 7 0.59773600
7 8 0.23511700
7 5 0.00451835
7 6 0.00124569
52 51 0.09547730
52 50 0.74405300
52 52 0.00663880
52 49 0.00104829
136 126 0.26636300
136 125 0.00727424
136 128 0.00092667
136 131 0.03139350
136 129 0.09269920
136 124 0.05070280
136 130 0.00096722
136 127 0.00064826
93 87 0.00306365
93 88 0.00292931
93 91 0.00100463
93 89 0.08462220
93 90 0.06439910
93 86 0.03239670
15 15 0.61300600
15 17 0.00116987
15 14 0.02287840
15 10 0.02411320
15 16 0.24622900
40 38 0.01675810
40 40 0.00610858
40 39 0.03372600
130 126 0.00091795
130 124 0.00175511
130 121 0.00320420
130 122 0.00182405
130 123 0.02000300
130 127 0.20608900
130 120 0.52235900
109 101 0.01548920
109 107 0.00084246
109 100 0.01519350
109 104 0.00141439
109 106 0.14583400
109 103 0.01871140
109 102 0.37453600
100 94 0.14317100
100 97 0.01040470
100 93 0.00614052
100 98 0.00780028
140 130 0.01517100
140 129 0.09500450
140 131 0.00690929
140 128 0.39771500
2 2 0.67062300
2 3 0.01501950
2 1 0.00218481
82 78 0.81540800
82 77 0.00078693
82 79 0.03078680
82 80 0.03675930
141 130 0.05335700
141 129 0.07253180
141 131 0.01143550
141 128 0.00107120
31 30 0.09275540
121 118 0.01359450
121 115 0.00176417
121 113 0.01338590
121 114 0.00857422
79 75 0.19560200
79 76 0.03633570
79 77 0.00071503
58 56 0.53667300
58 55 0.01965600
58 57 0.00241217
64 62 0.12343200
64 63 0.00225661
64 60 0.00125853
64 61 0.19574100
12 11 0.00377801
12 13 0.19300300
12 14 0.00180613
12 12 0.01415580
59 57 0.51897700
59 58 0.00432021
59 56 0.02172400
57 54 0.00451254
57 56 0.10356100
57 55 0.71334300
57 57 0.00307478
56 55 0.10528600
56 54 0.53994900
56 56 0.00686405
56 53 0.00300539
116 109 0.02044810
116 108 0.22803900
116 113 0.04146220
116 112 0.00084350
116 110 0.01143300
116 107 0.00109083
17 15 0.00051515
17 12 0.00054445
17 17 0.61055600
17 18 0.24865700
17 16 0.01183440
86 83 0.22201200
86 82 0.61782600
86 81 0.00552695
86 79 0.05697220
35 34 0.93812400
33 32 0.93801500
127 119 0.02034790
127 121 0.01034650
127 117 0.09861230
127 120 0.08967920
127 118 0.00906549
127 124 0.16857800
20 19 0.01859270
20 17 0.00291897
20 18 0.00077929
20 21 0.01817350
20 15 0.02492970
20 20 0.51158600
21 18 0.00123350
21 16 0.02265950
21 19 0.00058604
21 20 0.02328900
21 22 0.07285860
21 21 0.37438400
37 37 0.00076542
37 36 0.93635300
37 35 0.00050961
46 45 0.03700600
46 44 0.83560000
46 46 0.01516610
62 61 0.09609980
62 60 0.46694500
62 59 0.01663840
108 99 0.01335130
108 101 0.37629600
108 102 0.09351370
108 106 0.00921147
108 100 0.01291340
108 105 0.24367600
76 74 0.00208060
76 73 0.09485800
76 72 0.25105800
26 25 0.78699100
26 26 0.01827340
26 21 0.01421320
26 24 0.00125714
26 27 0.00407502
101 97 0.00227384
101 94 0.46146500
101 98 0.15997100
101 95 0.09154980
101 99 0.11755500
132 123 0.00077831
132 127 0.00101697
132 120 0.00161590
132 122 0.53649100
132 129 0.17481200
132 128 0.00189567
132 125 0.01455480
132 126 0.00295099
14 15 0.08346400
14 13 0.01580380
14 16 0.00214249
14 14 0.01597360
10 8 0.00207895
10 7 0.00108147
10 12 0.00184899
10 10 0.57095300
10 11 0.12428200
10 9 0.00481216
23 21 0.00055492
23 22 0.07154320
23 24 0.06998060
23 23 0.49453600
23 18 0.00201424
90 85 0.00814794
90 86 0.30241100
90 84 0.00071128
90 87 0.11982100
90 83 0.07877430
114 106 0.39542700
114 105 0.00467753
114 113 0.00064245
114 108 0.01313970
114 111 0.23048300
114 107 0.00226825
114 110 0.00139159
81 77 0.71000900
81 78 0.05523900
81 79 0.03744350
19 18 0.01247160
19 16 0.00252432
19 19 0.29915400
19 17 0.00066559
19 20 0.23985300
107 104 0.16544300
107 100 0.37935100
107 105 0.03068320
107 99 0.00336502
107 98 0.01213420
107 101 0.16410200
78 75 0.01278180
78 74 0.15834700
78 76 0.00121214
134 131 0.04993850
134 124 0.48148200
134 129 0.00680476
134 128 0.00421232
134 130 0.00485866
134 122 0.01136040
134 123 0.00213511
134 127 0.11362500
34 33 0.93808500
68 64 0.07270290
68 66 0.16405600
68 67 0.00758270
68 65 0.01159670
25 23 0.00129511
25 24 0.42567600
25 22 0.00106000
25 20 0.00077694
25 25 0.06438000
25 26 0.00609013
41 41 0.00758873
41 40 0.03433190
41 39 0.06610440
55 53 0.54115400
55 52 0.00189856
55 55 0.00665874
55 54 0.10433900
5 6 0.01019920
5 3 0.00866422
5 2 0.00057917
5 5 0.20063600
1 3 0.00054721
1 2 0.03120500
1 1 0.49992100
45 44 0.03787650
45 43 0.82753200
45 45 0.01445010
24 22 0.00065591
24 24 0.35118300
24 25 0.03821770
24 21 0.00077170
24 19 0.01627990
24 23 0.05469920
119 113 0.00116006
119 111 0.01781570
119 112 0.01625580
119 116 0.01036660
119 110 0.00095598
36 35 0.93789100
72 69 0.02481180
72 70 0.00485713
72 68 0.07569940
51 49 0.74842300
51 48 0.00108725
51 50 0.09045300
51 51 0.00755358
4 1 0.00070645
4 5 0.04751590
4 4 0.47366000
4 2 0.00875566
61 60 0.08750510
61 59 0.39124000
61 58 0.02238930
67 64 0.53602400
67 66 0.00613780
67 67 0.00050307
67 65 0.00813357
67 63 0.00420156
80 77 0.15638400
80 76 0.06306390
135 125 0.03454770
135 124 0.01166480
135 129 0.00099580
135 131 0.00344896
135 128 0.10098700
135 130 0.02395320
135 123 0.02322290
135 127 0.00077589
13 14 0.17729100
13 8 0.00062505
13 12 0.01107370
13 13 0.01357440
13 15 0.00200175
9 10 0.24251200
9 4 0.00052371
9 7 0.00067972
9 8 0.00201655
9 9 0.45032400
9 11 0.00092019
9 6 0.00081614
73 69 0.43473300
73 71 0.02892100
73 70 0.37038000
75 73 0.00078384
75 72 0.07729430
75 71 0.28734500
112 103 0.01200670
112 106 0.02271960
112 104 0.06266640
112 109 0.11383800
112 105 0.20265900
112 108 0.00091550
65 63 0.01247120
65 62 0.13216800
65 64 0.03531010
65 61 0.00080992
85 79 0.00167305
85 80 0.00110972
85 81 0.63868500
85 82 0.20646300
85 78 0.02569980
97 94 0.22036900
97 90 0.00971229
97 95 0.01237620
97 93 0.00157843
97 91 0.00307178
11 12 0.20373700
11 10 0.00720086
11 13 0.00185601
11 11 0.08177150
28 27 0.15859700
28 23 0.00342057
28 28 0.00303345
28 29 0.00065564
92 89 0.23816200
92 86 0.00116454
92 85 0.00449613
92 87 0.00163382
92 88 0.00353818
111 103 0.03957450
111 102 0.01526150
111 105 0.10684300
111 108 0.31008100
111 104 0.34063300
111 106 0.00134425
126 118 0.21201500
126 120 0.00919957
126 123 0.01414560
126 117 0.02570290
126 119 0.00230450
126 116 0.00628618
113 110 0.11199200
113 107 0.01233600
113 105 0.22018200
113 109 0.00086985
113 106 0.06150400
113 104 0.00827866
39 39 0.00380123
39 37 0.00917679
39 38 0.91803900
99 93 0.03352630
99 92 0.00764689
99 97 0.07525470
99 96 0.00732141
122 119 0.15654800
122 115 0.00648763
122 114 0.01245750
98 92 0.06311460
98 95 0.08605900
98 91 0.13858000
98 96 0.04207000
98 94 0.00059953
70 69 0.00199182
70 68 0.00929191
70 67 0.23936200
70 66 0.06121120
87 80 0.06106820
87 84 0.00504502
87 83 0.57641400
102 95 0.06877100
102 99 0.10794200
102 98 0.00266712
102 100 0.00878201
102 96 0.02631160
103 96 0.04603560
103 97 0.10696700
103 100 0.15409500
103 101 0.01646370
103 99 0.00151175
104 98 0.16854700
104 101 0.09938770
104 102 0.12496400
104 97 0.40768600
104 100 0.00094504
142 130 0.43928300
142 131 0.22594800
142 129 0.00109344
105 103 0.00174535
105 102 0.09692190
105 96 0.00125921
105 97 0.00130913
105 99 0.12574600
105 98 0.40940300
138 126 0.06367900
138 128 0.02893840
138 131 0.02532630
138 129 0.00200221
138 130 0.00289625
138 127 0.10577700
49 47 0.78500500
49 48 0.04315110
49 49 0.01125730
43 43 0.00991547
43 42 0.04680770
43 41 0.05840340
117 111 0.01046890
117 108 0.00335116
117 114 0.27368000
117 109 0.54039900
117 110 0.01098430
69 67 0.01786290
69 65 0.00453133
69 66 0.04221710
69 68 0.00617538
48 48 0.01387840
48 46 0.76979000
48 47 0.03987660
66 62 0.00077392
66 63 0.18847200
66 65 0.00698617
66 64 0.25786600
106 103 0.07020970
106 102 0.00062630
106 100 0.16474400
106 97 0.01057360
106 104 0.04352810
106 99 0.26089500
106 98 0.00162957
89 84 0.00291589
89 86 0.00232188
89 85 0.00713299
89 82 0.00248806
89 83 0.00069642
77 75 0.00095509
77 74 0.19948500
77 73 0.21995300
53 53 0.00592128
53 49 0.00165443
53 52 0.10234300
53 50 0.00069983
53 51 0.59074800
143 130 0.00056900
143 131 0.62765000
115 107 0.02433700
115 109 0.01340790
115 106 0.00156649
115 108 0.00825347
115 111 0.00087230
115 112 0.04711930
94 90 0.01634980
94 89 0.01476390
94 88 0.00883623
94 92 0.01473880
94 87 0.03999100
94 91 0.23316200
47 46 0.03824760
47 45 0.62983000
47 47 0.01514090
16 11 0.00054016
16 15 0.04901290
16 18 0.00058627
16 16 0.03187710
16 17 0.05542010
124 116 0.10791300
124 117 0.02986870
124 115 0.00055111
124 121 0.26305700
125 116 0.00519719
125 118 0.00411876
125 120 0.00052156
125 117 0.42002700
125 122 0.07555640
125 119 0.00239481
118 109 0.01398830
118 112 0.01188030
118 111 0.00161028
118 115 0.02807250
118 110 0.56614400
32 31 0.92836800
44 43 0.04488590
44 44 0.01053170
44 42 0.06788660
83 80 0.04547890
83 79 0.79165600
83 81 0.03246500
83 77 0.00266656
83 78 0.00122837
54 53 0.11053300
54 52 0.73388200
54 50 0.00162649
54 54 0.00645864
54 51 0.00084822
131 125 0.00090932
131 128 0.20268400
131 124 0.04802050
131 122 0.00135033
131 121 0.49770700
131 127 0.00388262
131 123 0.00057608
74 72 0.00162021
74 70 0.50738500
74 71 0.13418600
42 41 0.08632680
42 42 0.00874437
42 40 0.18896200
6 5 0.00074623
6 7 0.01044810
6 4 0.00631401
6 6 0.65179800
6 3 0.00051713
3 2 0.00109211
3 3 0.26324800
3 1 0.00392747
3 4 0.03942670
123 115 0.01257090
123 120 0.21329700
123 116 0.00279193
95 90 0.00138526
95 89 0.11990400
95 91 0.01307030
95 93 0.03803090
95 92 0.22746800
95 88 0.05616610
91 86 0.04597810
91 85 0.00179999
91 84 0.07885970
91 87 0.19098500
91 88 0.21665500
60 59 0.06432180
60 57 0.04147690
60 58 0.59385600
63 60 0.19703200
63 62 0.07082920
63 61 0.52396200
137 130 0.05256100
137 127 0.11874300
137 125 0.13003200
137 126 0.02020220
137 129 0.00121276
137 131 0.00274864
137 128 0.00128565
129 126 0.22371800
129 119 0.34091900
129 121 0.00384787
129 122 0.08024260
129 123 0.00736799
129 120 0.00862467
18 16 0.00071866
18 18 0.26279800
18 17 0.01315560
18 19 0.05572850
18 13 0.01487020
18 15 0.00111005
8 6 0.00090617
8 3 0.00058992
8 9 0.17630700
8 8 0.31591400
8 7 0.00108510
30 30 0.00093182
30 29 0.28030600
22 23 0.03917470
22 17 0.02258750
22 19 0.00119176
22 21 0.03303420
22 20 0.00054588
22 22 0.51762800
110 102 0.01826230
110 103 0.35559700
110 105 0.00220800
110 104 0.01560880
110 107 0.12830300
110 101 0.01570380
38 36 0.00160946
38 37 0.92596200
38 38 0.00348048
27 22 0.00530741
27 28 0.00125415
27 26 0.11505400
27 25 0.00144790
27 27 0.00829854
27 23 0.00198294
120 117 0.26759800
120 113 0.01754950
120 114 0.00422561
120 111 0.00052510
120 112 0.60041300
71 67 0.01711400
71 70 0.00051741
71 68 0.05538500
71 69 0.02267450
133 121 0.00433791
133 130 0.14082800
133 122 0.00074025
133 123 0.49705700
133 127 0.00337572
133 126 0.01092870
133 129 0.00110239
133 128 0.00500413
88 81 0.00432396
88 85 0.00236814
88 84 0.02471960
88 83 0.00265892
29 29 0.00080833
29 28 0.86721900
