33 33 0.80915055
39 39 0.76428576
17 17 0.98815797
89 89 0.89025179
15 16 0.00050719
15 15 0.97659578
73 74 0.00093003
73 72 0.39399617
73 73 0.41124657
73 71 0.00147742
104 104 0.57874899
85 84 0.00059514
85 85 0.72156020
88 88 0.74282595
127 127 0.97345259
97 97 0.70909808
49 48 0.00264597
49 49 0.78258212
79 78 0.00885781
79 79 0.87971414
79 80 0.00287877
40 40 0.79765264
83 83 0.83410873
83 84 0.00121791
83 82 0.00324840
101 101 0.80301181
112 112 0.90280209
136 136 0.91981597
133 133 0.43243215
5 5 0.47222621
100 100 0.93517643
141 141 0.34981370
110 110 0.72238924
99 99 0.82903095
81 82 0.00229965
81 80 0.00786390
81 81 0.96097670
131 131 0.88724862
118 118 0.73077938
71 69 0.00102020
71 72 0.00189381
71 70 0.30702625
71 71 0.48100243
4 4 0.61903053
108 108 0.47835557
129 129 0.97350964
60 60 0.87359571
60 59 0.01264037
32 32 0.92848354
25 25 0.83077641
130 130 0.86556766
31 30 0.00143186
31 31 0.98798527
111 111 0.98073709
65 65 0.85833244
65 66 0.00062879
65 64 0.07337358
98 98 0.79696526
76 75 0.09069648
76 76 0.84213991
76 77 0.00452474
76 74 0.00217153
62 61 0.04175942
62 62 0.75016590
62 63 0.00051809
38 38 0.79399937
54 53 0.00534384
54 54 0.48908762
46 46 0.64194453
46 45 0.00262656
46 47 0.00177340
16 16 0.98738796
113 113 0.93836378
24 24 0.76416624
121 121 0.89520676
30 30 0.98936214
30 29 0.00123421
29 29 0.88148098
66 65 0.10769462
66 66 0.50824918
66 67 0.00121853
34 34 0.76781877
96 96 0.70337363
84 84 0.61419967
84 83 0.00199354
68 67 0.26963597
68 69 0.00102347
68 68 0.51291721
69 69 0.51077835
69 68 0.15643882
69 67 0.00052002
69 70 0.00104632
144 144 0.65682290
80 79 0.00840555
80 81 0.00310272
80 80 0.78103956
7 7 0.92962585
52 51 0.00228474
52 52 0.72481700
1 1 0.65352390
124 124 0.74917387
53 52 0.00507373
53 53 0.70250004
74 72 0.00163443
74 75 0.00395261
74 73 0.38602380
74 74 0.51256805
48 48 0.75180996
48 47 0.00408774
140 140 0.54250021
120 120 0.73060029
20 20 0.96210802
56 55 0.00802125
56 56 0.91411624
102 102 0.88127783
22 22 0.86141245
122 122 0.88671103
103 103 0.79099834
13 14 0.00055608
13 13 0.65400745
47 48 0.00061910
47 47 0.47808682
47 46 0.01080460
2 2 0.34923219
11 11 0.66790745
11 9 0.00215107
117 117 0.73129672
94 94 0.76435970
143 143 0.60853327
64 64 0.67834440
64 65 0.00077008
64 63 0.01892912
51 51 0.98419229
51 50 0.00313134
137 137 0.96684224
109 109 0.71111846
37 37 0.79616151
45 45 0.96841016
45 44 0.01242242
45 46 0.00166641
14 14 0.98684179
14 15 0.00059179
19 19 0.97474173
147 147 0.99647602
147 146 0.00212547
67 67 0.40238232
67 66 0.27142319
67 68 0.00122321
70 70 0.49935325
70 71 0.00128612
70 69 0.33498602
57 56 0.00922795
57 57 0.61964294
146 146 0.86760240
35 35 0.84007189
43 42 0.00506864
43 43 0.94441832
43 44 0.00076822
59 58 0.00807651
59 59 0.89137753
116 116 0.65594161
106 106 0.71793683
119 119 0.63336719
28 28 0.89041607
93 93 0.83055796
91 91 0.75816543
44 43 0.00861926
44 45 0.00146714
44 44 0.96949715
86 86 0.79876814
115 115 0.61061736
128 128 0.97342469
107 107 0.85346511
126 126 0.85627287
9 9 0.64048232
82 82 0.80648538
82 81 0.00436254
82 83 0.00198370
55 54 0.00672517
55 55 0.64592446
42 41 0.00091212
42 42 0.97805460
95 95 0.96217523
12 12 0.72704764
12 10 0.00171578
12 13 0.00054478
105 105 0.61136592
6 6 0.64628101
123 123 0.88872639
135 135 0.64967690
23 23 0.86014447
125 125 0.84297200
50 49 0.00194768
50 50 0.74881339
3 3 0.78799888
92 92 0.84532591
114 114 0.47519095
58 57 0.01841072
58 58 0.62011885
41 41 0.67017873
72 73 0.00137399
72 71 0.33915168
72 70 0.00090760
72 72 0.54288134
142 142 0.77845334
8 8 0.93644480
77 77 0.90801240
77 76 0.05302139
77 75 0.00091046
77 78 0.00280603
27 28 0.00053184
27 27 0.87355695
61 61 0.78929090
61 60 0.03608890
10 8 0.00193123
10 10 0.71254093
132 132 0.35335984
18 18 0.98801383
138 138 0.89231565
36 36 0.66560210
145 145 0.57131263
63 64 0.00065808
63 63 0.57130416
63 62 0.05203446
78 78 0.84250100
78 79 0.00254900
78 77 0.01288302
139 139 0.52874084
134 134 0.43636540
75 74 0.34068938
75 73 0.00209431
75 76 0.00435643
75 75 0.61251412
87 87 0.59344959
87 88 0.00107528
21 21 0.95789303
90 90 0.67160201
26 26 0.83131516
