86 91 86 91 0.33606300
86 127 86 127 0.07962350
91 100 91 100 0.05070740
30 39 30 39 0.70680900
110 116 110 116 0.03158070
110 117 110 117 0.68715600
135 142 135 142 0.01316950
135 143 135 143 0.04274130
135 145 135 145 0.16362700
135 147 135 147 0.02761520
135 151 135 151 0.01998220
16 51 16 51 0.02930840
16 50 16 50 0.02651930
16 54 16 54 0.47775400
18 47 18 47 0.02980500
125 131 125 131 0.00113143
125 137 125 137 0.00064943
132 146 132 146 0.04212340
132 150 132 150 0.03961070
132 145 132 145 0.03236770
132 142 132 142 0.00625054
132 138 132 138 0.01127290
84 129 84 129 0.07733190
84 93 84 93 0.40708800
87 126 87 126 0.04445490
6 159 6 159 0.01340570
6 67 6 67 0.04755360
6 66 6 66 0.08722650
6 65 6 65 0.25465800
6 64 6 64 0.13313500
13 58 13 58 0.70957300
8 63 8 63 0.60506900
101 133 101 133 0.01573650
101 129 101 129 0.35042700
101 124 101 124 0.01914100
92 99 92 99 0.04199320
92 102 92 102 0.02561190
130 137 130 137 0.00414809
130 152 130 152 0.00436600
130 144 130 144 0.00208088
76 149 76 149 0.02868060
76 154 76 154 0.59331600
32 36 32 36 0.02400440
32 37 32 37 0.52865700
32 38 32 38 0.00880066
24 45 24 45 0.45502900
100 130 100 130 0.40314400
100 125 100 125 0.01284360
100 134 100 134 0.02871580
100 127 100 127 0.02657450
27 42 27 42 0.60507300
103 126 103 126 0.64163600
93 101 93 101 0.03015860
15 56 15 56 0.60507300
26 43 26 43 0.70957300
106 121 106 121 0.70957300
31 38 31 38 0.85930300
31 37 31 37 0.01082180
74 143 74 143 0.00064862
74 151 74 151 0.00694536
74 156 74 156 0.59411800
90 101 90 101 0.04464210
12 59 12 59 0.70957200
80 148 80 148 0.01041640
80 151 80 151 0.01039460
80 136 80 136 0.00489503
80 134 80 134 0.02493410
80 97 80 97 0.55935100
80 133 80 133 0.12495000
80 150 80 150 0.01447300
80 87 80 87 0.00445091
131 136 131 136 0.01248430
131 143 131 143 0.00308764
131 146 131 146 0.01601680
131 151 131 151 0.02090900
131 147 131 147 0.01723650
78 135 78 135 0.05939990
78 152 78 152 0.46771700
78 139 78 139 0.01106320
78 89 78 89 0.00241864
95 99 95 99 0.08767620
143 152 143 152 0.02307290
144 150 144 150 0.03150870
144 151 144 151 0.07691750
108 119 108 119 0.60507200
23 49 23 49 0.10532700
23 45 23 45 0.29942200
99 131 99 131 0.33821500
99 128 99 128 0.01282300
99 126 99 126 0.00645246
99 135 99 135 0.03521100
21 50 21 50 0.01528090
21 44 21 44 0.00339405
21 47 21 47 0.41561200
21 51 21 51 0.17489700
153 160 153 160 0.00064952
71 156 71 156 0.01084750
71 159 71 159 0.49710300
70 160 70 160 0.35912200
70 157 70 157 0.01371400
9 62 9 62 0.60507100
29 40 29 40 0.66670300
19 54 19 54 0.02062450
19 50 19 50 0.13572100
19 51 19 51 0.10746100
19 46 19 46 0.01936320
66 71 66 71 0.01987760
66 74 66 74 0.00275776
127 137 127 137 0.00085881
127 135 127 135 0.00505203
127 152 127 152 0.00233655
127 139 127 139 0.00140539
65 72 65 72 0.00581690
65 71 65 71 0.01245050
65 74 65 74 0.00207845
77 90 77 90 0.00090405
77 136 77 136 0.02217510
77 140 77 140 0.00559210
77 153 77 153 0.45769900
77 148 77 148 0.03511710
64 75 64 75 0.00078540
107 120 107 120 0.60507300
11 60 11 60 0.70957100
17 49 17 49 0.01842810
17 48 17 48 0.03340940
17 55 17 55 0.02410950
17 53 17 53 0.36812400
17 52 17 52 0.06868700
1 71 1 71 0.03772550
28 41 28 41 0.70957300
14 57 14 57 0.60507300
20 53 20 53 0.00935902
20 52 20 52 0.21115400
20 45 20 45 0.00601845
20 49 20 49 0.02835140
20 48 20 48 0.29393700
104 124 104 124 0.05681990
104 125 104 125 0.12452200
104 127 104 127 0.00683882
104 123 104 123 0.55091300
83 130 83 130 0.11167300
83 94 83 94 0.48571200
145 152 145 152 0.01342280
109 118 109 118 0.60507100
75 150 75 150 0.01404890
75 142 75 142 0.00175886
75 155 75 155 0.60253200
2 69 2 69 0.09998610
2 70 2 70 0.07438700
82 95 82 95 0.46514700
82 131 82 131 0.13015400
137 145 137 145 0.04538550
137 143 137 143 0.26259100
137 146 137 146 0.02332930
137 151 137 151 0.01486040
88 125 88 125 0.05168710
10 61 10 61 0.66670300
129 139 129 139 0.00083532
68 160 68 160 0.02192940
105 122 105 122 0.60405000
105 126 105 126 0.00169116
5 160 5 160 0.03528290
81 132 81 132 0.15041900
81 86 81 86 0.01306480
81 135 81 135 0.00313790
81 96 81 96 0.44189000
102 132 102 132 0.00991480
102 128 102 128 0.45166000
72 158 72 158 0.54087200
72 155 72 155 0.00924772
89 124 89 124 0.03186410
89 102 89 102 0.04324100
25 44 25 44 0.70441900
94 100 94 100 0.05988880
139 148 139 148 0.01601340
139 143 139 143 0.09483550
22 50 22 50 0.12005800
22 46 22 46 0.52727800
22 47 22 47 0.01656800
128 134 128 134 0.01212150
128 136 128 136 0.00145522
128 138 128 138 0.00203833
128 151 128 151 0.00511031
126 136 126 136 0.00121757
126 140 126 140 0.00051857
134 152 134 152 0.01142390
134 144 134 144 0.05082590
33 37 33 37 0.07062170
136 152 136 152 0.00977449
136 144 136 144 0.21770000
138 144 138 144 0.07742950
133 144 133 144 0.02306210
133 137 133 137 0.01730370
98 127 98 127 0.00808097
98 136 98 136 0.02368960
98 133 98 133 0.02041690
79 98 79 98 0.34832300
79 137 79 137 0.01509900
79 152 79 152 0.02162970
79 135 79 135 0.06160410
79 88 79 88 0.00464943
