90 154 90 154 0.32867613
74 79 74 79 0.00178016
74 83 74 83 0.00187967
108 116 108 116 0.02783647
135 141 135 141 0.17509652
105 121 105 121 0.60646957
5 11 5 11 0.00381753
103 123 103 123 0.36781343
76 82 76 82 0.01298710
37 54 37 54 0.39267952
37 54 39 52 0.00594592
37 54 38 53 0.00284683
37 54 36 55 0.00714255
37 54 35 56 0.01106622
22 30 22 30 0.02127117
22 67 22 67 0.26176073
42 50 42 50 0.26460744
42 50 43 49 0.00146221
42 50 39 52 0.00404541
42 50 40 51 0.00676654
3 12 3 12 0.00071414
3 7 3 7 0.13257693
3 85 3 85 0.00245117
64 71 64 71 0.01628802
129 142 129 142 0.19619211
129 136 129 136 0.00818327
43 49 43 49 0.26512680
43 49 42 50 0.00202103
43 49 44 48 0.00108738
43 49 40 51 0.00486848
102 124 102 124 0.24846988
35 56 37 54 0.00550677
35 56 34 57 0.00236721
35 56 36 55 0.00297049
35 56 35 56 0.33689568
134 142 134 142 0.02655234
110 115 110 115 0.00871638
110 116 110 116 0.27589502
91 153 91 153 0.36261473
16 73 16 73 0.06153174
16 74 16 74 0.06256160
128 137 128 137 0.00133001
128 143 128 143 0.19910922
127 138 127 138 0.00260370
133 137 133 137 0.08927538
133 143 133 143 0.02134581
100 144 100 144 0.30593460
100 125 100 125 0.01446777
100 126 100 126 0.01490179
68 75 68 75 0.00111784
106 120 106 120 0.35092027
4 85 4 85 0.00487827
4 12 4 12 0.00112686
111 115 111 115 0.31590732
109 115 109 115 0.01164693
109 116 109 116 0.02267122
95 148 95 148 0.06226500
95 149 95 149 0.23699208
29 61 29 61 0.01105929
29 62 29 62 0.21538774
131 140 131 140 0.19793671
18 74 18 74 0.00567313
18 73 18 73 0.03626971
8 85 8 85 0.01656599
8 12 8 12 0.00161238
8 76 8 76 0.00187895
77 81 77 81 0.02401715
98 146 98 146 0.35056356
10 83 10 83 0.03264047
10 80 10 80 0.17828443
10 76 10 76 0.00167279
10 79 10 79 0.01744777
10 77 10 77 0.00128610
10 18 10 18 0.11893677
10 84 10 84 0.02227950
32 59 32 59 0.27063598
27 63 27 63 0.04887658
15 68 15 68 0.00945163
15 74 15 74 0.11722528
15 78 15 78 0.00383217
15 73 15 73 0.00233970
23 66 23 66 0.31951979
65 70 65 70 0.03032135
33 58 33 58 0.38297828
85 159 85 159 0.00319537
85 160 85 160 0.20777823
11 16 11 16 0.00104739
11 76 11 76 0.00152959
11 17 11 17 0.00814137
11 83 11 83 0.01811973
11 75 11 75 0.00261624
11 72 11 72 0.00830910
11 77 11 77 0.00366759
11 79 11 79 0.23484372
2 11 2 11 0.00098600
2 13 2 13 0.00056272
2 8 2 8 0.12382586
2 82 2 82 0.01176366
89 156 89 156 0.37961775
14 76 14 76 0.11389766
14 79 14 79 0.00350100
14 75 14 75 0.10558647
14 18 14 18 0.00551870
14 69 14 69 0.05134297
21 68 21 68 0.22525533
71 76 71 76 0.00341003
101 124 101 124 0.01556012
31 61 31 61 0.03435017
86 159 86 159 0.34433097
36 55 35 56 0.00465561
36 55 36 55 0.36130128
36 55 38 53 0.00588150
36 55 34 57 0.00953875
36 55 37 54 0.00445698
87 158 87 158 0.35137696
63 72 63 72 0.02800438
17 73 17 73 0.07593141
17 74 17 74 0.01107375
12 82 12 82 0.00829770
12 81 12 81 0.00892857
12 74 12 74 0.00228389
12 78 12 78 0.30318307
12 71 12 71 0.01042939
12 20 12 20 0.00078875
92 152 92 152 0.36637095
73 80 73 80 0.00096771
73 84 73 84 0.04171099
93 151 93 151 0.49661839
130 141 130 141 0.35990651
7 78 7 78 0.00051306
7 13 7 13 0.00098579
7 81 7 81 0.00345017
7 82 7 82 0.01779883
6 78 6 78 0.00076424
6 10 6 10 0.00634777
19 33 19 33 0.01963857
19 73 19 73 0.01578736
84 160 84 160 0.01532814
9 77 9 77 0.00131444
9 79 9 79 0.00173691
9 84 9 84 0.07102233
9 19 9 19 0.00624397
9 80 9 80 0.02556757
9 83 9 83 0.01216133
9 75 9 75 0.00309878
9 85 9 85 0.01008803
99 145 99 145 0.26063061
40 51 38 53 0.01243150
40 51 40 51 0.25513298
40 51 39 52 0.00673004
40 51 42 50 0.00410459
40 51 43 49 0.00290161
28 61 28 61 0.00547867
28 62 28 62 0.05450909
39 52 39 52 0.36809560
39 52 42 50 0.00241248
39 52 37 54 0.01149953
39 52 40 51 0.00408872
39 52 38 53 0.00637831
30 61 30 61 0.23988509
30 62 30 62 0.01075374
69 74 69 74 0.01922540
25 64 25 64 0.26192617
13 77 13 77 0.21459500
13 76 13 76 0.04048738
13 80 13 80 0.00649342
13 75 13 75 0.00386823
13 70 13 70 0.02059913
13 19 13 19 0.00233354
1 7 1 7 0.01216840
1 12 1 12 0.00062349
1 85 1 85 0.00559070
38 53 38 53 0.30161843
38 53 36 55 0.01139801
38 53 40 51 0.00650744
38 53 37 54 0.00450727
38 53 39 52 0.00370824
34 57 36 55 0.00421071
34 57 35 56 0.00104073
34 57 34 57 0.30767190
104 122 104 122 0.37586808
97 147 97 147 0.31225890
107 119 107 119 0.38759501
94 150 94 150 0.31009057
94 149 94 149 0.02747920
44 48 43 49 0.00102074
44 48 42 50 0.00070213
44 48 44 48 0.23954355
24 65 24 65 0.31951991
62 73 62 73 0.08887514
72 81 72 81 0.00057656
88 157 88 157 0.28009153
26 63 26 63 0.20138167
20 32 20 32 0.00980044
