20 62 20 62 0.00080786
20 137 20 137 0.00101497
20 32 20 32 0.05929952
88 101 88 101 0.00361453
88 94 88 94 0.13894264
88 95 88 95 0.00834273
116 122 116 122 0.02286970
116 125 116 125 0.19875065
94 103 94 103 0.00148312
94 134 94 134 0.00052402
62 71 62 71 0.00717264
62 73 62 73 0.28692172
104 122 104 123 0.00905713
79 105 79 105 0.03274757
107 119 107 119 0.08211719
34 45 34 45 0.16569333
38 100 38 100 0.00813093
114 127 114 127 0.21421966
114 124 114 124 0.00198305
1 154 1 154 0.00662799
1 157 1 157 0.08133988
81 102 81 102 0.06476133
13 107 13 107 0.02733540
13 144 13 144 0.06863033
151 159 151 159 0.00820900
151 156 151 156 0.00849377
149 154 149 154 0.01837790
146 157 146 157 0.00099484
148 155 148 155 0.01005167
121 128 121 128 0.00060583
122 127 122 127 0.00187197
39 99 39 99 0.00563000
19 31 19 31 0.11806812
19 138 19 138 0.00255088
19 63 19 63 0.00067663
19 33 19 33 0.06634021
118 124 118 124 0.02747363
6 155 6 155 0.01312591
6 156 6 156 0.00722483
6 110 6 110 0.00373110
6 150 6 150 0.19296252
9 147 9 147 0.25290873
9 106 9 106 0.00112496
9 107 9 107 0.00193453
130 157 130 157 0.00096998
82 101 82 101 0.06148367
93 104 93 104 0.00172606
7 149 7 149 0.17485400
7 109 7 109 0.00471027
7 155 7 155 0.00646957
136 140 136 140 0.15521900
113 125 113 125 0.00087234
113 128 113 128 0.14694245
113 129 113 129 0.03996954
112 129 112 129 0.20645083
112 126 112 126 0.00124198
112 117 112 117 0.00086926
112 130 112 130 0.04676253
147 156 147 156 0.00378928
56 80 56 80 0.01954528
63 70 63 70 0.00883111
63 72 63 72 0.25268932
87 95 87 95 0.13888500
87 102 87 102 0.00611847
83 100 83 100 0.08601200
17 33 17 33 0.12475733
17 138 17 138 0.00093535
101 134 101 134 0.00358825
36 102 36 102 0.01049413
36 43 36 43 0.07516733
59 77 59 77 0.13746759
59 76 59 76 0.01618752
86 103 86 103 0.00972473
89 94 89 94 0.01873987
2 156 2 156 0.05793745
2 155 2 155 0.05853092
2 8 2 8 0.01243927
14 106 14 106 0.02731583
14 143 14 143 0.02715830
11 145 11 145 0.15622560
11 151 11 151 0.00052478
11 104 11 104 0.00489503
11 144 11 144 0.03621261
85 96 85 96 0.11313700
21 27 21 27 0.03188374
21 26 21 26 0.02303412
21 61 21 61 0.00101665
21 136 21 136 0.00098597
132 138 132 138 0.00197513
132 138 129 137 0.00093700
132 155 132 155 0.00223705
65 70 65 70 0.27094798
65 72 65 72 0.00267387
78 106 78 106 0.02768227
152 158 152 158 0.00831879
15 105 15 105 0.03210893
23 27 23 27 0.06118177
23 132 23 132 0.00166459
10 152 10 152 0.00099637
10 105 10 105 0.00238647
10 146 10 146 0.31303433
77 109 77 109 0.00332127
8 154 8 154 0.00314285
8 148 8 148 0.19056472
96 101 96 101 0.02700793
117 121 117 121 0.10753184
131 156 131 156 0.00164007
131 139 129 137 0.00159346
18 32 18 32 0.08593929
18 34 18 34 0.02480023
61 74 61 74 0.17668644
95 133 95 133 0.00158455
4 157 4 157 0.02990802
4 154 4 154 0.04468398
4 112 4 112 0.00085958
111 131 111 131 0.13330323
111 127 111 127 0.00116621
106 130 106 130 0.00841365
106 120 106 120 0.13024018
109 115 109 115 0.00164590
109 132 109 132 0.06225720
115 126 115 126 0.28968349
150 160 150 160 0.00270760
100 127 100 127 0.00234201
58 78 58 78 0.21771985
133 154 133 154 0.00110443
133 143 133 143 0.16222774
80 103 80 103 0.07801333
110 131 110 131 0.04484130
110 132 110 132 0.09298762
134 142 134 142 0.18266157
35 103 35 103 0.02019277
35 44 35 44 0.09984333
102 133 102 133 0.00704439
102 125 102 125 0.00432626
64 71 64 71 0.21279640
64 73 64 73 0.00221938
37 42 37 42 0.07698333
37 101 37 101 0.00714113
103 132 103 132 0.01162376
103 123 103 124 0.01258703
103 123 103 121 0.00063259
103 124 103 124 0.00084330
76 110 76 110 0.00138381
5 111 5 111 0.00277221
5 156 5 156 0.03916975
5 152 5 152 0.05899682
135 153 135 153 0.00051589
135 141 135 141 0.44651580
105 121 105 121 0.27741703
105 131 105 131 0.01207789
3 154 3 154 0.04956067
3 7 3 7 0.01443557
22 29 22 29 0.06284307
22 133 22 133 0.00145838
22 134 22 134 0.00067924
108 116 108 116 0.00667809
