14 54 16 63 0.00814990
14 54 22 59 0.00063802
14 54 22 60 0.00798590
14 54 19 62 0.05016075
14 54 8 48 0.05856273
14 54 18 62 0.00316305
14 54 20 62 0.00053058
14 54 20 61 0.00174994
14 54 17 62 0.17271552
14 54 21 60 0.00054829
14 56 20 61 0.00052381
14 56 21 60 0.00073742
14 56 22 59 0.00507220
14 56 22 60 0.00410813
14 56 16 65 0.01995280
14 56 8 50 0.00416048
14 56 19 62 0.00059329
14 55 16 64 0.00207948
14 55 22 60 0.00056444
14 53 22 60 0.00393417
12 55 19 62 0.00055490
12 55 20 61 0.00490063
12 55 20 62 0.00181578
12 55 18 62 0.00068594
12 55 17 62 0.00216455
12 58 14 67 0.03095403
12 58 19 62 0.00065381
12 58 15 66 0.24889681
12 58 16 65 0.00133129
12 58 20 61 0.00381993
12 58 17 62 0.00070530
12 58 6 52 0.02149808
12 56 17 62 0.00054437
74 81 78 85 0.00244848
9 58 17 62 0.00455567
9 58 14 67 0.00054608
9 58 16 65 0.00051201
9 58 16 63 0.00053217
9 58 16 64 0.00053912
9 62 10 71 0.00071624
9 62 11 70 0.00209941
9 61 16 64 0.00069827
9 61 4 55 0.00271268
9 61 12 69 0.24932882
9 61 14 67 0.00207970
9 61 13 68 0.00155604
9 61 11 70 0.01887777
9 61 15 66 0.00132769
9 61 17 62 0.01958013
65 97 63 100 0.00436420
65 97 66 97 0.04362567
65 97 67 95 0.00051832
65 97 65 97 0.00058121
109 133 109 133 0.02748477
109 133 112 133 0.00318498
109 133 112 134 0.00073614
109 118 117 124 0.00103370
78 86 77 86 0.05032867
78 86 78 85 0.00577700
113 118 107 115 0.00226200
113 129 116 131 0.01110343
113 129 113 130 0.00097974
113 136 113 136 0.06789300
113 136 110 136 0.00068026
124 136 116 131 0.00093714
124 136 131 136 0.00312773
124 136 121 134 0.14659722
124 136 130 137 0.01886518
124 136 117 130 0.01097440
124 136 119 136 0.00240095
124 136 120 135 0.00065568
71 90 72 90 0.10243047
71 90 70 92 0.00377240
71 90 73 89 0.00276331
17 51 23 60 0.01352649
17 51 23 59 0.00367776
17 51 23 58 0.00117198
17 51 24 59 0.19300509
17 51 11 45 0.10196592
17 51 22 59 0.05613462
17 51 22 60 0.00066729
17 51 25 58 0.05341167
17 51 21 60 0.01445567
120 130 117 130 0.00061595
120 130 123 132 0.01702380
120 140 113 136 0.00750900
10 60 13 68 0.16728932
10 60 18 62 0.00082853
10 60 18 61 0.02082147
10 60 16 63 0.00071086
10 60 16 65 0.00135353
10 60 15 66 0.00172240
10 60 12 69 0.02102253
10 60 14 67 0.00160818
10 57 17 62 0.00063377
10 57 18 61 0.00579543
10 57 18 62 0.00109414
10 57 16 63 0.00078630
13 57 19 62 0.00136278
13 57 15 66 0.02094140
13 57 7 51 0.03246018
13 57 16 65 0.24076504
13 57 21 60 0.00393417
13 57 20 61 0.00092446
7 60 15 66 0.00082072
7 64 8 72 0.01846037
7 64 9 72 0.02248480
7 64 10 71 0.00080363
7 64 13 68 0.00060393
24 44 30 53 0.01555718
24 44 16 35 0.00075465
24 44 31 52 0.15371153
24 41 31 49 0.10834633
24 41 30 50 0.01243850
24 41 32 48 0.05905833
11 59 19 62 0.00458340
11 59 15 66 0.00160863
11 59 16 63 0.00094072
11 59 16 65 0.00237829
11 59 14 67 0.24561205
11 59 17 62 0.00063474
11 59 5 53 0.01738976
11 59 13 68 0.03141257
11 56 17 62 0.00108255
11 56 19 62 0.00560830
11 56 16 63 0.00214727
8 63 11 70 0.00059500
8 63 16 64 0.00692657
8 63 10 71 0.00819747
8 63 2 57 0.00101022
8 59 13 68 0.00055149
8 59 16 65 0.00115578
8 59 16 63 0.00293743
8 62 16 64 0.00058939
8 62 16 63 0.02124870
8 62 11 70 0.19542228
8 62 12 69 0.00121054
8 62 14 67 0.00104934
8 62 3 56 0.00145061
8 62 13 68 0.00209833
8 62 10 71 0.02829930
110 132 113 132 0.01180977
110 132 110 132 0.02846183
110 117 117 124 0.00189456
31 38 24 31 0.00919931
31 38 23 32 0.00109243
31 38 38 45 0.00090428
31 38 37 46 0.00058413
31 35 40 44 0.00142830
31 35 38 42 0.02290128
31 35 37 44 0.00629977
20 48 26 57 0.02712357
20 48 28 54 0.00069306
20 47 27 55 0.22509237
20 47 28 54 0.01814863
70 91 72 90 0.00552273
70 91 71 91 0.05018100
70 91 68 94 0.00486693
69 93 67 96 0.00078308
69 92 70 92 0.05712293
69 92 67 95 0.00365840
69 92 71 91 0.00461950
69 92 68 94 0.00097879
129 134 131 136 0.00143567
129 135 131 136 0.00169451
121 139 128 139 0.00118487
121 139 114 135 0.00721143
121 129 124 131 0.02754137
126 132 126 132 0.03660300
19 48 27 55 0.05529800
19 49 13 43 0.02617398
19 49 26 57 0.25578193
19 49 27 55 0.00134220
19 49 25 58 0.02196332
19 49 23 58 0.00612171
123 137 116 131 0.01353144
123 137 116 133 0.00054756
123 137 115 132 0.00053163
123 137 130 137 0.00410993
123 137 119 136 0.00050962
123 137 120 135 0.18072000
22 46 28 54 0.00060677
22 46 29 54 0.23087767
22 46 14 37 0.00069161
22 46 30 53 0.05804800
112 119 106 116 0.00118644
112 137 112 137 0.06922467
26 39 34 46 0.04977700
26 39 32 48 0.02497033
26 39 33 47 0.22113900
63 99 61 102 0.00377927
63 99 64 98 0.00103719
68 94 66 97 0.00232392
68 94 67 96 0.00083252
68 94 70 92 0.00059324
79 84 79 84 0.00798940
79 85 79 84 0.00535907
79 85 78 85 0.10257267
23 45 29 54 0.02675362
23 45 31 52 0.05918533
23 45 15 36 0.00317894
23 45 30 53 0.26004063
106 114 100 111 0.01995900
106 114 105 111 0.00083501
119 125 119 124 0.00188683
119 133 122 133 0.14115000
119 131 122 133 0.01658600
119 141 112 137 0.00197968
114 128 114 128 0.06920300
114 128 117 130 0.01743720
80 84 79 84 0.09886200
18 50 26 57 0.05750900
18 50 25 58 0.22363182
18 50 22 59 0.00749337
18 50 12 44 0.04252126
18 50 24 58 0.00200488
18 50 24 59 0.01601934
18 50 23 58 0.02815147
105 115 99 109 0.00110000
105 115 99 112 0.00683146
105 115 104 112 0.00082792
105 110 105 111 0.00077515
16 52 22 59 0.00228115
16 52 22 60 0.00562893
16 52 19 61 0.00061824
16 52 24 58 0.00095019
16 52 24 59 0.03468500
16 52 18 61 0.01392307
16 52 20 61 0.01439501
16 52 21 60 0.08142791
16 52 23 60 0.13442771
16 52 10 46 0.03027741
102 113 106 116 0.00574597
75 84 76 84 0.00217054
29 35 37 43 0.08646267
29 37 37 44 0.01206750
29 37 36 45 0.11348341
29 39 37 46 0.00325467
29 39 22 33 0.00992535
29 39 35 48 0.00191438
29 39 36 47 0.00541490
43 49 37 43 0.00383003
104 116 98 113 0.00124039
104 111 108 114 0.00329714
104 111 104 112 0.00076987
66 96 67 95 0.00115608
66 96 67 96 0.05187567
66 96 64 98 0.00056463
66 96 68 94 0.00053534
76 87 75 87 0.02123937
103 112 107 115 0.00643527
32 37 40 44 0.00103097
32 37 24 31 0.00358819
32 37 25 30 0.03348440
32 37 38 45 0.00130864
27 40 35 48 0.01150059
122 138 119 136 0.14953432
122 138 115 132 0.00981877
122 138 128 138 0.00503975
122 138 128 139 0.00112342
30 34 38 42 0.10184100
30 36 36 45 0.00878079
30 36 37 44 0.09468690
30 36 37 43 0.01240656
34 38 40 44 0.00055318
117 135 120 135 0.03662367
118 126 121 126 0.00072059
118 134 121 134 0.16327041
107 114 102 109 0.00166988
107 114 99 109 0.00065863
107 114 100 111 0.03356988
64 98 65 97 0.00107250
64 98 65 98 0.05017367
64 98 62 101 0.00719143
64 98 64 98 0.00059449
72 89 74 89 0.00283415
72 89 71 91 0.00388080
72 89 73 89 0.09061483
72 89 70 92 0.00364763
73 88 71 91 0.00343540
73 88 75 87 0.00544677
73 88 75 88 0.00462133
73 88 72 90 0.00384917
15 54 18 62 0.00289628
15 54 20 62 0.00205944
15 54 17 62 0.00088995
15 54 23 60 0.00075245
15 54 19 62 0.00159632
15 53 9 47 0.04204359
15 53 21 60 0.00324858
15 53 17 62 0.01902833
15 53 18 61 0.07867535
15 53 20 61 0.05696554
15 53 23 60 0.02904753
15 53 23 59 0.00688553
15 53 19 61 0.00294140
15 53 19 62 0.00878058
15 55 23 58 0.00173943
15 55 23 60 0.00085023
15 55 23 59 0.00244874
77 87 77 86 0.00553217
25 40 33 47 0.05760833
25 40 31 49 0.02650440
25 40 32 48 0.09851533
28 39 22 33 0.00101883
28 39 36 47 0.00611153
28 37 34 46 0.02159367
28 37 36 45 0.13361267
28 35 36 42 0.00383180
67 95 65 98 0.00642833
67 95 67 95 0.00055728
67 95 66 97 0.00052222
67 95 68 94 0.00118375
