70 91 70 91 0.11737786
31 38 33 39 0.00131612
31 38 31 38 0.12637604
31 38 24 37 0.00067664
31 35 31 35 0.01095549
31 41 31 41 0.00296023
31 39 31 39 0.00544337
20 48 20 48 0.28868717
20 47 20 47 0.03549364
69 93 69 93 0.12849757
69 92 69 92 0.07692449
8 62 8 62 0.25607750
8 59 11 59 0.01952192
24 44 24 44 0.40715013
24 44 26 45 0.00175087
11 59 11 59 0.26349982
7 60 10 60 0.03004958
7 64 7 64 0.01552304
110 118 110 118 0.01588180
110 117 107 114 0.00151230
110 117 110 117 0.03476341
13 57 13 57 0.39610178
10 60 10 60 0.26394265
120 140 120 140 0.38086071
81 88 81 88 0.00610957
68 94 68 94 0.13298771
26 42 26 45 0.00064011
26 42 26 42 0.24458254
63 99 63 99 0.26264298
63 86 63 86 0.00109061
19 49 19 49 0.30624653
19 48 19 48 0.01931016
22 46 24 47 0.00234984
123 137 123 137 0.39651827
5 66 5 66 0.00348347
5 100 5 100 0.13793062
5 62 8 62 0.00577063
5 62 5 62 0.01397725
121 139 121 139 0.38018806
109 116 108 113 0.00052523
109 118 109 118 0.02759116
65 97 65 97 0.16083499
9 61 9 61 0.33839626
9 58 12 58 0.01557954
2 103 2 103 0.10183041
33 42 33 42 0.00634684
33 39 33 39 0.02419566
4 101 4 101 0.10011818
12 55 12 55 0.00111318
12 58 12 58 0.26045165
14 54 14 54 0.52421658
71 90 71 90 0.11617441
17 51 17 51 0.32016265
17 51 19 49 0.00240429
82 87 82 87 0.00876567
78 86 78 86 0.20806395
124 136 124 136 0.36026514
113 118 111 116 0.00062352
6 65 6 65 0.01153327
64 98 64 98 0.14673412
107 114 107 114 0.08715041
34 38 34 38 0.00673718
34 41 34 41 0.00265877
30 40 30 40 0.03751134
30 36 30 36 0.05599791
1 104 1 104 0.09791728
122 138 122 138 0.37908112
32 37 30 36 0.00088327
32 37 25 36 0.00528555
32 37 35 40 0.00346205
32 37 34 38 0.00488190
32 37 32 37 0.15298421
35 40 35 40 0.01494298
27 40 27 40 0.23244057
27 36 27 36 0.00420929
27 34 27 34 0.00433438
28 39 28 39 0.05996972
28 35 28 35 0.00242373
67 95 67 95 0.16704884
77 92 77 92 0.00807200
77 87 77 87 0.09291899
15 53 17 51 0.00329333
15 53 15 53 0.37812043
25 43 25 43 0.43913591
72 89 72 89 0.17514992
80 84 80 84 0.11110552
80 89 80 89 0.00629410
18 49 18 49 0.00369969
18 50 18 50 0.45372249
18 50 20 48 0.00134550
23 45 25 46 0.00089564
23 45 23 45 0.32507347
79 90 79 90 0.00482033
79 85 79 85 0.12612874
119 141 119 141 0.36651521
106 114 106 115 0.00072922
106 114 107 114 0.01004466
66 96 66 96 0.41172697
76 87 76 87 0.06414274
29 39 29 39 0.07615891
29 39 33 42 0.00052416
29 39 22 39 0.00109741
29 37 29 37 0.01301608
105 115 106 115 0.00208589
16 52 16 52 0.31213409
16 52 18 50 0.00311043
