98 98 0.97173100
98 100 0.00131572
98 99 0.01953240
135 135 0.94765000
52 52 0.92431600
132 133 0.00232156
132 132 0.93218700
30 28 0.00216943
30 29 0.05117750
30 30 0.94432100
30 31 0.00066226
147 148 0.03041690
147 147 0.51393200
19 18 0.23154300
19 20 0.00665170
19 19 0.75117200
87 87 0.99928800
118 120 0.00287665
118 121 0.00562983
118 118 0.53566400
118 117 0.02821460
118 119 0.29626100
16 17 0.00568390
16 16 0.83906100
16 15 0.14439600
101 101 0.45033500
101 103 0.00106144
101 105 0.00379969
101 102 0.01014080
73 73 0.40286200
39 40 0.00102469
39 39 0.99889800
103 101 0.00051244
103 103 0.68187000
103 106 0.00052319
103 102 0.00394629
103 105 0.00114222
103 104 0.01027560
103 107 0.06121700
104 103 0.00693757
104 105 0.01147450
104 106 0.00342641
104 102 0.00270046
104 108 0.10077100
104 107 0.00080671
104 104 0.58950500
108 109 0.10882100
108 110 0.05323320
108 112 0.12436400
108 108 0.47313800
108 111 0.00229624
108 106 0.01290600
108 107 0.20200000
91 91 0.39805300
67 67 0.77361400
131 132 0.01547360
131 131 0.84965800
5 5 0.99517200
124 125 0.01318880
124 127 0.09114510
124 126 0.00115363
124 124 0.51399200
28 29 0.00160161
28 27 0.15249600
28 26 0.00233880
28 28 0.84215400
110 114 0.12333500
110 111 0.14980700
110 108 0.00740519
110 112 0.05456940
110 109 0.24771200
110 110 0.38786300
110 113 0.00250144
78 78 0.99827500
129 129 0.69426400
129 131 0.00077221
129 130 0.14716200
6 5 0.00473140
6 6 0.99064900
95 95 0.29679500
69 69 0.99947100
64 64 0.39635000
146 147 0.00139998
146 146 0.77483500
20 19 0.24188400
20 21 0.00731292
20 20 0.74010100
49 49 0.98303100
42 42 0.99824800
42 43 0.00133745
4 4 0.88125400
136 136 0.94758300
155 155 0.99532200
94 94 0.39669300
37 37 0.81447700
111 112 0.17198300
111 115 0.11398200
111 111 0.36530700
111 114 0.00478464
111 113 0.02688410
111 109 0.00481721
111 110 0.27241600
55 55 0.73413900
50 50 0.98312300
117 119 0.00560773
117 120 0.12657600
117 117 0.52518500
117 118 0.29102200
117 116 0.04235400
66 66 0.23396200
126 127 0.22871100
126 128 0.00707748
126 126 0.56628300
126 129 0.01264070
27 25 0.00229392
27 27 0.74658800
27 26 0.24160700
27 28 0.00246956
116 117 0.27639200
116 118 0.01170770
116 116 0.44402600
116 120 0.00571609
116 119 0.11867200
116 115 0.13607100
138 138 0.94746700
56 56 0.51132500
105 108 0.00385861
105 105 0.69387200
105 106 0.04536350
105 104 0.04697170
105 107 0.02318440
105 109 0.11852700
105 103 0.00343922
43 44 0.00142756
43 43 0.99811200
112 116 0.06164410
112 113 0.22253100
112 110 0.00164066
112 112 0.34335200
112 115 0.01530260
112 111 0.27599900
112 114 0.02121060
12 11 0.04361130
12 13 0.00362145
12 12 0.87440800
93 93 0.29138200
154 155 0.00367764
154 154 0.95618100
63 63 0.29138200
151 151 0.81636700
151 152 0.03416320
130 130 0.76672700
130 131 0.09848810
92 92 0.39635200
77 77 0.99798000
47 47 0.99844200
47 48 0.00115232
140 140 0.94757100
21 22 0.01312980
21 21 0.66252400
21 20 0.25212200
41 41 0.99772600
41 42 0.00143578
148 148 0.88401400
148 149 0.03057870
40 41 0.00182240
40 40 0.99785000
150 151 0.03244080
150 150 0.94872600
76 76 0.99817200
48 48 0.99850100
58 58 0.99235000
133 133 0.94540200
26 26 0.65173300
26 27 0.00823759
26 25 0.30851300
26 24 0.00192418
139 139 0.94746800
35 34 0.00174027
35 35 0.85678400
74 74 0.33036100
62 62 0.39670700
144 145 0.00493646
144 144 0.96273500
90 90 0.00790892
96 97 0.00251649
96 96 0.98643400
7 7 0.98630800
7 6 0.00896391
119 120 0.02879800
119 121 0.00169317
119 118 0.00675507
119 122 0.00281752
119 119 0.50981900
114 113 0.25632000
114 117 0.09191170
114 116 0.01599940
114 118 0.01337050
114 114 0.35808500
114 112 0.00051041
114 115 0.23381500
2 2 0.81458000
57 57 0.04913330
125 126 0.27369400
125 128 0.02709060
125 125 0.51613200
125 127 0.00184583
100 100 0.04653860
100 102 0.00102066
100 104 0.00074366
100 101 0.00719562
71 71 0.99949000
45 45 0.99834000
45 46 0.00127193
1 1 0.88358400
99 101 0.00128999
99 99 0.96431600
99 100 0.00058534
70 70 0.50739600
84 84 0.76078500
149 150 0.03068070
149 149 0.95064000
120 119 0.00427719
120 122 0.00078039
120 121 0.03105300
120 123 0.12984800
120 120 0.51055100
22 23 0.01355200
22 21 0.32354800
22 22 0.65455600
152 152 0.51841400
152 153 0.03305030
23 24 0.01402570
23 23 0.64895000
23 22 0.32895800
97 98 0.00736062
97 97 0.60857400
134 134 0.94746700
59 59 0.61630400
3 3 0.84677300
46 47 0.00128430
46 46 0.99834000
89 89 0.99981800
142 143 0.00179776
142 142 0.89006800
123 126 0.05707180
123 122 0.00105364
123 123 0.47377800
123 124 0.22998300
38 38 0.88338900
13 14 0.00360048
13 12 0.12181000
13 13 0.86197100
17 18 0.00531811
17 16 0.15435800
17 17 0.82914900
11 12 0.00102650
11 10 0.03143950
11 11 0.95527600
31 30 0.03966160
31 31 0.95756500
31 29 0.00167339
31 32 0.00054319
85 85 0.25262600
145 146 0.02909910
145 145 0.64307400
82 82 0.65669100
128 130 0.00146713
128 128 0.68217000
128 129 0.18734200
107 110 0.00256230
107 109 0.04995540
107 108 0.08858980
107 105 0.01287450
107 111 0.12424300
107 106 0.15645900
107 107 0.51853500
102 103 0.01516080
102 101 0.00052395
102 104 0.00164605
102 106 0.02638260
102 105 0.00063242
102 102 0.88897200
24 25 0.01447530
24 22 0.00116159
24 24 0.64274700
24 23 0.33338900
153 154 0.01723860
153 155 0.00054114
153 153 0.65561600
51 51 0.98314900
44 45 0.00128715
44 44 0.99839700
141 141 0.91469700
137 137 0.94747500
80 80 0.13579300
36 36 0.81641400
79 79 0.99828100
60 60 0.98897200
72 72 0.55749700
127 129 0.01037620
127 127 0.64538000
127 128 0.25085600
127 130 0.00083889
53 53 0.96188400
86 86 0.24217600
88 88 0.99951400
54 54 0.72213600
75 75 0.10098600
65 65 0.39804400
9 9 0.98037300
9 8 0.01725290
121 121 0.50569800
121 120 0.00395275
121 124 0.06285990
121 122 0.33674500
25 25 0.64286900
25 26 0.01399790
25 24 0.30898200
25 23 0.00187043
14 13 0.13367500
14 14 0.86073400
14 15 0.00385236
15 14 0.13491500
15 15 0.85001200
15 16 0.00480723
83 83 0.60309600
33 31 0.00063232
33 33 0.98217500
33 32 0.01622450
29 30 0.00166916
29 29 0.93262900
29 27 0.00191193
29 28 0.06288580
143 143 0.96429800
143 144 0.00337275
109 109 0.43073700
109 110 0.12905600
109 113 0.12431600
109 111 0.05671710
109 108 0.22627900
109 112 0.00226153
109 107 0.00997068
18 17 0.16471600
18 18 0.76206600
18 19 0.00590696
34 33 0.00357214
34 34 0.99556500
32 32 0.96990900
32 31 0.02798100
32 30 0.00114654
122 122 0.50289400
122 125 0.00496374
122 123 0.03455310
122 121 0.00185662
81 81 0.48572400
10 10 0.96784900
10 11 0.00066548
10 9 0.01921700
115 117 0.01418040
115 116 0.24903400
115 118 0.11420800
115 114 0.15955400
115 115 0.44431600
115 119 0.00953278
113 113 0.34738300
113 117 0.03513770
113 116 0.06695000
113 111 0.00097913
113 114 0.23007700
113 112 0.26868700
113 115 0.01774980
8 8 0.98214100
8 7 0.01313840
106 109 0.00354760
106 110 0.12265300
106 106 0.59028200
106 105 0.10162100
106 108 0.04669750
106 107 0.06604810
106 104 0.00740031
61 61 0.29700600
68 68 0.24251900
