85 101 85 101 0.00544910
85 102 85 102 0.00942907
73 80 73 80 0.00938907
17 26 17 26 0.00117425
17 22 17 22 0.00656357
17 23 17 23 0.03644227
17 30 17 30 0.00339327
95 99 95 99 0.41910533
34 76 34 76 0.01424713
34 78 34 78 0.16709000
15 25 10 19 0.00054824
15 25 15 25 0.00936020
15 81 15 81 0.00113365
15 20 15 20 0.01880760
15 39 15 39 0.00085066
45 66 45 66 0.37638733
32 81 32 81 0.01744407
32 83 32 83 0.00081389
32 80 32 80 0.04443847
32 39 32 39 0.00289755
50 61 50 61 0.37751267
14 82 14 82 0.00084698
14 33 14 33 0.00540051
14 26 14 26 0.00577435
14 26 9 20 0.00053856
14 23 14 23 0.00272448
14 18 13 17 0.00130056
14 18 12 16 0.01740519
14 18 14 18 0.02669073
14 29 14 29 0.00068940
14 21 14 21 0.00985487
5 39 5 39 0.02306953
5 25 6 24 0.00186511
5 25 7 22 0.00078193
5 25 5 20 0.02220799
5 25 5 25 0.15046531
5 25 5 24 0.01879431
5 25 4 21 0.01815031
5 81 5 81 0.02817213
5 80 5 80 0.02018707
5 24 5 24 0.02588647
38 76 38 76 0.01873127
38 73 38 73 0.36955600
30 79 30 79 0.00237213
30 37 30 37 0.00354880
30 83 30 83 0.00893100
31 40 31 40 0.00109695
31 84 31 84 0.00098160
31 36 31 36 0.00506589
31 78 31 78 0.00344701
31 82 31 82 0.01643267
19 30 19 30 0.00360377
19 28 19 28 0.00548709
19 27 19 27 0.00173457
19 36 19 36 0.02996700
19 78 19 78 0.00325885
20 36 20 36 0.00464920
20 26 20 26 0.00282115
20 35 20 35 0.03520433
20 27 20 27 0.00697913
20 29 20 29 0.00382513
71 82 71 82 0.00096845
71 107 71 107 0.00056076
70 80 70 80 0.00078157
74 107 74 107 0.00142033
74 84 74 84 0.00118428
74 82 74 82 0.00506659
10 21 10 19 0.00158866
10 22 9 20 0.00190019
10 18 11 18 0.00895665
10 18 10 19 0.00251040
10 18 8 15 0.00192104
10 23 6 19 0.00555027
10 23 7 22 0.00784399
10 23 8 21 0.02168431
12 16 12 16 0.01440254
12 35 12 35 0.01011887
12 84 12 84 0.00101013
12 21 9 17 0.00125290
12 21 9 20 0.03854826
12 21 10 19 0.15122639
12 21 12 21 0.04600640
12 21 11 18 0.00092775
12 21 7 16 0.02556364
12 28 7 22 0.00052286
12 28 12 28 0.00484600
12 18 12 18 0.02740100
12 29 12 29 0.00144833
12 22 12 22 0.01487107
12 26 12 26 0.00099010
6 88 6 88 0.00217870
6 38 6 38 0.01026047
6 37 6 37 0.03124827
6 79 6 79 0.01048587
6 17 6 17 0.03591120
6 24 7 22 0.15726603
6 24 7 23 0.00164832
6 24 6 24 0.08339042
6 24 6 19 0.00264355
6 24 8 21 0.00100046
6 24 5 20 0.01106395
6 19 6 19 0.00892620
6 31 6 31 0.00383391
6 12 6 12 0.00377028
6 11 6 11 0.00837647
33 79 33 79 0.10459600
33 38 33 38 0.01108820
33 80 33 80 0.02105527
72 106 72 106 0.00053963
72 81 72 81 0.00271921
51 60 51 60 0.42016933
81 108 81 108 0.02498033
81 107 81 107 0.25128467
81 105 81 105 0.00752553
42 71 42 71 0.00935760
42 68 42 68 0.03535387
43 68 43 68 0.41233333
43 67 43 67 0.00969280
69 81 69 81 0.00053002
29 83 29 83 0.00399173
13 83 13 83 0.00077995
13 17 12 16 0.00106150
13 17 13 17 0.04783281
13 24 13 24 0.00184741
13 25 13 25 0.00101094
13 20 13 20 0.04903140
13 20 11 18 0.12705142
13 20 10 17 0.00146299
13 20 10 19 0.03560204
13 20 8 15 0.02724392
13 19 11 18 0.00063284
13 19 9 14 0.00077558
13 19 13 19 0.02076373
13 31 13 31 0.00051315
13 34 13 34 0.00664143
93 101 93 101 0.35919467
21 25 21 25 0.00554623
21 37 21 37 0.00237372
21 34 21 34 0.01934260
21 39 21 39 0.00083619
2 30 2 30 0.02491960
2 30 2 26 0.03513980
2 29 2 26 0.00053235
2 23 2 23 0.00767087
2 28 2 26 0.02224823
2 28 3 25 0.00097513
2 36 2 30 0.00362601
2 36 2 26 0.00262275
39 72 39 72 0.34708600
39 75 39 75 0.00708180
87 106 87 106 0.02271887
87 100 87 100 0.00503542
7 23 8 21 0.07951285
7 23 9 20 0.00081623
7 23 7 18 0.00079512
7 23 7 23 0.07969234
7 23 7 22 0.02880910
7 23 6 19 0.02038480
7 27 7 27 0.00698627
7 108 7 108 0.00204256
7 87 7 87 0.00135720
7 78 7 78 0.00850900
7 32 7 32 0.00354621
7 16 7 16 0.04625767
7 18 7 18 0.00525404
7 22 7 22 0.06017914
7 36 7 36 0.02290467
7 30 7 30 0.00286371
49 62 49 62 0.45035400
90 104 90 104 0.38700267
90 96 90 96 0.00409154
9 34 9 34 0.00734173
9 31 9 31 0.00347529
9 20 10 19 0.00656546
9 20 9 20 0.08411882
9 20 7 16 0.00111023
9 19 7 16 0.00219792
9 19 10 19 0.01299763
9 19 9 20 0.00331432
9 25 9 25 0.00630179
9 17 9 17 0.02297693
9 24 5 20 0.00127634
9 24 7 22 0.01816965
9 14 9 14 0.09299667
8 26 8 26 0.00629613
8 22 9 20 0.09001702
8 22 10 19 0.00060439
8 22 8 21 0.02261198
8 22 8 22 0.06273700
8 22 8 18 0.00060363
8 22 6 17 0.01645764
8 22 7 18 0.00556412
8 15 8 15 0.07118933
8 18 8 18 0.01760235
8 29 8 29 0.00237987
8 35 8 35 0.01780420
8 21 6 17 0.00050374
8 21 8 21 0.08224812
8 21 9 20 0.00275441
80 108 80 108 0.21447267
80 109 80 109 0.02156593
52 59 52 59 0.44428667
52 58 52 58 0.00611445
48 63 48 63 0.44839467
94 100 94 100 0.43302800
41 70 41 70 0.34968133
41 69 41 69 0.02657967
41 72 41 72 0.00391894
37 73 37 73 0.02079227
37 76 37 76 0.02847960
37 78 37 78 0.02628080
92 102 92 102 0.39416667
78 88 78 88 0.00057920
84 106 84 106 0.05412473
84 102 84 102 0.00713600
84 104 84 104 0.04533133
16 38 16 38 0.00278742
16 24 16 24 0.01884587
16 80 16 80 0.00175033
16 31 16 31 0.00311170
24 76 24 76 0.00168573
24 33 24 33 0.13987733
24 108 24 108 0.00919247
24 36 24 36 0.00732487
24 32 24 32 0.00713447
22 38 22 38 0.00352965
22 34 22 34 0.00447147
36 79 36 79 0.01006760
36 74 36 74 0.05271147
76 80 76 80 0.01770104
44 67 44 67 0.44280467
83 108 83 108 0.00466185
83 107 83 107 0.02927460
83 105 83 105 0.09412267
83 103 83 103 0.00771533
91 103 91 103 0.35067067
53 58 53 58 0.41734391
88 105 88 105 0.02373860
88 98 88 98 0.00218101
88 99 88 99 0.00342144
11 16 11 16 0.01649221
11 16 11 18 0.00105011
11 16 9 14 0.00128697
11 27 11 27 0.00103056
11 15 12 16 0.00101807
11 23 11 23 0.01325480
11 21 7 16 0.00081227
11 21 9 20 0.00122485
11 21 10 19 0.00480345
11 30 11 30 0.00183431
11 18 11 18 0.05926709
11 29 11 29 0.00490714
11 85 11 85 0.00116821
11 22 9 20 0.09510513
11 22 8 18 0.00066451
11 22 8 21 0.02388478
11 22 10 19 0.00072146
11 22 6 17 0.01738402
11 22 7 18 0.00587732
11 22 11 22 0.02840780
11 36 11 36 0.01119300
86 100 86 100 0.00338325
86 101 86 101 0.00639139
82 106 82 106 0.28385000
82 104 82 104 0.00820173
35 80 35 80 0.00272077
35 79 35 79 0.00637655
4 26 4 26 0.05975013
4 82 4 82 0.01184727
4 29 4 29 0.00771533
4 28 5 25 0.00094811
4 28 5 24 0.00095028
4 28 4 23 0.03026700
4 28 3 24 0.00343772
4 21 4 21 0.00792687
4 40 4 40 0.00521869
79 109 79 109 0.20945000
79 87 79 87 0.00090115
79 110 79 110 0.02527587
26 74 26 74 0.00163153
26 106 26 106 0.00648923
26 34 26 34 0.00883493
26 31 26 31 0.27277333
75 83 75 83 0.00122596
75 81 75 81 0.00813196
75 106 75 106 0.00061769
18 25 18 25 0.00243259
18 37 18 37 0.02124760
18 31 18 31 0.00251611
18 79 18 79 0.00209235
1 31 1 31 0.02060667
1 37 1 31 0.02202881
1 37 2 30 0.00063331
1 24 1 24 0.00412684
23 34 23 34 0.09641933
23 37 23 37 0.00839553
25 32 25 32 0.15990267
25 86 25 86 0.00069604
25 75 25 75 0.00140799
25 107 25 107 0.00741840
25 35 25 35 0.00823673
89 97 89 97 0.00307708
89 98 89 98 0.00276758
89 105 89 105 0.31448000
3 29 4 26 0.00168303
3 29 3 24 0.02640490
3 29 3 25 0.02814118
3 27 3 25 0.01889645
40 74 40 74 0.00444347
40 71 40 71 0.40119933
