147 154 147 154 0.67355100
133 159 133 159 0.00414630
133 139 133 139 0.02096490
145 156 145 156 0.56077600
18 72 18 72 0.57603100
4 159 4 159 0.00480975
138 145 138 145 0.01586530
138 150 138 150 0.00071329
138 157 138 157 0.02018400
151 157 151 157 0.00388546
28 59 28 59 0.48817400
88 96 88 96 0.54141400
137 158 137 158 0.07790980
139 149 139 149 0.00101506
139 144 139 144 0.05045570
149 153 149 153 0.02783320
149 159 149 159 0.00152806
20 70 20 70 0.68419300
10 75 10 75 0.03425790
91 103 91 103 0.00321571
42 47 42 47 0.02947680
39 49 39 49 0.69845000
33 55 33 55 0.92999300
146 155 146 155 0.56946000
136 159 136 159 0.19057300
6 157 6 157 0.00062511
6 11 6 11 0.07565160
9 76 9 76 0.02324210
9 16 9 16 0.09614180
89 95 89 95 0.09767420
13 77 13 77 0.22235000
13 76 13 76 0.06359180
2 121 2 121 0.00460312
2 79 2 79 0.00199546
2 136 2 136 0.00205390
2 133 2 133 0.76614600
2 116 2 116 0.00165241
2 124 2 124 0.00473208
12 77 12 77 0.09231620
152 156 152 156 0.00535138
135 160 135 160 0.87361000
79 122 79 122 0.16044600
143 157 143 157 0.03128200
143 159 143 159 0.05408640
35 53 35 53 0.70126100
80 121 80 121 0.16211400
23 67 23 67 0.51476900
23 66 23 66 0.16367600
121 134 121 134 0.00165635
121 128 121 129 0.00132648
14 76 14 76 0.27213500
25 62 25 62 0.23727400
141 158 141 158 0.33940400
3 132 3 132 0.90059500
5 121 5 121 0.05681920
5 158 5 158 0.00236540
40 48 40 48 0.69846000
34 54 34 54 0.59547500
150 158 150 158 0.00182135
134 158 134 158 0.00112035
134 138 134 138 0.00865606
11 74 11 74 0.03156780
31 57 31 57 0.87359200
1 134 1 134 0.29979600
1 80 1 80 0.00132135
1 141 1 141 0.01186260
1 122 1 122 0.00374611
1 125 1 125 0.00314588
1 117 1 117 0.00075444
1 137 1 137 0.00507275
27 61 26 61 0.00091332
27 61 27 60 0.00217630
92 113 92 113 0.08839130
36 52 36 52 0.59386500
98 107 98 107 0.49994200
21 68 21 68 0.00747186
21 69 21 69 0.97068900
41 47 41 47 0.67650300
126 140 126 140 0.01499180
32 56 32 56 0.70126100
97 108 97 108 0.49826900
26 62 26 61 0.00123888
26 62 26 62 0.16440200
148 153 148 153 0.62613100
8 17 8 17 0.12766800
132 141 132 141 0.00697318
120 129 120 130 0.00394200
144 157 144 157 0.56824300
93 112 93 112 0.26117200
127 139 127 139 0.00078192
142 159 142 159 0.11784000
142 157 142 157 0.04389020
19 71 19 71 0.68563300
22 68 22 68 0.63455400
22 67 22 67 0.05810490
