108 116 108 116 0.17263300
74 79 74 79 0.00328238
64 71 64 71 0.25699100
129 142 130 142 0.02023200
129 142 129 142 0.13227700
129 136 130 136 0.00142028
129 136 129 136 0.01901190
105 121 105 121 0.69281300
135 141 135 141 0.24228300
76 82 76 82 0.04350470
103 123 103 124 0.03997070
3 7 3 7 0.16539600
3 53 3 53 0.03447330
134 142 134 142 0.15583200
102 124 102 125 0.07205530
16 74 16 74 0.03937630
128 137 128 137 0.01574100
128 137 129 137 0.00101777
128 143 128 143 0.15871900
128 143 129 143 0.02300620
127 138 127 138 0.02506990
133 137 133 137 0.06623740
133 143 133 143 0.12845700
58 78 58 78 0.03193660
100 126 100 127 0.01197770
106 120 106 120 0.56251400
4 52 4 52 0.03445940
109 115 109 115 0.14677100
131 140 131 141 0.00093180
61 74 61 74 0.18632500
15 68 15 68 0.00681541
23 34 23 34 0.03549620
8 12 8 12 0.03721130
11 79 11 79 0.31558300
11 16 11 16 0.04163350
11 72 11 72 0.00427717
2 54 2 54 0.12399600
2 8 2 8 0.14592900
14 76 14 76 0.28416100
14 69 14 69 0.01959110
132 138 132 138 0.28347500
65 70 65 70 0.34115600
101 124 101 123 0.00089547
59 76 59 76 0.05058130
59 77 59 77 0.04506230
56 80 56 80 0.02140590
63 72 63 72 0.35092800
12 71 12 71 0.00448506
12 78 12 78 0.30859200
19 33 19 33 0.27023000
60 75 60 75 0.82271600
130 141 130 142 0.00082736
130 141 131 141 0.02107030
7 13 7 13 0.03051810
39 52 42 55 0.00050178
13 70 13 70 0.00778824
13 77 13 77 0.34222100
57 79 57 79 0.03016470
24 33 24 33 0.05400010
62 73 62 73 0.61052500
104 122 104 123 0.02611520
107 119 107 119 0.27405200
107 117 107 117 0.09362250
20 32 20 32 0.19354600
