11 139 11 139 0.55678000
41 81 41 81 0.07469370
41 112 41 112 0.61871200
41 79 41 79 0.03594330
42 80 42 80 0.08171440
42 111 42 111 0.39207900
42 78 42 78 0.02799590
42 89 42 89 0.00071892
29 127 29 127 0.43860300
31 124 31 124 0.19990200
141 147 141 147 0.00838271
43 78 43 78 0.18742700
43 80 43 80 0.02098200
43 88 43 88 0.00135328
81 105 81 105 0.10778100
81 104 81 104 0.05615770
81 98 81 98 0.00545151
52 70 52 70 0.69845700
148 153 148 153 0.19784100
7 141 7 141 0.12901500
7 18 7 18 0.00212385
12 138 12 138 0.54882400
40 81 40 81 0.02674380
40 114 40 114 0.07782440
40 82 40 82 0.02128090
40 112 40 112 0.02847770
78 106 78 106 0.12812700
6 142 6 142 0.35330300
145 155 145 155 0.05367200
4 147 4 147 0.11170800
4 9 4 9 0.00538950
4 144 4 144 0.54505900
8 17 8 17 0.00494830
54 68 54 68 0.67689000
90 95 90 95 0.41488200
82 104 82 104 0.15889200
36 117 36 117 0.31685600
36 119 36 119 0.14756500
86 99 86 99 0.47392600
30 125 30 125 0.55218900
30 126 30 126 0.11687600
30 123 30 123 0.00619391
30 121 30 121 0.00942686
50 72 50 72 0.87286800
58 65 58 65 0.13612000
58 64 58 64 0.33419300
35 118 35 118 0.22703700
35 120 35 120 0.15063300
76 108 76 108 0.05708340
76 81 76 81 0.01526220
53 69 53 69 0.69704700
84 95 84 95 0.00409620
39 114 39 114 0.31104600
39 82 39 82 0.03124970
39 85 39 85 0.00302378
21 129 21 129 0.05687870
147 154 147 154 0.18035400
119 124 119 124 0.02348650
79 104 79 104 0.02848020
79 105 79 105 0.10033900
79 100 79 100 0.00969708
79 107 79 107 0.06393350
47 74 48 74 0.00077662
77 107 77 107 0.12515800
27 129 27 129 0.42601900
27 124 27 124 0.01016770
80 103 80 103 0.04364040
80 99 80 99 0.00980805
80 106 80 106 0.09634230
37 93 37 93 0.00059557
37 118 37 118 0.11095800
32 124 32 124 0.33169000
57 65 57 65 0.23955000
57 66 57 66 0.18793200
19 131 19 131 0.47406400
107 114 107 114 0.00960811
38 115 38 115 0.67389900
38 92 38 92 0.00090155
38 86 38 86 0.00306397
38 117 38 117 0.15983400
38 83 38 83 0.02969760
25 126 25 126 0.02173290
25 123 25 123 0.00120466
25 130 25 130 0.02562690
140 148 140 148 0.00385970
2 149 2 149 0.30464600
2 11 2 11 0.00134908
118 124 118 124 0.04579180
33 119 33 119 0.04975640
33 123 33 123 0.16620300
33 120 33 120 0.12068400
125 131 125 131 0.00108834
120 127 120 127 0.00264968
28 123 28 123 0.00813196
28 128 28 128 0.67611000
106 115 106 115 0.00520732
56 67 56 67 0.45875800
45 108 45 108 0.21863900
48 75 48 75 0.12910100
9 16 9 16 0.00566898
9 141 9 141 0.37586200
9 154 9 154 0.00123698
75 109 75 109 0.05715560
51 71 51 71 0.69846000
5 143 5 143 0.74992500
18 132 18 132 0.43761900
139 149 139 149 0.00197868
85 94 85 94 0.00340787
85 100 85 100 0.41140300
44 79 44 79 0.01479020
44 87 44 87 0.00112929
44 109 44 109 0.12694300
44 77 44 77 0.22169400
49 73 49 73 0.59062100
89 96 89 96 0.48160100
3 145 3 145 0.19715600
3 10 3 10 0.00235999
3 148 3 148 0.19999200
83 102 83 102 0.17479800
83 96 83 96 0.00358583
83 103 83 103 0.17393300
16 23 16 23 0.01646200
16 134 16 134 0.77713900
151 156 151 156 0.03485000
17 22 17 22 0.02284120
17 133 17 133 0.54687100
24 131 24 131 0.04445620
24 124 24 124 0.00084424
88 97 88 97 0.48430900
87 98 87 98 0.36961900
26 130 26 130 0.71825800
26 122 26 122 0.00852320
26 125 26 125 0.05968830
55 67 55 67 0.34677900
22 130 22 130 0.01601540
14 136 14 136 0.55579100
14 25 14 25 0.00176960
15 24 15 24 0.00266469
15 135 15 135 0.44341100
10 15 10 15 0.01922140
10 153 10 153 0.00071722
10 140 10 140 0.44169900
