106 115 104 114 0.00134690
106 115 111 120 0.00070763
106 115 107 117 0.00269584
106 115 108 116 0.01297510
106 115 106 116 0.00104808
8 16 8 21 0.00426253
8 61 6 62 0.00069350
8 61 8 59 0.00073250
8 61 5 61 0.00205706
8 21 8 21 0.02200590
34 42 32 40 0.24330163
34 42 31 42 0.00080816
34 42 31 41 0.00085810
34 42 30 42 0.00057844
34 119 34 124 0.02584053
34 118 36 121 0.00073020
71 78 72 81 0.00100188
71 78 70 81 0.00055546
71 78 73 81 0.00234494
71 78 71 78 0.00552401
71 78 71 79 0.00085898
114 127 115 128 0.00100405
114 132 117 135 0.04214900
114 124 117 126 0.00235654
30 126 28 130 0.00083554
30 126 29 129 0.00097033
72 77 74 79 0.00360588
72 77 74 80 0.00839966
72 77 72 78 0.00084722
72 77 72 79 0.02254393
72 77 73 79 0.00130453
72 77 73 78 0.00074246
23 132 23 136 0.08729567
23 132 24 135 0.00156372
23 41 28 45 0.01252838
33 43 30 43 0.00073302
33 43 31 41 0.08619492
33 43 31 42 0.00264016
33 120 35 123 0.00072397
110 135 113 139 0.00172324
110 129 113 130 0.00318248
110 122 113 126 0.04138296
11 58 9 58 0.22434547
11 58 9 59 0.00066811
11 58 10 57 0.00069729
11 58 10 58 0.02189615
96 124 94 125 0.00372098
96 125 94 125 0.00087131
96 125 93 126 0.05003552
25 132 23 136 0.00081333
25 132 24 135 0.00124575
25 39 30 43 0.00526887
25 133 23 136 0.00816710
25 130 25 134 0.10354967
25 130 26 133 0.00156795
70 79 72 81 0.00210171
70 79 70 79 0.03564553
70 79 70 81 0.13651530
70 79 69 82 0.00302886
109 130 112 131 0.00089353
109 128 112 131 0.04978353
67 74 67 77 0.00257127
67 74 67 74 0.00711485
67 74 66 73 0.00448016
67 73 66 73 0.00069092
67 73 70 76 0.01323684
67 73 68 76 0.00075217
67 73 67 74 0.00838703
67 82 67 85 0.03913237
67 82 69 85 0.00055321
92 129 90 129 0.00104087
92 129 90 132 0.00062097
92 129 89 130 0.00569921
120 126 123 130 0.00130404
22 41 24 49 0.00051212
22 136 22 137 0.00051427
97 124 94 125 0.01619287
97 124 95 124 0.00121354
130 139 131 142 0.00106102
113 124 116 127 0.03617663
113 125 116 127 0.00113270
113 119 116 122 0.05955885
113 117 116 122 0.00435946
66 83 69 86 0.00108256
66 83 66 86 0.05987043
66 74 64 75 0.00063062
66 74 68 76 0.00060047
66 74 66 73 0.00271577
66 74 69 77 0.00390678
99 122 97 123 0.00122985
99 121 98 122 0.00117219
35 41 32 39 0.00129837
35 41 33 40 0.00407080
35 41 33 39 0.23463930
13 21 12 20 0.00051397
10 17 10 17 0.09724393
10 17 10 16 0.00058885
10 15 10 20 0.00581017
10 15 12 20 0.00070502
10 59 10 57 0.00245012
10 59 9 59 0.04568142
10 59 9 58 0.00088804
10 59 8 59 0.21707363
95 125 93 126 0.01175981
116 130 119 133 0.04211000
116 125 117 126 0.00211368
28 129 27 132 0.00099721
28 129 26 133 0.00353957
28 126 28 130 0.04135533
28 126 29 129 0.00113420
28 35 33 39 0.00669921
93 127 91 128 0.00234106
3 26 3 26 0.00064438
3 138 3 140 0.00540460
9 18 9 18 0.01111466
9 60 9 58 0.00103053
9 60 8 59 0.00059072
9 20 9 20 0.02912318
69 80 69 82 0.10436743
69 80 71 83 0.00423967
69 80 72 83 0.00070188
12 57 10 57 0.20374719
26 131 24 135 0.00156119
26 131 25 134 0.00155734
26 38 31 42 0.00455830
26 37 31 41 0.00793266
26 129 27 132 0.00129090
26 129 26 133 0.10263867
101 120 99 121 0.00109582
107 114 112 119 0.00094938
107 114 109 115 0.01893481
107 114 105 113 0.00162306
107 129 110 133 0.00752816
103 118 104 120 0.00099262
103 118 105 119 0.00286679
20 43 22 51 0.00050247
20 44 25 48 0.00360544
29 126 29 129 0.01463703
29 34 34 38 0.01113862
29 34 34 39 0.00083784
115 126 116 127 0.00188572
5 14 5 14 0.00111634
5 136 2 139 0.00201034
5 136 4 139 0.24928891
5 24 5 24 0.02772258
68 81 70 84 0.00156364
68 81 71 84 0.00055871
68 81 68 83 0.00879181
68 81 68 84 0.03611110
37 115 37 120 0.00297665
94 127 91 128 0.00534751
94 127 92 127 0.00079670
4 137 4 139 0.00533180
4 137 4 138 0.00095644
4 137 3 140 0.05767096
21 42 26 46 0.01252497
36 116 36 121 0.00927213
36 40 34 39 0.00378256
36 40 34 38 0.23137176
36 40 33 38 0.00144737
104 117 102 116 0.00095514
104 117 105 119 0.00129164
104 117 104 118 0.00052957
14 20 12 18 0.01637757
108 129 111 132 0.17090500
108 113 109 115 0.00203734
108 113 106 112 0.00119876
108 131 111 132 0.00334257
32 122 32 126 0.01208683
32 123 32 126 0.01108683
32 45 30 43 0.15210391
32 45 28 45 0.00091174
32 121 32 126 0.01811260
24 40 29 44 0.01259911
24 131 25 134 0.00157635
24 131 24 135 0.04790800
24 134 22 137 0.01479450
131 138 132 141 0.00285284
105 116 107 117 0.04430709
105 116 105 117 0.00418725
27 130 26 133 0.00160868
27 130 25 134 0.00437043
27 128 27 131 0.00290500
27 128 27 132 0.05394467
27 36 32 40 0.01221856
89 132 87 135 0.00055100
2 27 2 27 0.01231517
31 45 29 44 0.00887684
31 45 29 43 0.08382841
31 45 30 43 0.00082699
31 45 28 45 0.00103851
31 123 32 126 0.00060728
31 123 31 127 0.06120100
31 122 31 127 0.01849443
111 121 114 124 0.04048748
111 134 114 138 0.00223644
102 119 100 120 0.00068487
102 119 104 120 0.00332464
102 119 106 124 0.00052148
65 75 65 74 0.00061368
65 75 64 75 0.00059182
7 17 7 22 0.01126633
7 62 5 63 0.00126108
7 62 4 62 0.00187245
7 62 6 62 0.26737536
7 13 6 13 0.00079517
6 136 4 139 0.00497949
6 14 6 13 0.00251072
112 120 115 123 0.08783941
112 125 115 128 0.07641628
112 118 115 123 0.00339403
