12 143 12 143 0.06129150
137 151 137 151 0.26425200
137 145 137 145 0.00098003
137 146 137 146 0.00263276
130 141 130 141 0.04026770
130 137 130 137 0.29922500
129 142 129 142 0.00710980
3 150 3 150 0.11266900
3 8 3 8 0.58524300
95 123 95 123 0.95948100
29 70 29 70 0.93254900
35 65 35 64 0.01494540
35 65 34 65 0.00541678
90 128 90 128 0.73493800
100 118 100 118 0.39965700
26 73 26 73 0.66662800
143 152 143 152 0.00778872
143 154 143 154 0.02016340
7 147 7 147 0.00570671
139 148 139 148 0.49193100
139 143 139 143 0.02195540
139 149 139 149 0.14490900
33 66 33 66 0.70573000
11 144 11 144 0.01512280
16 85 16 82 0.00223676
45 55 45 55 0.66222800
145 152 145 152 0.01207730
145 150 145 150 0.01530210
145 155 145 155 0.00134008
105 112 105 112 0.52325300
141 146 141 146 0.21293800
141 148 141 148 0.07800240
141 151 141 151 0.03255680
36 64 36 63 0.04468230
36 64 35 64 0.01291250
37 62 37 62 0.85757000
37 62 37 61 0.00158911
37 63 36 63 0.01293070
37 63 37 62 0.03916480
128 139 128 139 0.01358620
132 159 132 159 0.09705380
101 117 101 117 0.66055600
4 150 4 150 0.01256820
96 122 96 122 0.53476700
89 129 89 129 0.47159000
34 65 34 65 0.83846500
24 76 24 75 0.00206909
24 78 24 75 0.00254325
8 146 8 146 0.00533281
25 74 25 74 0.60451800
104 113 104 113 0.49969100
5 149 5 149 0.02582490
102 115 102 115 0.30837100
17 84 17 81 0.00263975
32 67 32 67 0.70952600
22 77 22 76 0.00225792
22 77 21 77 0.00284699
15 86 15 83 0.00331675
19 82 19 79 0.00347995
30 69 30 69 0.66670100
40 60 40 60 0.68137200
13 88 13 88 0.27108400
13 142 13 142 0.02076950
28 71 28 71 0.70957000
136 147 136 147 0.00215617
136 152 136 152 0.17422800
136 155 136 155 0.01128500
136 141 136 141 0.00792784
92 126 92 126 0.57796800
92 125 92 125 0.05208220
41 59 41 59 0.63934400
27 72 27 72 0.70956400
135 142 135 142 0.00557618
135 153 135 153 0.22839800
135 148 135 148 0.00655350
98 120 98 120 0.85130700
97 121 97 121 0.52980400
18 83 18 80 0.00264365
91 127 91 127 0.49819100
31 68 31 68 0.70956800
1 10 1 10 0.22207800
1 8 1 8 0.01007050
1 152 1 152 0.08751020
140 147 140 147 0.18464300
140 152 140 152 0.02376580
47 53 47 53 0.60506200
14 87 14 87 0.33165200
43 56 43 56 0.06150330
43 57 43 57 0.55875700
146 154 146 154 0.00234602
142 147 142 147 0.08830220
142 150 142 150 0.04409320
142 155 142 155 0.01935380
147 153 147 153 0.00308577
2 9 2 9 0.27729200
2 151 2 151 0.08340930
2 7 2 7 0.01825230
10 145 10 145 0.00749842
144 151 144 151 0.01090570
144 148 144 148 0.18770700
144 153 144 153 0.01653380
144 149 144 149 0.00534550
46 54 46 54 0.60506700
23 79 23 76 0.00065956
23 76 23 76 0.71508300
23 76 22 76 0.00366163
21 80 21 77 0.00238119
20 81 20 78 0.00245682
38 61 37 61 0.00841717
131 136 131 136 0.24498100
131 140 131 140 0.02018480
