54 76 54 76 0.69394200
93 157 93 157 0.00406737
93 106 93 106 0.46259500
11 155 11 155 0.00209020
20 29 20 29 0.00222525
20 155 20 155 0.00069928
16 34 16 34 0.00326990
46 84 46 84 0.33756400
145 155 145 155 0.04604400
50 80 50 80 0.35560300
118 130 118 130 0.91911800
118 130 118 129 0.00204501
147 160 147 160 0.02541870
147 153 147 153 0.13642800
147 156 147 156 0.02727570
95 155 95 155 0.00148802
95 104 95 104 0.36016200
92 155 92 155 0.01142410
92 107 92 107 0.43072800
103 108 103 108 0.04944510
119 129 119 129 0.82542200
119 129 119 128 0.00423764
47 83 47 83 0.35436200
89 150 89 150 0.00096941
7 24 7 24 0.51681700
7 84 7 84 0.00112945
3 157 3 157 0.05765170
3 151 3 151 0.04787400
3 158 3 158 0.19026600
51 79 51 79 0.34823300
112 136 112 136 0.60503500
114 134 114 134 0.70956900
2 152 2 152 0.03304070
2 158 2 158 0.32328400
140 147 140 147 0.08738590
113 135 113 135 0.70956800
52 78 52 78 0.23862700
96 103 96 103 0.40568400
102 109 102 109 0.02783050
10 39 10 39 0.00427138
10 156 10 156 0.00166134
10 21 10 21 0.40509700
41 50 41 50 0.00068231
41 91 41 91 0.04027060
41 92 41 92 0.06712210
42 49 42 49 0.00289284
42 90 42 90 0.50031100
42 91 42 91 0.12840200
64 68 64 68 0.40600900
120 128 120 127 0.00302615
9 40 9 40 0.00216125
9 22 9 22 0.51950300
45 85 45 85 0.54576400
53 77 53 77 0.26756200
14 36 14 36 0.00974786
14 19 14 19 0.04603610
62 70 62 70 0.05398650
62 72 62 72 0.33953200
94 105 94 105 0.41730100
94 156 94 156 0.00186519
146 157 146 157 0.05859590
146 154 146 154 0.05045290
8 83 8 83 0.00066125
8 41 8 41 0.00258485
8 23 8 23 0.51708900
91 156 91 156 0.00880037
91 108 91 108 0.54409600
12 38 12 38 0.00891098
12 19 12 19 0.52510100
63 71 63 71 0.30686200
63 69 63 69 0.08261320
61 73 61 73 0.25985600
1 159 1 159 0.37859400
6 85 6 85 0.00360508
6 25 6 25 0.74904600
150 157 150 157 0.17834900
15 151 15 151 0.00078879
21 28 21 28 0.00156191
27 144 27 144 0.70852100
13 37 13 37 0.00324759
13 20 13 20 0.05333230
13 19 13 19 0.05977270
4 150 4 150 0.08693480
44 89 44 89 0.20416000
44 90 44 90 0.12122000
151 156 151 156 0.16777300
122 126 122 126 0.15826900
117 131 117 131 0.70811900
43 91 43 91 0.00866641
43 90 43 90 0.23686000
43 89 43 89 0.09916580
49 81 49 81 0.26279400
115 133 115 133 0.70956900
116 132 116 132 0.70956700
121 125 121 125 0.06704660
48 82 48 82 0.31598700
